52 0.299159 0.567027 0.049422 0.017044
93 0.593849 0.549820 0.060463 0.018027
113 0.398791 0.498361 0.060463 0.018682
52 0.581756 0.252376 0.046793 0.019010
52 0.862776 0.398558 0.051525 0.019010
101 0.492639 0.898722 0.055731 0.020977
102 0.393533 0.257457 0.062566 0.021960
113 0.297581 0.238938 0.058885 0.024254
67 0.406414 0.822845 0.049422 0.025893
72 0.858833 0.576860 0.054154 0.026221
56 0.587277 0.575713 0.017876 0.026549
64 0.396688 0.743691 0.026814 0.028187
98 0.393270 0.664208 0.050473 0.028515
88 0.590168 0.749426 0.029968 0.029171
91 0.860410 0.536873 0.052050 0.030154
56 0.296793 0.681908 0.014196 0.030482
56 0.390379 0.426581 0.018402 0.030482
553 0.486593 0.318420 0.066772 0.030482
88 0.395899 0.392330 0.031546 0.032121
252 0.487382 0.863487 0.048370 0.033104
88 0.486593 0.507047 0.032072 0.033432
88 0.585699 0.431170 0.057834 0.033759
88 0.300736 0.647001 0.032597 0.034087
102 0.481073 0.784989 0.069401 0.034743
62 0.299422 0.718289 0.049947 0.035070
118 0.477918 0.751393 0.023134 0.036382
120 0.395636 0.851196 0.024711 0.036709
53 0.484227 0.201245 0.023134 0.037365
2395 0.393007 0.356604 0.057308 0.037365
126 0.299422 0.441331 0.053102 0.037693
70 0.483438 0.241069 0.039432 0.038348
251 0.589380 0.470829 0.042061 0.038348
104 0.300210 0.529662 0.044164 0.038676
251 0.865142 0.431170 0.046793 0.039004
2083 0.400894 0.891019 0.067823 0.039004
680 0.298107 0.487053 0.043113 0.039331
85 0.585699 0.890036 0.023134 0.039659
2489 0.861199 0.247296 0.065195 0.039659
87 0.485804 0.714520 0.035752 0.039987
552 0.587539 0.844641 0.058360 0.040642
932 0.394848 0.579154 0.066246 0.041298
88 0.297056 0.202393 0.018927 0.041626
120 0.300210 0.759751 0.055731 0.041953
512 0.590957 0.713537 0.068349 0.041953
60 0.480547 0.275811 0.025237 0.042281
126 0.401945 0.627827 0.040484 0.042937
51 0.863828 0.290069 0.053628 0.043265
111 0.581230 0.288922 0.031020 0.043592
62 0.397739 0.466241 0.055205 0.043592
3067 0.488170 0.467552 0.068875 0.043592
1157 0.584122 0.393969 0.047319 0.043920
735 0.862250 0.202884 0.074658 0.043920
58 0.396951 0.533432 0.032597 0.044903
122 0.300473 0.608817 0.046793 0.044903
101 0.490011 0.359882 0.056782 0.045887
118 0.861725 0.361685 0.034700 0.046214
63 0.405100 0.787775 0.066772 0.046214
4311 0.587539 0.794657 0.069926 0.046214
119 0.394322 0.705998 0.031546 0.046542
126 0.488959 0.671091 0.037855 0.046870
127 0.866719 0.613733 0.065720 0.046870
119 0.586488 0.611931 0.027865 0.047198
68 0.871188 0.321698 0.022082 0.047525
958 0.579916 0.339069 0.051525 0.047525
552 0.592271 0.518027 0.062566 0.047525
2193 0.296530 0.337758 0.042061 0.048836
59 0.494742 0.416093 0.056782 0.048836
2750 0.587277 0.662406 0.073607 0.049164
2489 0.170610 0.490495 0.085699 0.049492
735 0.168770 0.432153 0.086225 0.049492
505 0.482387 0.817601 0.061514 0.050147
58 0.293638 0.281711 0.028917 0.052770
1957 0.167192 0.368568 0.077813 0.052770
2194 0.170347 0.304982 0.080967 0.055392
4252 0.580179 0.209440 0.067823 0.056375
2896 0.491062 0.559653 0.066246 0.056703
1298 0.390116 0.208456 0.053628 0.057030
3101 0.729758 0.306293 0.084122 0.059980
2191 0.297056 0.394297 0.043113 0.061619
3435 0.866193 0.487053 0.055205 0.062930
4089 0.389853 0.299082 0.066772 0.063258
270 0.486330 0.616847 0.046267 0.066863
3327 0.733438 0.403966 0.060988 0.084890
