52 0.782086 0.622766 0.040107 0.013236
101 0.690909 0.324289 0.047059 0.013236
52 0.314171 0.808405 0.036898 0.014560
92 0.783422 0.466744 0.034225 0.014891
81 0.413102 0.635672 0.031551 0.015884
152 0.122460 0.292522 0.036364 0.016545
88 0.504011 0.827267 0.042246 0.016545
92 0.871925 0.242224 0.034759 0.017207
56 0.596791 0.660986 0.019251 0.017538
56 0.691444 0.194573 0.019251 0.017869
72 0.692513 0.739576 0.029947 0.017869
28 0.122460 0.222369 0.033155 0.017869
91 0.785027 0.596625 0.038503 0.017869
56 0.598396 0.781932 0.052406 0.017869
101 0.222460 0.165453 0.051337 0.018531
88 0.874332 0.352085 0.013904 0.019193
495 0.316310 0.328590 0.047594 0.019193
76 0.601872 0.800629 0.021925 0.019523
60 0.501872 0.621277 0.024064 0.019523
126 0.876471 0.575612 0.044920 0.019523
91 0.874599 0.466413 0.034759 0.020185
91 0.222193 0.415122 0.035829 0.020185
93 0.609091 0.496195 0.057754 0.020185
101 0.684492 0.847121 0.050267 0.020516
56 0.683422 0.517538 0.052406 0.020516
88 0.502406 0.541860 0.014439 0.020847
66 0.785829 0.764229 0.015508 0.020847
117 0.692246 0.469391 0.016578 0.020847
83 0.780481 0.809232 0.029412 0.020847
91 0.781016 0.331072 0.032620 0.020847
55 0.688770 0.345301 0.042781 0.020847
118 0.604278 0.722700 0.010695 0.021178
119 0.596524 0.853077 0.016578 0.021178
93 0.515241 0.737922 0.052941 0.021178
88 0.503476 0.198213 0.043316 0.021840
495 0.686364 0.418597 0.057219 0.021840
83 0.405615 0.289709 0.025134 0.022171
110 0.412299 0.655030 0.034225 0.022171
81 0.871658 0.633355 0.035294 0.022502
81 0.318984 0.659497 0.035829 0.022502
91 0.220856 0.537723 0.037433 0.022502
110 0.315241 0.681999 0.043316 0.022502
87 0.501337 0.852250 0.027273 0.022833
138 0.122193 0.264229 0.032620 0.022833
113 0.780481 0.417108 0.050802 0.022833
88 0.406684 0.267042 0.013369 0.023163
120 0.875668 0.757445 0.020856 0.023163
91 0.781818 0.673395 0.031016 0.023163
118 0.222460 0.622932 0.012834 0.023494
88 0.313636 0.789378 0.016578 0.023494
83 0.874064 0.373428 0.030481 0.023494
91 0.596791 0.606386 0.031016 0.023494
85 0.411497 0.481800 0.014439 0.023825
56 0.506684 0.810060 0.021925 0.023825
83 0.501070 0.564196 0.027807 0.023825
126 0.415508 0.721377 0.042781 0.023825
126 0.409893 0.544672 0.043316 0.023825
1214 0.784492 0.569159 0.053476 0.023825
85 0.598930 0.221542 0.013904 0.024156
119 0.783957 0.786731 0.019251 0.024156
66 0.411230 0.454500 0.020321 0.024156
287 0.875134 0.781105 0.035829 0.024156
126 0.785027 0.735771 0.039572 0.024156
68 0.688770 0.394772 0.007487 0.024487
87 0.505348 0.265056 0.027807 0.024487
127 0.692513 0.760754 0.038503 0.024487
101 0.220856 0.647088 0.054545 0.024818
66 0.317647 0.533091 0.025668 0.025149
1083 0.503743 0.513898 0.029947 0.025149
72 0.597326 0.437790 0.041711 0.025149
115 0.874332 0.732462 0.034225 0.025480
42 0.221390 0.508107 0.017112 0.026142
72 0.412834 0.797651 0.035294 0.026142
1174 0.782620 0.835043 0.040107 0.026142
683 0.319251 0.392621 0.044920 0.026142
60 0.689840 0.493051 0.014973 0.026473
120 0.596257 0.196228 0.021390 0.026473
119 0.317380 0.228657 0.021925 0.026473
122 0.689305 0.369954 0.032086 0.026473
91 0.412834 0.874255 0.033155 0.026473
710 0.412834 0.832230 0.036364 0.026473
119 0.412032 0.197386 0.021925 0.026803
495 0.689037 0.715917 0.049733 0.026803
2752 0.780481 0.213600 0.057219 0.026803
88 0.692246 0.823296 0.013369 0.027134
119 0.506417 0.290867 0.021390 0.027134
76 0.598396 0.169424 0.024599 0.027134
164 0.121925 0.320649 0.035294 0.027134
69 0.428342 0.613170 0.036364 0.027134
68 0.228877 0.597452 0.013904 0.027465
134 0.119519 0.356221 0.025134 0.027465
86 0.891979 0.325778 0.032086 0.027465
104 0.876203 0.304269 0.042246 0.027465
105 0.324332 0.201688 0.056150 0.027465
85 0.503743 0.360026 0.016043 0.027796
117 0.317914 0.421906 0.017647 0.027796
111 0.780214 0.643283 0.025668 0.027796
111 0.871925 0.399073 0.027273 0.027796
120 0.504011 0.877565 0.027273 0.027796
126 0.694118 0.682330 0.034225 0.027796
680 0.505080 0.677862 0.032620 0.028127
91 0.120588 0.430675 0.033690 0.028127
88 0.318717 0.559729 0.048128 0.028127
252 0.221925 0.480807 0.035294 0.028458
710 0.875134 0.434811 0.041176 0.028458
119 0.321390 0.633852 0.018182 0.028789
126 0.319519 0.296989 0.031551 0.028789
83 0.595187 0.878061 0.032086 0.028789
2264 0.502406 0.236267 0.043316 0.029120
2752 0.597059 0.533091 0.057219 0.029120
91 0.410160 0.427697 0.041711 0.029451
93 0.699465 0.170913 0.048128 0.029451
119 0.783690 0.390801 0.020856 0.029782
95 0.503743 0.645930 0.042781 0.029782
117 0.783155 0.494540 0.018717 0.030113
107 0.691979 0.578590 0.021390 0.030113
197 0.118984 0.392290 0.025134 0.030113
366 0.873262 0.275480 0.045989 0.030113
897 0.780749 0.294672 0.059893 0.030113
119 0.222460 0.271013 0.018182 0.030443
70 0.503209 0.596294 0.025668 0.030443
53 0.783690 0.443911 0.018717 0.030774
111 0.877540 0.606717 0.021390 0.030774
680 0.780481 0.360523 0.030481 0.030774
87 0.222193 0.671244 0.030481 0.030774
64 0.220321 0.568332 0.033155 0.030774
710 0.411497 0.391628 0.041176 0.030774
64 0.220053 0.301787 0.030481 0.031105
87 0.409893 0.168266 0.030481 0.031436
83 0.873797 0.660490 0.013904 0.031767
2752 0.690642 0.252813 0.051872 0.031767
2346 0.409626 0.323958 0.055615 0.031767
107 0.600267 0.826439 0.024064 0.032098
121 0.317112 0.829087 0.028877 0.032098
3067 0.502406 0.436631 0.049733 0.032098
710 0.782086 0.167770 0.047594 0.032429
83 0.316043 0.709629 0.013904 0.032760
2059 0.216845 0.450199 0.054011 0.032760
69 0.700535 0.789543 0.025668 0.033091
87 0.220053 0.239246 0.030481 0.033091
1907 0.498396 0.476837 0.053476 0.033091
68 0.409893 0.358868 0.008021 0.033422
58 0.691444 0.544507 0.017112 0.033422
119 0.686898 0.220218 0.030481 0.033422
107 0.596791 0.408339 0.024599 0.033752
2987 0.320856 0.265056 0.056684 0.033752
68 0.595187 0.339676 0.010695 0.034083
252 0.504813 0.170251 0.031016 0.034083
68 0.315241 0.170913 0.039037 0.034083
51 0.597594 0.635175 0.039037 0.034083
348 0.595722 0.374090 0.055615 0.034083
4466 0.224064 0.380708 0.055615 0.034083
121 0.689840 0.440106 0.025668 0.034414
58 0.316310 0.453342 0.019786 0.035076
73 0.691979 0.601588 0.050267 0.035076
2162 0.598128 0.694408 0.064706 0.035407
119 0.227807 0.704500 0.020321 0.035738
121 0.504011 0.709795 0.026203 0.035738
2685 0.786096 0.702846 0.041711 0.035738
2885 0.692513 0.875414 0.039572 0.036069
932 0.409626 0.691430 0.050267 0.036069
3896 0.313369 0.869788 0.051337 0.036069
2593 0.875401 0.701522 0.027807 0.036400
53 0.411230 0.512078 0.022460 0.036731
4067 0.502139 0.774653 0.047059 0.037062
2429 0.412834 0.581072 0.048128 0.037062
121 0.217914 0.336036 0.033690 0.037392
1799 0.120856 0.463600 0.032086 0.037723
1855 0.595722 0.300463 0.056684 0.037723
121 0.320856 0.352581 0.031016 0.038054
58 0.783957 0.528789 0.022460 0.038385
58 0.505080 0.393117 0.031551 0.038385
1270 0.408556 0.236267 0.042781 0.038385
2428 0.315508 0.600265 0.058824 0.038385
58 0.595989 0.252978 0.019786 0.038716
121 0.595455 0.469722 0.028342 0.038716
717 0.874599 0.540867 0.045455 0.039378
71 0.604278 0.752482 0.043850 0.039709
4185 0.321925 0.753309 0.060963 0.040040
3009 0.596524 0.567836 0.052941 0.040371
914 0.321390 0.500000 0.044920 0.041032
3009 0.689840 0.289212 0.050267 0.041032
68 0.785027 0.872435 0.010695 0.041363
505 0.501872 0.325281 0.026203 0.041694
588 0.873529 0.500331 0.048663 0.041694
3009 0.780481 0.248842 0.056150 0.041694
2193 0.692246 0.647088 0.033690 0.042687
3136 0.220053 0.197386 0.036898 0.045334
717 0.413102 0.761582 0.041176 0.045334
1831 0.872995 0.210126 0.028342 0.046989
