246 0.270357 0.210568 0.029295 0.002839
246 0.853525 0.206151 0.031778 0.002839
246 0.523585 0.208044 0.035253 0.002839
246 0.439672 0.208991 0.029295 0.003470
246 0.606008 0.207729 0.033267 0.003470
246 0.195631 0.553155 0.033764 0.003470
246 0.275819 0.553785 0.035253 0.003470
246 0.689176 0.206467 0.035750 0.003470
246 0.604518 0.553155 0.041212 0.003470
246 0.764896 0.205994 0.037239 0.003785
246 0.856504 0.551420 0.037736 0.003785
246 0.360228 0.552050 0.039225 0.003785
246 0.766882 0.552997 0.041212 0.003785
246 0.359484 0.210568 0.033764 0.004101
246 0.437190 0.552839 0.034260 0.004101
246 0.198113 0.209306 0.035750 0.004101
246 0.683466 0.553155 0.038232 0.004101
246 0.522095 0.552839 0.041212 0.004101
246 0.120407 0.209937 0.038232 0.005363
91 0.527061 0.305994 0.025323 0.016404
57 0.372642 0.352524 0.034260 0.016719
101 0.281281 0.303470 0.043198 0.017666
85 0.443148 0.346530 0.029295 0.020505
120 0.280288 0.273975 0.020357 0.023028
85 0.858242 0.689432 0.026316 0.023659
251 0.521599 0.584385 0.042205 0.023659
252 0.607746 0.271924 0.047666 0.023975
66 0.772344 0.237066 0.021351 0.024290
56 0.201341 0.239905 0.045184 0.024921
52 0.198361 0.339590 0.038232 0.025552
60 0.855760 0.617666 0.018371 0.026498
66 0.361718 0.292744 0.020357 0.026498
120 0.120904 0.275710 0.023337 0.026498
60 0.442651 0.282965 0.036246 0.026498
108 0.691162 0.306151 0.013903 0.026814
122 0.122145 0.351262 0.033764 0.026814
62 0.858491 0.651893 0.035750 0.026814
81 0.773337 0.262303 0.047170 0.026814
60 0.112959 0.609306 0.020357 0.027445
78 0.443148 0.239905 0.026316 0.027445
113 0.522095 0.340221 0.044191 0.027445
110 0.196375 0.711356 0.046177 0.027760
720 0.360973 0.586593 0.039722 0.028707
124 0.363456 0.380442 0.041708 0.029022
107 0.774826 0.287855 0.027309 0.029338
53 0.444638 0.312461 0.015392 0.029968
51 0.608739 0.687539 0.035750 0.029968
1891 0.360228 0.624448 0.035253 0.031230
52 0.278302 0.329811 0.046177 0.031230
92 0.853774 0.584543 0.021351 0.031546
51 0.196624 0.655521 0.043694 0.031546
2059 0.609732 0.241640 0.049652 0.031546
56 0.119662 0.245899 0.023833 0.031861
110 0.606008 0.728549 0.042205 0.031861
110 0.362959 0.324921 0.035750 0.032808
252 0.193644 0.589274 0.045680 0.032808
4453 0.441658 0.716404 0.049156 0.032808
81 0.690914 0.241483 0.036246 0.033123
2707 0.120655 0.512776 0.039722 0.033754
72 0.193396 0.285331 0.042205 0.033754
51 0.276812 0.673186 0.038232 0.034069
3144 0.689424 0.338486 0.045184 0.034069
51 0.279047 0.244322 0.041708 0.034385
107 0.693893 0.274290 0.026316 0.035016
4453 0.523337 0.713880 0.049652 0.035331
53 0.121897 0.382808 0.016385 0.036278
76 0.194638 0.376183 0.023833 0.036278
110 0.276316 0.717981 0.036246 0.036593
3144 0.773088 0.324921 0.041708 0.036593
122 0.119911 0.563565 0.033267 0.036909
110 0.119911 0.314038 0.038232 0.037539
58 0.523088 0.378707 0.027309 0.038801
1891 0.685948 0.660095 0.033267 0.038801
1267 0.359980 0.248738 0.037736 0.040063
68 0.608242 0.592271 0.037736 0.040063
3144 0.612959 0.311041 0.048163 0.040379
53 0.441658 0.377129 0.014399 0.040694
120 0.613704 0.637382 0.045680 0.041325
3009 0.278302 0.375237 0.048163 0.041325
4722 0.360725 0.668770 0.036246 0.041640
53 0.856256 0.723028 0.017378 0.042902
3145 0.684955 0.599211 0.039225 0.043849
1138 0.686693 0.379338 0.027805 0.045110
653 0.441907 0.595110 0.041708 0.045110
4009 0.776068 0.596057 0.055611 0.045110
1138 0.771847 0.372871 0.029295 0.046688
3144 0.857498 0.248423 0.037736 0.047634
3587 0.442651 0.652839 0.044191 0.047634
4458 0.773833 0.713091 0.051142 0.048265
2429 0.362711 0.720032 0.043198 0.049527
4458 0.691907 0.716877 0.055114 0.049527
3893 0.521102 0.647950 0.053128 0.050473
3045 0.119911 0.647950 0.048163 0.051735
1138 0.848808 0.365457 0.048163 0.055205
1814 0.278798 0.600473 0.034260 0.055836
1138 0.603525 0.369243 0.040218 0.057098
98 0.525323 0.261987 0.047666 0.067192
