246 0.594199 0.621916 0.063332 0.006818
92 0.211283 0.276136 0.037254 0.016558
101 0.793241 0.289448 0.051623 0.016558
52 0.213411 0.245455 0.053220 0.016883
56 0.596860 0.522565 0.023949 0.020455
113 0.493348 0.410390 0.058542 0.021429
98 0.788717 0.631818 0.051091 0.022078
113 0.125067 0.240422 0.056413 0.023052
64 0.877594 0.308766 0.028739 0.023377
117 0.597126 0.742045 0.018095 0.023701
55 0.792177 0.736526 0.060138 0.024351
57 0.128792 0.312013 0.041511 0.025325
101 0.692123 0.352597 0.059074 0.025325
88 0.792709 0.707143 0.059074 0.025974
499 0.598191 0.323052 0.072379 0.027273
57 0.500798 0.489286 0.041511 0.027922
495 0.875466 0.742857 0.069186 0.029221
76 0.878127 0.547565 0.028739 0.029545
553 0.786056 0.195292 0.070250 0.029545
88 0.785790 0.444481 0.016498 0.029870
66 0.595530 0.550649 0.030867 0.029870
91 0.695051 0.888961 0.043640 0.029870
88 0.688132 0.316721 0.015966 0.030195
88 0.874933 0.710227 0.023417 0.030195
83 0.691591 0.375649 0.040979 0.030519
76 0.787653 0.668019 0.035125 0.031494
88 0.878127 0.884740 0.029803 0.031818
76 0.788185 0.514123 0.032996 0.032143
68 0.126929 0.201948 0.043108 0.032468
88 0.695849 0.708117 0.026078 0.033117
88 0.593933 0.593019 0.029803 0.033442
495 0.596328 0.718994 0.076104 0.033442
88 0.588079 0.399675 0.018095 0.033766
88 0.213145 0.458117 0.056945 0.033766
120 0.874135 0.579383 0.026078 0.034091
60 0.875998 0.472890 0.035125 0.034091
86 0.892762 0.841071 0.039915 0.034091
83 0.786855 0.483279 0.043108 0.034091
126 0.874667 0.620617 0.052688 0.034091
495 0.786056 0.319318 0.078765 0.034091
111 0.789250 0.771104 0.020224 0.034416
126 0.212347 0.498539 0.051091 0.034740
104 0.879989 0.821104 0.052688 0.035065
68 0.495210 0.368182 0.051623 0.035714
83 0.212879 0.647078 0.044705 0.036364
60 0.592336 0.774026 0.025546 0.037662
2677 0.877594 0.432792 0.045769 0.037662
74 0.877328 0.341071 0.030335 0.037987
251 0.212081 0.367532 0.045237 0.038312
359 0.791112 0.599351 0.067589 0.038312
53 0.122406 0.277760 0.019159 0.038636
111 0.589409 0.239286 0.019691 0.038961
122 0.209686 0.547727 0.046833 0.040909
4132 0.699840 0.466721 0.063864 0.041234
4132 0.698776 0.755844 0.062799 0.041558
2677 0.793241 0.354383 0.044172 0.041883
1723 0.213411 0.885552 0.069186 0.041883
1933 0.215008 0.417045 0.070250 0.042532
60 0.784194 0.553409 0.028206 0.043182
2222 0.594731 0.493669 0.064396 0.043182
539 0.705162 0.569805 0.062799 0.043506
717 0.697179 0.847890 0.071315 0.043831
2590 0.211283 0.206006 0.037254 0.045130
95 0.492017 0.271916 0.051623 0.045130
1551 0.219266 0.828084 0.067057 0.045130
83 0.591272 0.880682 0.024481 0.045779
119 0.591006 0.282630 0.035657 0.046429
4147 0.591538 0.445292 0.049494 0.046429
3231 0.877328 0.780032 0.058010 0.046429
81 0.592070 0.201786 0.061203 0.046429
1396 0.697179 0.415747 0.061735 0.047078
53 0.488824 0.450162 0.022885 0.048377
2193 0.794572 0.408929 0.046833 0.048377
1559 0.878925 0.509740 0.064396 0.048701
2193 0.874401 0.665584 0.041511 0.049351
58 0.492017 0.317208 0.032464 0.050649
316 0.695317 0.676623 0.082491 0.050649
126 0.792975 0.873377 0.041511 0.051299
958 0.695849 0.625000 0.047366 0.051299
63 0.886376 0.388636 0.063332 0.051299
68 0.358701 0.386688 0.065993 0.051299
958 0.696381 0.804708 0.043108 0.051623
2484 0.882118 0.205844 0.058010 0.053247
316 0.595796 0.361364 0.070782 0.053896
119 0.357637 0.451623 0.029803 0.055195
4168 0.791112 0.241721 0.071847 0.055519
3231 0.689462 0.269805 0.054816 0.055844
68 0.787919 0.815584 0.018627 0.056494
1920 0.597924 0.668669 0.058010 0.056818
68 0.213145 0.598377 0.016498 0.057143
3136 0.689196 0.208117 0.050027 0.057143
1578 0.874667 0.263961 0.050559 0.061688
3439 0.213677 0.775649 0.051623 0.061688
2438 0.698510 0.517695 0.060138 0.062662
68 0.218999 0.311526 0.021820 0.063961
2438 0.597658 0.825974 0.057477 0.064286
3459 0.215274 0.705844 0.064396 0.066883
2328 0.361362 0.316883 0.090474 0.069481
3439 0.496009 0.214935 0.055349 0.070779
3459 0.360830 0.521591 0.076637 0.078896
