128 0.213118 0.896136 0.009640 0.009595
128 0.106664 0.628760 0.012992 0.011151
120 0.710184 0.546162 0.017184 0.017635
92 0.204107 0.651063 0.035205 0.017894
91 0.800712 0.347640 0.030595 0.018932
93 0.712699 0.870073 0.040654 0.019710
861 0.702640 0.261151 0.049036 0.019710
92 0.099958 0.498574 0.038139 0.019969
52 0.505658 0.436333 0.037301 0.020488
92 0.803437 0.621758 0.035205 0.021525
91 0.104359 0.758169 0.038558 0.022044
42 0.096605 0.302516 0.012992 0.022562
83 0.405909 0.574559 0.038139 0.022562
120 0.607502 0.801608 0.016345 0.022822
88 0.806999 0.878501 0.043168 0.023081
88 0.607502 0.919217 0.046521 0.023081
85 0.706622 0.338304 0.035205 0.023600
52 0.811400 0.845565 0.048617 0.023600
92 0.605407 0.641987 0.035624 0.024118
55 0.800293 0.407287 0.038977 0.024118
83 0.210813 0.917661 0.040235 0.024118
81 0.099120 0.610348 0.040654 0.024118
83 0.104359 0.917661 0.040235 0.024637
56 0.205784 0.810166 0.045264 0.024896
120 0.209346 0.564704 0.016345 0.025156
88 0.601425 0.384984 0.043588 0.025156
1002 0.507963 0.664030 0.062028 0.025674
83 0.599539 0.411048 0.035624 0.025934
683 0.102682 0.686981 0.056999 0.025934
86 0.408424 0.717194 0.032272 0.026193
98 0.796940 0.432962 0.040654 0.026193
1415 0.205993 0.499611 0.053227 0.026193
108 0.102473 0.652619 0.018022 0.026712
91 0.307837 0.752723 0.033110 0.026712
316 0.803646 0.376167 0.049036 0.026712
111 0.408634 0.602567 0.026823 0.027230
76 0.208089 0.836229 0.027242 0.027230
88 0.401090 0.394580 0.045264 0.027230
1255 0.404233 0.431924 0.048198 0.027230
122 0.200545 0.377723 0.039816 0.027749
91 0.205155 0.627853 0.037301 0.028008
95 0.303856 0.494295 0.041911 0.028008
85 0.707251 0.441260 0.031433 0.028268
66 0.401299 0.264912 0.033110 0.028268
87 0.710184 0.609310 0.035624 0.028268
88 0.704107 0.405213 0.041911 0.028268
83 0.509849 0.916364 0.042330 0.028268
111 0.603311 0.442816 0.026404 0.028786
86 0.311190 0.382391 0.032272 0.028786
88 0.103101 0.853605 0.048617 0.028786
2489 0.707460 0.580005 0.050293 0.028786
66 0.102473 0.790456 0.029757 0.029046
72 0.303227 0.605809 0.044007 0.029046
88 0.097863 0.573522 0.025566 0.029305
117 0.204107 0.348677 0.023470 0.029824
120 0.307837 0.683221 0.033110 0.029824
107 0.605616 0.704616 0.021794 0.030083
111 0.208718 0.598807 0.025147 0.030083
66 0.304904 0.575207 0.027242 0.030083
85 0.506915 0.402230 0.028919 0.030083
83 0.097234 0.364627 0.040235 0.030083
119 0.605407 0.735088 0.023889 0.030342
66 0.805323 0.816260 0.027242 0.030342
62 0.809095 0.744424 0.038139 0.030342
98 0.501467 0.462007 0.041492 0.030342
316 0.505658 0.546810 0.062448 0.030861
120 0.100377 0.441131 0.017184 0.031120
74 0.310352 0.722251 0.035624 0.031120
95 0.102473 0.472770 0.043168 0.031120
108 0.404862 0.464860 0.020117 0.031898
64 0.606245 0.672588 0.033948 0.031898
83 0.407167 0.792142 0.037301 0.031898
95 0.309933 0.871758 0.040654 0.031898
82 0.415549 0.875259 0.050712 0.032158
88 0.095348 0.332858 0.020536 0.032417
88 0.607083 0.613460 0.022213 0.032417
53 0.708718 0.471862 0.023470 0.032417
88 0.404652 0.542142 0.029757 0.032417
1354 0.504820 0.778397 0.040654 0.032417
1214 0.712280 0.720306 0.048198 0.032417
2222 0.404443 0.506613 0.048617 0.032417
126 0.507334 0.740923 0.049036 0.033195
88 0.199078 0.269969 0.050293 0.033195
111 0.706622 0.373314 0.023470 0.033454
107 0.103311 0.821966 0.025566 0.033454
252 0.307418 0.835451 0.033110 0.033454
1197 0.510687 0.584933 0.053227 0.033454
68 0.104359 0.887578 0.008382 0.033973
2555 0.606873 0.535918 0.043588 0.033973
127 0.313495 0.913252 0.062028 0.033973
505 0.607083 0.836618 0.025566 0.034232
87 0.303227 0.351141 0.033948 0.034232
62 0.610017 0.772433 0.039816 0.034492
58 0.207670 0.874611 0.033948 0.035010
750 0.306790 0.787474 0.048617 0.035010
88 0.303227 0.414678 0.026404 0.035270
1579 0.098491 0.271784 0.043588 0.035270
1214 0.806161 0.593102 0.044845 0.035270
68 0.408634 0.755576 0.010059 0.035529
3172 0.514040 0.628501 0.047360 0.035529
60 0.799036 0.465379 0.019698 0.036048
505 0.208089 0.680109 0.043168 0.036048
2231 0.603101 0.271914 0.043588 0.036048
107 0.400671 0.299274 0.028500 0.036307
1180 0.806580 0.507002 0.041492 0.036307
87 0.709975 0.802516 0.030176 0.036566
121 0.710184 0.841675 0.030595 0.036566
51 0.206832 0.532028 0.040654 0.036566
1197 0.507334 0.365534 0.046521 0.036566
51 0.099958 0.406639 0.044845 0.037344
4447 0.304484 0.533195 0.057418 0.037344
119 0.604778 0.309518 0.026823 0.037604
3868 0.507334 0.704746 0.036463 0.037604
81 0.804484 0.779435 0.041492 0.037604
4072 0.808466 0.700596 0.056999 0.038122
1699 0.403395 0.642765 0.060771 0.038122
118 0.298617 0.317168 0.025566 0.038382
62 0.409053 0.911048 0.033529 0.038382
2675 0.806161 0.553423 0.051551 0.038382
1804 0.502724 0.505965 0.054065 0.038382
725 0.410520 0.835711 0.048198 0.038641
102 0.709346 0.512837 0.050712 0.038641
62 0.310352 0.648989 0.040654 0.039160
3325 0.604987 0.576893 0.046521 0.039160
3780 0.798826 0.316520 0.050293 0.039160
83 0.195935 0.306276 0.026404 0.039419
113 0.600587 0.348937 0.038558 0.039678
60 0.203479 0.462785 0.020536 0.040197
83 0.806790 0.911955 0.021794 0.040197
2593 0.298198 0.459933 0.037301 0.040197
3003 0.804694 0.658454 0.055323 0.040456
3711 0.207460 0.723677 0.046940 0.041234
68 0.509849 0.879668 0.010478 0.041494
68 0.210184 0.769839 0.008801 0.041753
268 0.709765 0.758428 0.042330 0.041753
87 0.405909 0.683221 0.033948 0.042272
681 0.799874 0.270358 0.034786 0.042272
3019 0.502724 0.318983 0.040654 0.042531
268 0.605197 0.875389 0.038558 0.042790
4166 0.506077 0.271136 0.056580 0.042790
3684 0.102263 0.724715 0.053646 0.044346
1092 0.701593 0.297329 0.055323 0.044346
95 0.302598 0.273211 0.053646 0.044865
4706 0.710813 0.906898 0.046940 0.045643
3747 0.101006 0.534621 0.036882 0.046940
68 0.203269 0.416234 0.015088 0.047718
3711 0.506287 0.827152 0.050293 0.047977
1788 0.606664 0.486904 0.053227 0.047977
68 0.709765 0.663771 0.012992 0.068205
48 0.410939 0.340249 0.038139 0.068465
