92 0.200108 0.439739 0.042071 0.013681
92 0.791262 0.669381 0.043150 0.015635
52 0.305556 0.657818 0.055556 0.016612
102 0.295847 0.366938 0.065264 0.017915
85 0.874865 0.865472 0.017260 0.018241
56 0.203344 0.458469 0.015102 0.019870
698 0.105717 0.295114 0.044229 0.021498
88 0.208198 0.792671 0.025890 0.021824
56 0.199299 0.236971 0.019957 0.022476
98 0.211704 0.837948 0.046926 0.022476
56 0.786677 0.812378 0.018878 0.022801
56 0.393204 0.435505 0.064725 0.022801
76 0.211435 0.868241 0.034520 0.023127
88 0.778587 0.398371 0.051241 0.023453
81 0.867584 0.294300 0.049083 0.023779
547 0.686354 0.356352 0.057713 0.025407
91 0.683657 0.551303 0.045847 0.025733
88 0.391586 0.405375 0.030205 0.027687
88 0.305556 0.580945 0.036138 0.027687
123 0.196063 0.267264 0.019957 0.028339
88 0.690669 0.587134 0.056634 0.028339
553 0.789374 0.699349 0.065264 0.028664
88 0.776160 0.330782 0.015102 0.028990
495 0.209008 0.819707 0.072816 0.028990
87 0.867314 0.437459 0.035599 0.029316
104 0.292341 0.192508 0.051780 0.029316
53 0.868662 0.646417 0.016721 0.029642
74 0.874326 0.609935 0.032362 0.029642
278 0.307983 0.498371 0.062567 0.029967
111 0.872168 0.890717 0.024811 0.030293
115 0.676106 0.235831 0.048004 0.030619
119 0.392934 0.510586 0.028587 0.030945
83 0.789105 0.736319 0.038835 0.030945
83 0.105987 0.455537 0.042611 0.030945
88 0.206580 0.568404 0.014024 0.031270
88 0.402913 0.835505 0.031284 0.031270
104 0.117853 0.645928 0.048004 0.031270
126 0.199029 0.307003 0.047465 0.031596
108 0.871899 0.358306 0.024272 0.031922
83 0.202805 0.605863 0.043150 0.031922
126 0.212783 0.896417 0.052319 0.031922
495 0.125135 0.892997 0.065804 0.032248
83 0.778047 0.367427 0.049083 0.032573
1810 0.386731 0.194137 0.042071 0.033225
88 0.103830 0.417101 0.017799 0.033550
119 0.116235 0.760749 0.025351 0.033550
88 0.793959 0.885505 0.029126 0.033550
105 0.873247 0.327850 0.063646 0.033550
117 0.690939 0.624430 0.022654 0.033876
126 0.868393 0.527199 0.058252 0.034202
95 0.210895 0.700489 0.059331 0.034202
2489 0.306365 0.852280 0.066882 0.034202
66 0.792071 0.777199 0.032902 0.034528
74 0.292341 0.232085 0.025890 0.034853
66 0.306634 0.688436 0.028587 0.035505
83 0.872977 0.772801 0.042611 0.035505
108 0.399676 0.646091 0.079827 0.035505
119 0.116235 0.681270 0.025351 0.036156
881 0.110032 0.378664 0.044229 0.036156
126 0.110572 0.333713 0.056095 0.036156
119 0.204962 0.489577 0.025890 0.036482
91 0.295577 0.397394 0.046386 0.036482
3553 0.867853 0.401954 0.049622 0.036482
87 0.798004 0.843648 0.052319 0.036482
126 0.123517 0.847231 0.051780 0.037785
68 0.293959 0.330619 0.043150 0.038436
70 0.119202 0.720684 0.031284 0.038762
68 0.785599 0.438925 0.013484 0.039414
683 0.680421 0.274593 0.072816 0.039739
1927 0.870820 0.195765 0.076052 0.040391
79 0.878910 0.679642 0.046926 0.040717
2222 0.780205 0.294137 0.063107 0.041042
111 0.687433 0.511889 0.023193 0.041368
680 0.200647 0.353746 0.044229 0.041694
59 0.403722 0.467752 0.045847 0.041694
725 0.388080 0.237459 0.065264 0.041694
1880 0.309871 0.890065 0.033981 0.042020
58 0.307443 0.814169 0.040992 0.042020
70 0.396440 0.605375 0.053937 0.042020
2590 0.775351 0.195440 0.040453 0.042345
2590 0.784790 0.579967 0.036677 0.042671
735 0.686624 0.472801 0.074434 0.042671
2298 0.198220 0.202932 0.064186 0.043648
271 0.308522 0.780130 0.067961 0.043648
2593 0.680690 0.198208 0.043150 0.043974
126 0.115965 0.605537 0.044229 0.044300
78 0.305286 0.623616 0.036677 0.044625
108 0.531553 0.539902 0.099784 0.044625
58 0.305825 0.732085 0.037756 0.045277
932 0.678803 0.314495 0.070658 0.045277
1977 0.303128 0.541531 0.074434 0.045277
2246 0.209277 0.650489 0.057174 0.045603
3014 0.121090 0.800326 0.068501 0.045603
2590 0.402104 0.882085 0.038296 0.046254
1977 0.199838 0.403257 0.069579 0.046254
3231 0.872168 0.569870 0.062567 0.046580
83 0.101402 0.256026 0.025890 0.046906
121 0.401834 0.679642 0.034520 0.047231
290 0.791802 0.631270 0.076591 0.048860
110 0.786677 0.479805 0.057713 0.049511
1880 0.399676 0.732410 0.037756 0.049837
1295 0.786138 0.530945 0.054477 0.050163
58 0.865156 0.483876 0.034520 0.050489
70 0.540723 0.476221 0.044768 0.050814
68 0.107875 0.204723 0.011866 0.051140
1319 0.114617 0.559609 0.060949 0.051466
58 0.290183 0.279805 0.029126 0.052769
1250 0.202265 0.539739 0.060410 0.052769
68 0.874056 0.727524 0.016721 0.053094
83 0.390777 0.553909 0.026429 0.053094
4147 0.773732 0.244788 0.057713 0.053094
1720 0.390777 0.359446 0.059871 0.055049
3381 0.296386 0.448371 0.035059 0.058306
121 0.532902 0.584528 0.047465 0.058306
965 0.211704 0.747557 0.055556 0.058632
929 0.115156 0.501954 0.067422 0.058632
4164 0.401564 0.794463 0.070658 0.060586
3376 0.868393 0.247720 0.057174 0.060912
2909 0.874056 0.819870 0.055556 0.061238
68 0.689051 0.405212 0.015642 0.063844
3510 0.388889 0.295928 0.060410 0.065472
68 0.691748 0.678664 0.016721 0.070033
1720 0.535599 0.407492 0.080906 0.074267
3510 0.535868 0.318730 0.084682 0.075244
