246 0.247219 0.796146 0.052578 0.008114
128 0.256825 0.889959 0.012133 0.011832
642 0.249242 0.263692 0.030334 0.012170
861 0.678716 0.280764 0.036906 0.012508
246 0.669110 0.664807 0.060162 0.012508
642 0.678969 0.267579 0.028311 0.013185
52 0.576845 0.286849 0.050556 0.015213
302 0.246208 0.277721 0.044489 0.017241
92 0.579120 0.670047 0.037917 0.017579
56 0.782861 0.439655 0.022750 0.020622
418 0.361982 0.732421 0.042467 0.020622
101 0.143327 0.845842 0.063195 0.021636
56 0.574317 0.471771 0.050556 0.021974
101 0.780334 0.282116 0.066229 0.023327
52 0.781598 0.307640 0.048534 0.024341
52 0.251517 0.417343 0.051062 0.024679
52 0.364257 0.491041 0.051062 0.024679
56 0.675177 0.324375 0.054095 0.024679
64 0.571537 0.561697 0.022750 0.025355
418 0.779828 0.735801 0.040950 0.025355
122 0.143074 0.890636 0.050556 0.025355
113 0.678210 0.397059 0.058140 0.026031
56 0.578615 0.731406 0.016684 0.026707
251 0.675935 0.885903 0.050556 0.026707
81 0.252022 0.870014 0.054095 0.026707
68 0.143074 0.862576 0.052578 0.027383
55 0.784378 0.375761 0.053084 0.027383
72 0.468908 0.786173 0.054095 0.027383
52 0.471941 0.512847 0.051062 0.028398
1810 0.780334 0.577586 0.030839 0.028736
2677 0.251517 0.724307 0.036906 0.029412
91 0.473711 0.386072 0.058645 0.029750
89 0.473205 0.661258 0.062690 0.029750
76 0.778817 0.465348 0.031850 0.030088
271 0.146360 0.685429 0.054095 0.030088
76 0.574317 0.495098 0.036400 0.030764
88 0.472447 0.322346 0.047017 0.030764
1173 0.677705 0.511325 0.055106 0.030764
92 0.362235 0.458587 0.036906 0.031440
88 0.143327 0.364266 0.051062 0.031440
252 0.469919 0.286680 0.037917 0.032454
88 0.359707 0.593475 0.032861 0.032792
60 0.468908 0.882522 0.021739 0.033469
119 0.144338 0.292258 0.024772 0.033469
91 0.677452 0.595166 0.070779 0.033469
2216 0.676188 0.816768 0.058140 0.033807
108 0.468908 0.582995 0.020728 0.034145
88 0.669616 0.739182 0.026795 0.034145
88 0.579120 0.404834 0.048028 0.034145
88 0.139282 0.533300 0.027806 0.034821
126 0.254044 0.763185 0.054095 0.034821
370 0.360212 0.630663 0.058140 0.034821
83 0.573559 0.440162 0.042973 0.035159
83 0.469414 0.355139 0.047017 0.035497
119 0.358948 0.666498 0.034378 0.036173
110 0.778817 0.499324 0.046006 0.036511
113 0.575581 0.640974 0.057128 0.036511
3009 0.674671 0.853110 0.060162 0.036849
111 0.573812 0.810176 0.020222 0.037525
64 0.143832 0.601589 0.033873 0.037525
2677 0.675177 0.779412 0.037917 0.037525
83 0.143579 0.567106 0.048534 0.037525
1928 0.580637 0.881170 0.067240 0.037525
60 0.363751 0.283638 0.015672 0.037863
92 0.469414 0.479378 0.022750 0.037863
252 0.249494 0.685260 0.040950 0.037863
91 0.468908 0.249155 0.060162 0.037863
58 0.362993 0.332826 0.024267 0.038201
122 0.364257 0.523158 0.040950 0.038201
120 0.246461 0.554260 0.057128 0.038201
108 0.567998 0.848377 0.060162 0.038201
3041 0.367290 0.247634 0.065217 0.038201
2987 0.151163 0.329446 0.074823 0.038201
118 0.583418 0.698952 0.018200 0.038878
53 0.461830 0.822008 0.029828 0.038878
2983 0.247472 0.644185 0.047017 0.038878
125 0.142568 0.252028 0.054601 0.038878
2598 0.357179 0.704868 0.031850 0.039216
70 0.466380 0.545639 0.052073 0.039216
70 0.467391 0.854632 0.054095 0.039216
60 0.573306 0.526538 0.018200 0.039554
88 0.773761 0.614097 0.029828 0.039554
1375 0.360718 0.419709 0.058140 0.039554
717 0.574823 0.251690 0.058645 0.040230
83 0.138777 0.764199 0.037917 0.040906
646 0.672902 0.695233 0.040445 0.041582
121 0.778311 0.337390 0.036906 0.041920
1174 0.785389 0.538201 0.055106 0.041920
68 0.139282 0.725321 0.012639 0.042258
68 0.139282 0.398073 0.014661 0.042258
88 0.571537 0.764875 0.028817 0.042258
58 0.676188 0.430527 0.033873 0.042258
2989 0.247472 0.830798 0.055106 0.042258
119 0.365774 0.374070 0.032861 0.042934
268 0.778817 0.245774 0.042973 0.043272
2193 0.579879 0.364773 0.044489 0.043272
1295 0.770728 0.659567 0.047017 0.043272
70 0.253286 0.379479 0.032356 0.043611
2598 0.773256 0.709094 0.024772 0.044287
83 0.139282 0.439993 0.035895 0.044287
47 0.373862 0.551893 0.041962 0.044287
95 0.254550 0.330798 0.052073 0.044963
268 0.139535 0.805443 0.040445 0.045639
107 0.470172 0.750000 0.028311 0.046315
126 0.472700 0.623563 0.064712 0.046991
68 0.785137 0.407877 0.010111 0.047667
121 0.573306 0.315585 0.034378 0.047667
2320 0.144843 0.491379 0.059151 0.047667
2987 0.678210 0.632353 0.067240 0.047667
119 0.472447 0.702333 0.036906 0.048343
90 0.144590 0.645538 0.062690 0.048343
90 0.577604 0.599899 0.065217 0.048343
68 0.249747 0.597194 0.010111 0.049020
53 0.675177 0.360210 0.023761 0.051048
4712 0.676188 0.554936 0.050051 0.051048
53 0.244692 0.509128 0.024267 0.055443
68 0.472194 0.426978 0.010111 0.056795
