128 0.512719 0.814562 0.009591 0.010052
101 0.606756 0.493428 0.050042 0.012113
128 0.307756 0.383892 0.010008 0.012629
297 0.507715 0.669459 0.045455 0.016753
91 0.207465 0.609149 0.032110 0.019845
3053 0.101543 0.343428 0.023770 0.020361
547 0.410550 0.752448 0.042118 0.020361
126 0.310050 0.826031 0.044621 0.020619
117 0.103003 0.437500 0.023353 0.020876
91 0.805463 0.727964 0.030442 0.021392
81 0.408465 0.692139 0.039616 0.021392
120 0.804629 0.545747 0.015430 0.021907
91 0.211426 0.833634 0.033361 0.021907
92 0.804212 0.451160 0.032944 0.022423
1810 0.802752 0.650773 0.020017 0.022680
88 0.507923 0.843041 0.040033 0.022680
88 0.504379 0.270361 0.042952 0.022680
82 0.514804 0.796907 0.045455 0.022680
93 0.506047 0.519974 0.037948 0.022938
120 0.801710 0.339820 0.014595 0.023454
91 0.207256 0.342912 0.035029 0.023454
81 0.106130 0.877706 0.039616 0.023454
553 0.505630 0.874871 0.052127 0.023454
127 0.619892 0.662500 0.062135 0.023454
91 0.407214 0.502320 0.032110 0.023711
88 0.705171 0.315979 0.040033 0.023711
91 0.800876 0.621263 0.031276 0.024485
91 0.607381 0.598711 0.027940 0.024742
86 0.510425 0.766753 0.028357 0.024742
85 0.103837 0.575515 0.030025 0.024742
96 0.711426 0.500773 0.043369 0.024742
91 0.209133 0.688015 0.033778 0.025000
120 0.710801 0.702191 0.015430 0.025515
83 0.405755 0.433376 0.038365 0.025515
52 0.708716 0.784665 0.039616 0.025515
316 0.808590 0.881701 0.051710 0.025773
115 0.802752 0.314820 0.036697 0.026031
88 0.211009 0.917397 0.041701 0.026031
126 0.507923 0.638789 0.036697 0.026546
4253 0.209967 0.860825 0.042118 0.026804
53 0.310884 0.853222 0.014595 0.027577
60 0.607798 0.801160 0.017932 0.027577
87 0.508549 0.456830 0.031276 0.027577
110 0.306922 0.405284 0.035029 0.027577
83 0.104879 0.723325 0.035446 0.027577
96 0.209133 0.311985 0.047123 0.027577
316 0.211218 0.890335 0.051293 0.027577
53 0.311718 0.609794 0.019600 0.027835
316 0.709967 0.635567 0.057131 0.027835
88 0.409299 0.872036 0.026272 0.028093
98 0.702669 0.562500 0.038365 0.028093
126 0.608632 0.734665 0.039616 0.028093
88 0.408465 0.267655 0.041284 0.028093
316 0.506672 0.344716 0.053378 0.028093
85 0.310884 0.760438 0.025438 0.028608
66 0.404504 0.303222 0.026689 0.028608
85 0.710384 0.916108 0.031276 0.028608
91 0.805046 0.915335 0.034612 0.028608
98 0.099041 0.368170 0.043786 0.028608
3053 0.708299 0.533247 0.022936 0.028866
110 0.407006 0.532732 0.035029 0.028866
119 0.607381 0.915851 0.027940 0.029124
107 0.309425 0.638789 0.021685 0.029639
91 0.507089 0.378479 0.033361 0.029639
83 0.308590 0.912500 0.040033 0.029639
1214 0.607798 0.521263 0.042118 0.029639
78 0.311301 0.882216 0.028774 0.029897
83 0.104671 0.541624 0.036697 0.030155
83 0.601960 0.304253 0.030442 0.030670
81 0.609049 0.771778 0.033778 0.030670
62 0.408882 0.718428 0.035446 0.030670
4253 0.807756 0.849613 0.040033 0.030670
4132 0.410133 0.912500 0.043786 0.030670
3868 0.506464 0.557474 0.036280 0.030928
126 0.307548 0.316495 0.037948 0.030928
74 0.707882 0.468943 0.029608 0.031186
104 0.510425 0.738015 0.040033 0.031186
51 0.204962 0.378222 0.042118 0.031186
1157 0.504170 0.698840 0.045038 0.031186
87 0.605505 0.336727 0.035029 0.031701
126 0.408674 0.655799 0.040033 0.031701
1891 0.407214 0.466624 0.042118 0.031701
53 0.605922 0.467268 0.018349 0.031959
78 0.610717 0.634536 0.031276 0.031959
64 0.213928 0.806443 0.033361 0.031959
71 0.806714 0.480155 0.036280 0.031959
126 0.213094 0.769716 0.036697 0.032216
119 0.308799 0.476933 0.028774 0.032732
4253 0.709550 0.599871 0.042952 0.032732
98 0.100709 0.604768 0.043786 0.032732
903 0.207882 0.528479 0.062969 0.032732
107 0.202252 0.410567 0.023353 0.032990
119 0.703086 0.395103 0.030025 0.032990
126 0.106964 0.838273 0.043786 0.033247
98 0.101751 0.645232 0.046706 0.033247
750 0.406380 0.572552 0.043786 0.033763
68 0.101960 0.309021 0.009591 0.034021
111 0.608007 0.271649 0.020017 0.034021
119 0.104045 0.465851 0.024604 0.034278
836 0.104462 0.800902 0.042952 0.034278
119 0.204545 0.445103 0.028774 0.035052
51 0.806922 0.516753 0.035029 0.035052
750 0.105088 0.760825 0.046706 0.035052
62 0.309633 0.443170 0.037114 0.035309
3172 0.805463 0.762242 0.043786 0.035309
87 0.711635 0.671263 0.038782 0.035825
51 0.706214 0.434665 0.039616 0.035825
4104 0.205379 0.484278 0.052961 0.036082
490 0.104045 0.270747 0.043786 0.036340
68 0.607798 0.841881 0.007923 0.036856
1584 0.309425 0.797552 0.025021 0.036856
121 0.504587 0.489691 0.026689 0.037113
3172 0.507715 0.307474 0.042952 0.037113
68 0.311301 0.672938 0.012093 0.038144
3045 0.608632 0.881959 0.047123 0.038144
70 0.308590 0.359149 0.028357 0.038402
1099 0.702043 0.276675 0.036280 0.038402
750 0.605713 0.700902 0.042118 0.038402
836 0.407840 0.616881 0.043369 0.038402
2061 0.207256 0.570747 0.051710 0.038402
2426 0.104254 0.686469 0.051710 0.038402
68 0.103837 0.505155 0.010008 0.039175
2266 0.608632 0.565722 0.041284 0.039175
1279 0.308799 0.570103 0.045455 0.039175
1473 0.205171 0.276031 0.053378 0.039175
2599 0.709758 0.741366 0.033361 0.039433
1831 0.104045 0.403222 0.037948 0.039948
2936 0.804420 0.692010 0.035029 0.040206
3053 0.804003 0.419072 0.045038 0.040206
3172 0.408882 0.837500 0.041284 0.040464
3249 0.501877 0.599356 0.046289 0.040464
270 0.508966 0.911985 0.032110 0.040979
62 0.104671 0.910954 0.033361 0.040979
350 0.212260 0.732732 0.051710 0.041237
2426 0.408465 0.394974 0.052961 0.041495
3158 0.805463 0.802191 0.048791 0.042010
68 0.408048 0.346778 0.009591 0.042526
1827 0.801084 0.584665 0.026689 0.043041
1917 0.702877 0.355412 0.039616 0.043299
296 0.507715 0.415851 0.028774 0.043557
68 0.801918 0.371263 0.010008 0.044072
68 0.607798 0.377835 0.011259 0.044330
122 0.708299 0.819845 0.033778 0.044330
4447 0.307548 0.278093 0.054629 0.044330
2907 0.209550 0.652191 0.034612 0.044588
505 0.605296 0.428093 0.039616 0.045361
3158 0.799208 0.278995 0.044621 0.046134
68 0.408465 0.789046 0.012927 0.046649
3158 0.307131 0.525644 0.047123 0.047165
47 0.711426 0.868943 0.025021 0.063144
47 0.313178 0.714820 0.030025 0.064175
