246 0.827670 0.712948 0.060949 0.007558
297 0.339536 0.708676 0.054477 0.018732
247 0.830097 0.733651 0.046386 0.022018
191 0.820658 0.758298 0.042611 0.023332
191 0.335491 0.759119 0.039914 0.023661
247 0.340076 0.735458 0.048004 0.024975
642 0.340076 0.684522 0.044768 0.025633
642 0.831985 0.694216 0.043689 0.027276
204 0.828479 0.783766 0.042071 0.028919
2595 0.324164 0.389911 0.075512 0.034505
720 0.172600 0.688794 0.047465 0.035491
204 0.340345 0.788695 0.047465 0.035491
108 0.493258 0.497042 0.024272 0.035820
720 0.498652 0.692902 0.044768 0.035820
499 0.164239 0.303812 0.084682 0.036477
720 0.667745 0.695859 0.049622 0.040421
135 0.500000 0.733651 0.037756 0.045021
70 0.496764 0.457443 0.038835 0.045350
1927 0.653722 0.383010 0.085221 0.049622
3883 0.819310 0.376438 0.049622 0.051594
1799 0.156958 0.380874 0.078749 0.057180
121 0.494876 0.540914 0.054477 0.057838
1814 0.819849 0.437397 0.056095 0.058495
1295 0.659655 0.310220 0.065804 0.061781
1720 0.490561 0.397798 0.070658 0.062767
2061 0.326321 0.452514 0.071197 0.065067
270 0.817422 0.314492 0.060949 0.067039
781 0.325782 0.317121 0.071197 0.069011
3411 0.161812 0.455472 0.070119 0.070325
2438 0.818770 0.505258 0.077670 0.072626
3510 0.492718 0.322379 0.078209 0.079527
3376 0.659115 0.463523 0.071197 0.089057
