246 0.204054 0.743399 0.029730 0.003630
246 0.489730 0.477063 0.037838 0.006271
246 0.307297 0.472442 0.050270 0.006931
92 0.310270 0.799340 0.028108 0.009901
56 0.309730 0.744554 0.010811 0.012541
88 0.686757 0.762871 0.020000 0.012871
91 0.311892 0.677063 0.024865 0.012871
88 0.409730 0.667657 0.008649 0.015182
56 0.271351 0.714191 0.014054 0.015182
123 0.311081 0.698020 0.016757 0.016502
88 0.406757 0.760066 0.018919 0.016502
63 0.311622 0.759076 0.027568 0.016502
127 0.314324 0.779208 0.039459 0.016502
56 0.112432 0.321782 0.046486 0.017822
252 0.507027 0.361716 0.034595 0.018482
88 0.108649 0.637789 0.015135 0.018812
28 0.592162 0.226898 0.028649 0.018812
101 0.108378 0.878383 0.028649 0.018812
101 0.687027 0.461221 0.046486 0.019472
287 0.681081 0.889274 0.046486 0.019472
83 0.683514 0.552970 0.027568 0.020132
28 0.878649 0.196535 0.030811 0.020132
88 0.202432 0.546040 0.039459 0.020132
117 0.107838 0.683168 0.017838 0.020462
83 0.686757 0.267327 0.029730 0.020462
91 0.114595 0.209241 0.031351 0.020462
83 0.411351 0.686304 0.021622 0.020792
95 0.408919 0.778713 0.036216 0.020792
113 0.202162 0.652970 0.042162 0.021452
69 0.701081 0.812046 0.042162 0.021452
88 0.202162 0.806931 0.010811 0.021782
120 0.206757 0.486139 0.018919 0.021782
91 0.873514 0.372937 0.028108 0.021782
2320 0.315135 0.655611 0.036757 0.022112
1893 0.411351 0.735809 0.043243 0.022112
88 0.114865 0.270627 0.011351 0.022442
120 0.681892 0.867657 0.024324 0.022442
126 0.781081 0.440759 0.035676 0.022772
83 0.113514 0.293399 0.025946 0.023102
83 0.108378 0.658746 0.027568 0.023102
499 0.403514 0.481188 0.051351 0.023102
120 0.774054 0.707756 0.023784 0.023432
2752 0.870270 0.596865 0.060541 0.023432
43 0.861892 0.708251 0.028649 0.023762
76 0.773243 0.684158 0.029730 0.023762
2677 0.506486 0.389274 0.031351 0.024092
2151 0.104865 0.800660 0.043243 0.024422
302 0.304595 0.542904 0.047027 0.024422
109 0.112703 0.557756 0.049189 0.024422
53 0.412973 0.621617 0.015135 0.024752
42 0.870541 0.489769 0.012432 0.025083
67 0.221351 0.462046 0.040541 0.025083
68 0.204595 0.680363 0.007027 0.025413
108 0.104324 0.770132 0.022703 0.025413
2059 0.506216 0.331848 0.040541 0.025413
113 0.401622 0.284323 0.047568 0.025413
127 0.271351 0.762871 0.030270 0.026073
70 0.411081 0.647030 0.030811 0.026073
547 0.782432 0.381023 0.045946 0.026073
68 0.200811 0.872607 0.005946 0.026403
68 0.111351 0.584158 0.017297 0.026403
495 0.858378 0.889439 0.058378 0.026403
126 0.113514 0.476403 0.035676 0.026733
495 0.680270 0.489274 0.056757 0.026733
73 0.118649 0.406766 0.062162 0.026733
69 0.890541 0.269967 0.026486 0.027063
122 0.108378 0.610891 0.040541 0.027063
2752 0.876757 0.306271 0.051892 0.027063
88 0.690270 0.243399 0.014054 0.027393
63 0.274595 0.735479 0.029189 0.027393
126 0.772703 0.740099 0.037297 0.027393
248 0.675946 0.703795 0.042703 0.027393
3041 0.411081 0.711056 0.043784 0.027393
88 0.782432 0.309571 0.016757 0.027723
60 0.107568 0.707261 0.017297 0.027723
126 0.204865 0.306601 0.038919 0.027723
2677 0.870270 0.560231 0.032432 0.028053
111 0.768378 0.773102 0.024324 0.028713
547 0.777297 0.657921 0.047568 0.028713
107 0.110541 0.379208 0.028649 0.029043
126 0.681622 0.669307 0.037838 0.029043
2308 0.783514 0.349175 0.055676 0.029043
58 0.311892 0.721122 0.021622 0.029703
1354 0.273784 0.692409 0.027568 0.029703
683 0.685676 0.385809 0.037297 0.030363
629 0.108649 0.736304 0.038919 0.030363
60 0.405676 0.802805 0.022162 0.030693
646 0.864324 0.858911 0.024865 0.030693
85 0.201892 0.714356 0.017838 0.031353
1584 0.275946 0.657261 0.025405 0.031353
252 0.779730 0.279703 0.042703 0.031353
2429 0.782973 0.204125 0.049189 0.031353
68 0.210000 0.389934 0.010270 0.032013
83 0.770000 0.883828 0.027568 0.032343
252 0.870270 0.461056 0.040000 0.032343
2677 0.777568 0.553135 0.041622 0.032343
70 0.772703 0.849670 0.029730 0.032673
980 0.868919 0.526238 0.040541 0.033333
2429 0.676486 0.785644 0.047027 0.033333
2308 0.780811 0.621287 0.051351 0.033333
2320 0.120000 0.174752 0.055135 0.033333
509 0.206486 0.519142 0.038919 0.033663
2429 0.875135 0.236304 0.050811 0.033663
3785 0.675946 0.839604 0.054595 0.033663
111 0.401351 0.254620 0.017838 0.033993
111 0.202703 0.625248 0.018378 0.033993
58 0.116486 0.347690 0.024324 0.033993
58 0.777297 0.587459 0.019459 0.034323
68 0.776216 0.412211 0.023784 0.034323
83 0.778649 0.513201 0.012432 0.034983
2346 0.691622 0.305611 0.061081 0.034983
1995 0.109730 0.442739 0.051892 0.035314
529 0.207297 0.431683 0.045946 0.035644
68 0.688378 0.345710 0.009189 0.035974
691 0.772973 0.815017 0.030270 0.035974
68 0.787027 0.241254 0.010811 0.036304
2707 0.868919 0.741914 0.034054 0.036304
485 0.212162 0.173597 0.051351 0.036964
3080 0.202973 0.776073 0.047027 0.037294
717 0.676486 0.736139 0.048108 0.037294
1666 0.776486 0.477063 0.050270 0.037294
3009 0.872162 0.339769 0.051351 0.037294
646 0.682432 0.633828 0.030811 0.037954
717 0.197568 0.840924 0.041622 0.038284
2983 0.207838 0.266997 0.044865 0.038284
1799 0.868919 0.403135 0.031892 0.038614
268 0.112703 0.238119 0.041622 0.039274
3060 0.686216 0.209406 0.050270 0.040594
4214 0.688919 0.431188 0.054595 0.040594
3009 0.870000 0.631518 0.055676 0.040594
68 0.398919 0.320792 0.011892 0.040924
121 0.683514 0.520957 0.023243 0.041254
958 0.861081 0.822937 0.030270 0.041254
2193 0.864865 0.780693 0.035676 0.041254
4453 0.588108 0.396535 0.056216 0.041914
2320 0.314865 0.207261 0.053514 0.042244
958 0.869459 0.670792 0.031892 0.042574
3019 0.587027 0.338119 0.055135 0.043234
4458 0.205676 0.226238 0.066486 0.043234
4712 0.205405 0.584488 0.025946 0.044884
958 0.681081 0.592079 0.030270 0.045545
1787 0.304595 0.500495 0.035135 0.045875
2983 0.494595 0.280363 0.050811 0.045875
717 0.399730 0.547360 0.053514 0.046535
4458 0.491622 0.211221 0.070811 0.046865
4166 0.588378 0.286304 0.050270 0.048515
4712 0.402973 0.210396 0.032973 0.049835
3459 0.209189 0.345710 0.044324 0.050495
268 0.105946 0.842739 0.040000 0.051815
3519 0.112162 0.518812 0.040541 0.052805
646 0.302973 0.586634 0.047027 0.054455
1787 0.486757 0.540099 0.038378 0.072937
