65 0.301887 0.485761 0.036658 0.013093
52 0.292183 0.602619 0.049596 0.015712
52 0.864151 0.817676 0.053908 0.018985
88 0.289757 0.652537 0.049057 0.019967
57 0.298652 0.290671 0.039892 0.022259
64 0.482210 0.424386 0.023181 0.022586
117 0.291105 0.843372 0.020485 0.023895
56 0.294879 0.627496 0.018329 0.025532
56 0.869542 0.381997 0.021563 0.025532
88 0.483558 0.233715 0.014016 0.026187
88 0.379245 0.278232 0.017790 0.026187
56 0.481941 0.489034 0.019407 0.026187
128 0.398383 0.527332 0.022642 0.026187
56 0.776280 0.491489 0.021563 0.026514
88 0.872507 0.237152 0.057682 0.026514
88 0.482749 0.517185 0.063073 0.027496
91 0.292183 0.463011 0.052830 0.027823
123 0.870620 0.356137 0.018329 0.028151
88 0.773854 0.241899 0.032884 0.028151
553 0.289218 0.575123 0.065229 0.028151
56 0.632884 0.470213 0.023720 0.029133
495 0.195957 0.889853 0.069542 0.029133
87 0.286523 0.263666 0.042588 0.029787
111 0.291644 0.687725 0.025876 0.030115
126 0.865499 0.453355 0.058760 0.030115
64 0.193531 0.278069 0.038814 0.030442
1173 0.485175 0.344517 0.058221 0.030442
60 0.862534 0.746645 0.033423 0.030769
64 0.634501 0.435025 0.035580 0.030769
107 0.482749 0.729951 0.037197 0.030769
83 0.863612 0.533552 0.042049 0.030769
87 0.192992 0.599345 0.046361 0.030769
120 0.194609 0.559083 0.024798 0.031424
120 0.385714 0.749918 0.027493 0.031424
126 0.194609 0.850082 0.049596 0.031424
495 0.774663 0.278887 0.070081 0.031424
88 0.108625 0.345499 0.026415 0.031751
120 0.477089 0.761538 0.030189 0.031751
85 0.293531 0.505401 0.017790 0.032079
120 0.783019 0.550900 0.028571 0.032079
1173 0.482749 0.653028 0.060916 0.032079
85 0.198113 0.189525 0.024259 0.032733
104 0.291644 0.190998 0.052830 0.033061
978 0.387332 0.857938 0.046900 0.033388
108 0.386253 0.564321 0.025337 0.034043
83 0.484636 0.270704 0.037736 0.034043
252 0.385175 0.403601 0.040431 0.034043
83 0.377628 0.318494 0.043666 0.034043
126 0.869003 0.323404 0.053908 0.034043
126 0.290566 0.809493 0.057143 0.034043
74 0.783288 0.458756 0.033423 0.034370
251 0.389218 0.785434 0.047439 0.034370
62 0.784636 0.519640 0.054447 0.034370
95 0.864151 0.786579 0.052830 0.035352
1977 0.388140 0.893453 0.072237 0.035679
107 0.481941 0.455646 0.050674 0.036007
126 0.476011 0.889362 0.059299 0.036007
120 0.863073 0.885925 0.025876 0.036989
120 0.107817 0.422422 0.030189 0.036989
70 0.109704 0.384288 0.030728 0.037316
74 0.291914 0.232733 0.037197 0.037316
60 0.477358 0.690671 0.028571 0.037971
70 0.868194 0.711948 0.037197 0.037971
60 0.289218 0.538953 0.019946 0.038298
58 0.863612 0.492144 0.026954 0.038953
119 0.194070 0.637971 0.026954 0.039280
74 0.112399 0.248118 0.032884 0.039280
70 0.391644 0.715876 0.037197 0.039280
1723 0.382210 0.193781 0.069003 0.039280
1229 0.387062 0.823077 0.057143 0.039607
3223 0.778167 0.322259 0.068464 0.039607
53 0.478706 0.851718 0.021563 0.039935
60 0.286253 0.317512 0.029111 0.039935
126 0.869542 0.670049 0.040970 0.040589
4252 0.285175 0.725368 0.044205 0.040589
111 0.188410 0.371522 0.028571 0.041244
70 0.198113 0.522422 0.035040 0.041244
58 0.288949 0.767921 0.029111 0.041899
70 0.191375 0.237971 0.030189 0.041899
111 0.480323 0.307365 0.030189 0.041899
121 0.861725 0.850573 0.036119 0.042226
110 0.484367 0.809329 0.046900 0.042226
108 0.778167 0.414894 0.050135 0.042226
126 0.385984 0.454010 0.047439 0.042553
2320 0.388410 0.611293 0.063073 0.044845
3868 0.868464 0.575123 0.054987 0.045172
2320 0.873046 0.278887 0.059838 0.045827
81 0.383558 0.500000 0.054447 0.046154
4720 0.780863 0.365630 0.065229 0.046481
4719 0.292183 0.423895 0.073315 0.046481
2320 0.197574 0.417512 0.058760 0.046809
2989 0.194879 0.686416 0.065229 0.047136
971 0.879245 0.197218 0.062534 0.047463
108 0.111321 0.199509 0.045822 0.048118
58 0.481132 0.610475 0.030728 0.048445
68 0.867385 0.414566 0.012938 0.048773
840 0.778437 0.200000 0.059299 0.049100
366 0.481671 0.198691 0.076011 0.049100
505 0.382210 0.362848 0.062534 0.050082
4646 0.484097 0.385597 0.037736 0.050409
2037 0.188679 0.742390 0.064690 0.050409
3984 0.377898 0.239935 0.042049 0.051064
68 0.288410 0.883142 0.014016 0.051718
3249 0.864960 0.623895 0.055526 0.051718
68 0.629111 0.518822 0.016173 0.053028
121 0.190027 0.318822 0.040431 0.053028
1775 0.482749 0.563666 0.064151 0.053028
2197 0.116442 0.300655 0.057143 0.055974
3035 0.288949 0.367921 0.049596 0.056956
4326 0.634501 0.384452 0.070081 0.058592
2438 0.195148 0.472177 0.053908 0.061211
3376 0.198383 0.801473 0.054987 0.062520
2438 0.388410 0.665466 0.052291 0.064157
2197 0.637197 0.576759 0.067925 0.070704
4348 0.638544 0.310311 0.071698 0.071358
