246 0.360494 0.645840 0.057013 0.009508
128 0.580979 0.264346 0.012614 0.009847
52 0.464430 0.267402 0.049950 0.017997
92 0.248739 0.609338 0.038345 0.019355
64 0.673310 0.875891 0.024723 0.020713
92 0.569122 0.786587 0.038345 0.020713
248 0.356458 0.266384 0.047931 0.021392
56 0.464178 0.574024 0.018163 0.022071
56 0.243946 0.672496 0.018668 0.022071
52 0.774218 0.271817 0.057013 0.022071
56 0.248486 0.394567 0.057013 0.023090
56 0.571897 0.675382 0.023713 0.024448
76 0.468466 0.321732 0.024723 0.027504
418 0.467457 0.691851 0.040868 0.027504
66 0.574420 0.526655 0.028759 0.028523
72 0.770182 0.484550 0.059031 0.028523
1173 0.361504 0.499660 0.059031 0.028862
101 0.672301 0.321053 0.069122 0.028862
91 0.359485 0.573005 0.053986 0.029542
2134 0.570131 0.838540 0.066599 0.029542
76 0.253784 0.420034 0.034309 0.029881
88 0.143794 0.279626 0.044400 0.030221
91 0.670787 0.671477 0.062059 0.030221
68 0.579465 0.808149 0.009586 0.031239
85 0.362513 0.359253 0.035822 0.031239
88 0.469980 0.509677 0.036831 0.031239
88 0.576942 0.383362 0.040868 0.031239
56 0.570383 0.451104 0.028759 0.032258
88 0.251514 0.328693 0.049950 0.032598
66 0.467205 0.431749 0.030272 0.032937
88 0.571393 0.610696 0.038850 0.033616
66 0.142785 0.407980 0.038345 0.034295
88 0.467962 0.237182 0.051968 0.034295
88 0.142533 0.841935 0.046922 0.034975
91 0.774723 0.375891 0.048940 0.035314
104 0.139506 0.621392 0.062059 0.035314
64 0.248991 0.492190 0.024723 0.035654
83 0.251514 0.362479 0.046922 0.035654
495 0.668012 0.385908 0.076690 0.035654
108 0.360747 0.318506 0.024218 0.036672
87 0.143794 0.776570 0.034309 0.036672
113 0.247225 0.579966 0.058527 0.036672
101 0.143542 0.813752 0.072149 0.037012
253 0.671292 0.414092 0.040868 0.037691
958 0.356963 0.877589 0.040868 0.037691
252 0.139506 0.241256 0.049950 0.037691
88 0.667255 0.342615 0.027750 0.038031
126 0.674823 0.803396 0.056004 0.038031
107 0.573915 0.755518 0.058022 0.038031
83 0.569879 0.646689 0.045913 0.038370
1174 0.676842 0.531579 0.051968 0.038370
2216 0.361251 0.797793 0.062563 0.038370
553 0.140515 0.737012 0.063068 0.038370
60 0.774470 0.448727 0.020182 0.039049
53 0.776236 0.338370 0.021695 0.039049
60 0.474521 0.289813 0.022704 0.039049
88 0.138749 0.581154 0.030272 0.039049
83 0.572402 0.418846 0.047931 0.039049
76 0.776741 0.306452 0.056004 0.039049
91 0.769677 0.656876 0.064077 0.039049
74 0.139001 0.659423 0.023713 0.039389
108 0.246468 0.785229 0.023713 0.039728
60 0.137992 0.699660 0.025732 0.040407
2395 0.673310 0.456537 0.044904 0.040407
4712 0.361504 0.537012 0.045913 0.040407
81 0.573411 0.238879 0.057013 0.040407
271 0.779263 0.699660 0.061049 0.040407
1157 0.138749 0.495416 0.058527 0.040747
111 0.470484 0.391341 0.028759 0.041766
2598 0.467962 0.658234 0.028759 0.041766
91 0.240414 0.873175 0.058022 0.041766
88 0.250252 0.703056 0.060545 0.041766
83 0.467205 0.546859 0.044400 0.042445
2216 0.672805 0.707131 0.060040 0.042445
70 0.677094 0.844992 0.038345 0.043124
83 0.139758 0.317657 0.044400 0.043124
2677 0.361251 0.756367 0.044400 0.043124
4191 0.672048 0.239219 0.062563 0.043124
60 0.250000 0.455348 0.024723 0.043463
66 0.570131 0.297453 0.030272 0.043463
95 0.472503 0.357555 0.071140 0.043463
83 0.141776 0.879626 0.032291 0.043803
101 0.772957 0.238200 0.056509 0.043803
88 0.358476 0.719015 0.061049 0.043803
58 0.776236 0.879796 0.041877 0.044822
127 0.778254 0.517148 0.068113 0.044822
958 0.141019 0.453141 0.040868 0.045161
717 0.251009 0.242954 0.073158 0.045161
2193 0.254036 0.287776 0.040868 0.045840
1296 0.771443 0.840917 0.050454 0.045840
710 0.772704 0.611715 0.051968 0.045840
126 0.674823 0.497963 0.064077 0.045840
118 0.245459 0.641087 0.031786 0.046180
58 0.568618 0.707131 0.036327 0.046520
646 0.360999 0.679626 0.039859 0.046520
87 0.671292 0.282683 0.040868 0.046520
2913 0.571897 0.871138 0.051968 0.046520
710 0.665742 0.633786 0.053986 0.046520
111 0.248486 0.741426 0.023713 0.047199
4252 0.139506 0.361460 0.052977 0.047199
3009 0.355197 0.836163 0.064581 0.047199
3009 0.672301 0.757046 0.065086 0.047199
1928 0.245459 0.832428 0.059031 0.048557
2987 0.367306 0.610357 0.082745 0.048557
68 0.468466 0.467572 0.013623 0.048896
58 0.775227 0.739559 0.037841 0.048896
68 0.772704 0.561121 0.009586 0.049236
68 0.570383 0.565874 0.010595 0.049236
62 0.468466 0.611036 0.050959 0.050594
4458 0.771695 0.794397 0.074168 0.051273
2836 0.136226 0.535484 0.054490 0.051613
68 0.571393 0.338031 0.012614 0.051952
90 0.250757 0.537012 0.066599 0.052632
3136 0.670030 0.579626 0.046418 0.052971
119 0.362008 0.401868 0.041877 0.053311
62 0.573915 0.477929 0.053986 0.053990
68 0.668264 0.869610 0.049950 0.054329
