246 0.869598 0.259804 0.036096 0.004395
246 0.342400 0.269946 0.039146 0.004395
642 0.663193 0.587897 0.031012 0.008114
297 0.884596 0.600068 0.032537 0.008114
297 0.350025 0.597532 0.029995 0.009128
861 0.662430 0.579277 0.036604 0.009128
642 0.549059 0.588573 0.032537 0.009466
861 0.773513 0.577586 0.038129 0.009804
642 0.236655 0.262847 0.031012 0.010480
642 0.764616 0.254395 0.034570 0.010480
861 0.655821 0.251014 0.038638 0.010480
861 0.870107 0.244253 0.042196 0.010480
642 0.774530 0.585531 0.027961 0.010818
499 0.555414 0.598377 0.035079 0.010818
642 0.655567 0.259635 0.036096 0.010818
861 0.548297 0.248479 0.041179 0.010818
642 0.440519 0.255747 0.034062 0.011156
861 0.553127 0.579615 0.036604 0.011156
861 0.886121 0.580291 0.036604 0.011832
861 0.776563 0.595504 0.037112 0.011832
861 0.443060 0.247634 0.039146 0.011832
642 0.883325 0.589926 0.027961 0.012170
251 0.238180 0.273496 0.029995 0.012170
642 0.549314 0.258283 0.033045 0.012170
248 0.545755 0.267748 0.036096 0.012170
642 0.350280 0.587052 0.026436 0.012508
251 0.763599 0.265213 0.028470 0.012508
642 0.871632 0.252366 0.033045 0.013185
861 0.765633 0.246957 0.040671 0.013185
56 0.344687 0.330122 0.018302 0.013861
302 0.655821 0.271636 0.032537 0.013861
285 0.446365 0.267579 0.034570 0.013861
302 0.238688 0.252705 0.035079 0.013861
861 0.237417 0.596180 0.036604 0.013861
642 0.237163 0.584348 0.029995 0.014537
501 0.661668 0.599053 0.035079 0.014875
302 0.238943 0.574037 0.038638 0.014875
302 0.448144 0.578262 0.042196 0.015213
302 0.352059 0.577924 0.041179 0.015889
642 0.340874 0.259804 0.034062 0.016565
302 0.343925 0.251014 0.042196 0.017241
64 0.662684 0.691684 0.024911 0.017579
85 0.543721 0.364266 0.029995 0.018594
642 0.446111 0.592292 0.037112 0.021636
52 0.876207 0.386072 0.052364 0.021636
56 0.658617 0.363928 0.024911 0.022650
108 0.246060 0.717208 0.012201 0.023327
56 0.767921 0.391481 0.022877 0.025693
91 0.776055 0.800710 0.051347 0.026707
81 0.879258 0.668695 0.047280 0.027045
78 0.550076 0.447093 0.040671 0.027383
91 0.668531 0.797329 0.061007 0.027383
495 0.874428 0.334855 0.067107 0.027383
108 0.656584 0.301555 0.021861 0.029750
66 0.766650 0.298174 0.038638 0.029750
113 0.879766 0.741717 0.061515 0.029750
78 0.450686 0.464672 0.040163 0.030088
122 0.877733 0.406525 0.051347 0.030088
113 0.550839 0.634043 0.062532 0.030088
111 0.879512 0.471941 0.030503 0.031102
58 0.545755 0.303753 0.031012 0.031440
91 0.246060 0.663117 0.065074 0.031440
1799 0.244281 0.821839 0.034062 0.032454
91 0.770971 0.451657 0.057448 0.032454
91 0.351042 0.823360 0.066599 0.032792
111 0.543213 0.416329 0.021861 0.033469
91 0.452211 0.493408 0.066599 0.033469
91 0.557194 0.798005 0.067107 0.033469
53 0.873157 0.357674 0.021861 0.033807
111 0.662938 0.632184 0.026436 0.033807
78 0.345704 0.426640 0.036604 0.033807
91 0.885613 0.817782 0.058973 0.033807
81 0.657346 0.333502 0.050839 0.034145
91 0.244281 0.788540 0.056431 0.034145
91 0.344433 0.457573 0.059481 0.034145
53 0.877224 0.439317 0.018810 0.034821
2677 0.447636 0.634888 0.044230 0.035159
108 0.347483 0.305105 0.053381 0.035497
127 0.553127 0.388269 0.065074 0.035497
91 0.662938 0.427147 0.065074 0.035497
91 0.550330 0.472786 0.069649 0.035497
1799 0.772750 0.833333 0.040671 0.036511
1799 0.662176 0.821163 0.044230 0.036511
1799 0.551347 0.824713 0.045247 0.036849
91 0.238434 0.410581 0.052872 0.036849
53 0.768175 0.360886 0.020336 0.037525
1799 0.448907 0.514706 0.036604 0.037525
111 0.443569 0.430020 0.024911 0.037863
87 0.351042 0.639621 0.036096 0.037863
81 0.342908 0.678161 0.047280 0.037863
53 0.880783 0.637086 0.026945 0.038201
78 0.350280 0.791582 0.032537 0.038201
1799 0.447890 0.805781 0.034570 0.038201
91 0.437977 0.355477 0.059481 0.038201
91 0.447128 0.766903 0.060498 0.038201
127 0.550839 0.338235 0.064565 0.038201
76 0.770463 0.335193 0.060498 0.038878
118 0.657600 0.395538 0.014743 0.039216
1799 0.878241 0.844828 0.040163 0.039216
78 0.882562 0.507437 0.040671 0.039216
1799 0.769700 0.487492 0.042705 0.039216
81 0.241739 0.692698 0.051347 0.039216
107 0.449161 0.733604 0.057448 0.039216
122 0.668785 0.668019 0.064565 0.039216
1799 0.659888 0.457235 0.036604 0.039554
1799 0.350025 0.848377 0.046263 0.039554
4458 0.662684 0.762170 0.069649 0.039554
68 0.666751 0.719405 0.015760 0.040568
3381 0.243010 0.632522 0.038638 0.040568
78 0.779105 0.767410 0.039146 0.040568
1799 0.342654 0.483435 0.042705 0.040568
330 0.773767 0.635565 0.048805 0.040568
95 0.769192 0.422583 0.063040 0.040568
1799 0.548297 0.496112 0.035079 0.040906
1964 0.876207 0.304091 0.065582 0.040906
110 0.350025 0.712813 0.054398 0.041582
127 0.345450 0.357505 0.063549 0.041582
2987 0.776055 0.679344 0.072700 0.041582
1799 0.236655 0.447431 0.047280 0.042934
111 0.344433 0.387762 0.024911 0.043272
78 0.555923 0.761325 0.036096 0.043272
58 0.881800 0.780426 0.035079 0.044287
4458 0.235130 0.370690 0.064565 0.044287
58 0.552110 0.669709 0.036604 0.044625
2987 0.445348 0.393847 0.069141 0.044625
111 0.345704 0.749324 0.028470 0.044963
111 0.550330 0.716193 0.028978 0.045639
118 0.875191 0.707404 0.023894 0.046315
1969 0.444331 0.310852 0.050839 0.046315
111 0.770717 0.723293 0.036604 0.046991
47 0.251144 0.744253 0.034570 0.049696
3381 0.239451 0.318627 0.042705 0.053753
76 0.444331 0.684753 0.038638 0.057809
