246 0.283432 0.332231 0.024090 0.002836
246 0.199853 0.756931 0.026057 0.003466
246 0.191986 0.123819 0.032940 0.003781
246 0.516224 0.471960 0.033432 0.003781
246 0.274336 0.122716 0.035398 0.004096
246 0.271878 0.470227 0.037365 0.004096
246 0.190511 0.469597 0.034907 0.004726
246 0.762291 0.122401 0.038840 0.004726
246 0.514749 0.120825 0.043265 0.005356
297 0.286627 0.762130 0.035398 0.010082
297 0.203294 0.332861 0.029990 0.011027
861 0.527040 0.341367 0.025565 0.016068
64 0.189774 0.633585 0.017699 0.017643
91 0.275565 0.250945 0.029007 0.019849
56 0.764749 0.839477 0.017207 0.021109
2678 0.204277 0.354600 0.023107 0.021739
85 0.513520 0.150756 0.031957 0.021739
91 0.191495 0.606963 0.031957 0.021739
86 0.119715 0.521267 0.045723 0.021739
91 0.518928 0.257246 0.032940 0.022369
66 0.274582 0.556711 0.027040 0.022684
52 0.109882 0.776150 0.041790 0.023629
122 0.115290 0.806238 0.029990 0.023945
120 0.113324 0.684468 0.019174 0.024260
91 0.517453 0.712508 0.032940 0.024890
91 0.110619 0.871613 0.039331 0.024890
52 0.766224 0.716761 0.039823 0.025205
1173 0.191495 0.539067 0.045723 0.025205
64 0.276057 0.728261 0.025074 0.025520
88 0.110619 0.595621 0.037365 0.025520
91 0.275074 0.697070 0.024090 0.026150
501 0.530236 0.797889 0.026057 0.026150
717 0.283923 0.788752 0.041790 0.026150
717 0.530236 0.826875 0.043756 0.026150
95 0.111357 0.713926 0.038840 0.026465
72 0.433874 0.361059 0.042773 0.026465
68 0.527286 0.231727 0.009341 0.026780
2707 0.205998 0.383585 0.027532 0.026780
105 0.520403 0.204631 0.045723 0.026780
83 0.109390 0.626497 0.032940 0.028040
83 0.433382 0.530403 0.034907 0.028040
72 0.111111 0.437146 0.041298 0.028040
88 0.765978 0.813327 0.041298 0.028040
118 0.274336 0.584594 0.015733 0.028670
53 0.517453 0.176118 0.013274 0.028986
126 0.760079 0.275362 0.035398 0.028986
67 0.525074 0.551985 0.041298 0.028986
717 0.526794 0.370983 0.039823 0.029301
98 0.107670 0.655482 0.041298 0.029301
1083 0.762291 0.352394 0.038840 0.029931
4458 0.275565 0.625551 0.044739 0.029931
118 0.764749 0.504726 0.018191 0.030246
4345 0.353245 0.385003 0.039823 0.030246
67 0.202557 0.196912 0.047198 0.030246
72 0.108407 0.748740 0.040806 0.030561
68 0.192478 0.660838 0.006391 0.031191
85 0.764503 0.578607 0.013766 0.031191
60 0.436332 0.691241 0.020157 0.031506
108 0.116519 0.370038 0.011799 0.031821
85 0.196165 0.228576 0.015733 0.031821
118 0.768437 0.745589 0.025565 0.031821
72 0.763766 0.687618 0.048673 0.032451
53 0.765733 0.780718 0.016224 0.032766
104 0.761799 0.158790 0.041790 0.032766
118 0.519420 0.586169 0.020157 0.033081
119 0.770157 0.652331 0.020157 0.033081
64 0.438299 0.246849 0.036873 0.033081
83 0.760324 0.433680 0.035890 0.033711
717 0.111357 0.404694 0.058505 0.033711
861 0.115290 0.253623 0.033923 0.034026
2983 0.276057 0.664304 0.032940 0.034342
109 0.440265 0.562224 0.044739 0.034342
28 0.594887 0.277725 0.053097 0.034972
53 0.110865 0.551670 0.016224 0.035287
2542 0.766716 0.309704 0.038840 0.035287
81 0.438791 0.652489 0.041790 0.035287
4458 0.518928 0.636106 0.044739 0.035287
3936 0.190020 0.505041 0.046706 0.035287
4451 0.848328 0.382483 0.055556 0.035287
111 0.114798 0.336011 0.022124 0.035602
87 0.437807 0.727001 0.034907 0.036232
3868 0.192478 0.575929 0.028024 0.036547
109 0.679941 0.203529 0.047198 0.036547
88 0.436087 0.498267 0.019666 0.036862
4451 0.763029 0.239288 0.049164 0.036862
28 0.848083 0.278986 0.055064 0.036862
53 0.113569 0.836957 0.015733 0.037492
68 0.267945 0.586484 0.025565 0.037492
675 0.598083 0.379175 0.049656 0.037492
53 0.195182 0.264650 0.017699 0.037807
646 0.283923 0.365627 0.036873 0.038122
769 0.114798 0.293793 0.043756 0.038122
717 0.442232 0.327190 0.050639 0.038122
102 0.684120 0.290013 0.042773 0.038752
710 0.430678 0.209987 0.047198 0.039382
883 0.600049 0.324039 0.048673 0.039382
2987 0.195182 0.700851 0.049164 0.039382
90 0.765733 0.615154 0.050639 0.039382
68 0.763274 0.196755 0.010324 0.040013
92 0.761062 0.468652 0.021632 0.040013
2677 0.196411 0.161153 0.033923 0.040013
28 0.357670 0.277725 0.058505 0.040013
70 0.677237 0.246692 0.023107 0.040328
119 0.439282 0.765753 0.019174 0.040643
2983 0.276549 0.217864 0.038840 0.040643
62 0.768682 0.870668 0.042773 0.040643
90 0.440511 0.286862 0.045231 0.042533
1295 0.846853 0.323566 0.034907 0.042848
68 0.517207 0.590422 0.035398 0.042848
2983 0.517453 0.293636 0.039823 0.042848
68 0.111603 0.556238 0.039331 0.043793
2983 0.516470 0.677851 0.039823 0.043793
88 0.762783 0.395715 0.018191 0.044108
2987 0.274582 0.288910 0.047689 0.044108
646 0.199361 0.788752 0.031957 0.044423
68 0.437807 0.601922 0.010324 0.045054
710 0.109882 0.210618 0.034907 0.046314
3000 0.277040 0.165406 0.054572 0.046629
3459 0.435841 0.400914 0.042773 0.046944
1834 0.353736 0.327190 0.046706 0.047574
1138 0.517207 0.510555 0.035398 0.048204
2987 0.518928 0.749685 0.054572 0.048204
2896 0.111849 0.479049 0.038840 0.048834
47 0.767207 0.538280 0.032940 0.049464
2959 0.439774 0.450536 0.042773 0.051670
1138 0.269912 0.512760 0.043265 0.052615
4458 0.354720 0.447543 0.050639 0.053245
4458 0.601278 0.452268 0.051131 0.053245
4458 0.849558 0.454946 0.057030 0.054190
68 0.680678 0.340107 0.006391 0.060176
