56 0.790288 0.731287 0.018991 0.015430
101 0.116115 0.355877 0.034726 0.016415
56 0.303581 0.404137 0.023332 0.019698
72 0.116386 0.858831 0.026587 0.020355
81 0.106891 0.229810 0.051004 0.020355
88 0.298155 0.339790 0.015735 0.021668
1810 0.879273 0.381648 0.027672 0.023966
88 0.112317 0.497866 0.017363 0.024622
495 0.107705 0.382305 0.078676 0.024622
64 0.299783 0.504104 0.027672 0.025279
88 0.206999 0.642318 0.043950 0.025936
88 0.301139 0.768385 0.048833 0.025936
88 0.876289 0.504760 0.048833 0.026592
88 0.790016 0.430072 0.052089 0.026921
56 0.690450 0.401510 0.058058 0.026921
495 0.792187 0.609980 0.065111 0.026921
88 0.879544 0.188444 0.054259 0.028234
501 0.879002 0.347997 0.058600 0.028234
553 0.695062 0.623112 0.068367 0.028234
85 0.694791 0.518549 0.018991 0.028562
51 0.109333 0.189921 0.053717 0.028562
88 0.693163 0.587820 0.061313 0.028562
53 0.696961 0.429580 0.016820 0.029219
117 0.590342 0.473572 0.022789 0.029219
120 0.689365 0.223736 0.027672 0.029219
51 0.879816 0.774294 0.045035 0.029219
91 0.119099 0.686638 0.048291 0.029219
118 0.878730 0.806632 0.014650 0.029547
119 0.204286 0.463559 0.022246 0.029547
120 0.793543 0.795798 0.025502 0.030204
76 0.298698 0.434176 0.030928 0.030532
88 0.787846 0.190250 0.031470 0.030532
302 0.876017 0.310735 0.056972 0.030532
91 0.587086 0.188116 0.047748 0.031517
251 0.698861 0.848818 0.039067 0.031845
252 0.691807 0.190578 0.039067 0.032502
88 0.200217 0.192055 0.030385 0.033487
83 0.298698 0.375575 0.046120 0.033487
642 0.787303 0.340939 0.041237 0.033815
62 0.795985 0.761819 0.051004 0.033815
302 0.788931 0.307781 0.064026 0.033815
111 0.693706 0.552692 0.023332 0.034471
91 0.303581 0.685817 0.051546 0.034800
70 0.204829 0.426625 0.046120 0.035128
83 0.297341 0.831418 0.046663 0.035128
251 0.793001 0.514117 0.043950 0.035456
126 0.875203 0.697965 0.052089 0.036113
95 0.876289 0.842416 0.054259 0.036113
127 0.792187 0.269370 0.062941 0.036441
68 0.785947 0.228989 0.047206 0.037098
126 0.299783 0.253283 0.061313 0.037098
2593 0.698047 0.664806 0.041780 0.037426
2489 0.112317 0.465200 0.065111 0.037426
68 0.876831 0.229974 0.048833 0.037754
4034 0.589528 0.377380 0.059143 0.037754
1592 0.796256 0.836999 0.068909 0.037754
127 0.876560 0.270519 0.054802 0.038739
126 0.204558 0.384767 0.056430 0.038739
68 0.310635 0.805975 0.011394 0.039396
111 0.875203 0.417269 0.023874 0.039396
680 0.880087 0.890184 0.039067 0.039724
750 0.199946 0.296619 0.068909 0.039724
1375 0.120998 0.725706 0.071622 0.039724
68 0.216766 0.680565 0.009224 0.040053
60 0.297070 0.467334 0.022246 0.041037
83 0.683668 0.367203 0.022789 0.041037
735 0.447640 0.485062 0.084645 0.042351
90 0.303852 0.547932 0.077048 0.042679
126 0.117200 0.770355 0.041237 0.043007
126 0.793001 0.698785 0.042865 0.043007
3231 0.877916 0.737853 0.057515 0.043007
4311 0.208899 0.830105 0.057515 0.043007
93 0.123440 0.895437 0.062398 0.043007
3435 0.701302 0.891005 0.048291 0.043336
2320 0.208899 0.605712 0.057515 0.043336
3004 0.791644 0.469961 0.062941 0.043664
2489 0.448454 0.535456 0.077591 0.043992
978 0.699674 0.710932 0.058058 0.044320
81 0.589799 0.284307 0.054259 0.044649
4416 0.118014 0.647899 0.056972 0.044977
2685 0.879544 0.597012 0.057515 0.044977
735 0.113131 0.422193 0.072165 0.045305
1977 0.698589 0.757058 0.078676 0.045305
58 0.107705 0.268221 0.029843 0.045962
62 0.589528 0.331582 0.043950 0.045962
126 0.690179 0.266579 0.048833 0.045962
836 0.200217 0.344386 0.059685 0.045962
4416 0.303310 0.647571 0.062941 0.046290
2320 0.113131 0.318286 0.063483 0.046947
1375 0.303039 0.729974 0.072165 0.046947
70 0.112046 0.542351 0.028757 0.047275
552 0.211612 0.888050 0.049919 0.047275
1396 0.210798 0.771504 0.061313 0.047275
1237 0.119371 0.822554 0.056430 0.047603
629 0.208356 0.555483 0.053174 0.047932
2320 0.304395 0.302035 0.064026 0.047932
83 0.587629 0.430401 0.027130 0.048588
1666 0.686923 0.314511 0.072708 0.048588
83 0.197233 0.505909 0.026587 0.049902
4162 0.449539 0.430893 0.063483 0.050230
4475 0.118285 0.597505 0.067282 0.050558
83 0.201574 0.719140 0.025502 0.051543
2193 0.795714 0.884931 0.040695 0.051543
1894 0.790016 0.385588 0.057515 0.051543
717 0.795985 0.564347 0.068367 0.051871
4475 0.302767 0.597177 0.072708 0.051871
4435 0.587086 0.233585 0.064026 0.052200
1615 0.791101 0.654793 0.069452 0.052200
4523 0.874932 0.646914 0.054802 0.052856
4473 0.302767 0.885916 0.079219 0.052856
2193 0.875475 0.464708 0.040695 0.053513
3936 0.199132 0.243598 0.064026 0.054498
2354 0.878459 0.550066 0.058600 0.056796
3341 0.697504 0.810243 0.040695 0.057124
121 0.449810 0.365726 0.052089 0.057124
4317 0.454693 0.301215 0.088985 0.057452
69 0.697775 0.470781 0.028215 0.058437
3439 0.299512 0.204038 0.049919 0.062049
68 0.589799 0.530204 0.018448 0.065660
