246 0.696947 0.129495 0.042543 0.004101
246 0.780030 0.128864 0.040541 0.004732
246 0.781031 0.478076 0.041542 0.004732
246 0.690941 0.477603 0.044545 0.005047
246 0.790791 0.268297 0.034034 0.005363
102 0.120871 0.357256 0.052553 0.014196
101 0.113864 0.776814 0.050551 0.015457
302 0.701451 0.291956 0.038539 0.017350
92 0.113614 0.726183 0.034034 0.017666
56 0.197948 0.396688 0.016517 0.018612
101 0.364865 0.256940 0.054054 0.018612
642 0.703203 0.271767 0.034034 0.019243
251 0.790290 0.641167 0.042042 0.019243
91 0.691692 0.596215 0.034034 0.020189
88 0.444194 0.816719 0.035536 0.020189
64 0.362863 0.346530 0.026026 0.020505
64 0.528529 0.614353 0.028028 0.020505
91 0.360360 0.796688 0.034034 0.020505
56 0.529530 0.317192 0.014014 0.021136
120 0.118869 0.340852 0.016517 0.021136
56 0.528779 0.548107 0.016517 0.021136
56 0.194444 0.838013 0.051552 0.021136
92 0.529530 0.527760 0.040040 0.021451
56 0.113864 0.795426 0.015516 0.021767
91 0.446947 0.419401 0.034034 0.021767
91 0.194695 0.668454 0.032032 0.022713
88 0.195696 0.881388 0.044044 0.022713
85 0.114364 0.202997 0.028529 0.023028
85 0.109359 0.818454 0.021522 0.023659
87 0.112863 0.846215 0.029530 0.023659
127 0.691441 0.571767 0.047548 0.023659
55 0.525275 0.837539 0.041542 0.023975
52 0.278028 0.555205 0.047548 0.023975
91 0.363614 0.317508 0.031532 0.024290
65 0.120370 0.603312 0.040541 0.024290
88 0.446697 0.550315 0.045546 0.024290
56 0.113864 0.512461 0.047548 0.024290
117 0.193193 0.785331 0.022022 0.024921
2987 0.692943 0.619085 0.022523 0.024921
251 0.445195 0.350631 0.042543 0.024921
88 0.115365 0.632177 0.039540 0.025237
88 0.612362 0.838170 0.039540 0.025237
81 0.115365 0.660568 0.041542 0.025237
91 0.448699 0.321293 0.032533 0.025552
88 0.279780 0.654732 0.044044 0.025552
120 0.613864 0.718139 0.024525 0.026183
126 0.615616 0.336751 0.040040 0.026183
126 0.278779 0.728549 0.042042 0.026183
123 0.612613 0.808517 0.022022 0.026498
126 0.194444 0.757098 0.037538 0.026498
72 0.282032 0.529338 0.045546 0.026498
117 0.285285 0.292902 0.022022 0.026814
83 0.442943 0.733912 0.030030 0.026814
1173 0.614615 0.252208 0.042042 0.026814
56 0.864364 0.469874 0.052052 0.026814
56 0.527778 0.497319 0.052553 0.026814
53 0.610360 0.747476 0.017518 0.027445
126 0.360861 0.464826 0.038038 0.027445
1173 0.781031 0.159148 0.045546 0.027445
119 0.528779 0.341640 0.017518 0.027760
127 0.193443 0.853943 0.050551 0.027760
1345 0.700450 0.650631 0.041542 0.028076
111 0.285536 0.242587 0.028529 0.029022
65 0.200701 0.726814 0.036036 0.029022
127 0.865115 0.496530 0.046547 0.029022
123 0.195946 0.597319 0.026527 0.029338
495 0.441191 0.707098 0.051552 0.029338
53 0.360611 0.691009 0.017518 0.029968
60 0.284034 0.321609 0.019520 0.029968
117 0.865365 0.409621 0.022022 0.029968
3735 0.114615 0.314984 0.034034 0.029968
105 0.616366 0.533596 0.049550 0.029968
495 0.282533 0.270505 0.056557 0.029968
85 0.530030 0.737539 0.016016 0.030284
53 0.690941 0.511672 0.016517 0.030284
60 0.608358 0.463722 0.017518 0.030284
117 0.116617 0.452366 0.026026 0.030284
122 0.280280 0.583912 0.032032 0.030284
86 0.702953 0.543218 0.032533 0.030284
93 0.531782 0.289905 0.034535 0.030284
83 0.196446 0.565931 0.035536 0.030284
251 0.195445 0.292744 0.042543 0.030284
108 0.194695 0.697476 0.044044 0.030284
53 0.111862 0.484385 0.015516 0.030599
73 0.366116 0.621609 0.053554 0.030599
495 0.364364 0.492587 0.062062 0.031230
66 0.447197 0.206782 0.030531 0.031861
119 0.282032 0.390694 0.016517 0.032492
85 0.446947 0.481861 0.018018 0.032492
119 0.362613 0.557256 0.018519 0.032492
119 0.111612 0.873975 0.024024 0.032492
127 0.108859 0.539590 0.040541 0.032492
108 0.116867 0.573975 0.042543 0.032492
127 0.364615 0.766404 0.048549 0.032492
252 0.869620 0.375868 0.052553 0.032492
53 0.864364 0.441640 0.018018 0.032808
66 0.447197 0.446688 0.025526 0.032808
53 0.190440 0.813722 0.016517 0.033123
83 0.280030 0.495426 0.040541 0.033123
70 0.283033 0.357256 0.022523 0.033754
111 0.200951 0.459779 0.030531 0.033754
126 0.118118 0.231703 0.036036 0.033754
73 0.283534 0.458517 0.055556 0.033754
119 0.196446 0.425237 0.019520 0.034069
627 0.706957 0.685174 0.037538 0.034069
109 0.278529 0.836593 0.045546 0.034069
81 0.607357 0.778549 0.050551 0.034069
117 0.528529 0.426656 0.028028 0.034385
83 0.447197 0.243375 0.029530 0.034385
627 0.707207 0.320978 0.038038 0.034385
126 0.280531 0.210252 0.042543 0.035016
1834 0.531782 0.256940 0.046547 0.035016
53 0.445696 0.516877 0.016517 0.035647
117 0.612112 0.427918 0.024024 0.035647
107 0.361612 0.590694 0.027528 0.035647
87 0.613864 0.687224 0.043544 0.035647
68 0.609610 0.498580 0.046046 0.035647
119 0.610360 0.567035 0.020521 0.036278
70 0.362362 0.522555 0.030030 0.036278
68 0.279530 0.762303 0.035536 0.036278
28 0.870621 0.288801 0.061562 0.036278
1834 0.202953 0.330915 0.042543 0.036593
2193 0.446697 0.584227 0.050551 0.036593
70 0.279530 0.875552 0.028529 0.036909
107 0.282032 0.426656 0.032533 0.036909
58 0.279279 0.799211 0.040040 0.036909
495 0.610861 0.870820 0.069570 0.036909
683 0.359610 0.661830 0.054555 0.037855
107 0.113363 0.748107 0.027528 0.038170
87 0.201451 0.211830 0.041542 0.038170
978 0.609359 0.608044 0.046547 0.038170
53 0.280030 0.618770 0.016517 0.038801
87 0.527528 0.773344 0.036036 0.038801
109 0.201952 0.491009 0.048549 0.038801
2059 0.868368 0.331073 0.056056 0.038801
717 0.446196 0.670189 0.056557 0.038801
93 0.202452 0.367350 0.037538 0.039432
68 0.196446 0.530757 0.008509 0.040063
68 0.530781 0.577760 0.008509 0.040063
1792 0.792042 0.679968 0.033534 0.040063
60 0.526777 0.464038 0.021522 0.040379
60 0.115866 0.693691 0.024525 0.040379
58 0.528278 0.873817 0.031532 0.040379
86 0.371371 0.728864 0.032032 0.040694
710 0.361361 0.282492 0.038038 0.040694
2987 0.365616 0.825552 0.054555 0.041640
58 0.613864 0.646845 0.027528 0.041956
485 0.615866 0.212461 0.040541 0.041956
68 0.534785 0.811830 0.014515 0.042587
118 0.191441 0.635489 0.026527 0.042587
68 0.363113 0.378549 0.009510 0.042902
710 0.448699 0.283912 0.040541 0.042902
648 0.531532 0.214038 0.030030 0.043849
958 0.444945 0.628864 0.030030 0.043849
1792 0.448448 0.384069 0.038038 0.045110
119 0.200450 0.253943 0.023524 0.045426
3439 0.358358 0.869716 0.040040 0.045426
2752 0.780781 0.511987 0.058058 0.045426
3868 0.615115 0.293849 0.026026 0.045741
68 0.533283 0.648423 0.009510 0.046372
2429 0.446697 0.855363 0.038539 0.046372
3136 0.533534 0.379022 0.044044 0.046372
1270 0.276026 0.694479 0.047548 0.047634
69 0.450951 0.870505 0.070070 0.048265
68 0.114364 0.273975 0.015516 0.050158
2987 0.533283 0.694479 0.051552 0.050158
2987 0.367117 0.424448 0.055556 0.050158
1831 0.364615 0.218454 0.028529 0.050789
646 0.793794 0.314669 0.036036 0.051420
3439 0.695946 0.176183 0.039540 0.052681
3604 0.445696 0.776814 0.056557 0.053312
2438 0.612863 0.380126 0.038539 0.054259
3868 0.783534 0.207886 0.036537 0.056782
3009 0.776527 0.583754 0.049550 0.058360
68 0.116366 0.401104 0.011512 0.065300
