92 0.874866 0.749836 0.038668 0.013098
92 0.585124 0.546660 0.038131 0.015390
56 0.580827 0.829568 0.014501 0.016699
56 0.312567 0.648657 0.018260 0.017682
93 0.692803 0.635396 0.055854 0.018009
64 0.783835 0.259496 0.020945 0.018664
99 0.585929 0.347086 0.068743 0.024231
120 0.582975 0.888016 0.020945 0.024885
98 0.772556 0.812541 0.048872 0.025213
55 0.784103 0.232973 0.064447 0.025213
85 0.685285 0.189587 0.015038 0.026195
88 0.307465 0.388671 0.047798 0.026195
56 0.684479 0.433366 0.056391 0.026523
88 0.869764 0.895219 0.056391 0.027505
1810 0.782223 0.483628 0.033835 0.028160
64 0.682599 0.740341 0.048335 0.028160
118 0.311224 0.671742 0.013426 0.028487
85 0.685285 0.771611 0.017186 0.028487
85 0.588077 0.428618 0.038668 0.028815
60 0.319280 0.364276 0.016649 0.029142
76 0.773362 0.849542 0.033298 0.029142
547 0.784372 0.685822 0.059613 0.029142
1006 0.308002 0.337754 0.068206 0.029142
88 0.587540 0.277669 0.021482 0.029470
88 0.681525 0.361657 0.015038 0.029797
107 0.587272 0.308284 0.023093 0.029797
76 0.777658 0.321382 0.026853 0.029797
91 0.682062 0.710544 0.048335 0.030124
91 0.584049 0.624754 0.049946 0.030124
91 0.873523 0.232318 0.051020 0.030452
2595 0.306928 0.190897 0.072503 0.030779
126 0.871375 0.323510 0.048872 0.031434
126 0.780075 0.389817 0.056391 0.031762
83 0.776047 0.782089 0.038668 0.032417
70 0.683405 0.558284 0.029538 0.032744
91 0.309613 0.307138 0.053169 0.032744
1341 0.687164 0.517191 0.043502 0.033071
126 0.314715 0.532744 0.055854 0.033399
108 0.876477 0.399967 0.018260 0.033726
119 0.784640 0.294859 0.022556 0.033726
62 0.586466 0.858710 0.046187 0.033726
126 0.875403 0.435331 0.058002 0.033726
126 0.685822 0.892927 0.056928 0.034054
1083 0.687701 0.327276 0.041353 0.034381
83 0.680183 0.399640 0.044576 0.034381
2061 0.312299 0.224132 0.052095 0.034381
902 0.873792 0.362475 0.069817 0.035363
120 0.776584 0.353798 0.026853 0.035691
126 0.781418 0.606582 0.055854 0.035691
2595 0.453545 0.391454 0.066058 0.035691
68 0.319012 0.422724 0.009667 0.036018
126 0.589151 0.802390 0.039742 0.036346
105 0.788937 0.570236 0.063373 0.038310
750 0.306660 0.747380 0.068743 0.038310
330 0.307465 0.827112 0.042427 0.038638
499 0.173201 0.300589 0.092911 0.038638
60 0.678571 0.805010 0.024168 0.038965
2222 0.312299 0.497053 0.064984 0.039293
691 0.786251 0.647511 0.074114 0.039620
119 0.588346 0.468893 0.027390 0.039948
2395 0.873792 0.531762 0.053706 0.039948
126 0.779270 0.889489 0.044039 0.040275
2987 0.581364 0.242469 0.049946 0.040275
70 0.586735 0.388343 0.032760 0.040602
119 0.685822 0.232646 0.029001 0.040930
2395 0.782223 0.194990 0.049946 0.040930
121 0.872986 0.712672 0.059613 0.040930
710 0.873792 0.195645 0.052632 0.041585
1907 0.683673 0.280124 0.062299 0.041585
81 0.780075 0.524394 0.053169 0.042895
2987 0.584855 0.510151 0.068743 0.043222
71 0.880236 0.670105 0.044039 0.044204
126 0.877820 0.567944 0.048872 0.044204
836 0.303706 0.788310 0.063910 0.044204
3006 0.683942 0.673707 0.069280 0.044204
1559 0.684748 0.849214 0.062299 0.044859
2987 0.587540 0.665029 0.069817 0.045842
58 0.681794 0.472659 0.027390 0.046169
691 0.587809 0.196464 0.054243 0.046496
2426 0.305317 0.870170 0.067132 0.046824
268 0.867884 0.848887 0.059076 0.047479
83 0.301289 0.453340 0.024705 0.048134
2752 0.584318 0.714637 0.071966 0.048134
2411 0.872986 0.623772 0.060687 0.048461
121 0.682062 0.598887 0.062299 0.048461
3009 0.583781 0.764735 0.069817 0.048788
3868 0.589689 0.582842 0.051557 0.049116
58 0.868153 0.482646 0.030612 0.049771
1286 0.310419 0.267518 0.060150 0.050426
3160 0.781955 0.437787 0.060150 0.053700
781 0.307465 0.612148 0.064984 0.055337
1354 0.310419 0.577767 0.056928 0.055992
1799 0.165951 0.377210 0.080559 0.056320
975 0.872718 0.790111 0.059076 0.056974
68 0.780075 0.733792 0.012352 0.058939
965 0.875403 0.278324 0.059076 0.062868
68 0.299678 0.696955 0.011815 0.065160
2061 0.453276 0.459725 0.074114 0.070072
781 0.455424 0.316798 0.075188 0.071054
3411 0.173201 0.463163 0.067132 0.081532
