92 0.135361 0.887457 0.028525 0.013402
101 0.570775 0.655842 0.024220 0.014777
101 0.130786 0.288488 0.027987 0.014777
65 0.558934 0.396220 0.033907 0.015120
56 0.472282 0.464777 0.015608 0.017526
98 0.466093 0.785395 0.049516 0.018900
56 0.556243 0.701718 0.027449 0.019244
81 0.464209 0.234708 0.038213 0.019244
56 0.373251 0.209107 0.014532 0.021649
119 0.466900 0.311512 0.016685 0.021649
56 0.214747 0.820103 0.017223 0.021649
102 0.131324 0.473368 0.047363 0.021649
52 0.462056 0.212543 0.051130 0.021649
55 0.291981 0.326632 0.051130 0.021649
91 0.472551 0.582131 0.030140 0.021993
598 0.567008 0.810309 0.048977 0.021993
111 0.466362 0.258247 0.025296 0.022337
88 0.138052 0.829381 0.030678 0.022337
88 0.467438 0.512543 0.039290 0.022337
91 0.137783 0.675086 0.030140 0.023024
88 0.290366 0.455326 0.038213 0.023368
81 0.213940 0.768385 0.039290 0.023368
117 0.467976 0.285395 0.027449 0.023711
110 0.471206 0.488832 0.027449 0.023711
85 0.476857 0.707045 0.027987 0.023711
118 0.475511 0.441065 0.017761 0.024399
91 0.288213 0.246220 0.033907 0.024399
88 0.216631 0.608419 0.036060 0.024399
252 0.291442 0.431443 0.041442 0.024399
88 0.549247 0.255670 0.034984 0.024742
60 0.293057 0.621478 0.014532 0.025086
76 0.380517 0.666838 0.017223 0.025086
88 0.380248 0.581959 0.042519 0.025773
120 0.209634 0.369072 0.019914 0.026117
85 0.561895 0.409966 0.023681 0.026117
68 0.295479 0.819244 0.023681 0.026117
119 0.297363 0.678007 0.027449 0.026117
98 0.293326 0.650859 0.040904 0.026117
88 0.289828 0.302921 0.033907 0.026460
91 0.205059 0.289519 0.038751 0.026460
72 0.216631 0.886770 0.040366 0.026460
252 0.288213 0.274399 0.042519 0.027148
88 0.473358 0.844158 0.044672 0.027148
3731 0.136975 0.736254 0.045748 0.027148
55 0.471744 0.733849 0.048977 0.027148
327 0.474704 0.877491 0.053821 0.027148
111 0.472820 0.763058 0.013455 0.027835
53 0.125135 0.298454 0.027449 0.027835
83 0.376480 0.259622 0.030678 0.027835
58 0.211787 0.467182 0.039290 0.027835
62 0.562433 0.726632 0.040904 0.027835
4032 0.138052 0.799141 0.055436 0.027835
120 0.379171 0.687113 0.024220 0.028522
83 0.557589 0.582646 0.025834 0.028522
60 0.561895 0.432818 0.027987 0.028522
55 0.210441 0.440034 0.036598 0.028522
83 0.295479 0.842096 0.036598 0.028522
113 0.382400 0.372337 0.054360 0.028522
111 0.213940 0.743986 0.015608 0.028866
83 0.216093 0.793127 0.028525 0.028866
87 0.386975 0.610997 0.030140 0.028866
1907 0.222551 0.644674 0.061895 0.028866
117 0.130786 0.589691 0.017223 0.030241
117 0.207481 0.494502 0.024220 0.030241
62 0.376749 0.227148 0.027987 0.030241
107 0.217438 0.862199 0.030140 0.030241
1083 0.219860 0.674570 0.033907 0.030241
58 0.296286 0.355326 0.037137 0.030241
58 0.216631 0.517526 0.041442 0.030241
126 0.296555 0.791409 0.047363 0.030241
683 0.293595 0.713402 0.054360 0.030241
4451 0.680571 0.525258 0.056512 0.030584
126 0.390474 0.876804 0.029602 0.031271
287 0.132131 0.698797 0.040366 0.031271
1834 0.215554 0.551375 0.048977 0.031271
126 0.555167 0.321821 0.034984 0.031959
1174 0.464747 0.340378 0.044672 0.031959
4451 0.201023 0.252405 0.045748 0.031959
68 0.462863 0.372337 0.015070 0.032646
85 0.384284 0.437629 0.015070 0.032646
119 0.383208 0.636254 0.021529 0.032646
117 0.294672 0.595704 0.031755 0.032646
58 0.134284 0.619416 0.041442 0.032646
1891 0.380517 0.476117 0.043057 0.032646
126 0.560280 0.508419 0.045210 0.032646
4260 0.207481 0.404296 0.022067 0.034021
83 0.138321 0.856357 0.017223 0.034364
870 0.134822 0.763230 0.041442 0.034364
3338 0.392088 0.791409 0.044672 0.034364
4451 0.549516 0.290034 0.053821 0.034364
126 0.219322 0.705670 0.029602 0.034708
58 0.218245 0.840378 0.041442 0.034708
4402 0.381862 0.556873 0.042519 0.034708
69 0.381862 0.335567 0.050054 0.034708
361 0.470129 0.811168 0.050054 0.034708
1834 0.386975 0.715636 0.051668 0.034708
4451 0.467438 0.547251 0.056512 0.034708
327 0.564586 0.678522 0.058127 0.034708
2302 0.566200 0.838316 0.062433 0.034708
4346 0.386437 0.750344 0.032293 0.036082
552 0.129440 0.558247 0.038213 0.036082
1354 0.379709 0.516667 0.040366 0.036082
92 0.564047 0.875086 0.019376 0.036770
68 0.131055 0.492096 0.020990 0.037113
111 0.139666 0.647423 0.025296 0.037113
127 0.470129 0.680756 0.048977 0.037113
552 0.216631 0.578866 0.045748 0.037457
3338 0.682454 0.433162 0.051668 0.037457
4451 0.115716 0.218385 0.062433 0.037457
1917 0.470398 0.645876 0.038751 0.038144
60 0.204252 0.210309 0.022067 0.038488
4451 0.284715 0.219588 0.053821 0.038488
68 0.125135 0.366838 0.009150 0.038832
70 0.130517 0.445189 0.028525 0.038832
81 0.127826 0.330069 0.037137 0.038832
547 0.470667 0.610137 0.038213 0.038832
2233 0.687836 0.615979 0.053821 0.038832
2836 0.295479 0.567526 0.058127 0.038832
757 0.470936 0.411856 0.060280 0.038832
932 0.300861 0.489519 0.060280 0.038832
2246 0.563240 0.545704 0.056512 0.039863
126 0.301668 0.528866 0.030678 0.041237
4311 0.131593 0.524399 0.060818 0.041237
2124 0.123789 0.253265 0.062433 0.041237
4346 0.677879 0.386598 0.047901 0.042612
1855 0.296825 0.875601 0.048977 0.042612
505 0.291712 0.391409 0.030140 0.043986
2983 0.557858 0.475773 0.044672 0.044330
28 0.674919 0.332818 0.071044 0.045017
3411 0.680571 0.481100 0.037137 0.045361
2422 0.684069 0.567182 0.051668 0.045704
4168 0.565393 0.621821 0.056512 0.045704
2443 0.209096 0.335052 0.051130 0.046735
1286 0.547901 0.222852 0.036598 0.047766
2193 0.564047 0.771993 0.032293 0.049141
2422 0.378633 0.292268 0.044672 0.049141
3411 0.389666 0.836942 0.040904 0.049828
4447 0.134822 0.405326 0.055436 0.049828
2422 0.552207 0.364948 0.047363 0.052234
47 0.391819 0.402234 0.036598 0.054639
3464 0.297363 0.751890 0.054360 0.056357
