92 0.579104 0.690079 0.046976 0.016045
56 0.191685 0.599705 0.012959 0.018664
120 0.100702 0.753438 0.026458 0.020301
93 0.192225 0.577276 0.058315 0.020301
113 0.484611 0.239522 0.059935 0.020629
113 0.578564 0.623608 0.065335 0.020629
56 0.481371 0.434676 0.023218 0.021938
101 0.105292 0.502128 0.055076 0.021938
88 0.185475 0.843648 0.045896 0.023903
87 0.099082 0.726916 0.031857 0.025540
120 0.102592 0.558612 0.031317 0.026195
115 0.478672 0.593648 0.054536 0.026850
83 0.099892 0.420269 0.048596 0.027177
85 0.875000 0.244925 0.015659 0.027505
126 0.575594 0.814342 0.062635 0.027505
119 0.190875 0.747053 0.024298 0.027832
1173 0.107451 0.291912 0.053996 0.027832
88 0.580454 0.463654 0.031317 0.028160
88 0.583693 0.783563 0.059395 0.028815
495 0.101512 0.531598 0.071274 0.030452
83 0.173596 0.898330 0.041577 0.031107
287 0.099622 0.791585 0.068575 0.031762
120 0.578294 0.538310 0.031317 0.032089
53 0.485961 0.267027 0.018359 0.032417
91 0.186555 0.815160 0.044816 0.033071
111 0.191145 0.778815 0.032397 0.034381
68 0.484881 0.202849 0.049676 0.034381
70 0.193844 0.711198 0.034557 0.034709
120 0.868251 0.319090 0.029158 0.035036
60 0.100702 0.694172 0.023218 0.035363
119 0.192495 0.626392 0.024298 0.035363
87 0.577484 0.851997 0.052376 0.035363
83 0.477322 0.513589 0.051836 0.035691
87 0.866361 0.363294 0.053456 0.036346
53 0.576944 0.659627 0.021058 0.037656
68 0.196004 0.876555 0.012959 0.037983
4135 0.488391 0.359365 0.078294 0.038310
70 0.872570 0.281762 0.025918 0.038965
126 0.487311 0.401277 0.044816 0.038965
2593 0.479752 0.555665 0.057775 0.039293
70 0.581533 0.502620 0.035637 0.039948
126 0.195194 0.450393 0.044816 0.040930
60 0.101242 0.336280 0.022138 0.041257
3165 0.870410 0.207105 0.060475 0.041585
3936 0.100972 0.654224 0.059395 0.041912
271 0.111231 0.203995 0.069114 0.041912
2685 0.195464 0.409627 0.050756 0.042567
691 0.101512 0.379993 0.045356 0.042895
62 0.480022 0.469712 0.046436 0.042895
3322 0.103132 0.603307 0.041037 0.043549
680 0.195734 0.494761 0.044816 0.043877
1977 0.581533 0.210707 0.077754 0.045514
126 0.586123 0.314997 0.046976 0.045842
60 0.103402 0.249673 0.019978 0.046169
115 0.487851 0.316961 0.054536 0.046496
2266 0.200594 0.314342 0.066415 0.047151
2590 0.195734 0.205468 0.038337 0.048134
3172 0.201944 0.358546 0.065875 0.049116
2197 0.104212 0.462836 0.048596 0.049443
1083 0.335313 0.391618 0.060475 0.051081
119 0.869330 0.406843 0.025918 0.052063
3366 0.581533 0.369024 0.059395 0.052390
1775 0.191145 0.673379 0.068035 0.052718
3993 0.193844 0.260314 0.053996 0.053045
3984 0.191415 0.543058 0.054536 0.053373
2354 0.583693 0.585462 0.065875 0.056974
2354 0.584503 0.421251 0.064255 0.057302
3341 0.581263 0.267027 0.045896 0.057957
69 0.581533 0.884741 0.045356 0.058939
3360 0.336123 0.317453 0.093413 0.060576
3435 0.579644 0.731172 0.059935 0.063523
2354 0.742711 0.417813 0.083693 0.075311
2197 0.342603 0.471513 0.081533 0.078585
3341 0.740011 0.332515 0.070734 0.083497
