246 0.295368 0.636411 0.041417 0.005167
101 0.381744 0.877540 0.034332 0.014812
56 0.298365 0.438167 0.026703 0.016535
113 0.641144 0.858250 0.039782 0.016879
52 0.464033 0.360834 0.035422 0.018257
113 0.729428 0.516707 0.051771 0.019290
42 0.119074 0.548226 0.024523 0.019635
56 0.549046 0.243713 0.039782 0.019635
113 0.466757 0.469687 0.051771 0.019635
60 0.813896 0.531691 0.021253 0.020324
64 0.388828 0.810024 0.022343 0.020324
83 0.123706 0.854116 0.028338 0.020324
56 0.644414 0.838271 0.052861 0.020324
68 0.392916 0.826903 0.013079 0.021013
91 0.294550 0.397348 0.026703 0.021013
91 0.810627 0.269549 0.040872 0.021013
120 0.294550 0.757320 0.023433 0.021702
113 0.468937 0.801068 0.049591 0.021702
121 0.465940 0.387013 0.058856 0.021702
1173 0.807357 0.291250 0.045232 0.022391
65 0.650681 0.697382 0.045777 0.022391
119 0.560218 0.879607 0.023978 0.023080
88 0.129155 0.832415 0.043597 0.023080
85 0.296730 0.698932 0.016894 0.023424
88 0.121798 0.393731 0.037602 0.023424
495 0.732425 0.649328 0.054496 0.023424
60 0.463760 0.488632 0.021798 0.023769
81 0.293460 0.418360 0.040872 0.023769
91 0.476022 0.729762 0.041962 0.023769
101 0.302180 0.777299 0.043052 0.023769
56 0.560218 0.672925 0.023978 0.024457
91 0.812262 0.465208 0.034332 0.024457
91 0.127248 0.743541 0.035422 0.024457
88 0.293188 0.240613 0.041417 0.024457
88 0.731063 0.618154 0.051771 0.024457
120 0.209537 0.600413 0.014714 0.024802
91 0.559128 0.529797 0.039237 0.024802
118 0.294005 0.462797 0.013624 0.025146
55 0.292371 0.372546 0.051771 0.025146
120 0.635695 0.292284 0.016894 0.025835
42 0.125886 0.810369 0.017439 0.025835
60 0.731063 0.538925 0.019074 0.025835
91 0.727793 0.565105 0.039782 0.025835
120 0.295368 0.609714 0.019619 0.026180
51 0.122616 0.421288 0.034877 0.026180
252 0.555586 0.555460 0.038692 0.026524
88 0.552589 0.409749 0.047956 0.026524
56 0.463215 0.446951 0.058856 0.026524
598 0.726975 0.495177 0.061035 0.026524
76 0.126975 0.449363 0.026158 0.027213
120 0.381744 0.550293 0.026703 0.027213
91 0.731608 0.367379 0.034332 0.027213
58 0.564850 0.647089 0.049591 0.027213
119 0.122888 0.470203 0.022343 0.027558
120 0.728065 0.463314 0.026158 0.027558
83 0.377657 0.435756 0.030518 0.027558
68 0.732698 0.672408 0.036512 0.027558
111 0.125613 0.880124 0.036512 0.027558
58 0.815259 0.851188 0.045777 0.027558
28 0.466757 0.207027 0.049591 0.027558
85 0.646594 0.746986 0.022343 0.028591
107 0.553951 0.301240 0.026703 0.028591
98 0.810627 0.821392 0.040872 0.028591
72 0.553406 0.332243 0.045232 0.028591
58 0.565123 0.697038 0.050136 0.028591
60 0.812262 0.400620 0.016894 0.028936
60 0.640054 0.879780 0.021253 0.028936
86 0.396458 0.781261 0.031063 0.028936
83 0.730518 0.839132 0.032153 0.028936
58 0.815259 0.591802 0.043597 0.028936
88 0.558311 0.582845 0.045232 0.028936
3731 0.122616 0.366173 0.052316 0.028936
495 0.379292 0.409921 0.052316 0.028936
85 0.635695 0.321564 0.011444 0.029280
76 0.634060 0.263693 0.038692 0.029280
107 0.568392 0.721495 0.030518 0.029969
111 0.463488 0.519290 0.040872 0.029969
58 0.644142 0.727351 0.054496 0.029969
73 0.567847 0.750775 0.058856 0.029969
118 0.738692 0.730968 0.019074 0.030313
120 0.293460 0.211850 0.024523 0.030313
93 0.740599 0.703410 0.034877 0.030313
691 0.818801 0.877368 0.035422 0.030313
83 0.565395 0.780572 0.038692 0.030313
55 0.560763 0.615226 0.045777 0.030313
685 0.291281 0.271788 0.049591 0.030313
93 0.295913 0.302962 0.030518 0.030658
87 0.553951 0.851705 0.040872 0.031347
252 0.731608 0.589563 0.051771 0.031347
85 0.550136 0.208750 0.015804 0.031691
118 0.388828 0.854289 0.022343 0.031691
83 0.641144 0.540820 0.024523 0.031691
87 0.812807 0.558043 0.036512 0.031691
870 0.117439 0.291423 0.051771 0.031691
600 0.294005 0.580434 0.059401 0.031691
126 0.381199 0.307096 0.029973 0.032036
87 0.298093 0.730451 0.032698 0.032036
978 0.126431 0.580951 0.039237 0.032036
710 0.642779 0.810713 0.038692 0.032725
1834 0.386104 0.582673 0.045232 0.032725
86 0.816621 0.238719 0.033243 0.033069
87 0.810082 0.209783 0.039782 0.033069
1834 0.477929 0.626938 0.050136 0.033069
111 0.637057 0.471753 0.023978 0.033414
126 0.638965 0.436962 0.037602 0.033414
87 0.813896 0.372201 0.040872 0.033414
552 0.476567 0.660179 0.043052 0.033414
126 0.297275 0.538581 0.031063 0.034103
91 0.123706 0.330865 0.041417 0.034103
60 0.377384 0.380641 0.021253 0.034447
60 0.734605 0.763693 0.026158 0.034447
126 0.814986 0.787461 0.036512 0.034447
1720 0.121798 0.715122 0.041962 0.034447
58 0.549591 0.276266 0.049591 0.034447
4451 0.556131 0.497761 0.055041 0.034447
4305 0.126703 0.621771 0.060490 0.034447
70 0.468937 0.831037 0.036512 0.034792
3211 0.113896 0.215467 0.050136 0.034792
58 0.639510 0.353600 0.055041 0.034792
2616 0.476294 0.554771 0.067575 0.034792
87 0.386649 0.751808 0.032153 0.035481
2222 0.813079 0.437995 0.050136 0.035481
600 0.295095 0.666380 0.055041 0.035481
119 0.645504 0.780916 0.032153 0.035825
126 0.208992 0.479504 0.033243 0.035825
126 0.469210 0.334826 0.043597 0.035825
126 0.646049 0.624354 0.037602 0.036169
126 0.815259 0.619876 0.043597 0.036169
3735 0.813079 0.660868 0.043597 0.036169
70 0.294005 0.338271 0.026703 0.037203
92 0.388556 0.617637 0.028338 0.037203
87 0.727248 0.430245 0.038692 0.037203
710 0.466213 0.246297 0.044142 0.037203
70 0.210899 0.568550 0.028338 0.037547
4164 0.377929 0.217189 0.049591 0.037547
3231 0.737057 0.872718 0.049591 0.037547
81 0.644687 0.508612 0.043597 0.038236
3786 0.214441 0.637788 0.058311 0.038236
70 0.382289 0.518085 0.031063 0.038581
268 0.729973 0.396831 0.043052 0.038581
2586 0.208447 0.373579 0.045232 0.038925
71 0.473569 0.414571 0.045777 0.038925
2983 0.290736 0.498278 0.046322 0.039614
126 0.728065 0.251120 0.041417 0.039959
883 0.126158 0.776094 0.047411 0.039959
70 0.813896 0.499311 0.033243 0.040303
70 0.644414 0.665691 0.037602 0.040303
813 0.560490 0.817258 0.058311 0.040303
680 0.726158 0.290217 0.037602 0.040992
717 0.813896 0.695315 0.051771 0.040992
840 0.550409 0.372890 0.052316 0.040992
68 0.474387 0.589390 0.014714 0.041337
577 0.124523 0.253531 0.045232 0.041337
2197 0.388556 0.660007 0.050136 0.041337
58 0.471662 0.866862 0.032153 0.041681
2698 0.562670 0.448329 0.053951 0.041681
2261 0.126158 0.517568 0.061580 0.042370
468 0.474659 0.768343 0.063215 0.043748
68 0.119074 0.476576 0.040872 0.044437
2422 0.733787 0.804857 0.047411 0.044437
4447 0.380109 0.475715 0.057221 0.045470
68 0.295640 0.804857 0.008174 0.045815
4564 0.469210 0.293317 0.045777 0.045815
28 0.218256 0.325698 0.071390 0.045815
4214 0.729155 0.334309 0.061035 0.046504
973 0.375749 0.349811 0.039782 0.047193
4447 0.204087 0.523424 0.055041 0.047193
4523 0.813896 0.330865 0.041962 0.047882
4416 0.723706 0.215295 0.054496 0.048226
3411 0.378747 0.262315 0.037057 0.048570
3411 0.383379 0.704960 0.039782 0.049948
2948 0.637875 0.392525 0.051771 0.049948
4523 0.642779 0.584223 0.043052 0.050982
2438 0.633515 0.219084 0.041962 0.052360
4634 0.813351 0.748192 0.057221 0.052360
47 0.485286 0.689459 0.036512 0.056838
3510 0.124523 0.667413 0.051771 0.056838
3515 0.203270 0.428522 0.050136 0.060627
