246 0.219742 0.490334 0.045724 0.005570
92 0.122916 0.787680 0.034965 0.013761
113 0.585530 0.790138 0.057558 0.016710
52 0.497041 0.182012 0.048413 0.018021
129 0.131791 0.718873 0.031200 0.019004
52 0.126412 0.226900 0.058096 0.019332
297 0.219473 0.343381 0.041958 0.019659
113 0.682356 0.641383 0.062937 0.021298
56 0.689349 0.232798 0.014524 0.022608
64 0.593061 0.387451 0.024207 0.022608
115 0.684777 0.261796 0.047337 0.026212
98 0.583916 0.453145 0.053254 0.026212
553 0.125336 0.299148 0.063475 0.027523
120 0.129640 0.642366 0.033351 0.029817
88 0.126143 0.258683 0.027434 0.030472
126 0.588757 0.420216 0.048951 0.031127
99 0.123991 0.494758 0.067240 0.031455
88 0.685853 0.293742 0.027972 0.031782
117 0.488973 0.342398 0.026896 0.032110
495 0.588219 0.189056 0.072620 0.032765
126 0.584992 0.891383 0.044648 0.033093
104 0.126950 0.378604 0.049489 0.033093
88 0.680204 0.709371 0.036041 0.033421
91 0.592254 0.356488 0.073158 0.033421
68 0.586606 0.754260 0.051103 0.034076
104 0.588757 0.573558 0.053254 0.034404
120 0.589295 0.484928 0.027434 0.034731
495 0.681549 0.425623 0.074233 0.034731
91 0.589833 0.282602 0.047875 0.035059
120 0.496235 0.258847 0.024207 0.035387
88 0.123722 0.418414 0.034427 0.035387
88 0.681818 0.884830 0.037117 0.035714
68 0.127219 0.336664 0.048951 0.035714
66 0.126143 0.189712 0.030662 0.036042
87 0.680473 0.559961 0.032275 0.036042
115 0.586606 0.861730 0.056482 0.036042
251 0.221356 0.530472 0.051103 0.036697
126 0.216783 0.631881 0.045186 0.037025
107 0.124260 0.459699 0.025820 0.037353
126 0.586606 0.613041 0.052179 0.037353
251 0.218666 0.249836 0.041420 0.037680
68 0.586606 0.526212 0.050027 0.038663
2222 0.125605 0.825360 0.058634 0.038663
3984 0.205487 0.837647 0.041958 0.038991
53 0.680473 0.678244 0.017214 0.039974
53 0.584185 0.821756 0.020441 0.039974
60 0.682894 0.521298 0.024207 0.039974
932 0.682894 0.334207 0.064013 0.039974
126 0.685315 0.387451 0.036579 0.041612
83 0.586337 0.710026 0.022593 0.041940
2222 0.221356 0.449869 0.067240 0.041940
70 0.126143 0.684633 0.031737 0.042267
58 0.676977 0.604030 0.028510 0.043578
58 0.688273 0.787844 0.039268 0.043578
3756 0.213825 0.882372 0.041420 0.043906
111 0.486014 0.298329 0.022055 0.044233
119 0.587144 0.323231 0.025282 0.044233
251 0.359602 0.298984 0.054330 0.044233
76 0.683432 0.749836 0.064013 0.044233
4132 0.219473 0.303571 0.069930 0.044233
83 0.211673 0.736402 0.027434 0.044889
4135 0.216514 0.194790 0.073696 0.045544
2677 0.691770 0.194299 0.049489 0.047182
58 0.125874 0.752621 0.041958 0.047837
121 0.493814 0.216415 0.040882 0.048820
3322 0.213556 0.580931 0.037655 0.049148
840 0.689618 0.836501 0.063475 0.049148
4644 0.213287 0.790301 0.071544 0.051114
717 0.220011 0.677752 0.065627 0.052752
2191 0.134212 0.877130 0.064013 0.053080
2996 0.826251 0.450688 0.077461 0.054063
4147 0.216245 0.396625 0.058096 0.056029
2354 0.126143 0.599607 0.061861 0.057012
4293 0.591178 0.663499 0.071006 0.057012
3346 0.828671 0.381062 0.051103 0.058322
4371 0.589564 0.234928 0.037655 0.058978
68 0.123722 0.538336 0.013986 0.060288
4020 0.680473 0.469692 0.050565 0.061271
1920 0.355568 0.380079 0.062399 0.065531
2354 0.359064 0.454128 0.074771 0.071429
4371 0.827327 0.305210 0.075309 0.073067
68 0.491393 0.396298 0.020979 0.078309
