172 0.316894 0.193985 0.017838 0.010575
4253 0.503410 0.181097 0.046695 0.017184
128 0.505247 0.360707 0.011542 0.018176
76 0.588667 0.809980 0.025184 0.018506
88 0.867524 0.645737 0.030955 0.019828
60 0.865687 0.553371 0.011542 0.020820
117 0.692288 0.342036 0.019412 0.021150
88 0.593914 0.759914 0.017838 0.021481
60 0.223242 0.489425 0.014166 0.021811
102 0.689402 0.700264 0.053515 0.021811
117 0.505509 0.393093 0.019412 0.022141
67 0.792760 0.430436 0.038825 0.022141
110 0.134575 0.450099 0.041448 0.022472
60 0.689927 0.364508 0.015740 0.023794
120 0.686779 0.679114 0.023085 0.023794
1083 0.320304 0.212492 0.032004 0.024455
120 0.136936 0.473728 0.023085 0.024785
117 0.226915 0.465962 0.015215 0.025116
83 0.591291 0.698612 0.029381 0.025116
60 0.779119 0.340879 0.014690 0.025446
83 0.126443 0.333609 0.022036 0.025446
66 0.688877 0.654825 0.023085 0.025446
88 0.780693 0.488103 0.017838 0.025777
120 0.782004 0.551223 0.019412 0.025777
70 0.864638 0.529907 0.024134 0.026107
91 0.224816 0.779742 0.028856 0.026107
127 0.783578 0.403503 0.050892 0.026438
65 0.233736 0.814276 0.059286 0.027098
85 0.227702 0.841540 0.014690 0.027429
120 0.868311 0.711335 0.019937 0.027429
251 0.223242 0.291970 0.030955 0.027429
98 0.496852 0.505122 0.047219 0.027429
553 0.777807 0.524620 0.050892 0.027429
88 0.130640 0.307006 0.013641 0.027759
81 0.132476 0.424983 0.037251 0.027759
119 0.867524 0.462822 0.014166 0.028090
680 0.687303 0.401024 0.026233 0.028090
126 0.868573 0.320390 0.026758 0.028090
111 0.219307 0.433245 0.022036 0.028420
95 0.588667 0.786517 0.043022 0.028420
68 0.589454 0.833609 0.009969 0.028751
118 0.600997 0.520985 0.012067 0.028751
109 0.869098 0.360707 0.038300 0.028751
99 0.593914 0.549736 0.054565 0.028751
92 0.866474 0.588235 0.020462 0.029081
126 0.692025 0.309319 0.041973 0.029081
76 0.781480 0.375578 0.019412 0.029412
126 0.686254 0.618308 0.035677 0.029742
119 0.690976 0.430106 0.018888 0.030073
680 0.867786 0.432750 0.029381 0.030073
87 0.782267 0.579147 0.030430 0.030073
92 0.687566 0.556180 0.024659 0.030403
74 0.599685 0.133179 0.028332 0.030403
70 0.776758 0.312954 0.030955 0.030403
115 0.691501 0.132188 0.035677 0.030403
2193 0.594963 0.733972 0.045121 0.030403
119 0.782791 0.609551 0.019937 0.030734
60 0.778594 0.457039 0.016789 0.031064
642 0.225341 0.257766 0.042497 0.031064
3385 0.321354 0.174818 0.046695 0.031064
68 0.224029 0.636319 0.007345 0.031395
86 0.418153 0.207700 0.032529 0.031395
2233 0.224554 0.750991 0.036726 0.031395
881 0.689140 0.279081 0.040399 0.031395
119 0.687828 0.163252 0.016789 0.031725
87 0.868048 0.740912 0.029906 0.031725
53 0.868311 0.500826 0.015740 0.032056
58 0.869360 0.681593 0.018888 0.032056
87 0.133526 0.511071 0.034103 0.032056
77 0.694386 0.587409 0.038300 0.032056
2320 0.226915 0.560476 0.044596 0.032386
366 0.223242 0.370126 0.048793 0.032386
119 0.868835 0.773298 0.016789 0.033047
70 0.865425 0.619299 0.026758 0.033047
2752 0.135100 0.225380 0.059286 0.033047
126 0.596800 0.448942 0.033054 0.033377
978 0.594439 0.369960 0.044071 0.033377
125 0.593914 0.489921 0.044071 0.033377
53 0.779906 0.280734 0.017314 0.034038
60 0.502623 0.421348 0.016789 0.034369
60 0.223242 0.872439 0.018363 0.034369
1977 0.690189 0.211335 0.051941 0.034699
3136 0.588667 0.865499 0.033578 0.035030
3868 0.596800 0.209518 0.034103 0.035030
523 0.504722 0.210344 0.039874 0.035360
53 0.410808 0.138467 0.019937 0.035691
58 0.867261 0.393093 0.014690 0.036021
121 0.224029 0.400694 0.029381 0.036021
119 0.137198 0.545440 0.023610 0.036682
710 0.223767 0.217284 0.054040 0.036682
102 0.602308 0.581295 0.048269 0.037013
2438 0.223505 0.595506 0.041973 0.037673
83 0.221144 0.670687 0.012067 0.038004
316 0.782267 0.138301 0.039874 0.038004
107 0.504197 0.332452 0.017838 0.038334
4727 0.690714 0.471580 0.042497 0.038334
83 0.595750 0.324686 0.013116 0.038665
2685 0.868048 0.287013 0.034103 0.038665
577 0.230325 0.715301 0.041973 0.038665
3285 0.601259 0.286021 0.047219 0.038665
508 0.593914 0.666557 0.039874 0.038995
2989 0.593127 0.412591 0.047744 0.039326
2844 0.220619 0.325347 0.048793 0.039326
68 0.596800 0.620126 0.011018 0.040648
118 0.595226 0.168870 0.019412 0.040978
2246 0.502361 0.470588 0.041448 0.041639
58 0.690714 0.512062 0.021511 0.042631
3367 0.320567 0.135988 0.047219 0.043291
47 0.226653 0.514871 0.022036 0.044944
4712 0.507083 0.138136 0.030955 0.044944
3009 0.130378 0.269167 0.049843 0.045274
505 0.504722 0.290317 0.024134 0.045935
1578 0.864900 0.216623 0.038300 0.047257
681 0.780168 0.212327 0.050367 0.048579
2484 0.870409 0.142928 0.032529 0.049240
2438 0.130115 0.377396 0.034627 0.056180
68 0.685992 0.742399 0.011018 0.062459
