191 0.502623 0.749506 0.046170 0.021725
247 0.512329 0.727452 0.041448 0.026333
204 0.512592 0.775510 0.036726 0.032916
642 0.510493 0.693548 0.046170 0.032916
720 0.672088 0.698815 0.047219 0.034233
720 0.192025 0.697828 0.044071 0.035550
135 0.817156 0.736669 0.036201 0.036866
720 0.817419 0.699638 0.041973 0.037854
720 0.338405 0.700790 0.044071 0.039500
135 0.194911 0.735188 0.029906 0.040487
4487 0.176810 0.361751 0.087093 0.044766
3223 0.331584 0.363397 0.082896 0.046083
1083 0.659234 0.439434 0.055089 0.047400
4253 0.492917 0.371297 0.076076 0.050691
1946 0.330535 0.300691 0.086044 0.051020
2774 0.170776 0.304312 0.097062 0.051679
864 0.663169 0.374589 0.070304 0.055958
4445 0.661595 0.300033 0.076600 0.056287
4252 0.488982 0.305135 0.087093 0.060566
4196 0.490031 0.430876 0.091291 0.061224
2706 0.174187 0.421659 0.071354 0.064516
1229 0.178122 0.493581 0.062434 0.069454
2354 0.494753 0.492758 0.073452 0.069783
3474 0.340504 0.504444 0.058762 0.070112
4712 0.802728 0.304806 0.065058 0.073733
2197 0.806139 0.390718 0.069780 0.077683
3544 0.338930 0.430217 0.076600 0.077683
