246 0.420543 0.385367 0.048173 0.006511
92 0.256091 0.706134 0.034884 0.009938
92 0.167497 0.750343 0.037099 0.014736
128 0.168882 0.729267 0.011074 0.016450
88 0.257752 0.667066 0.029347 0.016792
300 0.254153 0.839102 0.037652 0.018163
83 0.159192 0.441912 0.031561 0.018849
56 0.692414 0.496402 0.020487 0.020219
88 0.522425 0.625257 0.037099 0.020219
91 0.519657 0.255312 0.027132 0.020562
495 0.781561 0.776217 0.051495 0.020562
64 0.255260 0.772276 0.026578 0.020905
91 0.862126 0.877485 0.031008 0.020905
88 0.516334 0.405586 0.041528 0.021590
83 0.165559 0.837903 0.031008 0.021933
60 0.775471 0.874400 0.016058 0.022276
83 0.344131 0.313742 0.029347 0.022276
68 0.259967 0.793866 0.007198 0.022961
108 0.521041 0.502228 0.015504 0.022961
88 0.861849 0.714359 0.033776 0.022961
83 0.256645 0.686086 0.031561 0.023304
88 0.160299 0.418095 0.035991 0.023304
88 0.781285 0.510281 0.039867 0.023304
83 0.777685 0.800720 0.030454 0.023646
88 0.424419 0.361035 0.043743 0.023646
53 0.686323 0.361378 0.017165 0.024332
85 0.257198 0.814428 0.019380 0.024332
111 0.256645 0.721899 0.029347 0.024332
68 0.516888 0.650788 0.007198 0.024674
60 0.513566 0.736292 0.018272 0.025017
42 0.162791 0.667752 0.019934 0.025017
83 0.419989 0.291467 0.029347 0.025017
88 0.863511 0.285984 0.045958 0.025017
55 0.866556 0.391535 0.048726 0.025017
83 0.689092 0.607094 0.028239 0.025703
83 0.862126 0.552947 0.033223 0.025703
108 0.864618 0.807402 0.017165 0.026045
120 0.776855 0.377656 0.017719 0.026045
120 0.518549 0.877313 0.020487 0.026045
60 0.776578 0.749829 0.023810 0.026045
83 0.515227 0.433859 0.030454 0.026045
122 0.258583 0.749143 0.035437 0.026045
105 0.869324 0.620288 0.053156 0.026045
117 0.518826 0.710247 0.024363 0.026388
91 0.602713 0.423064 0.033776 0.026388
62 0.866002 0.523818 0.037652 0.026388
102 0.347176 0.434716 0.048726 0.026388
102 0.689646 0.722584 0.050388 0.026388
113 0.776024 0.253084 0.054817 0.026388
252 0.516611 0.807574 0.046512 0.027073
55 0.427741 0.518163 0.051495 0.027416
55 0.783223 0.542495 0.054817 0.027416
83 0.862403 0.212988 0.038206 0.027759
720 0.429956 0.820939 0.038206 0.027759
58 0.867940 0.426491 0.042636 0.027759
83 0.516888 0.677347 0.034884 0.028444
88 0.344131 0.204764 0.041528 0.028444
58 0.690199 0.333619 0.043743 0.028444
119 0.861849 0.648732 0.017165 0.028787
870 0.162514 0.248972 0.050388 0.029130
107 0.694906 0.548835 0.026578 0.029815
62 0.871262 0.361378 0.034884 0.029815
55 0.686877 0.300720 0.041528 0.029815
51 0.861573 0.492975 0.042082 0.029815
58 0.432171 0.550548 0.044850 0.029815
252 0.783776 0.480980 0.045958 0.029815
85 0.428848 0.789411 0.022702 0.030500
67 0.870709 0.779130 0.038206 0.030500
73 0.699612 0.575908 0.061462 0.030500
76 0.517996 0.840473 0.037099 0.031186
299 0.510520 0.770562 0.042082 0.031186
117 0.779347 0.721042 0.024917 0.031528
111 0.778793 0.647019 0.026024 0.031528
58 0.344131 0.285641 0.055925 0.031871
3041 0.861849 0.684544 0.055925 0.031871
1921 0.260520 0.637937 0.039313 0.032557
70 0.692414 0.691912 0.031561 0.032899
126 0.520764 0.334133 0.033776 0.032899
1295 0.519103 0.594585 0.047065 0.032899
58 0.695736 0.522961 0.049280 0.032899
58 0.783776 0.575394 0.051495 0.032899
370 0.172204 0.776902 0.059801 0.032899
69 0.437431 0.846984 0.024363 0.033242
111 0.160853 0.466244 0.032669 0.033927
91 0.165559 0.284270 0.044297 0.033927
1174 0.167497 0.640336 0.045958 0.033927
2083 0.430509 0.877142 0.054817 0.033927
62 0.433278 0.489548 0.035991 0.034613
81 0.426357 0.452536 0.046512 0.034613
1834 0.693798 0.470699 0.059801 0.034613
119 0.166944 0.808944 0.031561 0.035298
76 0.342470 0.244859 0.049280 0.035298
126 0.428848 0.210932 0.039313 0.035984
978 0.430786 0.624914 0.042082 0.035984
68 0.859911 0.584133 0.044297 0.035984
58 0.861296 0.749657 0.054817 0.035984
82 0.172481 0.704078 0.060354 0.035984
126 0.166667 0.601782 0.037652 0.037012
366 0.162237 0.213502 0.066445 0.037012
70 0.345515 0.402159 0.028793 0.037354
4263 0.253599 0.605038 0.037652 0.037354
2193 0.423311 0.323681 0.042636 0.037354
1354 0.860742 0.463845 0.045958 0.037354
1834 0.779623 0.409013 0.050941 0.037354
2590 0.513566 0.373715 0.032669 0.038040
69 0.781008 0.215216 0.049280 0.038382
2836 0.775471 0.689513 0.053710 0.038382
81 0.867663 0.319568 0.042082 0.038725
68 0.690199 0.268849 0.012735 0.039411
70 0.780731 0.345613 0.035437 0.039411
81 0.693522 0.392221 0.051495 0.039411
710 0.430786 0.585504 0.053156 0.039411
975 0.427741 0.412440 0.054817 0.039411
70 0.689646 0.431289 0.037099 0.040096
1977 0.431340 0.662611 0.062016 0.040096
4451 0.860742 0.843557 0.063677 0.040096
552 0.782669 0.443283 0.035991 0.040781
932 0.783776 0.612234 0.055925 0.040781
3377 0.423034 0.254798 0.059801 0.041467
1855 0.775194 0.839273 0.053156 0.042495
571 0.517442 0.471556 0.055925 0.042495
4451 0.425526 0.757197 0.060354 0.043523
2193 0.862403 0.252570 0.039313 0.043866
3592 0.245570 0.384853 0.039313 0.043866
4458 0.165282 0.870631 0.060354 0.044894
3435 0.518272 0.290781 0.042082 0.045579
3592 0.162791 0.510795 0.046512 0.045579
1126 0.162791 0.379198 0.050941 0.046265
3327 0.522979 0.216758 0.051495 0.046265
4451 0.600498 0.514565 0.058140 0.046265
28 0.254430 0.321624 0.079181 0.046950
28 0.609911 0.325565 0.079181 0.047978
4723 0.166944 0.559973 0.055925 0.049349
4447 0.344684 0.354524 0.051495 0.049692
3435 0.604928 0.464188 0.051495 0.051062
4723 0.247231 0.448938 0.054817 0.052090
4447 0.692968 0.646676 0.054817 0.052090
3327 0.606035 0.383139 0.055925 0.053461
2443 0.682447 0.223783 0.064784 0.053461
3481 0.520764 0.546093 0.051495 0.054489
4030 0.163068 0.328821 0.054817 0.054489
3435 0.430509 0.709219 0.054817 0.054489
4458 0.252215 0.512680 0.065891 0.054832
68 0.344408 0.468300 0.015504 0.062029
68 0.687984 0.752570 0.013843 0.063057
47 0.785714 0.287183 0.037652 0.064428
