642 0.429003 0.288945 0.034240 0.011725
499 0.430514 0.299665 0.036254 0.011725
501 0.427744 0.278894 0.037764 0.014405
92 0.223817 0.653099 0.031722 0.015745
92 0.324270 0.298325 0.042296 0.015745
92 0.636203 0.265327 0.035750 0.016080
56 0.325025 0.637018 0.021652 0.016415
92 0.221299 0.423618 0.038771 0.016415
101 0.636707 0.243719 0.065962 0.016415
92 0.216767 0.288442 0.033736 0.017420
56 0.425730 0.456784 0.022659 0.017755
92 0.325780 0.580067 0.036254 0.017755
418 0.534491 0.473032 0.042800 0.018760
88 0.433787 0.878224 0.046828 0.019095
418 0.756042 0.890955 0.043807 0.020436
83 0.437815 0.896650 0.051863 0.021106
92 0.224824 0.788777 0.035750 0.022446
92 0.321249 0.528476 0.040282 0.022446
1810 0.218278 0.348074 0.030715 0.022781
418 0.637462 0.657956 0.034240 0.022781
101 0.220292 0.635343 0.066969 0.023116
52 0.862286 0.746566 0.050856 0.023786
499 0.646274 0.723116 0.063948 0.025126
418 0.219789 0.610720 0.035750 0.025461
72 0.643253 0.855611 0.047835 0.025461
126 0.860524 0.850251 0.054381 0.025461
88 0.645267 0.830151 0.026687 0.026801
76 0.324018 0.344054 0.029708 0.026801
56 0.323011 0.323283 0.055891 0.026801
1810 0.218278 0.487605 0.032729 0.027136
88 0.332326 0.863149 0.034240 0.027136
495 0.328802 0.891625 0.078550 0.027136
251 0.217271 0.315745 0.060926 0.027806
123 0.226838 0.891290 0.025680 0.028476
302 0.429507 0.773032 0.050352 0.029146
88 0.750504 0.751926 0.024673 0.029816
113 0.320242 0.553266 0.056395 0.030486
91 0.855237 0.474874 0.063948 0.030486
51 0.751007 0.502848 0.047835 0.030821
302 0.750000 0.336181 0.051863 0.031156
127 0.651813 0.884590 0.064955 0.031826
92 0.858510 0.718258 0.022155 0.032161
2598 0.754280 0.871357 0.022155 0.032161
88 0.218530 0.722278 0.026183 0.032161
76 0.222306 0.816750 0.033736 0.032161
1406 0.639225 0.583752 0.046828 0.032496
2193 0.437059 0.848744 0.050352 0.032496
91 0.429255 0.699665 0.057905 0.032496
60 0.859517 0.441039 0.020141 0.033166
91 0.857754 0.685260 0.052870 0.033166
60 0.323011 0.374204 0.021652 0.033501
126 0.643505 0.686097 0.054381 0.033501
87 0.428248 0.430821 0.055891 0.033501
91 0.745468 0.565494 0.057905 0.033501
108 0.752518 0.634003 0.020645 0.033836
51 0.641239 0.291290 0.049849 0.033836
1173 0.429003 0.577722 0.060423 0.033836
70 0.751511 0.597990 0.041793 0.034841
51 0.221803 0.757454 0.053877 0.034841
64 0.322004 0.407873 0.039778 0.035176
2193 0.861782 0.881240 0.040785 0.035176
1350 0.643253 0.458459 0.058912 0.035176
51 0.860272 0.410888 0.049849 0.035846
64 0.328046 0.696482 0.036757 0.036181
642 0.217774 0.453601 0.061934 0.036181
118 0.327039 0.606868 0.019637 0.036516
60 0.753525 0.529481 0.025680 0.037186
88 0.744461 0.417923 0.046828 0.037186
88 0.331571 0.664489 0.052870 0.037186
109 0.429003 0.617588 0.066465 0.037186
710 0.855237 0.334003 0.052870 0.037521
2598 0.751259 0.675042 0.028197 0.038861
958 0.862286 0.780905 0.046828 0.038861
2043 0.861027 0.645729 0.056395 0.039196
1639 0.862034 0.507370 0.070493 0.039196
60 0.642246 0.326466 0.024673 0.039866
958 0.641239 0.369682 0.043807 0.039866
2987 0.431521 0.736348 0.066465 0.040201
252 0.218278 0.685260 0.045821 0.040536
2083 0.857503 0.548576 0.062437 0.040536
2836 0.636455 0.549414 0.062437 0.041541
90 0.330564 0.735846 0.066969 0.041876
2836 0.643253 0.798827 0.054884 0.042546
969 0.217774 0.254271 0.049849 0.042881
523 0.322508 0.493635 0.070997 0.043216
958 0.748489 0.251089 0.039778 0.043886
78 0.227090 0.854606 0.038268 0.044221
121 0.750252 0.848241 0.070493 0.044221
278 0.855237 0.375712 0.023666 0.044556
58 0.426989 0.658794 0.036254 0.044556
1787 0.863293 0.824288 0.037764 0.044556
2598 0.530463 0.441709 0.031722 0.045226
81 0.528953 0.303685 0.052870 0.045226
2836 0.217019 0.529481 0.060423 0.045226
2836 0.749748 0.717588 0.058409 0.045561
90 0.323515 0.451926 0.068983 0.045561
1787 0.748993 0.296315 0.035750 0.045896
62 0.424975 0.391457 0.054381 0.046566
1995 0.329557 0.828141 0.064955 0.046901
4090 0.531470 0.392462 0.041793 0.047236
83 0.750504 0.463484 0.027694 0.047906
646 0.429758 0.805695 0.038771 0.048241
1787 0.639980 0.414405 0.040282 0.048241
76 0.421702 0.343216 0.038771 0.048576
3136 0.216516 0.571022 0.042296 0.048576
523 0.219285 0.388107 0.051863 0.049246
1958 0.331067 0.782077 0.066969 0.049246
646 0.640232 0.500838 0.040785 0.049581
76 0.748993 0.795812 0.031722 0.051926
646 0.646274 0.755611 0.041793 0.051926
68 0.530463 0.254271 0.009567 0.052261
1317 0.637210 0.624958 0.051863 0.053936
646 0.748489 0.373367 0.038771 0.054606
110 0.530715 0.352094 0.056395 0.054941
969 0.323263 0.259799 0.054381 0.055276
68 0.430765 0.499162 0.013595 0.065662
