246 0.773493 0.708305 0.059755 0.010508
92 0.583248 0.406610 0.030644 0.014576
251 0.366701 0.278305 0.032686 0.014915
64 0.130490 0.839492 0.020940 0.015254
92 0.787794 0.364576 0.033197 0.017288
1345 0.367467 0.264237 0.044433 0.017288
56 0.132022 0.889831 0.024004 0.018983
92 0.577120 0.611186 0.040858 0.018983
52 0.247446 0.840000 0.049540 0.018983
297 0.775536 0.859492 0.052605 0.019322
64 0.139683 0.395085 0.025026 0.021356
56 0.674157 0.433559 0.065373 0.021695
418 0.137640 0.774068 0.039326 0.022034
418 0.360827 0.534746 0.041369 0.022712
418 0.251532 0.460847 0.042390 0.022712
56 0.573289 0.814407 0.052605 0.022712
56 0.667263 0.694407 0.063841 0.022712
56 0.362360 0.450169 0.019918 0.023051
49 0.353422 0.833220 0.016343 0.024407
418 0.473442 0.464746 0.040858 0.024407
117 0.136619 0.619661 0.019918 0.025763
56 0.785240 0.426610 0.015832 0.026102
56 0.470123 0.363898 0.025026 0.026102
251 0.577375 0.435254 0.051583 0.028475
115 0.575332 0.582203 0.047497 0.028814
126 0.679009 0.888644 0.051583 0.028814
1810 0.577375 0.669661 0.029111 0.029492
81 0.469356 0.335763 0.053115 0.029492
67 0.148366 0.485424 0.039326 0.029831
1173 0.360572 0.562034 0.053115 0.029831
252 0.349336 0.801864 0.034729 0.030169
88 0.240296 0.600847 0.044433 0.030847
110 0.781665 0.493729 0.048519 0.030847
88 0.141471 0.323051 0.026558 0.031186
1173 0.252043 0.240339 0.062819 0.031186
248 0.570480 0.634915 0.063330 0.031186
88 0.361849 0.388644 0.029111 0.031525
302 0.672370 0.548305 0.049540 0.031525
717 0.775536 0.885932 0.074055 0.032203
495 0.680286 0.241525 0.075587 0.032203
88 0.576098 0.746780 0.044944 0.032542
68 0.795965 0.590678 0.015832 0.032881
110 0.141216 0.589322 0.044433 0.032881
1810 0.579928 0.471864 0.028090 0.033898
91 0.363636 0.645763 0.073544 0.033898
91 0.147855 0.560847 0.067926 0.034237
717 0.676456 0.581186 0.074055 0.034237
98 0.573034 0.550000 0.053115 0.034915
126 0.791879 0.296102 0.060776 0.034915
547 0.139173 0.703729 0.057712 0.035254
95 0.361338 0.480000 0.061798 0.035254
359 0.674157 0.617966 0.063330 0.035254
87 0.580950 0.333051 0.040347 0.035593
67 0.153984 0.244237 0.053626 0.036271
53 0.679009 0.461695 0.021961 0.036610
88 0.773493 0.784746 0.029111 0.036610
126 0.138662 0.808136 0.051583 0.036610
107 0.135342 0.869153 0.053115 0.036610
70 0.574821 0.848644 0.034219 0.036949
2677 0.685138 0.323559 0.043412 0.036949
83 0.242850 0.633729 0.045455 0.036949
126 0.251021 0.328983 0.055669 0.036949
126 0.577120 0.879831 0.063330 0.036949
120 0.147855 0.284237 0.062819 0.037627
51 0.366701 0.321356 0.049030 0.037966
88 0.781665 0.459492 0.028090 0.038305
83 0.244893 0.488983 0.045455 0.038305
91 0.686415 0.405254 0.069459 0.038305
64 0.478294 0.242373 0.045455 0.039322
88 0.777068 0.562712 0.054648 0.039322
95 0.472165 0.397288 0.058733 0.039322
127 0.371808 0.354576 0.069459 0.039322
81 0.245914 0.673390 0.053626 0.039661
91 0.343207 0.872034 0.057201 0.039661
2598 0.362104 0.509322 0.030644 0.040339
83 0.778601 0.618136 0.046476 0.040339
113 0.788049 0.335593 0.057201 0.040678
83 0.137130 0.360847 0.042390 0.041017
81 0.360317 0.424237 0.059755 0.041017
53 0.240041 0.522373 0.026558 0.042034
68 0.672880 0.764915 0.011747 0.042373
118 0.790347 0.394068 0.016854 0.042373
83 0.576353 0.780847 0.038304 0.042373
2246 0.585546 0.243220 0.061798 0.042373
2598 0.135087 0.745254 0.028090 0.043051
53 0.673902 0.721356 0.025026 0.043390
327 0.357763 0.676271 0.063841 0.043390
2983 0.680286 0.368644 0.044944 0.043729
2836 0.573289 0.708983 0.056691 0.043729
126 0.250766 0.804915 0.057201 0.043729
1666 0.579418 0.287627 0.065884 0.043729
91 0.668795 0.807627 0.056691 0.044407
120 0.148876 0.523390 0.061798 0.044746
81 0.578907 0.373729 0.052605 0.045085
2836 0.573034 0.512034 0.053115 0.045763
646 0.777068 0.741017 0.037283 0.046102
68 0.676456 0.659831 0.008682 0.046441
2598 0.473187 0.432712 0.027068 0.046441
2983 0.785751 0.251017 0.048519 0.046441
2083 0.354699 0.719831 0.064862 0.046441
2983 0.776558 0.666271 0.047497 0.047119
252 0.681563 0.277288 0.045455 0.047458
3868 0.359551 0.602881 0.040858 0.047797
3231 0.246936 0.370678 0.055669 0.047797
2193 0.248979 0.759831 0.041369 0.048475
68 0.784474 0.530339 0.010215 0.049153
121 0.243616 0.874068 0.034729 0.049831
119 0.139939 0.659492 0.038815 0.049831
70 0.240296 0.561186 0.058733 0.049831
3338 0.674413 0.847797 0.045455 0.050169
2438 0.246170 0.419322 0.059244 0.050169
2193 0.777579 0.826610 0.045455 0.051186
58 0.250511 0.713898 0.035240 0.052881
3868 0.251788 0.287627 0.040858 0.053220
69 0.682584 0.504576 0.021961 0.054576
68 0.139428 0.439153 0.012257 0.057288
68 0.478039 0.288983 0.012257 0.057966
