246 0.782083 0.126339 0.048865 0.003781
246 0.794916 0.306711 0.032083 0.004096
246 0.384748 0.638154 0.033070 0.004726
246 0.212241 0.127442 0.037512 0.004726
246 0.204344 0.472747 0.037512 0.005356
246 0.289240 0.472432 0.041461 0.005356
246 0.294669 0.128702 0.037512 0.005986
246 0.130306 0.126812 0.039487 0.005986
246 0.371422 0.471802 0.044916 0.005986
246 0.374383 0.125709 0.038993 0.006301
128 0.618707 0.828607 0.013327 0.010082
297 0.389191 0.298204 0.028134 0.010397
248 0.300099 0.300725 0.031589 0.017958
92 0.623396 0.368463 0.035538 0.018589
1173 0.372655 0.207152 0.039487 0.018589
88 0.616239 0.845148 0.039980 0.018589
52 0.700642 0.239603 0.046890 0.018589
64 0.789980 0.465816 0.023198 0.019849
81 0.623149 0.276938 0.035044 0.020164
91 0.705577 0.261657 0.026160 0.020479
72 0.695953 0.619880 0.041461 0.020479
120 0.539733 0.655325 0.019250 0.021424
66 0.696693 0.844045 0.023198 0.021424
91 0.619694 0.774732 0.027147 0.021424
88 0.783317 0.531348 0.033564 0.021739
64 0.705331 0.377284 0.025666 0.022369
91 0.703603 0.483774 0.026160 0.022369
60 0.782577 0.784814 0.015301 0.022684
88 0.702863 0.322621 0.033564 0.022684
87 0.701876 0.817265 0.041461 0.022684
1174 0.222359 0.637209 0.026160 0.022999
495 0.778628 0.736767 0.049852 0.022999
120 0.618707 0.485665 0.018263 0.023629
1174 0.142399 0.301670 0.024186 0.023629
91 0.536772 0.394297 0.033070 0.023629
1174 0.300839 0.646345 0.034057 0.023629
717 0.307256 0.333806 0.042942 0.024890
56 0.868954 0.320101 0.052813 0.025205
91 0.294916 0.215974 0.025173 0.025520
88 0.535785 0.456049 0.037019 0.026150
72 0.778381 0.817738 0.039487 0.026150
127 0.783564 0.843258 0.055775 0.026150
77 0.629566 0.393510 0.039980 0.026465
495 0.779615 0.559861 0.049852 0.026465
76 0.617473 0.460460 0.027641 0.026780
87 0.621422 0.657057 0.035538 0.026780
55 0.538500 0.512130 0.039487 0.026780
127 0.701876 0.644455 0.055281 0.026780
120 0.871422 0.355230 0.019250 0.027410
126 0.700888 0.555608 0.033564 0.027410
92 0.697927 0.791745 0.019743 0.027725
126 0.696199 0.762130 0.031096 0.027725
122 0.865252 0.441084 0.033564 0.027725
72 0.209773 0.217706 0.039487 0.027725
553 0.536032 0.621928 0.045410 0.027725
117 0.537266 0.206837 0.021224 0.028670
122 0.537759 0.546156 0.035044 0.028670
126 0.622162 0.593415 0.037019 0.028670
110 0.622162 0.306081 0.038006 0.028670
683 0.698914 0.588689 0.045410 0.028670
83 0.616979 0.873661 0.031589 0.028986
1834 0.622162 0.514808 0.041955 0.028986
83 0.703110 0.349559 0.032083 0.029301
74 0.704097 0.455734 0.034057 0.029301
66 0.536525 0.281821 0.023692 0.029931
83 0.535291 0.487555 0.032083 0.029931
108 0.289487 0.603655 0.012340 0.030246
42 0.296397 0.673756 0.010365 0.030561
1174 0.222853 0.304820 0.030109 0.030561
3203 0.132527 0.160208 0.031096 0.030561
1083 0.782083 0.628702 0.045903 0.030561
2194 0.784798 0.161468 0.055281 0.030561
117 0.783070 0.757561 0.020237 0.031191
119 0.627591 0.246062 0.017275 0.031506
107 0.539733 0.314115 0.038993 0.031506
247 0.208786 0.503308 0.037512 0.031821
2542 0.788500 0.589950 0.038006 0.031821
1982 0.132280 0.229836 0.043435 0.031821
42 0.138450 0.331285 0.007404 0.033081
69 0.787512 0.871613 0.021224 0.033081
2395 0.619694 0.554033 0.037019 0.033081
108 0.537019 0.422338 0.037512 0.033081
78 0.622162 0.424543 0.028134 0.033711
1174 0.789240 0.667139 0.037512 0.033711
42 0.221866 0.336484 0.008391 0.034026
53 0.212488 0.248897 0.011352 0.034026
107 0.619200 0.806238 0.031096 0.034026
1792 0.790967 0.337744 0.039980 0.034026
69 0.706071 0.677536 0.022211 0.034342
51 0.625123 0.341682 0.036032 0.034342
71 0.705824 0.871928 0.037512 0.034342
53 0.705084 0.290328 0.014314 0.034972
64 0.212981 0.163989 0.031096 0.034972
1792 0.382527 0.671550 0.039487 0.034972
70 0.787512 0.434310 0.040967 0.034972
92 0.618954 0.625709 0.025666 0.035287
28 0.866239 0.285917 0.055281 0.035602
68 0.785044 0.706207 0.007404 0.036232
42 0.218657 0.666667 0.007897 0.036547
60 0.536772 0.240391 0.021224 0.036547
1083 0.210513 0.565217 0.034057 0.036547
70 0.699161 0.209987 0.021224 0.036862
3936 0.375123 0.163043 0.045410 0.036862
28 0.460760 0.285287 0.056762 0.036862
68 0.535291 0.585854 0.008391 0.037492
87 0.534798 0.690139 0.035044 0.037492
110 0.866486 0.397606 0.037019 0.037807
68 0.537266 0.353025 0.010365 0.038122
1584 0.699161 0.723850 0.026160 0.038752
2752 0.376357 0.510870 0.049852 0.038752
53 0.863771 0.475110 0.015795 0.039067
2193 0.703110 0.517328 0.030109 0.039067
90 0.622162 0.210145 0.043929 0.039067
2752 0.787019 0.214556 0.052813 0.039067
4214 0.619200 0.740548 0.047878 0.039382
68 0.790227 0.492754 0.017769 0.040328
68 0.702616 0.412256 0.008391 0.041273
71 0.294916 0.568210 0.035044 0.041273
68 0.618954 0.695810 0.009872 0.043793
3868 0.374383 0.252520 0.032083 0.043793
3009 0.782823 0.266068 0.055281 0.043793
646 0.388697 0.331285 0.028134 0.045054
2987 0.296644 0.254411 0.049358 0.045054
119 0.536278 0.732357 0.024186 0.046314
2193 0.784551 0.391777 0.028134 0.047574
3439 0.295163 0.169345 0.041461 0.049464
3009 0.372902 0.571991 0.043929 0.050095
4214 0.296890 0.516698 0.046890 0.051670
1138 0.455331 0.456364 0.049852 0.053245
3147 0.452863 0.336641 0.035044 0.058286
