246 0.136660 0.844193 0.052658 0.007090
499 0.352056 0.272789 0.042126 0.012154
162 0.150451 0.855841 0.028084 0.013504
642 0.347793 0.281567 0.034604 0.013504
92 0.136660 0.826975 0.035607 0.013842
499 0.767553 0.266205 0.043631 0.013842
501 0.351053 0.294396 0.032096 0.014855
642 0.764794 0.275490 0.034102 0.014855
302 0.766299 0.288825 0.034102 0.015868
52 0.240471 0.586090 0.047643 0.020257
418 0.564193 0.429946 0.042126 0.020594
52 0.559679 0.335415 0.042126 0.021269
56 0.241474 0.291357 0.026580 0.021607
297 0.561434 0.488521 0.055667 0.021607
418 0.459127 0.402937 0.043631 0.022620
418 0.663240 0.492066 0.043631 0.023295
113 0.662487 0.515024 0.054162 0.023970
56 0.659478 0.734470 0.056169 0.025321
52 0.237212 0.269581 0.054162 0.026671
81 0.656469 0.616475 0.050150 0.027009
120 0.240973 0.464382 0.025577 0.027346
72 0.239218 0.241897 0.062187 0.027346
66 0.661986 0.825962 0.028084 0.028022
76 0.347292 0.828663 0.034604 0.028022
117 0.761284 0.751688 0.024072 0.028697
56 0.350301 0.537643 0.055667 0.028697
117 0.131645 0.287475 0.026580 0.029372
81 0.560682 0.674375 0.056169 0.029372
88 0.762036 0.849932 0.057673 0.029372
122 0.241224 0.687036 0.040120 0.029710
81 0.456118 0.288994 0.047643 0.029710
126 0.764042 0.718265 0.047643 0.030047
83 0.349799 0.890783 0.051655 0.030047
91 0.131645 0.762154 0.047643 0.030722
88 0.239468 0.889433 0.052658 0.030722
1214 0.349799 0.327988 0.057673 0.030722
66 0.353310 0.597232 0.028586 0.031060
118 0.353811 0.628798 0.022568 0.031398
70 0.233952 0.760804 0.045637 0.031398
1834 0.565948 0.458305 0.062688 0.031398
88 0.562688 0.642302 0.028084 0.032073
76 0.562939 0.350945 0.035607 0.032073
1834 0.566700 0.521101 0.062187 0.032073
1810 0.760281 0.817353 0.032096 0.032411
123 0.661234 0.762998 0.020562 0.033761
88 0.240471 0.361918 0.031595 0.033761
83 0.556419 0.831533 0.041625 0.033761
88 0.661735 0.585415 0.049649 0.033761
78 0.133651 0.597738 0.035607 0.034774
1214 0.136660 0.886732 0.052658 0.034774
88 0.561936 0.301992 0.068706 0.034774
92 0.347793 0.796421 0.026580 0.035111
60 0.759529 0.779710 0.020562 0.035449
642 0.131645 0.722316 0.045637 0.035449
91 0.239218 0.557562 0.060181 0.036124
1214 0.238465 0.525321 0.054664 0.036462
95 0.239218 0.497130 0.056169 0.036799
111 0.127382 0.560263 0.026078 0.037475
88 0.458626 0.251350 0.031595 0.037475
83 0.656720 0.290176 0.041625 0.037475
119 0.664744 0.858542 0.025577 0.037812
83 0.237964 0.395510 0.049649 0.038150
109 0.562939 0.740209 0.056670 0.038150
1592 0.662989 0.890783 0.060181 0.038150
95 0.767553 0.331364 0.052658 0.038825
91 0.761535 0.416442 0.055667 0.038825
68 0.241474 0.723835 0.008526 0.039163
252 0.661986 0.695814 0.050150 0.039163
55 0.234453 0.651587 0.055667 0.039163
91 0.125627 0.521269 0.057673 0.039163
2489 0.133651 0.795746 0.057673 0.039163
1295 0.760281 0.885719 0.044132 0.039500
710 0.124122 0.480925 0.050652 0.039500
418 0.659478 0.251688 0.056169 0.039500
126 0.667001 0.800641 0.060181 0.039500
4458 0.343029 0.456617 0.070211 0.039500
111 0.246740 0.613774 0.044132 0.040513
98 0.241976 0.430115 0.062688 0.040513
53 0.659980 0.548109 0.018054 0.040851
62 0.567452 0.700709 0.051655 0.040851
91 0.344784 0.363099 0.052658 0.040851
68 0.348796 0.667286 0.011535 0.041526
53 0.240722 0.323261 0.016048 0.041526
58 0.347292 0.863774 0.052658 0.041526
127 0.357071 0.565665 0.062187 0.041526
60 0.130391 0.319041 0.028084 0.041864
96 0.771565 0.630655 0.046640 0.041864
58 0.662738 0.651418 0.030592 0.042201
70 0.130642 0.361749 0.032598 0.042876
54 0.764794 0.678427 0.046138 0.042876
2983 0.130140 0.638082 0.048646 0.043214
2987 0.134654 0.681634 0.060682 0.043214
111 0.763290 0.457968 0.024072 0.043552
78 0.767553 0.502194 0.042628 0.043552
2836 0.561685 0.559251 0.058175 0.043552
54 0.765547 0.377954 0.059679 0.043552
126 0.664493 0.380655 0.066199 0.043552
4458 0.345787 0.707799 0.071715 0.043552
83 0.128134 0.249325 0.047643 0.044227
81 0.658977 0.417454 0.052156 0.044227
119 0.124875 0.405807 0.024072 0.044564
4185 0.243982 0.850777 0.061685 0.044564
3327 0.346289 0.408677 0.050652 0.046253
1592 0.130642 0.443450 0.053661 0.046928
2193 0.562939 0.600270 0.048646 0.047265
2983 0.660732 0.334909 0.053661 0.048616
4458 0.764544 0.586090 0.062688 0.048616
2598 0.459629 0.371202 0.030592 0.049629
58 0.662738 0.455267 0.035607 0.049629
2983 0.342026 0.752701 0.048144 0.049629
58 0.459629 0.320054 0.033601 0.049966
4458 0.562688 0.880149 0.072217 0.049966
68 0.562688 0.786462 0.010030 0.050979
119 0.239218 0.802667 0.040120 0.050979
4458 0.558425 0.257934 0.069709 0.051317
68 0.559930 0.393484 0.013541 0.053005
