101 0.366792 0.502056 0.031755 0.006854
52 0.403660 0.356237 0.027987 0.013365
499 0.399085 0.271590 0.040366 0.014051
118 0.451023 0.713502 0.017223 0.015079
1173 0.494887 0.625086 0.030678 0.015079
92 0.730086 0.330363 0.034984 0.015079
128 0.568084 0.453907 0.014532 0.015422
115 0.368945 0.488005 0.024220 0.016450
101 0.818353 0.696367 0.028525 0.016450
92 0.446448 0.586703 0.031755 0.016450
102 0.301399 0.801234 0.045210 0.016450
60 0.363294 0.369945 0.017223 0.016792
91 0.453983 0.873715 0.018837 0.016792
91 0.449139 0.661926 0.026372 0.016792
110 0.653391 0.838074 0.027987 0.016792
88 0.359795 0.227382 0.034984 0.016792
121 0.499731 0.831563 0.037137 0.016792
1173 0.446986 0.606580 0.026372 0.017820
102 0.386168 0.880398 0.040366 0.017820
102 0.819699 0.807402 0.051668 0.017820
91 0.496771 0.679061 0.025834 0.018163
91 0.559473 0.592700 0.029602 0.018849
2595 0.495963 0.501714 0.038213 0.019191
1810 0.404736 0.477210 0.019376 0.019534
76 0.651776 0.856580 0.030140 0.019534
88 0.405005 0.375086 0.032831 0.019534
88 0.495425 0.553633 0.032831 0.019534
121 0.453445 0.791467 0.037137 0.019534
102 0.303014 0.580706 0.047363 0.019534
68 0.362756 0.286669 0.017223 0.020219
104 0.404736 0.496744 0.027987 0.020219
91 0.387783 0.687971 0.036060 0.020219
88 0.564855 0.846984 0.037137 0.020219
1006 0.297901 0.824709 0.041442 0.020219
88 0.557858 0.662269 0.044672 0.020219
118 0.404198 0.336532 0.008611 0.020562
61 0.405813 0.318369 0.027987 0.020562
85 0.554629 0.282557 0.012379 0.020905
118 0.403391 0.221556 0.016685 0.020905
68 0.554629 0.302433 0.016685 0.020905
76 0.361679 0.264051 0.017223 0.020905
4119 0.567546 0.790096 0.017761 0.020905
120 0.651507 0.882625 0.020990 0.020905
83 0.495425 0.575908 0.024220 0.020905
115 0.498654 0.809287 0.030678 0.020905
88 0.210710 0.288382 0.032831 0.020905
88 0.641281 0.444997 0.034984 0.020905
95 0.363025 0.249315 0.037137 0.020905
60 0.363563 0.329507 0.014532 0.021590
86 0.408235 0.519020 0.028525 0.021590
51 0.363832 0.352810 0.030140 0.021590
110 0.729817 0.880569 0.030140 0.021590
88 0.291442 0.264393 0.036060 0.021590
113 0.732239 0.284613 0.040366 0.021590
123 0.447524 0.684887 0.018837 0.022276
120 0.131324 0.315113 0.021529 0.022276
83 0.810818 0.309287 0.031755 0.022276
88 0.446448 0.565970 0.033907 0.022276
88 0.299516 0.880912 0.036060 0.022276
89 0.367330 0.419294 0.037137 0.022276
88 0.812971 0.284955 0.040366 0.022276
88 0.125135 0.233208 0.042519 0.022276
55 0.137783 0.578650 0.043057 0.022276
88 0.385091 0.620459 0.044672 0.022276
99 0.731432 0.801748 0.051668 0.022276
126 0.365985 0.393592 0.019376 0.022961
123 0.498385 0.702365 0.019376 0.022961
58 0.368407 0.441570 0.024220 0.022961
111 0.137783 0.603667 0.025834 0.022961
117 0.364101 0.309973 0.028525 0.022961
86 0.646125 0.268849 0.036060 0.022961
1173 0.646663 0.721556 0.038213 0.022961
252 0.465823 0.241432 0.042519 0.022961
1173 0.729548 0.395990 0.042519 0.022961
495 0.732239 0.647190 0.054360 0.022961
108 0.563240 0.476011 0.013455 0.023304
68 0.213940 0.733550 0.018837 0.023646
123 0.400161 0.195168 0.020990 0.023646
1157 0.402583 0.295236 0.025834 0.023646
64 0.647201 0.498115 0.026372 0.023646
62 0.452906 0.769191 0.031755 0.023646
86 0.504037 0.851782 0.031755 0.023646
91 0.650969 0.787012 0.037137 0.023646
88 0.556243 0.396333 0.041442 0.023646
85 0.648278 0.629027 0.018837 0.024332
118 0.501884 0.725668 0.018837 0.024332
2593 0.368407 0.466587 0.028525 0.024332
88 0.468515 0.265422 0.039290 0.024332
252 0.382939 0.594414 0.044672 0.024332
119 0.407158 0.425805 0.018837 0.025017
117 0.215554 0.681460 0.022067 0.025017
58 0.405813 0.399760 0.023681 0.025017
120 0.814047 0.474469 0.024220 0.025017
119 0.139128 0.524846 0.024220 0.025017
93 0.142896 0.819225 0.031755 0.025017
126 0.403391 0.247258 0.032831 0.025017
2600 0.444295 0.508396 0.040366 0.025017
90 0.646932 0.527245 0.047363 0.025017
127 0.642357 0.293180 0.051130 0.025017
118 0.382939 0.860350 0.016685 0.025703
60 0.213671 0.705106 0.021529 0.025703
118 0.136168 0.847327 0.021529 0.025703
111 0.497309 0.873372 0.025834 0.025703
98 0.137783 0.626285 0.043057 0.025703
252 0.289559 0.238005 0.047363 0.025703
118 0.302476 0.780158 0.015070 0.026388
60 0.132131 0.873715 0.018837 0.026388
118 0.302476 0.559801 0.019376 0.026388
117 0.734123 0.668437 0.021529 0.026388
251 0.562702 0.764736 0.046825 0.026388
53 0.729548 0.307916 0.016685 0.027073
60 0.733854 0.694140 0.018837 0.027073
53 0.636975 0.241090 0.022067 0.027073
85 0.138859 0.551576 0.023681 0.027073
111 0.210710 0.314428 0.028525 0.027073
93 0.221206 0.830192 0.038751 0.027073
102 0.211518 0.401131 0.055974 0.027073
648 0.403660 0.452365 0.023681 0.027416
87 0.301130 0.753256 0.036060 0.027416
91 0.728471 0.229267 0.037137 0.027416
271 0.737352 0.856066 0.045210 0.027416
68 0.366523 0.518677 0.015070 0.028444
118 0.213402 0.379883 0.018837 0.028444
126 0.500807 0.751714 0.028525 0.028444
2193 0.360872 0.198938 0.030678 0.028444
83 0.215554 0.549863 0.031755 0.028444
93 0.456136 0.815456 0.036060 0.028444
253 0.817277 0.374058 0.040366 0.028444
2151 0.298977 0.852467 0.044672 0.028444
271 0.655274 0.815798 0.046825 0.028444
92 0.497578 0.601097 0.026372 0.028787
83 0.730893 0.544551 0.027987 0.028787
74 0.725511 0.200480 0.030140 0.028787
87 0.453445 0.739548 0.030678 0.028787
2593 0.499731 0.785469 0.030678 0.028787
83 0.217707 0.758396 0.033907 0.028787
87 0.382400 0.830706 0.033907 0.028787
268 0.555167 0.366347 0.039290 0.028787
683 0.299516 0.293694 0.056512 0.028787
126 0.139128 0.720185 0.027449 0.029130
2395 0.139935 0.688657 0.034446 0.029130
68 0.735199 0.828821 0.015070 0.029815
76 0.135630 0.498458 0.025834 0.029815
87 0.132670 0.348698 0.031755 0.029815
2983 0.453445 0.846299 0.032831 0.029815
83 0.638590 0.472241 0.034984 0.030158
68 0.139666 0.792666 0.037137 0.030158
126 0.217169 0.616175 0.039290 0.030158
81 0.560011 0.427347 0.040366 0.030158
683 0.299516 0.603838 0.052207 0.030158
1592 0.135091 0.417409 0.055974 0.030158
87 0.299516 0.529301 0.031755 0.031186
87 0.213671 0.348355 0.032293 0.031186
2707 0.565393 0.818197 0.037137 0.031186
126 0.298439 0.717443 0.038213 0.031186
4402 0.138052 0.656785 0.044672 0.031186
495 0.562971 0.872001 0.051668 0.031186
1592 0.821044 0.870631 0.054360 0.031186
83 0.551938 0.330363 0.028525 0.031528
1126 0.495425 0.526731 0.032831 0.031528
126 0.735468 0.462646 0.051130 0.031528
119 0.136168 0.382625 0.023681 0.031871
1592 0.561895 0.510110 0.060280 0.031871
87 0.812971 0.442255 0.031755 0.032557
87 0.647201 0.657814 0.042519 0.032557
81 0.731701 0.773989 0.046825 0.032557
68 0.646125 0.691570 0.022067 0.032899
1126 0.450215 0.537354 0.037137 0.032899
126 0.386168 0.797121 0.037137 0.032899
1174 0.296286 0.411926 0.042519 0.032899
126 0.736545 0.620631 0.052207 0.032899
1083 0.649354 0.597498 0.038213 0.033242
2395 0.215554 0.583448 0.044672 0.033242
126 0.566738 0.733550 0.053821 0.033242
4712 0.451023 0.635367 0.027987 0.034270
126 0.296825 0.376971 0.039290 0.034270
327 0.729010 0.260795 0.046825 0.034270
710 0.384553 0.656957 0.046825 0.034270
3812 0.814586 0.668951 0.052207 0.034270
4712 0.496502 0.651988 0.033907 0.034613
126 0.819429 0.629712 0.040366 0.034613
1354 0.138052 0.760281 0.039290 0.035298
68 0.296825 0.445511 0.016685 0.035641
68 0.213671 0.520905 0.021529 0.035641
2709 0.814047 0.409870 0.036060 0.035641
126 0.214478 0.486292 0.038213 0.035641
126 0.641819 0.368746 0.039290 0.035641
1174 0.468784 0.390336 0.043057 0.035641
4416 0.385091 0.768334 0.048977 0.035641
4416 0.299785 0.684716 0.049516 0.035641
4449 0.815393 0.553804 0.060280 0.035641
126 0.553014 0.206134 0.027449 0.035984
68 0.821044 0.832419 0.016685 0.037012
3868 0.730624 0.427005 0.036060 0.037012
4466 0.549247 0.249829 0.060818 0.037012
505 0.290366 0.204764 0.026372 0.037354
70 0.816738 0.777759 0.034984 0.037354
126 0.470667 0.352810 0.039290 0.037354
932 0.731163 0.582762 0.052207 0.037354
2987 0.638590 0.328136 0.058665 0.037354
4122 0.813509 0.209561 0.050054 0.038040
92 0.814855 0.338245 0.030140 0.038382
3868 0.651507 0.754626 0.038213 0.038382
81 0.216900 0.653873 0.045210 0.038382
1711 0.727395 0.732008 0.056512 0.038382
1778 0.301938 0.489548 0.045210 0.038725
1834 0.126211 0.200308 0.048977 0.038725
864 0.647201 0.562200 0.052207 0.038725
68 0.470936 0.421522 0.017223 0.039753
710 0.633746 0.207334 0.044672 0.039753
485 0.730086 0.363605 0.048977 0.039753
2193 0.562164 0.692769 0.036060 0.040096
4163 0.208019 0.254112 0.041442 0.040096
2309 0.815124 0.512166 0.051130 0.040096
505 0.384284 0.557745 0.027987 0.040781
4475 0.382131 0.727724 0.055974 0.040781
349 0.817277 0.252228 0.057589 0.041124
4475 0.296017 0.642735 0.051668 0.041467
505 0.461518 0.204764 0.032831 0.042152
2422 0.216631 0.797635 0.042519 0.042152
1855 0.217976 0.867204 0.043057 0.042152
2987 0.812702 0.591330 0.051668 0.042152
1778 0.472820 0.464873 0.046825 0.044208
1304 0.206136 0.209219 0.045210 0.044894
4168 0.562433 0.555689 0.053821 0.045579
2320 0.641819 0.411412 0.058665 0.045579
1311 0.560011 0.626285 0.048977 0.046950
3519 0.297094 0.336018 0.047363 0.050377
3711 0.815662 0.731837 0.054360 0.050377
2438 0.731163 0.502570 0.041442 0.051062
2438 0.128364 0.273818 0.038213 0.052090
2438 0.136975 0.460418 0.044672 0.054489
3519 0.465554 0.306032 0.045210 0.056203
3464 0.212863 0.437971 0.051130 0.060315
