52 0.197802 0.658372 0.060701 0.016150
113 0.567766 0.229565 0.053375 0.017469
88 0.656463 0.834212 0.048666 0.021094
101 0.202250 0.846407 0.054945 0.021094
85 0.111198 0.349374 0.036107 0.023072
88 0.662219 0.279993 0.014129 0.024061
72 0.291470 0.646177 0.049189 0.024061
88 0.659341 0.440013 0.013605 0.024390
88 0.199634 0.811140 0.019362 0.024390
88 0.289901 0.369809 0.053375 0.024390
553 0.204082 0.724127 0.059655 0.025049
495 0.109367 0.486322 0.057561 0.025379
88 0.563056 0.350527 0.015699 0.026697
83 0.659864 0.320040 0.035583 0.028345
553 0.653585 0.800923 0.065934 0.028345
87 0.111198 0.814601 0.036107 0.028675
88 0.199634 0.684575 0.025641 0.029005
91 0.294087 0.558504 0.050235 0.029334
88 0.117739 0.780323 0.053375 0.029334
85 0.297488 0.190343 0.040293 0.029993
85 0.115908 0.266974 0.017268 0.030323
53 0.290947 0.228741 0.019885 0.030982
120 0.566457 0.487475 0.023548 0.030982
98 0.290424 0.261042 0.060701 0.030982
83 0.660649 0.477423 0.044479 0.031312
68 0.665097 0.863876 0.012559 0.031641
98 0.656986 0.661833 0.052852 0.031641
120 0.113553 0.845583 0.024071 0.031971
127 0.298012 0.679136 0.060178 0.031971
120 0.115123 0.236157 0.023025 0.032630
247 0.288331 0.338497 0.054422 0.032960
117 0.205651 0.188036 0.023025 0.033289
98 0.108320 0.416117 0.061748 0.033289
64 0.810047 0.411997 0.045003 0.033619
126 0.200419 0.534937 0.049189 0.033619
111 0.656724 0.512195 0.030351 0.034937
83 0.562009 0.389585 0.043956 0.034937
53 0.111460 0.381839 0.019885 0.035926
2707 0.199634 0.496869 0.050759 0.035926
3322 0.115123 0.742254 0.038723 0.036915
126 0.113815 0.452868 0.055992 0.036915
111 0.655678 0.355636 0.030351 0.037574
115 0.567766 0.313118 0.052329 0.037574
66 0.201204 0.624588 0.031920 0.038233
83 0.652276 0.892386 0.023548 0.038563
126 0.115908 0.886783 0.043433 0.038563
642 0.290162 0.297956 0.037153 0.038893
68 0.566457 0.191496 0.046572 0.039552
126 0.201465 0.280817 0.051282 0.040211
2203 0.666143 0.193144 0.061748 0.040870
126 0.663004 0.617831 0.042909 0.042518
3231 0.116954 0.576137 0.054945 0.044166
1792 0.289901 0.521918 0.045003 0.044496
83 0.110152 0.528345 0.025641 0.046144
680 0.203035 0.577456 0.040816 0.046144
2885 0.206698 0.879367 0.045003 0.046144
58 0.656201 0.702538 0.028257 0.046473
58 0.200680 0.233685 0.029827 0.046803
3868 0.201988 0.328279 0.038723 0.046803
4586 0.663789 0.240936 0.065411 0.046803
58 0.111460 0.310811 0.031397 0.047462
76 0.118263 0.196770 0.040816 0.048121
53 0.557823 0.270929 0.025118 0.048780
958 0.286499 0.470831 0.046572 0.049110
4600 0.663789 0.400297 0.075877 0.049110
2203 0.811617 0.363711 0.070120 0.051088
1197 0.440869 0.382663 0.079016 0.051417
2925 0.656724 0.755438 0.051282 0.052076
3375 0.114861 0.686552 0.042386 0.052736
3375 0.201727 0.768293 0.050759 0.052736
3375 0.294087 0.413645 0.057561 0.054054
4484 0.287546 0.881510 0.042386 0.054384
3375 0.294872 0.766150 0.051805 0.054384
3249 0.198064 0.383487 0.059131 0.054384
3868 0.436944 0.449572 0.069074 0.055372
4038 0.813187 0.300758 0.077446 0.055702
3338 0.293302 0.826632 0.052852 0.056032
2856 0.291732 0.606295 0.061224 0.056361
122 0.803244 0.469347 0.077446 0.056691
69 0.307169 0.706163 0.031397 0.057680
2438 0.566719 0.439354 0.055468 0.059328
2438 0.114338 0.631839 0.052852 0.059987
1270 0.200157 0.446605 0.055992 0.065260
3249 0.431188 0.511206 0.074307 0.065260
4634 0.662219 0.567403 0.068550 0.066908
3375 0.433804 0.308504 0.065934 0.071193
2438 0.804291 0.534443 0.069074 0.072182
