499 0.183994 0.693066 0.056099 0.019717
248 0.809058 0.690930 0.055584 0.020046
191 0.173186 0.751561 0.032424 0.023661
191 0.800051 0.746303 0.049923 0.023661
247 0.178847 0.723299 0.032424 0.026947
247 0.810602 0.720670 0.040144 0.028919
720 0.496912 0.698160 0.040659 0.030562
204 0.813690 0.774893 0.038085 0.031548
720 0.341997 0.700296 0.045805 0.032862
720 0.645651 0.698488 0.047864 0.033848
204 0.180648 0.782287 0.030880 0.034505
115 0.480957 0.491620 0.059187 0.036149
91 0.484303 0.575583 0.057643 0.037134
84 0.486619 0.532862 0.056099 0.041735
135 0.494596 0.739566 0.039115 0.046336
2233 0.488935 0.621919 0.072054 0.046993
2309 0.803911 0.304962 0.071024 0.048636
3868 0.636387 0.379560 0.055069 0.051922
4573 0.162378 0.404371 0.085950 0.052908
4449 0.804169 0.374959 0.078744 0.053237
4573 0.805455 0.443477 0.086464 0.053566
2590 0.476325 0.306112 0.044776 0.054880
1814 0.482759 0.437233 0.059701 0.060795
2426 0.155430 0.320572 0.081318 0.062110
3034 0.644107 0.309563 0.088008 0.062438
4163 0.320124 0.412751 0.053525 0.065067
3492 0.479671 0.371673 0.078230 0.065725
3249 0.634586 0.447585 0.064848 0.066382
4209 0.316006 0.328952 0.089552 0.087414
