246 0.589151 0.341847 0.056928 0.006549
246 0.592374 0.562705 0.050483 0.008841
101 0.219388 0.861493 0.037057 0.014407
52 0.214286 0.698428 0.047261 0.017682
57 0.696026 0.669450 0.034372 0.018009
115 0.590494 0.793222 0.045650 0.022593
88 0.120838 0.797806 0.049409 0.022593
117 0.681794 0.248363 0.022019 0.024558
66 0.313641 0.835789 0.032223 0.025868
88 0.303706 0.228716 0.046724 0.025868
64 0.214554 0.320236 0.027390 0.026195
117 0.208647 0.433039 0.019871 0.027177
98 0.306391 0.377701 0.056391 0.027177
495 0.218314 0.890635 0.071429 0.027505
553 0.118421 0.765226 0.062836 0.028160
127 0.309613 0.344957 0.060687 0.029142
88 0.686359 0.843157 0.017186 0.030124
110 0.313641 0.807466 0.046187 0.030124
64 0.120838 0.649312 0.033298 0.030779
118 0.686090 0.695481 0.019871 0.031434
120 0.120032 0.869843 0.026316 0.031762
88 0.582438 0.496889 0.027390 0.031762
88 0.117347 0.446136 0.031686 0.031762
495 0.120032 0.483301 0.071429 0.032089
88 0.309076 0.642600 0.016649 0.033726
85 0.311493 0.408153 0.021482 0.033726
83 0.309345 0.679928 0.048335 0.033726
61 0.121375 0.682875 0.050483 0.033726
127 0.314715 0.267354 0.066595 0.033726
69 0.312836 0.304846 0.063910 0.034054
96 0.693340 0.515390 0.074114 0.034709
495 0.586735 0.535036 0.080021 0.034709
68 0.129162 0.273084 0.014501 0.035363
83 0.206767 0.285200 0.041890 0.035363
83 0.118690 0.351997 0.042965 0.035363
70 0.124329 0.835462 0.030612 0.035691
61 0.214017 0.355927 0.052095 0.036018
87 0.685822 0.430747 0.059076 0.036346
107 0.316327 0.870825 0.029001 0.037001
83 0.682868 0.880321 0.029538 0.037001
126 0.122449 0.559103 0.060150 0.037001
68 0.313910 0.773412 0.010204 0.037328
88 0.446563 0.357564 0.023093 0.037328
104 0.120569 0.240832 0.045650 0.037656
88 0.207035 0.250819 0.019871 0.037983
509 0.215360 0.828094 0.050483 0.037983
4082 0.591300 0.655370 0.045113 0.038965
111 0.680988 0.339064 0.025779 0.039620
119 0.216971 0.733301 0.022556 0.040275
70 0.684211 0.472659 0.029001 0.040275
126 0.309613 0.504912 0.057465 0.040602
2593 0.594522 0.756713 0.047261 0.041257
104 0.686627 0.808120 0.058539 0.041257
1977 0.306391 0.192043 0.082170 0.041585
78 0.120032 0.724623 0.039205 0.041912
78 0.214823 0.396038 0.040816 0.042240
69 0.451665 0.454158 0.064447 0.042567
127 0.453813 0.504912 0.068743 0.042567
126 0.216165 0.663883 0.046724 0.042895
691 0.121106 0.514898 0.049946 0.042895
2222 0.313641 0.603635 0.069817 0.043549
290 0.126208 0.311231 0.077336 0.044204
3231 0.115467 0.196627 0.063373 0.044859
81 0.212675 0.517027 0.059076 0.045842
68 0.687433 0.759168 0.055854 0.046169
127 0.453276 0.399476 0.070892 0.046496
119 0.210795 0.472823 0.031686 0.047151
58 0.117615 0.604289 0.024705 0.047479
83 0.211332 0.780616 0.026316 0.047806
58 0.213749 0.557302 0.040816 0.047806
126 0.590763 0.301244 0.048335 0.048461
1946 0.212137 0.608055 0.067669 0.048461
1946 0.447637 0.302227 0.085392 0.048461
4147 0.309345 0.552227 0.056928 0.049443
59 0.686090 0.385069 0.048872 0.050426
68 0.682331 0.706451 0.044576 0.050753
58 0.675349 0.292895 0.032760 0.051408
68 0.312030 0.883923 0.051557 0.051408
1879 0.590226 0.607073 0.046187 0.051735
83 0.586735 0.705796 0.026316 0.052063
4253 0.829484 0.367714 0.074651 0.052390
3349 0.125940 0.399967 0.051020 0.052718
4163 0.584049 0.386215 0.049946 0.054028
58 0.302900 0.457433 0.030075 0.054355
4196 0.589957 0.252292 0.072503 0.054682
2354 0.590494 0.195809 0.063910 0.055665
3322 0.682599 0.198592 0.047261 0.058612
4252 0.825994 0.300917 0.076262 0.058939
2438 0.313373 0.727898 0.057465 0.059594
2948 0.208915 0.201703 0.062299 0.059594
781 0.684211 0.635724 0.062299 0.059921
4196 0.829216 0.431074 0.093448 0.066470
3470 0.690655 0.571054 0.069817 0.066798
2354 0.828947 0.494434 0.076799 0.072037
60 0.594253 0.443353 0.035983 0.079240
