246 0.414743 0.778761 0.052991 0.007211
246 0.416579 0.716323 0.060860 0.009505
93 0.323452 0.358079 0.044596 0.017371
113 0.223505 0.784497 0.060860 0.019993
88 0.317419 0.563422 0.052466 0.023599
88 0.315058 0.799574 0.042497 0.023927
56 0.512854 0.381023 0.055089 0.025893
81 0.863326 0.670600 0.057188 0.026221
117 0.413956 0.430187 0.022036 0.026549
861 0.411857 0.191249 0.061910 0.027204
547 0.778069 0.364143 0.058762 0.027532
120 0.414218 0.650770 0.027807 0.027860
86 0.327912 0.526876 0.029381 0.028515
110 0.865950 0.330056 0.043547 0.028843
126 0.314795 0.284825 0.053515 0.028843
547 0.320304 0.594231 0.058237 0.028843
88 0.414481 0.686660 0.052466 0.029499
88 0.221931 0.422812 0.053515 0.029499
88 0.215635 0.254343 0.016789 0.030154
120 0.221931 0.547034 0.027282 0.030810
87 0.140346 0.473451 0.043547 0.031137
85 0.130378 0.233366 0.020462 0.031465
1810 0.414743 0.750574 0.034103 0.031465
88 0.411595 0.564405 0.038300 0.032121
99 0.770199 0.235005 0.065058 0.032121
120 0.318468 0.625533 0.025184 0.032448
104 0.316894 0.429859 0.049318 0.032448
104 0.316107 0.512783 0.051941 0.033104
126 0.134837 0.285972 0.056663 0.033759
88 0.509969 0.750901 0.034627 0.034087
83 0.216946 0.294985 0.042497 0.034087
91 0.220619 0.687316 0.048793 0.034087
126 0.512854 0.570141 0.057188 0.034415
104 0.511280 0.711570 0.055089 0.034743
62 0.222718 0.517044 0.055089 0.035070
53 0.866474 0.631105 0.020462 0.035726
83 0.865950 0.294166 0.042497 0.035726
118 0.521511 0.292691 0.014690 0.036054
553 0.315582 0.760734 0.062434 0.036054
91 0.134837 0.193215 0.048269 0.036382
117 0.868573 0.534251 0.022560 0.036709
68 0.318993 0.387086 0.047219 0.036709
302 0.315582 0.666667 0.061385 0.036709
302 0.413956 0.225664 0.057712 0.037037
750 0.868048 0.198460 0.058237 0.037037
120 0.508657 0.882661 0.029906 0.037365
111 0.419727 0.312357 0.027282 0.038020
83 0.312434 0.881023 0.044596 0.038020
91 0.859654 0.842347 0.044596 0.038676
68 0.513379 0.662734 0.050892 0.038676
83 0.414743 0.400197 0.057188 0.038676
68 0.316632 0.838086 0.009969 0.039331
107 0.774659 0.194690 0.025708 0.039987
88 0.313746 0.192068 0.033578 0.039987
95 0.517051 0.256965 0.058237 0.039987
62 0.513116 0.843166 0.039874 0.040970
1083 0.133788 0.380039 0.044071 0.040970
68 0.224816 0.386103 0.015215 0.041298
119 0.133263 0.332842 0.037775 0.041626
552 0.318993 0.715995 0.050367 0.042937
68 0.417891 0.355785 0.012067 0.043592
70 0.225603 0.341363 0.036726 0.043592
62 0.319517 0.326286 0.050367 0.043592
3041 0.134837 0.431170 0.065058 0.043592
53 0.220357 0.821698 0.017838 0.043920
680 0.511542 0.618486 0.046170 0.043920
68 0.221931 0.644215 0.015740 0.045559
83 0.770724 0.321534 0.025184 0.045887
330 0.874082 0.247132 0.044071 0.045887
70 0.776495 0.416749 0.036726 0.046214
68 0.520724 0.411996 0.012067 0.046542
68 0.783578 0.274336 0.015215 0.046542
3231 0.318206 0.467388 0.064533 0.046542
81 0.221144 0.467879 0.054040 0.046870
70 0.223505 0.591609 0.038825 0.047198
119 0.864113 0.587676 0.039874 0.047198
81 0.512067 0.800066 0.061910 0.047198
118 0.516002 0.462144 0.034103 0.047853
1879 0.413431 0.272697 0.051417 0.047853
78 0.862015 0.886922 0.036726 0.048509
58 0.514166 0.336611 0.031480 0.051131
4575 0.409759 0.521796 0.070304 0.051786
68 0.416317 0.469682 0.016264 0.052442
126 0.869360 0.418715 0.043022 0.053425
68 0.872770 0.365782 0.017314 0.053753
4639 0.515740 0.203540 0.067156 0.054408
2354 0.410546 0.608653 0.057188 0.055064
271 0.639297 0.453950 0.098111 0.055719
2193 0.411070 0.882006 0.040399 0.056375
2354 0.315058 0.242707 0.057188 0.059325
975 0.412644 0.820059 0.061385 0.059653
83 0.860441 0.788430 0.030430 0.059980
2354 0.221668 0.734349 0.060336 0.060636
2223 0.636674 0.381186 0.075026 0.060964
1286 0.221668 0.876106 0.058237 0.061619
4447 0.228751 0.203868 0.070304 0.061619
4523 0.509969 0.522779 0.055614 0.066208
68 0.866737 0.720747 0.015740 0.071452
1100 0.643232 0.305146 0.075551 0.072108
4168 0.873557 0.486562 0.069255 0.075713
68 0.131952 0.543920 0.016264 0.090790
