101 0.790672 0.488682 0.049892 0.013981
81 0.513557 0.776132 0.033623 0.014314
102 0.422993 0.507157 0.060738 0.014980
81 0.603308 0.284621 0.034165 0.015313
88 0.414588 0.259654 0.039588 0.015979
88 0.794740 0.342876 0.010304 0.017310
91 0.416486 0.319740 0.026030 0.017643
56 0.793384 0.649967 0.046638 0.017643
91 0.605748 0.779960 0.028200 0.018642
128 0.126898 0.721704 0.010846 0.019308
91 0.607646 0.595206 0.025488 0.019308
101 0.511659 0.394973 0.043926 0.019640
4034 0.600325 0.377663 0.050976 0.019640
88 0.795824 0.628162 0.012473 0.019973
55 0.222072 0.578895 0.045011 0.019973
88 0.223698 0.814414 0.011388 0.020306
88 0.127983 0.832057 0.016269 0.020306
91 0.412148 0.209554 0.028200 0.020306
91 0.129067 0.779461 0.028200 0.020306
92 0.795553 0.671272 0.033623 0.020306
42 0.519252 0.750000 0.011388 0.020639
91 0.318872 0.306258 0.030369 0.020639
88 0.222343 0.533788 0.009761 0.020972
66 0.221258 0.390979 0.018438 0.020972
83 0.225054 0.554760 0.029284 0.020972
56 0.513829 0.793941 0.018980 0.021305
120 0.793655 0.692077 0.021150 0.021305
83 0.509490 0.306258 0.027657 0.021305
91 0.420282 0.629494 0.028200 0.021305
91 0.324024 0.430093 0.030911 0.021305
28 0.696312 0.228029 0.033623 0.021305
55 0.512473 0.588216 0.048807 0.021305
327 0.511388 0.528462 0.044469 0.021638
4034 0.510846 0.560919 0.049892 0.021971
91 0.699837 0.445905 0.028742 0.022304
57 0.234273 0.309088 0.033623 0.022304
28 0.320770 0.229194 0.036334 0.022304
55 0.221529 0.451232 0.045011 0.022304
88 0.605206 0.659121 0.013015 0.022636
547 0.417299 0.461385 0.048265 0.022636
123 0.219631 0.369008 0.043384 0.022969
91 0.128525 0.441079 0.031453 0.023302
119 0.419469 0.437583 0.016811 0.023635
501 0.605748 0.880659 0.040130 0.023635
83 0.414046 0.178429 0.025488 0.023968
327 0.602495 0.345040 0.047722 0.024301
126 0.608460 0.846538 0.036876 0.024634
85 0.419469 0.413282 0.020065 0.024967
87 0.221529 0.289115 0.034165 0.024967
126 0.600054 0.257157 0.040672 0.024967
120 0.417842 0.780959 0.022234 0.025300
126 0.511388 0.497004 0.039046 0.025300
87 0.794197 0.760486 0.031996 0.025632
70 0.418113 0.486684 0.026030 0.025965
248 0.506508 0.180426 0.040130 0.025965
1214 0.883948 0.198402 0.049892 0.025965
85 0.603850 0.405626 0.015727 0.026298
251 0.792028 0.211218 0.041757 0.026298
750 0.787419 0.243342 0.054230 0.026631
1952 0.219902 0.220706 0.056941 0.026631
122 0.222885 0.603029 0.036876 0.026964
750 0.511117 0.648302 0.050434 0.026964
115 0.792570 0.467710 0.030911 0.027297
126 0.130694 0.622170 0.036876 0.027297
287 0.421095 0.807257 0.040672 0.027297
95 0.516811 0.818242 0.044469 0.027297
87 0.419740 0.754494 0.032538 0.027630
1005 0.417299 0.660120 0.050434 0.027963
122 0.220987 0.476531 0.038503 0.028296
104 0.224512 0.879993 0.043384 0.028296
68 0.225325 0.629494 0.008134 0.028628
85 0.419740 0.726365 0.018438 0.028628
68 0.509490 0.250000 0.043926 0.028628
119 0.515998 0.878329 0.018980 0.028961
710 0.414859 0.288782 0.039046 0.028961
1012 0.422180 0.604361 0.056941 0.028961
252 0.510846 0.370506 0.028200 0.029294
1952 0.127983 0.588216 0.050976 0.029294
750 0.416757 0.688748 0.052603 0.029294
96 0.231562 0.417277 0.057484 0.029627
126 0.416215 0.381824 0.034165 0.029960
1893 0.792570 0.316578 0.042842 0.029960
1350 0.126898 0.176099 0.049892 0.029960
68 0.795553 0.366678 0.008677 0.030293
2991 0.415672 0.351698 0.050434 0.030293
2991 0.606833 0.816079 0.052061 0.030293
73 0.135033 0.322071 0.054230 0.030293
3203 0.129067 0.804927 0.034707 0.030626
58 0.511659 0.280126 0.017896 0.030959
710 0.125271 0.748835 0.047722 0.030959
1995 0.603037 0.563415 0.053145 0.030959
2038 0.885846 0.234854 0.062364 0.030959
118 0.215564 0.335885 0.022234 0.031292
78 0.416215 0.236019 0.023319 0.031292
107 0.124729 0.291112 0.021692 0.031625
1952 0.318601 0.270806 0.062364 0.031625
91 0.885033 0.280626 0.035792 0.031957
3045 0.514913 0.847870 0.046095 0.031957
271 0.219089 0.258156 0.054230 0.032290
750 0.507863 0.423935 0.054772 0.032290
750 0.597072 0.174767 0.053145 0.032623
68 0.796909 0.789780 0.010304 0.032956
83 0.791757 0.398302 0.010846 0.032956
58 0.511388 0.615513 0.019523 0.033289
2593 0.796638 0.437084 0.026030 0.033289
87 0.130152 0.469374 0.031453 0.033289
2233 0.702007 0.474201 0.040672 0.034288
3868 0.606562 0.694740 0.035249 0.034621
3041 0.791215 0.283955 0.054230 0.034621
68 0.419740 0.530626 0.008677 0.035286
505 0.221529 0.667443 0.021150 0.035286
107 0.126356 0.694407 0.021692 0.035286
710 0.790944 0.174434 0.041757 0.035286
750 0.601410 0.481691 0.054230 0.035286
68 0.225597 0.505160 0.008677 0.035619
58 0.603850 0.310087 0.024403 0.035619
505 0.508406 0.337883 0.021150 0.035952
505 0.130152 0.658622 0.020607 0.036285
646 0.225868 0.780293 0.034165 0.036618
308 0.126085 0.862017 0.031996 0.036951
68 0.220987 0.846372 0.039588 0.036951
2987 0.883948 0.315746 0.052061 0.036951
3059 0.416486 0.571072 0.054230 0.036951
646 0.506779 0.214048 0.029826 0.037284
836 0.595987 0.220040 0.046638 0.037284
836 0.602495 0.524301 0.057484 0.037284
2233 0.322126 0.459554 0.046638 0.037617
836 0.508406 0.680593 0.050434 0.037617
58 0.603579 0.437750 0.020607 0.037949
648 0.122560 0.252996 0.028200 0.037949
3203 0.223698 0.704061 0.038503 0.037949
58 0.130965 0.505160 0.021150 0.038282
68 0.793113 0.510652 0.013557 0.038615
2354 0.319957 0.389148 0.050976 0.038615
4371 0.222614 0.179261 0.028742 0.038948
2429 0.795553 0.595706 0.049892 0.038948
836 0.510304 0.459554 0.050976 0.038948
2640 0.126627 0.402963 0.054772 0.039614
4050 0.511659 0.719541 0.037419 0.040280
717 0.125271 0.213881 0.042299 0.040280
4371 0.318872 0.345872 0.029284 0.040613
717 0.123102 0.358688 0.044469 0.040945
958 0.224783 0.741012 0.030911 0.041944
296 0.792570 0.723868 0.015727 0.042277
4484 0.790130 0.554927 0.037961 0.042610
1311 0.603037 0.626498 0.041215 0.042610
3338 0.696584 0.317077 0.049349 0.042943
4346 0.693601 0.273802 0.039046 0.043609
2354 0.697668 0.408788 0.049349 0.043941
4371 0.130152 0.550266 0.028200 0.045273
3411 0.697126 0.362017 0.045011 0.046937
3249 0.603037 0.741511 0.049892 0.054261
68 0.129610 0.863682 0.053145 0.066245
