246 0.489466 0.682750 0.049846 0.007931
297 0.185766 0.692498 0.053957 0.013549
191 0.179856 0.745373 0.035971 0.020159
247 0.186536 0.721084 0.033916 0.023794
247 0.492549 0.711335 0.044707 0.026107
297 0.825283 0.615169 0.064748 0.027429
204 0.494090 0.777759 0.034430 0.030734
2707 0.493834 0.743721 0.040082 0.031395
720 0.337616 0.695142 0.044193 0.033377
135 0.340185 0.737277 0.024666 0.035030
204 0.190391 0.773959 0.028263 0.036352
2595 0.477646 0.362194 0.070401 0.037013
278 0.826053 0.569399 0.063207 0.045605
2555 0.816033 0.275611 0.077081 0.045605
2548 0.817831 0.332783 0.073484 0.046266
750 0.817318 0.383344 0.081706 0.047588
2707 0.638489 0.362029 0.056012 0.049901
3912 0.334532 0.459683 0.093525 0.052875
2996 0.480730 0.423662 0.073484 0.055519
4132 0.479959 0.302379 0.072970 0.056841
1699 0.153135 0.312624 0.086331 0.058824
2414 0.323998 0.398215 0.071429 0.061467
4330 0.822199 0.441342 0.069887 0.061798
1267 0.828623 0.510905 0.072456 0.063450
2426 0.156475 0.382849 0.081706 0.065102
4213 0.644142 0.439689 0.093011 0.065102
2354 0.484070 0.488434 0.073998 0.066094
1788 0.810637 0.214970 0.074512 0.068407
1814 0.317318 0.322373 0.062179 0.074356
