246 0.133132 0.141125 0.046394 0.007436
101 0.137922 0.503233 0.062027 0.015842
110 0.580182 0.218720 0.034796 0.017135
101 0.728694 0.126576 0.060514 0.017135
120 0.655572 0.212577 0.018154 0.018429
120 0.592032 0.613967 0.016137 0.020045
52 0.943772 0.306660 0.043873 0.021015
126 0.209783 0.488361 0.047403 0.021015
120 0.951084 0.464759 0.021180 0.021662
85 0.587746 0.564500 0.015633 0.021985
120 0.809128 0.748464 0.022693 0.021985
126 0.663389 0.901390 0.049924 0.021985
120 0.591276 0.834303 0.020676 0.022308
120 0.432930 0.334788 0.019667 0.022955
56 0.434695 0.397187 0.023197 0.022955
66 0.726172 0.102651 0.030257 0.022955
108 0.513364 0.573230 0.019163 0.023278
113 0.358800 0.243453 0.047907 0.023278
120 0.580434 0.272389 0.020171 0.023602
120 0.365860 0.511316 0.023701 0.023602
57 0.147756 0.828484 0.035300 0.023602
3053 0.207262 0.226317 0.036309 0.023925
56 0.505295 0.267863 0.021180 0.024248
66 0.942259 0.106208 0.030761 0.024248
87 0.212557 0.565955 0.042864 0.024248
113 0.587242 0.744746 0.050933 0.024248
1810 0.138174 0.712900 0.026223 0.024572
56 0.660363 0.815390 0.050933 0.024572
117 0.890318 0.830747 0.019667 0.024895
120 0.733485 0.276107 0.020676 0.025218
64 0.807110 0.622696 0.025719 0.025218
66 0.660615 0.753314 0.029249 0.025218
123 0.727181 0.151309 0.047403 0.025218
128 0.947806 0.362916 0.014624 0.025542
108 0.658598 0.570158 0.018154 0.025542
113 0.207262 0.312803 0.048411 0.025542
123 0.956127 0.776269 0.017146 0.025865
77 0.516641 0.597478 0.048916 0.025865
109 0.515381 0.765276 0.050429 0.025865
89 0.512103 0.321371 0.052950 0.025865
89 0.659859 0.729227 0.050933 0.026188
56 0.434191 0.591659 0.021180 0.026511
56 0.803328 0.137892 0.021180 0.026835
56 0.728190 0.177336 0.021180 0.026835
57 0.136914 0.319269 0.032779 0.026835
51 0.142461 0.775784 0.039839 0.026835
104 0.434191 0.679437 0.042360 0.026835
123 0.507312 0.241675 0.043369 0.026835
4652 0.433938 0.525218 0.044881 0.026835
83 0.435703 0.837051 0.036309 0.027158
251 0.810640 0.804074 0.039839 0.027158
85 0.506556 0.177013 0.015633 0.027481
91 0.734241 0.449240 0.045386 0.027481
88 0.735754 0.597801 0.022189 0.027805
98 0.954362 0.721629 0.042864 0.027805
55 0.432930 0.182994 0.045890 0.027805
109 0.661624 0.668607 0.048411 0.027805
366 0.287695 0.717911 0.042864 0.028128
88 0.945285 0.168768 0.023701 0.028451
76 0.806606 0.723246 0.037821 0.028451
87 0.434947 0.247979 0.042864 0.028451
95 0.209027 0.253799 0.044881 0.028451
370 0.212052 0.672486 0.049924 0.028451
76 0.656329 0.187682 0.033787 0.028775
98 0.139687 0.804235 0.057489 0.028775
108 0.957136 0.749111 0.019163 0.029098
88 0.142209 0.744585 0.024206 0.029098
88 0.512859 0.420304 0.026223 0.029098
98 0.655068 0.510508 0.053454 0.029098
118 0.505799 0.294698 0.015129 0.029421
89 0.361826 0.222599 0.048916 0.029421
104 0.212305 0.593113 0.050429 0.029421
111 0.583712 0.537666 0.021684 0.029745
76 0.580686 0.243130 0.032779 0.029745
1083 0.585477 0.348206 0.034291 0.029745
109 0.588250 0.590042 0.050933 0.029745
105 0.519667 0.833495 0.053959 0.029745
68 0.435956 0.808762 0.012607 0.030068
85 0.583207 0.448917 0.015633 0.030068
83 0.660111 0.598286 0.036309 0.030068
1435 0.875693 0.177659 0.043873 0.030068
2203 0.287443 0.197058 0.044377 0.030068
62 0.960414 0.803750 0.042864 0.030391
1579 0.213313 0.827029 0.043369 0.030391
4345 0.807110 0.445845 0.045890 0.030391
105 0.812658 0.655027 0.048916 0.030391
1834 0.808371 0.413514 0.049420 0.030391
76 0.885023 0.739573 0.030257 0.030715
680 0.955371 0.646783 0.032779 0.030715
88 0.514120 0.682994 0.043873 0.030715
126 0.138174 0.385548 0.045386 0.030715
328 0.132627 0.292111 0.054463 0.030715
107 0.360565 0.326544 0.024206 0.031038
87 0.589763 0.806337 0.034796 0.031038
2194 0.139435 0.605884 0.046899 0.031038
316 0.890066 0.803750 0.055472 0.031038
60 0.662380 0.539444 0.029753 0.031361
84 0.510842 0.387165 0.041351 0.031361
88 0.362078 0.302134 0.049420 0.031361
85 0.445285 0.897834 0.021180 0.031684
74 0.434191 0.708697 0.027231 0.031684
91 0.584720 0.383446 0.040847 0.031684
4264 0.729955 0.415131 0.048916 0.031684
2489 0.440242 0.869059 0.057489 0.031684
60 0.804085 0.166020 0.021684 0.032008
88 0.590772 0.642580 0.023701 0.032008
75 0.963944 0.892499 0.031770 0.032008
57 0.214322 0.344811 0.036309 0.032008
119 0.890570 0.860006 0.027231 0.032331
110 0.805850 0.478500 0.035300 0.032331
67 0.731720 0.246686 0.040343 0.032331
4084 0.960161 0.863886 0.042360 0.032331
104 0.586737 0.418041 0.043873 0.032331
88 0.730963 0.345619 0.050933 0.032331
88 0.656329 0.406240 0.023701 0.032654
1887 0.136409 0.679114 0.047907 0.032654
2435 0.281140 0.286938 0.050933 0.032654
736 0.284165 0.432751 0.051942 0.032654
85 0.951589 0.492079 0.015129 0.032978
111 0.653555 0.294859 0.023197 0.032978
76 0.432426 0.306822 0.032779 0.032978
75 0.217852 0.898804 0.038326 0.032978
784 0.361069 0.449725 0.043369 0.032978
1927 0.282148 0.332363 0.047907 0.032978
107 0.946293 0.135790 0.048916 0.032978
88 0.435703 0.427093 0.050429 0.032978
93 0.883762 0.551083 0.032779 0.033301
91 0.590772 0.895732 0.036813 0.033301
91 0.662632 0.840446 0.061523 0.033301
83 0.205749 0.281604 0.036309 0.033624
98 0.513868 0.866149 0.051437 0.033624
88 0.879980 0.364048 0.052446 0.033624
121 0.365356 0.360491 0.063036 0.033624
710 0.732728 0.520045 0.043369 0.033948
88 0.812153 0.774814 0.047907 0.033948
465 0.659355 0.869867 0.047907 0.033948
92 0.809884 0.376980 0.026223 0.034271
119 0.654816 0.151633 0.032779 0.034271
2707 0.653807 0.367281 0.032779 0.034271
83 0.661876 0.786292 0.037821 0.034271
3735 0.208775 0.198513 0.041351 0.034271
58 0.436712 0.744585 0.051437 0.034271
92 0.875946 0.209990 0.021180 0.034594
93 0.138679 0.526511 0.029249 0.034594
1579 0.288704 0.758649 0.040847 0.034594
4416 0.133132 0.352570 0.049420 0.034594
91 0.892335 0.712738 0.071104 0.034594
119 0.433686 0.620757 0.021180 0.034918
85 0.877458 0.109602 0.022189 0.034918
111 0.895613 0.893954 0.030257 0.034918
1799 0.733989 0.718720 0.036813 0.034918
87 0.435451 0.366958 0.038830 0.034918
495 0.877711 0.397995 0.045890 0.034918
465 0.507816 0.109279 0.048411 0.034918
121 0.516389 0.626576 0.071609 0.034918
53 0.589259 0.774167 0.017650 0.035241
91 0.434947 0.494504 0.041856 0.035241
126 0.658850 0.478015 0.043873 0.035241
4345 0.656077 0.444067 0.045386 0.035241
1901 0.653807 0.330909 0.048916 0.035241
395 0.512607 0.142742 0.057993 0.035241
68 0.129602 0.208535 0.010086 0.035564
53 0.357539 0.272551 0.020171 0.035564
83 0.208018 0.378274 0.023701 0.035564
58 0.945285 0.332040 0.026727 0.035564
111 0.873676 0.142580 0.027736 0.035564
88 0.740545 0.892661 0.027736 0.035564
111 0.507564 0.208535 0.029753 0.035564
83 0.803833 0.543809 0.038326 0.035564
108 0.435703 0.279987 0.055472 0.035564
91 0.591528 0.720013 0.059506 0.035564
68 0.957892 0.830747 0.008573 0.035887
93 0.367373 0.655189 0.037821 0.035887
2412 0.213817 0.860815 0.042360 0.035887
126 0.585981 0.510993 0.046394 0.035887
913 0.730459 0.375849 0.047907 0.035887
111 0.945537 0.200776 0.027231 0.036211
2590 0.804337 0.198189 0.035300 0.036211
91 0.943772 0.277077 0.035804 0.036211
62 0.364095 0.618170 0.040343 0.036211
366 0.212557 0.788878 0.042864 0.036211
2806 0.206253 0.415454 0.047403 0.036211
98 0.359304 0.484319 0.051942 0.036211
316 0.594049 0.863886 0.054463 0.036211
121 0.880232 0.247009 0.057993 0.036211
118 0.728190 0.213223 0.016137 0.036534
54 0.363086 0.191885 0.036309 0.036534
93 0.440494 0.558843 0.037821 0.036534
62 0.892839 0.769641 0.042864 0.036534
2806 0.208775 0.113320 0.050429 0.036534
85 0.132879 0.112512 0.017650 0.036857
119 0.805093 0.285807 0.025719 0.036857
1879 0.277610 0.240866 0.039839 0.036857
3735 0.880736 0.473973 0.040847 0.036857
268 0.730207 0.309408 0.043369 0.036857
2195 0.283409 0.524410 0.049420 0.036857
1428 0.139939 0.566764 0.051942 0.036857
68 0.580182 0.192532 0.010590 0.037181
3735 0.950580 0.530715 0.035300 0.037181
76 0.804337 0.111381 0.047403 0.037181
3089 0.649269 0.113320 0.051942 0.037181
68 0.663137 0.696735 0.007060 0.037504
68 0.433938 0.213708 0.010590 0.037504
107 0.505547 0.351115 0.031770 0.037504
2590 0.211044 0.744908 0.033787 0.037504
121 0.809128 0.688328 0.034796 0.037504
4397 0.432930 0.774652 0.034796 0.037504
91 0.138174 0.642095 0.042360 0.037504
119 0.582451 0.484481 0.024206 0.037827
111 0.359052 0.112997 0.028240 0.037827
76 0.947302 0.435015 0.029753 0.037827
58 0.811397 0.511639 0.044377 0.037827
4423 0.730963 0.635144 0.050933 0.037827
4534 0.510086 0.455060 0.060010 0.037827
118 0.582703 0.155836 0.019667 0.038151
111 0.510842 0.539929 0.032274 0.038151
1256 0.733485 0.563207 0.044881 0.038151
71 0.882249 0.280310 0.045890 0.038151
126 0.363591 0.545748 0.046394 0.038151
3560 0.432930 0.460718 0.051942 0.038151
60 0.145487 0.895732 0.020676 0.038474
121 0.518406 0.889913 0.038326 0.038474
1908 0.207766 0.455706 0.056480 0.038474
70 0.513616 0.798577 0.031770 0.038797
54 0.954614 0.568380 0.037317 0.038797
2293 0.287443 0.619463 0.042360 0.038797
4440 0.287191 0.383446 0.054967 0.038797
3053 0.132627 0.474782 0.048411 0.039121
805 0.132879 0.172163 0.048916 0.039121
91 0.813918 0.843841 0.036309 0.039444
3338 0.888301 0.678629 0.039839 0.040091
91 0.438729 0.644197 0.054463 0.040414
1189 0.436964 0.113967 0.056984 0.040414
3192 0.362834 0.580019 0.040847 0.040737
1279 0.206001 0.159069 0.044881 0.040737
1391 0.812405 0.889104 0.052446 0.040737
3338 0.434947 0.150663 0.052950 0.040737
68 0.513364 0.649370 0.007060 0.041060
250 0.733989 0.757355 0.045890 0.041060
3346 0.659355 0.635144 0.047907 0.041060
83 0.130862 0.252506 0.025719 0.041384
3059 0.944024 0.397026 0.045386 0.041384
316 0.948563 0.239897 0.052446 0.041384
3192 0.360565 0.153411 0.042360 0.041707
2412 0.287948 0.805529 0.044377 0.041707
1189 0.888048 0.640317 0.055472 0.041707
83 0.953101 0.608794 0.018154 0.042030
121 0.882753 0.510184 0.038830 0.042030
121 0.736762 0.675396 0.042360 0.042030
1381 0.589259 0.681539 0.047907 0.042677
1317 0.580938 0.118493 0.043369 0.043647
3362 0.806606 0.242160 0.040847 0.043970
68 0.210287 0.630294 0.012103 0.044294
975 0.285678 0.570805 0.046899 0.044294
1125 0.285678 0.668283 0.046899 0.044617
3386 0.882501 0.593598 0.049420 0.044617
1158 0.877458 0.323472 0.038326 0.044940
83 0.881241 0.430973 0.018659 0.045263
1297 0.952849 0.684772 0.044881 0.045263
4532 0.510338 0.498060 0.048411 0.045587
1575 0.728190 0.487876 0.046394 0.045910
1318 0.730963 0.799871 0.055976 0.045910
2962 0.581442 0.307307 0.038326 0.046233
4289 0.806102 0.584869 0.051942 0.047203
1643 0.211044 0.527158 0.057993 0.047527
1328 0.647252 0.250404 0.052950 0.048820
1724 0.134897 0.430003 0.055976 0.049143
3698 0.731720 0.847397 0.054463 0.049790
4365 0.808623 0.333657 0.046899 0.051083
3437 0.510338 0.723246 0.044377 0.053670
47 0.368381 0.399289 0.031770 0.061429
