246 0.332705 0.597273 0.036644 0.007273
92 0.194863 0.552955 0.027397 0.007727
246 0.330137 0.802273 0.036986 0.007727
92 0.477568 0.576136 0.025000 0.009091
101 0.469521 0.841364 0.050685 0.012727
52 0.893664 0.697500 0.038699 0.014091
418 0.757877 0.894886 0.032877 0.014773
92 0.398973 0.883182 0.021918 0.015000
52 0.897260 0.601591 0.043836 0.015000
64 0.617123 0.543977 0.017123 0.015227
101 0.195548 0.320682 0.058904 0.015455
52 0.192295 0.340682 0.048288 0.015909
56 0.826370 0.617955 0.015753 0.016364
52 0.754623 0.816591 0.038699 0.016364
101 0.399144 0.907955 0.059932 0.016364
60 0.264384 0.312159 0.032877 0.016591
287 0.772945 0.911932 0.047260 0.016591
56 0.828425 0.814545 0.011644 0.016818
64 0.905308 0.296591 0.015411 0.016818
64 0.618322 0.687614 0.014726 0.017045
92 0.472774 0.819773 0.023630 0.017273
128 0.337158 0.900455 0.014041 0.017727
418 0.190411 0.813864 0.036301 0.018636
56 0.548288 0.259432 0.015753 0.018864
101 0.195377 0.529659 0.059247 0.019318
64 0.404623 0.611023 0.016781 0.019773
126 0.967637 0.918750 0.041438 0.019773
56 0.412329 0.241250 0.013014 0.020227
52 0.613870 0.783068 0.038014 0.020227
66 0.542808 0.526364 0.019863 0.020455
67 0.965753 0.240795 0.030822 0.021591
128 0.333048 0.361591 0.007877 0.022273
64 0.826541 0.588864 0.014041 0.022273
66 0.829281 0.263864 0.028425 0.022273
113 0.481507 0.621136 0.047260 0.022273
64 0.691267 0.904886 0.018836 0.022500
91 0.257192 0.898295 0.041781 0.022955
495 0.820548 0.360341 0.061644 0.022955
495 0.754452 0.446136 0.073973 0.023182
72 0.334760 0.496591 0.033904 0.023636
82 0.338699 0.880455 0.060959 0.023636
495 0.541267 0.508182 0.072260 0.023636
56 0.545719 0.718636 0.013356 0.024091
64 0.823116 0.646818 0.016781 0.024091
102 0.900171 0.404091 0.060616 0.024091
128 0.967637 0.592727 0.011301 0.024545
68 0.757877 0.549545 0.035616 0.024545
113 0.758048 0.575682 0.059247 0.024545
66 0.686301 0.784432 0.021233 0.024773
330 0.757705 0.873977 0.040753 0.024773
1214 0.825856 0.474205 0.043493 0.024773
60 0.397603 0.860909 0.024658 0.025000
495 0.613185 0.757273 0.075000 0.025000
128 0.268493 0.603068 0.010959 0.025227
495 0.894349 0.465568 0.071575 0.025227
68 0.472432 0.595909 0.041438 0.025455
88 0.543493 0.403182 0.010959 0.025909
56 0.611815 0.318977 0.016781 0.026136
64 0.827911 0.784659 0.016781 0.026136
710 0.615582 0.871250 0.038014 0.026136
1083 0.409247 0.448409 0.027397 0.026364
128 0.623116 0.403523 0.009932 0.026591
64 0.757534 0.374432 0.017123 0.026591
119 0.620890 0.812614 0.020548 0.026591
1174 0.397603 0.806705 0.023973 0.026591
72 0.821747 0.681250 0.042123 0.026591
51 0.194007 0.406023 0.039384 0.027045
83 0.538356 0.840682 0.028082 0.027273
81 0.893322 0.762045 0.048288 0.027273
66 0.334247 0.528068 0.022603 0.027500
98 0.682192 0.647386 0.047945 0.027500
96 0.266952 0.872386 0.053082 0.027500
88 0.332363 0.775682 0.016096 0.027727
76 0.619178 0.378068 0.018493 0.027955
76 0.334075 0.336250 0.020205 0.027955
66 0.829623 0.876250 0.022260 0.027955
126 0.478596 0.390114 0.041438 0.027955
123 0.407705 0.515682 0.011986 0.028182
117 0.967808 0.486364 0.013014 0.028182
88 0.544692 0.785227 0.038699 0.028182
81 0.896062 0.533636 0.047603 0.028182
932 0.610616 0.486136 0.051370 0.028182
91 0.613699 0.901705 0.043836 0.028409
83 0.540068 0.435455 0.037671 0.028636
51 0.329452 0.712273 0.039726 0.028636
56 0.265411 0.489773 0.043836 0.028636
88 0.753596 0.715568 0.011986 0.028864
58 0.690753 0.388068 0.026027 0.028864
111 0.830993 0.330568 0.030479 0.028864
117 0.337671 0.262045 0.015753 0.029091
74 0.963356 0.892841 0.019178 0.029318
126 0.408219 0.580114 0.048630 0.029318
91 0.398630 0.479659 0.052740 0.029318
117 0.830651 0.382841 0.014726 0.029773
547 0.533562 0.861705 0.019178 0.029773
70 0.755479 0.345909 0.033562 0.030000
92 0.964041 0.370341 0.018493 0.030227
117 0.475171 0.869545 0.020890 0.030455
87 0.901541 0.370909 0.030479 0.030455
126 0.271575 0.372045 0.049315 0.030455
126 0.266438 0.800795 0.041096 0.030682
117 0.202397 0.578864 0.013699 0.030909
117 0.545890 0.647955 0.013699 0.030909
126 0.971404 0.450909 0.042123 0.030909
88 0.196404 0.659773 0.044863 0.030909
53 0.475685 0.649432 0.013014 0.031136
66 0.265068 0.406932 0.042466 0.031136
117 0.682877 0.707500 0.015753 0.031364
92 0.687500 0.503636 0.016096 0.031364
58 0.198459 0.691364 0.023630 0.031364
86 0.760959 0.310795 0.027397 0.031591
60 0.475000 0.425795 0.032877 0.031591
83 0.748116 0.748750 0.038699 0.031591
418 0.194007 0.502500 0.019521 0.031818
83 0.957877 0.756818 0.034932 0.031818
76 0.407363 0.546591 0.038014 0.031818
70 0.616096 0.518068 0.032877 0.032045
91 0.330993 0.679432 0.047603 0.032045
99 0.197089 0.433295 0.068151 0.032045
76 0.263185 0.686364 0.021575 0.032273
83 0.613527 0.842500 0.034589 0.032273
1174 0.479623 0.755909 0.044863 0.032273
126 0.407192 0.775682 0.051370 0.032273
119 0.758904 0.842727 0.020548 0.032727
88 0.896062 0.668750 0.020205 0.032955
287 0.480822 0.301023 0.027397 0.032955
126 0.552911 0.609886 0.039384 0.032955
127 0.541952 0.751705 0.049658 0.032955
108 0.396918 0.697159 0.056849 0.032955
60 0.473630 0.792045 0.019863 0.033182
111 0.190068 0.891023 0.038356 0.033409
88 0.615753 0.348977 0.042466 0.033409
53 0.753938 0.601591 0.018151 0.033636
418 0.472945 0.268068 0.034932 0.033864
91 0.822089 0.556023 0.038699 0.033864
108 0.957192 0.862614 0.059589 0.033864
88 0.900000 0.432955 0.024658 0.034091
58 0.963185 0.828295 0.036644 0.034318
96 0.833904 0.908523 0.051370 0.034318
123 0.827397 0.844886 0.017123 0.034773
115 0.474658 0.685114 0.039041 0.034773
126 0.688870 0.866705 0.042123 0.034773
76 0.963699 0.562955 0.025342 0.035000
4648 0.895890 0.883409 0.050685 0.035000
88 0.266438 0.268977 0.024658 0.035227
53 0.473116 0.720000 0.011986 0.035455
85 0.961986 0.786364 0.015068 0.035455
111 0.898630 0.910227 0.018493 0.035455
98 0.686815 0.231136 0.053767 0.035455
120 0.258733 0.717386 0.018151 0.035682
95 0.478082 0.460795 0.043151 0.035682
91 0.683904 0.618636 0.054110 0.035909
2489 0.266610 0.761932 0.055822 0.036136
91 0.267123 0.527273 0.061644 0.036364
83 0.326712 0.566023 0.042466 0.036591
53 0.826370 0.715227 0.017123 0.036818
70 0.901199 0.271591 0.037329 0.036818
4132 0.615753 0.621818 0.039041 0.036818
366 0.543322 0.373182 0.039384 0.036818
108 0.545719 0.324091 0.042808 0.036818
58 0.901027 0.493636 0.021233 0.037273
119 0.199144 0.467727 0.025000 0.037273
51 0.330993 0.436364 0.041438 0.037273
115 0.255993 0.841136 0.041438 0.037273
70 0.615068 0.661250 0.032877 0.037500
62 0.832705 0.298295 0.038014 0.037500
91 0.822603 0.751818 0.051370 0.037727
90 0.896062 0.568182 0.053767 0.037727
92 0.690411 0.198977 0.041096 0.037955
4132 0.690240 0.311250 0.044178 0.037955
117 0.758904 0.472045 0.013014 0.038182
88 0.963014 0.720568 0.015068 0.038409
4132 0.408562 0.312614 0.047945 0.038409
91 0.686301 0.537386 0.047945 0.038409
92 0.333219 0.471818 0.029452 0.038636
91 0.679452 0.469773 0.060274 0.038636
118 0.547774 0.286818 0.015411 0.040455
87 0.754623 0.274545 0.019521 0.040455
58 0.616610 0.445909 0.029795 0.040455
1894 0.330651 0.841818 0.035274 0.040455
58 0.690925 0.826818 0.048288 0.040455
68 0.700171 0.265795 0.009932 0.040682
111 0.755651 0.786705 0.029110 0.040682
121 0.196233 0.366136 0.021233 0.040909
83 0.895034 0.835909 0.022260 0.040909
4648 0.957705 0.206818 0.044178 0.040909
3948 0.332534 0.636705 0.030137 0.041136
111 0.545548 0.471591 0.021918 0.041364
119 0.684760 0.745455 0.020890 0.041818
74 0.398116 0.740000 0.025685 0.041818
62 0.900171 0.797727 0.028425 0.041818
60 0.331336 0.297159 0.018151 0.042045
60 0.963185 0.520682 0.018836 0.042273
108 0.399486 0.272500 0.057192 0.042273
115 0.752911 0.642045 0.038014 0.043182
68 0.760959 0.409659 0.008219 0.043409
53 0.753767 0.676705 0.013014 0.043409
60 0.197089 0.618750 0.018836 0.043409
4332 0.404795 0.412841 0.049315 0.043864
2598 0.480651 0.497273 0.018151 0.044091
58 0.965753 0.629886 0.031507 0.044318
68 0.271404 0.343636 0.008562 0.044545
119 0.899658 0.729545 0.021918 0.045000
58 0.332192 0.395000 0.034247 0.045000
68 0.559760 0.817841 0.007877 0.045227
76 0.266438 0.569205 0.023973 0.045227
58 0.265582 0.641023 0.034589 0.045227
122 0.888870 0.639432 0.043493 0.045227
58 0.546233 0.693068 0.045890 0.045227
85 0.966096 0.407727 0.014384 0.045455
119 0.196062 0.729545 0.021575 0.045455
4132 0.963699 0.684545 0.041096 0.045455
62 0.545377 0.563864 0.038014 0.045909
1834 0.477397 0.549545 0.047945 0.045909
81 0.412158 0.201818 0.044863 0.046364
58 0.407021 0.652500 0.033904 0.046818
68 0.341610 0.747614 0.009247 0.047045
2598 0.192979 0.775341 0.021575 0.047045
268 0.682021 0.581932 0.038699 0.047500
69 0.696404 0.427045 0.024315 0.048182
68 0.620205 0.571250 0.010959 0.048864
68 0.622432 0.720455 0.008562 0.049545
2038 0.824144 0.512159 0.050342 0.049773
62 0.961986 0.275909 0.033562 0.051364
107 0.615411 0.274886 0.020548 0.052045
68 0.760103 0.511705 0.007192 0.052500
68 0.278767 0.448068 0.007534 0.052500
3984 0.473630 0.348295 0.033562 0.052955
68 0.696918 0.682955 0.013699 0.054545
268 0.187158 0.853295 0.042123 0.054773
68 0.555137 0.887500 0.013014 0.055000
68 0.906164 0.330909 0.013699 0.055000
268 0.196233 0.277614 0.026027 0.055682
68 0.830822 0.423977 0.009589 0.057955
68 0.474486 0.880000 0.045548 0.058636
68 0.420377 0.834318 0.009932 0.063636
