246 0.753111 0.693063 0.034222 0.006969
92 0.754667 0.917643 0.024000 0.012037
92 0.832667 0.880741 0.034222 0.012987
101 0.468444 0.383434 0.040000 0.012987
92 0.750444 0.233291 0.043111 0.012987
128 0.904222 0.264175 0.012889 0.013937
92 0.827333 0.223472 0.028000 0.014254
128 0.152889 0.466265 0.008889 0.014571
92 0.822889 0.612924 0.029778 0.014571
57 0.153556 0.857618 0.020889 0.014888
92 0.223111 0.900063 0.027556 0.014888
56 0.828222 0.803294 0.017333 0.015204
129 0.230000 0.918277 0.021778 0.015204
64 0.469111 0.303928 0.022667 0.015521
297 0.298444 0.288882 0.048444 0.016471
302 0.452667 0.767184 0.066222 0.016471
297 0.682667 0.478302 0.044444 0.017105
64 0.143333 0.768293 0.018222 0.017422
126 0.386222 0.840830 0.040889 0.018055
52 0.148444 0.898955 0.042667 0.018372
248 0.680000 0.527716 0.045333 0.018372
297 0.462444 0.715553 0.046667 0.018372
55 0.221556 0.854450 0.030667 0.018689
297 0.749778 0.641590 0.045333 0.018689
76 0.141111 0.393253 0.027111 0.019322
76 0.748889 0.821825 0.029333 0.019322
92 0.219333 0.524390 0.031556 0.019322
1810 0.459556 0.783655 0.019556 0.019639
55 0.686222 0.726639 0.043556 0.019639
120 0.903111 0.489547 0.015111 0.019956
64 0.219111 0.207000 0.016889 0.019956
698 0.458667 0.841780 0.027556 0.019956
91 0.223111 0.354292 0.029333 0.019956
60 0.824222 0.484954 0.030667 0.020272
642 0.752444 0.669623 0.031111 0.020272
113 0.461111 0.280646 0.044000 0.020272
248 0.290222 0.204308 0.048000 0.020272
72 0.145333 0.816756 0.029333 0.020589
642 0.686000 0.503801 0.034222 0.020589
1406 0.468667 0.403864 0.037778 0.020906
56 0.386222 0.891511 0.015111 0.021223
91 0.610000 0.716503 0.031556 0.021539
1406 0.384444 0.557491 0.036444 0.021539
117 0.298444 0.764492 0.016444 0.021856
66 0.614444 0.314539 0.017333 0.022173
111 0.827333 0.752613 0.021778 0.022173
76 0.145333 0.838454 0.024889 0.022173
120 0.464000 0.688945 0.026667 0.022173
1894 0.535111 0.888502 0.040000 0.022173
56 0.828889 0.165980 0.050667 0.022173
119 0.471111 0.501267 0.019556 0.022490
83 0.806444 0.917168 0.035111 0.022490
101 0.754889 0.326417 0.049333 0.022490
117 0.148444 0.876782 0.015111 0.022806
66 0.389111 0.325942 0.016444 0.022806
88 0.503778 0.917643 0.024444 0.022806
51 0.384667 0.641590 0.039556 0.023123
55 0.757778 0.166455 0.045333 0.023123
74 0.221333 0.750396 0.019556 0.023440
2600 0.537778 0.906874 0.044444 0.023440
287 0.214889 0.466265 0.059111 0.023440
64 0.225111 0.494298 0.027111 0.023757
72 0.379778 0.351124 0.044000 0.023757
91 0.824000 0.696706 0.047111 0.023757
66 0.222222 0.267342 0.023111 0.024073
87 0.466222 0.326576 0.032000 0.024073
72 0.375778 0.913525 0.051111 0.024073
117 0.609333 0.584257 0.014222 0.024390
74 0.614444 0.523757 0.020889 0.024390
111 0.225556 0.873139 0.025333 0.024390
870 0.610444 0.741685 0.045778 0.024390
68 0.460889 0.570637 0.047111 0.024390
119 0.148222 0.418118 0.020889 0.024707
111 0.686000 0.908457 0.024444 0.024707
1002 0.294667 0.834653 0.065778 0.024707
107 0.303111 0.356193 0.016889 0.025024
60 0.613333 0.404023 0.035556 0.025024
98 0.375333 0.868071 0.041333 0.025024
91 0.536000 0.866487 0.055111 0.025024
117 0.146000 0.715869 0.013778 0.025341
93 0.148444 0.791258 0.021333 0.025341
88 0.610889 0.843839 0.029778 0.025341
642 0.683111 0.584099 0.030222 0.025341
122 0.141778 0.747228 0.036444 0.025341
83 0.607333 0.497941 0.044000 0.025341
68 0.300667 0.485904 0.045778 0.025341
58 0.685556 0.828476 0.020889 0.025657
55 0.685111 0.171524 0.044889 0.025657
2193 0.540667 0.817707 0.053778 0.025657
60 0.687111 0.854292 0.019556 0.025974
95 0.610444 0.911942 0.038667 0.025974
642 0.462444 0.741527 0.042222 0.025974
91 0.454222 0.810580 0.046222 0.025974
91 0.683333 0.553057 0.049333 0.025974
1017 0.823333 0.780171 0.053778 0.025974
119 0.616222 0.609914 0.021778 0.026291
76 0.472222 0.353025 0.025333 0.026291
1406 0.226000 0.383434 0.039556 0.026291
2173 0.826889 0.670098 0.039556 0.026291
91 0.900667 0.805036 0.044889 0.026291
88 0.540000 0.715236 0.025778 0.026608
91 0.300667 0.575230 0.045778 0.026608
91 0.676889 0.700032 0.051556 0.026608
117 0.904222 0.875356 0.017333 0.026924
111 0.689111 0.194013 0.018222 0.026924
107 0.613111 0.341622 0.034222 0.026924
83 0.296000 0.385968 0.036444 0.026924
1435 0.828444 0.858252 0.053333 0.026924
88 0.384667 0.224580 0.027111 0.027241
88 0.148667 0.683877 0.029778 0.027241
68 0.141556 0.369971 0.047556 0.027241
978 0.387556 0.452645 0.048889 0.027241
495 0.459333 0.170415 0.070667 0.027241
85 0.223111 0.329585 0.008889 0.027558
117 0.292667 0.232024 0.017333 0.027558
117 0.460000 0.595660 0.023111 0.027558
93 0.755333 0.351441 0.025333 0.027558
86 0.621333 0.431897 0.026667 0.027558
119 0.688667 0.361261 0.027111 0.027558
2885 0.386667 0.614349 0.032000 0.027558
87 0.462889 0.475927 0.034222 0.027558
51 0.823333 0.587425 0.045778 0.027558
323 0.683111 0.453437 0.066667 0.027558
83 0.538667 0.540703 0.039111 0.027875
259 0.685556 0.390561 0.052000 0.027875
1579 0.534222 0.643174 0.046222 0.028191
91 0.133556 0.211752 0.046667 0.028191
118 0.305333 0.512195 0.012444 0.028508
72 0.831333 0.247704 0.030667 0.028508
88 0.754889 0.531201 0.030667 0.028508
83 0.378000 0.697181 0.034222 0.028508
870 0.543556 0.569528 0.047111 0.028508
119 0.753556 0.793000 0.020889 0.028825
87 0.685111 0.331802 0.032444 0.028825
4039 0.139556 0.246278 0.039111 0.028825
91 0.897333 0.628286 0.045333 0.028825
126 0.302000 0.915584 0.053778 0.028825
107 0.386000 0.261958 0.019111 0.029142
64 0.145333 0.445043 0.028444 0.029142
75 0.618444 0.245486 0.029778 0.029142
642 0.300222 0.320241 0.032444 0.029142
120 0.147778 0.611023 0.038667 0.029142
111 0.538889 0.324517 0.022667 0.029458
95 0.684000 0.227589 0.042667 0.029458
2784 0.747778 0.729648 0.047556 0.029458
58 0.301111 0.707951 0.018222 0.029775
119 0.299333 0.261007 0.021778 0.029775
87 0.614889 0.171682 0.036889 0.029775
83 0.532222 0.202407 0.040444 0.029775
91 0.302889 0.417168 0.045778 0.029775
122 0.219111 0.237092 0.034667 0.030092
2061 0.904889 0.701457 0.039111 0.030092
55 0.221333 0.728223 0.041778 0.030409
979 0.456889 0.909249 0.024000 0.030725
83 0.895778 0.408457 0.034222 0.030725
691 0.221778 0.175958 0.035556 0.030725
122 0.221556 0.781913 0.036000 0.030725
85 0.830222 0.826734 0.015111 0.031042
85 0.550222 0.437441 0.018667 0.031042
111 0.147556 0.336712 0.024000 0.031042
87 0.545556 0.471967 0.033333 0.031042
1575 0.526000 0.847323 0.036000 0.031042
81 0.381333 0.675641 0.039111 0.031042
108 0.825111 0.325626 0.059111 0.031042
119 0.906889 0.904815 0.022667 0.031359
642 0.298889 0.171524 0.035111 0.031359
790 0.758000 0.294742 0.039556 0.031359
81 0.823111 0.462306 0.042667 0.031359
85 0.151556 0.916060 0.014222 0.031676
85 0.685333 0.299335 0.015111 0.031676
53 0.826000 0.430789 0.017333 0.031676
1229 0.827111 0.640798 0.048000 0.031676
70 0.302667 0.542445 0.018667 0.031992
120 0.534000 0.784447 0.034222 0.031992
4082 0.461111 0.630820 0.036000 0.031992
4301 0.612444 0.691004 0.039111 0.031992
113 0.893111 0.521539 0.052000 0.031992
118 0.387333 0.379474 0.020889 0.032309
3296 0.455556 0.873297 0.035556 0.032309
574 0.386000 0.731391 0.036000 0.032309
81 0.461778 0.667406 0.038222 0.032309
353 0.608000 0.879949 0.041778 0.032309
3258 0.387778 0.587583 0.046667 0.032309
60 0.824444 0.552898 0.019556 0.032626
2610 0.686000 0.755306 0.033333 0.032626
119 0.304444 0.649034 0.022222 0.032943
2836 0.826222 0.397529 0.042667 0.032943
81 0.302889 0.743427 0.044889 0.032943
1613 0.905333 0.292049 0.051556 0.032943
68 0.756667 0.495249 0.008444 0.033259
87 0.754667 0.461672 0.031111 0.033259
1341 0.535111 0.749287 0.042667 0.033259
95 0.219778 0.553532 0.045778 0.033259
83 0.904000 0.328793 0.017778 0.033576
58 0.612889 0.466107 0.018667 0.033893
62 0.388000 0.296326 0.026667 0.033893
1444 0.383111 0.771777 0.039111 0.033893
121 0.611778 0.553690 0.028000 0.034210
3665 0.537333 0.174216 0.036444 0.034210
74 0.749111 0.425404 0.037778 0.034210
4440 0.387556 0.809629 0.042667 0.034210
126 0.148222 0.532468 0.043111 0.034210
1229 0.607778 0.813747 0.050222 0.034210
3362 0.755111 0.770510 0.041778 0.034526
3687 0.905111 0.775895 0.043111 0.034526
278 0.686222 0.422553 0.027556 0.034843
1101 0.682889 0.791258 0.034222 0.034843
53 0.754889 0.388027 0.017333 0.035477
127 0.223778 0.299968 0.039556 0.035477
127 0.307556 0.683244 0.051556 0.035477
117 0.827778 0.192430 0.021778 0.035793
121 0.383778 0.413367 0.021778 0.036110
120 0.829778 0.359202 0.035556 0.036110
1039 0.300667 0.611023 0.051111 0.036110
58 0.299778 0.795534 0.020000 0.036427
83 0.825556 0.284606 0.028889 0.036427
85 0.617778 0.279221 0.013333 0.037061
81 0.542889 0.512354 0.037778 0.037061
322 0.751111 0.566202 0.064889 0.037061
253 0.904667 0.836870 0.026222 0.037377
3353 0.823556 0.724264 0.039111 0.037694
4196 0.904889 0.735350 0.047111 0.037694
83 0.462000 0.201774 0.022667 0.038011
107 0.903333 0.229015 0.023556 0.038011
120 0.753778 0.851441 0.038222 0.038011
4700 0.606889 0.781438 0.044000 0.038011
1831 0.466667 0.245645 0.035556 0.038961
490 0.465333 0.441400 0.037333 0.038961
2162 0.901111 0.595344 0.052000 0.038961
85 0.757111 0.256573 0.017333 0.039278
1782 0.136222 0.176117 0.060889 0.039278
107 0.464000 0.535002 0.013333 0.039911
58 0.618667 0.207951 0.019556 0.040228
2795 0.684444 0.665030 0.042667 0.040228
316 0.686000 0.888027 0.070667 0.040228
2599 0.148667 0.646500 0.032444 0.040545
2029 0.752889 0.886601 0.044444 0.040545
3199 0.549111 0.403864 0.048444 0.040545
1480 0.304000 0.451378 0.049778 0.040545
122 0.145111 0.496991 0.043111 0.041178
3435 0.688222 0.260374 0.034222 0.041812
2795 0.901556 0.664238 0.041333 0.041812
3984 0.542889 0.289515 0.044000 0.041812
770 0.220889 0.641432 0.047111 0.041812
1142 0.903556 0.371714 0.042667 0.042129
121 0.831556 0.902439 0.024000 0.042445
2795 0.544889 0.361419 0.043556 0.042445
1297 0.745778 0.606272 0.055111 0.042445
1831 0.227333 0.688470 0.036889 0.042762
69 0.395111 0.486538 0.019556 0.043079
68 0.824889 0.517263 0.005333 0.044346
68 0.223556 0.819766 0.006222 0.044346
1879 0.681778 0.621001 0.027556 0.044663
3739 0.900889 0.454704 0.039111 0.044663
1297 0.747778 0.201299 0.044000 0.044663
2795 0.382444 0.180551 0.044000 0.044979
47 0.621111 0.366646 0.032444 0.046563
47 0.546667 0.601520 0.031111 0.046880
1286 0.610000 0.651251 0.033333 0.047513
505 0.538222 0.241844 0.029333 0.047830
1578 0.304000 0.872189 0.037333 0.048464
1551 0.148222 0.573804 0.044889 0.048464
47 0.540444 0.677859 0.024889 0.048780
127 0.383111 0.523440 0.042667 0.049097
721 0.889333 0.563035 0.049778 0.049097
505 0.902889 0.180710 0.034222 0.050364
296 0.224000 0.594235 0.035556 0.056383
296 0.222889 0.417010 0.036000 0.057966
296 0.143556 0.290624 0.040889 0.057966
