246 0.746632 0.663048 0.074102 0.006476
128 0.178518 0.666667 0.009731 0.010667
101 0.096183 0.175429 0.054641 0.012571
297 0.316243 0.451238 0.051647 0.014857
173 0.313249 0.196762 0.039671 0.016381
73 0.245883 0.451238 0.048653 0.016381
73 0.315494 0.493333 0.053144 0.016762
52 0.240269 0.522095 0.044910 0.017143
173 0.168787 0.386095 0.045659 0.017143
102 0.313997 0.244190 0.057635 0.018286
91 0.314746 0.472952 0.036677 0.018667
2151 0.308757 0.133333 0.059132 0.019810
91 0.168787 0.476762 0.038174 0.020190
174 0.171033 0.265714 0.047156 0.020190
119 0.105165 0.799048 0.020210 0.020952
120 0.244012 0.565143 0.026946 0.020952
91 0.238024 0.357905 0.044910 0.020952
127 0.317365 0.512571 0.056886 0.020952
56 0.171033 0.649524 0.056138 0.021333
88 0.243638 0.496952 0.026198 0.021714
76 0.237650 0.820762 0.032186 0.021714
91 0.314371 0.627238 0.044910 0.021714
56 0.234656 0.213905 0.026198 0.022476
123 0.236901 0.189524 0.032186 0.022476
74 0.239895 0.652000 0.032186 0.022476
251 0.313249 0.536952 0.048653 0.022476
76 0.243638 0.543238 0.033683 0.022857
52 0.311003 0.798476 0.051647 0.022857
88 0.094686 0.264952 0.026198 0.023238
126 0.167290 0.911048 0.039671 0.023238
120 0.313997 0.774667 0.026198 0.024000
91 0.095060 0.296952 0.038922 0.024000
91 0.312500 0.562857 0.042665 0.024000
110 0.239147 0.912952 0.045659 0.024000
107 0.239147 0.796190 0.029192 0.024381
127 0.247380 0.472190 0.050150 0.024762
111 0.168787 0.619238 0.038174 0.025524
121 0.166168 0.242857 0.050898 0.025524
126 0.239147 0.845714 0.042665 0.025905
74 0.171033 0.787238 0.030689 0.026286
126 0.098428 0.464190 0.045659 0.026286
83 0.094686 0.387238 0.039671 0.027048
91 0.242889 0.678286 0.044162 0.027048
70 0.313997 0.220571 0.038174 0.027429
2524 0.241392 0.709333 0.047156 0.027429
126 0.238398 0.162857 0.050150 0.027810
316 0.097680 0.868000 0.057635 0.027810
316 0.876497 0.821524 0.080838 0.027810
91 0.168413 0.815048 0.038922 0.028571
87 0.100674 0.773905 0.045659 0.028571
51 0.241392 0.770857 0.047156 0.028571
75 0.101796 0.323619 0.047904 0.028571
78 0.239147 0.235048 0.039671 0.028952
273 0.098802 0.830476 0.053892 0.028952
4119 0.240644 0.136000 0.054641 0.028952
107 0.239521 0.592952 0.029940 0.029333
71 0.173278 0.755619 0.048653 0.029333
84 0.240644 0.621524 0.042665 0.030095
119 0.314746 0.422476 0.023204 0.030476
121 0.168039 0.294476 0.029192 0.030476
119 0.168039 0.361143 0.035180 0.030476
2885 0.244386 0.739810 0.039671 0.030476
1834 0.096931 0.232000 0.048653 0.030476
273 0.868263 0.786667 0.062874 0.030476
42 0.175898 0.443619 0.023952 0.030857
118 0.175524 0.725524 0.032186 0.030857
2134 0.311377 0.656190 0.050898 0.030857
2423 0.171781 0.550286 0.057635 0.030857
4072 0.315494 0.869524 0.059132 0.031619
119 0.168039 0.177524 0.023204 0.032000
123 0.170659 0.694095 0.023952 0.032000
66 0.163922 0.211048 0.032934 0.032000
83 0.093189 0.537905 0.044162 0.032000
91 0.314371 0.910476 0.047904 0.032000
2844 0.166916 0.413714 0.050898 0.032000
117 0.313997 0.389905 0.023204 0.032381
496 0.748877 0.616571 0.081587 0.032381
3732 0.097680 0.740762 0.057635 0.033143
3266 0.311751 0.353143 0.057635 0.033524
4038 0.742141 0.789333 0.071108 0.033524
4330 0.239895 0.877905 0.047156 0.033905
4447 0.240644 0.423048 0.051647 0.034667
83 0.310254 0.272000 0.024701 0.035048
505 0.089446 0.201524 0.036677 0.035048
70 0.097680 0.615619 0.039671 0.035048
1880 0.170284 0.511238 0.041168 0.035048
512 0.745135 0.699048 0.081587 0.035048
3003 0.311377 0.830286 0.056886 0.035429
3266 0.312500 0.595238 0.062126 0.035429
1894 0.309506 0.311048 0.044162 0.036190
189 0.097680 0.356571 0.023204 0.036571
111 0.097680 0.503238 0.033683 0.036571
975 0.238772 0.390476 0.050898 0.036571
1250 0.866392 0.661714 0.059132 0.036571
2286 0.872380 0.615619 0.065120 0.036571
1296 0.866018 0.700381 0.062874 0.036952
76 0.166542 0.143810 0.035180 0.037714
4564 0.309880 0.737333 0.044910 0.037714
88 0.168787 0.585143 0.020210 0.038095
611 0.096183 0.700571 0.062126 0.038095
571 0.739147 0.832762 0.071108 0.038095
2913 0.311003 0.693524 0.047156 0.039238
2293 0.870883 0.745333 0.063623 0.039238
53 0.169910 0.328000 0.029940 0.039619
1116 0.098054 0.425524 0.050898 0.039619
349 0.239521 0.272571 0.053892 0.040000
87 0.099177 0.580000 0.047156 0.040762
1871 0.309880 0.164000 0.056886 0.040762
3173 0.093937 0.144381 0.056138 0.041143
3438 0.870135 0.854476 0.071108 0.041143
1788 0.099551 0.906857 0.056886 0.041524
1280 0.241766 0.319810 0.053892 0.043048
1280 0.169910 0.860571 0.050898 0.050286
496 0.518713 0.733905 0.185629 0.065905
978 0.524326 0.656952 0.159431 0.067429
2555 0.808383 0.443619 0.155689 0.073524
2555 0.510105 0.280571 0.156437 0.073524
1645 0.507111 0.474857 0.163922 0.075810
1296 0.805015 0.165333 0.165419 0.077714
2482 0.813249 0.528190 0.147455 0.081143
1814 0.510853 0.376571 0.150449 0.086476
653 0.519835 0.565524 0.133982 0.091048
2293 0.817365 0.252000 0.149701 0.092571
1788 0.803518 0.349524 0.168413 0.094857
1788 0.514596 0.178476 0.181886 0.104000
