246 0.812434 0.907323 0.044974 0.006481
246 0.719048 0.473752 0.044444 0.007777
246 0.893386 0.257615 0.040741 0.009073
246 0.203439 0.873785 0.050265 0.009397
101 0.817460 0.684705 0.029630 0.010369
101 0.893122 0.388367 0.028571 0.011342
92 0.201323 0.306708 0.035450 0.011342
101 0.206085 0.780460 0.034392 0.012638
92 0.894444 0.238658 0.032275 0.013934
128 0.719577 0.670771 0.011640 0.015554
297 0.462169 0.356610 0.043915 0.015878
92 0.285450 0.798931 0.038624 0.017174
297 0.119577 0.247570 0.039153 0.018795
91 0.896296 0.840408 0.031746 0.019119
101 0.895767 0.902463 0.037037 0.020091
120 0.204233 0.848509 0.020106 0.020415
91 0.892063 0.326474 0.031746 0.020415
126 0.812169 0.243843 0.041270 0.020415
861 0.717725 0.540506 0.048148 0.020739
501 0.549471 0.815133 0.044974 0.021711
861 0.720899 0.283215 0.047090 0.022035
91 0.377513 0.403273 0.035450 0.022359
91 0.890741 0.442320 0.032275 0.022683
2707 0.549206 0.870220 0.029630 0.023007
85 0.287566 0.653921 0.031217 0.023331
126 0.720899 0.248866 0.037566 0.023331
126 0.374868 0.485094 0.039683 0.023331
88 0.721429 0.359365 0.043915 0.023331
120 0.894180 0.658620 0.017989 0.023655
2707 0.549206 0.471970 0.029630 0.023655
120 0.813492 0.750810 0.020635 0.023979
2678 0.550794 0.434867 0.042328 0.023979
111 0.289418 0.392255 0.025397 0.024303
111 0.375397 0.250648 0.025926 0.024303
251 0.292593 0.287913 0.040212 0.024303
642 0.548413 0.842353 0.044974 0.024303
82 0.720635 0.651329 0.047619 0.024627
28 0.548677 0.553305 0.043386 0.024951
627 0.467460 0.391607 0.049206 0.024951
251 0.551587 0.250324 0.053439 0.024951
42 0.371164 0.902463 0.011111 0.025275
51 0.286243 0.869734 0.039153 0.025275
1174 0.373280 0.872003 0.042857 0.025275
88 0.115079 0.319831 0.017460 0.025924
1415 0.203968 0.329067 0.048148 0.026248
28 0.555026 0.171095 0.042328 0.026572
117 0.809259 0.477155 0.016402 0.026896
28 0.465344 0.170609 0.042857 0.027544
88 0.200529 0.601264 0.014815 0.028192
60 0.288624 0.620382 0.015344 0.028192
120 0.114815 0.396468 0.021164 0.028192
68 0.204497 0.437946 0.042857 0.028192
28 0.637566 0.279812 0.047619 0.028192
252 0.547090 0.635126 0.049735 0.028516
1375 0.199206 0.750000 0.047090 0.028840
1933 0.119312 0.282242 0.053439 0.029164
1933 0.720370 0.505185 0.056614 0.029164
88 0.372222 0.684705 0.017460 0.029812
2752 0.894444 0.765068 0.048148 0.029812
495 0.890212 0.629942 0.051323 0.029812
495 0.294180 0.208684 0.058201 0.029812
117 0.203175 0.244329 0.016931 0.030460
2590 0.374339 0.285483 0.032275 0.030460
2193 0.376190 0.840246 0.053968 0.030460
119 0.893651 0.728613 0.014815 0.030784
85 0.289947 0.590732 0.016931 0.031108
56 0.287302 0.690862 0.047619 0.031108
107 0.285185 0.765554 0.030688 0.031432
78 0.204762 0.401005 0.033862 0.031432
68 0.204233 0.631238 0.007407 0.031756
2707 0.892063 0.476507 0.032804 0.032080
1350 0.891534 0.554601 0.045503 0.032080
2987 0.550000 0.756157 0.070370 0.032080
2896 0.372222 0.598833 0.049206 0.032404
710 0.811905 0.870544 0.039683 0.032728
126 0.116667 0.212735 0.047090 0.032728
121 0.202646 0.209494 0.051852 0.032728
1615 0.717989 0.399384 0.052910 0.032728
2752 0.377249 0.325178 0.053968 0.032728
1933 0.723280 0.322262 0.059259 0.032728
85 0.289683 0.362605 0.012169 0.033052
79 0.810317 0.585224 0.043915 0.033052
4064 0.374074 0.762152 0.047619 0.033052
1615 0.200265 0.711601 0.051323 0.033052
2707 0.719048 0.615522 0.033862 0.033377
2752 0.546296 0.325502 0.061905 0.033377
72 0.286508 0.510369 0.035450 0.033701
932 0.463228 0.284835 0.060847 0.033701
108 0.806878 0.551685 0.017989 0.034025
1792 0.200265 0.901653 0.040741 0.034025
118 0.289153 0.899546 0.016402 0.034349
3025 0.888624 0.416397 0.043915 0.034349
627 0.892063 0.590246 0.039153 0.034673
2692 0.551323 0.286617 0.063492 0.034673
308 0.293651 0.431951 0.050794 0.034997
2987 0.811111 0.655865 0.059259 0.034997
2059 0.546825 0.594621 0.061905 0.034997
58 0.289153 0.723104 0.029101 0.035321
3936 0.896032 0.205282 0.041799 0.035321
1799 0.889153 0.514744 0.041799 0.035321
3009 0.549206 0.365684 0.061376 0.035321
1410 0.549471 0.675146 0.071429 0.035321
119 0.718254 0.745625 0.018519 0.035645
95 0.378042 0.558004 0.040741 0.035645
1831 0.380952 0.209981 0.042328 0.035645
1642 0.717725 0.574854 0.050265 0.035645
127 0.810582 0.622489 0.056085 0.035645
111 0.202381 0.367304 0.020635 0.035969
3322 0.291005 0.322262 0.035979 0.035969
934 0.547619 0.716623 0.056085 0.035969
717 0.292328 0.469216 0.062963 0.036293
119 0.200794 0.277868 0.017460 0.036617
3785 0.202381 0.813189 0.048148 0.036617
68 0.810317 0.321776 0.008995 0.036941
87 0.892328 0.694750 0.032275 0.036941
1642 0.371429 0.521711 0.047619 0.036941
119 0.112169 0.475211 0.016931 0.037265
268 0.891005 0.359203 0.039153 0.037265
83 0.291270 0.248218 0.016402 0.037589
119 0.807143 0.509397 0.016402 0.037589
83 0.719577 0.440700 0.017989 0.037589
119 0.202910 0.521063 0.018519 0.037589
3009 0.893386 0.807518 0.048148 0.037589
981 0.810582 0.446209 0.050794 0.037589
3009 0.376984 0.366494 0.054497 0.037589
613 0.202646 0.561892 0.057143 0.037589
717 0.813492 0.279326 0.061905 0.037589
268 0.892857 0.873461 0.031217 0.037913
87 0.814021 0.788561 0.034392 0.037913
3136 0.807407 0.404569 0.042328 0.037913
781 0.550529 0.211115 0.055556 0.037913
1792 0.891005 0.292126 0.039153 0.038561
932 0.636508 0.323558 0.053968 0.038561
3025 0.812698 0.209170 0.047619 0.039209
70 0.116138 0.362605 0.029101 0.039533
308 0.810847 0.713869 0.051323 0.039533
2426 0.464550 0.209981 0.058201 0.039533
68 0.376984 0.801685 0.007937 0.040181
87 0.114286 0.436487 0.035979 0.040181
83 0.371958 0.719864 0.016931 0.040506
1792 0.721164 0.211439 0.038095 0.040506
83 0.808466 0.360661 0.017989 0.040830
87 0.719048 0.707388 0.035979 0.040830
119 0.808995 0.828257 0.021164 0.041478
83 0.288889 0.548121 0.017989 0.041802
83 0.201323 0.668017 0.019577 0.041802
2880 0.636772 0.402787 0.053439 0.043422
934 0.372222 0.443454 0.048148 0.043746
68 0.285714 0.826798 0.009524 0.044394
2958 0.375926 0.642255 0.046032 0.044718
110 0.202910 0.478775 0.034392 0.046986
