152 0.665021 0.358054 0.012694 0.007558
52 0.747708 0.229924 0.025740 0.007794
52 0.896862 0.326523 0.022214 0.008739
173 0.595381 0.277633 0.023625 0.009684
56 0.824929 0.282121 0.011636 0.010628
98 0.441643 0.306684 0.031382 0.010628
52 0.440938 0.293930 0.020804 0.012045
1255 0.289492 0.259684 0.029619 0.012045
117 0.366890 0.319792 0.013752 0.012282
88 0.658498 0.335380 0.020099 0.012282
91 0.289669 0.229806 0.024330 0.012282
1810 0.441996 0.336915 0.017983 0.012518
60 0.290903 0.307156 0.022567 0.012518
91 0.213858 0.296764 0.027151 0.012518
91 0.746474 0.165446 0.026798 0.012990
64 0.288611 0.336797 0.015162 0.013226
252 0.657793 0.301488 0.020804 0.013462
3760 0.659908 0.348725 0.025740 0.013462
91 0.591502 0.184577 0.026446 0.013462
55 0.290903 0.294402 0.029619 0.013462
2526 0.683181 0.301724 0.020804 0.013935
88 0.748061 0.216462 0.026446 0.013935
98 0.896862 0.339513 0.029972 0.013935
88 0.212623 0.356755 0.028209 0.014407
113 0.821932 0.295347 0.036671 0.014407
120 0.291079 0.321091 0.015867 0.014880
83 0.591326 0.265116 0.025388 0.014880
88 0.519041 0.233231 0.031030 0.014880
979 0.594852 0.329476 0.032440 0.015116
117 0.211918 0.168044 0.011283 0.015352
120 0.366537 0.204417 0.017278 0.015352
1810 0.748766 0.302669 0.016573 0.015824
111 0.897567 0.354275 0.020099 0.016060
1002 0.290374 0.243977 0.037024 0.016060
60 0.682828 0.354393 0.009520 0.016297
119 0.595557 0.249291 0.014104 0.016297
119 0.748237 0.263935 0.018336 0.016297
87 0.593618 0.233231 0.022214 0.016297
88 0.131171 0.353684 0.031030 0.016297
88 0.365832 0.167808 0.032793 0.016297
91 0.519922 0.167808 0.036319 0.016297
119 0.366537 0.334317 0.017278 0.016769
3053 0.671897 0.267714 0.022920 0.016769
1033 0.438822 0.191427 0.034203 0.016769
87 0.825987 0.228862 0.020804 0.017005
1406 0.749295 0.180444 0.029619 0.017005
2595 0.131347 0.336207 0.025740 0.017241
870 0.520275 0.290860 0.027856 0.017241
2151 0.827221 0.166627 0.032440 0.017241
121 0.290021 0.352976 0.032793 0.017241
1002 0.747708 0.322272 0.036319 0.017241
85 0.444464 0.277870 0.015162 0.017714
85 0.593618 0.215635 0.008815 0.017950
76 0.748942 0.246812 0.016925 0.017950
979 0.825811 0.313179 0.035261 0.017950
683 0.367243 0.222485 0.035614 0.017950
68 0.683533 0.335971 0.008110 0.018186
85 0.824929 0.267714 0.011636 0.018186
119 0.671897 0.250000 0.015162 0.018186
85 0.900388 0.312352 0.015162 0.018186
1026 0.684767 0.317785 0.023977 0.018186
2678 0.516573 0.249764 0.032440 0.018186
117 0.519570 0.310463 0.015162 0.018658
870 0.366890 0.304086 0.027856 0.018658
126 0.674189 0.212447 0.028209 0.018658
3175 0.440585 0.321564 0.029972 0.018658
713 0.673484 0.231460 0.023977 0.018895
98 0.670134 0.285309 0.030677 0.018895
2489 0.671897 0.193670 0.035614 0.018895
978 0.213329 0.340931 0.029619 0.019131
2182 0.445169 0.238191 0.029972 0.019131
2435 0.823519 0.332664 0.029972 0.019131
1894 0.444817 0.352976 0.039845 0.019131
2861 0.897920 0.266533 0.029267 0.019603
58 0.898977 0.196623 0.031382 0.019603
333 0.593970 0.201346 0.034203 0.019603
1396 0.367066 0.263699 0.035261 0.019603
316 0.593265 0.169462 0.037729 0.019603
119 0.212623 0.187293 0.014104 0.019839
119 0.520980 0.329712 0.017278 0.019839
2489 0.214210 0.279169 0.032793 0.019839
1882 0.288258 0.168871 0.034908 0.019839
744 0.365480 0.283420 0.034908 0.019839
126 0.292137 0.277161 0.023625 0.020076
744 0.366890 0.352740 0.033498 0.020076
119 0.826164 0.247638 0.015515 0.020548
121 0.130113 0.203000 0.021157 0.020548
2305 0.367772 0.186231 0.033850 0.020548
1267 0.656735 0.318847 0.019394 0.020784
121 0.823872 0.209967 0.022214 0.020784
1715 0.130994 0.274445 0.037024 0.020784
2204 0.133110 0.317076 0.031382 0.021020
2795 0.594323 0.313769 0.032087 0.021020
2795 0.823343 0.352976 0.032440 0.021020
2841 0.747179 0.282593 0.035261 0.021020
126 0.898977 0.245985 0.029972 0.021493
333 0.748590 0.199693 0.031030 0.021493
1251 0.131347 0.295701 0.030677 0.021729
3060 0.520451 0.350968 0.031030 0.021729
1422 0.595381 0.292395 0.032087 0.021729
1887 0.212447 0.233585 0.032793 0.021729
3073 0.289669 0.190718 0.032087 0.021965
2295 0.521685 0.269839 0.033498 0.021965
3834 0.824929 0.188002 0.029972 0.022674
119 0.131347 0.225201 0.017278 0.022910
1894 0.215621 0.210085 0.028561 0.022910
3100 0.438999 0.171351 0.029619 0.022910
505 0.364422 0.242206 0.029972 0.023382
3114 0.290726 0.213155 0.036319 0.023382
296 0.897391 0.217997 0.028209 0.023618
2249 0.442701 0.259684 0.027151 0.023855
1406 0.520275 0.185050 0.029972 0.024327
2683 0.596615 0.347189 0.019746 0.024563
3114 0.215444 0.256613 0.035261 0.025272
2111 0.671544 0.170170 0.037729 0.026216
322 0.135049 0.250945 0.038082 0.026216
3921 0.899330 0.291450 0.029972 0.026453
102 0.898449 0.171705 0.039492 0.026453
4084 0.212800 0.317667 0.034203 0.027397
2718 0.441819 0.215045 0.031030 0.027633
1100 0.519570 0.211620 0.023625 0.028342
1306 0.130289 0.177374 0.027151 0.030231
1169 0.747355 0.346599 0.022920 0.030468
