246 0.309149 0.354744 0.039574 0.003333
246 0.472340 0.216795 0.041702 0.003846
246 0.306170 0.492179 0.042128 0.004359
246 0.067447 0.215769 0.039574 0.004872
246 0.305532 0.763333 0.040851 0.005128
246 0.060851 0.760769 0.042553 0.005128
246 0.303617 0.629744 0.043830 0.005128
246 0.388723 0.698077 0.040426 0.005897
199 0.413617 0.266538 0.027234 0.007436
200 0.657660 0.845513 0.027660 0.008974
92 0.392340 0.353974 0.025532 0.011026
92 0.721915 0.221026 0.030213 0.012821
499 0.069362 0.248462 0.040851 0.014872
57 0.559149 0.623333 0.028936 0.015897
91 0.633191 0.255256 0.028085 0.016154
64 0.468936 0.493590 0.019574 0.016410
56 0.386596 0.797179 0.040426 0.016410
495 0.394894 0.251538 0.050213 0.016923
495 0.631064 0.832564 0.056170 0.016923
91 0.631702 0.421026 0.025957 0.017436
120 0.473191 0.765128 0.021277 0.018462
91 0.551489 0.322821 0.029787 0.018462
91 0.308511 0.289359 0.030638 0.019231
91 0.470213 0.357949 0.028085 0.019487
64 0.633404 0.389103 0.031915 0.019744
88 0.060426 0.867821 0.037447 0.019744
120 0.554255 0.590256 0.014894 0.020513
1173 0.062340 0.524487 0.037872 0.020769
83 0.469362 0.600000 0.028085 0.021026
91 0.390426 0.318974 0.037021 0.021026
720 0.550000 0.491923 0.033617 0.021282
91 0.472340 0.288846 0.034043 0.021282
74 0.387872 0.866667 0.027660 0.021538
88 0.390000 0.219615 0.023404 0.021795
91 0.637447 0.323590 0.044255 0.022051
91 0.141702 0.460513 0.039149 0.022564
91 0.144255 0.355256 0.039149 0.022821
978 0.059362 0.457436 0.032766 0.023077
126 0.632553 0.799872 0.034468 0.023333
110 0.307234 0.595897 0.034043 0.023590
95 0.229149 0.219744 0.038723 0.023590
28 0.633191 0.527821 0.037447 0.023846
88 0.467660 0.700128 0.023830 0.024359
2426 0.310638 0.388333 0.041702 0.024359
95 0.229362 0.254359 0.037447 0.024615
92 0.553830 0.220128 0.030213 0.024872
1006 0.310638 0.322692 0.042553 0.024872
61 0.313191 0.422436 0.043404 0.024872
126 0.062340 0.597436 0.029362 0.025128
108 0.230000 0.632949 0.020000 0.025385
54 0.553191 0.696026 0.025532 0.025385
69 0.317021 0.829872 0.025532 0.025385
88 0.388936 0.763718 0.027234 0.025385
70 0.462128 0.627564 0.038298 0.025385
2590 0.389149 0.595513 0.044681 0.025385
126 0.058936 0.662821 0.027660 0.025641
126 0.469362 0.423846 0.028936 0.025641
91 0.635319 0.698205 0.040000 0.025641
327 0.628298 0.731282 0.047234 0.025641
60 0.225319 0.284872 0.031915 0.026154
87 0.718511 0.287436 0.033617 0.026154
710 0.547660 0.254872 0.041702 0.026154
91 0.632340 0.595256 0.033191 0.026410
327 0.549149 0.425769 0.038723 0.026410
1799 0.545319 0.458333 0.038723 0.026410
90 0.308936 0.663846 0.043404 0.026667
1952 0.385319 0.427179 0.049787 0.026667
87 0.472553 0.802692 0.037872 0.026923
119 0.228936 0.525641 0.021277 0.027179
92 0.228511 0.595897 0.034043 0.027179
87 0.226809 0.659615 0.030638 0.027436
87 0.551489 0.730641 0.033191 0.027436
4327 0.551489 0.287308 0.042553 0.027436
370 0.468085 0.733462 0.048511 0.027436
4646 0.631915 0.221026 0.036596 0.027692
710 0.386383 0.664615 0.038298 0.027692
87 0.226596 0.836410 0.040426 0.027692
61 0.392553 0.528205 0.042128 0.027692
721 0.218085 0.457179 0.043830 0.027692
1799 0.469149 0.389231 0.037021 0.028205
1799 0.142766 0.528205 0.037021 0.028205
88 0.631489 0.486795 0.021277 0.028462
268 0.634681 0.357051 0.033617 0.028462
2233 0.225106 0.734103 0.040851 0.028718
1831 0.228511 0.562308 0.048511 0.028718
119 0.222340 0.865000 0.029362 0.028974
4132 0.059787 0.834487 0.041277 0.028974
52 0.227021 0.387179 0.035319 0.029231
2685 0.472340 0.320513 0.040000 0.029231
92 0.308723 0.530128 0.025106 0.029487
2083 0.552553 0.528077 0.041277 0.029487
56 0.308085 0.802179 0.043404 0.029487
4169 0.385745 0.389615 0.044681 0.029487
85 0.553191 0.393590 0.011915 0.029744
93 0.313404 0.698462 0.031064 0.029744
327 0.141489 0.495641 0.045532 0.029744
92 0.392340 0.460385 0.020426 0.030000
932 0.141915 0.388333 0.045532 0.030000
1349 0.221702 0.764231 0.046809 0.030000
1831 0.465319 0.866026 0.049787 0.030000
4119 0.632766 0.290641 0.050213 0.030000
1831 0.719574 0.252564 0.048511 0.030256
119 0.550638 0.759872 0.017021 0.030513
1879 0.060638 0.283462 0.031064 0.030513
51 0.226809 0.496538 0.031489 0.030513
119 0.305106 0.728974 0.014468 0.030769
85 0.229149 0.354359 0.018298 0.030769
1969 0.307234 0.865128 0.035745 0.030769
58 0.064681 0.730897 0.032340 0.031026
975 0.061702 0.799872 0.051064 0.031026
109 0.060426 0.699487 0.040851 0.031282
3268 0.554894 0.356410 0.045106 0.031282
119 0.390851 0.491410 0.015745 0.031538
117 0.063617 0.392436 0.027660 0.031538
1223 0.063191 0.353462 0.041277 0.031538
1579 0.631277 0.456538 0.045532 0.031538
296 0.220851 0.802051 0.044255 0.031795
119 0.228298 0.314231 0.015745 0.032051
119 0.467234 0.832564 0.022128 0.032308
87 0.553404 0.563590 0.031064 0.032308
2426 0.471064 0.561026 0.045957 0.032308
3268 0.311915 0.252564 0.051915 0.032308
68 0.632979 0.866538 0.008936 0.032564
98 0.223404 0.418333 0.042553 0.032564
1385 0.065745 0.320641 0.048936 0.032564
2685 0.060851 0.628462 0.040851 0.032821
1028 0.387234 0.628718 0.048511 0.032821
1799 0.630213 0.764744 0.042553 0.033077
119 0.066809 0.425128 0.025532 0.033333
61 0.474043 0.657308 0.033191 0.033590
119 0.307872 0.452179 0.019149 0.034103
79 0.310851 0.562308 0.031064 0.034359
4586 0.468511 0.255128 0.049362 0.034359
111 0.389149 0.289872 0.025106 0.034615
3268 0.632340 0.663205 0.046809 0.034615
53 0.306170 0.220513 0.019149 0.034872
1579 0.388298 0.733333 0.041277 0.034872
4020 0.140213 0.427179 0.038723 0.035385
2426 0.631489 0.627179 0.048511 0.035385
119 0.391277 0.560128 0.017447 0.035641
4586 0.630426 0.562179 0.050638 0.035641
115 0.551064 0.664615 0.029787 0.036923
47 0.226596 0.699359 0.022553 0.037179
119 0.715532 0.319744 0.015745 0.037949
127 0.390426 0.825897 0.034468 0.037949
70 0.463191 0.465000 0.042128 0.039231
68 0.472553 0.523077 0.013191 0.042051
