246 0.947640 0.120213 0.032448 0.008384
246 0.476217 0.113075 0.034292 0.009064
172 0.263090 0.831067 0.015855 0.009744
56 0.757559 0.589508 0.015118 0.016542
64 0.313606 0.825289 0.026917 0.017222
297 0.134218 0.208022 0.032448 0.017222
297 0.478060 0.140607 0.035029 0.017902
172 0.349373 0.178563 0.018805 0.018128
172 0.133296 0.239520 0.021018 0.018128
88 0.943400 0.477566 0.029867 0.019714
56 0.378319 0.558577 0.020649 0.019941
127 0.745760 0.233628 0.040192 0.019941
52 0.740782 0.344437 0.041298 0.019941
42 0.604535 0.393950 0.015855 0.020621
91 0.483223 0.379447 0.025442 0.020621
148 0.872235 0.226037 0.049779 0.020621
127 0.323193 0.603671 0.044617 0.020847
113 0.267883 0.619873 0.037979 0.021074
297 0.348083 0.152164 0.047198 0.021074
91 0.477139 0.171312 0.032448 0.021754
110 0.263827 0.854974 0.034292 0.021754
127 0.314344 0.845343 0.046091 0.022434
66 0.266224 0.530252 0.025074 0.022660
117 0.747235 0.285633 0.022493 0.023340
111 0.478982 0.304215 0.028024 0.023340
127 0.809919 0.642987 0.048304 0.024247
335 0.128503 0.143780 0.051254 0.024247
126 0.221239 0.476660 0.026549 0.025153
66 0.377950 0.581351 0.032448 0.025153
148 0.948009 0.223204 0.033923 0.025380
119 0.471055 0.907093 0.015118 0.026286
111 0.948009 0.326535 0.019174 0.026286
52 0.683997 0.246318 0.039823 0.026286
287 0.129240 0.412191 0.054204 0.026286
78 0.750737 0.260707 0.020649 0.026513
117 0.807153 0.707342 0.025074 0.026966
120 0.599558 0.473941 0.025074 0.027419
88 0.471976 0.499773 0.013274 0.027872
553 0.356010 0.328688 0.046829 0.027872
53 0.270465 0.646612 0.015855 0.028779
85 0.599373 0.283934 0.017330 0.029005
252 0.132190 0.173125 0.057891 0.029005
78 0.808075 0.679017 0.029867 0.029232
76 0.741335 0.319397 0.030605 0.029685
98 0.323193 0.633016 0.040929 0.029685
757 0.753872 0.531724 0.041667 0.029685
98 0.318031 0.878654 0.046091 0.029685
68 0.268068 0.594154 0.029499 0.029912
2489 0.874263 0.260027 0.051622 0.030138
101 0.594395 0.502266 0.058997 0.030591
64 0.320612 0.577612 0.037979 0.030818
127 0.268621 0.557444 0.039454 0.030818
717 0.948193 0.189214 0.042404 0.030818
1927 0.377765 0.527759 0.046829 0.030818
1891 0.263643 0.794244 0.050147 0.030818
2489 0.945428 0.451734 0.042773 0.031498
70 0.472714 0.680263 0.032448 0.031724
3984 0.790007 0.248017 0.038717 0.031951
107 0.475295 0.712327 0.047198 0.031951
1214 0.295170 0.328348 0.029130 0.032631
98 0.693031 0.576025 0.042404 0.032631
68 0.747603 0.206775 0.035029 0.033311
118 0.760324 0.564242 0.019174 0.033537
1083 0.813237 0.567981 0.026917 0.033764
101 0.219948 0.554611 0.039454 0.033764
111 0.600479 0.315998 0.028392 0.034217
111 0.470317 0.531271 0.028392 0.034670
3322 0.606010 0.357240 0.061578 0.034670
278 0.227323 0.196352 0.021755 0.035123
58 0.686025 0.614208 0.043879 0.035123
4371 0.301807 0.286993 0.027655 0.036030
68 0.684181 0.214933 0.037242 0.036030
717 0.601401 0.734534 0.084071 0.036030
720 0.943768 0.516655 0.035767 0.036257
91 0.225111 0.324609 0.037242 0.036483
268 0.946350 0.152617 0.035029 0.036936
3051 0.690819 0.541015 0.045354 0.036936
68 0.807153 0.611829 0.048673 0.037163
1834 0.221423 0.287220 0.060103 0.037390
4597 0.795354 0.293111 0.067847 0.037390
720 0.221423 0.517675 0.045354 0.037843
87 0.472898 0.874688 0.034292 0.038069
4371 0.325406 0.536030 0.033555 0.038296
2689 0.946350 0.415024 0.042404 0.038296
91 0.130347 0.322796 0.046091 0.038296
720 0.867441 0.461138 0.051254 0.038976
717 0.876475 0.195105 0.053097 0.038976
4644 0.378503 0.620780 0.059366 0.039656
366 0.478060 0.343191 0.064528 0.040562
2542 0.816925 0.530252 0.037242 0.040789
268 0.872235 0.153637 0.040929 0.040789
720 0.475848 0.578858 0.051991 0.041922
717 0.603798 0.640947 0.091814 0.041922
720 0.315634 0.711647 0.097345 0.041922
268 0.944322 0.374915 0.035398 0.042375
1831 0.481010 0.266599 0.050516 0.042375
4371 0.318031 0.788579 0.035767 0.042601
3500 0.798304 0.205529 0.042773 0.042601
4119 0.130347 0.377408 0.054941 0.042828
102 0.615229 0.780082 0.055678 0.043734
720 0.335730 0.470542 0.056416 0.044188
264 0.594211 0.198731 0.051254 0.044414
3735 0.604535 0.597326 0.057891 0.044414
370 0.376106 0.788353 0.061947 0.044414
1831 0.945796 0.285293 0.036873 0.045321
2555 0.473636 0.465330 0.053466 0.046000
710 0.588680 0.155563 0.054941 0.046000
691 0.597898 0.693066 0.052729 0.046454
68 0.606932 0.541468 0.007375 0.047360
710 0.216630 0.152617 0.058628 0.047360
2083 0.587389 0.245185 0.070796 0.048040
2197 0.342552 0.222071 0.047198 0.048946
2197 0.468842 0.824383 0.048304 0.048946
4597 0.358591 0.373669 0.063791 0.048946
2438 0.751291 0.625765 0.035767 0.049173
3266 0.132928 0.277702 0.053466 0.050986
69 0.472345 0.631203 0.038348 0.051439
4630 0.374447 0.836619 0.060841 0.051666
68 0.613016 0.828348 0.006268 0.051892
1788 0.477139 0.416157 0.053097 0.052799
76 0.600111 0.432925 0.039454 0.053252
4435 0.225295 0.240766 0.048673 0.053252
2197 0.480457 0.210968 0.045723 0.057104
3376 0.684919 0.294697 0.029867 0.061863
4564 0.220133 0.432132 0.050147 0.063449
3883 0.748894 0.682869 0.054572 0.064129
646 0.294432 0.377294 0.038717 0.064355
68 0.225111 0.605144 0.009956 0.066395
68 0.473267 0.764786 0.018805 0.069794
68 0.939344 0.570020 0.010693 0.070020
