204 0.763462 0.735280 0.015540 0.014019
164 0.760210 0.794276 0.019877 0.018925
335 0.371702 0.251285 0.057463 0.022664
335 0.607698 0.507944 0.059631 0.023364
335 0.247018 0.463201 0.060354 0.023598
1810 0.730755 0.405023 0.026021 0.026402
254 0.846585 0.664836 0.055295 0.026402
881 0.728226 0.610748 0.043368 0.027103
335 0.243224 0.826285 0.054933 0.027804
278 0.607698 0.869977 0.057463 0.027804
4162 0.848934 0.818925 0.044814 0.028037
278 0.493133 0.458178 0.057463 0.028037
278 0.727683 0.662500 0.058909 0.028271
356 0.485544 0.667407 0.060354 0.028738
3177 0.849476 0.869860 0.043730 0.028972
316 0.248464 0.719860 0.062523 0.028972
685 0.127033 0.824650 0.057463 0.029206
278 0.372786 0.460631 0.062523 0.029206
278 0.130647 0.670911 0.059631 0.029673
278 0.615287 0.249182 0.063245 0.029673
278 0.857788 0.250234 0.062523 0.029907
885 0.491326 0.558645 0.065414 0.029907
1117 0.726419 0.712033 0.052042 0.030140
3028 0.606614 0.713435 0.055295 0.030607
287 0.128840 0.305491 0.063245 0.031075
885 0.377846 0.187266 0.067582 0.031075
725 0.853813 0.562500 0.051681 0.031542
503 0.366100 0.766238 0.054933 0.031542
3177 0.609143 0.353621 0.050235 0.032009
863 0.248645 0.250818 0.046259 0.032477
299 0.249187 0.566472 0.050958 0.032477
4118 0.608963 0.664019 0.059270 0.032710
1251 0.487532 0.405023 0.053488 0.032944
1800 0.852367 0.408995 0.066859 0.032944
757 0.121612 0.466238 0.061077 0.033411
1800 0.486990 0.821612 0.066137 0.033411
643 0.848030 0.769393 0.058186 0.033645
3891 0.254789 0.514019 0.070835 0.033645
1197 0.603722 0.767407 0.050958 0.033879
2844 0.124142 0.254556 0.062523 0.033879
2710 0.486267 0.613668 0.056740 0.034346
870 0.247561 0.617991 0.046259 0.034579
4121 0.609686 0.460981 0.063607 0.034579
2844 0.245211 0.412617 0.067582 0.034579
870 0.854174 0.510864 0.046621 0.034813
2193 0.492411 0.191005 0.065414 0.034813
268 0.245392 0.668458 0.047705 0.035514
1906 0.604084 0.819393 0.058186 0.035514
2233 0.610228 0.302220 0.055295 0.035748
2233 0.372606 0.513902 0.060716 0.035748
1193 0.484098 0.769743 0.062523 0.036215
1579 0.373329 0.358528 0.065052 0.036215
2163 0.722985 0.868575 0.065414 0.036215
2163 0.248283 0.190771 0.067944 0.036215
3231 0.365558 0.823014 0.053849 0.036682
505 0.721178 0.819276 0.060354 0.036682
2193 0.732562 0.563435 0.060716 0.036682
255 0.495121 0.300584 0.059270 0.037150
2036 0.370979 0.561799 0.062523 0.037150
505 0.728587 0.505841 0.060716 0.037383
3175 0.848753 0.615654 0.061800 0.037383
2610 0.730033 0.304556 0.047705 0.037617
2682 0.245934 0.769509 0.054572 0.037617
2077 0.484821 0.716939 0.063968 0.037617
1251 0.855620 0.192991 0.052403 0.038318
1387 0.729671 0.193692 0.060716 0.038318
4012 0.125949 0.770794 0.069028 0.038318
2351 0.127033 0.514836 0.051681 0.038551
1831 0.132273 0.410631 0.062161 0.038551
3829 0.850018 0.459229 0.066498 0.038551
4460 0.613480 0.192874 0.071919 0.038551
4068 0.248464 0.302687 0.065414 0.039019
505 0.372967 0.299065 0.060716 0.039252
505 0.124142 0.875935 0.061077 0.039252
2290 0.738164 0.250467 0.062523 0.039252
4089 0.850018 0.711565 0.059270 0.039486
2597 0.854536 0.356659 0.040838 0.039953
1282 0.608240 0.408995 0.072280 0.039953
505 0.485905 0.871262 0.058909 0.040187
3108 0.368992 0.873364 0.063607 0.040187
998 0.488797 0.353037 0.064691 0.040187
2412 0.245392 0.876285 0.053488 0.040421
973 0.729852 0.356893 0.054572 0.040421
1986 0.125226 0.570911 0.063245 0.040421
2259 0.491146 0.250701 0.054933 0.041121
1986 0.367185 0.617523 0.063607 0.041121
2102 0.121250 0.721612 0.063968 0.041355
973 0.602819 0.614603 0.039031 0.041822
1144 0.734550 0.461332 0.062523 0.041822
3562 0.125045 0.622897 0.056379 0.042056
3320 0.127214 0.197780 0.052042 0.042290
2191 0.612757 0.563902 0.056017 0.042290
3562 0.851102 0.303388 0.060716 0.042757
3562 0.363751 0.719042 0.056740 0.043692
946 0.488977 0.507710 0.067944 0.043925
3562 0.244308 0.357243 0.057824 0.044860
1094 0.723889 0.770210 0.060716 0.046495
4460 0.370437 0.669276 0.066498 0.046495
1094 0.372425 0.410981 0.061800 0.046729
