246 0.744395 0.472725 0.040857 0.005124
162 0.197309 0.292797 0.021923 0.010549
146 0.643996 0.511001 0.024415 0.011754
52 0.163179 0.229807 0.028401 0.012357
81 0.160438 0.135775 0.026906 0.013562
101 0.532387 0.873870 0.053313 0.013562
77 0.167912 0.174653 0.027902 0.014165
120 0.201295 0.199367 0.017937 0.014768
196 0.543597 0.889693 0.017937 0.015069
52 0.305680 0.895118 0.037369 0.015069
91 0.079472 0.893611 0.042352 0.015069
101 0.631540 0.245329 0.053313 0.015069
128 0.644494 0.458258 0.016442 0.015371
162 0.206029 0.712929 0.025411 0.015371
297 0.071500 0.319620 0.052317 0.015371
166 0.203039 0.305907 0.014449 0.015672
698 0.860987 0.551838 0.031888 0.015672
55 0.303936 0.835594 0.055805 0.015973
92 0.740658 0.157324 0.033383 0.016275
126 0.200548 0.220012 0.036373 0.016275
91 0.417289 0.892405 0.039362 0.016878
52 0.635277 0.441531 0.048829 0.016878
166 0.202292 0.114678 0.012955 0.017179
85 0.867215 0.891953 0.029397 0.017179
98 0.162930 0.244876 0.036871 0.017782
162 0.422770 0.761603 0.023418 0.018083
129 0.751370 0.292948 0.040857 0.018083
83 0.159442 0.213231 0.018934 0.018385
92 0.303189 0.810277 0.037369 0.018385
96 0.204285 0.182791 0.041854 0.018385
1406 0.640010 0.564949 0.043348 0.018385
126 0.852765 0.577607 0.053313 0.018385
1083 0.234679 0.414406 0.025909 0.018686
60 0.197309 0.137281 0.032885 0.018987
57 0.640508 0.415763 0.033383 0.018987
92 0.517937 0.241863 0.043348 0.018987
101 0.745142 0.134870 0.054310 0.018987
166 0.209766 0.730410 0.013951 0.019590
83 0.737170 0.338005 0.041355 0.019590
111 0.233184 0.433394 0.015944 0.019892
1083 0.685600 0.475889 0.027902 0.019892
91 0.857997 0.522604 0.040857 0.019892
57 0.862481 0.245479 0.030892 0.020193
120 0.524165 0.666968 0.023916 0.020494
57 0.416791 0.213382 0.039362 0.020494
84 0.747633 0.774262 0.044345 0.020494
119 0.687593 0.517330 0.014948 0.020796
84 0.512207 0.171338 0.038864 0.020796
98 0.186099 0.368746 0.050324 0.020796
111 0.684604 0.496383 0.018934 0.021097
92 0.634031 0.819168 0.037369 0.021097
52 0.075735 0.564798 0.045840 0.021097
84 0.080717 0.835443 0.050822 0.021097
57 0.419033 0.325347 0.035874 0.021398
91 0.296712 0.365732 0.037369 0.021398
52 0.743896 0.114678 0.038864 0.021398
68 0.166168 0.192586 0.009467 0.021700
120 0.636024 0.395419 0.021425 0.021700
52 0.861983 0.724834 0.038864 0.021700
92 0.296961 0.192285 0.040857 0.021700
92 0.193822 0.659584 0.042850 0.022001
159 0.198306 0.274262 0.021923 0.022303
117 0.183358 0.393008 0.034878 0.022303
92 0.524913 0.722423 0.040359 0.022303
101 0.415795 0.871609 0.056303 0.022303
168 0.529397 0.264768 0.025411 0.022604
81 0.074240 0.485232 0.040857 0.022905
126 0.521674 0.608198 0.044843 0.022905
118 0.648231 0.884418 0.017937 0.023207
111 0.854011 0.146323 0.029895 0.023207
91 0.749875 0.881103 0.040857 0.023207
57 0.080717 0.385172 0.031888 0.023508
52 0.076981 0.616637 0.038366 0.023508
57 0.081963 0.166215 0.034380 0.023810
87 0.749128 0.681887 0.037369 0.023810
84 0.859243 0.117390 0.047334 0.023810
119 0.233682 0.451175 0.014948 0.024111
53 0.236921 0.244424 0.016442 0.024111
159 0.202541 0.689873 0.033383 0.024111
77 0.863976 0.669078 0.049826 0.024111
93 0.532387 0.806209 0.057299 0.024111
92 0.233682 0.268686 0.025909 0.024412
91 0.413802 0.705998 0.043348 0.024412
77 0.866966 0.824744 0.043847 0.024412
127 0.526408 0.414557 0.062282 0.024412
2245 0.631290 0.116637 0.053812 0.024714
58 0.162930 0.155063 0.016941 0.025015
118 0.643996 0.759192 0.017439 0.025316
74 0.521674 0.389693 0.028899 0.025316
2177 0.633782 0.634418 0.054808 0.025316
88 0.629796 0.333183 0.033881 0.025618
101 0.516692 0.146323 0.065770 0.025618
85 0.858744 0.694093 0.017439 0.025919
121 0.745142 0.314949 0.062282 0.025919
120 0.303687 0.545961 0.022422 0.026221
119 0.188590 0.507384 0.023418 0.026221
55 0.631041 0.269590 0.050324 0.026221
111 0.519681 0.356841 0.034878 0.026522
2222 0.743647 0.375829 0.056303 0.026522
78 0.199053 0.160187 0.025411 0.026823
84 0.191829 0.533906 0.048829 0.026823
2327 0.409567 0.739150 0.051819 0.026823
127 0.643000 0.689120 0.061286 0.026823
86 0.186597 0.452381 0.040359 0.027125
85 0.747384 0.443490 0.023916 0.027426
66 0.745640 0.625829 0.026408 0.027426
76 0.410812 0.784358 0.033383 0.027426
77 0.303189 0.475437 0.044345 0.027426
98 0.857997 0.749397 0.055805 0.027426
316 0.194320 0.565552 0.056801 0.027426
55 0.521923 0.752712 0.057299 0.027426
117 0.523667 0.780289 0.026906 0.027728
88 0.746388 0.534358 0.031888 0.027728
66 0.300698 0.746534 0.034380 0.027728
92 0.080468 0.721519 0.044345 0.027728
98 0.191081 0.804551 0.055306 0.028029
53 0.191829 0.480108 0.017937 0.028330
86 0.643249 0.661543 0.034878 0.028330
55 0.416044 0.815853 0.047833 0.028330
135 0.648979 0.533906 0.024415 0.028632
88 0.411560 0.435051 0.026906 0.028632
67 0.754609 0.714135 0.044345 0.028632
90 0.515446 0.119198 0.048331 0.028632
70 0.634778 0.370102 0.038864 0.028933
86 0.313652 0.609403 0.040359 0.028933
979 0.302940 0.118897 0.042850 0.029234
85 0.078724 0.590115 0.020927 0.029536
87 0.299203 0.682489 0.035376 0.029837
90 0.524415 0.840717 0.051320 0.029837
60 0.744395 0.223327 0.022920 0.030139
2677 0.298455 0.402049 0.036871 0.030139
87 0.522671 0.293249 0.038864 0.030139
98 0.075735 0.643460 0.051819 0.030139
53 0.747384 0.654762 0.015944 0.030440
110 0.415296 0.845238 0.031390 0.030440
88 0.520927 0.476643 0.037369 0.030440
118 0.412805 0.585895 0.024415 0.030741
45 0.649975 0.492767 0.035376 0.030741
107 0.746637 0.743822 0.040359 0.030741
2222 0.411560 0.471067 0.054808 0.030741
4039 0.078475 0.759795 0.057299 0.030741
757 0.297957 0.446353 0.058794 0.030741
52 0.858744 0.641350 0.044345 0.031344
127 0.749377 0.838457 0.045840 0.031344
87 0.522920 0.445600 0.032387 0.031646
91 0.193822 0.843430 0.038864 0.031646
2042 0.085451 0.865732 0.064275 0.031646
70 0.524165 0.640747 0.037867 0.031947
2025 0.517937 0.514768 0.060289 0.031947
76 0.299203 0.713532 0.038366 0.032248
123 0.408321 0.119650 0.021425 0.032550
289 0.636024 0.598855 0.058296 0.032550
1189 0.300448 0.283002 0.054808 0.033153
111 0.862730 0.608951 0.025411 0.033454
78 0.408072 0.186407 0.031888 0.033454
78 0.747882 0.267028 0.036871 0.033755
81 0.406577 0.152803 0.042850 0.033755
725 0.072247 0.244726 0.042850 0.033755
979 0.409816 0.246835 0.058296 0.033755
572 0.632536 0.726643 0.058296 0.033755
1699 0.740159 0.412899 0.059292 0.033755
85 0.191081 0.631555 0.020429 0.034057
88 0.522172 0.694244 0.040857 0.034057
51 0.301694 0.650241 0.042352 0.034057
87 0.747384 0.805756 0.045840 0.034057
58 0.074240 0.418023 0.025909 0.034358
3232 0.413802 0.669379 0.048331 0.034358
1699 0.413054 0.506932 0.058794 0.034358
266 0.190085 0.597046 0.047334 0.034961
88 0.517688 0.325949 0.045840 0.035262
1818 0.412058 0.359102 0.048829 0.035262
2223 0.857000 0.179325 0.051819 0.035564
87 0.304933 0.514919 0.031888 0.035865
104 0.304684 0.577004 0.042352 0.035865
3231 0.857997 0.280741 0.054808 0.035865
87 0.071500 0.453285 0.033383 0.036166
3936 0.738914 0.190024 0.054808 0.036468
45 0.199053 0.258590 0.036373 0.036769
71 0.635526 0.790235 0.049327 0.036769
3080 0.746139 0.501959 0.050324 0.037071
4086 0.189836 0.339813 0.054808 0.037071
338 0.070503 0.207203 0.061286 0.037071
87 0.411809 0.551838 0.036373 0.037372
58 0.631290 0.301537 0.028899 0.037673
3145 0.306178 0.866938 0.067265 0.037673
45 0.197808 0.438819 0.041854 0.037975
2295 0.521674 0.207655 0.057798 0.037975
70 0.855506 0.216245 0.038864 0.038276
4249 0.861236 0.485684 0.050324 0.038879
2154 0.080967 0.799427 0.052317 0.038879
572 0.634031 0.853376 0.052317 0.038879
4310 0.073493 0.353828 0.051320 0.039180
4741 0.303687 0.238246 0.050324 0.039482
4348 0.413054 0.628240 0.051819 0.039482
83 0.071749 0.281495 0.023916 0.039783
66 0.190832 0.879295 0.031888 0.040084
107 0.302441 0.780741 0.030892 0.040687
3434 0.631041 0.160187 0.047334 0.040687
4532 0.860239 0.863020 0.052317 0.040687
1270 0.409068 0.400241 0.046836 0.040989
2869 0.408072 0.284509 0.050822 0.041591
4776 0.074240 0.528632 0.059791 0.041591
3532 0.298455 0.327908 0.050822 0.042194
3513 0.857748 0.438065 0.043348 0.042495
4086 0.192825 0.768987 0.054808 0.043098
4427 0.858246 0.790687 0.058296 0.043701
2869 0.298455 0.159132 0.047833 0.044605
4776 0.632287 0.208559 0.052815 0.045208
2154 0.077230 0.684448 0.051819 0.046414
1306 0.851271 0.334237 0.058296 0.048222
1229 0.854011 0.386980 0.044843 0.048825
669 0.527902 0.562990 0.050324 0.049427
4747 0.069756 0.129445 0.054808 0.049729
2438 0.746388 0.582128 0.045840 0.052140
