246 0.184783 0.571407 0.037198 0.005244
92 0.303623 0.938001 0.028502 0.009254
92 0.642754 0.874306 0.035266 0.010796
92 0.413768 0.742443 0.029469 0.011104
92 0.530918 0.681986 0.030918 0.011104
93 0.757971 0.240130 0.042512 0.012647
499 0.072464 0.583282 0.064734 0.013572
92 0.301691 0.639729 0.037198 0.014189
52 0.530676 0.882788 0.042995 0.014189
93 0.081159 0.229796 0.044444 0.014189
173 0.417391 0.492443 0.043478 0.015114
113 0.530918 0.791795 0.046377 0.016656
64 0.753623 0.409932 0.023188 0.017890
698 0.523913 0.167181 0.043961 0.017890
52 0.299758 0.336829 0.045894 0.017890
83 0.859420 0.799352 0.030918 0.018199
88 0.530918 0.619525 0.040580 0.018199
120 0.421256 0.936767 0.023188 0.018507
93 0.644444 0.241055 0.044444 0.018816
101 0.751449 0.222085 0.065217 0.019124
52 0.303382 0.817551 0.047343 0.019432
110 0.864493 0.682603 0.031401 0.019741
91 0.299758 0.492597 0.035266 0.019741
92 0.644686 0.686922 0.035266 0.019741
129 0.648068 0.794725 0.028502 0.020049
172 0.752415 0.602097 0.036232 0.020358
2595 0.303140 0.844386 0.052657 0.020666
88 0.754831 0.684146 0.048792 0.020975
91 0.078261 0.752159 0.034783 0.021283
123 0.864493 0.391579 0.037198 0.021283
91 0.749758 0.876311 0.032850 0.021592
92 0.531159 0.492443 0.030435 0.021900
88 0.643478 0.631863 0.047343 0.021900
81 0.181401 0.523134 0.042995 0.022209
66 0.301449 0.796576 0.032850 0.022517
85 0.533333 0.859963 0.013527 0.022825
118 0.414734 0.430290 0.014976 0.022825
85 0.642754 0.773288 0.015942 0.022825
134 0.410386 0.509254 0.025604 0.022825
91 0.183575 0.312770 0.037681 0.022825
86 0.871498 0.274213 0.047343 0.022825
113 0.180918 0.221777 0.047826 0.022825
88 0.531401 0.415793 0.051208 0.022825
126 0.414251 0.876465 0.042995 0.023134
881 0.639372 0.265423 0.046860 0.023134
76 0.864493 0.413325 0.027536 0.023442
81 0.299275 0.357495 0.048792 0.023442
91 0.527295 0.195404 0.037198 0.023751
109 0.760145 0.436613 0.052657 0.023751
495 0.641304 0.334516 0.059420 0.023751
88 0.300242 0.276681 0.035266 0.024059
126 0.186232 0.745527 0.042029 0.024059
91 0.193961 0.880321 0.042995 0.024059
67 0.189130 0.499846 0.044928 0.024368
66 0.298309 0.221777 0.025604 0.024676
66 0.073913 0.175509 0.030918 0.024676
91 0.867391 0.545034 0.039130 0.024676
85 0.185990 0.546422 0.016425 0.024985
1406 0.301691 0.695713 0.048792 0.024985
118 0.533333 0.468846 0.014493 0.025293
110 0.181643 0.169648 0.033816 0.025293
596 0.748068 0.850401 0.039130 0.025293
126 0.641063 0.746144 0.051208 0.025293
51 0.301691 0.586829 0.040097 0.025601
2203 0.187681 0.341610 0.052657 0.025601
287 0.196135 0.933837 0.067633 0.025601
85 0.864734 0.740901 0.019324 0.025910
1927 0.083092 0.837754 0.063768 0.025910
110 0.863285 0.333282 0.028986 0.026218
108 0.193237 0.906539 0.015459 0.026527
120 0.075845 0.523134 0.017391 0.026527
119 0.751932 0.746761 0.017874 0.026527
88 0.416184 0.368291 0.042029 0.026527
88 0.183816 0.435842 0.042029 0.026527
85 0.860870 0.171653 0.020290 0.026835
51 0.645894 0.524522 0.040580 0.026835
51 0.756522 0.540870 0.041546 0.026835
2751 0.639372 0.893738 0.048792 0.026835
121 0.530193 0.516811 0.053623 0.026835
119 0.646860 0.551203 0.023188 0.027144
98 0.527536 0.295805 0.044444 0.027144
95 0.530435 0.350709 0.048309 0.027144
547 0.413285 0.539790 0.049758 0.027144
107 0.299517 0.247687 0.050242 0.027144
98 0.531643 0.903455 0.053623 0.027144
272 0.858454 0.857804 0.055072 0.027144
51 0.645411 0.663325 0.040580 0.027452
1575 0.182609 0.373998 0.044444 0.027452
885 0.754106 0.656231 0.072464 0.027452
118 0.196135 0.816780 0.011594 0.027761
120 0.530193 0.323257 0.018841 0.027761
683 0.530918 0.704812 0.060870 0.027761
198 0.751932 0.628470 0.024638 0.028069
87 0.307005 0.766965 0.042029 0.028069
51 0.531401 0.442011 0.041546 0.028378
316 0.532850 0.929365 0.056039 0.028378
119 0.183575 0.196638 0.018357 0.028686
110 0.639855 0.818785 0.033333 0.028686
76 0.747585 0.198180 0.034300 0.028686
91 0.645652 0.364127 0.040097 0.028686
68 0.864493 0.624152 0.041063 0.028686
886 0.087923 0.866595 0.068599 0.028686
95 0.413285 0.205429 0.048792 0.028994
547 0.643720 0.466687 0.054589 0.028994
119 0.757488 0.569247 0.024155 0.029303
91 0.410145 0.237970 0.035749 0.029303
91 0.078744 0.684608 0.043478 0.029303
118 0.302899 0.614436 0.017391 0.029611
60 0.860628 0.244602 0.019807 0.029611
69 0.538647 0.768661 0.025121 0.029611
120 0.648792 0.496144 0.020290 0.029920
1083 0.186715 0.404534 0.051691 0.029920
2203 0.418116 0.768199 0.057488 0.029920
68 0.869565 0.768970 0.011594 0.030228
53 0.749758 0.172733 0.020290 0.030228
2489 0.528744 0.263109 0.064251 0.030228
1931 0.863768 0.826650 0.067633 0.030228
68 0.643961 0.849630 0.008696 0.030537
70 0.410628 0.604719 0.036715 0.030537
70 0.194444 0.846083 0.032367 0.030845
70 0.182126 0.248766 0.031884 0.031154
2678 0.073671 0.612431 0.051691 0.031154
58 0.865700 0.361968 0.053140 0.031154
4440 0.869082 0.479796 0.057005 0.031154
2254 0.410870 0.339451 0.060386 0.031154
111 0.072705 0.339914 0.031401 0.031462
253 0.083333 0.778532 0.035266 0.031462
51 0.414493 0.403146 0.042512 0.031462
1005 0.185266 0.284392 0.069082 0.031462
2071 0.643478 0.927051 0.066667 0.031771
85 0.086957 0.807526 0.018357 0.032079
51 0.074396 0.494448 0.041546 0.032079
381 0.409662 0.675509 0.058937 0.032079
117 0.866667 0.301820 0.037681 0.032387
1575 0.409420 0.804596 0.043961 0.032387
83 0.749034 0.774213 0.027536 0.032696
4440 0.191546 0.603640 0.063285 0.032696
107 0.407246 0.572332 0.025121 0.033004
119 0.864493 0.707742 0.026570 0.033004
741 0.184541 0.636490 0.034783 0.033004
127 0.866184 0.654688 0.052174 0.033004
1435 0.411111 0.174429 0.053140 0.033004
1083 0.411594 0.641117 0.053140 0.033004
2885 0.414010 0.305213 0.042512 0.033621
721 0.296135 0.522671 0.055072 0.033621
741 0.865459 0.513572 0.038164 0.033930
84 0.647585 0.432758 0.039130 0.033930
2042 0.083575 0.719001 0.074396 0.033930
68 0.311836 0.663942 0.015942 0.034238
111 0.300966 0.386336 0.027053 0.034238
121 0.644686 0.713911 0.034300 0.034238
87 0.749275 0.716379 0.041546 0.034238
3175 0.295894 0.912862 0.050725 0.034238
121 0.075845 0.204966 0.058937 0.034238
120 0.865942 0.442320 0.056522 0.034547
971 0.412319 0.269895 0.064251 0.034547
3984 0.635024 0.397440 0.042995 0.034855
577 0.865700 0.893122 0.046377 0.034855
501 0.752415 0.265114 0.051691 0.034855
92 0.075845 0.553979 0.027053 0.035163
83 0.182850 0.466841 0.021739 0.035472
4486 0.529952 0.737970 0.062802 0.035472
3799 0.633333 0.176589 0.065700 0.035472
121 0.636473 0.212215 0.030435 0.035780
84 0.762319 0.339297 0.040580 0.035780
2320 0.304831 0.464220 0.057005 0.035780
529 0.533092 0.227946 0.071981 0.035780
83 0.298068 0.306755 0.021256 0.036089
2320 0.074638 0.309840 0.055556 0.036089
1197 0.078502 0.646052 0.057488 0.036089
4416 0.083816 0.929210 0.058454 0.036089
3709 0.755556 0.469618 0.066667 0.036089
680 0.526570 0.550278 0.040580 0.036397
1831 0.530193 0.652992 0.057488 0.036397
71 0.420290 0.459901 0.062802 0.036397
111 0.073671 0.457588 0.029469 0.036706
4397 0.082850 0.892967 0.033333 0.037014
2320 0.074155 0.422887 0.057488 0.037014
1584 0.182850 0.676280 0.031401 0.037323
365 0.751449 0.506632 0.060386 0.037323
808 0.860386 0.208822 0.058937 0.037631
2382 0.192995 0.784084 0.060386 0.037631
4252 0.300483 0.426589 0.060870 0.037631
2233 0.752174 0.302128 0.056039 0.038556
1654 0.756039 0.380938 0.078261 0.038865
1268 0.185266 0.714837 0.049758 0.039173
3298 0.302657 0.876157 0.065217 0.039173
2836 0.527536 0.588526 0.059903 0.040099
4252 0.073188 0.263418 0.046860 0.040716
407 0.641546 0.301357 0.068599 0.040716
126 0.302657 0.559994 0.056522 0.041024
800 0.419324 0.911166 0.082126 0.041333
2750 0.070773 0.380629 0.062319 0.042566
957 0.525362 0.384948 0.050725 0.043183
490 0.309179 0.730413 0.055072 0.044417
47 0.416908 0.711752 0.024155 0.045959
2949 0.417391 0.843769 0.056039 0.046576
47 0.537681 0.829889 0.036715 0.047810
268 0.865459 0.581431 0.047826 0.048118
3747 0.748309 0.814004 0.043478 0.048735
2468 0.642754 0.596854 0.055556 0.048735
2473 0.300966 0.183683 0.061836 0.051511
