101 0.417447 0.325513 0.015319 0.004359
246 0.144468 0.247308 0.042979 0.004359
101 0.289362 0.327564 0.012766 0.004872
200 0.747660 0.693846 0.022979 0.005641
200 0.585532 0.695385 0.022128 0.008718
128 0.290638 0.576667 0.015319 0.009744
154 0.747872 0.294872 0.018298 0.009744
199 0.421702 0.401026 0.023830 0.009744
200 0.662128 0.427564 0.029787 0.010513
2151 0.413191 0.294615 0.022979 0.010769
2151 0.288723 0.296923 0.024255 0.011282
56 0.293191 0.505256 0.025532 0.011538
495 0.292340 0.398974 0.040851 0.011795
2151 0.293404 0.455256 0.026809 0.012051
81 0.292128 0.565385 0.025106 0.012308
101 0.068298 0.683846 0.030213 0.012308
92 0.474681 0.312949 0.024255 0.012564
199 0.309574 0.410641 0.036170 0.012564
698 0.477447 0.516410 0.025532 0.012821
109 0.293191 0.588333 0.029787 0.013077
101 0.638511 0.849231 0.048936 0.013333
101 0.721277 0.649615 0.036596 0.013590
88 0.291277 0.535128 0.012340 0.013846
101 0.641702 0.382564 0.037447 0.013846
495 0.411277 0.390513 0.043830 0.013846
83 0.291064 0.549359 0.022128 0.014103
108 0.295957 0.518462 0.011489 0.014359
2677 0.414255 0.338718 0.021702 0.014359
750 0.287660 0.366026 0.027234 0.014615
126 0.412340 0.374103 0.022979 0.014872
60 0.293404 0.490897 0.011489 0.015128
126 0.287447 0.382179 0.021702 0.015128
92 0.560851 0.450000 0.027234 0.015385
52 0.641915 0.246410 0.034468 0.016410
88 0.555106 0.646795 0.037021 0.016667
102 0.559362 0.775513 0.048085 0.016667
268 0.415319 0.309487 0.020426 0.017436
92 0.473617 0.548590 0.036596 0.017692
750 0.415745 0.356154 0.025532 0.017949
2542 0.474681 0.580000 0.040426 0.018462
268 0.289574 0.314744 0.020851 0.018718
52 0.561064 0.543974 0.058298 0.019744
2151 0.069362 0.614615 0.033191 0.020000
91 0.637872 0.651410 0.029787 0.020256
52 0.721702 0.543205 0.047660 0.020256
91 0.475957 0.751154 0.027660 0.020769
77 0.155319 0.609872 0.031489 0.020769
88 0.070638 0.882821 0.024681 0.021026
495 0.555745 0.680000 0.055319 0.021026
91 0.637234 0.584744 0.031915 0.021282
83 0.721489 0.315513 0.031064 0.021795
495 0.638936 0.412179 0.054894 0.021795
123 0.064681 0.817949 0.015319 0.022051
72 0.553830 0.517436 0.030213 0.022051
72 0.716596 0.519872 0.031489 0.022308
101 0.072766 0.318077 0.033191 0.022308
495 0.717660 0.681667 0.064255 0.022821
128 0.724681 0.450128 0.010213 0.023333
720 0.476170 0.414744 0.034894 0.023333
126 0.553191 0.711667 0.034894 0.023333
88 0.067872 0.346154 0.023404 0.023590
88 0.151277 0.781282 0.024255 0.023590
113 0.147660 0.717692 0.040851 0.023590
91 0.477021 0.648462 0.047660 0.023590
113 0.474681 0.251026 0.048936 0.023590
302 0.068723 0.415000 0.031915 0.023846
4722 0.287660 0.346154 0.022128 0.024615
83 0.148085 0.878462 0.032340 0.024615
83 0.720213 0.845128 0.034468 0.024615
92 0.149574 0.315128 0.036170 0.024615
2193 0.638936 0.348205 0.046383 0.024615
91 0.238085 0.451282 0.049787 0.024615
117 0.637872 0.718077 0.024681 0.024872
2193 0.071277 0.380385 0.037872 0.024872
109 0.720426 0.780385 0.041702 0.024872
87 0.071277 0.282051 0.025957 0.025128
117 0.728511 0.346667 0.033191 0.025128
691 0.720213 0.880513 0.049787 0.025128
1592 0.074255 0.251410 0.037872 0.025385
1083 0.473830 0.614872 0.042979 0.025641
683 0.556383 0.481795 0.053191 0.025641
120 0.560426 0.350385 0.020426 0.025897
547 0.638298 0.814744 0.035745 0.025897
750 0.148298 0.518333 0.042128 0.025897
88 0.478723 0.378718 0.023830 0.026154
117 0.721489 0.713333 0.026809 0.026154
111 0.718298 0.250769 0.038298 0.026154
126 0.557234 0.286026 0.033617 0.026410
529 0.638936 0.448462 0.047234 0.026667
123 0.147447 0.817051 0.018298 0.026923
104 0.070638 0.481410 0.024681 0.026923
108 0.148936 0.585769 0.041702 0.026923
327 0.230426 0.485000 0.046383 0.026923
553 0.474681 0.483205 0.048936 0.026923
89 0.147660 0.687308 0.038298 0.027436
717 0.071702 0.448333 0.039574 0.027436
95 0.558723 0.879487 0.035745 0.027692
91 0.151277 0.554615 0.036170 0.027692
83 0.636170 0.513462 0.028085 0.027949
122 0.725532 0.581667 0.033191 0.027949
76 0.147021 0.348462 0.035319 0.028205
4135 0.225319 0.349744 0.051489 0.028205
122 0.557021 0.582436 0.035745 0.028462
717 0.723404 0.283718 0.050213 0.028974
60 0.725106 0.374103 0.017021 0.029231
1831 0.556170 0.253590 0.043404 0.029231
119 0.634681 0.745641 0.029362 0.029744
667 0.230851 0.419231 0.042128 0.029744
1799 0.227660 0.518718 0.044255 0.029744
2197 0.070638 0.786795 0.040851 0.030000
2309 0.561064 0.317308 0.044681 0.030000
107 0.149787 0.377949 0.027234 0.030256
65 0.153404 0.408462 0.029362 0.030256
126 0.146383 0.447692 0.035745 0.030256
588 0.634468 0.781795 0.045106 0.030256
126 0.065319 0.751667 0.031064 0.030513
68 0.066596 0.585897 0.011489 0.030769
76 0.641489 0.270256 0.026809 0.030769
4090 0.554681 0.850000 0.030213 0.030769
1579 0.637021 0.682821 0.044255 0.030769
4132 0.070426 0.715513 0.041277 0.031026
60 0.560638 0.739231 0.019149 0.031282
268 0.069149 0.650641 0.030213 0.031538
2896 0.634043 0.549615 0.043404 0.031538
60 0.721064 0.742564 0.020851 0.031795
127 0.077021 0.845128 0.050213 0.031795
1831 0.145532 0.281282 0.035745 0.032308
3893 0.472553 0.718846 0.042128 0.032564
53 0.556383 0.613333 0.015745 0.032821
85 0.068936 0.511667 0.012766 0.033077
2429 0.066170 0.551026 0.031915 0.033846
68 0.633404 0.482179 0.019149 0.034103
577 0.473617 0.348333 0.040000 0.034103
85 0.561064 0.380769 0.020000 0.034359
68 0.473830 0.449103 0.010638 0.034615
68 0.721489 0.815000 0.011489 0.035128
119 0.147660 0.848333 0.024681 0.035128
2429 0.468936 0.684487 0.045106 0.035128
68 0.642128 0.304359 0.007660 0.035385
58 0.562553 0.415897 0.028085 0.035385
68 0.634043 0.879615 0.011915 0.035641
119 0.714681 0.479872 0.031915 0.035641
53 0.145745 0.747692 0.022553 0.035897
2429 0.224681 0.384487 0.041702 0.036154
4722 0.146170 0.486026 0.042979 0.036154
53 0.721064 0.614103 0.016596 0.036410
2949 0.633617 0.616154 0.045106 0.037436
60 0.721277 0.419103 0.022128 0.038205
53 0.469787 0.283077 0.030638 0.040000
68 0.556170 0.807436 0.012766 0.044615
68 0.475106 0.828718 0.020000 0.046154
121 0.147660 0.649615 0.020426 0.047436
