91 0.163109 0.527866 0.023123 0.014786
101 0.828709 0.764559 0.040911 0.016379
169 0.821772 0.601797 0.007115 0.017061
120 0.767698 0.570860 0.014230 0.017061
91 0.605478 0.757507 0.032729 0.017288
88 0.168090 0.674932 0.035219 0.017288
88 0.172892 0.749886 0.034152 0.020246
251 0.816791 0.535601 0.031306 0.022520
287 0.614550 0.920155 0.067947 0.022748
111 0.824262 0.622043 0.021345 0.022975
120 0.091960 0.485214 0.019566 0.023658
683 0.821949 0.652980 0.045180 0.025250
287 0.091249 0.510578 0.043757 0.026160
111 0.833689 0.786056 0.023123 0.027525
87 0.768410 0.595655 0.029883 0.027980
1876 0.161153 0.603844 0.044112 0.034349
1668 0.764497 0.544359 0.044112 0.035487
1354 0.611704 0.838376 0.043045 0.037079
4072 0.163465 0.493176 0.064390 0.038217
119 0.774813 0.629095 0.012807 0.038444
4185 0.824618 0.692561 0.052650 0.038899
1668 0.091604 0.452116 0.051583 0.042084
1114 0.819815 0.571770 0.038065 0.042539
4185 0.801316 0.483963 0.067236 0.043449
514 0.162398 0.449727 0.050872 0.044586
2033 0.167734 0.643653 0.064390 0.044813
4451 0.789221 0.436419 0.070082 0.045268
4185 0.609214 0.719745 0.063678 0.045496
2197 0.166489 0.558917 0.049804 0.046406
3464 0.608858 0.795155 0.056564 0.048908
4451 0.604767 0.674932 0.071149 0.049136
707 0.823906 0.730096 0.046958 0.049363
2698 0.172003 0.713717 0.057986 0.051183
707 0.617752 0.882734 0.055141 0.053458
