101 0.800319 0.896947 0.035064 0.006412
162 0.462887 0.314656 0.023224 0.010076
209 0.464026 0.325038 0.009107 0.010687
128 0.795082 0.700305 0.010018 0.010687
146 0.241120 0.237099 0.020492 0.010687
146 0.243169 0.261221 0.021858 0.010687
698 0.463798 0.361527 0.019581 0.010992
91 0.866348 0.815878 0.028689 0.010992
209 0.258197 0.852519 0.016393 0.011603
91 0.903461 0.825344 0.023679 0.011603
146 0.214709 0.252214 0.022313 0.012214
146 0.224499 0.276641 0.023679 0.012214
91 0.680328 0.590840 0.023679 0.012824
203 0.255237 0.840153 0.022313 0.013130
113 0.754098 0.861832 0.033698 0.013130
92 0.794399 0.384733 0.025956 0.013435
101 0.681694 0.654962 0.029144 0.013435
76 0.598133 0.161985 0.016849 0.013740
248 0.600638 0.176947 0.018215 0.013740
91 0.751594 0.263969 0.025046 0.013740
52 0.458561 0.282290 0.025501 0.013740
52 0.641621 0.744885 0.030965 0.013740
56 0.899818 0.245649 0.033698 0.013740
209 0.225638 0.865038 0.010474 0.014046
119 0.752732 0.714809 0.016393 0.014046
52 0.675319 0.258626 0.025501 0.014046
60 0.677368 0.272824 0.015027 0.014351
88 0.425319 0.323817 0.032787 0.014351
98 0.642532 0.704275 0.033698 0.014351
56 0.681239 0.516336 0.016393 0.014656
91 0.686475 0.843969 0.025956 0.014656
52 0.645264 0.804580 0.027322 0.014656
47 0.901867 0.809313 0.020492 0.014962
26 0.876594 0.428550 0.053734 0.014962
64 0.863160 0.205496 0.019581 0.015267
91 0.866348 0.179542 0.025956 0.015267
91 0.756148 0.409771 0.025956 0.015267
91 0.793488 0.714809 0.027778 0.015267
64 0.869536 0.497863 0.018670 0.015573
52 0.641393 0.689313 0.025046 0.015573
89 0.108607 0.194962 0.025956 0.015573
83 0.421903 0.221221 0.028689 0.015573
89 0.674180 0.176336 0.031421 0.015573
127 0.900956 0.536031 0.031421 0.015573
113 0.641621 0.435267 0.033698 0.015573
203 0.220856 0.850076 0.020947 0.015878
84 0.747723 0.759389 0.024590 0.015878
91 0.644353 0.879389 0.024590 0.015878
91 0.754554 0.462595 0.025501 0.015878
88 0.109517 0.214351 0.025956 0.015878
99 0.601093 0.147176 0.037341 0.015878
91 0.793944 0.654504 0.022313 0.016183
120 0.643670 0.603664 0.015938 0.016489
166 0.457650 0.151450 0.016393 0.016489
83 0.794627 0.833282 0.023679 0.016489
57 0.642077 0.224733 0.024590 0.016489
83 0.680556 0.796947 0.025046 0.016489
28 0.770036 0.148702 0.026412 0.016489
88 0.681694 0.496794 0.031876 0.016489
98 0.645492 0.820153 0.035974 0.016489
128 0.444444 0.448092 0.012750 0.016794
166 0.145264 0.155878 0.018215 0.016794
91 0.795082 0.523511 0.025501 0.016794
27 0.878871 0.756489 0.059199 0.016794
128 0.753871 0.533435 0.010474 0.017099
56 0.447404 0.729160 0.014117 0.017099
111 0.750228 0.247634 0.015938 0.017099
124 0.144581 0.287939 0.025956 0.017099
92 0.644353 0.620458 0.030965 0.017099
251 0.795537 0.406718 0.033698 0.017099
56 0.754781 0.483969 0.035974 0.017099
85 0.455373 0.194962 0.012750 0.017405
91 0.794399 0.367481 0.025046 0.017405
82 0.426913 0.289008 0.027778 0.017405
60 0.757741 0.499847 0.016393 0.017710
120 0.146403 0.305344 0.016849 0.017710
91 0.640710 0.365496 0.025501 0.017710
57 0.645036 0.291450 0.021403 0.018015
1587 0.863160 0.796183 0.029599 0.018015
95 0.453324 0.174504 0.030510 0.018015
193 0.216985 0.478015 0.031421 0.018015
120 0.797131 0.324885 0.020492 0.018321
51 0.899818 0.208244 0.027322 0.018321
193 0.241348 0.516947 0.028233 0.018321
2395 0.866348 0.780153 0.028689 0.018321
55 0.797814 0.764580 0.032787 0.018321
2151 0.785747 0.172824 0.034153 0.018321
60 0.231330 0.567939 0.038251 0.018321
55 0.446038 0.830840 0.043260 0.018321
60 0.677140 0.334809 0.011840 0.018626
91 0.682605 0.751908 0.024590 0.018626
83 0.751138 0.336641 0.025046 0.018626
62 0.900729 0.226412 0.026412 0.018626
120 0.753415 0.920305 0.019581 0.018931
88 0.749089 0.200916 0.029144 0.018931
52 0.126821 0.498626 0.042350 0.018931
26 0.873862 0.150840 0.061931 0.018931
111 0.795310 0.347939 0.017760 0.019237
56 0.556239 0.535725 0.017760 0.019237
204 0.242486 0.498168 0.023224 0.019237
91 0.869536 0.477710 0.024135 0.019237
87 0.640938 0.270992 0.026867 0.019237
193 0.558971 0.190992 0.029599 0.019237
88 0.796676 0.282290 0.036885 0.019237
53 0.426685 0.238779 0.012750 0.019542
108 0.645036 0.550229 0.014117 0.019542
83 0.141621 0.266870 0.021858 0.019542
51 0.900501 0.497405 0.026867 0.019542
95 0.681466 0.614656 0.030510 0.019542
79 0.678962 0.292824 0.036430 0.019542
52 0.109062 0.177252 0.025046 0.019847
193 0.245902 0.439847 0.028233 0.019847
121 0.421676 0.307634 0.029144 0.019847
88 0.463570 0.376947 0.030055 0.019847
56 0.874317 0.313740 0.046448 0.019847
204 0.244763 0.417405 0.020492 0.020153
86 0.871357 0.458015 0.021403 0.020153
76 0.750455 0.840916 0.025501 0.020153
51 0.897996 0.455267 0.027322 0.020153
88 0.142304 0.220153 0.028689 0.020153
95 0.675319 0.214656 0.030965 0.020153
115 0.686703 0.865649 0.034608 0.020153
2222 0.748634 0.739237 0.038251 0.020153
56 0.106330 0.262443 0.017760 0.020458
61 0.678279 0.194351 0.021403 0.020458
132 0.887067 0.334809 0.021858 0.020458
118 0.903916 0.262748 0.023679 0.020458
66 0.898907 0.475573 0.024590 0.020458
87 0.752960 0.902443 0.026867 0.020458
93 0.145492 0.199847 0.029599 0.020458
88 0.798042 0.812672 0.029599 0.020458
115 0.643443 0.527481 0.031876 0.020458
95 0.463798 0.299389 0.033242 0.020458
85 0.645947 0.785649 0.014117 0.020763
108 0.637750 0.204580 0.015938 0.020763
138 0.880237 0.858626 0.034608 0.020763
119 0.797359 0.501527 0.014572 0.021069
119 0.455373 0.214198 0.016393 0.021069
117 0.422587 0.181221 0.018215 0.021069
74 0.141166 0.178168 0.019126 0.021069
104 0.683060 0.702748 0.029144 0.021069
109 0.107696 0.237405 0.029599 0.021069
95 0.111339 0.278321 0.029599 0.021069
88 0.641849 0.668244 0.032332 0.021069
55 0.338570 0.720458 0.044171 0.021069
204 0.558971 0.170687 0.023224 0.021374
88 0.644126 0.478779 0.032332 0.021374
55 0.445583 0.801527 0.046903 0.021374
58 0.749545 0.225802 0.023679 0.021679
51 0.793033 0.233740 0.028689 0.021679
98 0.641393 0.413282 0.037796 0.021679
58 0.901412 0.518321 0.020492 0.022290
135 0.357696 0.399237 0.021403 0.022290
642 0.795310 0.427023 0.022313 0.022290
84 0.688297 0.910687 0.030510 0.022290
253 0.799180 0.856336 0.030965 0.022290
1949 0.748634 0.813893 0.032787 0.022290
119 0.423725 0.203053 0.015938 0.022595
117 0.644353 0.726718 0.020036 0.022595
1354 0.896175 0.721527 0.021858 0.022595
76 0.228142 0.358779 0.025501 0.022595
86 0.756603 0.583206 0.025956 0.022595
128 0.131831 0.822443 0.013206 0.022901
85 0.679189 0.438931 0.015938 0.022901
107 0.796903 0.477099 0.023679 0.022901
126 0.460383 0.263053 0.027322 0.022901
90 0.141393 0.245649 0.031421 0.022901
547 0.797131 0.305496 0.033242 0.022901
77 0.680783 0.355878 0.033698 0.022901
81 0.337432 0.187939 0.034608 0.022901
57 0.344262 0.779084 0.034608 0.022901
53 0.754781 0.880305 0.015027 0.023206
120 0.755464 0.514809 0.017304 0.023206
70 0.902550 0.286107 0.019126 0.023206
4528 0.423497 0.343206 0.024590 0.023206
56 0.125683 0.387939 0.019126 0.023511
58 0.751366 0.315420 0.020036 0.023817
126 0.675774 0.237252 0.026412 0.023817
3553 0.636157 0.341069 0.030055 0.023817
710 0.679189 0.820458 0.039617 0.023817
118 0.642760 0.312519 0.015027 0.024122
62 0.685109 0.535725 0.028689 0.024122
125 0.871129 0.518321 0.030055 0.024122
126 0.637295 0.180000 0.031421 0.024122
4490 0.750911 0.388550 0.039162 0.024122
51 0.794399 0.452519 0.030510 0.024427
83 0.127277 0.643664 0.031421 0.024427
71 0.755237 0.694962 0.032332 0.024427
96 0.689891 0.887023 0.032787 0.024427
159 0.875911 0.885496 0.036885 0.024427
107 0.799180 0.880763 0.020947 0.024733
87 0.676457 0.314962 0.022313 0.024733
119 0.747040 0.180305 0.025956 0.024733
47 0.890483 0.903664 0.025956 0.024733
126 0.683515 0.729008 0.028233 0.024733
253 0.752960 0.361069 0.032332 0.024733
81 0.127732 0.550076 0.032332 0.024733
58 0.794854 0.634046 0.032332 0.024733
92 0.423042 0.267786 0.020036 0.025038
4397 0.866120 0.834198 0.025501 0.025038
3041 0.797359 0.740458 0.038251 0.025038
395 0.640255 0.645191 0.039162 0.025038
127 0.447632 0.507176 0.045537 0.025038
121 0.131831 0.871756 0.049636 0.025038
1354 0.751138 0.672519 0.031421 0.025344
83 0.119080 0.335420 0.033242 0.025344
96 0.797587 0.785191 0.035974 0.025344
118 0.683743 0.637557 0.012295 0.025649
53 0.645492 0.456183 0.015027 0.025649
92 0.636157 0.155420 0.024590 0.025649
85 0.879781 0.620763 0.024590 0.025649
51 0.644126 0.504427 0.029599 0.025649
90 0.797587 0.579847 0.037796 0.025649
81 0.879326 0.591145 0.040073 0.025649
127 0.233151 0.382901 0.050091 0.025649
113 0.123634 0.524885 0.052368 0.025649
126 0.752049 0.285954 0.028689 0.025954
76 0.227231 0.212672 0.030055 0.025954
4063 0.638206 0.389771 0.035974 0.025954
253 0.799863 0.917710 0.036885 0.025954
95 0.224044 0.160458 0.040073 0.025954
58 0.638889 0.246107 0.022769 0.026260
125 0.866120 0.225649 0.028233 0.026260
1575 0.458789 0.345954 0.030510 0.026260
110 0.130237 0.669008 0.031876 0.026260
81 0.226093 0.186565 0.033242 0.026260
77 0.556694 0.283053 0.041439 0.026260
98 0.235883 0.738626 0.045537 0.026260
104 0.753871 0.558015 0.030510 0.026565
113 0.553734 0.669771 0.039162 0.026565
85 0.129554 0.797557 0.019581 0.026870
58 0.793260 0.258931 0.022769 0.026870
204 0.216302 0.455573 0.022769 0.026870
2885 0.420765 0.156641 0.025501 0.026870
1584 0.676685 0.154656 0.024590 0.027176
47 0.244080 0.540611 0.028233 0.027176
72 0.680556 0.774809 0.030510 0.027176
2438 0.745902 0.786870 0.029144 0.027481
55 0.338798 0.842443 0.045537 0.027481
55 0.336749 0.478168 0.047814 0.027481
107 0.794627 0.607481 0.020947 0.027786
119 0.678734 0.412977 0.021403 0.027786
47 0.647541 0.764122 0.026412 0.027786
93 0.233151 0.303053 0.038251 0.027786
127 0.229281 0.330840 0.043260 0.027786
127 0.449454 0.558626 0.047359 0.027786
2599 0.796448 0.548702 0.028233 0.028092
957 0.422814 0.370382 0.033242 0.028092
110 0.126594 0.362137 0.035519 0.028092
77 0.136157 0.766412 0.040073 0.028092
55 0.336293 0.544122 0.048725 0.028092
118 0.678734 0.382137 0.014117 0.028397
107 0.793716 0.680763 0.024590 0.028397
83 0.335155 0.572366 0.032787 0.028397
60 0.231102 0.675878 0.037796 0.028397
77 0.128643 0.576947 0.041439 0.028397
126 0.751138 0.642443 0.026867 0.028702
1584 0.684882 0.567023 0.027322 0.028702
51 0.556694 0.563053 0.044171 0.028702
76 0.340164 0.245954 0.027322 0.029008
47 0.889344 0.914962 0.030965 0.029008
68 0.422359 0.240763 0.031421 0.029008
87 0.873862 0.563817 0.039162 0.029008
87 0.556239 0.736947 0.044171 0.029008
68 0.681922 0.677557 0.028689 0.029313
2154 0.753643 0.436641 0.034608 0.029313
2643 0.638661 0.847939 0.035064 0.029313
316 0.649590 0.905649 0.044171 0.029313
90 0.447177 0.701221 0.052823 0.029618
93 0.446266 0.423817 0.033698 0.029924
87 0.128871 0.608244 0.040073 0.029924
3712 0.753188 0.611756 0.034608 0.030229
94 0.339253 0.216031 0.035519 0.030229
51 0.336521 0.752519 0.041894 0.030229
77 0.239754 0.765802 0.045082 0.030534
113 0.336293 0.805802 0.046903 0.030534
90 0.551230 0.432214 0.053279 0.030840
74 0.234062 0.705802 0.028233 0.031450
975 0.895947 0.182137 0.036885 0.031450
62 0.338570 0.160763 0.037796 0.031450
1126 0.902778 0.784427 0.026867 0.031756
93 0.446949 0.478779 0.028689 0.031756
95 0.553734 0.640153 0.038251 0.032672
83 0.336066 0.508397 0.033698 0.032977
47 0.884335 0.399542 0.035519 0.033282
90 0.553506 0.505802 0.053279 0.033282
3942 0.446721 0.661679 0.051913 0.033588
1821 0.548497 0.315725 0.056011 0.033588
3028 0.882286 0.654656 0.062386 0.033588
123 0.125000 0.472824 0.021403 0.033893
107 0.338570 0.680763 0.041439 0.033893
1821 0.547131 0.395267 0.060565 0.033893
107 0.553051 0.252824 0.048725 0.034198
90 0.554645 0.702595 0.051002 0.034198
3868 0.882969 0.690382 0.054645 0.034198
1917 0.641621 0.579084 0.029144 0.034504
3212 0.676002 0.470076 0.029599 0.034504
90 0.128188 0.735115 0.048725 0.034504
90 0.548953 0.357405 0.056011 0.034504
45 0.448087 0.411450 0.071949 0.034504
74 0.232240 0.594656 0.026412 0.035115
77 0.136384 0.697863 0.042350 0.035115
107 0.552140 0.215267 0.034153 0.035420
102 0.558743 0.777252 0.060109 0.035725
70 0.339936 0.366412 0.024135 0.036031
1821 0.550546 0.471145 0.059199 0.036031
113 0.551913 0.813282 0.043716 0.036336
1290 0.790984 0.202137 0.033698 0.036641
47 0.881375 0.362748 0.040528 0.037863
51 0.556239 0.604733 0.042350 0.038168
2426 0.345856 0.283969 0.064208 0.039084
45 0.553734 0.165802 0.074681 0.039084
2647 0.344490 0.327786 0.061475 0.039389
127 0.341302 0.606870 0.050546 0.040611
2836 0.334016 0.437099 0.061475 0.040611
47 0.234973 0.803511 0.043716 0.041832
47 0.883652 0.380763 0.037796 0.044580
47 0.129554 0.421985 0.039617 0.053740
47 0.238616 0.633282 0.036430 0.054351
47 0.451047 0.761069 0.043260 0.057099
47 0.449909 0.605802 0.041894 0.067786
