246 0.261943 0.149380 0.048309 0.006523
246 0.698068 0.150522 0.048846 0.008154
92 0.263822 0.809198 0.033816 0.013046
92 0.173376 0.370352 0.034353 0.014677
102 0.870907 0.488095 0.045625 0.015982
92 0.523081 0.715753 0.028449 0.018591
101 0.617552 0.749348 0.037037 0.018591
91 0.259796 0.334149 0.033280 0.019243
81 0.866076 0.267776 0.039184 0.019569
91 0.701020 0.777397 0.032206 0.021200
91 0.696726 0.526908 0.035427 0.021200
88 0.521471 0.662753 0.041331 0.021526
126 0.607890 0.473418 0.039184 0.021853
126 0.175792 0.581703 0.039184 0.021853
1173 0.696726 0.454827 0.042941 0.021853
91 0.612990 0.688845 0.032206 0.022179
120 0.520397 0.462492 0.023081 0.022831
126 0.697262 0.670254 0.041868 0.022831
72 0.606817 0.503262 0.033816 0.023483
126 0.261943 0.627038 0.039721 0.023810
88 0.868492 0.398565 0.042941 0.024136
108 0.258991 0.494945 0.015566 0.024462
117 0.616210 0.874918 0.018250 0.024462
56 0.258722 0.241520 0.042941 0.024462
56 0.523618 0.690965 0.044552 0.024462
495 0.614063 0.777071 0.050456 0.024462
120 0.524155 0.737606 0.018787 0.025114
120 0.607354 0.230920 0.020934 0.025440
91 0.257917 0.467221 0.035963 0.025766
109 0.867955 0.430039 0.039721 0.025766
1006 0.694579 0.312948 0.048309 0.025766
120 0.605475 0.292890 0.021471 0.026093
88 0.258991 0.526582 0.014493 0.026419
720 0.171766 0.198793 0.037574 0.026419
109 0.178476 0.612688 0.041331 0.026419
120 0.260064 0.436073 0.018787 0.026745
1406 0.695384 0.559035 0.045625 0.026745
2542 0.087762 0.317678 0.050993 0.026745
51 0.517982 0.400685 0.040794 0.027071
91 0.697531 0.278865 0.033816 0.027397
252 0.695921 0.423353 0.038111 0.027397
63 0.526838 0.431507 0.048846 0.027397
1834 0.606012 0.323549 0.047236 0.028050
108 0.260064 0.695695 0.015566 0.029354
60 0.614600 0.902153 0.013956 0.030007
1816 0.780730 0.317678 0.063875 0.030007
60 0.868492 0.458089 0.016103 0.030333
119 0.177939 0.715753 0.018787 0.030333
87 0.170961 0.273157 0.028449 0.030333
2590 0.604402 0.358937 0.028986 0.030333
83 0.257649 0.554958 0.028986 0.030333
78 0.870639 0.365623 0.027912 0.030659
113 0.264627 0.834964 0.041868 0.030659
28 0.089104 0.276256 0.048309 0.030659
51 0.867955 0.240378 0.036500 0.031311
1890 0.173645 0.344423 0.046699 0.031311
28 0.348094 0.276582 0.047772 0.031311
28 0.786098 0.275603 0.048846 0.031311
1083 0.087225 0.359426 0.050993 0.031311
126 0.520934 0.238584 0.043478 0.031637
4416 0.346216 0.438519 0.052603 0.031637
110 0.604402 0.263862 0.038647 0.031963
4416 0.702899 0.748206 0.045625 0.031963
1799 0.261406 0.780170 0.046162 0.031963
28 0.438272 0.277723 0.049919 0.032290
4416 0.781267 0.429550 0.052067 0.032616
127 0.612721 0.534899 0.052067 0.032616
971 0.523618 0.628506 0.057434 0.032616
710 0.613795 0.657371 0.041331 0.032942
1914 0.693773 0.240868 0.052067 0.032942
4416 0.087762 0.437867 0.053140 0.032942
92 0.262480 0.869863 0.020397 0.033268
1795 0.171498 0.238421 0.040258 0.033268
60 0.176597 0.643020 0.016103 0.033594
87 0.257112 0.404925 0.032206 0.033594
4416 0.433172 0.438519 0.053677 0.033594
88 0.699946 0.858774 0.015030 0.033920
78 0.259259 0.305610 0.027912 0.033920
1799 0.520397 0.590346 0.043478 0.033920
2836 0.616747 0.851924 0.046162 0.033920
3232 0.604938 0.438356 0.049383 0.033920
3266 0.695115 0.592303 0.049383 0.033920
1579 0.614332 0.722929 0.041331 0.034247
4528 0.347021 0.360241 0.047772 0.034247
2059 0.868223 0.200750 0.050993 0.034247
115 0.607354 0.200913 0.040258 0.034573
53 0.174181 0.480920 0.013419 0.034899
60 0.693237 0.345890 0.015566 0.034899
119 0.264627 0.903947 0.017177 0.034899
76 0.260601 0.271200 0.020934 0.034899
629 0.264359 0.660307 0.042405 0.034899
2446 0.173108 0.400033 0.048846 0.034899
4466 0.259528 0.593118 0.052067 0.034899
3256 0.344605 0.319145 0.063339 0.034899
58 0.866881 0.295173 0.023618 0.035225
2059 0.695115 0.388128 0.045089 0.035225
1890 0.435319 0.319309 0.053677 0.035225
4475 0.346484 0.400848 0.059581 0.035225
119 0.174181 0.306099 0.017713 0.035551
78 0.175792 0.516145 0.034890 0.035551
4132 0.701557 0.813601 0.045089 0.035551
3277 0.607622 0.399054 0.051530 0.035551
2987 0.697531 0.634214 0.057434 0.035551
577 0.692432 0.201239 0.050456 0.035877
716 0.260870 0.202218 0.050456 0.035877
3322 0.521202 0.198141 0.035427 0.036204
4286 0.520934 0.277234 0.049919 0.036530
4475 0.090446 0.400196 0.061728 0.036530
87 0.177134 0.682159 0.035427 0.036856
2621 0.259796 0.368885 0.036500 0.037182
2685 0.177402 0.549576 0.043478 0.037182
83 0.519055 0.318493 0.017177 0.037508
53 0.862319 0.337084 0.019860 0.037508
58 0.173376 0.440802 0.024691 0.037508
4475 0.436930 0.380626 0.060118 0.038487
4475 0.783414 0.374755 0.067096 0.038487
83 0.614063 0.811644 0.019324 0.038813
4475 0.699946 0.707436 0.054750 0.039139
3136 0.612990 0.616928 0.039721 0.039465
87 0.523618 0.816047 0.032743 0.039791
4712 0.695652 0.490705 0.036500 0.040117
296 0.523349 0.774788 0.030059 0.041422
3459 0.521202 0.361546 0.040794 0.041422
83 0.700483 0.897097 0.017177 0.042727
3711 0.519860 0.500652 0.044552 0.043705
68 0.522008 0.547130 0.009125 0.044031
68 0.526570 0.858774 0.009662 0.045662
69 0.615137 0.568167 0.019324 0.046314
3459 0.263822 0.737117 0.048846 0.046314
68 0.870102 0.523483 0.010735 0.054142
