246 0.029238 0.207674 0.016631 0.005162
246 0.028433 0.598417 0.019313 0.008259
92 0.486052 0.886786 0.026824 0.008947
92 0.247049 0.815038 0.024142 0.009291
92 0.648069 0.386958 0.027897 0.009979
128 0.331277 0.642464 0.006974 0.010323
120 0.724249 0.916380 0.017167 0.010323
92 0.805794 0.671714 0.030043 0.010323
128 0.328326 0.607880 0.007511 0.010668
92 0.487124 0.224019 0.023605 0.011012
93 0.735783 0.407777 0.041309 0.011012
88 0.247049 0.916380 0.015558 0.011700
92 0.328594 0.398486 0.026288 0.011700
57 0.499464 0.368892 0.031116 0.011700
56 0.250000 0.885926 0.012876 0.012044
56 0.024678 0.892980 0.006438 0.012388
56 0.251073 0.533723 0.013948 0.012388
861 0.088788 0.842395 0.034871 0.012388
128 0.415504 0.259119 0.006974 0.013076
92 0.091470 0.334652 0.026288 0.014109
88 0.328326 0.447694 0.017167 0.014453
91 0.167918 0.914315 0.025751 0.014453
70 0.720225 0.904164 0.034871 0.014797
93 0.651556 0.866311 0.039163 0.014797
120 0.730955 0.304370 0.021996 0.015485
92 0.326717 0.240709 0.031116 0.015485
91 0.249195 0.178252 0.030579 0.015829
119 0.642972 0.914487 0.013412 0.016173
62 0.331009 0.287164 0.021459 0.016173
93 0.417918 0.404164 0.042918 0.016173
101 0.811964 0.337405 0.048820 0.016173
85 0.028702 0.124570 0.015558 0.016518
88 0.092811 0.151755 0.024678 0.016518
56 0.648873 0.149174 0.015558 0.016862
88 0.406384 0.647109 0.033798 0.016862
64 0.090397 0.201996 0.018777 0.017206
57 0.497318 0.506194 0.033262 0.017206
56 0.802307 0.799036 0.035944 0.017206
57 0.413895 0.730557 0.037017 0.017206
81 0.564378 0.122849 0.037554 0.017206
98 0.242758 0.607708 0.039163 0.017206
547 0.094689 0.631796 0.039163 0.017206
64 0.251073 0.492946 0.021459 0.017550
64 0.649678 0.262732 0.024678 0.017550
91 0.247049 0.865623 0.028433 0.017550
88 0.645923 0.619236 0.032189 0.017550
91 0.804185 0.722127 0.032189 0.017550
102 0.650751 0.474363 0.043991 0.017550
120 0.328863 0.305919 0.016094 0.017894
120 0.090665 0.745699 0.016094 0.017894
93 0.028165 0.877151 0.020923 0.017894
120 0.651824 0.456641 0.021459 0.017894
85 0.171942 0.339986 0.024142 0.017894
500 0.726127 0.740881 0.040236 0.017894
111 0.326180 0.834997 0.015021 0.018238
120 0.410944 0.269270 0.017167 0.018238
57 0.033530 0.414143 0.023069 0.018238
91 0.566792 0.382829 0.030579 0.018238
121 0.561964 0.816758 0.039163 0.018238
60 0.023337 0.857536 0.006974 0.018582
85 0.327521 0.819683 0.008047 0.018582
76 0.245708 0.902271 0.015021 0.018582
88 0.726663 0.633173 0.018777 0.018582
88 0.648337 0.239160 0.027361 0.018582
81 0.324571 0.591535 0.037554 0.018582
121 0.643777 0.849449 0.037554 0.018926
83 0.401556 0.584652 0.032725 0.019270
1435 0.647264 0.194425 0.033798 0.019270
72 0.324303 0.856160 0.039163 0.019270
113 0.169260 0.123882 0.040236 0.019270
55 0.324839 0.216793 0.040236 0.019270
56 0.407457 0.241913 0.041309 0.019270
111 0.024410 0.806091 0.010193 0.019615
111 0.486320 0.903820 0.015558 0.019615
91 0.026019 0.651927 0.016631 0.019615
91 0.726931 0.449931 0.030043 0.019615
119 0.023605 0.906745 0.008584 0.019959
120 0.487661 0.151755 0.015021 0.019959
111 0.088519 0.823469 0.015021 0.019959
111 0.245976 0.656228 0.015558 0.019959
76 0.250536 0.226084 0.018240 0.019959
91 0.169260 0.684446 0.031652 0.019959
500 0.323498 0.719546 0.033262 0.019959
862 0.568401 0.172058 0.038090 0.019959
121 0.095494 0.511012 0.045064 0.019959
85 0.564109 0.911734 0.014485 0.020303
1799 0.087178 0.864935 0.024142 0.020303
88 0.251609 0.124742 0.024678 0.020303
126 0.725590 0.764797 0.026288 0.020303
91 0.173552 0.511184 0.031652 0.020303
121 0.723712 0.389023 0.034335 0.020303
91 0.407725 0.186167 0.031116 0.020647
541 0.408798 0.885754 0.042918 0.020647
82 0.731760 0.681005 0.051502 0.020647
88 0.027092 0.459222 0.011266 0.020991
118 0.809013 0.849105 0.018240 0.020991
88 0.804721 0.775465 0.022532 0.020991
126 0.569742 0.672918 0.023605 0.020991
885 0.028970 0.783723 0.023605 0.020991
91 0.567060 0.433758 0.034335 0.020991
56 0.325644 0.627839 0.042918 0.020991
120 0.173015 0.849966 0.015558 0.021335
120 0.327253 0.657949 0.018240 0.021335
117 0.642972 0.749828 0.023069 0.021335
68 0.482833 0.911218 0.027897 0.021335
91 0.487124 0.593944 0.032189 0.021335
91 0.647800 0.285960 0.033798 0.021335
127 0.727736 0.579491 0.043455 0.021335
91 0.027629 0.261700 0.013412 0.021679
88 0.166309 0.867688 0.016094 0.021679
74 0.727736 0.431349 0.023069 0.021679
64 0.563573 0.795423 0.024142 0.021679
126 0.171137 0.564866 0.027897 0.021679
1840 0.089324 0.888679 0.042382 0.021679
2489 0.328863 0.796800 0.042918 0.021679
76 0.568133 0.482450 0.017167 0.022023
88 0.485783 0.173778 0.026288 0.022023
95 0.403702 0.750172 0.033798 0.022023
121 0.090129 0.285272 0.038627 0.022023
2489 0.092006 0.178252 0.045601 0.022023
111 0.326717 0.771679 0.018240 0.022368
85 0.408262 0.491225 0.024678 0.022368
88 0.648873 0.369408 0.025215 0.022368
104 0.172479 0.423090 0.035944 0.022368
127 0.169260 0.196662 0.039163 0.022368
691 0.728004 0.533207 0.046137 0.022368
3255 0.174088 0.654680 0.046674 0.022368
126 0.414700 0.911390 0.049356 0.022368
85 0.651556 0.125946 0.010193 0.022712
118 0.176234 0.179972 0.021996 0.022712
126 0.728809 0.257743 0.028433 0.022712
121 0.249464 0.513421 0.034335 0.022712
68 0.725322 0.286648 0.036481 0.022712
127 0.563036 0.891604 0.042382 0.022712
2678 0.806867 0.459738 0.045064 0.022712
1863 0.089861 0.911906 0.045601 0.022712
85 0.094152 0.694942 0.015558 0.023056
76 0.326985 0.501549 0.019850 0.023056
548 0.567597 0.646765 0.025751 0.023056
126 0.564378 0.839470 0.027897 0.023056
500 0.407189 0.158465 0.038627 0.023056
86 0.262876 0.469202 0.038627 0.023056
1809 0.328326 0.907949 0.043991 0.023056
85 0.645386 0.771507 0.011803 0.023400
85 0.327253 0.523400 0.012876 0.023400
85 0.248659 0.553338 0.013412 0.023400
119 0.726663 0.821404 0.013412 0.023400
60 0.486588 0.420165 0.013948 0.023400
74 0.091470 0.226084 0.017704 0.023400
107 0.726663 0.657949 0.020923 0.023400
126 0.169796 0.739160 0.027361 0.023400
548 0.172210 0.285616 0.027897 0.023400
83 0.090129 0.580867 0.032189 0.023400
126 0.169528 0.316242 0.033262 0.023400
113 0.648069 0.168273 0.037554 0.023400
71 0.336642 0.877151 0.040236 0.023400
4345 0.487661 0.203372 0.040773 0.023400
3575 0.647264 0.342395 0.046674 0.023400
85 0.092811 0.462319 0.010730 0.023744
95 0.028433 0.514281 0.017167 0.023744
118 0.411212 0.390743 0.028433 0.023744
2550 0.805526 0.907261 0.042382 0.023744
121 0.249732 0.448211 0.043455 0.023744
66 0.092811 0.657605 0.019313 0.024088
126 0.487929 0.276669 0.031652 0.024088
1354 0.089592 0.608741 0.033262 0.024088
4260 0.811159 0.162078 0.039700 0.024088
253 0.167918 0.711631 0.039700 0.024088
1887 0.482564 0.866139 0.042382 0.024088
3575 0.567328 0.356504 0.045601 0.024088
117 0.568938 0.531487 0.017704 0.024432
252 0.028970 0.437199 0.018240 0.024432
70 0.485515 0.710083 0.022532 0.024432
126 0.807403 0.191500 0.028970 0.024432
96 0.571888 0.620957 0.053648 0.024432
118 0.098444 0.422574 0.017704 0.024776
111 0.247586 0.735375 0.019850 0.024776
4345 0.329399 0.424295 0.041845 0.024776
350 0.806599 0.313833 0.043455 0.024776
732 0.570279 0.408465 0.047210 0.024776
74 0.407994 0.837061 0.019850 0.025120
87 0.486320 0.485031 0.029506 0.025120
91 0.402092 0.862526 0.029506 0.025120
51 0.730418 0.128183 0.032725 0.025120
119 0.171406 0.796972 0.015558 0.025465
87 0.170601 0.394357 0.031116 0.025465
126 0.807940 0.533379 0.034335 0.025465
268 0.802575 0.746043 0.036481 0.025465
4523 0.168723 0.892980 0.039163 0.025465
127 0.090129 0.442189 0.039700 0.025465
2489 0.246513 0.632140 0.041309 0.025465
85 0.568938 0.143324 0.015558 0.025809
111 0.409335 0.330867 0.018240 0.025809
70 0.090665 0.723503 0.018240 0.025809
1598 0.642167 0.890743 0.040773 0.025809
85 0.409603 0.561941 0.014485 0.026153
107 0.249195 0.275637 0.020923 0.026153
120 0.811159 0.590847 0.026824 0.026153
2550 0.729345 0.475568 0.049893 0.026153
3575 0.808208 0.396765 0.053112 0.026153
108 0.091470 0.554886 0.013412 0.026497
979 0.027361 0.756538 0.022532 0.026497
126 0.725590 0.503957 0.028433 0.026497
1174 0.406652 0.778217 0.034335 0.026497
4260 0.093884 0.126807 0.039700 0.026497
4350 0.410139 0.129560 0.041309 0.026497
338 0.642972 0.802650 0.042382 0.026497
119 0.026824 0.574329 0.011803 0.026841
70 0.487661 0.128699 0.019313 0.026841
118 0.410944 0.514109 0.022532 0.026841
78 0.806867 0.246731 0.032189 0.026841
126 0.326985 0.746731 0.032725 0.026841
4416 0.245440 0.837922 0.038090 0.026841
127 0.092275 0.674467 0.040773 0.026841
119 0.250536 0.246559 0.015021 0.027185
4405 0.030043 0.352546 0.019313 0.027185
70 0.487661 0.347385 0.020386 0.027185
51 0.251073 0.202168 0.033262 0.027185
4405 0.326180 0.335685 0.039700 0.027185
70 0.644582 0.828286 0.019850 0.027529
53 0.092811 0.492085 0.020386 0.027529
118 0.729882 0.556779 0.021996 0.027529
87 0.246781 0.684102 0.031116 0.027529
2692 0.488734 0.247763 0.038627 0.027529
68 0.485515 0.807639 0.006438 0.028217
85 0.172479 0.218858 0.013412 0.028217
119 0.568670 0.504474 0.013948 0.028217
107 0.487124 0.685478 0.020386 0.028217
58 0.804721 0.646593 0.024678 0.028217
51 0.647532 0.437715 0.033262 0.028217
81 0.403433 0.711287 0.034335 0.028217
2685 0.171674 0.536820 0.036481 0.028217
2885 0.561695 0.737440 0.037554 0.028217
582 0.172479 0.593599 0.040236 0.028217
4416 0.171137 0.481762 0.040773 0.028217
4350 0.326180 0.689264 0.041845 0.028217
4350 0.724517 0.711631 0.042382 0.028217
1683 0.165504 0.771163 0.045601 0.028217
3781 0.649410 0.594632 0.047747 0.028217
3654 0.648069 0.314178 0.049356 0.028217
83 0.721298 0.848073 0.013412 0.028562
83 0.408798 0.461975 0.016094 0.028562
610 0.028702 0.831555 0.021996 0.028562
1686 0.032725 0.485375 0.024678 0.028562
51 0.171406 0.153648 0.031652 0.028562
2382 0.327521 0.559360 0.043455 0.028562
1189 0.248927 0.152959 0.045064 0.028562
2926 0.567328 0.201136 0.045601 0.028562
68 0.407189 0.804542 0.004292 0.028906
4348 0.030043 0.318307 0.020386 0.028906
87 0.090129 0.396077 0.027897 0.028906
87 0.803648 0.823813 0.032189 0.028906
916 0.409067 0.211287 0.037017 0.028906
98 0.644582 0.216105 0.040236 0.028906
127 0.409603 0.540606 0.046674 0.028906
68 0.647532 0.491569 0.005365 0.029250
83 0.171942 0.623710 0.013412 0.029250
4727 0.030579 0.286476 0.019313 0.029250
1435 0.248927 0.584825 0.030043 0.029250
68 0.091470 0.797316 0.005901 0.029594
83 0.325912 0.190984 0.014485 0.029594
51 0.568133 0.457674 0.031116 0.029594
3654 0.570011 0.325877 0.048820 0.029594
68 0.172210 0.449587 0.006438 0.029938
83 0.646727 0.688403 0.013412 0.029938
58 0.328863 0.159842 0.022532 0.029938
4051 0.326985 0.130592 0.041309 0.029938
2887 0.729077 0.189780 0.045064 0.029938
68 0.567865 0.233310 0.009120 0.030282
68 0.093079 0.528217 0.010193 0.030282
83 0.564109 0.262560 0.015558 0.030282
296 0.409335 0.298692 0.032189 0.030282
3735 0.247318 0.419821 0.037554 0.030282
2412 0.486856 0.837922 0.038090 0.030282
4350 0.488466 0.562629 0.042382 0.030282
514 0.565987 0.591879 0.045064 0.030282
3050 0.804185 0.565726 0.046137 0.030282
68 0.028702 0.147454 0.005901 0.030626
3192 0.806330 0.363558 0.040773 0.030626
4348 0.810086 0.130248 0.042918 0.030626
68 0.488734 0.529250 0.008584 0.030970
68 0.250805 0.709911 0.009120 0.030970
51 0.407725 0.362698 0.033262 0.030970
95 0.329131 0.474535 0.042382 0.030970
1163 0.407189 0.430489 0.047210 0.030970
2550 0.649946 0.410530 0.050966 0.030970
1899 0.028433 0.231074 0.016094 0.031315
1352 0.409603 0.616483 0.023069 0.031315
4163 0.646459 0.523916 0.035408 0.031315
3984 0.799893 0.695630 0.039700 0.031315
2550 0.245708 0.789917 0.045064 0.031315
83 0.027629 0.179972 0.009120 0.031659
51 0.726127 0.363730 0.031652 0.031659
1831 0.729077 0.225740 0.033262 0.031659
3735 0.165504 0.828630 0.034871 0.031659
3696 0.559013 0.869236 0.041845 0.031659
1607 0.090129 0.772195 0.047210 0.031659
83 0.249195 0.382829 0.016631 0.032003
70 0.090933 0.311253 0.017704 0.032003
3526 0.032457 0.386958 0.026288 0.032003
1385 0.566524 0.295767 0.042918 0.032003
591 0.480418 0.779250 0.047747 0.032003
1774 0.807135 0.426875 0.049893 0.032003
83 0.563573 0.766001 0.013412 0.032347
119 0.174893 0.362698 0.017167 0.032347
3735 0.644850 0.724019 0.037554 0.032347
4652 0.489002 0.619752 0.041309 0.032347
4355 0.721835 0.880936 0.041309 0.032347
53 0.803916 0.223847 0.024142 0.032691
51 0.089861 0.260323 0.031652 0.032691
4090 0.723176 0.794563 0.042918 0.033035
3526 0.332082 0.370957 0.048283 0.033035
68 0.249195 0.755506 0.010193 0.033379
119 0.731760 0.153648 0.016094 0.033379
2741 0.805258 0.279766 0.048283 0.033723
68 0.327790 0.258259 0.006438 0.034067
119 0.566524 0.558672 0.019313 0.034067
85 0.806330 0.620785 0.017167 0.034412
4366 0.026824 0.682381 0.018240 0.034412
1831 0.093079 0.363730 0.037017 0.034412
84 0.259388 0.306263 0.038090 0.034412
3696 0.248391 0.346180 0.041845 0.034412
4775 0.566255 0.704921 0.039163 0.034756
1092 0.645923 0.558156 0.046137 0.035100
83 0.169528 0.251032 0.015021 0.035444
3040 0.026824 0.544391 0.018240 0.035788
2412 0.728541 0.608052 0.039700 0.035788
296 0.486052 0.651927 0.028970 0.036132
957 0.025483 0.623193 0.014485 0.036476
71 0.804453 0.881280 0.035944 0.036476
2945 0.404506 0.676703 0.038627 0.036820
3733 0.490075 0.313145 0.045601 0.037164
4368 0.026288 0.721094 0.017167 0.037509
3696 0.647532 0.653304 0.037554 0.037509
4289 0.489807 0.454061 0.041845 0.038197
47 0.489539 0.739160 0.020923 0.041294
1297 0.805526 0.494150 0.043455 0.041982
