246 0.048105 0.224900 0.036929 0.004605
128 0.730321 0.616211 0.010690 0.008597
92 0.646987 0.277710 0.029640 0.010132
128 0.724247 0.409886 0.012148 0.011667
92 0.049806 0.432300 0.027697 0.011667
101 0.897473 0.403132 0.039845 0.011667
92 0.815598 0.435677 0.027697 0.012281
56 0.724490 0.123887 0.015549 0.012588
92 0.217201 0.336045 0.029155 0.013202
92 0.473275 0.770494 0.036929 0.013202
57 0.649660 0.722444 0.030126 0.013509
42 0.301992 0.756985 0.014091 0.013816
62 0.049077 0.849401 0.024295 0.013816
92 0.131681 0.361529 0.028183 0.013816
92 0.131438 0.145993 0.030612 0.013816
252 0.818027 0.908351 0.041302 0.013816
56 0.897959 0.389622 0.018465 0.014123
120 0.645773 0.154130 0.019436 0.014123
64 0.812196 0.318084 0.023810 0.014123
120 0.726190 0.256831 0.017979 0.014430
93 0.901846 0.243629 0.040816 0.015045
93 0.397959 0.859840 0.043732 0.015045
68 0.559038 0.253915 0.006317 0.015352
56 0.893829 0.228124 0.013120 0.015352
91 0.815355 0.892846 0.030126 0.015352
57 0.735423 0.845256 0.034500 0.015352
120 0.727162 0.395763 0.016035 0.015966
91 0.727162 0.526865 0.034500 0.015966
68 0.395530 0.467762 0.005831 0.016273
120 0.130224 0.461007 0.020408 0.016273
66 0.385083 0.300123 0.026725 0.016273
91 0.727891 0.463156 0.029155 0.016273
91 0.298348 0.205557 0.030126 0.016273
248 0.890671 0.260516 0.039845 0.016273
108 0.215015 0.551428 0.017979 0.016580
91 0.646259 0.492785 0.031098 0.016580
85 0.725948 0.213540 0.020408 0.016887
83 0.726190 0.650599 0.030612 0.017194
117 0.820214 0.817470 0.017493 0.017501
58 0.809524 0.180995 0.034985 0.017501
1006 0.641399 0.513816 0.045675 0.017501
85 0.731535 0.906049 0.023810 0.017808
57 0.822400 0.765428 0.030612 0.017808
126 0.894558 0.154437 0.035957 0.017808
126 0.219874 0.754989 0.037415 0.017808
251 0.558795 0.533313 0.037901 0.017808
127 0.557337 0.151673 0.046647 0.017808
68 0.474490 0.659963 0.005345 0.018115
60 0.295675 0.159503 0.015063 0.018115
120 0.897959 0.632944 0.027211 0.018115
91 0.470603 0.487719 0.029640 0.018115
93 0.470603 0.217531 0.030612 0.018115
126 0.468416 0.316702 0.034014 0.018115
113 0.807337 0.222137 0.038387 0.018115
126 0.384597 0.251919 0.039359 0.018115
126 0.131924 0.857384 0.039359 0.018115
88 0.725705 0.506601 0.021866 0.018422
85 0.900389 0.552042 0.022352 0.018422
118 0.136540 0.906970 0.024295 0.018422
120 0.558552 0.845256 0.025753 0.018422
248 0.639213 0.671784 0.038387 0.018422
121 0.723761 0.326374 0.055879 0.018422
83 0.807580 0.200338 0.029155 0.018729
548 0.647230 0.319773 0.030126 0.018729
126 0.386783 0.561406 0.034014 0.018729
1214 0.217444 0.188056 0.035471 0.018729
126 0.211613 0.502763 0.035471 0.018729
56 0.726919 0.601320 0.036929 0.018729
126 0.387512 0.705711 0.041302 0.018729
113 0.048591 0.154130 0.037901 0.019036
126 0.048105 0.537611 0.037901 0.019036
117 0.049077 0.766196 0.018465 0.019343
60 0.048348 0.745318 0.018950 0.019343
66 0.045675 0.392539 0.022352 0.019343
91 0.133382 0.289377 0.030612 0.019343
91 0.300777 0.531010 0.032070 0.019343
91 0.218902 0.639085 0.033528 0.019343
88 0.130709 0.125729 0.034014 0.019343
2917 0.133868 0.719220 0.035471 0.019343
86 0.060739 0.885631 0.036929 0.019343
3663 0.647716 0.295824 0.044704 0.019343
88 0.470117 0.576297 0.025753 0.019650
91 0.129495 0.215536 0.032556 0.019650
81 0.729592 0.632484 0.032556 0.019650
126 0.045432 0.686214 0.034500 0.019650
81 0.643100 0.649985 0.035471 0.019650
885 0.897230 0.503531 0.046161 0.019650
2177 0.133382 0.408658 0.048105 0.019650
88 0.049806 0.281394 0.023810 0.019957
88 0.645530 0.204329 0.025753 0.019957
91 0.217930 0.879183 0.030612 0.019957
126 0.903061 0.826988 0.034500 0.019957
88 0.557094 0.698649 0.037415 0.019957
247 0.724733 0.193890 0.038387 0.019957
88 0.479592 0.907430 0.044704 0.019957
117 0.816327 0.518268 0.018465 0.020264
85 0.471088 0.748849 0.019922 0.020264
76 0.558795 0.555726 0.026239 0.020264
72 0.810739 0.621738 0.036443 0.020264
1214 0.132896 0.743936 0.037415 0.020264
251 0.820700 0.742401 0.042760 0.020264
2754 0.721574 0.235800 0.043732 0.020264
127 0.390671 0.428001 0.048591 0.020264
68 0.559767 0.449033 0.005831 0.020571
85 0.299806 0.343414 0.022352 0.020571
62 0.726919 0.141388 0.030126 0.020571
88 0.132410 0.339730 0.033528 0.020571
91 0.647230 0.770801 0.035957 0.020571
96 0.566084 0.584434 0.043732 0.020571
252 0.728620 0.482346 0.037415 0.020878
251 0.903790 0.769420 0.042760 0.020878
118 0.906220 0.882254 0.021380 0.021185
85 0.556608 0.169328 0.021866 0.021185
85 0.303693 0.778477 0.026239 0.021185
88 0.899660 0.689131 0.026725 0.021185
121 0.391156 0.842340 0.028183 0.021185
72 0.215258 0.834050 0.034985 0.021185
755 0.297376 0.320694 0.040816 0.021185
126 0.643100 0.822076 0.041302 0.021185
68 0.303936 0.413264 0.005345 0.021492
88 0.296890 0.294443 0.022352 0.021492
85 0.897959 0.338655 0.026239 0.021492
88 0.219145 0.697574 0.026239 0.021492
273 0.130709 0.236721 0.034014 0.021492
127 0.053450 0.412957 0.049563 0.021492
121 0.056365 0.870740 0.054422 0.021492
68 0.389213 0.320387 0.006803 0.021799
699 0.812925 0.416795 0.032070 0.021799
95 0.133625 0.574609 0.034985 0.021799
121 0.907920 0.904053 0.060739 0.021799
85 0.812196 0.295057 0.021866 0.022106
118 0.724733 0.305189 0.025753 0.022106
111 0.055151 0.906663 0.028669 0.022106
767 0.467444 0.266503 0.042760 0.022106
1960 0.215500 0.236721 0.047133 0.022106
85 0.386297 0.447805 0.023324 0.022413
91 0.049806 0.483113 0.028669 0.022413
68 0.729835 0.771262 0.005831 0.022720
119 0.898688 0.421247 0.021866 0.022720
253 0.214772 0.164569 0.035957 0.022720
71 0.481050 0.834510 0.043732 0.022720
76 0.303450 0.872429 0.025753 0.023027
253 0.215986 0.213540 0.035471 0.023027
109 0.559524 0.309027 0.037415 0.023027
2423 0.814626 0.683298 0.038387 0.023027
2423 0.900632 0.711851 0.043246 0.023027
886 0.894072 0.133098 0.054422 0.023027
60 0.642371 0.533006 0.015549 0.023334
119 0.815112 0.542217 0.019922 0.023334
118 0.474247 0.813018 0.022352 0.023334
126 0.218902 0.400982 0.032556 0.023334
253 0.895773 0.179306 0.037415 0.023334
799 0.469388 0.292908 0.039845 0.023334
126 0.392371 0.902364 0.044218 0.023334
127 0.732507 0.889162 0.051992 0.023334
119 0.818513 0.840497 0.022838 0.023641
51 0.726190 0.828830 0.035471 0.023641
253 0.133625 0.770955 0.040816 0.023948
2722 0.807094 0.157200 0.041788 0.023948
1691 0.728863 0.704636 0.051506 0.023948
316 0.301992 0.642002 0.052964 0.023948
2707 0.049806 0.179153 0.022838 0.024255
68 0.469631 0.194197 0.035471 0.024255
642 0.298348 0.616672 0.037901 0.024255
3663 0.560253 0.870586 0.043732 0.024255
68 0.469388 0.241019 0.008746 0.024562
119 0.133139 0.631256 0.019436 0.024562
4377 0.471088 0.461775 0.032556 0.024562
870 0.218902 0.858766 0.036443 0.024562
710 0.643100 0.743936 0.039359 0.024562
333 0.129009 0.194351 0.046161 0.024562
1944 0.388241 0.679153 0.051506 0.024562
119 0.895530 0.203408 0.018465 0.024870
2707 0.808552 0.130949 0.027211 0.024870
253 0.560982 0.789223 0.032556 0.024870
126 0.562196 0.363064 0.036929 0.024870
2746 0.477648 0.887166 0.045675 0.024870
1774 0.131681 0.167792 0.046647 0.024870
70 0.472546 0.369358 0.024781 0.025177
549 0.558309 0.672398 0.029155 0.025177
93 0.649417 0.847713 0.035471 0.025177
1442 0.557337 0.282469 0.042760 0.025177
4109 0.813654 0.391772 0.044218 0.025177
462 0.810982 0.270494 0.052478 0.025177
118 0.727162 0.868744 0.019922 0.025484
122 0.811224 0.343107 0.031584 0.025484
126 0.813168 0.363678 0.038387 0.025484
1354 0.642857 0.349555 0.040816 0.025484
1898 0.645044 0.228585 0.044218 0.025484
691 0.304908 0.805803 0.047133 0.025484
83 0.725948 0.347559 0.017493 0.025791
83 0.555879 0.474670 0.023324 0.025791
4253 0.218416 0.315628 0.036443 0.025791
3794 0.135326 0.882407 0.040330 0.025791
111 0.051749 0.563862 0.023810 0.026098
121 0.384597 0.405434 0.026725 0.026098
2610 0.390428 0.620970 0.028669 0.026098
3735 0.899903 0.365520 0.039845 0.026098
68 0.473275 0.787381 0.039845 0.026098
4420 0.725462 0.675929 0.041788 0.026098
320 0.724490 0.377188 0.044704 0.026098
2104 0.468659 0.510746 0.045190 0.026098
3866 0.295918 0.267578 0.045675 0.026098
1662 0.386783 0.818698 0.047619 0.026098
105 0.737366 0.548818 0.052964 0.026098
119 0.643100 0.591342 0.020894 0.026405
118 0.647716 0.878416 0.024295 0.026405
2412 0.130709 0.312558 0.034985 0.026405
4266 0.298348 0.184219 0.037901 0.026405
1256 0.217444 0.263433 0.038387 0.026405
2471 0.132167 0.384710 0.039845 0.026405
415 0.555151 0.424931 0.042274 0.026405
1651 0.214043 0.528400 0.051020 0.026405
1609 0.392128 0.791526 0.052478 0.026405
92 0.295918 0.669788 0.024295 0.026712
68 0.893829 0.207092 0.037415 0.026712
794 0.468902 0.129107 0.039845 0.026712
375 0.895530 0.313632 0.039845 0.026712
415 0.383868 0.379951 0.042760 0.026712
2746 0.394801 0.652901 0.046161 0.026712
1898 0.385569 0.130028 0.050049 0.026712
541 0.555879 0.336660 0.050534 0.026712
3669 0.219631 0.285539 0.030126 0.027019
126 0.564626 0.901136 0.034014 0.027019
71 0.561467 0.129260 0.036443 0.027019
4116 0.645530 0.699417 0.038387 0.027019
2365 0.471817 0.341726 0.041788 0.027019
117 0.220117 0.807338 0.016521 0.027326
83 0.812196 0.653516 0.017979 0.027326
126 0.132653 0.519343 0.034014 0.027326
570 0.558066 0.611759 0.041302 0.027326
2754 0.553693 0.195732 0.048105 0.027326
83 0.646744 0.404667 0.017493 0.027633
83 0.389942 0.761437 0.019922 0.027633
119 0.051263 0.791526 0.020894 0.027633
71 0.057094 0.128646 0.039359 0.027633
113 0.297376 0.697267 0.040816 0.027633
2885 0.726919 0.799202 0.041788 0.027633
4427 0.898931 0.799509 0.043732 0.027633
4334 0.814626 0.459932 0.045190 0.027633
427 0.807823 0.245932 0.049077 0.027633
1607 0.468173 0.398833 0.050049 0.027633
83 0.723032 0.167792 0.017493 0.027940
83 0.299320 0.442278 0.018465 0.027940
83 0.896501 0.448112 0.018465 0.027940
83 0.048834 0.594566 0.018950 0.027940
83 0.047133 0.336967 0.019436 0.027940
83 0.469874 0.689131 0.021380 0.027940
119 0.645773 0.904360 0.030126 0.027940
629 0.136054 0.832208 0.036929 0.027940
1296 0.648445 0.256217 0.038387 0.027940
1360 0.469874 0.603162 0.040816 0.027940
3206 0.647230 0.795364 0.044704 0.027940
1697 0.647230 0.377802 0.049563 0.027940
1163 0.384111 0.276481 0.050049 0.027940
1774 0.297619 0.588118 0.051992 0.027940
117 0.814869 0.598096 0.019436 0.028247
70 0.646259 0.129874 0.028183 0.028247
4646 0.641885 0.466073 0.030126 0.028247
1296 0.389213 0.163033 0.036929 0.028247
1218 0.217444 0.614983 0.037415 0.028247
2836 0.640914 0.179306 0.041788 0.028247
2255 0.560739 0.727663 0.048591 0.028247
4488 0.221088 0.783236 0.049563 0.028247
1679 0.895530 0.610992 0.051506 0.028247
83 0.381195 0.348941 0.020894 0.028554
1794 0.726190 0.279552 0.044218 0.028554
1163 0.048105 0.306877 0.045675 0.028554
322 0.050049 0.205250 0.050534 0.028554
121 0.557823 0.758367 0.033042 0.028861
4445 0.645287 0.438133 0.040816 0.028861
514 0.560982 0.508750 0.041302 0.028861
68 0.132896 0.636475 0.043246 0.028861
2190 0.131681 0.266963 0.037901 0.029168
4226 0.050534 0.509825 0.044704 0.029168
70 0.558795 0.641388 0.024295 0.029475
87 0.129009 0.437519 0.026725 0.029475
4486 0.219874 0.728278 0.035471 0.029475
896 0.557580 0.817624 0.039359 0.029475
2173 0.131438 0.488486 0.050049 0.029475
1587 0.893586 0.580135 0.037901 0.029782
2780 0.898931 0.659349 0.046647 0.029782
3808 0.467201 0.721062 0.049077 0.029782
4055 0.131438 0.666257 0.044218 0.030089
1663 0.298105 0.471907 0.049077 0.030089
3184 0.392371 0.878569 0.035471 0.030396
504 0.298348 0.556494 0.037901 0.030396
4116 0.896744 0.285385 0.038387 0.030396
2412 0.219388 0.902211 0.038387 0.030396
1428 0.898202 0.478201 0.039359 0.030396
667 0.046890 0.658735 0.039359 0.030396
1584 0.301506 0.503531 0.028669 0.030703
92 0.388970 0.195272 0.029640 0.030703
2169 0.048348 0.365981 0.045190 0.030703
897 0.897959 0.744857 0.046647 0.030703
3209 0.389699 0.228124 0.058309 0.030703
68 0.727891 0.576144 0.008746 0.031010
3940 0.817298 0.571538 0.041788 0.031010
3912 0.134840 0.696193 0.044218 0.031010
83 0.215015 0.581824 0.018950 0.031317
119 0.309524 0.902057 0.020408 0.031317
990 0.131195 0.603623 0.028183 0.031317
1584 0.814869 0.491557 0.033042 0.031317
289 0.816084 0.870126 0.052964 0.031317
1993 0.219631 0.666871 0.054422 0.031317
3940 0.644315 0.563555 0.040816 0.031624
453 0.902818 0.856770 0.045675 0.031624
83 0.466472 0.161191 0.018465 0.031931
897 0.814383 0.714154 0.043732 0.031931
3264 0.391156 0.531778 0.045675 0.031931
83 0.388970 0.496469 0.021866 0.032545
1917 0.641885 0.621891 0.035957 0.032852
2756 0.048591 0.717378 0.044704 0.032852
2674 0.481293 0.862604 0.051020 0.032852
1352 0.213557 0.471907 0.027697 0.033159
4397 0.472303 0.632791 0.034985 0.033773
1373 0.219145 0.132177 0.035957 0.034080
3886 0.210641 0.435677 0.037415 0.034387
1111 0.135811 0.801965 0.040330 0.034387
3893 0.297619 0.131716 0.041302 0.035002
2866 0.560982 0.393767 0.036443 0.035309
2866 0.394072 0.589346 0.038873 0.035309
4679 0.048348 0.625883 0.039359 0.035309
1267 0.306365 0.839576 0.050049 0.035309
1823 0.053693 0.823918 0.034500 0.035923
2945 0.050292 0.252994 0.039359 0.036230
577 0.468173 0.431072 0.040330 0.036230
3434 0.561467 0.226896 0.043246 0.036230
3481 0.465500 0.544827 0.040816 0.037151
3219 0.722060 0.437519 0.036929 0.038072
957 0.293975 0.236260 0.036929 0.039607
3434 0.727891 0.738870 0.039845 0.040221
2945 0.217444 0.367516 0.040330 0.042984
4399 0.300777 0.379951 0.047619 0.044519
