52 0.742555 0.741458 0.063480 0.018223
113 0.252351 0.598899 0.059561 0.018603
56 0.253135 0.532270 0.021944 0.019742
60 0.338558 0.752468 0.050157 0.019742
66 0.524687 0.317578 0.027429 0.020121
127 0.433777 0.808846 0.071317 0.020881
60 0.362461 0.850797 0.065047 0.021260
86 0.260580 0.244685 0.038401 0.021640
127 0.261364 0.554480 0.076019 0.021640
98 0.268417 0.183181 0.049373 0.022399
61 0.275862 0.205771 0.031348 0.022779
110 0.411050 0.554100 0.049373 0.023159
72 0.871865 0.762149 0.069749 0.023159
72 0.748041 0.487282 0.058777 0.023918
103 0.819357 0.305049 0.071317 0.023918
127 0.526646 0.340547 0.056426 0.024298
97 0.261364 0.576120 0.060345 0.024677
76 0.329937 0.194951 0.028213 0.025437
113 0.335815 0.451974 0.074451 0.025437
861 0.114028 0.364085 0.090125 0.025816
91 0.494906 0.486143 0.049373 0.026196
111 0.248433 0.219818 0.028213 0.027335
76 0.382053 0.593964 0.032132 0.027715
92 0.815439 0.247722 0.033699 0.027715
52 0.890674 0.443622 0.069749 0.027715
82 0.434953 0.259871 0.072100 0.027715
52 0.499608 0.807707 0.065047 0.028474
58 0.228840 0.271071 0.031348 0.028853
126 0.501176 0.247912 0.055643 0.028853
2038 0.478448 0.370539 0.072884 0.028853
118 0.347571 0.777335 0.032132 0.029233
72 0.740204 0.772399 0.065047 0.029992
127 0.826803 0.275437 0.081505 0.029992
58 0.342476 0.726651 0.031348 0.030372
58 0.340517 0.480448 0.033699 0.030752
123 0.367555 0.877183 0.034483 0.030752
62 0.330329 0.223424 0.039969 0.030752
77 0.678292 0.244685 0.057210 0.030752
60 0.428292 0.233675 0.061912 0.030752
98 0.825627 0.873766 0.076019 0.030752
64 0.744906 0.803531 0.035266 0.031511
1083 0.668887 0.602696 0.054075 0.031511
127 0.751176 0.515376 0.072884 0.031511
127 0.443182 0.874525 0.072884 0.031511
125 0.498824 0.770311 0.057210 0.031891
1220 0.369514 0.176727 0.049373 0.032270
88 0.427900 0.781891 0.053292 0.032270
124 0.364028 0.909833 0.055643 0.033030
86 0.833856 0.798405 0.062696 0.033409
1083 0.888715 0.213174 0.065831 0.033789
127 0.820925 0.334282 0.080721 0.033789
107 0.666928 0.278474 0.056426 0.036067
2426 0.258229 0.831625 0.069749 0.036067
1952 0.715517 0.561693 0.078370 0.036067
69 0.445141 0.839408 0.031348 0.036446
53 0.827194 0.835801 0.024295 0.036826
2542 0.895768 0.169134 0.068966 0.037585
1969 0.256661 0.875285 0.061912 0.038345
53 0.493339 0.213554 0.032132 0.039104
63 0.307994 0.791382 0.050157 0.039104
1083 0.683777 0.884396 0.077586 0.039104
53 0.244906 0.628702 0.039969 0.039484
117 0.878918 0.720197 0.041536 0.039484
111 0.500784 0.173311 0.034483 0.040623
68 0.408699 0.520691 0.058777 0.040623
119 0.894201 0.478360 0.025078 0.041002
2542 0.690439 0.829157 0.078370 0.041002
720 0.103056 0.157365 0.074451 0.042141
2685 0.502743 0.519932 0.066614 0.042901
62 0.390282 0.628512 0.053292 0.043660
3936 0.501959 0.723804 0.065047 0.043660
69 0.432994 0.588648 0.032132 0.044419
2266 0.892241 0.531321 0.080721 0.044419
4327 0.493730 0.447418 0.084639 0.044419
523 0.906348 0.092445 0.096395 0.045178
4741 0.898511 0.584662 0.077586 0.045558
1969 0.312696 0.521830 0.062696 0.045938
3868 0.349922 0.304290 0.049373 0.048216
691 0.106191 0.228360 0.091693 0.049734
68 0.430643 0.290623 0.016458 0.051253
2289 0.117163 0.521450 0.107367 0.052012
2438 0.501176 0.568907 0.068182 0.053531
119 0.670455 0.324791 0.036834 0.055809
3439 0.723746 0.207099 0.061912 0.056568
3249 0.274687 0.351367 0.066614 0.060364
4336 0.113636 0.600038 0.106583 0.060364
3216 0.107367 0.298595 0.094044 0.064920
1092 0.105408 0.437547 0.090125 0.074791
