101 0.204478 0.573366 0.041821 0.008577
101 0.207069 0.454682 0.041821 0.009040
101 0.126758 0.575220 0.037380 0.009968
102 0.049038 0.470561 0.039600 0.010199
52 0.511658 0.546245 0.032198 0.010431
1006 0.043856 0.573366 0.033679 0.010431
101 0.513509 0.350139 0.041081 0.010895
182 0.757402 0.613584 0.044041 0.011127
174 0.756662 0.625058 0.028497 0.011358
56 0.834012 0.748146 0.011473 0.011822
120 0.356218 0.400672 0.014434 0.011822
56 0.595670 0.493510 0.010733 0.012054
56 0.438379 0.656351 0.010733 0.012749
56 0.207254 0.874478 0.011843 0.012749
56 0.201517 0.348053 0.012953 0.012749
101 0.362509 0.588201 0.039600 0.012749
56 0.358808 0.369726 0.010733 0.012981
56 0.674315 0.572554 0.014804 0.012981
1810 0.126943 0.788827 0.016284 0.012981
101 0.440229 0.669217 0.044041 0.012981
117 0.044967 0.879578 0.009252 0.013213
102 0.752961 0.350371 0.040340 0.013213
56 0.360289 0.482035 0.011473 0.013676
120 0.512398 0.424548 0.013694 0.013676
698 0.670614 0.246755 0.023686 0.013676
91 0.046817 0.819309 0.026277 0.013676
120 0.436899 0.416783 0.015174 0.013908
302 0.672095 0.764024 0.031088 0.013908
56 0.595300 0.529439 0.039600 0.013908
120 0.753331 0.879115 0.015174 0.014140
85 0.511288 0.253941 0.021836 0.014140
91 0.437084 0.561312 0.028127 0.014140
248 0.757587 0.543000 0.035529 0.014140
44 0.668949 0.181386 0.023316 0.014604
126 0.127128 0.881896 0.025537 0.014604
88 0.834567 0.901599 0.035529 0.014604
56 0.123797 0.334261 0.015914 0.014835
64 0.594189 0.661567 0.019615 0.014835
64 0.356403 0.333913 0.014804 0.015067
1810 0.440600 0.827654 0.015174 0.015067
91 0.670059 0.488294 0.028497 0.015067
56 0.597150 0.701785 0.011473 0.015531
56 0.275352 0.313746 0.011843 0.015531
88 0.362139 0.600719 0.032939 0.015531
119 0.520725 0.898702 0.014804 0.015763
88 0.356218 0.287900 0.019615 0.015763
173 0.441340 0.759388 0.022576 0.015763
102 0.280718 0.767965 0.040340 0.015763
56 0.280903 0.593069 0.011843 0.015994
91 0.754071 0.422462 0.026277 0.015994
126 0.049778 0.651947 0.027757 0.015994
91 0.512768 0.562007 0.028497 0.015994
88 0.757032 0.753477 0.029238 0.015994
76 0.518875 0.866365 0.031088 0.015994
88 0.124167 0.396268 0.035159 0.015994
683 0.131199 0.743046 0.038120 0.015994
189 0.125463 0.471372 0.013323 0.016458
126 0.596780 0.817223 0.025537 0.016458
91 0.831606 0.607673 0.026647 0.016458
88 0.519800 0.846662 0.029978 0.016458
88 0.832902 0.656120 0.032198 0.016458
88 0.674500 0.718475 0.032198 0.016458
126 0.043486 0.315600 0.032939 0.016458
128 0.596780 0.356050 0.007032 0.016690
1810 0.758512 0.561892 0.019615 0.016690
89 0.124537 0.314789 0.032939 0.016690
115 0.045522 0.456189 0.034049 0.016690
547 0.207994 0.522717 0.034049 0.016690
89 0.834382 0.731340 0.036640 0.016690
120 0.833457 0.557371 0.016284 0.016922
89 0.206144 0.471604 0.032568 0.016922
60 0.283679 0.900440 0.015174 0.017385
91 0.045522 0.554590 0.026647 0.017385
88 0.278497 0.397891 0.033679 0.017385
501 0.673020 0.781293 0.035899 0.017385
89 0.673020 0.555285 0.038860 0.017385
91 0.124167 0.809226 0.027017 0.017617
88 0.512583 0.602921 0.028127 0.017617
88 0.435788 0.510431 0.031458 0.017617
89 0.201517 0.331247 0.035899 0.017617
598 0.282383 0.639314 0.038490 0.017617
60 0.831051 0.395573 0.022576 0.017849
85 0.516654 0.647543 0.023686 0.017849
91 0.668579 0.395573 0.028497 0.017849
62 0.276647 0.330436 0.029238 0.017849
126 0.202443 0.363120 0.029608 0.017849
88 0.673390 0.861266 0.032939 0.017849
88 0.595300 0.718707 0.034419 0.017849
501 0.755922 0.525382 0.037380 0.017849
189 0.753331 0.842490 0.013694 0.018312
87 0.358438 0.385373 0.022576 0.018312
88 0.510918 0.207348 0.033679 0.018312
72 0.041821 0.213839 0.037010 0.018312
56 0.047002 0.441122 0.010363 0.018544
210 0.448557 0.776541 0.017765 0.018544
91 0.274611 0.453871 0.026647 0.018544
126 0.594004 0.509736 0.031088 0.018544
115 0.755366 0.860918 0.034049 0.018544
126 0.676721 0.588317 0.034419 0.018544
101 0.834197 0.882476 0.035529 0.018544
53 0.360289 0.572207 0.011473 0.018776
91 0.438194 0.849907 0.026647 0.018776
95 0.202258 0.413421 0.032198 0.018776
98 0.279053 0.546013 0.032568 0.018776
89 0.594189 0.479022 0.040340 0.018776
120 0.196706 0.234237 0.019615 0.019240
51 0.126943 0.687877 0.025167 0.019240
89 0.359548 0.465577 0.033679 0.019240
53 0.597150 0.567455 0.010733 0.019471
76 0.834752 0.539175 0.019615 0.019471
83 0.751665 0.822439 0.029608 0.019471
98 0.118986 0.215809 0.029978 0.019471
126 0.362879 0.498377 0.031458 0.019471
98 0.275167 0.269124 0.035159 0.019471
118 0.598631 0.547636 0.017395 0.019703
93 0.126018 0.260663 0.023316 0.019703
88 0.835492 0.292652 0.025537 0.019703
126 0.757032 0.298215 0.029238 0.019703
598 0.126758 0.644761 0.033679 0.019703
683 0.510918 0.495480 0.044782 0.019703
189 0.047372 0.861034 0.011843 0.020167
76 0.511658 0.407626 0.028497 0.020167
107 0.358068 0.351762 0.029978 0.020167
1834 0.672650 0.228210 0.041081 0.020167
53 0.833087 0.863004 0.010363 0.020399
119 0.512768 0.385257 0.016654 0.020399
252 0.203183 0.617524 0.028127 0.020399
547 0.126388 0.593417 0.030718 0.020399
70 0.357883 0.419101 0.032568 0.020399
89 0.207254 0.852573 0.032568 0.020399
680 0.516654 0.777701 0.034049 0.020399
359 0.205403 0.715345 0.035529 0.020399
2151 0.670799 0.206769 0.036640 0.020399
119 0.519060 0.800997 0.015174 0.020631
83 0.753701 0.504057 0.027757 0.020631
95 0.834567 0.415044 0.034049 0.020631
691 0.044226 0.418985 0.035159 0.020631
126 0.511473 0.271558 0.035529 0.020631
111 0.512028 0.364511 0.012953 0.021094
4260 0.041821 0.293811 0.020725 0.021094
252 0.201887 0.435675 0.032939 0.021094
1174 0.045152 0.238642 0.034049 0.021094
1821 0.436528 0.399513 0.035159 0.021094
1834 0.198927 0.254172 0.035899 0.021094
119 0.203368 0.767038 0.021095 0.021326
83 0.277017 0.349096 0.024796 0.021326
553 0.273686 0.474965 0.035159 0.021326
107 0.518320 0.879346 0.012213 0.021558
60 0.363620 0.812587 0.014434 0.021558
119 0.670059 0.316528 0.016654 0.021558
253 0.123797 0.373783 0.024796 0.021558
126 0.512398 0.471140 0.027017 0.021558
88 0.598075 0.611613 0.032568 0.021558
126 0.517765 0.753013 0.032568 0.021558
691 0.834012 0.436138 0.037380 0.021558
691 0.436158 0.298679 0.038120 0.021558
91 0.126388 0.352689 0.041821 0.021558
126 0.436158 0.274339 0.029238 0.022021
252 0.122317 0.554126 0.029238 0.022021
88 0.364730 0.897659 0.032198 0.022021
454 0.044967 0.740728 0.037380 0.022021
91 0.438009 0.435443 0.042561 0.022021
92 0.197446 0.275382 0.022576 0.022253
120 0.205774 0.641168 0.029608 0.022253
51 0.670244 0.294622 0.032568 0.022253
539 0.675611 0.742466 0.038120 0.022253
2756 0.594560 0.738526 0.038860 0.022253
813 0.130089 0.901947 0.038860 0.022253
287 0.759437 0.897775 0.042931 0.022253
53 0.513138 0.581247 0.009252 0.022485
119 0.360474 0.440542 0.014804 0.022485
119 0.836232 0.810964 0.015174 0.022485
92 0.433938 0.376565 0.021836 0.022485
126 0.752591 0.211289 0.026277 0.022485
127 0.442080 0.684863 0.032939 0.022485
107 0.597890 0.680227 0.035899 0.022485
2822 0.669134 0.415971 0.038490 0.022485
2846 0.668579 0.466968 0.040340 0.022485
60 0.204108 0.823482 0.011473 0.022949
118 0.361399 0.771094 0.015174 0.022949
1986 0.438009 0.895804 0.027757 0.022949
126 0.836047 0.765531 0.028127 0.022949
98 0.832902 0.788248 0.032939 0.022949
91 0.287380 0.855471 0.039600 0.022949
253 0.514249 0.329624 0.026277 0.023180
2677 0.759067 0.704682 0.026647 0.023180
83 0.509252 0.623319 0.031088 0.023180
126 0.279238 0.523180 0.032939 0.023180
577 0.435973 0.487019 0.034049 0.023180
3231 0.832717 0.460825 0.035529 0.023180
118 0.361769 0.651020 0.011473 0.023412
60 0.271836 0.246059 0.012213 0.023412
92 0.754441 0.778048 0.014434 0.023412
119 0.831421 0.709434 0.015914 0.023412
70 0.198927 0.212911 0.018875 0.023412
70 0.123057 0.419680 0.018875 0.023412
1174 0.758142 0.679068 0.034419 0.023412
1796 0.751295 0.400672 0.035529 0.023412
60 0.753331 0.470445 0.013694 0.023876
85 0.442450 0.709203 0.014434 0.023876
111 0.830496 0.268312 0.022206 0.023876
70 0.046077 0.839244 0.029238 0.023876
268 0.518320 0.825568 0.029978 0.023876
2983 0.599741 0.866365 0.029978 0.023876
70 0.598261 0.589128 0.037380 0.023876
2302 0.128979 0.665624 0.038120 0.023876
1933 0.675241 0.697149 0.040340 0.023876
85 0.829941 0.244089 0.009993 0.024108
87 0.205218 0.667362 0.023316 0.024108
70 0.278868 0.748030 0.023316 0.024108
253 0.831051 0.218127 0.028497 0.024108
1887 0.124167 0.832406 0.032939 0.024108
577 0.357328 0.265879 0.035159 0.024108
126 0.518875 0.668521 0.035529 0.024108
109 0.364175 0.747334 0.035529 0.024108
1193 0.041821 0.366018 0.037010 0.024108
2302 0.283679 0.662494 0.041081 0.024108
1562 0.438194 0.353268 0.041451 0.024108
73 0.757032 0.800649 0.047002 0.024108
119 0.046262 0.898354 0.016284 0.024339
70 0.353997 0.238642 0.018875 0.024339
62 0.044967 0.764835 0.024056 0.024339
1814 0.667839 0.443324 0.031458 0.024339
868 0.047927 0.531409 0.032939 0.024339
691 0.438009 0.636185 0.039600 0.024339
91 0.363249 0.551808 0.042561 0.024339
70 0.830866 0.371697 0.022206 0.024803
70 0.669874 0.508461 0.022206 0.024803
840 0.047002 0.795202 0.032568 0.024803
2590 0.592339 0.308994 0.025537 0.025035
87 0.360844 0.794854 0.029608 0.025035
1174 0.047927 0.675939 0.032939 0.025035
2987 0.600851 0.839128 0.039600 0.025035
901 0.516099 0.729717 0.040340 0.025035
119 0.203923 0.692049 0.016284 0.025267
70 0.596780 0.429648 0.021836 0.025267
350 0.670059 0.266690 0.034419 0.025267
577 0.594930 0.377955 0.038120 0.025267
3032 0.752591 0.186022 0.039600 0.025267
119 0.670429 0.533727 0.018875 0.025730
62 0.284234 0.614627 0.029608 0.025730
121 0.120651 0.238410 0.031088 0.025730
3562 0.363434 0.525151 0.038490 0.025730
1193 0.120466 0.496059 0.030718 0.025962
58 0.836232 0.516458 0.031458 0.025962
1193 0.436528 0.583681 0.033679 0.025962
126 0.833457 0.348401 0.034049 0.025962
840 0.833827 0.631201 0.035529 0.025962
505 0.127683 0.764720 0.035529 0.025962
58 0.598631 0.764604 0.021836 0.026194
577 0.443930 0.804474 0.033679 0.026194
1385 0.355107 0.311196 0.035899 0.026194
368 0.204663 0.742582 0.037010 0.026194
120 0.597335 0.334608 0.038490 0.026194
1833 0.435418 0.460709 0.022576 0.026657
93 0.363990 0.625985 0.024796 0.026657
1796 0.284049 0.828813 0.029978 0.026657
2455 0.834382 0.490380 0.035899 0.026657
1065 0.202443 0.388618 0.038490 0.026657
60 0.123057 0.445294 0.014434 0.026889
83 0.597520 0.636069 0.017395 0.026889
958 0.671910 0.671766 0.027757 0.026889
3231 0.362324 0.840056 0.029608 0.026889
1831 0.598261 0.793463 0.030718 0.026889
577 0.668209 0.338665 0.035159 0.026889
1435 0.440415 0.738062 0.035529 0.026889
971 0.836603 0.581363 0.038120 0.026889
1385 0.596780 0.405192 0.040340 0.026889
119 0.275907 0.292420 0.014434 0.027121
60 0.043116 0.594692 0.015914 0.027121
126 0.208364 0.895573 0.026647 0.027121
1186 0.440044 0.610686 0.037010 0.027121
3136 0.435048 0.325336 0.030718 0.027585
3322 0.756662 0.731919 0.030718 0.027585
1579 0.433013 0.249536 0.031088 0.027585
2958 0.599741 0.893486 0.034419 0.027585
3562 0.202258 0.304706 0.041081 0.027585
1986 0.125648 0.859064 0.031458 0.027816
840 0.044041 0.625406 0.032568 0.027816
3562 0.121207 0.288827 0.035899 0.027816
3562 0.671910 0.615206 0.038860 0.027816
2987 0.278127 0.497682 0.041081 0.027816
813 0.358068 0.212564 0.041821 0.027816
83 0.123797 0.523064 0.014434 0.028048
83 0.512953 0.230297 0.014804 0.028048
119 0.594375 0.456305 0.017765 0.028048
2709 0.277757 0.375174 0.027017 0.028048
3136 0.046447 0.337622 0.029978 0.028048
975 0.439119 0.867524 0.032198 0.028048
1579 0.510918 0.446106 0.037380 0.028048
119 0.281828 0.569657 0.017395 0.028512
85 0.362879 0.717779 0.029978 0.028512
2593 0.671910 0.890241 0.032939 0.028512
3562 0.437269 0.536741 0.036640 0.028512
1502 0.594189 0.211637 0.032198 0.028744
68 0.523131 0.695063 0.008512 0.028975
3231 0.282198 0.689036 0.031458 0.028975
2844 0.670429 0.643834 0.035899 0.028975
3562 0.595300 0.279207 0.041821 0.028975
407 0.671725 0.803083 0.038490 0.029439
813 0.285714 0.721256 0.039970 0.029439
62 0.204663 0.496755 0.025167 0.029671
71 0.132494 0.617524 0.034049 0.029671
4063 0.202998 0.592374 0.033679 0.029903
1986 0.276277 0.426171 0.034419 0.029903
3562 0.831236 0.320468 0.038490 0.029903
3562 0.754256 0.273412 0.041451 0.029903
3562 0.757772 0.648934 0.042561 0.029903
68 0.043301 0.265531 0.007402 0.030366
3136 0.752591 0.370190 0.029238 0.030598
505 0.832902 0.837506 0.029238 0.030598
1186 0.048483 0.393370 0.041451 0.030598
70 0.830126 0.682082 0.019245 0.030830
3500 0.272761 0.215461 0.034049 0.030830
1297 0.669689 0.369147 0.034419 0.030830
3562 0.831791 0.187645 0.040340 0.030830
674 0.203923 0.793347 0.032568 0.031293
1112 0.672095 0.834608 0.029608 0.032221
1778 0.754626 0.240728 0.032568 0.032221
2836 0.362879 0.869726 0.031458 0.032452
1986 0.202998 0.549722 0.032198 0.033148
68 0.594004 0.244669 0.010363 0.033611
68 0.514619 0.299026 0.007772 0.034307
1298 0.753146 0.328465 0.038490 0.034307
4460 0.754441 0.589360 0.031458 0.034539
119 0.127683 0.715461 0.016284 0.035002
70 0.510918 0.523528 0.024796 0.035002
68 0.433198 0.215229 0.009252 0.035930
68 0.044967 0.706653 0.009993 0.035930
47 0.361399 0.681850 0.018135 0.036857
68 0.046262 0.496407 0.005922 0.037784
68 0.281088 0.793811 0.006292 0.042420
68 0.755922 0.470909 0.034419 0.043347
