120 0.164503 0.700229 0.040439 0.029797
92 0.455816 0.409136 0.054918 0.030452
56 0.138293 0.818926 0.022966 0.032744
111 0.155267 0.520465 0.037943 0.038965
91 0.300300 0.346922 0.044433 0.038965
1083 0.617823 0.899640 0.047429 0.040275
88 0.172991 0.242960 0.050424 0.041912
120 0.179481 0.736084 0.039441 0.043222
51 0.630804 0.293713 0.098352 0.045187
1083 0.634548 0.668304 0.043934 0.045842
1083 0.291563 0.293877 0.043934 0.048134
120 0.321518 0.532580 0.043934 0.050098
120 0.495756 0.261460 0.032951 0.050753
118 0.142037 0.859528 0.030454 0.051081
120 0.655017 0.341847 0.033949 0.051081
1083 0.789066 0.312868 0.042436 0.052718
87 0.301548 0.479371 0.080879 0.056320
76 0.287319 0.831369 0.033450 0.058939
120 0.304294 0.890472 0.090364 0.059267
3786 0.784324 0.384741 0.109835 0.059594
71 0.486770 0.547970 0.070894 0.059921
310 0.145032 0.557957 0.089366 0.060249
92 0.644533 0.490341 0.049925 0.063196
85 0.461058 0.881467 0.021468 0.063523
113 0.280829 0.573346 0.051423 0.063523
85 0.450075 0.285855 0.031453 0.065488
126 0.331003 0.737557 0.042936 0.065815
1401 0.274838 0.768173 0.065402 0.066143
1880 0.475786 0.731172 0.039940 0.066798
1834 0.634798 0.424198 0.098352 0.069090
3313 0.779081 0.480026 0.132302 0.072037
1880 0.620819 0.738867 0.091363 0.073674
686 0.146530 0.181729 0.094358 0.074001
60 0.137544 0.382777 0.017474 0.075311
58 0.446331 0.356254 0.064903 0.075311
268 0.296805 0.411100 0.113330 0.075639
102 0.126810 0.754912 0.064903 0.076948
71 0.113580 0.878356 0.066400 0.079568
1416 0.463804 0.477570 0.109835 0.080878
4343 0.137044 0.638507 0.118323 0.081205
51 0.462307 0.193844 0.109835 0.084479
1855 0.136296 0.458579 0.091862 0.084807
3407 0.626061 0.828585 0.061907 0.089391
2108 0.786321 0.582842 0.100849 0.090373
3375 0.452571 0.640472 0.119321 0.091683
1310 0.790814 0.693517 0.102846 0.095612
3375 0.629056 0.200229 0.133799 0.097250
1783 0.129556 0.305992 0.069396 0.097904
3375 0.443335 0.799443 0.093859 0.099214
3407 0.631553 0.577603 0.086870 0.101506
1502 0.310534 0.656680 0.086870 0.101834
3407 0.783824 0.203340 0.095856 0.109365
3407 0.285821 0.207433 0.086370 0.112312
