246 0.617553 0.122001 0.039362 0.006169
246 0.220479 0.149417 0.040957 0.006169
246 0.383511 0.657985 0.043617 0.006169
92 0.065160 0.364462 0.025000 0.011309
57 0.151064 0.156100 0.035106 0.011995
57 0.630851 0.828650 0.024468 0.012337
92 0.228723 0.647704 0.032979 0.012337
92 0.540160 0.734921 0.026064 0.013365
91 0.622606 0.909356 0.030319 0.013365
297 0.305585 0.753084 0.038830 0.013365
57 0.151862 0.355723 0.036702 0.013708
91 0.793617 0.178204 0.018085 0.015079
91 0.462766 0.712474 0.028723 0.015079
287 0.759043 0.178547 0.020213 0.015764
92 0.221809 0.371145 0.027660 0.016450
88 0.617287 0.325394 0.028191 0.016792
72 0.381915 0.609836 0.028723 0.016792
102 0.075000 0.528958 0.043617 0.016792
101 0.385904 0.808944 0.046277 0.016792
88 0.386170 0.711103 0.022340 0.017135
85 0.223138 0.295579 0.026064 0.017478
101 0.463298 0.540267 0.051064 0.017478
88 0.072340 0.717958 0.019149 0.017820
88 0.541755 0.574709 0.019681 0.017820
120 0.540426 0.406100 0.021277 0.017820
285 0.701862 0.868060 0.043085 0.017820
499 0.773670 0.339616 0.045213 0.017820
120 0.701862 0.622515 0.018617 0.018163
52 0.224202 0.801748 0.032447 0.018163
953 0.224202 0.745545 0.038830 0.018163
88 0.464628 0.656614 0.020745 0.018506
721 0.756383 0.158328 0.025532 0.018506
102 0.617021 0.195682 0.053191 0.018506
118 0.703989 0.804832 0.026064 0.018849
93 0.784574 0.732180 0.041489 0.018849
93 0.461702 0.176662 0.047872 0.018849
91 0.302926 0.852981 0.029255 0.019191
52 0.697872 0.498286 0.044681 0.019191
88 0.697606 0.317855 0.022872 0.019534
83 0.697872 0.847670 0.029787 0.019534
88 0.222074 0.128170 0.022872 0.019877
642 0.304787 0.772104 0.034043 0.019877
2595 0.622606 0.811857 0.035638 0.019877
98 0.616755 0.610007 0.039894 0.019877
57 0.159043 0.540439 0.040426 0.019877
642 0.302128 0.602467 0.040426 0.019877
539 0.307713 0.730637 0.043085 0.019877
495 0.070213 0.770391 0.053191 0.019877
56 0.776596 0.716758 0.019149 0.020219
2514 0.792819 0.159870 0.029255 0.020219
82 0.228989 0.820596 0.055851 0.020219
120 0.075266 0.546265 0.028191 0.020562
598 0.145745 0.838245 0.044681 0.020562
72 0.537234 0.350925 0.045745 0.020562
93 0.705319 0.476011 0.045745 0.020562
74 0.543617 0.867546 0.021277 0.020905
91 0.540957 0.887080 0.031915 0.020905
110 0.297606 0.288211 0.028191 0.021247
126 0.700266 0.907814 0.029255 0.021247
1252 0.068351 0.851268 0.039894 0.021247
717 0.304255 0.876628 0.040426 0.021247
98 0.296809 0.542495 0.041489 0.021247
88 0.384574 0.511480 0.020213 0.021590
91 0.223138 0.488520 0.029255 0.021590
91 0.617819 0.412097 0.032447 0.021590
98 0.058245 0.318883 0.035638 0.021590
67 0.709043 0.604352 0.046809 0.021590
553 0.383245 0.736977 0.047340 0.021590
91 0.698670 0.671008 0.032447 0.021933
254 0.147074 0.751199 0.040957 0.021933
55 0.698138 0.125771 0.042021 0.021933
117 0.782979 0.820768 0.017021 0.022618
64 0.779521 0.877313 0.022872 0.022618
126 0.383511 0.907128 0.028723 0.022618
95 0.699468 0.776559 0.035106 0.022618
111 0.223138 0.872001 0.017553 0.022961
120 0.539894 0.660212 0.018085 0.022961
117 0.780851 0.547293 0.018085 0.023304
287 0.146543 0.811857 0.028191 0.023304
77 0.707447 0.546265 0.035106 0.023304
702 0.381915 0.633310 0.039362 0.023304
1251 0.700798 0.891021 0.039894 0.023304
96 0.783511 0.904044 0.042553 0.023304
91 0.299468 0.169123 0.031915 0.023646
124 0.777926 0.628341 0.037766 0.023646
470 0.542819 0.906957 0.045213 0.023646
85 0.461968 0.424606 0.018617 0.023989
64 0.385372 0.857437 0.023936 0.023989
122 0.776862 0.848869 0.033511 0.023989
83 0.294415 0.363948 0.037766 0.023989
82 0.078723 0.626456 0.048936 0.023989
3053 0.386968 0.790096 0.018617 0.024332
111 0.462234 0.486121 0.019149 0.024332
126 0.541223 0.783927 0.029255 0.024332
1424 0.379521 0.190027 0.039894 0.024332
705 0.697074 0.252399 0.044149 0.024332
85 0.300000 0.311172 0.018085 0.024674
111 0.620479 0.685744 0.018617 0.024674
91 0.775000 0.315627 0.026596 0.024674
126 0.305053 0.420836 0.028191 0.024674
107 0.071011 0.604352 0.025000 0.025017
287 0.227394 0.720185 0.037766 0.025017
119 0.069947 0.788897 0.016489 0.025360
111 0.219947 0.208705 0.017553 0.025360
85 0.067021 0.479095 0.019149 0.025360
118 0.701596 0.461275 0.028723 0.025360
126 0.699468 0.694654 0.031915 0.025360
126 0.779521 0.391707 0.033511 0.025360
91 0.067287 0.904729 0.039894 0.025360
121 0.386436 0.884167 0.047340 0.025360
111 0.700266 0.647533 0.019681 0.025703
126 0.062766 0.169465 0.022340 0.025703
66 0.700798 0.434030 0.025000 0.025703
126 0.620213 0.506683 0.026596 0.025703
66 0.227926 0.668095 0.027128 0.025703
126 0.380319 0.249315 0.029787 0.025703
87 0.621277 0.533413 0.037234 0.025703
121 0.460904 0.403530 0.051596 0.025703
88 0.140691 0.213160 0.023936 0.026045
870 0.379255 0.221042 0.035106 0.026045
2223 0.142287 0.333790 0.039894 0.026045
1388 0.541489 0.812543 0.046809 0.026045
4492 0.462766 0.842358 0.047872 0.026045
118 0.229787 0.696881 0.018085 0.026388
92 0.298670 0.233550 0.022872 0.026388
126 0.778191 0.205106 0.029787 0.026388
126 0.460904 0.811343 0.032447 0.026388
1834 0.063298 0.343900 0.042553 0.026388
1365 0.223936 0.515250 0.044681 0.026388
2836 0.540957 0.550548 0.045745 0.026388
691 0.145745 0.458705 0.046809 0.026388
4440 0.070213 0.453564 0.053191 0.026388
85 0.385372 0.372858 0.018617 0.026731
70 0.615957 0.173749 0.021277 0.026731
107 0.700798 0.523646 0.022872 0.026731
83 0.611702 0.270733 0.037234 0.026731
3175 0.380585 0.345442 0.040957 0.026731
1809 0.616755 0.299520 0.043085 0.026731
118 0.452394 0.159870 0.016489 0.027073
126 0.540426 0.199966 0.030851 0.027073
126 0.222606 0.270219 0.031383 0.027073
58 0.538830 0.714702 0.041489 0.027073
4284 0.375532 0.129027 0.045745 0.027073
105 0.707447 0.153016 0.050000 0.027073
2760 0.453723 0.374058 0.050000 0.027073
76 0.700000 0.751885 0.019149 0.027416
119 0.226330 0.317341 0.019681 0.027416
68 0.471277 0.903358 0.025532 0.027416
107 0.779255 0.602467 0.026596 0.027416
1399 0.624202 0.849212 0.052660 0.027416
68 0.620745 0.556717 0.007447 0.027759
3056 0.617021 0.144106 0.043617 0.027759
2204 0.623404 0.751714 0.050000 0.027759
85 0.614362 0.244345 0.014894 0.028101
2363 0.072606 0.743660 0.039894 0.028101
306 0.460904 0.685744 0.046277 0.028101
4440 0.781915 0.127827 0.053191 0.028101
70 0.541755 0.840473 0.018617 0.028444
509 0.380053 0.317512 0.034574 0.028444
54 0.538298 0.491261 0.040426 0.028444
752 0.068883 0.505312 0.042021 0.028444
3022 0.140957 0.274674 0.047872 0.028444
1567 0.306117 0.903530 0.048404 0.028444
903 0.299202 0.393592 0.049468 0.028444
368 0.304787 0.796607 0.050000 0.028444
3053 0.302926 0.517820 0.019681 0.028787
310 0.149202 0.621316 0.038830 0.028787
504 0.536968 0.169294 0.042021 0.028787
981 0.150266 0.719328 0.044149 0.028787
63 0.708777 0.825908 0.048404 0.028787
903 0.377926 0.485949 0.049468 0.028787
316 0.539894 0.760110 0.051064 0.028787
111 0.138298 0.243831 0.019149 0.029130
1759 0.455319 0.343557 0.050000 0.029130
119 0.778723 0.571624 0.015957 0.029472
85 0.542819 0.431460 0.021809 0.029472
2593 0.617819 0.441741 0.037766 0.029472
3757 0.066223 0.238177 0.038830 0.029472
3047 0.148670 0.562371 0.048404 0.029472
1396 0.781117 0.520905 0.050532 0.029472
1685 0.381117 0.540439 0.050532 0.029472
717 0.616223 0.352639 0.053723 0.029472
58 0.141223 0.132111 0.026064 0.029815
2134 0.146011 0.520048 0.043085 0.029815
1887 0.223936 0.462817 0.043617 0.029815
1316 0.303989 0.827793 0.047340 0.029815
1777 0.144415 0.903530 0.048404 0.029815
119 0.388830 0.831734 0.018085 0.030158
87 0.455319 0.129198 0.034043 0.030158
975 0.063564 0.203907 0.040957 0.030158
975 0.070479 0.822824 0.040957 0.030158
1165 0.778191 0.422207 0.042553 0.030158
71 0.231915 0.395134 0.043617 0.030158
1400 0.384043 0.765936 0.046809 0.030158
3053 0.619415 0.585161 0.018617 0.030500
71 0.549202 0.634510 0.043085 0.030500
4055 0.454521 0.203393 0.045213 0.030500
675 0.617553 0.781871 0.045745 0.030500
1803 0.144149 0.870631 0.047872 0.030500
68 0.064894 0.262851 0.008511 0.030843
1296 0.140957 0.305689 0.046809 0.030843
3757 0.700798 0.726182 0.047340 0.030843
1595 0.696809 0.344757 0.048936 0.030843
119 0.068617 0.875771 0.019149 0.031186
1874 0.380851 0.159184 0.029787 0.031186
71 0.471543 0.560144 0.045213 0.031186
448 0.461702 0.872687 0.046809 0.031186
1887 0.776862 0.792495 0.047340 0.031186
68 0.617287 0.214531 0.009043 0.031528
68 0.295745 0.337217 0.015957 0.031528
3053 0.064362 0.294037 0.018085 0.031528
51 0.459574 0.516107 0.029787 0.031528
268 0.069947 0.689856 0.034574 0.031528
4402 0.463032 0.627827 0.039894 0.031528
485 0.541755 0.603153 0.040957 0.031528
1385 0.378723 0.457162 0.041489 0.031528
1385 0.066223 0.389479 0.045213 0.031871
2514 0.074202 0.576594 0.045213 0.031871
977 0.620479 0.883310 0.046277 0.031871
333 0.776596 0.366518 0.046809 0.031871
83 0.776862 0.452707 0.015426 0.032214
85 0.538830 0.686429 0.018085 0.032214
121 0.222872 0.844414 0.032979 0.032214
255 0.143883 0.488691 0.040957 0.032214
368 0.304255 0.631254 0.046809 0.032214
68 0.624468 0.658156 0.008511 0.032557
83 0.377926 0.422036 0.016489 0.032557
268 0.139894 0.180432 0.036170 0.032557
4164 0.068351 0.422721 0.042021 0.032557
392 0.460638 0.594071 0.048936 0.032557
1644 0.697872 0.375428 0.053191 0.032557
3053 0.221809 0.347841 0.018085 0.032899
504 0.462766 0.782385 0.044681 0.032899
1018 0.776064 0.285812 0.047872 0.032899
68 0.696809 0.181460 0.008511 0.033242
68 0.541489 0.519363 0.008511 0.033242
119 0.781915 0.654044 0.013830 0.033242
4311 0.699734 0.575908 0.049468 0.033242
1579 0.304255 0.704421 0.052128 0.033242
296 0.303723 0.570254 0.028723 0.033585
1373 0.148404 0.781014 0.040426 0.033585
3192 0.538564 0.464016 0.040957 0.033585
1587 0.148936 0.591158 0.043617 0.033585
1396 0.216489 0.240918 0.044681 0.033585
68 0.303191 0.488177 0.007447 0.033927
69 0.307447 0.261995 0.031915 0.033927
338 0.462234 0.459390 0.047872 0.033927
83 0.537766 0.269020 0.014894 0.034270
608 0.225000 0.903701 0.036170 0.034270
2152 0.231117 0.583619 0.047340 0.034270
68 0.380319 0.384339 0.028723 0.034613
1984 0.378457 0.283927 0.038830 0.034613
3871 0.775000 0.486806 0.046809 0.034613
1352 0.226862 0.547293 0.032447 0.034955
83 0.456117 0.309630 0.015426 0.035298
650 0.227128 0.774674 0.037234 0.035298
1831 0.148404 0.654729 0.039362 0.035298
4292 0.074468 0.658156 0.042553 0.035298
249 0.150532 0.690370 0.042553 0.035298
1607 0.621809 0.635195 0.051064 0.035298
68 0.699202 0.403016 0.007979 0.035641
3434 0.301596 0.453393 0.040426 0.035641
2780 0.140957 0.384167 0.052128 0.035641
2936 0.302926 0.666038 0.038830 0.035984
1567 0.383245 0.681803 0.051596 0.035984
68 0.458511 0.274503 0.010638 0.036326
4412 0.536170 0.234750 0.050000 0.036326
1316 0.217819 0.176833 0.053723 0.036326
1502 0.618351 0.473955 0.045213 0.037012
3994 0.537500 0.134681 0.047340 0.037012
3405 0.619681 0.718129 0.042553 0.037354
1567 0.618351 0.388794 0.054787 0.037354
83 0.694149 0.214873 0.013830 0.037697
3994 0.300000 0.135024 0.038298 0.037697
4292 0.064096 0.134510 0.039894 0.038040
1584 0.146277 0.424606 0.030851 0.038382
1917 0.538032 0.380055 0.042021 0.038382
2616 0.227660 0.618574 0.043617 0.038382
68 0.779255 0.688657 0.009574 0.038725
2412 0.225532 0.431289 0.043617 0.038725
3994 0.463032 0.742632 0.042021 0.039068
2412 0.779787 0.760110 0.043617 0.039753
1584 0.300000 0.198938 0.029787 0.040096
1132 0.452926 0.240233 0.048404 0.040439
1132 0.380053 0.578821 0.049468 0.041124
847 0.700532 0.285127 0.046809 0.041809
2491 0.775798 0.245374 0.046277 0.044551
1132 0.537234 0.312886 0.042553 0.047978
