128 0.762222 0.342917 0.015111 0.011243
92 0.692667 0.199486 0.025333 0.012849
92 0.895333 0.931256 0.031556 0.012849
92 0.682889 0.539351 0.035111 0.012849
92 0.822667 0.752490 0.027556 0.013171
110 0.379556 0.881144 0.021333 0.013492
64 0.531111 0.786219 0.020444 0.015098
297 0.822667 0.688243 0.040000 0.015098
64 0.690000 0.439447 0.020000 0.015419
57 0.393778 0.254417 0.029333 0.015419
57 0.219778 0.684067 0.028000 0.015740
56 0.902000 0.409894 0.035111 0.016062
92 0.687333 0.366206 0.036000 0.016062
56 0.896889 0.630421 0.038222 0.017025
302 0.376222 0.726148 0.061778 0.017025
52 0.894889 0.731609 0.037778 0.017668
64 0.301111 0.504497 0.017333 0.018310
52 0.909111 0.157404 0.032444 0.018632
120 0.117333 0.927080 0.019556 0.019274
77 0.385778 0.584484 0.029333 0.019595
2150 0.304444 0.221169 0.053333 0.019595
52 0.220444 0.259878 0.045333 0.019916
52 0.296000 0.714745 0.045333 0.019916
248 0.215556 0.562159 0.050667 0.019916
101 0.900889 0.434308 0.049778 0.020559
113 0.134222 0.499197 0.054222 0.020559
126 0.897333 0.606650 0.039111 0.021523
87 0.900222 0.828461 0.036000 0.021844
60 0.675333 0.923065 0.020000 0.022808
89 0.894444 0.687279 0.044000 0.022808
66 0.144444 0.523771 0.020444 0.023450
88 0.822000 0.574366 0.030667 0.023771
126 0.602000 0.837135 0.049333 0.023771
113 0.458667 0.347575 0.058667 0.023771
495 0.896444 0.506264 0.070222 0.023771
126 0.745556 0.803244 0.043111 0.024093
98 0.892000 0.755702 0.044444 0.024093
1837 0.823778 0.849181 0.044889 0.024093
88 0.746889 0.526823 0.022667 0.024414
88 0.765556 0.158368 0.029778 0.024414
70 0.668667 0.899775 0.040444 0.024414
2423 0.835556 0.362994 0.046222 0.024414
52 0.462889 0.319467 0.039556 0.024735
1173 0.304222 0.611789 0.044889 0.024735
98 0.451778 0.264857 0.055556 0.024735
64 0.304889 0.154513 0.016000 0.025056
87 0.306222 0.290395 0.036444 0.025056
85 0.896000 0.712978 0.016000 0.025377
88 0.613333 0.395599 0.025778 0.025377
60 0.744000 0.880983 0.031111 0.025377
87 0.462000 0.614680 0.033333 0.025377
83 0.128222 0.855284 0.039556 0.025377
66 0.535111 0.426438 0.019556 0.026020
55 0.750222 0.669290 0.043556 0.026020
495 0.536444 0.510922 0.072000 0.026020
117 0.536667 0.298426 0.017333 0.026341
58 0.830000 0.298747 0.018222 0.026341
88 0.142444 0.472856 0.031556 0.026341
51 0.531556 0.882429 0.032000 0.026341
87 0.381111 0.666881 0.035111 0.026341
83 0.610222 0.289431 0.043556 0.026341
91 0.378667 0.527144 0.051556 0.026341
117 0.388667 0.191295 0.016444 0.026662
111 0.380889 0.641022 0.020444 0.026662
88 0.377556 0.818342 0.027111 0.026662
51 0.383333 0.457276 0.041333 0.026662
123 0.616444 0.223579 0.014222 0.026984
88 0.677333 0.710247 0.032889 0.026984
91 0.896000 0.530999 0.041778 0.026984
91 0.537333 0.193061 0.049778 0.026984
62 0.116222 0.910215 0.029778 0.027305
702 0.690000 0.225345 0.042222 0.027305
91 0.137111 0.408770 0.052889 0.027305
88 0.216889 0.745904 0.034667 0.027626
2193 0.618667 0.321234 0.048000 0.027626
91 0.602222 0.734019 0.048000 0.027626
58 0.752889 0.458561 0.018667 0.027947
88 0.463333 0.517347 0.026222 0.027947
88 0.828000 0.427722 0.026667 0.027947
70 0.827333 0.628654 0.016444 0.028269
85 0.305111 0.690331 0.016444 0.028269
78 0.533556 0.730485 0.027111 0.028269
60 0.139333 0.603598 0.030667 0.028269
60 0.615111 0.190331 0.018667 0.028590
119 0.464444 0.290556 0.024889 0.028590
980 0.216889 0.624960 0.025778 0.028590
83 0.384000 0.613074 0.041778 0.028590
91 0.903778 0.320430 0.043111 0.028590
109 0.826000 0.599261 0.043111 0.028590
91 0.301111 0.452457 0.054667 0.028590
60 0.686444 0.466110 0.020000 0.028911
87 0.216444 0.412785 0.035556 0.028911
117 0.386889 0.387568 0.023556 0.029232
1341 0.134889 0.798426 0.036889 0.029232
101 0.381111 0.556858 0.038667 0.029232
57 0.465111 0.411179 0.017333 0.029553
51 0.525556 0.657244 0.028000 0.029553
74 0.301778 0.189207 0.040000 0.029553
87 0.609556 0.659814 0.040444 0.029553
3965 0.603111 0.803405 0.040889 0.029553
92 0.605778 0.629778 0.016889 0.029875
111 0.221333 0.380501 0.019556 0.029875
3936 0.821778 0.879698 0.032000 0.029875
95 0.748667 0.773049 0.042222 0.029875
91 0.834222 0.235625 0.043556 0.029875
271 0.690667 0.260360 0.043556 0.029875
119 0.536667 0.330549 0.019111 0.030196
119 0.469111 0.239801 0.018222 0.030517
92 0.602444 0.871667 0.020000 0.030517
60 0.379333 0.695310 0.020889 0.030517
117 0.529556 0.759878 0.021778 0.030517
111 0.906889 0.256826 0.032444 0.030517
87 0.616444 0.160456 0.033778 0.030517
83 0.758667 0.223739 0.034667 0.030517
111 0.133778 0.636203 0.035556 0.030517
111 0.453333 0.582557 0.038222 0.030517
126 0.904667 0.382107 0.041333 0.030517
3024 0.297556 0.773049 0.046667 0.030517
98 0.289333 0.744137 0.056000 0.030517
85 0.386000 0.281722 0.014667 0.030838
118 0.461778 0.441696 0.016889 0.030838
60 0.676889 0.785095 0.022222 0.030838
60 0.385111 0.312881 0.026222 0.030838
111 0.746889 0.555734 0.032444 0.030838
87 0.464889 0.381625 0.035556 0.030838
93 0.461111 0.728076 0.024444 0.031160
3039 0.911111 0.289913 0.042667 0.031160
82 0.912222 0.188243 0.032444 0.031481
84 0.294222 0.418889 0.032889 0.031481
53 0.825111 0.462737 0.017333 0.031802
58 0.687556 0.336492 0.018667 0.031802
98 0.214444 0.288950 0.060000 0.031802
119 0.535111 0.915837 0.027556 0.032123
769 0.903333 0.351751 0.032444 0.032123
627 0.378889 0.750402 0.032444 0.032123
53 0.539111 0.227273 0.014222 0.032445
2555 0.829556 0.396242 0.036889 0.032445
95 0.609556 0.596049 0.044889 0.032445
366 0.459556 0.550916 0.046222 0.032766
96 0.827111 0.661099 0.046222 0.032766
3145 0.754667 0.369419 0.051556 0.032766
85 0.534444 0.848860 0.012000 0.033087
107 0.674889 0.632348 0.015556 0.033087
122 0.297333 0.536299 0.042667 0.033087
126 0.536000 0.584163 0.042667 0.033087
1197 0.225778 0.197077 0.047111 0.033087
60 0.689111 0.295214 0.025333 0.033408
1949 0.823333 0.911018 0.048444 0.033408
62 0.896667 0.654835 0.020889 0.033730
84 0.456000 0.864921 0.033778 0.033730
2750 0.831556 0.268069 0.040889 0.033730
509 0.218667 0.711211 0.037333 0.034051
981 0.220667 0.656601 0.054667 0.034051
1880 0.135556 0.884195 0.025778 0.034372
119 0.749556 0.913749 0.026222 0.034372
120 0.678000 0.604722 0.036000 0.034372
126 0.832222 0.329425 0.039556 0.034372
62 0.618000 0.263412 0.030667 0.034693
85 0.228222 0.232091 0.016444 0.035014
3726 0.897111 0.573884 0.044000 0.035014
1547 0.542222 0.160135 0.053333 0.035014
107 0.762222 0.309348 0.017778 0.035336
4260 0.144222 0.442017 0.044889 0.035336
3320 0.220667 0.595728 0.032444 0.035657
4375 0.750444 0.635561 0.038667 0.035657
3945 0.826000 0.780758 0.040444 0.035657
2709 0.303778 0.254096 0.037778 0.035978
111 0.455556 0.908448 0.038222 0.035978
60 0.217778 0.446354 0.025778 0.036299
122 0.822000 0.542403 0.044000 0.036299
87 0.465778 0.205589 0.032000 0.036621
3136 0.380000 0.908127 0.035556 0.036621
61 0.680667 0.565692 0.038667 0.036621
68 0.140667 0.837135 0.004889 0.037263
78 0.538000 0.263412 0.031556 0.037263
1270 0.817333 0.724382 0.040000 0.037263
4346 0.600667 0.769194 0.033333 0.037584
577 0.675556 0.824767 0.034667 0.037584
3703 0.530889 0.548827 0.041333 0.037584
121 0.906889 0.216511 0.021778 0.037906
121 0.457333 0.690331 0.024889 0.037906
1354 0.528889 0.621587 0.032889 0.037906
1396 0.822444 0.815291 0.033333 0.037906
58 0.384000 0.224863 0.034667 0.037906
83 0.296222 0.911340 0.043111 0.037906
126 0.538000 0.398972 0.044000 0.037906
1699 0.221333 0.159653 0.054222 0.037906
4166 0.899111 0.467074 0.067556 0.037906
62 0.680667 0.674109 0.027111 0.038227
1112 0.379111 0.791038 0.043556 0.038227
4440 0.144222 0.722294 0.047556 0.038227
3114 0.841111 0.202859 0.054667 0.038227
60 0.463111 0.159653 0.021333 0.038548
4528 0.680000 0.745904 0.026667 0.038548
1111 0.378222 0.853518 0.046222 0.038548
287 0.373778 0.351108 0.056000 0.038548
63 0.534889 0.695631 0.035111 0.038869
58 0.214222 0.908930 0.039111 0.038869
4427 0.688000 0.168487 0.045333 0.038869
3735 0.388667 0.160456 0.052889 0.038869
83 0.609111 0.427562 0.027111 0.039190
3089 0.146222 0.214263 0.055111 0.039190
1831 0.753333 0.595085 0.033778 0.039512
1797 0.216222 0.785577 0.038667 0.039512
122 0.747556 0.738034 0.039111 0.039512
3051 0.608444 0.472053 0.046222 0.039512
1281 0.894889 0.906842 0.024444 0.039833
58 0.601333 0.909894 0.021333 0.040154
1584 0.536000 0.361548 0.029333 0.040154
3936 0.607778 0.555573 0.031556 0.040154
1799 0.219556 0.530838 0.032000 0.040154
3080 0.606222 0.698201 0.049778 0.040154
4532 0.668667 0.865724 0.046667 0.040475
2292 0.610000 0.512528 0.044889 0.040797
322 0.839778 0.163829 0.063556 0.041118
316 0.302667 0.480887 0.065778 0.041118
68 0.387556 0.422904 0.008000 0.041439
1778 0.144222 0.254738 0.038667 0.041760
929 0.748000 0.839062 0.040889 0.041760
121 0.303556 0.326534 0.023111 0.042082
505 0.459333 0.769676 0.030667 0.042403
4166 0.300222 0.652425 0.069778 0.042403
62 0.461111 0.648410 0.041333 0.042724
971 0.466222 0.477674 0.036444 0.043045
1354 0.133111 0.764696 0.044000 0.043367
3741 0.224889 0.491648 0.053333 0.043367
68 0.768444 0.197077 0.005333 0.044009
68 0.893556 0.863636 0.005778 0.044009
1354 0.609333 0.359621 0.039111 0.044009
1200 0.142667 0.677642 0.044444 0.044009
68 0.750444 0.696434 0.006667 0.044330
4532 0.682889 0.508191 0.046667 0.044330
68 0.383556 0.491809 0.005333 0.045615
68 0.536000 0.472213 0.007111 0.045615
505 0.762222 0.265500 0.030222 0.045936
68 0.299111 0.859300 0.007111 0.046258
1912 0.296889 0.809830 0.032889 0.046258
940 0.684000 0.404915 0.052444 0.046579
268 0.456222 0.820270 0.044000 0.047221
2468 0.302222 0.376486 0.038222 0.047543
68 0.824889 0.500964 0.008000 0.048506
68 0.299778 0.570029 0.009333 0.048506
47 0.540000 0.808224 0.030222 0.048827
296 0.893556 0.790235 0.031556 0.048827
998 0.137111 0.365724 0.043111 0.049149
3500 0.143778 0.165114 0.043111 0.050112
68 0.141778 0.561837 0.007111 0.050755
68 0.758889 0.413428 0.005778 0.053967
68 0.139556 0.308384 0.007111 0.055895
296 0.220444 0.331513 0.038222 0.062319
68 0.215111 0.842917 0.007111 0.071956
