92 0.576271 0.410227 0.025763 0.008636
92 0.364237 0.263977 0.028814 0.010682
92 0.020678 0.519318 0.027797 0.012727
52 0.291864 0.761023 0.046102 0.015227
56 0.366949 0.888864 0.014576 0.015909
56 0.575932 0.686023 0.011525 0.016591
56 0.087627 0.865341 0.014576 0.016591
418 0.020169 0.268977 0.023390 0.017500
81 0.083559 0.906023 0.045085 0.017955
64 0.019661 0.377841 0.015593 0.018409
55 0.782881 0.695909 0.032881 0.018636
101 0.221017 0.799205 0.053559 0.018864
92 0.719831 0.269773 0.022034 0.019091
56 0.718644 0.456477 0.016949 0.019318
57 0.726441 0.346477 0.028475 0.019773
495 0.225932 0.448068 0.066102 0.020227
101 0.578475 0.385568 0.057966 0.020682
110 0.295085 0.268523 0.030847 0.021136
118 0.022712 0.833295 0.010847 0.021591
128 0.231356 0.346136 0.007797 0.021818
81 0.082034 0.845909 0.037288 0.021818
117 0.652373 0.773295 0.018644 0.022045
119 0.091356 0.926364 0.016610 0.022273
56 0.223220 0.603523 0.015254 0.022500
107 0.083729 0.885341 0.016271 0.022955
56 0.018305 0.743636 0.016271 0.024091
85 0.785932 0.543182 0.021356 0.024545
92 0.361356 0.835909 0.027797 0.024545
101 0.507119 0.303523 0.056271 0.024773
110 0.441864 0.516136 0.035593 0.025000
56 0.362881 0.612386 0.015254 0.025682
495 0.292203 0.606591 0.069153 0.025909
107 0.784746 0.839432 0.014237 0.026136
108 0.296102 0.577273 0.015254 0.026364
95 0.441186 0.200909 0.041017 0.026364
53 0.355763 0.719205 0.013898 0.026591
300 0.224407 0.884205 0.023729 0.026591
84 0.441356 0.236023 0.049492 0.026591
126 0.229831 0.855568 0.050847 0.026591
113 0.020508 0.861818 0.041017 0.026818
72 0.356102 0.861818 0.042373 0.026818
68 0.017119 0.806932 0.033559 0.027045
251 0.435254 0.697045 0.030508 0.027273
327 0.650169 0.598636 0.043390 0.027273
115 0.085593 0.443523 0.051186 0.027500
60 0.362373 0.463977 0.027119 0.027955
58 0.020000 0.895682 0.023051 0.028182
57 0.233729 0.380909 0.033559 0.028182
287 0.028644 0.353409 0.034237 0.028182
123 0.368644 0.911250 0.022712 0.028409
60 0.292203 0.863295 0.031864 0.028409
87 0.649153 0.250795 0.035254 0.028409
87 0.792712 0.359091 0.039661 0.028636
418 0.787797 0.906250 0.012881 0.028864
110 0.087458 0.603295 0.024407 0.028864
58 0.085254 0.283750 0.030169 0.028864
123 0.019661 0.770455 0.020339 0.029091
83 0.218136 0.731023 0.032881 0.029318
287 0.241695 0.917386 0.055593 0.029318
418 0.220678 0.823864 0.015593 0.030000
122 0.435932 0.843409 0.038644 0.030000
418 0.016610 0.708750 0.014915 0.030227
88 0.440847 0.776932 0.020000 0.030227
418 0.653220 0.706477 0.035932 0.030227
111 0.024915 0.448409 0.015254 0.030909
287 0.165932 0.472500 0.041695 0.030909
113 0.082712 0.245000 0.048814 0.030909
91 0.649153 0.476591 0.048814 0.030909
87 0.655085 0.445227 0.036949 0.031364
58 0.297458 0.504886 0.024746 0.031591
87 0.578305 0.533750 0.036610 0.031591
118 0.579492 0.710568 0.015254 0.032045
111 0.157966 0.316250 0.018983 0.032045
51 0.085424 0.413523 0.037966 0.032045
127 0.219831 0.666250 0.038983 0.032045
126 0.795593 0.275114 0.041356 0.032045
51 0.786949 0.810114 0.044407 0.032045
91 0.081695 0.731023 0.050847 0.032045
66 0.227797 0.318864 0.039322 0.032273
51 0.509831 0.274091 0.042034 0.032273
55 0.439661 0.812045 0.044068 0.032273
264 0.360169 0.537841 0.040339 0.032500
91 0.782712 0.665909 0.043390 0.032727
104 0.438983 0.626023 0.048136 0.032955
113 0.300169 0.371477 0.055932 0.032955
119 0.788644 0.440455 0.019322 0.033182
76 0.653220 0.630568 0.018305 0.033409
60 0.079492 0.815114 0.020000 0.033409
58 0.368983 0.338068 0.021356 0.033409
58 0.571017 0.315114 0.043051 0.033409
117 0.296271 0.296136 0.012881 0.033636
87 0.436610 0.308864 0.027797 0.033636
4574 0.575763 0.496591 0.052542 0.033636
83 0.780000 0.474205 0.037966 0.033864
91 0.082881 0.634886 0.044407 0.033864
70 0.646271 0.326818 0.033559 0.034091
126 0.579153 0.651932 0.049831 0.034318
91 0.294407 0.731932 0.061356 0.034318
4637 0.084576 0.320227 0.045085 0.034545
70 0.436780 0.388636 0.045085 0.034545
58 0.718305 0.422841 0.027797 0.034773
91 0.291695 0.831023 0.045085 0.035227
111 0.298475 0.787841 0.022034 0.035682
83 0.014407 0.634432 0.028814 0.035682
83 0.644237 0.668068 0.038983 0.035682
126 0.442542 0.659432 0.049831 0.036136
60 0.780169 0.775682 0.022034 0.036364
104 0.579661 0.811136 0.035254 0.036364
51 0.436102 0.485227 0.038305 0.036364
51 0.082881 0.570455 0.038983 0.036364
51 0.783898 0.512500 0.041695 0.036364
67 0.298305 0.544091 0.047458 0.036364
104 0.084237 0.696364 0.036949 0.036818
370 0.020169 0.673636 0.039661 0.036818
53 0.081864 0.658068 0.016610 0.037045
113 0.156102 0.396477 0.053220 0.037045
58 0.018644 0.591136 0.018983 0.037273
2677 0.157797 0.357045 0.030847 0.037273
70 0.569661 0.612500 0.030847 0.037273
113 0.578475 0.207273 0.043051 0.037273
119 0.788305 0.871477 0.018644 0.037500
51 0.576441 0.356250 0.042373 0.037500
83 0.646780 0.740682 0.022373 0.037727
104 0.223898 0.573182 0.039661 0.037727
58 0.155254 0.437841 0.022373 0.037955
58 0.228305 0.414205 0.040339 0.037955
81 0.359492 0.430795 0.041017 0.037955
126 0.230678 0.276705 0.043051 0.038409
107 0.580678 0.245455 0.016949 0.038636
104 0.783898 0.737841 0.038305 0.038864
117 0.717458 0.380000 0.016610 0.039091
53 0.435932 0.589773 0.018305 0.039091
287 0.723559 0.575455 0.028814 0.039091
58 0.297797 0.904545 0.030169 0.039091
99 0.576271 0.284091 0.069831 0.039091
3984 0.432034 0.911932 0.035593 0.039318
51 0.222542 0.769886 0.039661 0.039318
91 0.353390 0.579432 0.058644 0.039773
63 0.226441 0.630000 0.038644 0.040000
4135 0.223898 0.491591 0.049153 0.040000
123 0.356441 0.645568 0.013898 0.040227
70 0.018983 0.552159 0.029153 0.040227
2685 0.085593 0.206477 0.039661 0.040227
98 0.645424 0.409091 0.055593 0.040455
91 0.436610 0.549432 0.045424 0.041136
119 0.438983 0.270227 0.019661 0.041364
3984 0.020678 0.484773 0.024407 0.041364
119 0.295593 0.333977 0.016949 0.041591
119 0.362712 0.499091 0.017627 0.041818
76 0.292881 0.644545 0.027797 0.041818
1933 0.438814 0.740682 0.049831 0.041818
83 0.080169 0.527614 0.027458 0.042045
68 0.231017 0.532955 0.013220 0.042273
83 0.291186 0.461818 0.028475 0.042273
70 0.362034 0.300000 0.031864 0.042273
2685 0.156610 0.278864 0.037966 0.042273
60 0.647966 0.553523 0.022712 0.042500
63 0.723051 0.485114 0.048814 0.042500
78 0.360508 0.754545 0.028814 0.042727
58 0.297966 0.413295 0.028475 0.042955
68 0.446780 0.881136 0.008136 0.043182
121 0.019153 0.411023 0.030169 0.043409
70 0.789322 0.627614 0.032203 0.043409
107 0.651525 0.287727 0.017627 0.043636
107 0.435085 0.349205 0.021356 0.043864
107 0.574068 0.571705 0.022712 0.043864
51 0.360339 0.798182 0.040678 0.044091
127 0.725593 0.528636 0.055254 0.044091
53 0.292034 0.692386 0.013898 0.044318
88 0.785424 0.580568 0.041356 0.044318
111 0.789153 0.401250 0.015593 0.044773
89 0.719492 0.305455 0.047797 0.045455
68 0.231186 0.705568 0.006780 0.045682
4621 0.648644 0.212045 0.055254 0.046364
126 0.361186 0.689318 0.047119 0.046818
108 0.787288 0.321023 0.052542 0.047045
88 0.088136 0.482386 0.010169 0.047955
83 0.356441 0.380682 0.035593 0.051364
287 0.500678 0.476818 0.040000 0.053182
68 0.579492 0.755682 0.007797 0.057727
296 0.022203 0.308068 0.018644 0.060227
2598 0.509322 0.347045 0.015932 0.060909
296 0.503220 0.417045 0.025424 0.065909
