246 0.753045 0.399223 0.031008 0.005739
101 0.816999 0.563808 0.038206 0.011479
101 0.706811 0.709487 0.038206 0.012492
60 0.093300 0.339635 0.030454 0.012829
81 0.812569 0.798278 0.032669 0.013842
81 0.815891 0.606853 0.029347 0.014517
101 0.532669 0.810601 0.049834 0.015530
60 0.408084 0.467589 0.026578 0.016880
52 0.811185 0.750000 0.029900 0.017218
146 0.427464 0.517893 0.028793 0.017556
92 0.855205 0.401756 0.033776 0.017556
56 0.761074 0.656820 0.019380 0.017893
60 0.622924 0.517893 0.033223 0.018231
91 0.861019 0.650574 0.036545 0.018231
128 0.755814 0.498143 0.014396 0.018569
101 0.759413 0.879642 0.044850 0.019244
91 0.854651 0.768400 0.039313 0.019581
188 0.642580 0.573261 0.042636 0.019581
113 0.709302 0.546084 0.039867 0.019919
495 0.758029 0.772282 0.039867 0.019919
113 0.429125 0.364450 0.040975 0.019919
81 0.384275 0.338285 0.032115 0.020257
52 0.755814 0.455773 0.037652 0.020257
98 0.431617 0.312120 0.033776 0.020594
60 0.288760 0.846050 0.039313 0.020932
118 0.411406 0.486664 0.027685 0.021269
81 0.709856 0.622721 0.031008 0.021269
113 0.753599 0.320223 0.040975 0.021269
56 0.709302 0.389095 0.015504 0.021945
88 0.709856 0.522113 0.026578 0.021945
101 0.307586 0.805368 0.058140 0.021945
56 0.705980 0.256077 0.022148 0.022620
88 0.751661 0.297941 0.035991 0.022620
57 0.103267 0.778359 0.037099 0.022620
82 0.758029 0.477549 0.037652 0.022620
118 0.095238 0.357529 0.027685 0.022957
88 0.385105 0.284099 0.040421 0.023295
120 0.710410 0.563471 0.017719 0.023633
56 0.414729 0.740378 0.025471 0.023633
64 0.698228 0.166104 0.027685 0.023633
132 0.421650 0.211681 0.030454 0.023633
88 0.760520 0.746117 0.030454 0.023633
52 0.810908 0.446995 0.033776 0.023633
64 0.856866 0.708474 0.023810 0.023970
91 0.857697 0.595712 0.037652 0.023970
120 0.750831 0.340986 0.022148 0.024308
66 0.811462 0.473329 0.029347 0.024308
118 0.626800 0.539163 0.029900 0.024308
91 0.753599 0.857698 0.038760 0.024646
101 0.413068 0.646016 0.054264 0.024646
60 0.381783 0.421675 0.016058 0.024983
78 0.812292 0.422687 0.032115 0.024983
81 0.521041 0.542539 0.050941 0.024983
88 0.858527 0.506583 0.017165 0.025321
62 0.712625 0.413065 0.029900 0.025321
1810 0.862126 0.624072 0.031008 0.025321
85 0.709856 0.466070 0.015504 0.025996
57 0.308693 0.521101 0.039313 0.025996
113 0.854928 0.472822 0.039867 0.025996
119 0.713732 0.492910 0.021041 0.026334
111 0.711794 0.766374 0.023810 0.026334
83 0.708195 0.313133 0.022148 0.026671
111 0.813123 0.773633 0.023810 0.026671
87 0.763012 0.631161 0.040975 0.026671
52 0.415836 0.679777 0.044297 0.026671
52 0.523256 0.568366 0.046512 0.026671
113 0.093577 0.705773 0.055371 0.026671
166 0.430509 0.283592 0.018272 0.027009
64 0.755260 0.560095 0.032115 0.027009
126 0.710133 0.365800 0.040421 0.027346
76 0.381783 0.314315 0.023810 0.027684
110 0.415282 0.619851 0.039867 0.027684
83 0.381506 0.368163 0.025471 0.028022
83 0.812846 0.873228 0.025471 0.028022
84 0.760797 0.679102 0.028793 0.028022
120 0.814230 0.817691 0.020487 0.028359
115 0.387320 0.395003 0.029347 0.028359
192 0.636213 0.217758 0.037652 0.028359
68 0.857973 0.679608 0.038206 0.028359
88 0.199336 0.798785 0.049834 0.028359
68 0.815061 0.846219 0.011074 0.028697
68 0.428295 0.340142 0.011628 0.028697
60 0.509136 0.259453 0.035991 0.028697
1871 0.812292 0.583896 0.038760 0.028697
683 0.710687 0.594193 0.034884 0.029034
4162 0.199059 0.672181 0.035991 0.029034
127 0.530731 0.780216 0.043743 0.029034
83 0.711240 0.440074 0.027132 0.029372
179 0.108527 0.394835 0.036545 0.029372
55 0.415006 0.586259 0.054817 0.029372
85 0.748339 0.235314 0.018272 0.029710
107 0.813123 0.726536 0.021595 0.029710
85 0.305648 0.707292 0.026578 0.029710
83 0.812016 0.662053 0.027132 0.029710
118 0.709579 0.282242 0.029347 0.029710
168 0.187984 0.623228 0.029347 0.029710
51 0.713178 0.800473 0.036545 0.029710
366 0.813400 0.692775 0.038760 0.029710
126 0.748616 0.167454 0.039867 0.029710
85 0.809801 0.393147 0.021595 0.030047
78 0.700720 0.192944 0.031561 0.030047
300 0.856589 0.376266 0.034330 0.030047
1871 0.709302 0.734470 0.035437 0.030047
166 0.860188 0.339298 0.017165 0.030385
111 0.758583 0.830182 0.021041 0.030385
58 0.813677 0.500675 0.035991 0.030385
81 0.413621 0.708305 0.048726 0.030385
83 0.854651 0.534605 0.032669 0.030722
108 0.857420 0.735820 0.041528 0.030722
68 0.517996 0.473329 0.022702 0.031060
132 0.101606 0.299797 0.028239 0.031060
62 0.709579 0.648886 0.032669 0.031060
62 0.815891 0.629642 0.034884 0.031060
499 0.301772 0.285280 0.055371 0.031060
127 0.628184 0.333558 0.061462 0.031060
126 0.527132 0.875928 0.059801 0.031398
88 0.524917 0.635381 0.038760 0.031735
127 0.512458 0.290513 0.048173 0.032073
76 0.757752 0.796759 0.026024 0.032411
4727 0.623200 0.174544 0.039313 0.032411
366 0.866002 0.870020 0.043189 0.032411
126 0.632890 0.752194 0.052049 0.032411
113 0.631783 0.783930 0.054264 0.032411
119 0.750000 0.266543 0.022702 0.032748
132 0.216501 0.593349 0.027685 0.032748
121 0.090808 0.518062 0.049834 0.032748
127 0.518272 0.366138 0.050941 0.032748
88 0.196567 0.446489 0.056478 0.032748
62 0.308416 0.777853 0.024363 0.033086
111 0.633721 0.718433 0.033776 0.033086
66 0.195183 0.556043 0.035991 0.033086
132 0.623200 0.602633 0.035991 0.033086
84 0.092193 0.550979 0.044850 0.033086
119 0.715670 0.832039 0.021595 0.033423
126 0.858527 0.834402 0.039313 0.033423
2151 0.303987 0.551823 0.056478 0.033423
118 0.705426 0.224848 0.016611 0.033761
117 0.757475 0.529710 0.019934 0.033761
53 0.425526 0.391290 0.023810 0.033761
74 0.861019 0.566847 0.026578 0.033761
1891 0.709579 0.679608 0.031561 0.033761
4727 0.402270 0.171168 0.034884 0.033761
2489 0.860742 0.800810 0.044850 0.033761
107 0.197951 0.833052 0.029347 0.034099
113 0.825305 0.170662 0.061462 0.034099
74 0.516888 0.440581 0.032669 0.034436
2151 0.527685 0.672519 0.056478 0.034436
107 0.750554 0.428258 0.023810 0.034774
123 0.299557 0.405300 0.029900 0.034774
127 0.185216 0.212525 0.048173 0.034774
109 0.310631 0.586935 0.055371 0.034774
127 0.302602 0.874240 0.084718 0.034774
127 0.707364 0.334909 0.031561 0.035111
86 0.641196 0.684335 0.038760 0.035111
126 0.302602 0.369007 0.049280 0.035111
79 0.421096 0.773126 0.049280 0.035111
127 0.197121 0.519244 0.057586 0.035111
85 0.750554 0.372215 0.016058 0.035449
108 0.185216 0.324949 0.026024 0.035449
83 0.305094 0.833727 0.038760 0.035449
68 0.621816 0.366307 0.012182 0.035787
135 0.089424 0.432816 0.031561 0.035787
84 0.524917 0.600608 0.037652 0.035787
86 0.537652 0.706617 0.042082 0.035787
118 0.623477 0.438893 0.045404 0.035787
68 0.184109 0.246286 0.016058 0.036124
76 0.614618 0.402262 0.035437 0.036124
3032 0.812292 0.538994 0.045404 0.036124
58 0.746678 0.200203 0.027132 0.036462
83 0.291251 0.168805 0.036545 0.036462
81 0.309801 0.740378 0.052602 0.036462
78 0.304817 0.482613 0.040421 0.036799
85 0.091639 0.670493 0.021595 0.037137
81 0.627630 0.818872 0.054817 0.037475
113 0.825305 0.256077 0.055925 0.037475
68 0.193522 0.482782 0.055925 0.037812
118 0.098560 0.738184 0.037652 0.038150
85 0.197121 0.717252 0.027685 0.038825
76 0.291528 0.247974 0.043743 0.038825
81 0.302049 0.442100 0.049280 0.038825
87 0.188538 0.283930 0.049280 0.039163
87 0.832503 0.301823 0.050388 0.039163
53 0.621262 0.476536 0.029900 0.039500
135 0.614341 0.249325 0.031561 0.039500
2191 0.759967 0.713369 0.031561 0.039838
2542 0.100498 0.627954 0.049280 0.039838
135 0.399779 0.547772 0.025471 0.040176
83 0.516611 0.508947 0.039867 0.040176
58 0.296788 0.208305 0.037652 0.040513
51 0.092746 0.212019 0.048173 0.040513
63 0.207641 0.870358 0.055371 0.040513
83 0.508583 0.223666 0.039313 0.040851
55 0.097453 0.819210 0.053156 0.040851
119 0.829734 0.216745 0.037099 0.041188
72 0.182724 0.363268 0.050941 0.041188
83 0.089701 0.172350 0.034330 0.041526
96 0.532946 0.745273 0.059247 0.041526
60 0.307309 0.626604 0.021041 0.041864
59 0.192691 0.404794 0.042082 0.041864
47 0.426357 0.423531 0.027685 0.042201
111 0.094131 0.582714 0.033223 0.042539
90 0.621816 0.296759 0.064230 0.042539
134 0.390919 0.244261 0.017719 0.042876
53 0.415836 0.811783 0.024363 0.042876
85 0.305648 0.665598 0.025471 0.042876
78 0.099391 0.859554 0.043743 0.043214
87 0.188815 0.173363 0.047619 0.043552
1083 0.634551 0.643653 0.050941 0.043552
68 0.517442 0.398042 0.011628 0.044564
87 0.516611 0.327144 0.040975 0.044564
74 0.091085 0.479237 0.032669 0.044902
47 0.808416 0.348076 0.022148 0.045240
2193 0.530177 0.837272 0.043743 0.045915
707 0.855205 0.435010 0.042636 0.046253
53 0.193245 0.760466 0.023256 0.047603
70 0.758306 0.597400 0.031561 0.047603
118 0.095515 0.256246 0.039313 0.048616
2727 0.414729 0.860230 0.049834 0.048616
83 0.628184 0.864281 0.028239 0.049966
3735 0.510244 0.178089 0.045958 0.050304
250 0.305371 0.326131 0.052602 0.050641
