209 0.507897 0.483143 0.011846 0.009031
209 0.067374 0.335641 0.009378 0.009633
209 0.064413 0.527243 0.012340 0.009934
209 0.504195 0.304485 0.006417 0.011138
92 0.276900 0.908338 0.037512 0.012944
162 0.288006 0.568483 0.021224 0.014750
162 0.619447 0.435280 0.020731 0.015653
162 0.619200 0.864238 0.024186 0.016857
64 0.599457 0.878387 0.037019 0.016857
57 0.501728 0.209362 0.041955 0.017158
56 0.387216 0.880193 0.020237 0.017459
52 0.497038 0.855208 0.046397 0.017459
101 0.500247 0.581276 0.054788 0.017459
132 0.065400 0.235551 0.019250 0.018362
24 0.051826 0.668122 0.030602 0.018362
52 0.604640 0.762643 0.044423 0.018362
162 0.397828 0.157134 0.020731 0.018663
29 0.498026 0.606111 0.032577 0.019567
57 0.282083 0.390578 0.035044 0.019567
132 0.285044 0.707706 0.019250 0.019868
132 0.173001 0.271523 0.020237 0.019868
132 0.507897 0.291090 0.024679 0.019868
57 0.501728 0.831427 0.038006 0.019868
132 0.839832 0.285822 0.020237 0.020169
120 0.829220 0.901716 0.026654 0.020169
57 0.836871 0.881547 0.038006 0.020169
113 0.161895 0.715382 0.055281 0.020169
132 0.508144 0.695364 0.021224 0.020470
57 0.283070 0.185129 0.035044 0.020470
56 0.389931 0.382149 0.020731 0.020771
60 0.494817 0.874323 0.045903 0.020771
132 0.504936 0.184527 0.019743 0.021072
57 0.503702 0.378688 0.039980 0.021072
113 0.828727 0.840157 0.045410 0.021072
57 0.169793 0.295154 0.036525 0.021373
132 0.172507 0.576159 0.023198 0.021674
57 0.171520 0.607164 0.039980 0.021674
57 0.062685 0.399609 0.035538 0.021975
84 0.831688 0.128989 0.053307 0.021975
68 0.389931 0.403672 0.009872 0.022276
204 0.066634 0.319687 0.021718 0.022276
72 0.494324 0.506924 0.046890 0.022276
132 0.397335 0.451084 0.022705 0.022577
56 0.828233 0.587748 0.028628 0.022577
76 0.604886 0.783113 0.038006 0.022577
57 0.065153 0.158188 0.038500 0.022577
81 0.825025 0.335190 0.043929 0.022577
57 0.829961 0.312613 0.069595 0.022577
68 0.387957 0.833835 0.010859 0.022878
56 0.717670 0.875075 0.022705 0.022878
118 0.389931 0.900361 0.022705 0.022878
64 0.271964 0.595424 0.034551 0.022878
101 0.167325 0.693408 0.046397 0.023179
101 0.828973 0.194010 0.056762 0.023179
57 0.614265 0.261288 0.044916 0.023480
126 0.713475 0.565924 0.054788 0.023480
126 0.717670 0.259482 0.058243 0.023480
60 0.279615 0.888170 0.015301 0.023781
88 0.159921 0.765954 0.034551 0.023781
57 0.282823 0.735852 0.041461 0.023781
81 0.163129 0.317730 0.042942 0.023781
204 0.063672 0.510235 0.020731 0.024082
132 0.617226 0.586093 0.024186 0.024082
95 0.715449 0.596026 0.051826 0.024082
102 0.163870 0.504816 0.057256 0.024082
132 0.062438 0.790337 0.028134 0.024383
76 0.492349 0.436334 0.033070 0.024383
53 0.164116 0.194461 0.019250 0.024684
57 0.061698 0.262492 0.028628 0.024684
83 0.711500 0.759482 0.037019 0.024684
57 0.277394 0.828417 0.040474 0.024684
113 0.828973 0.256472 0.050839 0.024684
127 0.495064 0.230283 0.051333 0.024684
70 0.602912 0.899308 0.035044 0.024985
57 0.394867 0.476972 0.037512 0.024985
132 0.729269 0.390728 0.017275 0.025286
119 0.173495 0.529500 0.021224 0.025286
52 0.826012 0.429259 0.043929 0.025286
53 0.385735 0.298465 0.018263 0.025587
132 0.837611 0.857766 0.031589 0.025587
121 0.276407 0.760536 0.064166 0.025587
118 0.500247 0.897652 0.028134 0.025888
111 0.607601 0.370259 0.029615 0.025888
57 0.503949 0.720650 0.033564 0.025888
83 0.158193 0.342565 0.037019 0.025888
57 0.614511 0.611078 0.037512 0.025888
83 0.380059 0.531607 0.038500 0.025888
113 0.160908 0.555087 0.048371 0.025888
126 0.160908 0.169175 0.050346 0.025888
55 0.607108 0.193257 0.052320 0.025888
204 0.505923 0.464028 0.023692 0.026189
57 0.730257 0.413757 0.033070 0.026189
113 0.492349 0.162703 0.050839 0.026189
118 0.718657 0.899759 0.030602 0.026490
60 0.605627 0.807797 0.024679 0.026791
81 0.498272 0.531457 0.036032 0.026791
84 0.609329 0.160897 0.045903 0.026791
113 0.609329 0.560054 0.047878 0.026791
55 0.383268 0.589253 0.060711 0.026791
111 0.387463 0.558098 0.030602 0.027092
81 0.715202 0.733594 0.039487 0.027092
553 0.494817 0.410596 0.062685 0.027092
119 0.611550 0.532962 0.025666 0.027393
132 0.392152 0.647652 0.026160 0.027393
89 0.384501 0.358067 0.045410 0.027393
113 0.498519 0.673540 0.052320 0.027393
113 0.159674 0.249097 0.061698 0.027393
121 0.500247 0.747291 0.063672 0.027393
76 0.384008 0.857616 0.038500 0.027694
53 0.611303 0.667219 0.017275 0.027995
53 0.713722 0.849639 0.020731 0.027995
69 0.065647 0.739464 0.031589 0.027995
83 0.826752 0.766857 0.040474 0.027995
2193 0.167325 0.130494 0.059230 0.027995
53 0.276654 0.129440 0.016288 0.028296
68 0.056515 0.183624 0.016288 0.028296
683 0.614265 0.734196 0.045903 0.028296
978 0.053554 0.554184 0.046890 0.028296
89 0.162389 0.403974 0.048371 0.028296
113 0.270237 0.691150 0.051826 0.028296
121 0.611303 0.638170 0.066634 0.028296
53 0.163623 0.739765 0.017275 0.028597
76 0.052320 0.479079 0.027641 0.028597
58 0.051333 0.430915 0.029615 0.028597
81 0.825518 0.456201 0.040967 0.028597
110 0.165350 0.221102 0.042448 0.028597
90 0.495064 0.558248 0.047384 0.028597
88 0.827739 0.562161 0.049358 0.028597
113 0.050839 0.767760 0.052320 0.028597
113 0.054047 0.212071 0.055775 0.028597
85 0.386229 0.325707 0.024186 0.028898
87 0.053554 0.129440 0.034057 0.028898
89 0.495558 0.807044 0.048371 0.028898
121 0.726061 0.441300 0.070089 0.028898
74 0.718164 0.130494 0.029615 0.029199
91 0.828480 0.489615 0.038993 0.029199
87 0.499260 0.261740 0.044916 0.029199
81 0.384995 0.504064 0.045410 0.029199
84 0.276900 0.295154 0.048371 0.029199
268 0.272705 0.470650 0.054788 0.029199
55 0.274432 0.327062 0.055281 0.029199
897 0.382280 0.680464 0.055775 0.029199
113 0.713228 0.788230 0.058243 0.029199
126 0.055775 0.896749 0.041461 0.029500
121 0.062438 0.289735 0.066634 0.029801
121 0.058983 0.460114 0.066634 0.029801
81 0.715202 0.623119 0.043435 0.030102
7 0.056269 0.860626 0.060217 0.030102
119 0.499013 0.134407 0.032577 0.030403
89 0.270237 0.159392 0.047878 0.030403
113 0.382527 0.430012 0.057256 0.030403
118 0.716190 0.228778 0.026654 0.030704
70 0.162883 0.477423 0.032577 0.030704
122 0.164363 0.829771 0.032577 0.031005
81 0.716683 0.159392 0.044423 0.031005
53 0.164857 0.374172 0.018756 0.031306
53 0.498519 0.776942 0.018756 0.031306
64 0.607354 0.465683 0.040967 0.031306
1723 0.382034 0.723058 0.058243 0.031306
118 0.165104 0.633805 0.025173 0.031607
126 0.384748 0.759934 0.035044 0.031607
77 0.057009 0.633203 0.044916 0.031607
1354 0.272211 0.541692 0.052813 0.031607
85 0.167572 0.895545 0.020237 0.031908
119 0.275913 0.660747 0.021718 0.031908
111 0.831441 0.688441 0.032083 0.031908
74 0.165844 0.798314 0.034551 0.031908
89 0.831194 0.656532 0.046397 0.031908
76 0.823297 0.362583 0.029615 0.032210
90 0.160168 0.665713 0.046890 0.032210
725 0.718904 0.291993 0.044916 0.032511
1354 0.598717 0.839554 0.054294 0.032511
2446 0.272705 0.860024 0.062685 0.032511
118 0.719645 0.819235 0.034551 0.032812
268 0.604146 0.340759 0.056269 0.033113
3956 0.605133 0.130644 0.054294 0.033715
1193 0.824778 0.802679 0.056269 0.034016
118 0.824778 0.395846 0.031589 0.034317
118 0.388697 0.268513 0.034057 0.034317
683 0.163623 0.435581 0.039980 0.034919
64 0.718657 0.660144 0.044423 0.034919
89 0.608588 0.698675 0.053307 0.034919
126 0.279862 0.502709 0.058243 0.034919
118 0.387957 0.620259 0.023692 0.035220
808 0.053801 0.824052 0.053307 0.035220
113 0.714709 0.364991 0.055281 0.035220
1354 0.383268 0.131397 0.051826 0.035822
1831 0.049112 0.702589 0.041955 0.036123
4260 0.826012 0.522577 0.038006 0.036725
70 0.383021 0.226069 0.042448 0.036725
64 0.384995 0.188742 0.042448 0.037327
70 0.276654 0.625677 0.036032 0.037628
70 0.607354 0.500301 0.036032 0.037929
1917 0.827739 0.225166 0.044423 0.037929
1354 0.603159 0.408489 0.056269 0.037929
897 0.271964 0.219145 0.057256 0.037929
2320 0.830701 0.163305 0.052320 0.038230
78 0.719398 0.194160 0.033070 0.038531
58 0.716190 0.327815 0.028628 0.039133
121 0.270237 0.361228 0.039980 0.039133
3153 0.058490 0.595123 0.042942 0.039735
2320 0.275420 0.796207 0.052320 0.039735
3219 0.606120 0.297863 0.058243 0.040036
1392 0.496298 0.639524 0.056762 0.040638
3219 0.716930 0.482240 0.052813 0.040939
47 0.172507 0.858669 0.032083 0.041842
268 0.715202 0.529350 0.048371 0.041842
3219 0.273198 0.430313 0.052813 0.041842
70 0.717917 0.698826 0.034057 0.042444
1723 0.269743 0.259332 0.060711 0.042444
53 0.830701 0.623420 0.027641 0.043347
121 0.600197 0.227875 0.041461 0.043347
3434 0.387463 0.800572 0.049358 0.043648
1917 0.827246 0.730283 0.049358 0.045154
1460 0.055775 0.365744 0.048371 0.045756
1460 0.500740 0.344220 0.050839 0.047863
