246 0.262986 0.569488 0.069530 0.009681
92 0.363804 0.725172 0.031493 0.011868
92 0.450920 0.314179 0.035583 0.013117
92 0.833333 0.341818 0.028221 0.014054
92 0.170757 0.693473 0.039673 0.014054
55 0.829857 0.579950 0.053170 0.016864
56 0.266258 0.260306 0.011452 0.017801
101 0.451943 0.698157 0.067894 0.017801
55 0.738855 0.586040 0.056033 0.018426
52 0.726585 0.781074 0.045399 0.019988
66 0.633947 0.606340 0.034356 0.020300
101 0.539468 0.807776 0.065440 0.020300
101 0.266053 0.666771 0.058487 0.020612
101 0.356033 0.641006 0.065849 0.020924
56 0.449693 0.484229 0.007771 0.022174
56 0.543354 0.418957 0.015133 0.022174
101 0.171370 0.669738 0.066258 0.022174
56 0.458487 0.712367 0.014724 0.022486
128 0.358078 0.348220 0.009407 0.023735
42 0.639264 0.278264 0.011452 0.023735
108 0.637423 0.817458 0.017587 0.024047
56 0.168916 0.225172 0.062986 0.024360
1415 0.267485 0.459713 0.061350 0.024984
81 0.733538 0.223142 0.057669 0.025297
120 0.355215 0.600874 0.020859 0.025609
126 0.172597 0.294660 0.057260 0.025921
120 0.831084 0.275297 0.028630 0.026546
126 0.634969 0.490475 0.057669 0.026546
117 0.542536 0.560431 0.016769 0.027171
126 0.830061 0.450500 0.057669 0.027171
120 0.737014 0.356340 0.028630 0.028107
83 0.824949 0.818551 0.044990 0.028732
85 0.836810 0.600406 0.012270 0.029044
87 0.264008 0.598376 0.029039 0.029357
51 0.832106 0.374141 0.050307 0.029357
2595 0.261350 0.773423 0.049898 0.029669
548 0.828016 0.745003 0.025767 0.030294
62 0.354397 0.657870 0.031493 0.030294
111 0.271166 0.346190 0.040082 0.030294
88 0.830470 0.784978 0.054397 0.030294
2425 0.450716 0.229076 0.061350 0.030294
88 0.740082 0.389444 0.057669 0.030606
126 0.170348 0.859775 0.062577 0.030606
85 0.742740 0.614928 0.013088 0.031230
93 0.455624 0.447533 0.034356 0.031230
88 0.453988 0.563398 0.055624 0.031230
111 0.259509 0.862117 0.024949 0.031543
93 0.643149 0.680981 0.029857 0.031543
680 0.628016 0.528888 0.042127 0.031543
120 0.267076 0.627733 0.022086 0.031855
88 0.737219 0.546533 0.022495 0.031855
310 0.269734 0.384603 0.052761 0.032167
109 0.636196 0.312461 0.055215 0.032167
111 0.356237 0.419738 0.022904 0.033104
505 0.265440 0.425359 0.028630 0.033104
62 0.826585 0.862117 0.036810 0.033417
83 0.634560 0.396939 0.042127 0.033729
1551 0.267689 0.494066 0.052761 0.033729
1415 0.264213 0.230637 0.063804 0.034041
109 0.546626 0.711430 0.060123 0.034354
76 0.539468 0.456277 0.034356 0.034978
83 0.160532 0.432230 0.042945 0.034978
1173 0.832924 0.698626 0.056033 0.034978
118 0.741309 0.653498 0.008589 0.035290
91 0.359100 0.865397 0.056442 0.035603
85 0.737219 0.745315 0.013497 0.035915
111 0.451329 0.601031 0.024949 0.035915
83 0.632515 0.857433 0.051125 0.035915
1834 0.835992 0.310587 0.060532 0.035915
118 0.459100 0.746721 0.015951 0.036227
3553 0.636401 0.727202 0.047444 0.036540
683 0.266871 0.737820 0.074847 0.036540
128 0.171779 0.469394 0.013088 0.036852
359 0.734356 0.860087 0.069121 0.036852
115 0.168507 0.383979 0.053988 0.037164
98 0.724744 0.807464 0.063804 0.037164
118 0.637832 0.570893 0.011861 0.037477
87 0.356442 0.565584 0.040491 0.037477
111 0.358282 0.274984 0.013088 0.037789
2182 0.357260 0.230169 0.046217 0.038101
680 0.168712 0.337133 0.043763 0.038413
91 0.267280 0.537945 0.052761 0.038413
60 0.830470 0.416927 0.022495 0.038726
91 0.350920 0.316052 0.053170 0.039350
93 0.640082 0.776077 0.030266 0.039975
104 0.171166 0.514366 0.044581 0.039975
95 0.829448 0.541537 0.054806 0.039975
95 0.545399 0.388507 0.055215 0.039975
121 0.361759 0.702998 0.069121 0.039975
4290 0.456237 0.654435 0.069939 0.040287
1831 0.360123 0.757651 0.055215 0.040600
2522 0.452556 0.406621 0.065031 0.040600
3203 0.355215 0.388663 0.049489 0.040912
366 0.456237 0.857121 0.058487 0.040912
3634 0.262168 0.817770 0.064622 0.040912
60 0.541718 0.286852 0.019223 0.041537
121 0.639673 0.655059 0.065440 0.041537
70 0.729857 0.702061 0.043763 0.041849
867 0.173824 0.619613 0.049080 0.044347
118 0.457260 0.271549 0.015542 0.044660
720 0.359714 0.466740 0.051125 0.044660
60 0.536196 0.597439 0.017996 0.044972
2917 0.359918 0.812617 0.037628 0.044972
62 0.267894 0.299500 0.047444 0.045597
2246 0.831902 0.493598 0.056442 0.045909
3232 0.637628 0.447377 0.058078 0.045909
4622 0.734969 0.444254 0.070348 0.045909
119 0.748057 0.259994 0.020450 0.046533
2195 0.549284 0.235478 0.058078 0.047470
2593 0.829448 0.232042 0.044172 0.049344
2593 0.737014 0.313398 0.034356 0.049656
867 0.542945 0.339944 0.055215 0.049656
4164 0.446012 0.357121 0.058487 0.050281
2949 0.735787 0.496565 0.053988 0.051218
68 0.839059 0.650999 0.007771 0.052155
119 0.446217 0.520612 0.028630 0.052467
68 0.271370 0.692067 0.006135 0.053092
70 0.537014 0.762804 0.054806 0.053404
118 0.164417 0.261711 0.038446 0.053716
3231 0.636605 0.239850 0.054397 0.053716
68 0.652147 0.347439 0.014315 0.054653
70 0.451943 0.801843 0.053170 0.054653
68 0.363599 0.516084 0.006544 0.060275
1304 0.165031 0.737508 0.039673 0.060275
68 0.546421 0.511399 0.007362 0.062773
68 0.178937 0.556527 0.006135 0.065584
68 0.544581 0.839319 0.010225 0.070893
1297 0.170961 0.802780 0.054806 0.071518
47 0.548466 0.641318 0.041718 0.077764
