113 0.451913 0.843431 0.044809 0.014295
92 0.342077 0.378489 0.033880 0.016338
91 0.404098 0.816201 0.039891 0.016338
81 0.450820 0.421375 0.037158 0.017018
60 0.203279 0.284888 0.030601 0.018380
64 0.777049 0.770252 0.032787 0.018380
113 0.731967 0.870320 0.046448 0.018380
101 0.453552 0.651464 0.043716 0.019741
55 0.660929 0.154016 0.042077 0.020082
2151 0.228142 0.345133 0.038798 0.020422
56 0.291803 0.154867 0.040437 0.020422
119 0.510109 0.761062 0.022404 0.021103
101 0.089071 0.867767 0.034973 0.021443
108 0.402732 0.841729 0.021858 0.021784
91 0.615301 0.154527 0.039344 0.021784
57 0.191803 0.383084 0.029508 0.022124
166 0.132240 0.834752 0.017486 0.022805
120 0.732240 0.820796 0.020765 0.022805
56 0.400546 0.329986 0.025137 0.022805
52 0.398087 0.307862 0.036612 0.022805
51 0.295902 0.277059 0.033333 0.023145
91 0.401639 0.752553 0.040437 0.023826
91 0.396995 0.183799 0.044262 0.023826
101 0.511202 0.690265 0.044262 0.023826
120 0.295082 0.349728 0.024044 0.024166
2151 0.454098 0.798332 0.040437 0.024166
82 0.736339 0.765317 0.042077 0.024166
56 0.337432 0.152995 0.023497 0.024847
88 0.231421 0.464091 0.023497 0.024847
118 0.209290 0.305990 0.032787 0.025187
98 0.445902 0.292376 0.039344 0.025187
81 0.323497 0.615725 0.048087 0.025187
119 0.776776 0.856195 0.026776 0.025528
92 0.560929 0.710858 0.033333 0.025528
92 0.534426 0.239449 0.048087 0.025528
297 0.644809 0.786760 0.060109 0.025528
62 0.452186 0.329135 0.030055 0.025868
96 0.457104 0.823349 0.039891 0.025868
91 0.518579 0.599728 0.043716 0.025868
99 0.393169 0.156569 0.048634 0.025868
120 0.450273 0.442648 0.021858 0.026208
120 0.404098 0.720728 0.025683 0.026208
92 0.730601 0.848877 0.024044 0.026549
76 0.509016 0.737236 0.031148 0.026549
78 0.398634 0.246086 0.035519 0.026549
123 0.510656 0.710007 0.035519 0.026549
166 0.563388 0.599558 0.015301 0.026889
53 0.454098 0.863342 0.019672 0.026889
66 0.337432 0.523315 0.030055 0.026889
300 0.130055 0.866065 0.031694 0.026889
92 0.230874 0.400953 0.032240 0.027229
69 0.406011 0.866406 0.024044 0.027570
126 0.403005 0.487236 0.040984 0.027570
105 0.561202 0.834411 0.045902 0.027570
119 0.297268 0.204221 0.019672 0.027910
53 0.397814 0.211709 0.019672 0.027910
120 0.398087 0.393465 0.023497 0.027910
115 0.399180 0.430225 0.035519 0.027910
110 0.401366 0.457454 0.036612 0.027910
64 0.320219 0.551396 0.038251 0.027910
109 0.406557 0.515997 0.043716 0.027910
132 0.122951 0.597175 0.024044 0.028251
113 0.745355 0.158101 0.061202 0.028251
166 0.782240 0.740640 0.016940 0.028591
86 0.341803 0.245745 0.031148 0.028591
127 0.449454 0.183118 0.038798 0.028591
111 0.397268 0.279952 0.028415 0.028931
120 0.106284 0.181586 0.028962 0.028931
2707 0.192896 0.349047 0.029508 0.028931
85 0.322131 0.693159 0.031148 0.028931
66 0.513934 0.667971 0.035519 0.028931
126 0.336885 0.494044 0.037705 0.028931
52 0.643443 0.858237 0.047541 0.028931
113 0.641803 0.563479 0.058470 0.028931
53 0.557923 0.861811 0.019672 0.029272
119 0.565027 0.735875 0.021858 0.029272
68 0.446721 0.154867 0.036612 0.029272
77 0.456011 0.675970 0.038798 0.029272
104 0.338525 0.216474 0.043169 0.029272
98 0.102186 0.393805 0.056831 0.029272
56 0.753279 0.521954 0.024590 0.029612
91 0.643169 0.309564 0.055738 0.029612
66 0.188525 0.414908 0.026230 0.029952
88 0.450000 0.519741 0.030055 0.029952
68 0.734153 0.738257 0.035519 0.029952
253 0.449180 0.588836 0.036066 0.029952
92 0.219126 0.696732 0.043716 0.029952
101 0.854098 0.503063 0.059016 0.029952
85 0.292896 0.245235 0.018579 0.030293
111 0.662842 0.179204 0.019672 0.030293
107 0.730601 0.794248 0.024044 0.030293
61 0.854918 0.250340 0.050820 0.030293
118 0.295902 0.180395 0.027869 0.030633
87 0.456831 0.739959 0.037158 0.030633
60 0.331967 0.182267 0.021311 0.030973
91 0.560929 0.769061 0.050820 0.030973
113 0.401913 0.653506 0.038798 0.031314
76 0.205464 0.250170 0.044809 0.031314
83 0.846995 0.530803 0.049180 0.031654
120 0.854645 0.862832 0.027322 0.031995
62 0.294809 0.314159 0.034426 0.031995
1579 0.086612 0.841729 0.034426 0.031995
52 0.214208 0.660654 0.051366 0.031995
121 0.537978 0.420354 0.058470 0.031995
117 0.779508 0.826923 0.020219 0.032335
60 0.339891 0.305820 0.021858 0.032335
91 0.452186 0.626447 0.046448 0.032335
82 0.861202 0.735705 0.063388 0.032335
66 0.227869 0.371341 0.031694 0.032675
1834 0.449180 0.361470 0.041530 0.032675
77 0.109290 0.307692 0.042623 0.032675
96 0.403825 0.588496 0.042623 0.032675
68 0.400546 0.623383 0.012022 0.033016
56 0.640710 0.828625 0.025683 0.033016
92 0.505738 0.860619 0.026776 0.033016
87 0.399454 0.363342 0.033880 0.033016
4162 0.107377 0.349047 0.038798 0.033016
90 0.852459 0.473281 0.055738 0.033016
81 0.753005 0.486215 0.062295 0.033016
83 0.663934 0.211709 0.032787 0.033356
4162 0.319672 0.414568 0.039344 0.033356
121 0.783333 0.796460 0.043169 0.033356
127 0.852459 0.316542 0.044809 0.033356
81 0.536885 0.312798 0.054098 0.033356
113 0.537432 0.387338 0.058470 0.033356
52 0.321585 0.587474 0.048634 0.034037
126 0.530328 0.159292 0.058470 0.034037
60 0.457923 0.768380 0.019672 0.034377
2707 0.338525 0.461709 0.031148 0.034377
975 0.400820 0.784717 0.042077 0.034377
77 0.321311 0.766338 0.055738 0.034377
56 0.854098 0.441457 0.029508 0.034717
92 0.403825 0.692818 0.029508 0.035058
118 0.109290 0.425970 0.032787 0.035058
110 0.191803 0.446392 0.032787 0.035058
66 0.640710 0.447413 0.038798 0.035058
98 0.101093 0.157760 0.062295 0.035058
107 0.302732 0.462219 0.026230 0.035398
83 0.449727 0.706603 0.033880 0.035398
87 0.334426 0.281144 0.036066 0.035398
88 0.753279 0.238768 0.063934 0.035739
60 0.748907 0.310585 0.025683 0.036419
53 0.859290 0.700306 0.027869 0.036419
107 0.559563 0.682607 0.030601 0.036419
132 0.330874 0.655718 0.032240 0.036419
85 0.446448 0.259360 0.019672 0.036760
118 0.109836 0.632403 0.040437 0.036760
68 0.644536 0.530463 0.012568 0.037100
123 0.320765 0.857897 0.025137 0.037100
1799 0.614754 0.188393 0.028415 0.037100
121 0.207923 0.207794 0.053005 0.037100
126 0.854645 0.774166 0.056831 0.037100
4166 0.559016 0.802927 0.050273 0.037440
77 0.111475 0.800885 0.061202 0.037440
53 0.109290 0.263615 0.028415 0.037781
127 0.317213 0.726515 0.051913 0.037781
53 0.447814 0.397039 0.021311 0.038462
47 0.448634 0.216304 0.024044 0.038462
126 0.854918 0.356195 0.050820 0.038462
53 0.646448 0.742342 0.027322 0.038802
252 0.447268 0.556161 0.039891 0.038802
83 0.215847 0.859769 0.040437 0.038802
105 0.861202 0.662696 0.064481 0.038802
4397 0.514754 0.633594 0.027322 0.039142
117 0.753005 0.274847 0.028415 0.039142
59 0.232240 0.433799 0.039344 0.039142
123 0.856557 0.283867 0.022404 0.039483
74 0.218306 0.773996 0.032240 0.039483
87 0.218033 0.731450 0.053552 0.039483
68 0.301639 0.499149 0.015301 0.039823
74 0.106557 0.221409 0.036066 0.039823
78 0.110929 0.712049 0.045902 0.040163
78 0.113115 0.516508 0.042623 0.040504
120 0.852186 0.566712 0.030055 0.040844
120 0.753552 0.652825 0.034973 0.040844
92 0.212295 0.584411 0.038798 0.040844
68 0.533607 0.351430 0.019126 0.041184
53 0.748087 0.192818 0.025137 0.041184
132 0.862842 0.211198 0.034973 0.041184
113 0.214481 0.624064 0.054098 0.041184
118 0.854372 0.167801 0.044262 0.041525
72 0.640710 0.702519 0.057377 0.041525
70 0.401093 0.552246 0.032787 0.042546
119 0.753552 0.557182 0.031694 0.042886
975 0.560656 0.641933 0.041530 0.042886
73 0.754645 0.694520 0.061202 0.043227
68 0.220219 0.814159 0.017486 0.043567
1444 0.450820 0.483322 0.041530 0.043567
127 0.108743 0.671545 0.057923 0.043567
975 0.340164 0.343941 0.038798 0.043907
118 0.536612 0.274166 0.039344 0.043907
107 0.540164 0.455071 0.037705 0.044248
1415 0.642077 0.407760 0.066667 0.044248
81 0.643443 0.487917 0.056284 0.045950
107 0.214754 0.494894 0.037158 0.046290
113 0.108743 0.557862 0.053552 0.046290
58 0.856011 0.399932 0.038798 0.046971
90 0.752186 0.349558 0.068306 0.046971
83 0.756011 0.396869 0.043169 0.047651
53 0.542350 0.551225 0.028962 0.047992
50 0.650273 0.248979 0.060109 0.047992
93 0.757923 0.444180 0.039344 0.048332
70 0.211475 0.166440 0.040437 0.048332
121 0.110383 0.467835 0.043716 0.048673
2395 0.638525 0.268380 0.053005 0.048673
77 0.208743 0.536760 0.044809 0.049013
58 0.107377 0.755276 0.046448 0.049013
107 0.528962 0.201327 0.040437 0.049353
121 0.639617 0.603131 0.042077 0.050374
3735 0.854372 0.821477 0.051913 0.050715
1193 0.748087 0.606705 0.059016 0.052076
90 0.322131 0.809564 0.062842 0.052076
975 0.506831 0.817903 0.035519 0.052417
72 0.538525 0.503233 0.059563 0.052757
2593 0.640710 0.355854 0.047541 0.053438
107 0.641803 0.654867 0.037705 0.053778
47 0.858743 0.607216 0.040984 0.069435
