246 0.302697 0.510222 0.024975 0.006615
209 0.297952 0.710313 0.012488 0.008719
120 0.045704 0.807577 0.015485 0.012026
88 0.083417 0.780367 0.030969 0.012928
85 0.046454 0.794949 0.013986 0.013229
83 0.304945 0.323812 0.023477 0.013229
52 0.079670 0.585989 0.025475 0.013229
68 0.087912 0.793596 0.010989 0.013530
698 0.304446 0.604480 0.020480 0.013530
92 0.618132 0.115604 0.041459 0.013530
61 0.050699 0.699038 0.020480 0.013830
547 0.266983 0.245640 0.035465 0.013830
26 0.067682 0.827420 0.044456 0.013830
57 0.308691 0.291642 0.025974 0.014432
83 0.304196 0.407246 0.018981 0.014732
57 0.050200 0.648677 0.023477 0.014732
1002 0.307193 0.492333 0.034965 0.014732
200 0.312937 0.857937 0.037463 0.014732
209 0.074675 0.462417 0.010490 0.015033
126 0.082917 0.714672 0.029970 0.015033
83 0.084166 0.808028 0.026474 0.015334
117 0.305195 0.622369 0.017982 0.015634
92 0.738761 0.619964 0.041958 0.015634
253 0.162587 0.340499 0.024476 0.015935
88 0.267483 0.579675 0.024476 0.016236
91 0.303197 0.447986 0.024975 0.016236
52 0.268981 0.346061 0.026474 0.016236
166 0.083916 0.559381 0.016983 0.016536
88 0.042458 0.714522 0.022977 0.016536
101 0.304196 0.307126 0.028971 0.016536
61 0.271978 0.329525 0.034466 0.016837
162 0.184815 0.441972 0.034965 0.016837
101 0.290460 0.819603 0.063437 0.016837
64 0.265984 0.601774 0.020480 0.017138
91 0.742008 0.305622 0.028472 0.017138
1173 0.044705 0.736470 0.031469 0.017138
119 0.046703 0.664762 0.018482 0.017438
193 0.079421 0.874925 0.028971 0.017438
2595 0.622378 0.401984 0.054945 0.017438
68 0.272228 0.261726 0.006993 0.017739
91 0.161339 0.313740 0.023976 0.017739
132 0.076424 0.449038 0.025974 0.017739
101 0.728771 0.201594 0.055944 0.017739
166 0.189311 0.459411 0.017982 0.018040
70 0.044955 0.684606 0.020979 0.018040
253 0.305195 0.468130 0.025974 0.018040
77 0.195055 0.355382 0.027473 0.018040
99 0.271479 0.640710 0.040460 0.018040
85 0.194805 0.313740 0.018981 0.018340
57 0.089161 0.645370 0.021479 0.018340
55 0.044206 0.586140 0.032468 0.018340
51 0.269730 0.493987 0.024975 0.018641
126 0.045205 0.779014 0.033467 0.018641
102 0.268981 0.414913 0.034466 0.018641
1406 0.631119 0.806073 0.050450 0.018641
56 0.401848 0.553367 0.022478 0.018942
92 0.065185 0.393115 0.039461 0.018942
251 0.512488 0.433704 0.060939 0.018942
85 0.305195 0.366206 0.015984 0.019242
24 0.060440 0.119363 0.031968 0.019242
95 0.082168 0.602526 0.032468 0.019242
24 0.286963 0.218581 0.033467 0.019242
2595 0.734765 0.508719 0.046953 0.019242
52 0.521479 0.773903 0.056943 0.019242
98 0.265235 0.513079 0.029970 0.019543
67 0.311938 0.544348 0.036464 0.019543
78 0.195554 0.374324 0.020480 0.019844
1810 0.620629 0.175887 0.026474 0.019844
101 0.060689 0.532772 0.059441 0.019844
88 0.267483 0.307426 0.025475 0.020144
1995 0.045704 0.757216 0.029471 0.020144
88 0.735764 0.408449 0.031968 0.020144
1810 0.737263 0.797956 0.029970 0.020445
3936 0.084416 0.761275 0.030969 0.020445
85 0.270230 0.364552 0.017982 0.020746
81 0.270480 0.436410 0.024476 0.020746
122 0.306693 0.587041 0.025974 0.020746
547 0.514486 0.513981 0.056943 0.020746
78 0.304945 0.273903 0.018482 0.021046
51 0.046204 0.630788 0.026474 0.021046
120 0.747003 0.768791 0.033467 0.021046
122 0.272478 0.621016 0.021479 0.021347
316 0.306444 0.524504 0.031469 0.021347
88 0.853896 0.892814 0.034466 0.021347
101 0.736264 0.485418 0.057942 0.021347
101 0.846154 0.381690 0.063936 0.021347
56 0.740010 0.574263 0.019481 0.021648
132 0.072178 0.311786 0.024476 0.021648
193 0.304196 0.837643 0.030969 0.021648
1002 0.158841 0.370415 0.031968 0.021648
91 0.414835 0.580277 0.032468 0.021648
111 0.194555 0.333885 0.019481 0.021948
109 0.268981 0.537432 0.030470 0.021948
76 0.839411 0.269543 0.039461 0.021948
57 0.746753 0.709711 0.041958 0.021948
52 0.060939 0.486019 0.042957 0.021948
113 0.506244 0.272550 0.057443 0.021948
56 0.401099 0.662959 0.022977 0.022249
120 0.404096 0.439266 0.026973 0.022249
55 0.399101 0.640710 0.055944 0.022249
60 0.306444 0.565394 0.018482 0.022550
56 0.172827 0.164913 0.020979 0.022550
56 0.847153 0.400030 0.020979 0.022550
108 0.405844 0.892213 0.026474 0.022550
132 0.418332 0.767438 0.030470 0.022550
99 0.182817 0.865153 0.056943 0.022550
69 0.071928 0.263981 0.030969 0.022850
91 0.514735 0.486170 0.042458 0.022850
101 0.064685 0.372820 0.062438 0.022850
87 0.081668 0.624624 0.020480 0.023151
81 0.305195 0.387402 0.023976 0.023151
66 0.624625 0.319753 0.030470 0.023151
113 0.741259 0.325767 0.037962 0.023151
118 0.078671 0.666266 0.021479 0.023452
77 0.523976 0.563440 0.044955 0.023452
127 0.411838 0.738124 0.060440 0.023452
53 0.304196 0.426488 0.013986 0.023752
4429 0.083666 0.694077 0.031469 0.023752
1354 0.302198 0.251353 0.023976 0.024053
132 0.529471 0.891161 0.033966 0.024053
77 0.734765 0.280216 0.041958 0.024053
101 0.394106 0.147324 0.065934 0.024053
111 0.852398 0.673632 0.033467 0.024354
1214 0.626623 0.645670 0.047453 0.024354
52 0.512737 0.723241 0.050450 0.024354
2203 0.626374 0.501052 0.055944 0.024354
119 0.304945 0.642514 0.026474 0.024654
66 0.838162 0.192123 0.028971 0.024654
91 0.740260 0.859290 0.037962 0.024654
118 0.730270 0.153187 0.020979 0.024955
58 0.044955 0.607787 0.020979 0.024955
98 0.305195 0.344107 0.025974 0.024955
55 0.734016 0.436410 0.049451 0.024955
77 0.404845 0.462868 0.049451 0.024955
1214 0.850150 0.496242 0.049950 0.024955
204 0.073177 0.857486 0.029471 0.025256
81 0.183067 0.889056 0.037463 0.025256
83 0.063437 0.509621 0.042957 0.025256
2718 0.083417 0.736771 0.027972 0.025556
84 0.511738 0.296302 0.055445 0.025556
113 0.059690 0.179345 0.056444 0.025556
495 0.518731 0.537132 0.058442 0.025556
366 0.504496 0.162808 0.058941 0.025556
87 0.267233 0.284426 0.020979 0.025857
62 0.266983 0.561335 0.024476 0.025857
110 0.733766 0.461816 0.035964 0.025857
57 0.851399 0.326518 0.038462 0.025857
418 0.742008 0.685809 0.041459 0.025857
86 0.402847 0.199038 0.043457 0.025857
51 0.181818 0.489176 0.043956 0.025857
108 0.402348 0.687162 0.026474 0.026158
66 0.403347 0.713319 0.028472 0.026158
68 0.181568 0.575165 0.010490 0.026458
74 0.737263 0.356284 0.037962 0.026458
1350 0.511239 0.403488 0.053447 0.026458
117 0.392607 0.167318 0.035964 0.026759
77 0.185564 0.840499 0.043457 0.026759
127 0.743506 0.252706 0.068432 0.026759
121 0.065684 0.205502 0.070430 0.026759
118 0.742258 0.598617 0.024975 0.027060
87 0.402847 0.414612 0.037463 0.027060
2678 0.510989 0.461215 0.041958 0.027060
90 0.723526 0.179194 0.049451 0.027060
121 0.851898 0.779615 0.054446 0.027060
204 0.298452 0.691070 0.025475 0.027360
66 0.511489 0.697384 0.029970 0.027360
90 0.389361 0.121618 0.047453 0.027360
113 0.509990 0.670024 0.062937 0.027360
86 0.860889 0.801563 0.035465 0.027661
113 0.412587 0.604931 0.036963 0.027661
91 0.626374 0.531870 0.039960 0.027661
81 0.172577 0.190018 0.043457 0.027661
2596 0.855145 0.863500 0.046953 0.027661
113 0.518232 0.869212 0.056444 0.027661
127 0.405345 0.834636 0.058442 0.027661
99 0.290709 0.764281 0.062937 0.027661
70 0.271479 0.391612 0.023477 0.027962
83 0.849401 0.646572 0.038462 0.027962
107 0.626873 0.345310 0.046953 0.027962
77 0.291708 0.125225 0.050949 0.027962
1679 0.737263 0.827571 0.066933 0.027962
68 0.844905 0.216176 0.010490 0.028262
68 0.399850 0.254660 0.010490 0.028262
62 0.853147 0.750150 0.039960 0.028262
53 0.400599 0.226248 0.020979 0.028563
81 0.843656 0.244588 0.045954 0.028563
127 0.186064 0.749399 0.060440 0.028563
68 0.518731 0.749850 0.016484 0.028863
76 0.164835 0.218882 0.034965 0.028863
1559 0.629371 0.375526 0.051948 0.028863
204 0.180569 0.420776 0.025475 0.029164
81 0.283966 0.184155 0.040460 0.029164
51 0.292458 0.738124 0.040460 0.029465
90 0.060190 0.346663 0.048452 0.029465
87 0.174326 0.550361 0.033966 0.029765
43 0.505994 0.371317 0.034965 0.030066
78 0.518981 0.840349 0.035964 0.030066
107 0.402847 0.865755 0.025475 0.030367
45 0.191558 0.405442 0.042458 0.030367
88 0.401099 0.384396 0.043956 0.030367
99 0.285714 0.154390 0.063936 0.030367
55 0.179071 0.610643 0.054446 0.030667
108 0.180320 0.811636 0.023976 0.030968
107 0.177822 0.780667 0.031968 0.030968
87 0.182068 0.721137 0.032468 0.030968
118 0.397602 0.313440 0.032967 0.030968
296 0.843906 0.122219 0.037463 0.030968
68 0.061938 0.151082 0.042957 0.030968
66 0.623127 0.433253 0.031469 0.031269
87 0.067682 0.418220 0.046454 0.031269
113 0.504246 0.191221 0.053447 0.031269
113 0.058691 0.291040 0.055445 0.031269
76 0.397353 0.281870 0.034466 0.031569
107 0.624875 0.464672 0.035964 0.031569
90 0.846154 0.355232 0.044955 0.031569
47 0.079171 0.891161 0.024476 0.031870
87 0.731019 0.123572 0.045455 0.031870
118 0.172827 0.249399 0.034965 0.032171
1579 0.059690 0.236470 0.044456 0.032171
90 0.291209 0.795099 0.046953 0.032171
118 0.847153 0.427541 0.024975 0.032471
83 0.271728 0.461515 0.018981 0.033073
87 0.403596 0.804269 0.032967 0.033073
118 0.405095 0.491882 0.033966 0.033073
978 0.627622 0.616055 0.046454 0.033073
3840 0.507243 0.125376 0.057443 0.033073
121 0.736264 0.386200 0.064935 0.033373
99 0.175325 0.518791 0.064935 0.033373
111 0.732517 0.225195 0.022478 0.033674
1283 0.175325 0.687613 0.058941 0.033674
107 0.510739 0.636350 0.035465 0.033975
3283 0.853147 0.832381 0.035964 0.033975
3028 0.850150 0.575015 0.050949 0.033975
45 0.307692 0.678743 0.036963 0.034576
53 0.401349 0.525857 0.022478 0.034877
2218 0.847652 0.464522 0.052947 0.034877
2320 0.629870 0.842604 0.053946 0.035177
3142 0.622877 0.285478 0.056943 0.035177
2178 0.616384 0.144768 0.063936 0.035177
4196 0.744006 0.886350 0.051449 0.035478
3338 0.633616 0.887252 0.056444 0.035478
53 0.166084 0.283524 0.026474 0.036079
1917 0.738761 0.739778 0.049950 0.036981
2181 0.620130 0.245490 0.054446 0.036981
3840 0.629121 0.771347 0.061439 0.036981
4166 0.621878 0.208358 0.051948 0.037282
68 0.853397 0.613800 0.040460 0.037583
126 0.841409 0.156494 0.044456 0.037583
296 0.517483 0.806374 0.037962 0.037883
87 0.513487 0.600421 0.050949 0.037883
3298 0.743506 0.543746 0.058442 0.039387
3747 0.506993 0.234516 0.040959 0.039687
4256 0.178322 0.645971 0.046953 0.039988
1193 0.736513 0.652886 0.056444 0.039988
2061 0.398102 0.349068 0.055944 0.040289
4700 0.622877 0.681900 0.055944 0.040289
958 0.507243 0.331630 0.038462 0.040890
2649 0.171578 0.130036 0.051449 0.042393
47 0.311189 0.882291 0.024975 0.042995
3231 0.849401 0.713921 0.054446 0.044197
1229 0.627123 0.728503 0.044456 0.045099
990 0.850400 0.535328 0.034466 0.045400
1229 0.628871 0.569603 0.046953 0.047805
