128 0.856538 0.611876 0.009231 0.015800
173 0.397500 0.800459 0.025000 0.017839
173 0.723462 0.845566 0.027692 0.020387
297 0.661538 0.892712 0.033846 0.020897
173 0.537115 0.488532 0.025769 0.021916
173 0.341154 0.615953 0.024615 0.023955
173 0.339423 0.221203 0.027308 0.026504
120 0.475769 0.295872 0.015385 0.027013
174 0.405385 0.245923 0.029231 0.027013
83 0.848846 0.784659 0.030769 0.027013
189 0.335192 0.840724 0.011923 0.028033
91 0.597885 0.710245 0.021154 0.028033
1415 0.405769 0.461009 0.038462 0.028033
85 0.275000 0.241081 0.021538 0.028542
120 0.400962 0.630224 0.017308 0.029052
91 0.789038 0.147044 0.027308 0.029052
56 0.341346 0.192406 0.018846 0.030071
91 0.086346 0.715596 0.022692 0.030581
101 0.405192 0.210499 0.038846 0.030581
2151 0.786346 0.447503 0.043462 0.030581
499 0.664423 0.633028 0.045769 0.030581
42 0.269423 0.701580 0.021154 0.031091
91 0.475385 0.510958 0.024615 0.031091
52 0.534231 0.779562 0.023077 0.032110
91 0.539423 0.372834 0.023462 0.032110
83 0.270000 0.329001 0.026154 0.032110
88 0.334038 0.885321 0.025769 0.032620
52 0.405577 0.177880 0.026538 0.032620
1415 0.212885 0.265036 0.037308 0.032620
76 0.152500 0.198522 0.024231 0.033129
1415 0.922500 0.324924 0.038077 0.033129
52 0.600769 0.269878 0.026154 0.034149
102 0.476731 0.866718 0.027308 0.034149
174 0.537308 0.218400 0.032308 0.034149
72 0.917885 0.891182 0.038846 0.034149
72 0.278077 0.195209 0.029231 0.034659
87 0.602115 0.854485 0.025000 0.035168
2555 0.594808 0.812181 0.039615 0.035168
88 0.398654 0.896279 0.022692 0.036188
88 0.536731 0.585372 0.030385 0.036188
2555 0.469423 0.726045 0.042692 0.036188
119 0.852885 0.751274 0.012692 0.036697
83 0.090577 0.244139 0.026538 0.036697
1396 0.268462 0.867482 0.029231 0.036697
501 0.535962 0.265036 0.038077 0.036697
88 0.661346 0.199541 0.025000 0.037207
126 0.212692 0.515036 0.027692 0.037207
88 0.917885 0.770387 0.029615 0.037207
98 0.598654 0.306065 0.036538 0.037207
2555 0.404038 0.357034 0.039615 0.037207
88 0.922308 0.214832 0.026154 0.038226
88 0.920385 0.555810 0.027692 0.038226
58 0.146923 0.877931 0.029231 0.038226
2555 0.721154 0.793323 0.041538 0.038226
85 0.407500 0.141692 0.015000 0.038736
111 0.150192 0.786442 0.017308 0.038736
119 0.398654 0.715596 0.018846 0.038736
117 0.150962 0.835627 0.015000 0.039246
109 0.149038 0.690367 0.029615 0.039246
501 0.662115 0.520133 0.035000 0.039246
2151 0.083462 0.668960 0.040000 0.039246
119 0.474231 0.201580 0.015385 0.040265
85 0.603654 0.214322 0.019615 0.040265
88 0.852115 0.538481 0.029615 0.040265
547 0.210192 0.810652 0.032692 0.040265
120 0.727885 0.677370 0.022692 0.040775
547 0.087115 0.416412 0.031923 0.040775
109 0.789808 0.843272 0.025769 0.041284
119 0.726346 0.204638 0.016538 0.042304
2885 0.660962 0.364169 0.038846 0.042304
75 0.789808 0.739551 0.025000 0.042813
109 0.340577 0.500510 0.028077 0.042813
83 0.659808 0.240061 0.030385 0.042813
547 0.270769 0.749235 0.030769 0.042813
547 0.728077 0.627421 0.032308 0.042813
547 0.152115 0.384302 0.032692 0.042813
547 0.855577 0.150357 0.035000 0.042813
2885 0.599231 0.486239 0.035385 0.042813
88 0.092885 0.203109 0.017308 0.043323
76 0.790192 0.552243 0.031923 0.043323
1005 0.333654 0.791284 0.045000 0.043323
119 0.919808 0.668960 0.018846 0.044343
119 0.660192 0.474771 0.019615 0.044343
547 0.210385 0.568552 0.029231 0.044343
64 0.791923 0.640418 0.029231 0.044343
4132 0.152308 0.507900 0.036923 0.044343
327 0.856538 0.895260 0.038462 0.044343
91 0.476538 0.626147 0.041538 0.044343
93 0.792115 0.594292 0.023462 0.044852
70 0.472500 0.827217 0.025000 0.044852
4132 0.148462 0.743119 0.035385 0.044852
273 0.853654 0.265545 0.035769 0.044852
341 0.275192 0.144241 0.042692 0.044852
70 0.853269 0.581804 0.027308 0.045362
51 0.086346 0.524720 0.033462 0.045362
691 0.341346 0.145005 0.039615 0.045362
118 0.085385 0.571611 0.016923 0.046381
110 0.850577 0.645005 0.026538 0.046381
87 0.401923 0.672528 0.029231 0.046381
4132 0.724038 0.513507 0.035000 0.046381
4144 0.212500 0.325433 0.041154 0.046381
1834 0.788654 0.502294 0.041154 0.046381
1920 0.398269 0.763761 0.045000 0.046381
642 0.664038 0.733945 0.026538 0.046891
81 0.725577 0.385321 0.028846 0.046891
126 0.344038 0.379205 0.030385 0.046891
2769 0.475385 0.464322 0.046154 0.046891
83 0.269038 0.807085 0.015769 0.047401
70 0.274808 0.440622 0.027308 0.047401
642 0.660962 0.848369 0.030385 0.047401
2167 0.600192 0.664373 0.035000 0.047401
310 0.214423 0.144495 0.044231 0.047401
126 0.791346 0.321865 0.029615 0.048420
126 0.857115 0.424312 0.031923 0.048420
1799 0.083654 0.617482 0.040385 0.048420
1799 0.404423 0.410550 0.041923 0.048420
4132 0.339808 0.329001 0.042692 0.048420
746 0.791731 0.792049 0.042692 0.048930
2769 0.598077 0.150866 0.046154 0.048930
2769 0.917500 0.504077 0.054231 0.048930
87 0.790962 0.695464 0.028077 0.049439
1762 0.474423 0.347350 0.035769 0.049439
2769 0.662885 0.785678 0.042692 0.049439
122 0.532692 0.821865 0.026154 0.050459
51 0.477500 0.257136 0.028846 0.050459
1354 0.788269 0.382008 0.034231 0.050459
4132 0.211346 0.393221 0.038077 0.050459
562 0.595962 0.608308 0.041923 0.050459
2692 0.922115 0.716871 0.043462 0.050459
2769 0.662115 0.572630 0.045000 0.050459
2769 0.539038 0.313710 0.046538 0.050459
316 0.854231 0.317533 0.052308 0.050968
83 0.727885 0.445719 0.018846 0.051478
126 0.090962 0.358563 0.030385 0.051478
1788 0.470385 0.674567 0.044615 0.051478
2769 0.660577 0.677115 0.049615 0.051478
126 0.152885 0.563456 0.028846 0.052497
4072 0.150192 0.632263 0.047308 0.052497
51 0.725769 0.156473 0.027692 0.053007
51 0.727692 0.334862 0.027692 0.053007
3286 0.474038 0.782365 0.043462 0.053007
51 0.661731 0.424822 0.027308 0.053517
126 0.155385 0.324924 0.030769 0.053517
2411 0.211731 0.212283 0.036538 0.053517
1111 0.727115 0.888124 0.038846 0.053517
1788 0.597115 0.757645 0.042692 0.053517
83 0.600577 0.358563 0.017308 0.054536
70 0.085000 0.466616 0.029231 0.054536
70 0.859615 0.207187 0.032308 0.054536
1111 0.534038 0.885066 0.036538 0.054536
2411 0.920000 0.272426 0.036923 0.054536
1349 0.663269 0.148063 0.043462 0.054536
1401 0.403846 0.518603 0.044615 0.054536
3464 0.919615 0.382008 0.052308 0.054536
68 0.152500 0.435780 0.007308 0.055046
3283 0.339038 0.662589 0.018846 0.055046
3175 0.785769 0.202854 0.041538 0.055046
3375 0.921923 0.447757 0.043077 0.055556
1116 0.856346 0.483435 0.047308 0.055556
1831 0.792885 0.268858 0.050385 0.055556
2836 0.087885 0.148063 0.041154 0.056575
3053 0.855962 0.838175 0.048077 0.056575
68 0.208846 0.621814 0.007692 0.057085
70 0.211154 0.873598 0.023077 0.057085
70 0.597500 0.542813 0.028077 0.057085
2320 0.213077 0.455657 0.041538 0.057085
4050 0.268846 0.644241 0.044615 0.057085
107 0.154038 0.152650 0.021154 0.057594
619 0.338654 0.443170 0.043462 0.057594
1788 0.721154 0.736239 0.044615 0.057594
119 0.275192 0.284149 0.020385 0.058614
87 0.537692 0.538991 0.026154 0.058614
1831 0.855577 0.372834 0.036538 0.058614
2320 0.922885 0.161825 0.042692 0.058614
1304 0.475192 0.407492 0.042692 0.058614
4451 0.090962 0.298930 0.046538 0.058614
107 0.474808 0.151886 0.017308 0.059123
126 0.211923 0.750255 0.033846 0.059123
2698 0.918654 0.607034 0.044231 0.059123
3375 0.209808 0.682212 0.046538 0.059633
2524 0.662885 0.305556 0.048077 0.059633
2524 0.599808 0.428389 0.048077 0.059633
1788 0.404038 0.300204 0.041923 0.061162
4447 0.272692 0.384302 0.046154 0.061162
3216 0.726346 0.571101 0.033462 0.061672
1776 0.402885 0.577727 0.039615 0.061672
2615 0.852500 0.704128 0.041154 0.061672
282 0.918269 0.826962 0.045769 0.062691
1774 0.275962 0.579766 0.047308 0.062691
68 0.341538 0.267584 0.006154 0.063201
3411 0.474038 0.564475 0.034231 0.063710
3216 0.534038 0.434506 0.038077 0.063710
3411 0.277115 0.506626 0.038077 0.065240
3375 0.155000 0.258410 0.040000 0.065240
3984 0.335769 0.729867 0.041538 0.065240
3216 0.337500 0.565494 0.041923 0.065749
1304 0.533269 0.725025 0.042692 0.067788
68 0.475962 0.882518 0.038846 0.069827
3853 0.534423 0.153670 0.044231 0.070846
1855 0.727500 0.268603 0.041923 0.073394
47 0.541538 0.647044 0.024615 0.079001
68 0.599038 0.878186 0.037308 0.079511
68 0.087885 0.836646 0.005769 0.082059
