418 0.798630 0.401364 0.004110 0.004091
92 0.786473 0.578523 0.016096 0.007500
92 0.508562 0.389886 0.026027 0.008409
246 0.506164 0.463523 0.038356 0.008864
92 0.229281 0.295795 0.023630 0.009318
246 0.432877 0.881591 0.041781 0.010000
246 0.856678 0.402500 0.036644 0.010455
92 0.436473 0.824659 0.033219 0.011136
246 0.228082 0.531023 0.043151 0.011591
92 0.855651 0.901818 0.023630 0.012273
52 0.786644 0.779432 0.037671 0.012500
52 0.651712 0.394432 0.039041 0.012500
64 0.719007 0.885795 0.018151 0.013864
92 0.435616 0.599205 0.021918 0.013864
297 0.230137 0.746250 0.029452 0.013864
92 0.579281 0.537386 0.028425 0.014318
56 0.229795 0.664545 0.011644 0.014545
418 0.789384 0.870568 0.032192 0.015227
56 0.503767 0.543636 0.014384 0.015455
64 0.861815 0.831364 0.018151 0.015455
64 0.160445 0.743409 0.015411 0.015909
64 0.721233 0.304773 0.019863 0.015909
297 0.508904 0.629659 0.036301 0.016136
56 0.860274 0.495455 0.011644 0.016364
418 0.299658 0.352841 0.036301 0.016591
127 0.365925 0.786705 0.036644 0.016591
127 0.226199 0.871818 0.034589 0.017273
101 0.859932 0.925341 0.060959 0.017500
418 0.439555 0.413182 0.038699 0.018636
101 0.437842 0.627045 0.064041 0.018636
418 0.367466 0.904432 0.017808 0.019318
81 0.787158 0.419545 0.039384 0.020000
56 0.720034 0.373295 0.018151 0.020227
56 0.717637 0.725909 0.013356 0.020455
72 0.360788 0.767273 0.029795 0.020455
698 0.573973 0.258864 0.030822 0.020455
418 0.650685 0.257500 0.035616 0.020455
248 0.364897 0.329886 0.042808 0.021136
418 0.366952 0.375455 0.008562 0.021364
83 0.363185 0.868864 0.022945 0.021364
56 0.923801 0.917386 0.016096 0.022045
64 0.919007 0.850227 0.016781 0.022273
88 0.579966 0.640227 0.009247 0.022727
72 0.231678 0.849773 0.023630 0.022727
120 0.716781 0.847614 0.018493 0.022955
110 0.646918 0.606364 0.023973 0.023182
495 0.359760 0.889091 0.072945 0.023182
72 0.855479 0.653295 0.039041 0.023409
88 0.367466 0.260682 0.017123 0.023636
418 0.160274 0.470682 0.017808 0.023636
98 0.152911 0.258864 0.048288 0.023636
98 0.502055 0.657614 0.052055 0.023864
117 0.780822 0.653182 0.009589 0.024091
88 0.581507 0.831364 0.040411 0.024545
98 0.227740 0.769545 0.045890 0.024545
418 0.360274 0.853068 0.015753 0.024773
51 0.507021 0.880568 0.042808 0.024773
107 0.921575 0.369545 0.011644 0.025000
251 0.160788 0.677045 0.018836 0.025000
302 0.230479 0.433636 0.034247 0.025000
88 0.156164 0.350568 0.017808 0.025227
117 0.160616 0.836818 0.014384 0.025455
60 0.852568 0.879091 0.023630 0.025455
83 0.577568 0.872386 0.027740 0.025682
302 0.228425 0.605568 0.036301 0.025682
83 0.370377 0.400114 0.031849 0.026136
495 0.506507 0.864886 0.069863 0.026136
418 0.433562 0.704318 0.011644 0.026364
88 0.298459 0.318068 0.030479 0.026591
56 0.858048 0.559432 0.042123 0.026591
81 0.500171 0.568295 0.043493 0.026591
77 0.795719 0.802955 0.035959 0.026818
495 0.157877 0.380000 0.067808 0.026818
117 0.368493 0.674432 0.011644 0.027045
2180 0.364726 0.742500 0.043151 0.027273
76 0.369007 0.535341 0.022945 0.027500
87 0.719178 0.818636 0.032877 0.027727
501 0.364555 0.294205 0.029110 0.027955
2151 0.647260 0.822841 0.045890 0.027955
90 0.717123 0.911818 0.045205 0.028182
127 0.585445 0.619091 0.054452 0.028182
717 0.233048 0.461364 0.061301 0.028182
117 0.578253 0.899432 0.019521 0.028409
547 0.425856 0.645341 0.021575 0.028409
76 0.154110 0.406023 0.026027 0.028409
302 0.504281 0.795568 0.035959 0.028409
126 0.931849 0.473182 0.037671 0.028636
111 0.371404 0.504432 0.020205 0.028864
495 0.222774 0.827614 0.066781 0.028864
81 0.228938 0.688636 0.045548 0.029091
495 0.363527 0.360227 0.071575 0.029091
418 0.791267 0.509659 0.017466 0.029318
83 0.577226 0.673068 0.034589 0.029318
4039 0.164726 0.546364 0.041096 0.029545
91 0.714041 0.624886 0.043836 0.029773
717 0.230993 0.635341 0.061301 0.029773
79 0.510445 0.905909 0.025685 0.030000
83 0.153253 0.805909 0.028425 0.030000
418 0.503082 0.325795 0.011644 0.030227
126 0.791610 0.752841 0.042123 0.030227
85 0.652226 0.417500 0.017466 0.030455
366 0.576884 0.423636 0.038699 0.030455
60 0.159247 0.285341 0.014384 0.030682
1834 0.503082 0.362386 0.044521 0.030682
56 0.789384 0.446364 0.016438 0.030909
1834 0.718493 0.871136 0.052055 0.030909
60 0.436301 0.573977 0.021918 0.031136
646 0.437500 0.902386 0.029110 0.031136
1834 0.785103 0.548977 0.048973 0.031136
113 0.578596 0.559205 0.062671 0.031136
85 0.930308 0.728636 0.019521 0.031364
58 0.364041 0.705000 0.022603 0.031364
91 0.860788 0.623636 0.048288 0.031364
1415 0.648630 0.859659 0.046575 0.031591
1834 0.923116 0.827159 0.049658 0.031591
83 0.915925 0.404773 0.035959 0.031818
126 0.925856 0.237045 0.038014 0.031818
932 0.780822 0.717159 0.046575 0.032045
83 0.438014 0.440227 0.019178 0.032273
60 0.925685 0.506705 0.014384 0.032500
104 0.233219 0.717841 0.043836 0.032500
107 0.368493 0.566364 0.016438 0.032727
119 0.781164 0.685909 0.021233 0.032727
89 0.919178 0.884545 0.041781 0.032727
55 0.578425 0.705000 0.043151 0.032727
717 0.511301 0.831364 0.062329 0.032727
119 0.370377 0.605000 0.019521 0.033182
122 0.151712 0.321591 0.041781 0.033182
127 0.649829 0.634773 0.054452 0.033182
120 0.916438 0.793068 0.032192 0.033409
51 0.925856 0.441136 0.043493 0.033636
83 0.648630 0.289432 0.019863 0.033864
107 0.437329 0.502614 0.020548 0.033864
74 0.642637 0.539886 0.022260 0.033864
69 0.245890 0.897614 0.027397 0.033864
718 0.366952 0.433523 0.033219 0.033864
104 0.923801 0.700568 0.042808 0.033864
126 0.442637 0.262159 0.044863 0.033864
118 0.863014 0.523409 0.013699 0.034091
119 0.440753 0.541591 0.024658 0.034091
77 0.513356 0.719545 0.032877 0.034091
718 0.647432 0.326591 0.034589 0.034091
3041 0.580137 0.797955 0.045205 0.034091
122 0.579795 0.734205 0.038356 0.034318
104 0.507534 0.601250 0.039726 0.034318
4449 0.716952 0.235568 0.063356 0.034318
90 0.860103 0.588182 0.044863 0.034545
127 0.715411 0.749545 0.047260 0.034545
87 0.921918 0.756477 0.030822 0.034773
95 0.789726 0.480341 0.045890 0.034773
60 0.854623 0.725455 0.017466 0.035000
350 0.578425 0.291591 0.045205 0.035000
4132 0.504623 0.247045 0.046233 0.035000
932 0.856507 0.368636 0.049315 0.035000
127 0.723459 0.439659 0.048973 0.035227
932 0.366096 0.469773 0.046575 0.035455
1999 0.917808 0.656250 0.049315 0.035682
750 0.228425 0.351250 0.054795 0.035682
63 0.726712 0.401591 0.050000 0.035909
68 0.590240 0.765682 0.006507 0.036364
70 0.648116 0.364773 0.024315 0.036364
3136 0.930137 0.548864 0.049315 0.036818
63 0.589212 0.587955 0.056507 0.036818
4039 0.159075 0.711591 0.038014 0.037273
70 0.856678 0.804659 0.034589 0.037500
111 0.580651 0.453864 0.024315 0.037727
1999 0.433219 0.741023 0.056164 0.037955
91 0.650514 0.668295 0.057192 0.037955
95 0.438185 0.341364 0.046233 0.038182
686 0.647774 0.702841 0.038699 0.038409
127 0.651712 0.452159 0.052055 0.038409
111 0.648459 0.784318 0.042123 0.038636
90 0.716781 0.338182 0.044521 0.038636
2109 0.715240 0.193750 0.051712 0.038864
91 0.712842 0.275114 0.053767 0.038864
68 0.593493 0.860455 0.010959 0.039091
4132 0.433048 0.857614 0.044178 0.039318
3735 0.443151 0.379205 0.047945 0.039773
1952 0.923459 0.198068 0.055137 0.039773
70 0.435103 0.300682 0.025000 0.040000
68 0.163699 0.870795 0.008219 0.040227
2206 0.164897 0.511250 0.048973 0.040227
1644 0.649315 0.899432 0.049315 0.040227
121 0.164726 0.446023 0.063699 0.040227
2320 0.651370 0.744091 0.048630 0.040455
4132 0.508390 0.432159 0.040068 0.040682
71 0.860445 0.765682 0.050342 0.040909
68 0.790925 0.840568 0.008562 0.041136
1438 0.500685 0.284318 0.042466 0.041364
1584 0.717123 0.658523 0.023973 0.041591
3136 0.794521 0.361932 0.042466 0.041591
2836 0.713527 0.780455 0.043493 0.041818
750 0.716952 0.482045 0.054452 0.041818
81 0.791781 0.273068 0.045890 0.042045
68 0.240925 0.802955 0.008562 0.042273
127 0.856507 0.688864 0.049315 0.042273
76 0.436644 0.480909 0.051370 0.042727
68 0.169349 0.584091 0.011301 0.043182
53 0.644007 0.577727 0.019521 0.043182
111 0.367637 0.633750 0.022945 0.043409
836 0.229452 0.399432 0.050685 0.043864
68 0.518151 0.691364 0.007534 0.044091
68 0.510959 0.760114 0.010959 0.044318
958 0.855137 0.274773 0.028767 0.044545
836 0.715240 0.531136 0.051712 0.044545
2193 0.230822 0.499205 0.023973 0.045227
278 0.584247 0.381591 0.026027 0.046818
62 0.791096 0.312500 0.027397 0.047273
68 0.865582 0.862500 0.009932 0.047727
3439 0.647089 0.499773 0.038014 0.047727
1354 0.715411 0.706818 0.043151 0.048182
1297 0.922774 0.334545 0.038014 0.048636
883 0.576884 0.334318 0.039384 0.048636
646 0.857534 0.321818 0.034247 0.049091
3439 0.582705 0.498409 0.038699 0.049545
69 0.379795 0.821023 0.016438 0.049773
646 0.233048 0.560568 0.030479 0.049773
68 0.165753 0.781023 0.007534 0.050227
3893 0.225171 0.257614 0.052397 0.050227
646 0.512158 0.492273 0.029110 0.050455
2429 0.504966 0.198750 0.045548 0.051591
1295 0.435103 0.788864 0.028425 0.055000
1917 0.917808 0.279091 0.039726 0.055000
646 0.861986 0.435909 0.032192 0.056364
68 0.567123 0.891477 0.032192 0.056591
1125 0.783562 0.616023 0.033562 0.056591
296 0.299486 0.276932 0.024315 0.057045
68 0.453253 0.672273 0.008562 0.058182
47 0.165582 0.627500 0.031849 0.058182
2438 0.227397 0.201023 0.041781 0.058864
2197 0.720377 0.587955 0.043493 0.064545
296 0.923973 0.604773 0.033562 0.071818
