173 0.864723 0.140984 0.038366 0.012519
128 0.850523 0.478838 0.016941 0.014009
188 0.079721 0.133085 0.035874 0.014605
101 0.510713 0.813264 0.050822 0.014605
56 0.172147 0.847392 0.018435 0.014903
52 0.725710 0.902981 0.042352 0.015797
101 0.287245 0.897615 0.049327 0.015797
102 0.511460 0.885246 0.064275 0.016095
83 0.502491 0.902385 0.037369 0.016393
92 0.508719 0.394337 0.039860 0.016692
92 0.177130 0.292101 0.040359 0.016692
2689 0.506726 0.786587 0.058794 0.017884
108 0.217738 0.702235 0.020927 0.018480
92 0.620329 0.690909 0.039860 0.018480
101 0.622571 0.867660 0.059292 0.018480
120 0.294718 0.187332 0.025411 0.018778
57 0.178625 0.901639 0.032387 0.019076
52 0.730942 0.726975 0.045840 0.019076
120 0.181614 0.233532 0.019432 0.019374
1214 0.674141 0.235320 0.031888 0.019374
57 0.736672 0.846945 0.032387 0.019374
91 0.621325 0.882116 0.040857 0.019970
120 0.404584 0.260805 0.024913 0.020268
91 0.285501 0.833681 0.038864 0.020268
91 0.511460 0.723994 0.041355 0.020268
126 0.395117 0.898808 0.049826 0.020566
83 0.059043 0.833681 0.033383 0.020864
83 0.844793 0.743964 0.036373 0.020864
52 0.624813 0.171982 0.045840 0.020864
120 0.291729 0.438599 0.026408 0.021162
83 0.840060 0.567958 0.043847 0.021162
84 0.846786 0.340238 0.051320 0.021162
84 0.071749 0.235469 0.043847 0.021461
66 0.616094 0.906855 0.031390 0.021759
83 0.397359 0.679136 0.041355 0.021759
102 0.401594 0.242474 0.058794 0.021759
168 0.858994 0.596721 0.026906 0.022057
118 0.515944 0.867809 0.024415 0.022355
91 0.397857 0.806259 0.042352 0.022653
84 0.177628 0.177645 0.044345 0.022653
84 0.735177 0.552608 0.052317 0.022653
113 0.061286 0.715946 0.054808 0.022653
56 0.217738 0.681520 0.016941 0.022951
91 0.065770 0.507750 0.038864 0.022951
91 0.511460 0.658569 0.044345 0.022951
66 0.171400 0.653651 0.027902 0.023249
57 0.296462 0.207452 0.034878 0.023249
127 0.625062 0.477794 0.054310 0.023249
56 0.735426 0.374218 0.020927 0.023547
88 0.064524 0.771535 0.047334 0.023547
52 0.735675 0.395082 0.052317 0.023547
55 0.177379 0.758718 0.055805 0.023547
132 0.631540 0.418182 0.025411 0.023845
88 0.841056 0.680030 0.028899 0.024143
81 0.842800 0.810581 0.045341 0.024143
102 0.292227 0.166170 0.061286 0.024143
120 0.738416 0.667213 0.029895 0.024739
88 0.291480 0.539940 0.035874 0.024739
91 0.848779 0.200745 0.044345 0.024739
132 0.081465 0.157079 0.027404 0.025037
91 0.510214 0.257824 0.045840 0.025037
127 0.064773 0.685246 0.058794 0.025037
66 0.287245 0.387630 0.030394 0.025335
126 0.506726 0.751565 0.053812 0.025335
88 0.065770 0.592846 0.038864 0.025633
83 0.283009 0.650969 0.044843 0.025633
2203 0.515197 0.138301 0.054808 0.025633
2203 0.626557 0.281669 0.056303 0.025633
495 0.846288 0.712966 0.066268 0.025633
88 0.400349 0.360805 0.035376 0.025931
66 0.287494 0.353055 0.035874 0.025931
91 0.401096 0.556334 0.039860 0.025931
113 0.065272 0.408793 0.050822 0.025931
81 0.511460 0.462295 0.042352 0.026230
55 0.396114 0.708495 0.053812 0.026230
119 0.846537 0.870790 0.019930 0.026528
69 0.744145 0.827869 0.027404 0.026528
168 0.077479 0.438003 0.031390 0.026528
111 0.734180 0.577198 0.031390 0.026528
88 0.734679 0.420119 0.033383 0.026528
82 0.852018 0.458569 0.058794 0.026528
553 0.842053 0.533681 0.059791 0.026528
88 0.842800 0.498957 0.033383 0.026826
85 0.512207 0.528763 0.037867 0.026826
74 0.625561 0.453800 0.032387 0.027124
86 0.180867 0.408495 0.040857 0.027124
87 0.179870 0.588227 0.046836 0.027124
2203 0.065770 0.267511 0.051819 0.027124
64 0.059542 0.866766 0.024415 0.027422
168 0.640259 0.202086 0.028899 0.027422
105 0.735177 0.521610 0.041355 0.027422
2885 0.395615 0.869747 0.053812 0.027422
547 0.737419 0.278390 0.057798 0.027422
110 0.404086 0.424590 0.040857 0.027720
87 0.626308 0.618182 0.045840 0.028018
98 0.730942 0.750522 0.053812 0.028018
127 0.734928 0.489121 0.054808 0.028018
81 0.178874 0.346796 0.046836 0.028316
1282 0.176383 0.208793 0.052815 0.028316
117 0.178376 0.317139 0.019930 0.028614
87 0.507972 0.842027 0.031390 0.028614
85 0.843548 0.899553 0.034878 0.028614
113 0.620578 0.384799 0.055306 0.028614
87 0.628052 0.509538 0.044345 0.028912
118 0.623568 0.812817 0.030394 0.029210
85 0.732187 0.694188 0.033383 0.029210
2203 0.293224 0.242921 0.053313 0.029210
66 0.735675 0.348882 0.027404 0.029508
107 0.173891 0.789419 0.027902 0.029508
74 0.849776 0.175708 0.031390 0.029508
66 0.398605 0.395976 0.032885 0.029508
74 0.060787 0.895231 0.032885 0.029508
74 0.403837 0.527869 0.033383 0.029806
68 0.843049 0.842325 0.046836 0.029806
3956 0.846786 0.310283 0.050324 0.029806
53 0.287992 0.723249 0.017937 0.030104
85 0.288490 0.464232 0.034878 0.030104
110 0.289238 0.416244 0.042352 0.030104
90 0.618336 0.843964 0.048829 0.030104
53 0.062780 0.742474 0.013951 0.030402
118 0.404086 0.490313 0.023916 0.030402
2836 0.845042 0.422057 0.054808 0.030402
1575 0.288241 0.282116 0.037369 0.030700
1644 0.285252 0.576304 0.054310 0.030700
316 0.181614 0.262146 0.059292 0.030700
118 0.069507 0.663189 0.024415 0.030999
78 0.402093 0.325782 0.031888 0.030999
45 0.639761 0.251267 0.036871 0.030999
87 0.726208 0.878689 0.038366 0.030999
76 0.289238 0.139493 0.054310 0.030999
76 0.846039 0.272578 0.033881 0.031297
2885 0.511211 0.694039 0.057798 0.031297
2426 0.398854 0.837407 0.063279 0.031297
547 0.406328 0.142474 0.061286 0.031595
1575 0.618087 0.319970 0.033383 0.031893
70 0.174390 0.824590 0.034878 0.031893
53 0.401844 0.292697 0.017439 0.032191
366 0.067265 0.199702 0.053812 0.032191
981 0.179870 0.878241 0.045840 0.032489
316 0.175884 0.622206 0.055805 0.032489
2489 0.066517 0.475857 0.058296 0.032489
85 0.288989 0.755589 0.035874 0.032787
629 0.183109 0.140089 0.045341 0.032787
106 0.515446 0.498957 0.052317 0.032787
66 0.734679 0.611475 0.031390 0.033085
119 0.405580 0.774665 0.020927 0.033383
1083 0.066766 0.341580 0.038864 0.033383
68 0.072995 0.804024 0.012456 0.033681
611 0.174888 0.449031 0.058794 0.033681
76 0.402591 0.213711 0.029895 0.033979
78 0.627304 0.580924 0.031888 0.033979
69 0.076981 0.377794 0.031390 0.034277
70 0.403837 0.175410 0.036373 0.034277
4090 0.288739 0.691058 0.045341 0.034277
76 0.399103 0.457824 0.041854 0.034575
1083 0.293224 0.315648 0.049327 0.034575
106 0.513204 0.431297 0.053812 0.034575
110 0.735675 0.644560 0.043348 0.034873
106 0.182362 0.378390 0.050822 0.034873
62 0.623069 0.546349 0.044345 0.035171
59 0.852018 0.779434 0.046836 0.035768
87 0.059542 0.627869 0.034380 0.036066
45 0.185102 0.699106 0.034380 0.036066
70 0.737419 0.310432 0.034878 0.036066
1575 0.060538 0.308793 0.033383 0.036364
2426 0.852267 0.234575 0.070254 0.036364
123 0.628799 0.143219 0.024913 0.036662
165 0.174639 0.719374 0.030394 0.036662
3231 0.845042 0.376006 0.055805 0.036662
69 0.633782 0.352310 0.027902 0.036960
385 0.396612 0.593443 0.058794 0.036960
1575 0.505730 0.176602 0.037867 0.037258
2896 0.285252 0.800000 0.048331 0.038152
333 0.397857 0.747243 0.062282 0.038152
2685 0.290483 0.866617 0.054808 0.038450
68 0.740658 0.194039 0.014449 0.039344
1296 0.845042 0.637109 0.055805 0.040238
87 0.734928 0.461699 0.033881 0.040537
2320 0.512706 0.572429 0.051819 0.040835
2426 0.515695 0.355291 0.058794 0.041133
3665 0.285501 0.617139 0.050822 0.042027
296 0.625810 0.660358 0.034878 0.042623
3665 0.621076 0.775410 0.047334 0.042623
83 0.739661 0.235768 0.025411 0.042921
1984 0.731191 0.793145 0.058296 0.043517
2523 0.290483 0.508048 0.059791 0.043815
4528 0.175137 0.545604 0.037369 0.044411
2191 0.511211 0.620417 0.043847 0.045007
2255 0.622322 0.732489 0.052815 0.045007
2105 0.510463 0.302385 0.064275 0.045007
3464 0.740159 0.147541 0.054310 0.045306
2667 0.066268 0.549925 0.059791 0.045306
1111 0.176632 0.494486 0.047334 0.048882
577 0.511460 0.219225 0.051320 0.049776
3136 0.402591 0.642623 0.043847 0.050075
