246 0.260426 0.607606 0.037447 0.009055
56 0.549787 0.749774 0.013617 0.014488
92 0.394894 0.228494 0.040851 0.015696
92 0.548298 0.321914 0.039574 0.015998
56 0.707021 0.897223 0.014043 0.016601
92 0.547234 0.857380 0.031489 0.016601
56 0.469787 0.230305 0.013617 0.017507
92 0.194043 0.763507 0.034043 0.019016
91 0.273617 0.897072 0.034894 0.019922
81 0.622979 0.175370 0.049362 0.020525
56 0.196383 0.792031 0.048085 0.021129
117 0.468936 0.397374 0.016170 0.021431
66 0.254043 0.314971 0.021277 0.021431
110 0.326596 0.365228 0.025106 0.021733
52 0.539574 0.380622 0.048511 0.021733
248 0.184255 0.472080 0.049362 0.021733
248 0.695745 0.265620 0.054468 0.021733
98 0.396809 0.840175 0.042979 0.022034
126 0.475106 0.839873 0.051489 0.022034
66 0.781915 0.252339 0.019149 0.022336
56 0.629362 0.205101 0.014468 0.022638
84 0.327660 0.539541 0.042553 0.022638
113 0.329362 0.769544 0.062979 0.022638
251 0.700000 0.361908 0.051064 0.022940
117 0.182128 0.206610 0.018723 0.023242
85 0.479574 0.865832 0.011915 0.023845
117 0.259149 0.538032 0.014468 0.023845
642 0.189362 0.597495 0.035745 0.023845
107 0.395319 0.203743 0.034043 0.024147
83 0.465957 0.894959 0.045957 0.024147
83 0.403191 0.893601 0.039574 0.025053
110 0.628936 0.807425 0.034894 0.025355
83 0.335532 0.892846 0.056596 0.025355
119 0.482340 0.889375 0.020000 0.025657
66 0.626383 0.415183 0.022128 0.025657
547 0.267021 0.750528 0.042128 0.025657
118 0.631915 0.306973 0.011915 0.025958
64 0.113404 0.271053 0.017447 0.025958
66 0.546170 0.633565 0.019149 0.025958
87 0.402979 0.739813 0.034043 0.025958
118 0.337447 0.794295 0.013617 0.026260
66 0.552553 0.438424 0.021702 0.026260
501 0.188511 0.633414 0.049362 0.026260
66 0.627660 0.781165 0.021277 0.026562
55 0.184681 0.274374 0.038298 0.026562
68 0.322766 0.335044 0.045532 0.026562
58 0.780638 0.800332 0.014043 0.026864
118 0.477447 0.658768 0.014468 0.026864
107 0.329574 0.664654 0.013191 0.027166
72 0.402553 0.864171 0.026383 0.027166
53 0.323617 0.604135 0.017447 0.027468
88 0.470426 0.370208 0.033617 0.027468
85 0.781489 0.771808 0.023404 0.027769
93 0.545319 0.523393 0.027660 0.027769
76 0.393830 0.174917 0.021702 0.028071
60 0.406383 0.765620 0.022128 0.028071
51 0.701064 0.435406 0.041277 0.028071
1810 0.188298 0.665862 0.025106 0.028373
119 0.786596 0.407033 0.021702 0.028675
84 0.328511 0.701932 0.036596 0.028675
495 0.779362 0.318895 0.071064 0.028675
85 0.204043 0.895865 0.014043 0.028977
1350 0.705319 0.329912 0.035319 0.028977
83 0.542128 0.246302 0.035745 0.028977
71 0.206809 0.874736 0.050213 0.028977
111 0.705532 0.529279 0.019574 0.029279
1157 0.700638 0.295955 0.042979 0.029279
251 0.324681 0.501811 0.044255 0.029279
259 0.781489 0.518412 0.052340 0.029279
111 0.470213 0.315122 0.020426 0.029580
88 0.635957 0.885602 0.024255 0.029580
88 0.470426 0.595835 0.030213 0.029580
87 0.629362 0.666465 0.032340 0.029580
2151 0.543191 0.558708 0.041277 0.029580
91 0.777447 0.657712 0.046809 0.029580
495 0.462979 0.174766 0.074043 0.029580
118 0.196170 0.847419 0.021277 0.029882
93 0.471277 0.205705 0.031915 0.029882
79 0.324255 0.269695 0.032340 0.029882
51 0.774894 0.377754 0.041702 0.029882
89 0.394894 0.602777 0.040851 0.030184
2151 0.470851 0.761545 0.043830 0.030184
91 0.622979 0.493812 0.048511 0.030184
83 0.777872 0.342439 0.027234 0.030486
55 0.469149 0.290824 0.047234 0.030486
691 0.261489 0.715816 0.047234 0.030486
91 0.184255 0.554331 0.052766 0.030486
83 0.700000 0.495925 0.037447 0.030788
91 0.465106 0.518261 0.049362 0.030788
2159 0.559574 0.885300 0.057872 0.030788
323 0.790000 0.584968 0.060851 0.030788
119 0.470851 0.254905 0.021702 0.031090
91 0.708298 0.791277 0.050638 0.031090
1375 0.707660 0.755660 0.051064 0.031090
107 0.550213 0.662542 0.043404 0.031391
691 0.396383 0.485361 0.043830 0.031391
323 0.399149 0.409900 0.058723 0.031391
548 0.398723 0.565801 0.022128 0.031693
88 0.398511 0.443858 0.036170 0.031693
87 0.195319 0.816330 0.037447 0.031693
60 0.192766 0.298219 0.019574 0.031995
60 0.401277 0.626924 0.021277 0.031995
83 0.620213 0.383640 0.032766 0.031995
88 0.255532 0.386659 0.032766 0.031995
74 0.707234 0.638696 0.035745 0.031995
51 0.468723 0.628735 0.045532 0.031995
366 0.333191 0.738605 0.047660 0.031995
4260 0.403191 0.666616 0.024255 0.032297
88 0.548723 0.834138 0.027660 0.032297
330 0.395106 0.525958 0.031915 0.032297
95 0.626170 0.232871 0.038723 0.032297
126 0.786596 0.222608 0.040426 0.032297
113 0.470638 0.730305 0.046809 0.032297
76 0.628723 0.599759 0.025957 0.032599
87 0.710851 0.671295 0.038723 0.032599
93 0.703617 0.229248 0.025957 0.032901
1834 0.544255 0.800634 0.045957 0.032901
71 0.480000 0.691518 0.026383 0.033203
683 0.193617 0.429520 0.052766 0.033203
118 0.329787 0.633716 0.015319 0.033504
4429 0.630000 0.842892 0.043830 0.033504
126 0.781915 0.738756 0.046383 0.033504
53 0.327447 0.569273 0.012340 0.033806
366 0.710851 0.827649 0.046383 0.033806
126 0.551489 0.693933 0.048511 0.033806
96 0.630213 0.571536 0.051064 0.034108
98 0.539574 0.773166 0.060426 0.034108
119 0.264043 0.567612 0.021702 0.034712
81 0.700851 0.470721 0.040851 0.034712
126 0.328085 0.302294 0.042553 0.034712
3687 0.269574 0.872472 0.050638 0.034712
278 0.785745 0.552369 0.021702 0.035014
253 0.182979 0.170842 0.036596 0.035014
107 0.255319 0.343495 0.038298 0.035014
83 0.778936 0.837006 0.034468 0.035617
83 0.257447 0.830969 0.040851 0.035617
1375 0.540213 0.600966 0.061702 0.035617
72 0.112340 0.302294 0.030638 0.035919
119 0.183617 0.236644 0.025106 0.036221
259 0.394468 0.339270 0.055319 0.036221
87 0.550426 0.179143 0.036170 0.036523
3025 0.781915 0.625264 0.037872 0.036523
62 0.783404 0.433595 0.038298 0.036523
81 0.545106 0.218080 0.040000 0.036523
111 0.402766 0.705705 0.020851 0.036825
105 0.714894 0.597344 0.046809 0.036825
91 0.110426 0.230909 0.052340 0.036825
98 0.544043 0.411108 0.060851 0.036825
278 0.399149 0.377151 0.021277 0.037126
68 0.341489 0.874132 0.008936 0.037428
98 0.458085 0.346514 0.065106 0.037428
85 0.710426 0.562179 0.014894 0.037730
119 0.188936 0.341835 0.023830 0.037730
562 0.248511 0.233474 0.040851 0.037730
1777 0.467234 0.560066 0.050213 0.037730
1777 0.471277 0.807576 0.057447 0.037730
119 0.474468 0.427407 0.022979 0.038032
4429 0.777021 0.186840 0.040000 0.038032
85 0.548936 0.348174 0.015319 0.038334
552 0.701915 0.396468 0.057447 0.038334
120 0.714255 0.712043 0.037021 0.038636
83 0.184894 0.383338 0.040426 0.038636
81 0.549362 0.732871 0.045957 0.038636
120 0.627447 0.635829 0.040426 0.038938
85 0.394043 0.297615 0.014468 0.039239
119 0.633191 0.700875 0.024681 0.039239
101 0.624255 0.274072 0.040000 0.039239
4064 0.332979 0.834138 0.049787 0.039541
3047 0.402128 0.802898 0.042553 0.039843
83 0.322340 0.396468 0.031064 0.040145
78 0.625106 0.534108 0.032340 0.040145
629 0.264255 0.667371 0.046809 0.041050
3294 0.628298 0.745397 0.042128 0.041956
70 0.315957 0.237096 0.051489 0.041956
68 0.784255 0.283731 0.008511 0.042258
3942 0.254468 0.183519 0.040851 0.042258
3080 0.779787 0.698461 0.048085 0.042861
3735 0.784894 0.882433 0.041277 0.043163
4235 0.256809 0.434953 0.047234 0.043465
120 0.781064 0.478117 0.042128 0.044069
2598 0.117660 0.181256 0.018298 0.044371
58 0.627872 0.451856 0.034468 0.044673
121 0.393191 0.252188 0.023830 0.044974
1831 0.551277 0.289164 0.034468 0.045276
1297 0.703191 0.863417 0.045532 0.045578
753 0.471064 0.474796 0.064681 0.046484
121 0.547447 0.481135 0.025957 0.047087
121 0.251915 0.272110 0.025532 0.048596
4483 0.323830 0.182916 0.028936 0.048898
2622 0.326170 0.448083 0.048085 0.049200
1879 0.189362 0.510715 0.032340 0.050709
121 0.703191 0.186689 0.026809 0.051615
68 0.268298 0.792333 0.007234 0.051917
68 0.623830 0.341232 0.012766 0.055841
3684 0.263830 0.489436 0.048511 0.062481
88 0.191064 0.720042 0.013617 0.064896
68 0.114681 0.369756 0.008936 0.089949
