246 0.240830 0.316750 0.034749 0.004679
246 0.340251 0.719900 0.046332 0.006238
246 0.118002 0.358546 0.051641 0.007174
52 0.728523 0.194947 0.021718 0.007486
297 0.166023 0.538366 0.024131 0.007486
297 0.170849 0.109326 0.018340 0.007798
209 0.222973 0.468185 0.012548 0.008110
297 0.726351 0.740487 0.022201 0.008110
297 0.727558 0.176232 0.023649 0.008110
173 0.684122 0.199938 0.028475 0.008110
52 0.169402 0.560667 0.018340 0.008422
297 0.621380 0.568309 0.024614 0.008734
173 0.232625 0.720368 0.032819 0.009046
173 0.123793 0.124298 0.034266 0.009046
56 0.727558 0.186525 0.012066 0.009357
52 0.728764 0.765128 0.019305 0.009357
297 0.277992 0.688397 0.024131 0.009357
52 0.277510 0.710543 0.024131 0.009357
173 0.122104 0.561759 0.033784 0.009357
52 0.621380 0.591235 0.022683 0.009669
209 0.125724 0.717717 0.012066 0.009981
52 0.172539 0.131316 0.022683 0.010605
297 0.918919 0.835309 0.027027 0.010605
92 0.814913 0.164691 0.029440 0.010605
101 0.921332 0.879757 0.030888 0.010917
146 0.807915 0.635995 0.024131 0.011229
297 0.880792 0.835309 0.032819 0.011229
56 0.276786 0.700094 0.013996 0.011541
56 0.171332 0.120087 0.013514 0.011853
56 0.620174 0.580474 0.013514 0.011853
162 0.239382 0.426544 0.023166 0.012165
56 0.885376 0.849657 0.015927 0.012477
56 0.919160 0.851840 0.016892 0.012477
200 0.814189 0.652527 0.032819 0.012477
56 0.727799 0.754055 0.013514 0.012789
56 0.166988 0.550062 0.015444 0.012789
52 0.881998 0.862289 0.028475 0.012789
52 0.903716 0.734092 0.047780 0.014036
209 0.577461 0.412976 0.011100 0.014348
190 0.345801 0.433874 0.026544 0.014348
120 0.918436 0.911884 0.018340 0.014660
127 0.730454 0.222551 0.025579 0.014660
190 0.686052 0.522614 0.029440 0.014660
92 0.452220 0.742202 0.039575 0.014660
93 0.731178 0.207735 0.022201 0.014972
60 0.238900 0.331878 0.024131 0.014972
91 0.883446 0.878977 0.026544 0.014972
127 0.729971 0.798191 0.028475 0.014972
92 0.229971 0.815814 0.037162 0.015284
83 0.777510 0.609170 0.024131 0.015596
190 0.575772 0.398004 0.028958 0.015596
92 0.452220 0.246725 0.045367 0.015596
83 0.821670 0.534779 0.023649 0.015908
57 0.796573 0.803026 0.028475 0.015908
203 0.683880 0.792420 0.039575 0.015908
92 0.563465 0.815502 0.041023 0.015908
127 0.279923 0.738927 0.027027 0.016220
52 0.919402 0.866188 0.027027 0.016220
203 0.577220 0.618216 0.036680 0.016220
89 0.233349 0.876482 0.050676 0.016220
209 0.348456 0.449314 0.012548 0.016532
93 0.281129 0.724111 0.023649 0.016532
91 0.822876 0.609950 0.028958 0.016532
56 0.675917 0.738615 0.021718 0.016843
88 0.822876 0.420462 0.025097 0.016843
166 0.920125 0.812695 0.015927 0.017155
120 0.781853 0.134591 0.023166 0.017155
127 0.622104 0.624610 0.027027 0.017155
166 0.241795 0.298503 0.012548 0.017467
91 0.103523 0.642857 0.026544 0.017467
92 0.776544 0.405490 0.027992 0.017467
115 0.821429 0.350281 0.032819 0.017467
88 0.905888 0.517155 0.044402 0.017467
179 0.682432 0.505770 0.022201 0.017779
93 0.624035 0.607143 0.024131 0.017779
91 0.819498 0.245633 0.027027 0.017779
91 0.904923 0.449938 0.040541 0.017779
553 0.817809 0.225983 0.041988 0.017779
52 0.674710 0.720368 0.044402 0.017779
78 0.240589 0.348409 0.022683 0.018091
132 0.226834 0.455084 0.024131 0.018091
68 0.780164 0.116968 0.031371 0.018091
91 0.786921 0.885839 0.037162 0.018091
56 0.819015 0.181847 0.039575 0.018091
91 0.905888 0.389426 0.042471 0.018403
26 0.118967 0.613693 0.065154 0.018403
120 0.338079 0.169994 0.022683 0.018715
91 0.208494 0.327199 0.025097 0.018715
92 0.229247 0.662196 0.039575 0.018715
65 0.567809 0.837180 0.041023 0.018715
93 0.732143 0.781192 0.023166 0.019027
56 0.566844 0.561291 0.026544 0.019027
192 0.128378 0.306457 0.031853 0.019027
123 0.337355 0.861666 0.038610 0.019027
92 0.788610 0.904398 0.039575 0.019027
52 0.335183 0.772458 0.042954 0.019027
65 0.572635 0.220680 0.043919 0.019027
52 0.117761 0.795852 0.046332 0.019027
92 0.822876 0.492826 0.021236 0.019339
1871 0.781129 0.204928 0.028475 0.019339
91 0.791264 0.763568 0.028475 0.019339
92 0.564431 0.689333 0.041023 0.019339
113 0.675676 0.844354 0.050193 0.019339
134 0.682432 0.214130 0.016409 0.019651
92 0.567809 0.198222 0.041023 0.019651
65 0.685087 0.347006 0.041023 0.019651
123 0.905647 0.541329 0.043919 0.019651
134 0.229488 0.737056 0.017857 0.019963
56 0.457770 0.408609 0.018822 0.019963
120 0.907095 0.212726 0.023649 0.019963
252 0.916747 0.894573 0.024614 0.019963
51 0.779681 0.258578 0.027510 0.019963
134 0.682191 0.771522 0.015927 0.020274
134 0.575772 0.595914 0.019305 0.020274
109 0.209701 0.346694 0.028475 0.020274
109 0.102799 0.661728 0.031853 0.020274
134 0.124759 0.576419 0.012066 0.020586
132 0.921091 0.256394 0.025579 0.020586
92 0.673986 0.674672 0.041988 0.020586
55 0.793919 0.743606 0.047297 0.020586
89 0.905405 0.613849 0.049228 0.020586
47 0.103041 0.588428 0.017857 0.020898
56 0.907577 0.562851 0.018822 0.020898
132 0.124035 0.701965 0.027992 0.020898
92 0.116313 0.775889 0.037645 0.020898
113 0.226351 0.244386 0.049228 0.020898
76 0.132481 0.664067 0.020753 0.021210
84 0.677606 0.653774 0.041506 0.021210
134 0.234797 0.405646 0.018822 0.021522
87 0.229488 0.898784 0.035232 0.021522
84 0.682432 0.322052 0.039575 0.021522
84 0.568774 0.177636 0.043919 0.021522
68 0.796815 0.784155 0.007722 0.021834
120 0.568050 0.536806 0.026062 0.021834
135 0.206322 0.432626 0.027510 0.021834
65 0.343629 0.267623 0.045367 0.021834
3735 0.777751 0.526357 0.031371 0.022146
113 0.904199 0.472396 0.041988 0.022146
134 0.123552 0.139114 0.017375 0.022458
47 0.781371 0.499688 0.026062 0.022458
122 0.777268 0.480037 0.026544 0.022458
67 0.683639 0.371179 0.040058 0.022458
92 0.226593 0.590767 0.041988 0.022458
77 0.908301 0.787274 0.043436 0.022458
52 0.229730 0.682782 0.046332 0.022458
127 0.678330 0.144105 0.048745 0.022458
499 0.681467 0.548347 0.056950 0.022458
85 0.230454 0.827667 0.015927 0.022770
107 0.775820 0.330162 0.030405 0.022770
66 0.678089 0.818309 0.033784 0.022770
84 0.565154 0.796163 0.038610 0.022770
52 0.337355 0.671397 0.042471 0.022770
126 0.823359 0.469120 0.023166 0.023082
85 0.121863 0.873674 0.024614 0.023082
168 0.919884 0.234248 0.028958 0.023082
1341 0.778475 0.552714 0.030888 0.023082
64 0.447876 0.693075 0.031853 0.023082
2025 0.819739 0.328759 0.041023 0.023082
102 0.337355 0.149095 0.050193 0.023082
45 0.686052 0.761697 0.059363 0.023082
47 0.825048 0.589052 0.029440 0.023394
125 0.821670 0.372583 0.030405 0.023394
57 0.458736 0.312071 0.031371 0.023394
76 0.338803 0.694479 0.033784 0.023394
62 0.340975 0.882876 0.036197 0.023394
121 0.560087 0.667966 0.042954 0.023394
87 0.777268 0.307548 0.025579 0.023706
64 0.561293 0.644417 0.027992 0.023706
95 0.777027 0.384903 0.028958 0.023706
87 0.903234 0.190892 0.031371 0.023706
67 0.573600 0.247037 0.041023 0.023706
113 0.117761 0.486588 0.048263 0.023706
125 0.776544 0.360418 0.029923 0.024017
87 0.817085 0.144885 0.030888 0.024017
45 0.125483 0.691360 0.061776 0.024017
126 0.779199 0.180287 0.025579 0.024329
330 0.778958 0.233313 0.031853 0.024329
77 0.683398 0.168746 0.040541 0.024329
84 0.451737 0.898939 0.040541 0.024329
45 0.233591 0.710855 0.055985 0.024329
119 0.822153 0.515128 0.019788 0.024641
107 0.132963 0.641142 0.019788 0.024641
53 0.905888 0.496101 0.020270 0.024641
126 0.346042 0.906893 0.032819 0.024641
88 0.226110 0.567218 0.040058 0.024641
253 0.906371 0.360418 0.045367 0.024641
72 0.564913 0.335153 0.046815 0.024641
45 0.684363 0.496101 0.049228 0.024641
45 0.575531 0.586556 0.063224 0.024641
68 0.782095 0.155646 0.006274 0.024953
119 0.778716 0.281036 0.017857 0.024953
4133 0.616313 0.383344 0.031853 0.024953
4133 0.276062 0.768559 0.032819 0.024953
84 0.336149 0.240487 0.038127 0.024953
68 0.821429 0.203213 0.005792 0.025265
85 0.449083 0.844510 0.017857 0.025265
1575 0.881757 0.905334 0.027992 0.025265
117 0.777510 0.456020 0.022201 0.025577
111 0.904199 0.680911 0.030405 0.025577
3674 0.818774 0.268871 0.040058 0.025577
67 0.342423 0.295696 0.043919 0.025577
67 0.569257 0.865253 0.044884 0.025577
127 0.121139 0.216469 0.050193 0.025577
135 0.134653 0.332346 0.024131 0.025889
58 0.776786 0.430287 0.024614 0.025889
64 0.450772 0.474267 0.032819 0.025889
746 0.796091 0.829226 0.061293 0.025889
119 0.680019 0.395508 0.023166 0.026201
72 0.447635 0.154086 0.042954 0.026201
118 0.908784 0.586556 0.018340 0.026513
127 0.121380 0.848253 0.045849 0.026513
91 0.567326 0.148160 0.041023 0.026825
89 0.569257 0.360886 0.047780 0.026825
102 0.454151 0.601684 0.054054 0.026825
111 0.791023 0.861666 0.024131 0.027137
1575 0.820222 0.400343 0.030405 0.027137
145 0.243485 0.379133 0.032336 0.027137
87 0.674710 0.119308 0.034749 0.027137
87 0.676641 0.899095 0.039575 0.027137
76 0.452461 0.574704 0.040058 0.027137
181 0.208736 0.407361 0.023649 0.027449
53 0.121622 0.898939 0.026062 0.027449
60 0.225627 0.183718 0.043919 0.027449
74 0.118002 0.189800 0.025579 0.027760
4133 0.170608 0.177012 0.031371 0.027760
77 0.815396 0.118996 0.037162 0.027760
89 0.451496 0.181067 0.046815 0.027760
118 0.232143 0.854336 0.021236 0.028072
111 0.564913 0.120711 0.023649 0.028072
87 0.673504 0.697442 0.030405 0.028072
77 0.458977 0.381784 0.040541 0.028072
45 0.234315 0.766999 0.056467 0.028072
60 0.118002 0.425920 0.041988 0.028384
45 0.686535 0.198846 0.058398 0.028384
68 0.225145 0.121647 0.046815 0.028696
121 0.229730 0.269183 0.055985 0.028696
45 0.572394 0.393013 0.066602 0.028696
45 0.125483 0.555833 0.068533 0.028696
107 0.567085 0.303961 0.029923 0.029008
3032 0.826496 0.444323 0.048745 0.029008
53 0.676400 0.868684 0.019788 0.029320
316 0.680985 0.573300 0.058880 0.029320
119 0.339768 0.323300 0.022201 0.029632
85 0.567568 0.511073 0.024131 0.029632
119 0.446911 0.871959 0.028958 0.029632
4133 0.166506 0.684186 0.030888 0.029632
55 0.338803 0.568465 0.052124 0.029632
107 0.453909 0.622583 0.025579 0.029944
4416 0.905888 0.325639 0.046332 0.029944
74 0.338803 0.475827 0.029923 0.030256
107 0.449324 0.119931 0.031853 0.030256
4133 0.726351 0.489239 0.033784 0.030256
84 0.338079 0.536962 0.037162 0.030256
121 0.449566 0.719744 0.042954 0.030256
4133 0.391892 0.425764 0.035714 0.030568
87 0.118967 0.246569 0.032336 0.030880
93 0.121380 0.820805 0.036197 0.030880
121 0.336631 0.506394 0.041023 0.030880
76 0.333253 0.122115 0.043919 0.030880
119 0.227558 0.213038 0.028475 0.031192
83 0.225627 0.151279 0.035232 0.031192
4416 0.793678 0.717717 0.049710 0.031192
2489 0.902510 0.760449 0.055985 0.031192
119 0.564913 0.893793 0.022683 0.031503
107 0.677606 0.424361 0.028958 0.031503
107 0.335666 0.357455 0.027510 0.031815
45 0.125000 0.122271 0.068533 0.031815
87 0.901544 0.711167 0.032819 0.032439
70 0.677124 0.461946 0.027992 0.033063
126 0.567568 0.478166 0.036680 0.033063
70 0.337355 0.798035 0.024131 0.033375
94 0.341216 0.745633 0.034749 0.033375
126 0.454875 0.539457 0.050676 0.033375
95 0.450048 0.813631 0.050676 0.033375
3697 0.819498 0.298503 0.032819 0.033687
119 0.566361 0.275889 0.023649 0.033999
118 0.119208 0.279008 0.027027 0.033999
74 0.335183 0.831722 0.030405 0.033999
1920 0.117037 0.390050 0.051641 0.033999
1126 0.823118 0.563631 0.034266 0.034311
119 0.118485 0.457424 0.020753 0.034623
118 0.457770 0.435901 0.023649 0.034623
70 0.451737 0.658921 0.031853 0.034623
78 0.338079 0.600593 0.041988 0.034623
70 0.336631 0.394885 0.035232 0.034934
1418 0.908784 0.160636 0.053089 0.034934
2599 0.906371 0.417187 0.036680 0.035246
121 0.453185 0.504991 0.043436 0.035558
45 0.356902 0.433250 0.048745 0.035558
2820 0.448842 0.218029 0.055019 0.035558
2820 0.450531 0.772926 0.056467 0.035558
918 0.901062 0.121959 0.065637 0.035558
45 0.126931 0.176232 0.069498 0.035558
81 0.336149 0.642077 0.043919 0.035870
4196 0.228041 0.788366 0.053571 0.035870
4144 0.222973 0.535870 0.055985 0.036182
3231 0.114865 0.742358 0.056950 0.036182
68 0.776544 0.582502 0.019305 0.036494
4484 0.675434 0.247349 0.064189 0.036806
2599 0.904199 0.647380 0.037162 0.037118
121 0.119450 0.517623 0.038127 0.038366
2489 0.560328 0.765596 0.062741 0.038366
2429 0.680019 0.288833 0.055985 0.038677
2489 0.336631 0.205708 0.060328 0.038989
4133 0.222732 0.496725 0.054537 0.039613
2619 0.790541 0.679507 0.055985 0.039613
3231 0.226351 0.627885 0.055019 0.039925
2619 0.908060 0.286650 0.057432 0.040549
1065 0.452461 0.346694 0.062259 0.042109
4196 0.564189 0.442608 0.078185 0.042420
959 0.561293 0.720524 0.050193 0.044292
3375 0.452944 0.277760 0.058398 0.047723
3340 0.680985 0.610886 0.058880 0.053337
