246 0.888090 0.316969 0.042247 0.009851
128 0.345618 0.868764 0.006292 0.011439
56 0.650337 0.647760 0.016180 0.012393
92 0.654831 0.804258 0.032360 0.013982
92 0.960000 0.585637 0.021573 0.014617
92 0.265618 0.396886 0.037753 0.014617
92 0.651011 0.597553 0.034607 0.015570
92 0.890112 0.207817 0.032809 0.015888
93 0.496180 0.332380 0.036854 0.015888
113 0.333034 0.887671 0.062921 0.016841
93 0.886966 0.649984 0.039101 0.017477
56 0.182022 0.480775 0.049438 0.017795
57 0.501798 0.390054 0.033708 0.018112
57 0.734157 0.561169 0.030112 0.018430
698 0.655506 0.211789 0.026517 0.019384
101 0.339551 0.486972 0.051685 0.020019
297 0.961124 0.516683 0.048989 0.020337
66 0.424270 0.793454 0.017079 0.020972
52 0.881573 0.458214 0.045393 0.020972
547 0.423820 0.156657 0.047640 0.020972
1002 0.491910 0.657769 0.065169 0.020972
64 0.258427 0.648713 0.018876 0.021290
110 0.725843 0.436130 0.021573 0.021290
92 0.885618 0.703527 0.015730 0.021608
66 0.343820 0.850175 0.018876 0.021926
66 0.811910 0.685256 0.020225 0.021926
83 0.574157 0.293772 0.032809 0.021926
83 0.322472 0.919447 0.039101 0.021926
66 0.418652 0.186527 0.018427 0.022243
88 0.968315 0.914522 0.025618 0.022243
95 0.892809 0.916746 0.049888 0.022243
113 0.645169 0.573562 0.062472 0.022243
120 0.657079 0.875437 0.014382 0.022879
66 0.655506 0.779314 0.022921 0.023197
91 0.257303 0.576263 0.040899 0.023197
98 0.330337 0.580712 0.045843 0.023197
126 0.809213 0.654909 0.048989 0.023514
1415 0.424045 0.299968 0.058876 0.023514
58 0.340225 0.912456 0.018876 0.023832
88 0.966966 0.708611 0.021124 0.024150
91 0.813258 0.238004 0.051685 0.024150
70 0.413483 0.820464 0.058427 0.024150
1214 0.965843 0.889895 0.033258 0.024468
91 0.652809 0.752304 0.049888 0.024468
117 0.493258 0.455672 0.016629 0.024786
52 0.727416 0.660311 0.047191 0.024786
111 0.958876 0.399905 0.016629 0.025103
126 0.728090 0.349221 0.046742 0.025421
91 0.258876 0.503337 0.049438 0.025421
101 0.726517 0.691770 0.058876 0.025421
111 0.500449 0.184461 0.020225 0.025739
56 0.180899 0.754369 0.013933 0.026057
119 0.663596 0.828408 0.021124 0.026057
95 0.886067 0.759453 0.045393 0.026057
126 0.888090 0.573244 0.051236 0.026057
111 0.505169 0.871465 0.018876 0.026374
1810 0.963371 0.557515 0.022921 0.026374
87 0.805618 0.476168 0.025618 0.026374
56 0.342247 0.458691 0.040899 0.026374
356 0.421124 0.767239 0.045843 0.026374
118 0.190112 0.538290 0.013483 0.026692
91 0.882921 0.785987 0.049888 0.027010
1002 0.183371 0.334128 0.063820 0.027010
55 0.503371 0.847156 0.043146 0.027328
55 0.499326 0.158246 0.047640 0.027328
67 0.266292 0.614395 0.037303 0.027645
55 0.340899 0.348109 0.047191 0.027645
113 0.571461 0.205593 0.048989 0.027963
88 0.420449 0.563870 0.031011 0.028281
89 0.960674 0.484112 0.042697 0.028281
95 0.497079 0.218939 0.043146 0.028599
85 0.343596 0.693518 0.011236 0.028916
111 0.494831 0.806323 0.016180 0.028916
83 0.571910 0.742135 0.018427 0.028916
119 0.731011 0.252145 0.027416 0.028916
88 0.576854 0.824754 0.027416 0.028916
978 0.268764 0.424690 0.051236 0.028916
91 0.414157 0.693835 0.051685 0.028916
123 0.180899 0.726088 0.017528 0.029234
83 0.960225 0.734986 0.032809 0.029234
91 0.651236 0.245631 0.048539 0.029234
91 0.335506 0.381633 0.048989 0.029234
91 0.261798 0.870670 0.049888 0.029234
98 0.952135 0.376549 0.053483 0.029234
57 0.655506 0.403718 0.029213 0.029552
4036 0.498202 0.771687 0.036404 0.029552
91 0.491236 0.687480 0.047640 0.029552
85 0.263146 0.724500 0.011236 0.029870
85 0.728090 0.631077 0.012584 0.029870
118 0.652809 0.624086 0.015730 0.029870
117 0.730112 0.221640 0.017528 0.030187
4086 0.884944 0.885764 0.035955 0.030187
98 0.878427 0.487289 0.055281 0.030187
93 0.656404 0.494757 0.024719 0.030505
4486 0.962472 0.863044 0.039101 0.030505
1895 0.812135 0.273276 0.055730 0.030505
85 0.501124 0.520655 0.012584 0.030823
85 0.891011 0.427232 0.014831 0.030823
62 0.964270 0.345249 0.022022 0.030823
88 0.420449 0.429139 0.025618 0.030823
91 0.805843 0.159994 0.045843 0.030823
118 0.883146 0.730537 0.017978 0.031141
1880 0.422247 0.905307 0.027416 0.031141
126 0.964494 0.228472 0.043146 0.031141
85 0.578652 0.413568 0.013034 0.031459
92 0.885169 0.361773 0.022022 0.031459
119 0.579326 0.907372 0.022472 0.031459
88 0.342697 0.816969 0.029213 0.031776
70 0.731910 0.830473 0.017528 0.032094
88 0.268764 0.258500 0.030562 0.032094
78 0.181348 0.785987 0.032809 0.032094
91 0.176854 0.701462 0.059775 0.032094
111 0.172584 0.821417 0.035056 0.032412
120 0.727865 0.717191 0.045393 0.032412
119 0.499551 0.484747 0.022921 0.032730
88 0.649438 0.330950 0.027865 0.032730
2707 0.350112 0.248650 0.029663 0.032730
88 0.190112 0.448840 0.030562 0.032730
4389 0.965843 0.836511 0.044045 0.032730
118 0.886742 0.394344 0.016180 0.033047
83 0.415056 0.267239 0.033708 0.033047
120 0.340674 0.513823 0.040449 0.033047
90 0.726966 0.597077 0.040899 0.033047
2489 0.653933 0.535431 0.053933 0.033047
70 0.333933 0.726565 0.049438 0.033365
316 0.964494 0.808548 0.065618 0.033365
88 0.348539 0.210995 0.030112 0.033683
683 0.189213 0.257070 0.062022 0.033683
83 0.565618 0.489832 0.040899 0.034001
123 0.493258 0.363521 0.017528 0.034318
83 0.887416 0.285351 0.033708 0.034318
253 0.192809 0.369241 0.034157 0.034318
2718 0.416404 0.732444 0.050787 0.034318
59 0.198876 0.507309 0.031011 0.034636
120 0.343596 0.758977 0.037303 0.034636
87 0.179101 0.864951 0.031910 0.034954
83 0.804494 0.760089 0.032360 0.034954
509 0.265843 0.906578 0.037303 0.034954
1420 0.960000 0.267239 0.041348 0.034954
1559 0.424944 0.461233 0.048989 0.035272
1559 0.658202 0.671910 0.052584 0.035272
111 0.410112 0.342231 0.038202 0.035589
3735 0.567640 0.712266 0.050337 0.035907
71 0.194157 0.573403 0.055730 0.035907
83 0.251910 0.758818 0.039101 0.036225
4555 0.810562 0.799174 0.043596 0.036225
111 0.652809 0.909120 0.049888 0.036225
4162 0.262697 0.543216 0.030112 0.036543
886 0.727640 0.754210 0.058427 0.036543
86 0.814831 0.508262 0.025169 0.037178
95 0.508315 0.904830 0.052135 0.037178
121 0.962697 0.306006 0.020674 0.037496
92 0.577978 0.164760 0.018876 0.037814
1562 0.969438 0.772641 0.034157 0.037814
1039 0.192135 0.218144 0.057079 0.037814
60 0.177079 0.899905 0.026966 0.038132
686 0.343371 0.658723 0.046742 0.038132
107 0.274157 0.164760 0.028764 0.038449
62 0.657079 0.844455 0.040449 0.038449
1559 0.582022 0.449793 0.047640 0.038449
3807 0.492135 0.563235 0.062921 0.038449
253 0.192135 0.295520 0.032809 0.038767
976 0.893034 0.848745 0.043146 0.038767
672 0.881124 0.682237 0.058876 0.038767
1197 0.266067 0.834287 0.044944 0.039085
70 0.647191 0.377026 0.048539 0.039085
3384 0.263146 0.800604 0.046292 0.039720
126 0.734607 0.792183 0.058876 0.040038
51 0.495506 0.255005 0.034607 0.040356
675 0.260225 0.465205 0.053034 0.040674
68 0.812360 0.718303 0.008539 0.040991
83 0.720225 0.470766 0.038202 0.040991
2468 0.579775 0.783762 0.039551 0.040991
3307 0.797303 0.381792 0.071011 0.040991
83 0.726742 0.907372 0.045843 0.041627
1587 0.803820 0.840642 0.047191 0.041627
1607 0.342697 0.545440 0.048989 0.041627
3080 0.653708 0.289323 0.049888 0.041627
2864 0.409213 0.390372 0.064270 0.041627
316 0.342921 0.789482 0.073708 0.041627
3984 0.495281 0.421354 0.044045 0.041945
68 0.346966 0.611853 0.009888 0.042262
3945 0.967865 0.624563 0.048090 0.042262
322 0.268764 0.301398 0.076404 0.042262
1319 0.420674 0.606609 0.048539 0.042580
2530 0.809213 0.200508 0.054382 0.042580
4619 0.808764 0.556403 0.057978 0.042580
121 0.491236 0.299492 0.037753 0.042898
59 0.737528 0.862885 0.038652 0.042898
2844 0.569663 0.372100 0.050787 0.043216
98 0.568315 0.326660 0.059775 0.043216
3665 0.890337 0.615030 0.044045 0.043534
4646 0.414157 0.652685 0.053483 0.043851
1584 0.654607 0.713854 0.034607 0.044169
1831 0.350562 0.167620 0.036854 0.044169
1551 0.724719 0.518907 0.060674 0.044487
1297 0.963146 0.670639 0.034157 0.044805
4609 0.650337 0.168255 0.050337 0.044805
1142 0.264494 0.686845 0.058876 0.044805
1444 0.571461 0.250715 0.047191 0.045122
3153 0.189663 0.167779 0.062921 0.045122
1824 0.578652 0.538132 0.028315 0.045440
121 0.646742 0.450747 0.044045 0.045440
121 0.421124 0.224182 0.025169 0.046076
1856 0.955955 0.441690 0.036854 0.047029
1581 0.572360 0.667938 0.046292 0.047029
3798 0.888315 0.168732 0.045393 0.047664
4164 0.888989 0.532571 0.045843 0.047664
121 0.890562 0.245631 0.040899 0.048300
2959 0.577528 0.864315 0.054831 0.048935
3172 0.185393 0.616460 0.057978 0.048935
316 0.191461 0.412456 0.066517 0.048935
1945 0.802472 0.610899 0.050787 0.049253
47 0.350562 0.409120 0.034157 0.051160
959 0.804719 0.432316 0.055281 0.051160
3868 0.816180 0.899428 0.044944 0.052431
1125 0.267191 0.355259 0.035506 0.053384
957 0.877079 0.813314 0.047191 0.053702
3739 0.343596 0.301239 0.042697 0.054020
296 0.422921 0.859708 0.032360 0.054973
3353 0.174607 0.665396 0.057079 0.055291
1114 0.807191 0.327772 0.041348 0.055609
1583 0.726517 0.304417 0.047191 0.057197
68 0.730112 0.396092 0.006742 0.058151
1125 0.730562 0.173340 0.041798 0.058786
296 0.961798 0.179218 0.031461 0.060375
68 0.501124 0.610264 0.006292 0.065141
296 0.498652 0.719098 0.036404 0.066095
68 0.421573 0.510804 0.006292 0.070226
68 0.572809 0.599301 0.006742 0.071179
