246 0.427400 0.830786 0.045200 0.005197
246 0.145000 0.593397 0.060400 0.005503
246 0.427000 0.452767 0.053200 0.006726
246 0.612800 0.618007 0.060800 0.007643
246 0.609600 0.807551 0.060800 0.007643
246 0.425200 0.622134 0.058400 0.007949
246 0.614400 0.450321 0.059200 0.007949
56 0.065600 0.318251 0.017600 0.009783
92 0.066400 0.343626 0.036800 0.012840
56 0.340600 0.351422 0.016400 0.014980
110 0.058800 0.661113 0.028800 0.014980
92 0.244600 0.486243 0.035600 0.016203
120 0.342600 0.835371 0.022000 0.021094
64 0.153600 0.872975 0.031200 0.021706
499 0.160400 0.440997 0.071200 0.022317
88 0.059000 0.847142 0.008400 0.023846
120 0.701800 0.577652 0.022800 0.024152
52 0.056200 0.370987 0.053200 0.024152
68 0.063000 0.636655 0.056400 0.024763
83 0.059800 0.874656 0.046000 0.025069
251 0.153200 0.709569 0.056800 0.026292
1810 0.702400 0.333843 0.024000 0.026903
64 0.336000 0.284011 0.027200 0.026903
88 0.334600 0.461174 0.010000 0.027209
287 0.701200 0.604861 0.071200 0.027209
83 0.703000 0.770865 0.046800 0.027820
119 0.066200 0.694283 0.016400 0.028126
117 0.248600 0.668450 0.018000 0.028432
302 0.150800 0.801437 0.047200 0.028432
126 0.343400 0.377255 0.062000 0.028737
117 0.065600 0.553806 0.021600 0.029043
117 0.339600 0.529502 0.014400 0.029349
3136 0.709000 0.737236 0.046000 0.030266
88 0.522600 0.445277 0.055600 0.030266
60 0.699600 0.702843 0.016000 0.030572
83 0.334800 0.498013 0.048800 0.031795
89 0.336000 0.324060 0.063200 0.032406
83 0.334400 0.672730 0.048800 0.032712
683 0.423800 0.241058 0.064400 0.032712
85 0.251800 0.594619 0.012400 0.033017
70 0.689200 0.866096 0.025600 0.033629
2222 0.430000 0.749924 0.057600 0.033629
118 0.704000 0.855549 0.018400 0.033935
83 0.702000 0.492663 0.049600 0.033935
495 0.241800 0.572455 0.094000 0.033935
104 0.707400 0.371446 0.044400 0.034240
89 0.062600 0.291348 0.067600 0.034240
932 0.153200 0.675634 0.075200 0.034852
683 0.613600 0.242434 0.076800 0.034852
83 0.061000 0.451238 0.051600 0.035463
111 0.252000 0.631764 0.026400 0.035769
287 0.343200 0.863650 0.081600 0.036075
978 0.151000 0.521706 0.056400 0.036380
88 0.067400 0.721339 0.060400 0.036380
683 0.149600 0.241058 0.075200 0.036380
4132 0.612600 0.711250 0.056400 0.036992
642 0.698400 0.288597 0.048000 0.037297
254 0.248800 0.521706 0.056000 0.037603
60 0.244800 0.446652 0.017600 0.037909
3868 0.153200 0.556710 0.040800 0.037909
85 0.078800 0.517120 0.012000 0.038215
104 0.070800 0.497249 0.052000 0.038215
2233 0.425200 0.279731 0.058400 0.038520
2233 0.615200 0.283400 0.058400 0.038520
3868 0.617800 0.573983 0.045200 0.038826
85 0.713400 0.400795 0.014000 0.039132
1787 0.427000 0.865179 0.041200 0.039132
2751 0.420600 0.490828 0.054000 0.039437
717 0.345200 0.761999 0.077600 0.039437
2751 0.609800 0.488841 0.054800 0.039743
2986 0.429200 0.418832 0.076000 0.039743
4132 0.245000 0.292724 0.058800 0.040049
2306 0.433000 0.791960 0.065200 0.040049
68 0.706200 0.670590 0.005200 0.040660
2986 0.616600 0.415622 0.079600 0.040660
2233 0.149200 0.279120 0.053600 0.040966
2986 0.157000 0.402476 0.080400 0.041272
2233 0.520800 0.356007 0.055200 0.041883
978 0.618200 0.534240 0.059600 0.041883
720 0.520400 0.488536 0.045600 0.042189
119 0.069800 0.409202 0.018800 0.042495
4132 0.425000 0.536075 0.056400 0.042495
407 0.149200 0.630083 0.069600 0.042800
2983 0.611600 0.365026 0.045600 0.043412
3050 0.706600 0.451238 0.065200 0.043412
1787 0.153800 0.752675 0.043600 0.044023
1787 0.428000 0.655304 0.041600 0.044329
646 0.151200 0.833384 0.037600 0.044635
70 0.334000 0.806175 0.049600 0.044635
968 0.700200 0.808468 0.038000 0.045552
2983 0.149600 0.356466 0.044800 0.045858
1711 0.333800 0.718740 0.064400 0.045858
4168 0.340200 0.420666 0.070000 0.045858
60 0.332600 0.566341 0.018800 0.046163
407 0.151400 0.476766 0.073200 0.046163
2983 0.424200 0.367319 0.043600 0.047386
2959 0.073000 0.811067 0.063600 0.048915
277 0.698200 0.643381 0.069200 0.049220
577 0.519800 0.399572 0.055600 0.049526
3013 0.611600 0.759095 0.077600 0.049526
2593 0.704200 0.535769 0.029200 0.049832
87 0.250200 0.402171 0.041200 0.050443
3013 0.423800 0.585754 0.067600 0.051360
3459 0.068400 0.758637 0.062400 0.053500
1787 0.613800 0.656527 0.046000 0.054112
4147 0.428200 0.704219 0.049200 0.054723
3013 0.244000 0.345307 0.068000 0.055335
1787 0.612000 0.851574 0.046400 0.056558
3711 0.516400 0.301284 0.060800 0.056558
68 0.252600 0.715836 0.007600 0.057780
2438 0.333000 0.623662 0.055600 0.058698
58 0.063000 0.589575 0.038800 0.059615
68 0.520000 0.540813 0.008800 0.066035
