101 0.296233 0.577841 0.027397 0.010682
101 0.743493 0.281932 0.050685 0.011136
64 0.605137 0.682500 0.015753 0.012273
56 0.478253 0.650114 0.011301 0.012500
52 0.174486 0.610227 0.044863 0.012727
52 0.390068 0.470227 0.041781 0.014091
101 0.382192 0.561250 0.053425 0.014318
101 0.310616 0.424318 0.048630 0.014545
81 0.472260 0.638977 0.026712 0.015227
102 0.809418 0.220455 0.051027 0.015455
108 0.473459 0.593750 0.009932 0.015682
60 0.328767 0.563068 0.014384 0.016136
52 0.675856 0.465568 0.050342 0.016136
92 0.948973 0.747955 0.025342 0.016364
81 0.293836 0.520909 0.027397 0.016364
51 0.297089 0.563864 0.024315 0.016818
91 0.473288 0.532045 0.024658 0.017273
101 0.171918 0.422955 0.053425 0.017273
418 0.297260 0.592386 0.010274 0.017955
88 0.333904 0.852614 0.034247 0.017955
52 0.244863 0.520682 0.040411 0.018636
88 0.329110 0.581023 0.013014 0.018864
101 0.674315 0.289659 0.053425 0.018864
101 0.952740 0.569886 0.052740 0.019318
101 0.810959 0.712159 0.060274 0.019318
56 0.534932 0.257955 0.011644 0.020000
366 0.470548 0.490682 0.027397 0.020000
51 0.328425 0.546136 0.027397 0.020000
126 0.480479 0.573636 0.030822 0.020000
53 0.334589 0.801250 0.010959 0.020682
111 0.475171 0.511364 0.013356 0.020909
84 0.334075 0.654659 0.031849 0.021136
126 0.337158 0.726477 0.029795 0.021591
78 0.336130 0.704545 0.020205 0.021818
83 0.327397 0.605455 0.024658 0.021818
110 0.245377 0.335682 0.029795 0.022273
359 0.327740 0.521932 0.030137 0.022500
58 0.295719 0.540682 0.013356 0.022727
115 0.330651 0.631932 0.029110 0.023864
81 0.527226 0.387614 0.042123 0.023864
56 0.458733 0.179205 0.059932 0.023864
85 0.338356 0.751818 0.013014 0.024091
51 0.475685 0.552045 0.027397 0.024091
101 0.457192 0.428523 0.056849 0.024318
117 0.605651 0.466364 0.016781 0.024545
66 0.815068 0.530682 0.022603 0.024545
88 0.475514 0.614091 0.026370 0.024545
83 0.944521 0.435114 0.032877 0.024773
95 0.812671 0.389886 0.034932 0.025227
2489 0.462329 0.453523 0.048630 0.025227
118 0.532363 0.281023 0.014726 0.025682
720 0.602226 0.286591 0.035959 0.025909
70 0.333048 0.680341 0.018836 0.026136
68 0.957705 0.407045 0.005822 0.026364
119 0.335788 0.777386 0.014726 0.026591
2489 0.677397 0.316364 0.044521 0.026818
66 0.178082 0.580341 0.030137 0.027045
104 0.945890 0.387159 0.036301 0.027045
83 0.334418 0.876250 0.016096 0.027500
118 0.461986 0.206591 0.012329 0.027727
128 0.182363 0.224205 0.010616 0.027955
70 0.329281 0.829432 0.025685 0.027955
98 0.471404 0.667500 0.048973 0.028182
84 0.532363 0.215341 0.041438 0.028409
87 0.884589 0.263182 0.034247 0.028636
111 0.389897 0.588750 0.019521 0.028864
978 0.313527 0.184886 0.044863 0.028864
111 0.183562 0.448636 0.017808 0.029091
111 0.746062 0.308295 0.016781 0.029318
82 0.882705 0.437614 0.057192 0.029773
91 0.946404 0.619545 0.044178 0.030000
88 0.948288 0.457500 0.037671 0.030455
88 0.247603 0.641250 0.021918 0.030682
710 0.599144 0.255795 0.033904 0.030682
127 0.883733 0.569205 0.037329 0.030682
88 0.528253 0.626477 0.045548 0.030682
1083 0.392637 0.218409 0.029795 0.030909
117 0.251199 0.674659 0.016096 0.031136
111 0.319521 0.444205 0.023973 0.031136
111 0.820548 0.730227 0.016438 0.031364
4282 0.879452 0.185682 0.036986 0.031364
91 0.742637 0.338864 0.039384 0.031364
91 0.315753 0.478182 0.041096 0.031364
70 0.248630 0.472727 0.045205 0.031364
111 0.529452 0.453750 0.020548 0.031591
77 0.532363 0.537159 0.036644 0.031591
91 0.456507 0.282386 0.044521 0.031591
113 0.810959 0.418523 0.054795 0.031591
66 0.680993 0.434318 0.035959 0.031818
91 0.392123 0.620682 0.061644 0.031818
51 0.670034 0.258068 0.038699 0.032045
122 0.242808 0.554886 0.041781 0.032045
66 0.391610 0.432955 0.027740 0.032273
91 0.808219 0.762273 0.041096 0.032273
4440 0.885959 0.217727 0.048630 0.032273
91 0.316096 0.266818 0.050000 0.032273
720 0.807877 0.817386 0.036301 0.032500
51 0.315582 0.393750 0.041438 0.032500
78 0.952397 0.806477 0.025342 0.032955
111 0.952055 0.587614 0.013014 0.033409
70 0.881849 0.330114 0.030137 0.033409
119 0.812329 0.252614 0.019178 0.033864
720 0.948116 0.677386 0.035274 0.033864
91 0.528938 0.486705 0.046233 0.033864
76 0.529281 0.183864 0.035959 0.034091
3334 0.390068 0.184773 0.047260 0.034545
3322 0.948973 0.487841 0.037671 0.034773
70 0.813870 0.187955 0.027740 0.035000
107 0.247603 0.300682 0.045205 0.035000
90 0.600342 0.398182 0.051370 0.035000
2987 0.952055 0.714545 0.054110 0.035000
51 0.741438 0.255795 0.039726 0.035227
51 0.383390 0.533523 0.042123 0.035227
107 0.873630 0.295455 0.039041 0.035455
92 0.175171 0.192500 0.041438 0.035455
91 0.186644 0.477159 0.061644 0.035682
111 0.604966 0.435568 0.020205 0.036591
111 0.949315 0.770227 0.014384 0.036818
87 0.247260 0.396818 0.031507 0.036818
51 0.948116 0.542045 0.037329 0.036818
51 0.175342 0.396250 0.035616 0.037045
91 0.384932 0.261364 0.051370 0.037273
3868 0.312500 0.223977 0.038014 0.037500
62 0.885959 0.534545 0.040411 0.038182
117 0.529623 0.659205 0.016781 0.038409
62 0.883562 0.460227 0.025342 0.038636
85 0.601541 0.709659 0.015411 0.038864
51 0.456678 0.395909 0.038699 0.039091
70 0.885445 0.399432 0.027055 0.039773
781 0.802226 0.851477 0.044863 0.040227
91 0.609247 0.663295 0.065068 0.040227
70 0.678596 0.397841 0.034589 0.040682
108 0.525342 0.314432 0.050000 0.040682
107 0.247089 0.436136 0.032534 0.041364
68 0.463185 0.241705 0.008562 0.041591
4371 0.246918 0.258977 0.026027 0.042045
68 0.818322 0.564318 0.011986 0.042273
92 0.321233 0.306136 0.021918 0.042727
3492 0.941267 0.187955 0.046918 0.042727
3435 0.397089 0.301591 0.051712 0.042727
51 0.813185 0.680455 0.043493 0.043636
58 0.177740 0.259205 0.030822 0.044318
3435 0.458390 0.320682 0.051712 0.044545
70 0.384075 0.394091 0.041438 0.045000
3501 0.599658 0.184318 0.036986 0.045455
1578 0.601884 0.620455 0.040068 0.045455
647 0.601712 0.571250 0.029452 0.046591
62 0.529795 0.423182 0.032877 0.046818
60 0.596575 0.750909 0.023973 0.048636
70 0.172260 0.542159 0.033562 0.048864
108 0.810788 0.609886 0.058562 0.049773
3396 0.814041 0.295455 0.042466 0.050000
3396 0.805822 0.892614 0.040411 0.050682
3524 0.675514 0.190341 0.052397 0.051136
2197 0.949658 0.276364 0.034932 0.056364
68 0.527911 0.584091 0.014041 0.057727
68 0.607363 0.507841 0.012671 0.057955
47 0.255308 0.593977 0.029795 0.058409
68 0.531849 0.708523 0.008219 0.059773
2197 0.813699 0.468864 0.036301 0.064091
3381 0.173973 0.317159 0.050685 0.067500
68 0.254110 0.728750 0.011644 0.077045
