200 0.753023 0.626795 0.017674 0.003846
246 0.910000 0.256026 0.045116 0.003846
200 0.320000 0.335128 0.026977 0.005641
200 0.578605 0.305128 0.026047 0.006154
200 0.589767 0.761410 0.021395 0.006410
200 0.765349 0.430897 0.026512 0.007436
200 0.499535 0.373077 0.027907 0.009231
64 0.380698 0.682308 0.016279 0.012821
101 0.554186 0.261795 0.024651 0.014359
64 0.817907 0.257308 0.024651 0.014615
56 0.467674 0.583077 0.018140 0.014872
52 0.286047 0.591667 0.044651 0.015641
56 0.374419 0.388590 0.026977 0.016667
495 0.550465 0.746667 0.041395 0.017436
495 0.466744 0.356410 0.053488 0.017436
95 0.644884 0.257692 0.041395 0.017949
495 0.551163 0.291282 0.047442 0.018462
52 0.913023 0.450000 0.047442 0.018462
56 0.469070 0.816410 0.013488 0.018974
88 0.732326 0.680513 0.024651 0.019487
495 0.733488 0.418205 0.058605 0.019487
91 0.913256 0.582179 0.033023 0.020256
68 0.821163 0.547821 0.045116 0.020256
101 0.468372 0.423205 0.048372 0.020256
1837 0.825116 0.846026 0.053953 0.020256
64 0.640233 0.448974 0.023721 0.020513
74 0.377209 0.552051 0.026977 0.020513
683 0.376744 0.420513 0.050233 0.020513
683 0.465814 0.616667 0.050698 0.020513
113 0.374419 0.776538 0.043721 0.020769
83 0.730930 0.880256 0.038605 0.021026
495 0.732326 0.613590 0.059070 0.021026
88 0.470000 0.325513 0.022791 0.021282
111 0.913023 0.842949 0.034419 0.021282
113 0.821628 0.573718 0.042326 0.021282
683 0.644651 0.780256 0.052093 0.021538
83 0.821163 0.713462 0.034884 0.022308
72 0.374419 0.265256 0.035349 0.022308
52 0.730930 0.810385 0.038605 0.022308
83 0.292093 0.487436 0.029767 0.022564
126 0.287907 0.295128 0.033488 0.022564
83 0.287907 0.684872 0.037209 0.022564
108 0.374884 0.520513 0.043721 0.022564
495 0.281860 0.324359 0.052093 0.022564
91 0.826047 0.877564 0.028837 0.022821
126 0.732791 0.582179 0.033023 0.022821
1083 0.729535 0.485513 0.038605 0.022821
102 0.552093 0.518590 0.045581 0.022821
88 0.557209 0.717179 0.021395 0.023077
2542 0.733256 0.451538 0.032093 0.023077
113 0.643023 0.515641 0.039535 0.023077
126 0.550000 0.584231 0.031163 0.023333
68 0.375116 0.751154 0.045116 0.023333
77 0.296744 0.611410 0.050233 0.023333
91 0.909767 0.650000 0.031628 0.023590
2151 0.909535 0.282564 0.048837 0.023590
126 0.735581 0.289359 0.029302 0.023846
95 0.913488 0.778846 0.039070 0.023846
109 0.552791 0.779872 0.039535 0.023846
91 0.641163 0.385897 0.031163 0.024103
83 0.465116 0.452821 0.033488 0.024103
91 0.638372 0.845385 0.034884 0.024103
91 0.638605 0.324359 0.036279 0.024103
83 0.552791 0.845641 0.037674 0.024103
127 0.470465 0.879231 0.047907 0.024103
2555 0.290930 0.884487 0.042326 0.024359
2167 0.911163 0.546923 0.037209 0.024615
83 0.639070 0.747949 0.041860 0.024615
115 0.816977 0.646923 0.043256 0.024615
64 0.729535 0.354744 0.021860 0.024872
971 0.554651 0.878846 0.045116 0.024872
750 0.378140 0.322179 0.045581 0.024872
750 0.466744 0.749103 0.048837 0.024872
2987 0.730698 0.260641 0.051163 0.024872
126 0.730465 0.782308 0.036744 0.025128
1999 0.374419 0.452564 0.049302 0.025128
66 0.464419 0.682949 0.032093 0.025385
126 0.908837 0.712179 0.038140 0.025385
111 0.202093 0.293077 0.031163 0.025641
91 0.285116 0.357949 0.037209 0.025641
127 0.472558 0.551026 0.050233 0.025641
117 0.198605 0.327821 0.030698 0.025897
4132 0.287442 0.263974 0.044651 0.025897
56 0.643488 0.613077 0.014419 0.026154
509 0.643023 0.879231 0.039535 0.026154
91 0.466744 0.263333 0.042326 0.026154
2134 0.730000 0.647051 0.044186 0.026410
66 0.466744 0.853590 0.029302 0.026667
2677 0.729535 0.515385 0.033953 0.026667
509 0.912326 0.677692 0.038605 0.026667
127 0.913488 0.386410 0.040930 0.026667
93 0.291628 0.389359 0.030698 0.026923
70 0.552093 0.422179 0.038140 0.026923
2395 0.819535 0.323974 0.045581 0.026923
127 0.564419 0.684487 0.053488 0.026923
92 0.380233 0.616538 0.033023 0.027436
4132 0.820698 0.516795 0.046977 0.027436
111 0.911163 0.483077 0.035349 0.027692
123 0.466512 0.653846 0.037209 0.027692
710 0.638140 0.812308 0.039070 0.027692
110 0.649070 0.293077 0.043256 0.027692
88 0.376047 0.588590 0.020000 0.027949
91 0.907674 0.320641 0.044186 0.027949
577 0.906512 0.516538 0.044651 0.027949
121 0.734651 0.849103 0.046047 0.027949
119 0.642558 0.716923 0.023721 0.028205
88 0.197674 0.265897 0.040000 0.028205
51 0.468140 0.523846 0.042326 0.028205
118 0.642093 0.583462 0.019070 0.028462
119 0.554186 0.450128 0.022791 0.028462
119 0.826744 0.385128 0.020930 0.028718
83 0.817442 0.414103 0.045116 0.028718
60 0.554419 0.353205 0.025116 0.028974
88 0.376744 0.879872 0.027907 0.028974
3203 0.556047 0.549615 0.037674 0.028974
56 0.466744 0.394103 0.022791 0.029231
710 0.284186 0.785385 0.041860 0.029231
836 0.464651 0.783333 0.046512 0.029231
840 0.461395 0.293077 0.048372 0.029231
117 0.553256 0.323718 0.025581 0.029487
70 0.910930 0.877308 0.048837 0.029487
318 0.374884 0.487821 0.053953 0.029487
4646 0.913953 0.611795 0.036279 0.029744
750 0.729535 0.549487 0.052558 0.029744
88 0.644651 0.641410 0.024186 0.030000
119 0.820698 0.482308 0.020000 0.030256
56 0.285814 0.524872 0.026512 0.030256
91 0.552558 0.491795 0.034419 0.030256
115 0.376047 0.850000 0.038605 0.030256
96 0.469767 0.714615 0.043721 0.030256
77 0.734186 0.712564 0.046047 0.030256
47 0.552326 0.387692 0.028372 0.030769
117 0.291628 0.718462 0.029767 0.030769
86 0.830465 0.355128 0.036744 0.030769
3375 0.556744 0.616410 0.053953 0.030769
3375 0.289302 0.817564 0.046512 0.031026
123 0.642093 0.553333 0.019070 0.031282
66 0.821163 0.744872 0.028372 0.031282
123 0.556047 0.654872 0.020000 0.031795
70 0.819535 0.451026 0.037209 0.031795
1831 0.909070 0.811282 0.041395 0.031795
70 0.733721 0.326026 0.034884 0.032051
836 0.378372 0.356795 0.040465 0.032564
1138 0.824884 0.813718 0.064651 0.032564
2429 0.283256 0.459231 0.046512 0.032821
83 0.821395 0.777308 0.024186 0.033077
92 0.910233 0.356154 0.027907 0.033333
68 0.552791 0.816410 0.015349 0.033846
119 0.639302 0.353590 0.024651 0.033846
53 0.376744 0.293718 0.022326 0.034103
70 0.379767 0.656795 0.036744 0.034103
122 0.197442 0.358205 0.041395 0.034359
3439 0.466977 0.487179 0.048372 0.034359
68 0.732558 0.384872 0.012093 0.034872
68 0.291860 0.751667 0.006977 0.035128
70 0.640000 0.420897 0.037209 0.035128
330 0.817209 0.684231 0.042791 0.035641
1788 0.288605 0.853462 0.047907 0.035641
2593 0.911395 0.748718 0.034884 0.035897
70 0.643721 0.684615 0.042791 0.035897
103 0.916744 0.422436 0.063256 0.036667
68 0.290000 0.421538 0.015349 0.036923
68 0.820233 0.283590 0.010698 0.037436
68 0.200233 0.400385 0.007907 0.038718
68 0.643721 0.479231 0.014884 0.039487
53 0.377442 0.807308 0.015349 0.040256
62 0.288140 0.560897 0.039535 0.042308
68 0.292093 0.645256 0.013953 0.043846
68 0.732093 0.749487 0.010233 0.044615
68 0.382558 0.711282 0.012558 0.044615
53 0.822326 0.608205 0.015814 0.047179
