246 0.463953 0.226026 0.041395 0.002821
92 0.642093 0.261667 0.023721 0.010000
101 0.200233 0.362179 0.032093 0.010000
52 0.825581 0.793846 0.045581 0.010256
101 0.733023 0.760897 0.041860 0.012564
52 0.730000 0.491538 0.038605 0.013333
548 0.471395 0.827564 0.026512 0.016154
683 0.373953 0.833333 0.052093 0.017949
55 0.199767 0.462949 0.039535 0.018205
88 0.823256 0.700769 0.023256 0.018462
52 0.822093 0.354872 0.042326 0.018462
83 0.638372 0.660641 0.029302 0.019231
66 0.288140 0.481154 0.025581 0.019744
91 0.466512 0.295256 0.031628 0.019744
88 0.379070 0.591667 0.026977 0.020256
1173 0.469767 0.796538 0.036279 0.020256
88 0.470000 0.863077 0.030233 0.020513
83 0.380465 0.226026 0.034419 0.020769
126 0.822558 0.225769 0.037674 0.020769
56 0.289070 0.385513 0.042326 0.020769
120 0.731860 0.728077 0.016279 0.021282
56 0.732093 0.529103 0.019535 0.021282
88 0.643721 0.326026 0.023256 0.021282
64 0.195116 0.531154 0.023721 0.021282
83 0.818140 0.526282 0.029767 0.021282
66 0.464651 0.662051 0.026977 0.021538
2677 0.910000 0.426410 0.029302 0.021538
52 0.732326 0.260513 0.036744 0.021538
720 0.643256 0.356923 0.037209 0.021538
91 0.293953 0.598205 0.045581 0.021538
88 0.734186 0.227436 0.028372 0.022051
68 0.380000 0.862564 0.046512 0.022051
691 0.377907 0.391282 0.052558 0.022051
691 0.380233 0.730000 0.054419 0.022051
359 0.637674 0.427051 0.053953 0.022308
1592 0.822093 0.559744 0.049767 0.022564
1173 0.471163 0.423333 0.040000 0.023077
123 0.291628 0.351410 0.015814 0.023333
109 0.734419 0.325513 0.040000 0.023333
1592 0.200465 0.798333 0.051163 0.023333
56 0.292093 0.327692 0.040000 0.023590
91 0.196744 0.228974 0.042791 0.023590
1799 0.641860 0.230128 0.036279 0.023846
60 0.285814 0.284615 0.016279 0.024103
72 0.823256 0.286538 0.022326 0.024359
83 0.287674 0.503462 0.028372 0.024359
65 0.919302 0.859615 0.028372 0.024359
65 0.916744 0.358846 0.029767 0.024359
43 0.815349 0.496410 0.033488 0.024615
91 0.467442 0.629487 0.037209 0.024615
93 0.293488 0.229231 0.049302 0.024615
74 0.644419 0.528846 0.021860 0.024872
126 0.910000 0.495513 0.027442 0.024872
87 0.467674 0.694744 0.034884 0.024872
88 0.644884 0.762436 0.040465 0.024872
117 0.383023 0.256154 0.027442 0.025128
111 0.644884 0.794231 0.019070 0.025385
91 0.554419 0.358590 0.037209 0.025385
91 0.913953 0.728846 0.037209 0.025385
91 0.202093 0.292692 0.047907 0.025385
2193 0.375349 0.561923 0.057674 0.025385
65 0.472791 0.729487 0.031163 0.025641
529 0.733256 0.394359 0.049767 0.025641
91 0.915814 0.393718 0.041860 0.025897
68 0.733488 0.426410 0.006512 0.026154
111 0.732326 0.663333 0.028372 0.026154
710 0.904884 0.697692 0.046977 0.026154
117 0.643721 0.828846 0.028837 0.026410
126 0.463488 0.562692 0.037674 0.026410
710 0.283721 0.862179 0.046512 0.026410
83 0.912558 0.264872 0.025116 0.026667
76 0.289070 0.631026 0.040465 0.026667
91 0.824186 0.260769 0.040930 0.026667
750 0.912093 0.459744 0.042791 0.026667
1645 0.641860 0.693077 0.042791 0.026667
2576 0.199070 0.260000 0.054884 0.026667
122 0.826512 0.832436 0.025116 0.026923
72 0.821628 0.775000 0.031163 0.026923
118 0.382791 0.489744 0.013023 0.027179
91 0.466744 0.392308 0.032093 0.027179
126 0.466279 0.764872 0.033953 0.027179
577 0.640698 0.292051 0.043256 0.027179
268 0.463488 0.597564 0.031163 0.027436
268 0.197209 0.327308 0.034419 0.027436
1799 0.555581 0.528974 0.037674 0.027692
91 0.562326 0.461282 0.048372 0.027692
2465 0.468140 0.527692 0.051628 0.027692
126 0.821395 0.626795 0.027907 0.027949
58 0.467209 0.460385 0.033023 0.027949
3785 0.193721 0.696538 0.046047 0.027949
327 0.552558 0.498333 0.053953 0.027949
60 0.381395 0.283077 0.020465 0.028205
76 0.913023 0.801026 0.038140 0.028205
113 0.726977 0.554103 0.046512 0.028205
2576 0.466977 0.361026 0.054884 0.028205
99 0.826047 0.389103 0.050233 0.028462
126 0.378605 0.666923 0.032558 0.028718
70 0.373488 0.324615 0.033488 0.028718
4090 0.730698 0.833077 0.034419 0.028718
68 0.378605 0.427436 0.043721 0.028718
64 0.912791 0.563974 0.014419 0.028974
2685 0.290698 0.727821 0.045581 0.028974
119 0.288837 0.828462 0.016744 0.029231
76 0.910233 0.297436 0.037209 0.029231
3320 0.201395 0.864103 0.037209 0.029231
108 0.196512 0.763590 0.042326 0.029231
2489 0.553721 0.430769 0.047907 0.029231
85 0.199767 0.663462 0.012558 0.029487
68 0.289767 0.411026 0.012093 0.029744
119 0.644651 0.626667 0.016744 0.029744
989 0.198140 0.830769 0.043721 0.029744
667 0.553721 0.327949 0.045116 0.029744
83 0.730465 0.454744 0.025581 0.030000
65 0.296744 0.691795 0.026977 0.030256
58 0.381628 0.696667 0.028372 0.030256
58 0.640233 0.596410 0.030233 0.030256
88 0.197209 0.425897 0.033488 0.030256
118 0.292558 0.257051 0.013953 0.030513
53 0.823023 0.861410 0.014419 0.030513
60 0.201860 0.625769 0.021395 0.030513
64 0.198140 0.733462 0.032558 0.030513
1267 0.820930 0.461923 0.041860 0.030513
121 0.735581 0.286795 0.049767 0.030513
3338 0.460000 0.494487 0.058605 0.030513
252 0.819767 0.595385 0.038605 0.030769
85 0.200930 0.594872 0.040000 0.030769
2426 0.914186 0.763974 0.048837 0.031026
1267 0.818837 0.730897 0.051628 0.031026
126 0.287209 0.765385 0.031163 0.031282
2885 0.196047 0.394872 0.037674 0.031282
104 0.642093 0.500513 0.039535 0.031282
95 0.734186 0.863462 0.034884 0.031538
108 0.196047 0.557821 0.046047 0.031538
4484 0.550000 0.392692 0.046977 0.031538
107 0.918140 0.831282 0.024186 0.031795
107 0.293256 0.660513 0.027442 0.031795
85 0.290233 0.797436 0.033488 0.032308
58 0.378372 0.355513 0.028372 0.032564
127 0.824186 0.419872 0.042791 0.032564
68 0.914186 0.595256 0.008837 0.033077
60 0.376977 0.520256 0.023721 0.033333
68 0.736744 0.360897 0.010233 0.033590
58 0.727209 0.700385 0.035814 0.033590
2429 0.283721 0.533462 0.045581 0.033590
51 0.381860 0.767179 0.029767 0.033846
93 0.386744 0.458974 0.031163 0.033846
2354 0.378140 0.628974 0.039070 0.033846
68 0.641860 0.864487 0.012093 0.034103
107 0.913488 0.329359 0.022326 0.034103
3984 0.638140 0.730385 0.044651 0.034103
1270 0.818837 0.664744 0.045116 0.034103
969 0.465814 0.261410 0.050698 0.034615
68 0.731628 0.792564 0.010233 0.034872
119 0.909767 0.666154 0.025116 0.034872
89 0.910465 0.631026 0.037674 0.034872
68 0.203023 0.496026 0.008837 0.035128
83 0.283023 0.443718 0.030233 0.035128
88 0.733023 0.632436 0.030698 0.035128
70 0.906744 0.531154 0.036744 0.035128
60 0.644884 0.559231 0.019070 0.035385
68 0.643256 0.393333 0.008372 0.035897
3453 0.913023 0.233077 0.039070 0.036410
4371 0.462093 0.328205 0.040465 0.036923
71 0.832558 0.326923 0.044651 0.036923
3893 0.289302 0.567308 0.050233 0.037692
63 0.383023 0.800897 0.042326 0.038205
68 0.645116 0.460256 0.008372 0.038974
53 0.731860 0.589359 0.014419 0.041795
