92 0.114060 0.357394 0.032588 0.012137
56 0.354050 0.785532 0.015363 0.013095
92 0.834497 0.831523 0.043296 0.013095
92 0.915503 0.273714 0.027467 0.013414
92 0.915736 0.804216 0.023277 0.014053
92 0.193203 0.708240 0.025140 0.014372
92 0.109637 0.814915 0.034916 0.014372
128 0.519320 0.202172 0.010708 0.014692
92 0.430866 0.639891 0.040503 0.015011
92 0.591946 0.710316 0.028399 0.015331
54 0.923184 0.531619 0.012104 0.015650
52 0.832868 0.870648 0.042831 0.015969
92 0.511639 0.872086 0.033520 0.016289
56 0.349860 0.484669 0.042365 0.016289
92 0.514665 0.351805 0.033054 0.016927
302 0.914804 0.825455 0.059590 0.017566
57 0.117784 0.748962 0.032588 0.017886
57 0.756052 0.611466 0.031657 0.018205
110 0.116853 0.261258 0.030726 0.018524
297 0.667365 0.314596 0.048883 0.018524
302 0.828678 0.171830 0.051210 0.019163
66 0.349860 0.626477 0.018156 0.019483
52 0.108240 0.915203 0.047020 0.019483
55 0.600559 0.863782 0.047486 0.019483
66 0.829143 0.663366 0.017691 0.019802
64 0.356611 0.692910 0.018622 0.020121
66 0.829609 0.574098 0.019553 0.020121
52 0.274674 0.784574 0.048417 0.020121
56 0.594507 0.747365 0.013035 0.020441
56 0.342412 0.393165 0.047020 0.020441
113 0.190410 0.274353 0.060521 0.020441
1810 0.836592 0.463909 0.024209 0.020760
52 0.192737 0.841105 0.044693 0.020760
499 0.347998 0.333599 0.060056 0.020760
418 0.673650 0.633025 0.039106 0.021080
501 0.834264 0.235707 0.047486 0.021080
56 0.196927 0.465666 0.052142 0.021080
104 0.837058 0.916800 0.034451 0.021399
78 0.352421 0.757585 0.031657 0.021718
55 0.110568 0.838710 0.034916 0.021718
87 0.198557 0.862344 0.040503 0.021718
113 0.745345 0.760141 0.062384 0.022357
1810 0.832402 0.261897 0.023277 0.022996
87 0.196927 0.404024 0.031657 0.022996
101 0.276304 0.808049 0.060056 0.022996
1406 0.199721 0.629990 0.036313 0.023315
107 0.510242 0.849888 0.038175 0.023635
93 0.520251 0.917439 0.033054 0.023954
1406 0.195996 0.728681 0.040037 0.023954
81 0.905959 0.725168 0.043762 0.023954
1810 0.831471 0.208560 0.023277 0.024273
51 0.347765 0.540243 0.041899 0.024593
118 0.277467 0.341744 0.011173 0.024912
52 0.588920 0.733312 0.049348 0.024912
71 0.918994 0.558927 0.054935 0.024912
56 0.277002 0.555893 0.015829 0.025232
119 0.918762 0.750080 0.019088 0.025232
1810 0.832402 0.810444 0.022346 0.025232
1810 0.756750 0.859949 0.023743 0.025232
85 0.841713 0.846056 0.015829 0.025551
122 0.109637 0.893005 0.033054 0.025551
87 0.116155 0.461195 0.033985 0.025551
126 0.829842 0.633983 0.050745 0.025551
259 0.584497 0.800703 0.059125 0.025551
53 0.747672 0.784414 0.011173 0.026190
85 0.277002 0.761737 0.014898 0.026190
107 0.274209 0.370169 0.020484 0.026190
128 0.431797 0.252635 0.020950 0.026190
76 0.195764 0.817311 0.020950 0.026190
87 0.511872 0.509103 0.031192 0.026190
88 0.506285 0.709837 0.028399 0.026509
87 0.589153 0.390770 0.033985 0.026509
91 0.914804 0.212552 0.045624 0.026509
88 0.752328 0.457362 0.036313 0.026828
51 0.109404 0.628713 0.044693 0.027148
91 0.747439 0.207122 0.050745 0.027148
119 0.121508 0.564037 0.020484 0.027467
88 0.593808 0.771319 0.033985 0.027467
72 0.273045 0.582561 0.045158 0.027467
71 0.201350 0.552539 0.047952 0.027467
91 0.438780 0.908336 0.053538 0.027467
91 0.910847 0.674864 0.056331 0.027467
86 0.278864 0.826733 0.014898 0.027787
117 0.510940 0.406100 0.022812 0.027787
92 0.587523 0.361386 0.025140 0.027787
101 0.670857 0.658096 0.062384 0.027787
74 0.430633 0.225168 0.023277 0.028106
88 0.347067 0.227084 0.026536 0.028106
70 0.425745 0.472054 0.048883 0.028106
119 0.672253 0.246407 0.017691 0.028425
87 0.200419 0.493932 0.033985 0.028425
70 0.591713 0.609230 0.044693 0.028425
118 0.199255 0.522517 0.014898 0.028745
107 0.594274 0.496646 0.026536 0.028745
51 0.266527 0.314915 0.045158 0.028745
83 0.821927 0.733631 0.047020 0.028745
111 0.505121 0.477483 0.051210 0.028745
4040 0.833101 0.493133 0.055400 0.028745
86 0.761173 0.173587 0.027933 0.029064
91 0.270019 0.283775 0.050279 0.029064
72 0.745345 0.587512 0.050279 0.029064
98 0.654330 0.220856 0.061918 0.029064
118 0.357076 0.566273 0.009311 0.029384
107 0.512337 0.570744 0.018156 0.029384
107 0.916667 0.698179 0.019553 0.029384
88 0.591480 0.465027 0.035847 0.029384
90 0.512803 0.895241 0.037709 0.029384
4085 0.591248 0.684446 0.040037 0.029384
1214 0.435521 0.831044 0.042365 0.029384
111 0.745577 0.349090 0.045158 0.029384
85 0.118250 0.860588 0.013966 0.029703
74 0.834497 0.293676 0.020019 0.029703
55 0.672253 0.867934 0.047486 0.029703
98 0.828678 0.895081 0.067970 0.029703
118 0.753724 0.519323 0.012104 0.030022
119 0.754888 0.317470 0.021881 0.030022
76 0.345670 0.417758 0.023743 0.030022
60 0.603352 0.883424 0.025140 0.030022
83 0.074488 0.917598 0.042831 0.030022
111 0.907821 0.475088 0.033520 0.030342
83 0.498603 0.631268 0.041899 0.030342
72 0.668296 0.380869 0.043296 0.030342
111 0.195531 0.754392 0.021415 0.030661
93 0.435987 0.795912 0.029330 0.030661
91 0.113594 0.290323 0.052142 0.030661
85 0.352886 0.361546 0.013966 0.031300
58 0.197160 0.242095 0.019088 0.031300
107 0.913641 0.368892 0.023743 0.031300
75 0.515596 0.233152 0.033054 0.031300
81 0.913873 0.403705 0.039106 0.031300
76 0.514665 0.376078 0.029330 0.031619
107 0.827747 0.602204 0.044693 0.031619
60 0.197160 0.431811 0.020950 0.031939
88 0.429469 0.328010 0.034916 0.031939
51 0.750233 0.489939 0.039572 0.031939
2273 0.428538 0.363143 0.044227 0.031939
107 0.747672 0.639572 0.019553 0.032258
87 0.756983 0.384382 0.034451 0.032258
1977 0.112896 0.429416 0.049814 0.032258
111 0.191574 0.373842 0.050745 0.032258
76 0.511639 0.821463 0.020484 0.032577
117 0.748371 0.285851 0.023743 0.032577
104 0.110801 0.535612 0.035382 0.032577
90 0.504190 0.792079 0.044693 0.032577
111 0.272114 0.480038 0.045158 0.032577
126 0.596369 0.830086 0.050279 0.032577
121 0.834264 0.324657 0.025140 0.032897
83 0.745577 0.727403 0.042365 0.032897
86 0.674115 0.679336 0.014898 0.033216
60 0.750698 0.553178 0.025605 0.033216
683 0.912942 0.778346 0.073557 0.033216
118 0.601257 0.912328 0.023743 0.033536
87 0.916201 0.302300 0.035382 0.033536
91 0.662244 0.790323 0.052607 0.033536
83 0.105912 0.593740 0.038641 0.033855
120 0.350791 0.450974 0.045158 0.033855
1406 0.916434 0.595018 0.047020 0.034494
122 0.589851 0.174545 0.039106 0.034813
126 0.921322 0.336793 0.045624 0.034813
89 0.350326 0.597253 0.057263 0.035133
2255 0.436685 0.436602 0.060521 0.035133
58 0.430168 0.705046 0.025140 0.035452
126 0.279097 0.446982 0.054469 0.035452
60 0.512104 0.539764 0.024209 0.035771
83 0.336359 0.260460 0.038641 0.036091
91 0.840549 0.387895 0.060987 0.036091
107 0.590782 0.574577 0.020484 0.036410
92 0.118715 0.180454 0.021415 0.036410
101 0.272346 0.675503 0.039106 0.036410
322 0.110335 0.779304 0.075419 0.036410
83 0.358240 0.907378 0.038641 0.037049
3735 0.905959 0.512296 0.048417 0.037049
74 0.670624 0.904982 0.034916 0.037368
975 0.918296 0.243852 0.044227 0.037368
2325 0.351490 0.301980 0.055866 0.037368
119 0.511173 0.442031 0.027002 0.037688
119 0.112896 0.666880 0.027467 0.037688
126 0.432728 0.397317 0.050745 0.037688
4440 0.919460 0.178537 0.054004 0.037688
70 0.197858 0.339029 0.020484 0.038007
74 0.353818 0.722293 0.050279 0.038007
2836 0.115689 0.328809 0.051676 0.038007
84 0.666899 0.279943 0.058194 0.038007
120 0.511406 0.175343 0.039572 0.038326
3741 0.430866 0.565953 0.049814 0.038326
4162 0.433426 0.609230 0.034451 0.038646
3665 0.669460 0.721016 0.049348 0.038646
1774 0.755587 0.902427 0.064246 0.038646
60 0.588920 0.269722 0.021415 0.039285
1396 0.512570 0.319866 0.046555 0.039285
58 0.753957 0.420632 0.018156 0.039604
85 0.673883 0.342702 0.017225 0.040243
86 0.128957 0.494411 0.029795 0.040243
2836 0.664804 0.180454 0.047486 0.040243
85 0.435754 0.660172 0.017691 0.040882
60 0.356844 0.501757 0.026536 0.040882
58 0.353352 0.656979 0.030726 0.040882
121 0.587291 0.427180 0.030261 0.041201
81 0.187849 0.795752 0.044227 0.041201
1300 0.912709 0.638933 0.056331 0.041201
53 0.192505 0.305653 0.015363 0.041520
58 0.278864 0.522197 0.026071 0.041520
53 0.279562 0.867934 0.023743 0.041840
121 0.278399 0.904344 0.028864 0.041840
3936 0.117551 0.392367 0.041434 0.042478
122 0.431797 0.285532 0.043296 0.042798
1893 0.663408 0.751517 0.049348 0.042798
3741 0.592877 0.647078 0.058194 0.043437
68 0.515130 0.607953 0.007914 0.044395
1879 0.916899 0.852603 0.022812 0.044395
505 0.831471 0.771159 0.034451 0.044395
4162 0.588454 0.322102 0.036313 0.044395
2823 0.438315 0.868413 0.045158 0.044714
2468 0.517458 0.672469 0.048883 0.045034
85 0.430633 0.179176 0.014898 0.045353
4162 0.351490 0.184126 0.039106 0.045672
2423 0.276071 0.188598 0.061453 0.045672
505 0.510475 0.274034 0.033985 0.045992
1170 0.504655 0.752475 0.044693 0.045992
2598 0.277002 0.625519 0.020484 0.046311
68 0.833101 0.696902 0.007914 0.046630
3808 0.824721 0.535771 0.066574 0.046950
68 0.276536 0.406579 0.008380 0.047269
1170 0.192039 0.670393 0.049814 0.047269
959 0.831006 0.425104 0.056797 0.047269
76 0.751397 0.245449 0.031657 0.047589
1856 0.670158 0.530342 0.042365 0.047589
505 0.427142 0.515171 0.039572 0.049186
316 0.920624 0.441073 0.071229 0.049824
68 0.590084 0.219578 0.007914 0.050144
121 0.752561 0.681252 0.034916 0.050463
91 0.918762 0.902906 0.054469 0.050463
47 0.359637 0.805973 0.037709 0.050782
92 0.669926 0.478920 0.042831 0.050782
68 0.598464 0.536570 0.009777 0.051102
68 0.114991 0.711594 0.012104 0.051102
68 0.123371 0.224689 0.012104 0.051421
1170 0.359870 0.861706 0.037244 0.051741
68 0.277235 0.721175 0.006052 0.054296
296 0.276071 0.236027 0.039106 0.054296
68 0.199022 0.904344 0.006983 0.054615
3756 0.671089 0.427180 0.044227 0.054615
47 0.756285 0.812360 0.032123 0.055893
68 0.198324 0.191153 0.012104 0.058448
62 0.433659 0.752316 0.036778 0.058448
47 0.202980 0.584957 0.033520 0.059087
68 0.674581 0.585915 0.007449 0.064197
296 0.669926 0.815874 0.036313 0.064197
47 0.842179 0.363462 0.036313 0.064516
