92 0.267528 0.454756 0.025830 0.009574
128 0.264068 0.439160 0.008764 0.013589
93 0.696264 0.951822 0.037362 0.013589
93 0.705950 0.411674 0.040129 0.015442
52 0.152906 0.171093 0.044742 0.016059
56 0.151292 0.461087 0.014760 0.016677
91 0.378921 0.709080 0.033672 0.018530
91 0.585332 0.227764 0.033210 0.018839
52 0.158210 0.442557 0.043358 0.019148
55 0.480397 0.269148 0.049354 0.019456
83 0.590406 0.737338 0.025830 0.020074
1810 0.590867 0.580296 0.023063 0.020383
91 0.695572 0.558678 0.035978 0.020383
1810 0.696725 0.774089 0.022601 0.020692
66 0.698109 0.684836 0.029059 0.020692
1810 0.697878 0.216492 0.023063 0.021001
88 0.481780 0.453521 0.038284 0.021309
91 0.266605 0.632489 0.035978 0.021618
91 0.699031 0.242742 0.037362 0.021618
85 0.159594 0.727764 0.015683 0.021927
1810 0.379151 0.448579 0.023063 0.021927
88 0.379382 0.560068 0.034594 0.021927
120 0.266144 0.421865 0.019373 0.022236
495 0.378459 0.588326 0.053967 0.022236
52 0.159133 0.751544 0.038745 0.022545
126 0.380304 0.770692 0.041052 0.022545
120 0.593404 0.915689 0.014299 0.022854
91 0.482242 0.298641 0.033672 0.022854
91 0.263376 0.261581 0.035055 0.022854
91 0.590406 0.521309 0.035978 0.022854
88 0.156135 0.594812 0.036439 0.022854
91 0.694880 0.799568 0.036439 0.022854
1810 0.480397 0.699660 0.024446 0.023162
126 0.697648 0.628320 0.041974 0.023162
126 0.584179 0.296943 0.045664 0.023162
259 0.898755 0.322730 0.058579 0.023471
76 0.156135 0.421093 0.028137 0.023780
66 0.589714 0.387739 0.030904 0.023780
252 0.919050 0.603613 0.041052 0.023780
88 0.592943 0.692712 0.041052 0.024089
57 0.159133 0.397159 0.062731 0.024089
88 0.264991 0.502316 0.043819 0.024398
126 0.375000 0.304818 0.042435 0.025942
1415 0.480397 0.622143 0.053044 0.026868
87 0.588330 0.890673 0.038284 0.027177
87 0.691421 0.898703 0.040590 0.027177
118 0.266605 0.395151 0.015683 0.027486
119 0.157288 0.372915 0.017528 0.027486
547 0.702030 0.657350 0.044280 0.027486
51 0.157057 0.345275 0.037362 0.027795
87 0.695572 0.361025 0.037823 0.027795
302 0.700876 0.183755 0.042897 0.027795
121 0.701338 0.388820 0.049354 0.027795
111 0.267066 0.526405 0.032288 0.028104
127 0.151061 0.228382 0.039207 0.028104
547 0.593404 0.358400 0.041974 0.028104
495 0.269373 0.664762 0.060886 0.028104
598 0.268450 0.695954 0.060886 0.028104
885 0.267066 0.327208 0.063653 0.028104
278 0.920664 0.578443 0.048893 0.028413
327 0.698109 0.485176 0.061347 0.028413
642 0.692804 0.744441 0.049815 0.029339
63 0.273755 0.477301 0.050277 0.029339
251 0.807657 0.761427 0.057196 0.029339
83 0.381688 0.617511 0.017989 0.029957
501 0.380996 0.647159 0.045203 0.029957
4345 0.693727 0.830605 0.051661 0.029957
741 0.902675 0.402563 0.032288 0.030574
91 0.370157 0.231624 0.042897 0.030883
111 0.586716 0.324120 0.025830 0.031192
71 0.702260 0.710933 0.040129 0.031501
121 0.692343 0.928042 0.053506 0.031501
1415 0.260839 0.293082 0.053967 0.031501
77 0.160747 0.627239 0.064114 0.031501
111 0.588561 0.939932 0.033210 0.031810
87 0.161208 0.485330 0.061347 0.031810
1267 0.920434 0.541384 0.059502 0.032119
70 0.477399 0.523626 0.032288 0.032427
99 0.161439 0.659203 0.052583 0.032427
111 0.598939 0.814700 0.038284 0.032736
1575 0.800277 0.578907 0.041513 0.033045
1821 0.374769 0.421402 0.056734 0.033045
2857 0.695111 0.864886 0.062731 0.033045
2265 0.481780 0.486875 0.053044 0.033663
897 0.372232 0.263897 0.059041 0.033663
3786 0.899677 0.242897 0.065959 0.034280
71 0.601015 0.416924 0.060886 0.034589
2203 0.805120 0.535670 0.058579 0.034898
2138 0.380074 0.681748 0.059041 0.034898
4440 0.703875 0.279030 0.059963 0.034898
3913 0.476245 0.230544 0.065959 0.034898
4440 0.913515 0.362724 0.071494 0.034898
92 0.156135 0.196726 0.022601 0.035207
2320 0.376614 0.533200 0.052122 0.035516
266 0.593173 0.485330 0.052583 0.035516
348 0.591328 0.550494 0.061808 0.035516
1879 0.591098 0.451513 0.039207 0.035825
2320 0.267066 0.600679 0.052583 0.035825
1457 0.481550 0.378474 0.054428 0.036133
120 0.479013 0.558215 0.059502 0.036133
4063 0.159133 0.525324 0.055351 0.036442
3837 0.592943 0.658431 0.062269 0.036442
4486 0.806504 0.801112 0.062269 0.036442
72 0.267758 0.363959 0.054889 0.036751
126 0.485009 0.819642 0.040129 0.037060
316 0.478090 0.590179 0.054889 0.037060
2685 0.383533 0.737029 0.041052 0.037369
68 0.376153 0.381408 0.007841 0.038295
2320 0.479935 0.781038 0.053967 0.038913
833 0.151753 0.307906 0.058118 0.038913
1504 0.593173 0.853613 0.058118 0.038913
1887 0.261070 0.560531 0.063653 0.038913
3084 0.905212 0.492588 0.065037 0.039531
3084 0.805581 0.906424 0.072417 0.039531
68 0.608856 0.718808 0.009225 0.039839
560 0.262685 0.183910 0.063192 0.039839
842 0.156596 0.267140 0.065959 0.040148
4483 0.155443 0.565164 0.035978 0.040766
2320 0.264299 0.224367 0.053506 0.041075
3306 0.695803 0.523626 0.055812 0.041075
4373 0.592251 0.617048 0.060886 0.041384
2264 0.901522 0.288604 0.059502 0.041692
1814 0.696264 0.448734 0.044742 0.042001
2481 0.698339 0.591414 0.055351 0.042001
2106 0.582103 0.261890 0.056273 0.042001
577 0.900369 0.448425 0.059963 0.042001
3434 0.379382 0.339098 0.060424 0.042619
2433 0.475784 0.736875 0.063192 0.042619
2302 0.276292 0.728691 0.071033 0.042928
3921 0.596633 0.775324 0.055812 0.044163
819 0.266375 0.775479 0.057657 0.045090
2218 0.480166 0.426343 0.059963 0.047251
47 0.483164 0.331223 0.029982 0.047869
1349 0.809502 0.663218 0.067343 0.047869
322 0.482472 0.664453 0.071956 0.047869
47 0.158672 0.694719 0.024908 0.048487
1570 0.808349 0.861180 0.078875 0.049104
4373 0.701338 0.319951 0.057657 0.049413
3897 0.374308 0.487338 0.046587 0.050031
934 0.373847 0.185145 0.059502 0.050340
314 0.809963 0.714175 0.059963 0.050340
3822 0.898063 0.194565 0.071956 0.050649
3899 0.475554 0.186072 0.051661 0.051575
445 0.590637 0.187770 0.064114 0.051884
