128 0.165581 0.851792 0.018605 0.014984
101 0.232093 0.628339 0.054884 0.015635
101 0.572326 0.221987 0.054419 0.015961
102 0.229767 0.230456 0.054884 0.015961
128 0.784419 0.468078 0.009767 0.016287
102 0.643721 0.598208 0.049302 0.016612
102 0.644419 0.315961 0.055349 0.018241
120 0.162093 0.343160 0.017209 0.018567
92 0.303023 0.668567 0.034884 0.018567
102 0.159302 0.360749 0.057209 0.018567
128 0.592791 0.881107 0.013488 0.018893
92 0.712558 0.714332 0.034419 0.018893
92 0.710698 0.500000 0.037209 0.019544
102 0.370233 0.450163 0.060465 0.019544
120 0.787674 0.878339 0.020000 0.019870
52 0.570698 0.113192 0.041860 0.020521
87 0.706744 0.178827 0.030233 0.021498
92 0.296512 0.158632 0.036744 0.021498
251 0.299767 0.519870 0.046977 0.021498
120 0.100698 0.621661 0.018140 0.021824
66 0.572093 0.197557 0.025116 0.021824
52 0.367907 0.510261 0.042791 0.021824
126 0.369535 0.825896 0.044186 0.021824
113 0.235349 0.818078 0.046512 0.021824
118 0.517442 0.880456 0.012558 0.022150
117 0.231628 0.177362 0.020465 0.022476
162 0.300698 0.546580 0.031163 0.022801
57 0.313023 0.889088 0.036279 0.023127
126 0.366047 0.720358 0.044651 0.023127
120 0.508605 0.471987 0.020000 0.023453
64 0.433721 0.311401 0.021860 0.023453
87 0.506047 0.622801 0.035349 0.023453
126 0.712093 0.604560 0.047442 0.023453
118 0.438837 0.223290 0.010698 0.023779
55 0.573953 0.547068 0.039070 0.023779
126 0.092791 0.544788 0.043256 0.023779
57 0.232791 0.542020 0.035814 0.024104
108 0.101395 0.912866 0.014884 0.024430
126 0.642791 0.658795 0.048372 0.024430
76 0.503721 0.385993 0.031628 0.024756
55 0.228372 0.157003 0.040930 0.024756
87 0.370465 0.607818 0.042326 0.024756
64 0.158605 0.435342 0.021395 0.025081
120 0.783721 0.629479 0.021395 0.025081
87 0.781395 0.208632 0.037209 0.025081
126 0.368372 0.117752 0.038140 0.025081
120 0.098372 0.195440 0.018140 0.025407
120 0.161395 0.256352 0.020465 0.025407
87 0.301395 0.730782 0.028837 0.025733
57 0.376279 0.400489 0.040000 0.025733
56 0.230930 0.603909 0.020000 0.026059
123 0.576977 0.708469 0.041395 0.026059
120 0.504884 0.216775 0.019070 0.026384
76 0.370930 0.370195 0.027442 0.026384
56 0.231628 0.445765 0.043721 0.026384
85 0.721395 0.876873 0.013023 0.026710
64 0.843256 0.675244 0.021395 0.026710
87 0.098837 0.777199 0.036744 0.026710
55 0.572791 0.321173 0.044186 0.026710
76 0.092093 0.358143 0.026047 0.027036
91 0.568605 0.136645 0.029302 0.027036
76 0.645581 0.870847 0.029767 0.027036
91 0.441163 0.834365 0.039535 0.027036
2177 0.715581 0.774430 0.052558 0.027036
118 0.304419 0.914332 0.014419 0.027362
120 0.847442 0.642671 0.018605 0.027362
87 0.297442 0.214984 0.031163 0.027362
64 0.506512 0.500326 0.040930 0.027362
111 0.303953 0.858469 0.025581 0.027687
111 0.163721 0.720358 0.026977 0.027687
87 0.096744 0.254886 0.034419 0.027687
125 0.099767 0.745765 0.044186 0.027687
88 0.371163 0.315472 0.044651 0.027687
110 0.844186 0.428013 0.028837 0.028013
51 0.511163 0.856352 0.037209 0.028013
85 0.509070 0.525570 0.012558 0.028339
85 0.510698 0.757166 0.015814 0.028339
92 0.637442 0.484528 0.020930 0.028339
87 0.783953 0.854560 0.032093 0.028339
93 0.582326 0.826873 0.033488 0.028339
51 0.436047 0.195277 0.038605 0.028339
64 0.581163 0.858469 0.039535 0.028339
57 0.650930 0.844137 0.047907 0.028339
65 0.722558 0.849186 0.046047 0.028664
119 0.505116 0.414169 0.024186 0.028990
87 0.095814 0.165309 0.031628 0.028990
87 0.506744 0.444463 0.035814 0.028990
51 0.229767 0.320033 0.038140 0.028990
88 0.780000 0.494463 0.021395 0.029316
88 0.166047 0.544300 0.022326 0.029316
88 0.513023 0.824430 0.022326 0.029316
70 0.576977 0.731596 0.033023 0.029316
98 0.366279 0.428339 0.048837 0.029316
111 0.506744 0.728827 0.018140 0.029642
88 0.101628 0.834039 0.020000 0.029642
51 0.776047 0.527199 0.035814 0.029642
123 0.708837 0.119381 0.036279 0.029642
51 0.844186 0.117427 0.038140 0.029642
95 0.573953 0.607980 0.039070 0.029642
91 0.442093 0.673941 0.038605 0.029967
51 0.503953 0.359935 0.041395 0.029967
702 0.435116 0.283062 0.043256 0.029967
683 0.712326 0.244625 0.050698 0.029967
108 0.639535 0.212215 0.016744 0.030293
86 0.170930 0.689414 0.029302 0.030293
76 0.639070 0.150000 0.031628 0.030293
91 0.301860 0.638925 0.036279 0.030293
1579 0.093721 0.222638 0.043256 0.030293
88 0.232093 0.288599 0.021395 0.030619
88 0.584651 0.907818 0.026977 0.030619
87 0.295814 0.323779 0.031628 0.030619
60 0.230465 0.693648 0.018140 0.030945
58 0.638140 0.340879 0.031628 0.030945
2471 0.712558 0.741531 0.049302 0.030945
83 0.846047 0.458632 0.028837 0.031270
83 0.570000 0.518241 0.030233 0.031270
4375 0.433721 0.538111 0.042326 0.031270
87 0.846279 0.611238 0.032093 0.031596
85 0.304419 0.828339 0.015349 0.031922
111 0.442558 0.642997 0.020930 0.031922
119 0.302326 0.760261 0.023256 0.031922
51 0.159070 0.155700 0.033488 0.031922
115 0.102093 0.714332 0.042326 0.031922
58 0.232791 0.910098 0.043256 0.031922
1560 0.302791 0.796417 0.044651 0.031922
121 0.168372 0.661238 0.054884 0.031922
91 0.718372 0.440065 0.064651 0.031922
60 0.719070 0.906026 0.013023 0.032248
118 0.229767 0.352606 0.014884 0.032248
83 0.573488 0.676059 0.030698 0.032248
68 0.370698 0.340228 0.039070 0.032248
4375 0.432558 0.383225 0.041860 0.032248
98 0.637442 0.293974 0.046977 0.032248
91 0.443721 0.615147 0.060465 0.032248
118 0.228372 0.514332 0.018605 0.032573
56 0.777907 0.355375 0.020930 0.032573
64 0.168140 0.827036 0.033953 0.032573
979 0.780698 0.695114 0.036744 0.032573
68 0.160465 0.317915 0.040930 0.032573
702 0.232558 0.414007 0.045581 0.032573
88 0.096977 0.650489 0.047907 0.032573
91 0.782326 0.726710 0.057674 0.032573
85 0.159302 0.285505 0.016279 0.032899
111 0.574884 0.575081 0.023256 0.032899
88 0.437674 0.161075 0.025116 0.032899
68 0.642326 0.119055 0.040000 0.032899
91 0.168372 0.912215 0.040000 0.032899
4139 0.710930 0.409283 0.047907 0.032899
118 0.780930 0.388274 0.015814 0.033225
92 0.365814 0.535505 0.022791 0.033225
51 0.503256 0.119544 0.037209 0.033225
979 0.298605 0.183713 0.042791 0.033225
88 0.163023 0.120684 0.020930 0.033550
88 0.783721 0.787134 0.045581 0.033550
58 0.843023 0.149186 0.027442 0.033876
126 0.847907 0.362215 0.040000 0.033876
119 0.708605 0.149349 0.020000 0.034202
107 0.781395 0.750326 0.025116 0.034202
111 0.645581 0.690391 0.027907 0.034202
74 0.370465 0.237948 0.046977 0.034202
121 0.584884 0.762378 0.061860 0.034202
83 0.092093 0.431596 0.034419 0.034528
979 0.843256 0.743974 0.038140 0.034528
123 0.502326 0.560912 0.039070 0.034528
81 0.776977 0.562866 0.039535 0.034528
1977 0.093023 0.512052 0.045581 0.034528
58 0.642558 0.628664 0.046047 0.034528
1476 0.372791 0.791531 0.046977 0.034528
316 0.443721 0.806189 0.053023 0.034528
85 0.441628 0.705049 0.017209 0.034853
111 0.781628 0.659121 0.030233 0.034853
51 0.162791 0.627850 0.034419 0.034853
3281 0.575581 0.640554 0.044186 0.034853
727 0.708837 0.322313 0.062326 0.034853
53 0.233721 0.794788 0.017209 0.035179
119 0.507442 0.593811 0.020465 0.035179
119 0.300000 0.246254 0.024186 0.035179
111 0.643256 0.407166 0.026977 0.035179
93 0.780930 0.273616 0.030698 0.035179
71 0.648837 0.774593 0.037209 0.035179
120 0.854884 0.908469 0.040000 0.035179
107 0.505581 0.291857 0.043721 0.035179
1401 0.647907 0.812052 0.045581 0.035179
119 0.097442 0.288436 0.024651 0.035505
119 0.711163 0.207329 0.026047 0.035505
1560 0.510233 0.698534 0.051163 0.035505
99 0.229535 0.206026 0.052558 0.035505
91 0.305349 0.571498 0.057209 0.035505
85 0.165581 0.791205 0.016744 0.035831
111 0.572791 0.351792 0.026512 0.035831
83 0.437442 0.771010 0.038605 0.035831
2223 0.841860 0.394788 0.039070 0.035831
81 0.502791 0.154723 0.043721 0.035831
71 0.233721 0.382085 0.049767 0.035831
85 0.847907 0.576710 0.018605 0.036156
81 0.159767 0.189414 0.043256 0.036156
1480 0.435581 0.418241 0.047907 0.036482
119 0.296977 0.359121 0.026512 0.036808
1485 0.567442 0.248697 0.046512 0.036808
1731 0.366977 0.752932 0.053023 0.036808
91 0.237907 0.768893 0.054419 0.036808
85 0.569535 0.286319 0.012558 0.037134
111 0.304186 0.603257 0.027907 0.037134
91 0.842558 0.777199 0.036744 0.037134
91 0.502791 0.327687 0.040930 0.037134
71 0.518605 0.909121 0.041860 0.037134
4166 0.712326 0.528664 0.044186 0.037134
2795 0.508140 0.793811 0.047907 0.037134
316 0.714419 0.467101 0.050233 0.037134
68 0.235814 0.882248 0.008372 0.037459
92 0.571628 0.390391 0.022326 0.037459
111 0.098372 0.678013 0.024651 0.037459
121 0.780000 0.238599 0.028837 0.037459
1476 0.447209 0.905700 0.045116 0.037459
121 0.845814 0.705049 0.047907 0.037459
91 0.781860 0.412866 0.053953 0.037459
70 0.373488 0.904723 0.026977 0.038111
64 0.779535 0.443485 0.035349 0.038111
1480 0.436977 0.578339 0.044186 0.038111
3756 0.776744 0.125244 0.050233 0.038111
118 0.841860 0.186645 0.016744 0.038436
71 0.441860 0.252443 0.050233 0.038436
90 0.579767 0.794788 0.056279 0.038436
121 0.368372 0.572150 0.032558 0.038762
120 0.302558 0.124593 0.036744 0.038762
107 0.095581 0.324430 0.027442 0.039088
78 0.573256 0.169055 0.030233 0.039088
58 0.653023 0.903583 0.040000 0.039088
58 0.227907 0.258958 0.043721 0.039088
126 0.640698 0.377850 0.046047 0.039088
4084 0.300465 0.695440 0.048372 0.039088
3735 0.715116 0.641857 0.034884 0.039414
121 0.164884 0.466287 0.062791 0.039414
4189 0.713721 0.572638 0.045116 0.039739
3020 0.370698 0.154723 0.051163 0.039739
87 0.438605 0.458469 0.034419 0.040065
122 0.168140 0.875407 0.042326 0.040065
121 0.441163 0.345765 0.060930 0.040065
68 0.644419 0.178827 0.008837 0.040391
68 0.439767 0.738762 0.008837 0.040391
119 0.505581 0.656352 0.027907 0.040391
1136 0.093488 0.395114 0.039070 0.040391
110 0.845349 0.223616 0.034884 0.040717
811 0.637209 0.450651 0.054884 0.040717
119 0.299767 0.485342 0.024651 0.041042
107 0.506047 0.180456 0.027907 0.041042
107 0.160233 0.217752 0.025581 0.041368
58 0.368837 0.474756 0.026047 0.041368
91 0.231628 0.123941 0.037209 0.041368
91 0.714419 0.814821 0.037209 0.041368
71 0.643023 0.520033 0.047907 0.041368
119 0.436977 0.501303 0.026512 0.041694
81 0.232093 0.572964 0.042791 0.041694
83 0.712093 0.681596 0.026977 0.042020
1136 0.843488 0.492020 0.034884 0.042020
58 0.098837 0.811238 0.049767 0.042020
798 0.440930 0.866775 0.038140 0.042345
2795 0.296977 0.286319 0.044186 0.042345
68 0.372791 0.636645 0.007907 0.042671
121 0.368140 0.273941 0.031163 0.042997
3942 0.572791 0.477850 0.043256 0.042997
4166 0.162093 0.501954 0.044186 0.042997
325 0.434884 0.122150 0.054884 0.042997
296 0.505581 0.255863 0.031628 0.043322
316 0.167907 0.756840 0.049302 0.043974
798 0.095581 0.471010 0.036744 0.044300
107 0.778837 0.592345 0.027442 0.044625
296 0.236744 0.735016 0.032558 0.044625
76 0.776512 0.316938 0.030233 0.044951
798 0.369070 0.682736 0.033953 0.044951
1462 0.098140 0.876221 0.041860 0.044951
83 0.843953 0.266938 0.018140 0.045277
2621 0.095581 0.126547 0.034884 0.045277
2927 0.777674 0.170033 0.040000 0.045603
649 0.710930 0.281433 0.047907 0.045603
3135 0.371395 0.864495 0.048837 0.045603
87 0.847209 0.868241 0.029302 0.045928
87 0.298372 0.443811 0.033953 0.045928
3899 0.844419 0.537296 0.033953 0.045928
4311 0.846744 0.822476 0.047907 0.046254
121 0.230930 0.474756 0.033023 0.046580
442 0.233256 0.656352 0.054419 0.046906
4356 0.162558 0.587785 0.035814 0.047231
4447 0.641163 0.252606 0.047907 0.047231
84 0.577674 0.433550 0.031628 0.047557
2727 0.644884 0.733876 0.034884 0.047557
2865 0.644419 0.566124 0.041395 0.047557
2844 0.094419 0.586482 0.042791 0.047883
3892 0.710930 0.366124 0.046047 0.049511
325 0.302326 0.404723 0.049302 0.049837
68 0.368140 0.195114 0.010698 0.050163
2591 0.841628 0.316612 0.036744 0.050814
68 0.160000 0.390065 0.009302 0.051140
47 0.242791 0.844625 0.036279 0.053420
47 0.790698 0.819381 0.044651 0.057003
