246 0.388454 0.142438 0.037182 0.004012
120 0.822896 0.537809 0.018591 0.011420
42 0.738503 0.763426 0.020059 0.011420
56 0.560910 0.457870 0.017123 0.012037
92 0.732387 0.492284 0.025440 0.012346
698 0.647505 0.118519 0.028865 0.012346
92 0.304550 0.424383 0.028865 0.012963
64 0.135029 0.437809 0.026419 0.013272
101 0.130626 0.336265 0.045010 0.013272
91 0.652886 0.863117 0.025930 0.013889
92 0.564090 0.379784 0.028376 0.013889
91 0.138454 0.750463 0.029354 0.013889
92 0.134295 0.597994 0.030822 0.013889
92 0.905333 0.489815 0.029843 0.014198
92 0.389922 0.339198 0.031311 0.014198
92 0.312867 0.899074 0.034736 0.014198
42 0.053571 0.798920 0.020059 0.014506
287 0.913405 0.619907 0.048924 0.014506
120 0.902886 0.327160 0.019080 0.014815
120 0.390900 0.379630 0.022505 0.014815
57 0.739726 0.317901 0.029354 0.014815
91 0.307975 0.741358 0.030822 0.014815
92 0.394325 0.779938 0.033268 0.014815
56 0.310665 0.878858 0.018591 0.015123
56 0.045499 0.451698 0.019569 0.015123
91 0.474560 0.168981 0.030333 0.015123
56 0.132828 0.321296 0.014188 0.015432
56 0.557975 0.180864 0.016145 0.015432
56 0.138209 0.874383 0.017123 0.015432
57 0.141145 0.686574 0.030822 0.015741
101 0.731654 0.477932 0.044521 0.015741
68 0.390166 0.233951 0.005382 0.016049
120 0.047211 0.243827 0.020059 0.016049
52 0.732143 0.175309 0.029843 0.016049
91 0.476761 0.379012 0.030822 0.016049
52 0.732143 0.457407 0.030822 0.016049
1214 0.136252 0.803395 0.040607 0.016049
120 0.054550 0.697068 0.020059 0.016358
57 0.053327 0.146451 0.036204 0.016358
120 0.395793 0.716975 0.021526 0.016667
64 0.563356 0.522531 0.027886 0.016667
57 0.313356 0.648148 0.032779 0.016667
120 0.739971 0.655710 0.019080 0.016975
91 0.054305 0.739352 0.036204 0.016975
68 0.650685 0.415123 0.003914 0.017284
91 0.480186 0.833642 0.032779 0.017284
4253 0.909247 0.712346 0.039628 0.017284
68 0.653376 0.762500 0.004403 0.017593
88 0.900440 0.184414 0.031800 0.017593
88 0.386252 0.185031 0.031800 0.017593
91 0.058464 0.897994 0.032779 0.017593
88 0.825098 0.827006 0.033757 0.017593
93 0.831947 0.681636 0.046477 0.017593
57 0.397750 0.477469 0.032290 0.017901
126 0.395793 0.823457 0.036204 0.017901
52 0.567270 0.684259 0.036693 0.017901
93 0.054061 0.465741 0.040607 0.017901
88 0.909980 0.871759 0.025440 0.018210
88 0.817759 0.261883 0.026908 0.018210
91 0.907045 0.562809 0.028376 0.018210
91 0.133562 0.458488 0.032290 0.018210
72 0.644325 0.278549 0.038160 0.018210
88 0.055773 0.818827 0.037182 0.018519
126 0.648483 0.220679 0.037671 0.018519
126 0.215020 0.167284 0.040607 0.018519
60 0.397994 0.567747 0.015166 0.018827
58 0.306507 0.213117 0.035714 0.018827
126 0.650685 0.499537 0.036204 0.018827
126 0.733611 0.543981 0.040607 0.018827
56 0.397750 0.872222 0.018591 0.019136
120 0.140166 0.854630 0.020059 0.019136
126 0.217466 0.433642 0.041585 0.019136
88 0.475294 0.214043 0.022994 0.019444
76 0.899951 0.260340 0.027886 0.019444
126 0.649706 0.358488 0.039139 0.019444
93 0.487035 0.787191 0.049413 0.019444
60 0.567759 0.810494 0.018102 0.019753
76 0.478229 0.691049 0.026908 0.019753
126 0.053327 0.520370 0.032290 0.019753
252 0.475049 0.188889 0.036204 0.019753
91 0.131605 0.212191 0.028376 0.020062
91 0.394080 0.760340 0.037671 0.020062
126 0.809687 0.149846 0.039139 0.020062
117 0.824364 0.728086 0.019569 0.020370
118 0.570205 0.630247 0.022016 0.020370
74 0.479207 0.811111 0.030822 0.020370
1173 0.476027 0.504938 0.034247 0.020370
126 0.818004 0.486728 0.038160 0.020370
56 0.391634 0.552469 0.039628 0.020370
253 0.387965 0.124383 0.041096 0.020370
98 0.728963 0.194444 0.042074 0.020370
2542 0.823875 0.777160 0.045988 0.020370
85 0.734834 0.415895 0.022505 0.020679
85 0.310910 0.820525 0.024951 0.020679
88 0.046233 0.297685 0.026908 0.020679
85 0.652886 0.673302 0.027886 0.020679
72 0.474315 0.284414 0.039628 0.020679
1002 0.903620 0.374537 0.047945 0.020679
60 0.733121 0.264506 0.016145 0.020988
88 0.300636 0.324383 0.026908 0.020988
126 0.215020 0.285494 0.033757 0.020988
91 0.302104 0.406173 0.033757 0.020988
126 0.223092 0.592901 0.036204 0.020988
1006 0.391879 0.500309 0.038160 0.020988
126 0.474315 0.238272 0.038650 0.020988
85 0.478474 0.528858 0.023483 0.021296
88 0.047211 0.378241 0.027886 0.021296
62 0.905088 0.307562 0.033268 0.021296
126 0.305039 0.444907 0.036693 0.021296
60 0.570205 0.702469 0.015166 0.021605
119 0.311888 0.842593 0.020059 0.021605
62 0.559442 0.222531 0.033757 0.021605
126 0.819227 0.348765 0.034736 0.021605
1214 0.133806 0.483333 0.040607 0.021605
327 0.048190 0.193827 0.044521 0.021605
88 0.736057 0.711883 0.024951 0.021914
3280 0.476517 0.148611 0.033268 0.021914
88 0.737280 0.786265 0.035225 0.021914
126 0.567270 0.571759 0.037671 0.021914
2542 0.653131 0.617130 0.043053 0.021914
60 0.476272 0.576852 0.021037 0.022222
86 0.568004 0.273457 0.038160 0.022222
75 0.906800 0.209259 0.041585 0.022222
68 0.818249 0.402315 0.005382 0.022531
68 0.737280 0.864043 0.010763 0.022531
111 0.564090 0.500463 0.029354 0.022531
62 0.480186 0.740895 0.031800 0.022531
51 0.389677 0.359414 0.034736 0.022531
2489 0.732387 0.392438 0.045010 0.022531
68 0.738748 0.438580 0.007828 0.022840
66 0.301370 0.472222 0.030333 0.022840
126 0.569961 0.892593 0.035225 0.022840
90 0.400196 0.893827 0.036204 0.022840
59 0.224560 0.348457 0.043053 0.022840
85 0.733121 0.152623 0.023973 0.023148
273 0.650685 0.168056 0.034247 0.023148
111 0.056262 0.719136 0.023483 0.023457
111 0.389922 0.400000 0.026419 0.023457
110 0.648483 0.555864 0.031800 0.023457
110 0.221624 0.649383 0.033268 0.023457
93 0.564335 0.438889 0.033757 0.023457
3735 0.052104 0.675000 0.034736 0.023457
547 0.735812 0.815741 0.035225 0.023457
253 0.136252 0.510494 0.035714 0.023457
68 0.223826 0.797994 0.005382 0.023765
119 0.563845 0.476698 0.018102 0.023765
111 0.303816 0.383179 0.020548 0.023765
2593 0.477740 0.664043 0.024951 0.023765
118 0.131849 0.358025 0.019080 0.024074
119 0.824119 0.752160 0.020059 0.024074
111 0.395303 0.738889 0.022505 0.024074
87 0.141145 0.895062 0.038650 0.024074
273 0.394814 0.800309 0.039139 0.024074
273 0.388209 0.287963 0.040607 0.024074
341 0.474804 0.638580 0.049413 0.024074
68 0.050147 0.430401 0.010274 0.024383
118 0.476272 0.265278 0.030822 0.024383
126 0.310665 0.797994 0.036204 0.024383
58 0.390166 0.458488 0.039628 0.024383
4416 0.739237 0.844907 0.042074 0.024383
2805 0.136008 0.779167 0.047945 0.024383
1585 0.644814 0.140741 0.036204 0.024691
126 0.132339 0.272840 0.036693 0.024691
3735 0.133562 0.301852 0.039139 0.024691
3172 0.471869 0.124074 0.039628 0.024691
1960 0.907534 0.641049 0.050881 0.024691
121 0.564579 0.545062 0.052838 0.024691
111 0.568004 0.757562 0.029354 0.025000
3669 0.909980 0.690278 0.033268 0.025000
51 0.393102 0.694907 0.034736 0.025000
1214 0.480431 0.890895 0.037182 0.025000
629 0.306262 0.624846 0.038160 0.025000
2553 0.133806 0.414660 0.043542 0.025000
316 0.388943 0.162500 0.045988 0.025000
71 0.743640 0.599537 0.046967 0.025000
1005 0.732632 0.341512 0.049413 0.025000
3665 0.909491 0.893673 0.051859 0.025000
109 0.737035 0.364198 0.037671 0.025309
4287 0.653620 0.844753 0.045010 0.025309
2677 0.048434 0.322068 0.030333 0.025617
87 0.474560 0.555401 0.033268 0.025617
68 0.902153 0.235957 0.036204 0.025617
1012 0.058953 0.872685 0.041585 0.025617
121 0.477740 0.765432 0.031800 0.025926
74 0.047456 0.125000 0.035225 0.025926
121 0.822407 0.658796 0.029354 0.026235
87 0.388209 0.427315 0.034736 0.026235
547 0.048434 0.168364 0.036204 0.026235
726 0.643591 0.195833 0.039628 0.026235
683 0.305039 0.240278 0.042564 0.026235
978 0.479941 0.483488 0.045988 0.026235
4155 0.650930 0.330401 0.049413 0.026235
316 0.909002 0.541512 0.051859 0.026235
83 0.300881 0.124383 0.024462 0.026543
87 0.821673 0.628086 0.031800 0.026543
560 0.821673 0.708951 0.050391 0.026543
83 0.131360 0.161883 0.020059 0.026852
119 0.477984 0.715586 0.020548 0.026852
83 0.648973 0.787809 0.021037 0.026852
70 0.047945 0.219290 0.025440 0.026852
87 0.729697 0.242438 0.029843 0.026852
2677 0.055528 0.842747 0.029843 0.026852
126 0.055039 0.644907 0.037671 0.026852
2553 0.904599 0.349846 0.044031 0.026852
1256 0.907045 0.666821 0.044031 0.026852
2104 0.215998 0.195833 0.044521 0.026852
2498 0.811888 0.125154 0.048434 0.026852
678 0.740705 0.570216 0.049902 0.026852
371 0.905577 0.513735 0.053816 0.026852
83 0.388943 0.259877 0.021526 0.027160
119 0.902153 0.284877 0.022505 0.027160
3806 0.219178 0.460185 0.048924 0.027160
83 0.812867 0.207870 0.020059 0.027469
119 0.557730 0.202315 0.020548 0.027469
2707 0.051859 0.493673 0.025440 0.027469
87 0.135029 0.830710 0.033268 0.027469
3161 0.896526 0.157870 0.035714 0.027469
610 0.557241 0.124228 0.045988 0.027469
4066 0.820450 0.377932 0.046967 0.027469
121 0.560176 0.246605 0.031311 0.027778
2190 0.129892 0.192284 0.033757 0.027778
629 0.567025 0.864506 0.037182 0.027778
71 0.736301 0.126543 0.038160 0.027778
1357 0.562622 0.356790 0.038160 0.027778
437 0.051614 0.547840 0.040607 0.027778
2838 0.220401 0.675309 0.050391 0.027778
83 0.736791 0.893673 0.024462 0.028086
111 0.562867 0.298302 0.025930 0.028086
126 0.222114 0.737809 0.031311 0.028086
126 0.228963 0.891512 0.039139 0.028086
1189 0.653131 0.815895 0.047945 0.028086
1004 0.813601 0.286883 0.048924 0.028086
68 0.392123 0.525926 0.006360 0.028395
509 0.905088 0.431173 0.028376 0.028395
4132 0.648239 0.302778 0.041096 0.028395
4038 0.897994 0.129938 0.041585 0.028395
4051 0.302104 0.185494 0.043542 0.028395
4296 0.818982 0.235802 0.047945 0.028395
3815 0.399951 0.846296 0.052348 0.028395
71 0.137231 0.382870 0.034736 0.028704
726 0.386497 0.316512 0.036204 0.028704
2285 0.649706 0.437809 0.042074 0.028704
2356 0.740460 0.740895 0.048434 0.028704
87 0.565802 0.787654 0.029843 0.029012
629 0.136742 0.572531 0.035714 0.029012
1057 0.305528 0.533333 0.041585 0.029012
2000 0.652642 0.646605 0.049902 0.029012
629 0.910959 0.778549 0.037182 0.029321
564 0.813845 0.459722 0.040607 0.029321
2233 0.220890 0.563117 0.040607 0.029321
564 0.210861 0.376389 0.049902 0.029321
486 0.561644 0.329321 0.038160 0.029630
2304 0.734834 0.294444 0.045010 0.029630
564 0.295744 0.298457 0.045499 0.029630
83 0.218200 0.493981 0.022505 0.029938
1831 0.055528 0.614352 0.038650 0.029938
2191 0.398239 0.661265 0.040117 0.029938
3809 0.227250 0.829475 0.048434 0.029938
83 0.308464 0.562037 0.018102 0.030247
1419 0.393346 0.630556 0.039139 0.030247
3984 0.304061 0.155247 0.040607 0.030247
83 0.391634 0.599537 0.023973 0.030556
619 0.649462 0.527315 0.043542 0.030556
3833 0.902886 0.403858 0.046477 0.030556
1057 0.821184 0.889969 0.049413 0.030556
2146 0.219178 0.708179 0.050881 0.030556
4163 0.222114 0.770062 0.037182 0.030864
3175 0.821184 0.596605 0.038650 0.030864
4486 0.048434 0.352778 0.040117 0.030864
1967 0.820695 0.431481 0.040607 0.030864
2836 0.563845 0.729321 0.046477 0.030864
83 0.218689 0.223920 0.024462 0.031173
1848 0.568493 0.601698 0.045988 0.031173
2795 0.132583 0.627006 0.045988 0.031173
2000 0.820939 0.806019 0.049902 0.031173
71 0.572162 0.657099 0.038650 0.031481
1536 0.299902 0.354012 0.040117 0.031481
1282 0.388943 0.212963 0.041096 0.031481
2836 0.734344 0.682407 0.044031 0.031481
1516 0.813356 0.178395 0.044521 0.031481
4502 0.049413 0.404938 0.045010 0.031481
1870 0.225294 0.623148 0.045499 0.031481
4064 0.651908 0.741358 0.046477 0.031481
468 0.733366 0.516667 0.046967 0.031481
2145 0.649462 0.250154 0.038650 0.031790
2682 0.474560 0.605710 0.039139 0.031790
2102 0.476761 0.860340 0.047456 0.031790
92 0.912182 0.812654 0.030822 0.032099
3931 0.740949 0.630556 0.042564 0.032099
3832 0.818004 0.514815 0.045010 0.032099
1384 0.228963 0.862037 0.049902 0.032099
1189 0.300881 0.678704 0.050881 0.032099
83 0.050881 0.579167 0.022505 0.032407
448 0.650930 0.385340 0.045499 0.032407
371 0.824364 0.855710 0.050881 0.032407
1123 0.218200 0.406481 0.038160 0.032716
586 0.647994 0.586420 0.042564 0.032716
1200 0.472358 0.352932 0.042564 0.033025
4303 0.910959 0.846759 0.045988 0.033025
1650 0.655822 0.887037 0.047456 0.033333
368 0.134051 0.658796 0.056751 0.033642
3040 0.130871 0.127469 0.035714 0.033951
934 0.304305 0.769136 0.040117 0.033951
2178 0.047945 0.268519 0.048924 0.033951
2669 0.820450 0.564043 0.046967 0.034259
616 0.303571 0.267747 0.048434 0.034259
2061 0.647994 0.468981 0.048434 0.034259
1134 0.056262 0.768827 0.040117 0.034568
1134 0.652397 0.704167 0.041585 0.034877
1111 0.307730 0.594907 0.042074 0.034877
1111 0.132583 0.543210 0.045988 0.035185
519 0.131360 0.240586 0.037671 0.035494
1111 0.565068 0.838117 0.051859 0.035494
3910 0.904599 0.593827 0.038160 0.035802
2810 0.216977 0.316049 0.043542 0.035802
4536 0.303082 0.712037 0.043542 0.035802
973 0.556751 0.155247 0.025440 0.036420
4365 0.564090 0.407407 0.037182 0.036420
3137 0.474070 0.449691 0.037182 0.036420
1111 0.911448 0.743210 0.045010 0.036420
1847 0.813356 0.315586 0.044521 0.036728
3849 0.216732 0.259105 0.050881 0.036728
991 0.906067 0.460494 0.042074 0.037037
68 0.315313 0.850000 0.057241 0.037037
1812 0.221135 0.529784 0.039139 0.037346
1126 0.137476 0.718364 0.038160 0.039815
3919 0.476027 0.408025 0.038160 0.040741
3528 0.477984 0.316667 0.045010 0.040741
47 0.310665 0.491512 0.027397 0.042284
4733 0.216243 0.131481 0.041096 0.042593
