246 0.191424 0.443832 0.033369 0.004790
246 0.890205 0.778204 0.035881 0.004790
246 0.425009 0.539760 0.036957 0.005509
246 0.656799 0.806707 0.033369 0.005749
173 0.423753 0.887665 0.021529 0.007665
173 0.189989 0.754132 0.024758 0.008862
102 0.189272 0.610419 0.036957 0.008862
173 0.814137 0.914371 0.024399 0.010299
173 0.740043 0.605629 0.024758 0.010299
102 0.271439 0.327305 0.040545 0.010299
120 0.424650 0.783234 0.013994 0.010539
120 0.821493 0.571856 0.013994 0.011257
120 0.113025 0.784551 0.014352 0.011257
64 0.505741 0.882156 0.015429 0.011497
698 0.109257 0.200479 0.019734 0.011497
173 0.191963 0.417365 0.024399 0.012216
162 0.658952 0.818443 0.017582 0.012455
62 0.268568 0.338443 0.019734 0.012455
91 0.736455 0.859641 0.027628 0.012455
91 0.657696 0.754970 0.030140 0.012455
57 0.349121 0.455449 0.020093 0.012695
57 0.508073 0.865988 0.020093 0.013174
91 0.661105 0.242275 0.027628 0.013174
120 0.426624 0.370539 0.020093 0.013413
173 0.740402 0.444311 0.025475 0.013413
91 0.343559 0.913533 0.026911 0.013413
1006 0.345712 0.470180 0.036240 0.013413
102 0.581091 0.789222 0.036957 0.013413
120 0.660208 0.667665 0.015788 0.013653
88 0.110334 0.617844 0.026193 0.013653
91 0.346789 0.193892 0.028346 0.013653
88 0.654467 0.833653 0.028705 0.013653
102 0.113563 0.797006 0.035522 0.013653
120 0.738967 0.383473 0.014711 0.014371
120 0.738967 0.775090 0.014711 0.014371
120 0.109975 0.700599 0.016146 0.014371
52 0.894151 0.494132 0.021529 0.014371
91 0.424650 0.576048 0.029064 0.014371
102 0.818981 0.584671 0.033369 0.014371
119 0.655185 0.912455 0.012917 0.014611
861 0.736455 0.812814 0.024040 0.014611
91 0.506459 0.322515 0.027628 0.014611
287 0.428418 0.838922 0.035881 0.014611
101 0.266774 0.786228 0.037675 0.014611
210 0.198601 0.431018 0.016146 0.015090
88 0.739146 0.266467 0.028705 0.015090
83 0.107104 0.183832 0.029781 0.015090
88 0.812881 0.768263 0.029781 0.015090
88 0.660926 0.322036 0.031575 0.015090
56 0.583602 0.397605 0.011841 0.015329
92 0.889128 0.733892 0.021529 0.015329
91 0.111051 0.332455 0.026911 0.015329
126 0.189989 0.334611 0.030499 0.015329
56 0.740043 0.568982 0.013276 0.015569
120 0.507714 0.681078 0.017223 0.015569
87 0.505023 0.561557 0.019734 0.015569
91 0.738787 0.202036 0.025834 0.015569
88 0.266774 0.713653 0.026193 0.015569
91 0.269286 0.541437 0.029781 0.015569
91 0.191245 0.528982 0.030140 0.015569
118 0.509150 0.254491 0.007176 0.016048
91 0.423933 0.408503 0.027628 0.016048
51 0.112487 0.771138 0.027628 0.016048
83 0.650700 0.850898 0.027628 0.016048
120 0.659311 0.368144 0.018299 0.016287
861 0.110154 0.290539 0.027269 0.016287
86 0.898278 0.223952 0.029064 0.016287
88 0.424291 0.750180 0.033369 0.016287
118 0.585038 0.413772 0.008253 0.016527
42 0.889128 0.877246 0.008611 0.016527
58 0.190348 0.623114 0.015429 0.016527
88 0.816290 0.661437 0.022964 0.016527
252 0.818802 0.515090 0.024399 0.016527
88 0.343201 0.806826 0.026911 0.016527
126 0.269465 0.198204 0.027269 0.016527
126 0.349121 0.234132 0.030140 0.016527
120 0.812522 0.854012 0.016146 0.017006
76 0.191066 0.860719 0.018299 0.017006
83 0.342124 0.823593 0.024040 0.017006
83 0.813958 0.678204 0.024758 0.017006
83 0.346071 0.273174 0.028346 0.017006
356 0.424471 0.769701 0.033010 0.017006
683 0.894151 0.336168 0.035881 0.017006
111 0.190707 0.892695 0.011123 0.017246
126 0.264263 0.909701 0.028346 0.017246
51 0.894869 0.653293 0.024399 0.017485
91 0.189630 0.910778 0.028346 0.017485
98 0.891999 0.510299 0.034446 0.017485
87 0.428597 0.168982 0.024040 0.017964
51 0.812164 0.836527 0.026193 0.017964
126 0.894331 0.206108 0.029064 0.017964
88 0.662540 0.530180 0.031934 0.017964
58 0.193577 0.877964 0.034804 0.017964
2710 0.343380 0.868982 0.025834 0.018204
95 0.506279 0.850299 0.028705 0.018204
88 0.110334 0.169102 0.029064 0.018204
1174 0.819340 0.641437 0.029781 0.018204
88 0.739505 0.686228 0.030140 0.018204
287 0.190707 0.640479 0.034087 0.018204
287 0.112307 0.872814 0.034446 0.018204
978 0.506459 0.810539 0.034804 0.018204
92 0.503588 0.397006 0.021887 0.018443
91 0.423574 0.820479 0.031216 0.018443
2147 0.813419 0.871497 0.031575 0.018443
978 0.112845 0.662635 0.032652 0.018443
691 0.269286 0.218084 0.033369 0.018443
119 0.271259 0.585988 0.014352 0.018922
51 0.738249 0.758443 0.027628 0.018922
58 0.347147 0.319641 0.031934 0.018922
2151 0.507356 0.169222 0.033010 0.018922
126 0.818802 0.173054 0.033010 0.018922
118 0.427162 0.285509 0.008253 0.019162
85 0.892537 0.290060 0.008970 0.019162
85 0.894331 0.449581 0.008970 0.019162
66 0.266236 0.769341 0.015788 0.019162
316 0.579297 0.891018 0.042698 0.019162
1083 0.192142 0.734731 0.023323 0.019401
2710 0.266416 0.800120 0.024040 0.019401
72 0.818622 0.222635 0.024758 0.019401
67 0.349839 0.415928 0.025834 0.019401
65 0.897919 0.378323 0.028346 0.019401
126 0.586473 0.556527 0.030499 0.019401
3942 0.113922 0.375449 0.038393 0.019401
57 0.192321 0.842275 0.040187 0.019401
87 0.425727 0.495689 0.019017 0.019880
83 0.189810 0.376886 0.024399 0.019880
2917 0.661285 0.730898 0.028705 0.019880
88 0.661823 0.171617 0.029781 0.019880
2147 0.738608 0.792216 0.031934 0.019880
2151 0.660388 0.710299 0.032652 0.019880
4454 0.191245 0.398683 0.034446 0.019880
683 0.812343 0.894970 0.040187 0.019880
119 0.110693 0.416527 0.013994 0.020120
111 0.424650 0.801198 0.013994 0.020120
111 0.654288 0.868024 0.014711 0.020120
93 0.191066 0.216287 0.015429 0.020120
87 0.112307 0.683353 0.022964 0.020120
83 0.579476 0.354731 0.025834 0.020120
95 0.740402 0.248862 0.026193 0.020120
252 0.188554 0.549461 0.030499 0.020120
2748 0.819519 0.558563 0.037316 0.020120
683 0.741837 0.588743 0.042698 0.020120
117 0.343201 0.682275 0.011841 0.020359
252 0.885719 0.858563 0.024758 0.020359
51 0.740940 0.365868 0.027269 0.020359
51 0.427521 0.353892 0.027628 0.020359
252 0.582526 0.678922 0.028346 0.020359
126 0.507356 0.214251 0.030140 0.020359
1415 0.505382 0.633892 0.031934 0.020359
91 0.894690 0.580240 0.034087 0.020359
4260 0.112128 0.599162 0.034804 0.020359
4454 0.814137 0.722515 0.035881 0.020359
88 0.269286 0.608982 0.027628 0.020838
88 0.345174 0.661677 0.030140 0.020838
115 0.661464 0.628383 0.031934 0.020838
109 0.581091 0.775449 0.031934 0.020838
68 0.507894 0.236287 0.034087 0.020838
2036 0.348583 0.253054 0.034087 0.020838
3942 0.736096 0.907904 0.034087 0.020838
92 0.423574 0.428503 0.023323 0.021078
252 0.191066 0.289102 0.026911 0.021078
1113 0.582885 0.376766 0.029064 0.021078
120 0.272156 0.241198 0.029781 0.021078
121 0.272515 0.355210 0.031934 0.021078
2227 0.192501 0.240479 0.032652 0.021078
370 0.189810 0.568862 0.033010 0.021078
254 0.739505 0.707545 0.033010 0.021078
2298 0.425368 0.907305 0.033369 0.021078
1978 0.660926 0.193293 0.035881 0.021078
553 0.425188 0.558084 0.037316 0.021078
118 0.892896 0.242754 0.010405 0.021317
111 0.422677 0.678204 0.015788 0.021317
1341 0.344277 0.613054 0.028346 0.021317
254 0.741837 0.316527 0.029781 0.021317
113 0.190527 0.262635 0.030140 0.021317
121 0.190527 0.195569 0.031575 0.021317
58 0.665231 0.585988 0.031575 0.021317
88 0.425009 0.242754 0.031934 0.021317
370 0.664334 0.649461 0.034804 0.021317
2425 0.187836 0.688024 0.034804 0.021317
2198 0.582885 0.751257 0.036240 0.021317
1834 0.662540 0.481078 0.036957 0.021317
316 0.271259 0.259521 0.040187 0.021317
1609 0.811267 0.816886 0.041622 0.021317
42 0.895407 0.557725 0.011841 0.021796
70 0.187836 0.596048 0.017582 0.021796
58 0.111231 0.813293 0.018658 0.021796
2682 0.424291 0.701677 0.025475 0.021796
1174 0.111948 0.531856 0.031575 0.021796
119 0.507714 0.491257 0.012917 0.022036
111 0.816649 0.697725 0.012917 0.022036
111 0.271618 0.279281 0.014352 0.022036
86 0.276462 0.376287 0.016864 0.022036
4036 0.423574 0.654611 0.028346 0.022036
91 0.265339 0.854611 0.030499 0.022036
2147 0.740402 0.401677 0.031934 0.022036
480 0.585396 0.533892 0.032652 0.022036
683 0.346789 0.534611 0.039828 0.022036
92 0.578220 0.906467 0.016864 0.022275
92 0.892178 0.356287 0.020452 0.022275
252 0.818622 0.247784 0.028346 0.022275
718 0.736096 0.734970 0.028346 0.022275
2555 0.506997 0.192455 0.030140 0.022275
4290 0.426444 0.264790 0.031934 0.022275
350 0.109616 0.217365 0.032652 0.022275
1559 0.577503 0.870299 0.033369 0.022275
2844 0.579117 0.275808 0.034446 0.022275
1193 0.107284 0.351257 0.034446 0.022275
4345 0.662361 0.438204 0.034446 0.022275
2198 0.194116 0.355808 0.037316 0.022275
552 0.191963 0.824072 0.038751 0.022275
83 0.582885 0.656647 0.024758 0.022754
126 0.584141 0.727545 0.027269 0.022754
4316 0.653570 0.892814 0.028346 0.022754
2147 0.660926 0.687545 0.028705 0.022754
88 0.816111 0.354611 0.030499 0.022754
98 0.111410 0.395329 0.036240 0.022754
1978 0.188554 0.485389 0.036240 0.022754
1707 0.110154 0.721078 0.037316 0.022754
107 0.663617 0.606467 0.015429 0.022994
83 0.341227 0.730060 0.025834 0.022994
2167 0.193936 0.462754 0.038393 0.022994
370 0.263545 0.881317 0.032652 0.023234
1559 0.504844 0.827665 0.033010 0.023234
2844 0.345353 0.211617 0.033369 0.023234
1422 0.345712 0.891856 0.034804 0.023234
4080 0.504844 0.540000 0.037316 0.023234
111 0.426085 0.388623 0.016146 0.023713
92 0.346430 0.366587 0.023323 0.023713
2913 0.890025 0.756766 0.024758 0.023713
480 0.740581 0.490180 0.034446 0.023713
1504 0.578220 0.843473 0.034804 0.023713
691 0.817187 0.407904 0.027628 0.023952
2586 0.348224 0.293892 0.028346 0.023952
370 0.817187 0.273293 0.033369 0.023952
505 0.270362 0.482395 0.033369 0.023952
91 0.660567 0.459401 0.035881 0.023952
92 0.269286 0.455449 0.021170 0.024192
2844 0.817905 0.467904 0.032652 0.024192
2844 0.892716 0.429102 0.033010 0.024192
750 0.584320 0.605629 0.034804 0.024192
2147 0.664334 0.388383 0.036957 0.024192
119 0.505562 0.583114 0.014352 0.024671
119 0.347506 0.636048 0.014711 0.024671
111 0.894690 0.471497 0.015429 0.024671
111 0.269824 0.399641 0.017223 0.024671
111 0.343380 0.844431 0.017223 0.024671
111 0.893613 0.311976 0.019017 0.024671
2844 0.189092 0.312216 0.030140 0.024671
1341 0.268030 0.564192 0.030140 0.024671
2526 0.423394 0.452814 0.031575 0.024671
2844 0.267133 0.691377 0.034087 0.024671
3948 0.742196 0.343593 0.034804 0.024671
1193 0.730893 0.881317 0.035881 0.024671
4082 0.739684 0.290180 0.036957 0.024671
1562 0.741478 0.426228 0.037675 0.024671
1964 0.346789 0.171138 0.038393 0.024671
2059 0.816111 0.493413 0.036957 0.024910
316 0.505382 0.702994 0.044133 0.024910
1799 0.814316 0.745269 0.021887 0.025150
2590 0.425009 0.330659 0.022605 0.025150
798 0.503588 0.345269 0.024758 0.025150
2844 0.186939 0.713892 0.030140 0.025150
1476 0.269645 0.663593 0.031216 0.025150
1341 0.503947 0.467665 0.036957 0.025150
91 0.346789 0.590778 0.038393 0.025150
2590 0.346071 0.393892 0.026193 0.025629
2844 0.579117 0.703353 0.033010 0.025629
562 0.661464 0.220479 0.034087 0.025629
4440 0.662899 0.416168 0.036957 0.025629
3562 0.427341 0.219521 0.040187 0.025629
68 0.583244 0.632335 0.006817 0.025868
70 0.189989 0.171976 0.018299 0.025868
121 0.582347 0.202395 0.022964 0.025868
2694 0.109437 0.745389 0.022964 0.025868
85 0.818802 0.536527 0.028705 0.025868
85 0.503588 0.609581 0.029064 0.025868
1891 0.422856 0.627784 0.031216 0.025868
1831 0.505382 0.784192 0.031216 0.025868
2844 0.891999 0.267545 0.031575 0.025868
721 0.889666 0.629701 0.031934 0.025868
120 0.345353 0.438563 0.034087 0.025868
1316 0.112307 0.311617 0.034446 0.025868
2844 0.341407 0.786108 0.034804 0.025868
1964 0.347506 0.340599 0.036957 0.025868
505 0.888231 0.795569 0.028346 0.026108
4311 0.585038 0.457365 0.034087 0.026108
3741 0.425188 0.728743 0.034446 0.026108
91 0.817905 0.296886 0.035522 0.026108
1401 0.504665 0.659760 0.036957 0.026108
93 0.589882 0.225030 0.038751 0.026108
1584 0.811087 0.791257 0.017582 0.026587
1422 0.268568 0.827665 0.029064 0.026587
1373 0.662720 0.345030 0.031575 0.026587
728 0.587908 0.580240 0.039110 0.026587
1560 0.504665 0.515808 0.039828 0.026587
111 0.110334 0.638084 0.016146 0.026826
119 0.341765 0.705868 0.017582 0.026826
1112 0.740402 0.225389 0.029064 0.026826
2844 0.736814 0.464910 0.034087 0.026826
562 0.189451 0.509940 0.034446 0.026826
119 0.427879 0.191497 0.014711 0.027066
552 0.587191 0.481796 0.024040 0.027066
279 0.188913 0.663114 0.024758 0.027066
2621 0.893613 0.603473 0.025475 0.027066
3735 0.191783 0.801796 0.031216 0.027066
1831 0.271259 0.427425 0.031575 0.027066
122 0.893972 0.401557 0.034087 0.027066
2949 0.661643 0.507425 0.024399 0.027545
3562 0.510405 0.299521 0.032652 0.027545
71 0.511302 0.274371 0.034446 0.027545
1986 0.109616 0.440359 0.035522 0.027545
2208 0.580732 0.332575 0.036240 0.027545
1870 0.426803 0.476287 0.040545 0.027545
58 0.740402 0.545389 0.018299 0.027784
71 0.427879 0.304431 0.026911 0.027784
1476 0.740043 0.517605 0.033369 0.027784
91 0.503947 0.448862 0.035522 0.027784
3562 0.267851 0.173892 0.036957 0.027784
2587 0.191066 0.772695 0.036957 0.027784
91 0.110872 0.577725 0.037316 0.027784
813 0.823645 0.199042 0.037675 0.027784
68 0.109437 0.556766 0.010047 0.028024
83 0.816649 0.380000 0.012917 0.028024
119 0.894869 0.676048 0.015788 0.028024
1138 0.660029 0.266707 0.025475 0.028024
973 0.104772 0.243713 0.025834 0.028024
85 0.502153 0.902635 0.027628 0.028024
71 0.587370 0.431737 0.033010 0.028024
1476 0.506279 0.373533 0.031575 0.028503
1986 0.109437 0.503593 0.038751 0.028503
1880 0.581091 0.175090 0.029781 0.028743
2844 0.582167 0.508982 0.031934 0.028743
1316 0.738249 0.836407 0.032652 0.028743
119 0.425188 0.520120 0.017223 0.028982
3381 0.425009 0.599641 0.025475 0.028982
3562 0.585396 0.301916 0.037675 0.028982
3322 0.893075 0.532096 0.024399 0.029461
505 0.580553 0.250180 0.031575 0.029461
2844 0.888231 0.707904 0.035522 0.029461
1831 0.893075 0.178443 0.030140 0.029701
83 0.268568 0.634371 0.011841 0.029940
83 0.264621 0.740958 0.013276 0.030419
1476 0.343201 0.758204 0.031216 0.030419
505 0.737173 0.626467 0.031934 0.030419
68 0.110693 0.266347 0.006817 0.030659
1851 0.658952 0.298204 0.035522 0.030659
3853 0.420883 0.861916 0.027269 0.030898
1986 0.740043 0.176168 0.036240 0.030898
1880 0.269465 0.306347 0.025834 0.031617
1986 0.886078 0.905629 0.029781 0.031617
973 0.497668 0.724671 0.031575 0.033293
1297 0.504844 0.423832 0.035881 0.033293
1126 0.738249 0.658443 0.030499 0.033533
3637 0.666308 0.558204 0.038751 0.033772
1297 0.887513 0.827784 0.024758 0.034491
1297 0.270721 0.511617 0.031216 0.034491
3894 0.107284 0.473413 0.033010 0.034731
3562 0.821134 0.325868 0.037675 0.035210
68 0.504844 0.750539 0.007176 0.035689
1297 0.346968 0.562994 0.034446 0.035689
68 0.818622 0.438084 0.007535 0.036407
68 0.578938 0.809222 0.007535 0.036647
296 0.658235 0.782395 0.028346 0.038084
296 0.112487 0.843593 0.020452 0.039281
68 0.345353 0.499281 0.006817 0.041916
68 0.817546 0.608862 0.008253 0.042156
