182 0.661443 0.314866 0.033238 0.010465
81 0.704416 0.309480 0.021368 0.010773
205 0.343305 0.240689 0.027540 0.011080
146 0.100665 0.136042 0.028490 0.011080
205 0.307217 0.264697 0.031339 0.011696
85 0.258072 0.208680 0.012821 0.012927
205 0.664530 0.328409 0.029915 0.012927
120 0.182099 0.594645 0.019468 0.013543
92 0.217949 0.660203 0.029440 0.013543
26 0.199905 0.618036 0.063628 0.013543
56 0.178775 0.818867 0.014720 0.013850
57 0.185897 0.904586 0.021368 0.014158
26 0.763533 0.447215 0.055081 0.014158
72 0.179012 0.868421 0.027540 0.014466
128 0.180437 0.687288 0.008547 0.014774
91 0.344967 0.187135 0.021368 0.014774
52 0.179012 0.561711 0.025641 0.014774
113 0.701092 0.279163 0.027066 0.014774
92 0.870845 0.436442 0.040836 0.014774
127 0.255935 0.194675 0.023742 0.015082
58 0.704653 0.294244 0.022792 0.015389
200 0.104701 0.152047 0.030864 0.015389
76 0.179012 0.833333 0.020893 0.015697
93 0.258310 0.179286 0.021842 0.015697
60 0.251187 0.420899 0.018044 0.016313
83 0.217949 0.873653 0.025641 0.016313
59 0.709402 0.323484 0.024691 0.016620
113 0.218424 0.676362 0.033238 0.016928
92 0.084520 0.709603 0.041785 0.016928
52 0.218661 0.740997 0.028015 0.017544
52 0.314103 0.569868 0.045109 0.017544
118 0.182099 0.919975 0.013770 0.017852
166 0.224596 0.487381 0.018993 0.018159
61 0.179012 0.704832 0.024691 0.018467
101 0.315052 0.424438 0.052707 0.018467
82 0.183998 0.578486 0.032764 0.018775
85 0.216999 0.803632 0.016144 0.019083
72 0.216049 0.644198 0.024691 0.019083
74 0.179487 0.671130 0.019943 0.019391
84 0.178538 0.801323 0.028490 0.019391
92 0.767331 0.208526 0.038936 0.019391
115 0.252137 0.402893 0.026591 0.019698
91 0.659307 0.176054 0.030864 0.019698
52 0.652422 0.496153 0.048433 0.019698
117 0.179487 0.851185 0.018993 0.020006
204 0.779440 0.477224 0.023267 0.020006
113 0.705603 0.342105 0.025641 0.020006
57 0.095679 0.311019 0.029915 0.020006
102 0.083571 0.884426 0.056030 0.020006
87 0.180912 0.887042 0.025641 0.020314
120 0.202754 0.138812 0.027540 0.020314
83 0.311491 0.184672 0.027540 0.020314
81 0.759022 0.583410 0.041311 0.020622
88 0.311016 0.164050 0.026591 0.020930
79 0.220085 0.721761 0.033713 0.020930
101 0.653609 0.264081 0.049858 0.020930
166 0.344967 0.218990 0.019468 0.021237
166 0.306505 0.244845 0.019468 0.021237
66 0.218186 0.760388 0.022317 0.021237
107 0.218661 0.781625 0.028015 0.021237
53 0.258784 0.225916 0.011396 0.021545
57 0.762583 0.738689 0.033238 0.021545
1637 0.224834 0.916898 0.039411 0.021545
88 0.313628 0.889504 0.046059 0.021545
108 0.252849 0.439982 0.015670 0.021853
56 0.654321 0.407972 0.022792 0.021853
126 0.179250 0.750846 0.028015 0.021853
65 0.772317 0.234072 0.042260 0.021853
134 0.098291 0.216990 0.026591 0.022161
101 0.083571 0.609110 0.052232 0.022161
56 0.761871 0.423053 0.025166 0.022468
54 0.219136 0.851185 0.028015 0.022468
3735 0.220798 0.828563 0.031339 0.022776
99 0.088082 0.763620 0.057455 0.022776
56 0.316002 0.447984 0.026116 0.023084
126 0.178063 0.647738 0.028490 0.023084
126 0.221985 0.588643 0.032764 0.023084
57 0.206315 0.279624 0.033713 0.023084
1995 0.177350 0.728994 0.038462 0.023084
1584 0.223409 0.894429 0.024217 0.023392
91 0.757123 0.811634 0.039411 0.023392
78 0.181861 0.539089 0.030389 0.023700
58 0.868234 0.908741 0.042260 0.023700
3948 0.178300 0.776854 0.027066 0.024007
98 0.346866 0.138812 0.032764 0.024007
58 0.216524 0.696984 0.021842 0.024315
120 0.313865 0.747769 0.028490 0.024315
111 0.182099 0.514928 0.017569 0.024623
85 0.219611 0.512773 0.020418 0.024623
101 0.086657 0.831641 0.053656 0.024623
268 0.312441 0.140813 0.029440 0.024931
91 0.485043 0.352878 0.042260 0.024931
87 0.314815 0.914435 0.040836 0.025239
2581 0.763058 0.871653 0.082621 0.025239
81 0.656220 0.381810 0.036087 0.025546
132 0.886515 0.374577 0.023742 0.025854
110 0.221510 0.538012 0.026116 0.025854
1995 0.217949 0.563866 0.037987 0.025854
81 0.088082 0.554324 0.038462 0.025854
67 0.768756 0.263466 0.041785 0.025854
113 0.863960 0.883503 0.048908 0.026162
56 0.869183 0.509849 0.052707 0.026162
87 0.090693 0.284395 0.035138 0.026470
55 0.759022 0.673284 0.047958 0.026777
113 0.759022 0.526316 0.047958 0.027085
47 0.341406 0.259926 0.022792 0.027393
122 0.347578 0.164512 0.023742 0.027393
113 0.651947 0.355648 0.057930 0.027393
134 0.771368 0.500923 0.025166 0.028009
204 0.203466 0.431056 0.027066 0.028009
117 0.761633 0.639120 0.030389 0.028009
117 0.195394 0.376424 0.028965 0.028316
83 0.654558 0.239766 0.034663 0.028316
72 0.760209 0.365651 0.041785 0.028316
120 0.197531 0.347953 0.024691 0.028624
119 0.084283 0.908433 0.029915 0.028624
87 0.313628 0.776701 0.042260 0.028624
81 0.316477 0.546784 0.043210 0.028624
127 0.763770 0.394121 0.050807 0.028624
134 0.203941 0.456140 0.024217 0.028932
126 0.758310 0.899354 0.039886 0.028932
72 0.080722 0.582949 0.050332 0.028932
58 0.762108 0.554478 0.043685 0.029240
3868 0.874406 0.165743 0.046059 0.029240
53 0.315764 0.691905 0.022792 0.030163
58 0.870845 0.604801 0.048433 0.030163
58 0.757360 0.608649 0.029440 0.030471
110 0.314340 0.722222 0.036087 0.030471
2193 0.756410 0.839797 0.064577 0.030471
107 0.654796 0.436442 0.032289 0.030779
126 0.086895 0.374577 0.040836 0.030779
75 0.208689 0.170514 0.042260 0.030779
53 0.319088 0.322407 0.019943 0.031086
93 0.878443 0.538473 0.045584 0.031086
51 0.084283 0.736380 0.039411 0.031702
76 0.658357 0.142659 0.044160 0.031702
60 0.087369 0.458603 0.018044 0.032010
113 0.864672 0.573407 0.052232 0.032010
3062 0.863010 0.815943 0.070750 0.032010
68 0.650285 0.469221 0.016619 0.032318
1575 0.861111 0.701293 0.039411 0.032318
51 0.315527 0.516313 0.040361 0.032318
2193 0.311966 0.852724 0.055081 0.032318
486 0.489316 0.386580 0.063153 0.032625
1354 0.878917 0.855494 0.026591 0.032933
1579 0.755935 0.774854 0.057930 0.032933
45 0.880579 0.149277 0.065052 0.033241
45 0.655508 0.305017 0.067901 0.033241
110 0.316239 0.354725 0.036087 0.033549
47 0.307692 0.282548 0.030389 0.033857
45 0.875831 0.309634 0.063153 0.033857
108 0.658357 0.202986 0.016619 0.034164
75 0.320513 0.597876 0.041785 0.034164
81 0.763058 0.142813 0.045584 0.034472
45 0.209164 0.210219 0.062203 0.034472
70 0.083808 0.858572 0.029915 0.034780
547 0.199668 0.310095 0.045109 0.034780
45 0.870133 0.646199 0.067901 0.034780
107 0.761871 0.327024 0.029915 0.035396
316 0.089269 0.686365 0.055081 0.035703
2489 0.864672 0.736996 0.058879 0.036011
45 0.202754 0.418436 0.068376 0.036011
119 0.757835 0.294706 0.035138 0.036627
90 0.085233 0.798707 0.053656 0.036934
47 0.312678 0.813019 0.044160 0.037242
3353 0.084520 0.185749 0.046534 0.037242
3664 0.090218 0.247922 0.060779 0.037242
2426 0.872032 0.402432 0.063153 0.037242
90 0.312441 0.396122 0.049383 0.037550
68 0.085470 0.340259 0.018044 0.037858
2246 0.091643 0.495537 0.065527 0.038166
2426 0.866334 0.777470 0.066952 0.038166
45 0.320275 0.677439 0.068851 0.038166
3231 0.870845 0.469221 0.058879 0.038473
2391 0.865859 0.665897 0.059354 0.038473
59 0.771368 0.179440 0.039411 0.038781
3172 0.089506 0.642967 0.056505 0.040628
118 0.756410 0.706217 0.027540 0.040936
47 0.316714 0.635580 0.045584 0.041243
1834 0.484093 0.314558 0.062203 0.041243
3231 0.086657 0.418898 0.066002 0.041243
1833 0.487179 0.265466 0.063628 0.042782
1354 0.884141 0.260080 0.024691 0.043090
2320 0.202042 0.243613 0.058405 0.044014
1844 0.486467 0.433518 0.050807 0.044629
3249 0.865622 0.211604 0.056030 0.046476
47 0.319088 0.474454 0.045584 0.048323
3458 0.871083 0.334411 0.048908 0.049554
