246 0.550426 0.401244 0.043830 0.010619
92 0.707234 0.825243 0.034894 0.013956
128 0.712979 0.391080 0.014894 0.014563
92 0.548298 0.832979 0.037021 0.016080
278 0.789362 0.897603 0.045957 0.017294
91 0.631064 0.895934 0.033191 0.018204
56 0.550000 0.857251 0.050638 0.019114
259 0.782979 0.877427 0.063830 0.020024
52 0.545532 0.591930 0.048511 0.021238
120 0.789362 0.733920 0.019574 0.021845
56 0.251277 0.264260 0.050638 0.021845
72 0.390000 0.617870 0.042128 0.022755
755 0.400851 0.537925 0.057021 0.023058
64 0.710213 0.893052 0.023830 0.023362
110 0.624468 0.603004 0.037872 0.024575
252 0.327234 0.514411 0.040000 0.024575
76 0.249787 0.279733 0.028085 0.024879
56 0.624255 0.539442 0.052766 0.024879
72 0.702128 0.517900 0.048511 0.025485
2151 0.471489 0.835407 0.040851 0.026396
88 0.470851 0.769721 0.031064 0.026699
2151 0.788936 0.382585 0.042553 0.026699
52 0.781915 0.602852 0.044681 0.026699
113 0.466170 0.595267 0.057447 0.026699
495 0.539362 0.664442 0.071064 0.026699
251 0.321915 0.332979 0.043830 0.027002
111 0.708085 0.256371 0.016170 0.027306
75 0.789362 0.819175 0.028936 0.027306
102 0.397660 0.842385 0.066809 0.027609
119 0.254894 0.306432 0.020426 0.027913
88 0.400638 0.426881 0.031064 0.027913
89 0.254255 0.347087 0.050638 0.027913
85 0.393830 0.896086 0.016596 0.028216
81 0.701915 0.297482 0.041277 0.028216
64 0.713191 0.358313 0.029787 0.028519
68 0.780638 0.505461 0.042128 0.028519
720 0.787872 0.260771 0.038723 0.028823
2151 0.471064 0.626669 0.045106 0.028823
126 0.471064 0.252579 0.051915 0.028823
95 0.629149 0.843750 0.041277 0.029126
91 0.550213 0.883799 0.046809 0.029126
83 0.783404 0.572057 0.030638 0.029430
113 0.246809 0.503792 0.056170 0.029430
91 0.325106 0.547178 0.057021 0.029430
85 0.787234 0.851487 0.011064 0.030036
83 0.704255 0.322512 0.039149 0.030340
2203 0.472340 0.719357 0.045957 0.030340
126 0.328085 0.638653 0.055319 0.030340
691 0.708085 0.222239 0.040000 0.030643
1005 0.472766 0.879096 0.057021 0.030643
88 0.709149 0.550667 0.034468 0.030947
56 0.707872 0.484982 0.016596 0.031250
70 0.404894 0.813865 0.020851 0.031250
87 0.784681 0.715716 0.042553 0.031553
1214 0.321915 0.295813 0.042979 0.031553
978 0.550638 0.452367 0.052766 0.031553
1279 0.472766 0.216171 0.040851 0.031857
1834 0.398298 0.692809 0.051064 0.031857
91 0.318085 0.480734 0.054043 0.031857
323 0.714255 0.178550 0.063404 0.031857
85 0.474894 0.554915 0.016170 0.032160
91 0.552553 0.221481 0.048936 0.032160
88 0.552340 0.303853 0.034894 0.032464
91 0.785745 0.229672 0.052340 0.032767
88 0.331064 0.810831 0.038298 0.033070
2144 0.330426 0.886377 0.048085 0.033070
107 0.402766 0.308252 0.021702 0.033374
77 0.628936 0.762136 0.028936 0.033374
91 0.781064 0.470722 0.055745 0.034284
83 0.468298 0.800971 0.044681 0.034587
69 0.407660 0.342688 0.017872 0.034891
120 0.707021 0.682191 0.037021 0.034891
2233 0.471915 0.179612 0.044255 0.035194
1521 0.630000 0.401092 0.057447 0.035194
1468 0.399362 0.502579 0.054043 0.035498
62 0.469362 0.484678 0.028936 0.036104
1880 0.545532 0.746208 0.033191 0.036104
287 0.781064 0.343447 0.053191 0.036408
85 0.549787 0.552033 0.014468 0.036711
107 0.624255 0.724666 0.022979 0.036711
1384 0.399787 0.228914 0.048936 0.036711
85 0.475957 0.390473 0.014043 0.037015
613 0.785319 0.679005 0.047234 0.037015
76 0.624043 0.569326 0.030213 0.037318
120 0.473191 0.520783 0.040000 0.037318
1129 0.788511 0.298240 0.033191 0.037621
366 0.398936 0.734223 0.052340 0.037621
126 0.327872 0.731948 0.047234 0.037925
3175 0.398511 0.273513 0.055745 0.037925
3250 0.558298 0.179308 0.063830 0.038228
1894 0.257660 0.395328 0.044681 0.038835
1575 0.461064 0.748331 0.045532 0.039138
1552 0.399574 0.463744 0.055319 0.039138
107 0.712553 0.449333 0.020851 0.039442
1256 0.627447 0.871814 0.028511 0.039745
83 0.244255 0.226638 0.034894 0.040049
83 0.617447 0.498331 0.038298 0.040352
127 0.788511 0.540200 0.044255 0.040352
4317 0.400851 0.778671 0.045957 0.040352
2633 0.627021 0.806584 0.047234 0.040352
1782 0.621702 0.689624 0.069787 0.040655
70 0.698298 0.643962 0.051064 0.040959
122 0.709787 0.415959 0.043404 0.041262
940 0.539574 0.702973 0.056170 0.041262
322 0.326170 0.769569 0.065106 0.041566
119 0.396383 0.386984 0.048085 0.042172
1498 0.324255 0.849515 0.045106 0.042476
2161 0.783617 0.636529 0.047234 0.042476
253 0.554468 0.261984 0.033191 0.042779
1396 0.706596 0.795206 0.046383 0.043083
1158 0.790638 0.189472 0.036596 0.043386
4084 0.784043 0.427033 0.053191 0.043386
2598 0.472979 0.437652 0.017447 0.043993
121 0.547021 0.616960 0.028511 0.043993
2167 0.319574 0.181887 0.043404 0.043993
316 0.398936 0.182191 0.062553 0.043993
70 0.702766 0.858920 0.056596 0.044296
3772 0.619787 0.644569 0.072766 0.045813
3283 0.629362 0.359072 0.027234 0.046420
4116 0.321702 0.376365 0.034043 0.046420
68 0.397234 0.656250 0.006383 0.046723
4404 0.471702 0.356038 0.042979 0.047027
4069 0.701915 0.591323 0.054043 0.047330
68 0.248085 0.182342 0.011915 0.047937
961 0.627660 0.250152 0.047660 0.048240
68 0.403191 0.869691 0.007234 0.048847
2429 0.630000 0.303550 0.035319 0.048847
68 0.402553 0.575546 0.008511 0.050364
1530 0.477872 0.302791 0.040851 0.050364
1824 0.327021 0.686742 0.031064 0.050667
68 0.548085 0.792627 0.008511 0.052488
1530 0.555319 0.358768 0.042553 0.052488
68 0.630213 0.445085 0.008511 0.052791
3984 0.327021 0.434011 0.054043 0.057949
296 0.783617 0.774424 0.040426 0.058556
68 0.630000 0.189624 0.008936 0.060680
296 0.470000 0.671268 0.038723 0.061590
296 0.549787 0.497269 0.040000 0.066748
47 0.318936 0.238471 0.029362 0.067354
69 0.257447 0.458586 0.028085 0.068265
296 0.324681 0.588137 0.042553 0.070692
296 0.706383 0.729976 0.041702 0.075243
