246 0.577268 0.303314 0.035855 0.005764
101 0.264432 0.469621 0.036214 0.009846
101 0.109537 0.721542 0.039082 0.009846
56 0.506275 0.591739 0.011474 0.011527
52 0.262101 0.396974 0.022947 0.011527
62 0.339369 0.204971 0.021155 0.012728
120 0.181965 0.334054 0.016852 0.013449
52 0.580674 0.588256 0.024740 0.014169
52 0.657404 0.703290 0.029043 0.014169
57 0.345464 0.292627 0.023306 0.014649
91 0.180172 0.405740 0.031194 0.014649
52 0.106490 0.655259 0.024381 0.015130
52 0.573682 0.257565 0.025816 0.015130
91 0.576192 0.351585 0.030118 0.015370
128 0.345106 0.275336 0.009681 0.016090
56 0.422911 0.687440 0.013266 0.016090
91 0.886877 0.423271 0.028326 0.016090
60 0.504661 0.721182 0.026174 0.016330
91 0.423987 0.787224 0.030477 0.016330
88 0.342596 0.564361 0.033345 0.016330
88 0.500359 0.232709 0.034062 0.016330
126 0.261743 0.871518 0.030118 0.017291
56 0.888311 0.248799 0.035497 0.017291
683 0.581750 0.906700 0.030477 0.017531
189 0.182323 0.290226 0.012549 0.018012
3053 0.344568 0.880283 0.024381 0.018012
2543 0.735568 0.460735 0.030477 0.018012
72 0.341879 0.860110 0.034779 0.018012
88 0.887953 0.297310 0.031194 0.018252
88 0.425421 0.732709 0.032628 0.018252
738 0.422553 0.348463 0.044819 0.018252
2543 0.579240 0.883165 0.029760 0.018492
88 0.504661 0.868276 0.031194 0.018492
88 0.656328 0.514289 0.033345 0.018492
598 0.426318 0.808718 0.037289 0.018492
1007 0.500000 0.293828 0.044102 0.018492
189 0.887236 0.576969 0.013266 0.018972
126 0.655791 0.851945 0.022947 0.018972
1834 0.108462 0.875720 0.033345 0.018972
2543 0.502868 0.843300 0.034062 0.018972
88 0.420222 0.507805 0.034421 0.018972
1033 0.418250 0.240754 0.036214 0.018972
101 0.657225 0.719621 0.043026 0.018972
101 0.185550 0.656940 0.046970 0.018972
300 0.652026 0.241114 0.029043 0.019212
2151 0.504303 0.480067 0.034062 0.019212
66 0.422194 0.561840 0.018286 0.019452
2543 0.181068 0.382445 0.020079 0.019452
2151 0.107207 0.854107 0.032987 0.019452
88 0.505378 0.701369 0.032628 0.019933
189 0.505020 0.739433 0.011115 0.020173
83 0.576371 0.800432 0.024023 0.020173
51 0.656866 0.767771 0.028684 0.020173
91 0.887773 0.905139 0.028684 0.020173
2151 0.267659 0.565322 0.032628 0.020173
74 0.890104 0.883165 0.017569 0.020413
3053 0.108820 0.808237 0.021872 0.020413
88 0.187343 0.748199 0.030477 0.020413
381 0.266583 0.891811 0.031911 0.020413
1214 0.107745 0.601705 0.032628 0.020413
56 0.655253 0.292147 0.013266 0.020893
83 0.339548 0.480187 0.024381 0.020893
126 0.106311 0.458093 0.032628 0.020893
98 0.104518 0.673271 0.034062 0.020893
683 0.102904 0.319765 0.041592 0.020893
68 0.188777 0.882805 0.004661 0.021134
85 0.891897 0.822286 0.008247 0.021134
85 0.264073 0.374880 0.011832 0.021134
119 0.262639 0.823967 0.020437 0.021134
88 0.428469 0.873919 0.030118 0.021134
1033 0.179814 0.197166 0.039082 0.021134
118 0.345464 0.838977 0.011832 0.021374
117 0.259950 0.170389 0.017210 0.021374
3203 0.264970 0.848343 0.027250 0.021374
1834 0.269272 0.588016 0.037289 0.021374
1033 0.579957 0.532301 0.037648 0.021374
2151 0.183041 0.488353 0.038365 0.021374
683 0.262997 0.250600 0.039082 0.021374
83 0.500896 0.764049 0.025816 0.021854
1083 0.345285 0.539505 0.027250 0.021854
68 0.422911 0.662944 0.036214 0.021854
98 0.506992 0.571686 0.038724 0.021854
120 0.811043 0.526177 0.014342 0.022094
51 0.576730 0.405139 0.034779 0.022094
316 0.578702 0.204131 0.038724 0.022094
1033 0.101291 0.345581 0.039082 0.022094
111 0.264432 0.766451 0.014701 0.022334
83 0.341162 0.651657 0.025457 0.022334
83 0.179814 0.170389 0.027608 0.022334
115 0.812119 0.503963 0.031553 0.022334
1214 0.262280 0.351225 0.033345 0.022334
978 0.182503 0.356988 0.037289 0.022334
98 0.577806 0.776777 0.033345 0.022815
1282 0.105773 0.401177 0.035855 0.022815
126 0.421119 0.265130 0.027608 0.023055
88 0.345106 0.779059 0.028326 0.023055
2726 0.104876 0.573247 0.031911 0.023055
978 0.580674 0.857109 0.034062 0.023055
1033 0.502510 0.641451 0.039082 0.023055
1016 0.503944 0.540106 0.040516 0.023055
1214 0.421477 0.375480 0.030477 0.023295
88 0.810506 0.548871 0.031194 0.023295
978 0.658300 0.608910 0.032987 0.023295
722 0.581212 0.638208 0.034421 0.023295
978 0.739871 0.433117 0.041233 0.023295
189 0.105056 0.511407 0.015776 0.023775
1083 0.420581 0.324808 0.025816 0.023775
52 0.419505 0.426873 0.027250 0.023775
2543 0.655611 0.640850 0.031194 0.023775
76 0.813195 0.581292 0.031553 0.023775
87 0.340803 0.311840 0.032628 0.023775
91 0.264252 0.674712 0.032987 0.023775
98 0.107565 0.830331 0.034421 0.023775
109 0.654536 0.267411 0.035497 0.023775
1033 0.575834 0.376681 0.040158 0.023775
118 0.889387 0.549952 0.008247 0.024015
85 0.580674 0.562200 0.008247 0.024015
3053 0.423270 0.613593 0.026891 0.024015
72 0.417892 0.583573 0.029043 0.024015
51 0.812657 0.353266 0.029760 0.024015
2897 0.655432 0.383045 0.032987 0.024015
486 0.658480 0.875360 0.034062 0.024015
1666 0.262997 0.489433 0.036214 0.024015
979 0.426856 0.760567 0.038365 0.024015
126 0.504123 0.672791 0.024381 0.024256
62 0.183041 0.314962 0.029760 0.024256
120 0.100215 0.261647 0.030477 0.024256
91 0.100574 0.374280 0.032628 0.024256
870 0.657763 0.487632 0.033345 0.024256
98 0.259771 0.414866 0.034062 0.024256
978 0.503765 0.819044 0.037289 0.024256
2471 0.505737 0.793828 0.039082 0.024256
85 0.420043 0.402618 0.010398 0.024736
3053 0.266224 0.518852 0.026891 0.024736
83 0.185909 0.905740 0.029760 0.024736
126 0.189136 0.799111 0.031194 0.024736
120 0.427573 0.707853 0.032628 0.024736
98 0.418967 0.451129 0.036931 0.024736
98 0.261922 0.543588 0.039799 0.024736
2621 0.654177 0.579371 0.042668 0.024736
3053 0.501972 0.430596 0.025816 0.024976
126 0.182682 0.225504 0.027608 0.024976
88 0.182682 0.605187 0.029043 0.024976
120 0.660272 0.739673 0.032628 0.024976
1229 0.106669 0.698367 0.033345 0.024976
120 0.107028 0.429635 0.034062 0.024976
992 0.657046 0.904059 0.029043 0.025216
91 0.813733 0.249159 0.031194 0.025216
381 0.186626 0.827450 0.036931 0.025216
979 0.659018 0.355307 0.037289 0.025216
78 0.814450 0.473943 0.019720 0.025696
722 0.656149 0.824568 0.030118 0.025696
88 0.101470 0.199207 0.031553 0.025696
113 0.428290 0.902137 0.033345 0.025696
368 0.808713 0.217699 0.035497 0.025696
98 0.501613 0.455932 0.035855 0.025696
1033 0.185730 0.773895 0.035855 0.025696
3322 0.579598 0.500600 0.037648 0.025696
2343 0.108103 0.902378 0.037648 0.025696
91 0.735210 0.488112 0.038365 0.025696
316 0.577447 0.328650 0.040516 0.025696
60 0.266583 0.645293 0.013266 0.025937
127 0.887415 0.270413 0.027250 0.025937
1396 0.580674 0.827810 0.036931 0.025937
2897 0.736285 0.323007 0.037648 0.025937
98 0.421836 0.638569 0.038365 0.025937
60 0.339728 0.337776 0.013984 0.026177
86 0.270706 0.742195 0.018645 0.026177
3280 0.182144 0.431676 0.022947 0.026177
1917 0.265687 0.795269 0.028684 0.026177
4122 0.102008 0.173271 0.034779 0.026177
722 0.496594 0.262608 0.035855 0.026177
91 0.889566 0.719140 0.037289 0.026177
98 0.574579 0.278218 0.039082 0.026177
83 0.259233 0.221542 0.014342 0.026657
92 0.811760 0.318564 0.025816 0.026657
81 0.341162 0.254203 0.031194 0.026657
722 0.099498 0.290946 0.033345 0.026657
98 0.342237 0.903578 0.036931 0.026657
1666 0.417533 0.533261 0.038365 0.026657
3736 0.891538 0.751801 0.041233 0.026657
2266 0.108283 0.542387 0.041592 0.026657
990 0.186985 0.854947 0.020437 0.026897
83 0.886518 0.599664 0.026174 0.026897
127 0.343313 0.224784 0.036214 0.026897
2529 0.420043 0.292988 0.039799 0.026897
979 0.738437 0.287224 0.041233 0.026897
2255 0.112406 0.740634 0.041951 0.026897
68 0.183399 0.546950 0.006095 0.027137
126 0.500000 0.321926 0.026891 0.027137
253 0.183041 0.461936 0.026891 0.027137
85 0.106131 0.629323 0.031553 0.027137
4091 0.185013 0.579131 0.034421 0.027137
118 0.814987 0.606748 0.011474 0.027618
870 0.345106 0.753722 0.032628 0.027618
722 0.503944 0.507805 0.033345 0.027618
350 0.183937 0.633646 0.034421 0.027618
3754 0.417712 0.173511 0.035855 0.027618
60 0.504482 0.611431 0.018645 0.027858
66 0.888311 0.213497 0.031911 0.027858
111 0.811581 0.447046 0.016135 0.028098
83 0.810147 0.413425 0.024740 0.028098
1476 0.103442 0.485471 0.032628 0.028098
1797 0.495160 0.173511 0.034421 0.028098
2621 0.734493 0.402378 0.036214 0.028098
3562 0.816601 0.282781 0.037648 0.028098
98 0.578881 0.609390 0.037648 0.028098
119 0.580495 0.430476 0.015776 0.028578
3665 0.888132 0.330091 0.031553 0.028578
3053 0.578881 0.751081 0.033345 0.028578
85 0.572965 0.234150 0.014342 0.028818
2529 0.342775 0.511047 0.040158 0.028818
107 0.340803 0.370917 0.021872 0.029059
981 0.578881 0.174232 0.036214 0.029059
98 0.886698 0.358910 0.034421 0.029539
2233 0.887056 0.451969 0.034421 0.029779
3562 0.893689 0.684198 0.034779 0.029779
1562 0.653460 0.176273 0.037648 0.029779
506 0.498207 0.354947 0.041951 0.029779
3151 0.262818 0.321446 0.037289 0.030500
3862 0.503048 0.898055 0.037289 0.030500
4166 0.583901 0.466499 0.046253 0.030500
119 0.342417 0.627522 0.015776 0.030740
268 0.343851 0.721662 0.028684 0.030740
268 0.657046 0.456292 0.029043 0.030740
80 0.260667 0.196686 0.031553 0.030740
85 0.656866 0.672550 0.031553 0.030980
1134 0.187702 0.716979 0.034779 0.030980
70 0.892614 0.848583 0.031911 0.031460
1579 0.419684 0.479707 0.036214 0.031460
4359 0.655611 0.544789 0.036931 0.031460
119 0.656149 0.793708 0.014342 0.031700
76 0.498028 0.203410 0.020079 0.031700
117 0.181248 0.517531 0.020437 0.031700
126 0.890463 0.482709 0.025457 0.031700
1579 0.266224 0.442243 0.034062 0.031940
3856 0.427931 0.838016 0.036214 0.031940
973 0.264252 0.616354 0.025816 0.032421
282 0.342237 0.596182 0.033345 0.032421
1880 0.337935 0.176513 0.029760 0.032661
4359 0.735389 0.361551 0.035855 0.033381
3215 0.180172 0.260807 0.024023 0.033622
68 0.419147 0.208814 0.008605 0.033862
63 0.814987 0.382205 0.031553 0.033862
54 0.887594 0.521013 0.032628 0.033862
1812 0.655253 0.416787 0.033345 0.033862
1282 0.345106 0.811119 0.035497 0.033862
71 0.816601 0.639649 0.037648 0.033862
2950 0.889387 0.788305 0.039082 0.033862
3192 0.183578 0.681676 0.028684 0.034342
68 0.653998 0.320245 0.008605 0.035303
69 0.584439 0.716739 0.020079 0.035303
1579 0.887594 0.394212 0.033345 0.035303
1871 0.650592 0.207853 0.034779 0.035783
4693 0.260129 0.282061 0.032628 0.036263
1282 0.100932 0.234030 0.036214 0.036263
68 0.499641 0.393612 0.008964 0.036503
68 0.109537 0.773895 0.007530 0.037224
4693 0.266045 0.705211 0.030118 0.037224
1812 0.342417 0.682757 0.031553 0.037464
3509 0.581033 0.679515 0.036931 0.039145
68 0.341520 0.407181 0.009681 0.040586
69 0.261563 0.893612 0.039082 0.042267
4460 0.886698 0.639169 0.028684 0.043468
47 0.342237 0.444645 0.022589 0.044428
296 0.736644 0.536383 0.031911 0.056916
