246 0.245803 0.151558 0.051319 0.006542
169 0.832374 0.377570 0.024460 0.010592
162 0.605276 0.710592 0.022062 0.011838
205 0.841247 0.364486 0.028777 0.011838
173 0.830935 0.121651 0.037890 0.012773
92 0.364748 0.918692 0.043645 0.014953
162 0.598561 0.409813 0.023981 0.015265
192 0.708393 0.301246 0.027818 0.015576
56 0.584412 0.789875 0.019664 0.015888
57 0.702398 0.759969 0.034053 0.015888
162 0.475300 0.361526 0.034532 0.015888
185 0.834293 0.346573 0.028297 0.016511
81 0.473861 0.502336 0.040288 0.016511
132 0.955875 0.284424 0.022062 0.016822
162 0.833333 0.134268 0.023501 0.017445
93 0.146763 0.878505 0.053717 0.018069
132 0.494005 0.801090 0.021103 0.018380
88 0.140288 0.799844 0.045564 0.018380
101 0.809353 0.569315 0.055156 0.018380
101 0.694245 0.437695 0.056115 0.018692
88 0.247002 0.546262 0.045084 0.019003
52 0.694724 0.802648 0.045564 0.019003
57 0.264029 0.906854 0.031175 0.019315
81 0.696403 0.845171 0.033573 0.019315
81 0.355875 0.638941 0.035492 0.019315
91 0.474101 0.885670 0.040767 0.019315
861 0.591367 0.263863 0.049880 0.019315
56 0.588249 0.725078 0.019664 0.019626
101 0.140528 0.355919 0.057554 0.019626
101 0.245324 0.392991 0.061871 0.019626
57 0.361631 0.471651 0.031655 0.019938
56 0.586331 0.426947 0.020624 0.020249
88 0.356115 0.541277 0.048441 0.020249
120 0.246043 0.494081 0.026859 0.020561
88 0.586091 0.593769 0.041247 0.020561
88 0.471703 0.577259 0.052278 0.020561
132 0.831655 0.735358 0.021103 0.020872
57 0.594724 0.909813 0.033573 0.020872
57 0.364269 0.204517 0.035012 0.020872
57 0.360911 0.343769 0.035012 0.020872
92 0.138849 0.667757 0.037890 0.020872
81 0.922782 0.379907 0.039329 0.020872
132 0.267386 0.307477 0.024460 0.021184
91 0.355635 0.427414 0.032134 0.021184
57 0.924700 0.460436 0.032614 0.021184
119 0.586571 0.446573 0.022062 0.021495
91 0.588489 0.238162 0.037410 0.021495
120 0.929496 0.158879 0.023981 0.021807
259 0.467626 0.123053 0.067146 0.021807
113 0.355635 0.493302 0.054197 0.022118
113 0.582734 0.771807 0.054676 0.022118
120 0.694724 0.777259 0.028297 0.022430
95 0.816547 0.437695 0.044604 0.022430
84 0.140048 0.269159 0.045084 0.022430
113 0.814388 0.461682 0.050839 0.022430
120 0.140288 0.711371 0.030216 0.022741
83 0.695923 0.679595 0.039329 0.022741
101 0.137170 0.159969 0.056595 0.022741
120 0.362590 0.844237 0.023022 0.023053
120 0.920624 0.674143 0.027338 0.023053
77 0.817506 0.712150 0.048441 0.023053
55 0.358034 0.406231 0.051319 0.023053
251 0.586811 0.210903 0.055156 0.023053
259 0.472662 0.827103 0.057074 0.023053
113 0.924221 0.270249 0.045084 0.023364
91 0.587530 0.287695 0.045084 0.023364
88 0.816307 0.325389 0.049880 0.023364
73 0.818225 0.661838 0.051799 0.023364
56 0.471223 0.526947 0.052278 0.023364
60 0.360671 0.865265 0.017266 0.023988
135 0.710552 0.321651 0.024460 0.023988
66 0.357074 0.159034 0.027338 0.023988
76 0.250839 0.831620 0.030695 0.023988
83 0.805995 0.871184 0.047482 0.023988
101 0.923981 0.337850 0.067626 0.023988
85 0.588489 0.310903 0.024940 0.024299
84 0.359952 0.792212 0.041727 0.024299
98 0.583453 0.158255 0.054197 0.024299
259 0.584173 0.618380 0.056595 0.024299
1345 0.582734 0.185670 0.062350 0.024299
76 0.357074 0.226012 0.034053 0.024611
83 0.584412 0.513240 0.037890 0.024611
91 0.139808 0.596417 0.038849 0.024611
66 0.138609 0.480685 0.028777 0.024922
418 0.696882 0.493458 0.039329 0.024922
66 0.918225 0.652181 0.034053 0.025234
119 0.816547 0.485670 0.020624 0.025545
47 0.809353 0.142835 0.019664 0.025857
68 0.133333 0.505452 0.026859 0.025857
118 0.922302 0.731620 0.034532 0.025857
83 0.818465 0.232243 0.038849 0.025857
127 0.813189 0.685202 0.055156 0.025857
111 0.926379 0.186916 0.022542 0.026168
83 0.133094 0.528660 0.043645 0.026168
55 0.588969 0.539252 0.046043 0.026168
76 0.695923 0.735981 0.034532 0.026480
83 0.473861 0.380841 0.038369 0.026480
122 0.247002 0.575545 0.039329 0.026480
127 0.921103 0.433178 0.049400 0.026480
111 0.813909 0.509346 0.029736 0.026791
119 0.582014 0.746885 0.031175 0.027103
83 0.355875 0.697040 0.038369 0.027103
77 0.699520 0.869003 0.043645 0.027103
121 0.138849 0.856231 0.044604 0.027103
113 0.696882 0.373053 0.046043 0.027103
193 0.246043 0.290498 0.048921 0.027103
127 0.361871 0.759346 0.057074 0.027103
259 0.585851 0.877103 0.064748 0.027103
68 0.249640 0.807165 0.009113 0.027414
76 0.353717 0.317134 0.036930 0.027414
51 0.361631 0.820872 0.040288 0.027414
121 0.139329 0.689097 0.045564 0.027414
127 0.933333 0.213707 0.065228 0.027414
83 0.582014 0.845639 0.041727 0.027726
87 0.462590 0.150000 0.042686 0.027726
107 0.244125 0.443769 0.047002 0.027726
62 0.472182 0.480997 0.034053 0.028037
85 0.920863 0.356698 0.034532 0.028037
87 0.249880 0.632710 0.044125 0.028037
4260 0.474101 0.858255 0.052278 0.028037
127 0.363070 0.182243 0.061391 0.028037
60 0.698321 0.823209 0.022062 0.028349
85 0.697602 0.516978 0.025420 0.028349
111 0.136691 0.293925 0.035492 0.028349
85 0.698082 0.276012 0.027338 0.028660
76 0.134053 0.215576 0.032134 0.028660
53 0.922062 0.758100 0.019664 0.028972
60 0.137170 0.242212 0.025899 0.028972
77 0.920624 0.700156 0.044604 0.028972
77 0.478177 0.775545 0.048921 0.028972
60 0.244604 0.601246 0.022062 0.029283
65 0.476259 0.644237 0.047962 0.029283
121 0.923501 0.519938 0.054197 0.029283
118 0.469065 0.179907 0.017266 0.029595
62 0.245084 0.471340 0.040288 0.029907
1003 0.249640 0.521807 0.070504 0.029907
68 0.364508 0.449377 0.009592 0.030218
87 0.136691 0.828816 0.040288 0.030218
104 0.140048 0.740966 0.049880 0.030218
120 0.818945 0.300000 0.020624 0.030530
85 0.822062 0.169159 0.023022 0.030530
126 0.808393 0.795639 0.037890 0.030530
126 0.357554 0.254673 0.041727 0.030841
1282 0.923741 0.133801 0.058513 0.030841
1083 0.475540 0.256386 0.034053 0.031153
93 0.588489 0.384268 0.043165 0.031464
552 0.475300 0.749688 0.047002 0.031464
126 0.473861 0.288006 0.055635 0.031464
1165 0.135731 0.373053 0.058513 0.031464
53 0.357314 0.518380 0.018225 0.031776
53 0.472182 0.552960 0.020624 0.031776
85 0.919664 0.787850 0.023501 0.031776
119 0.245564 0.260748 0.025899 0.031776
126 0.139808 0.450779 0.042686 0.031776
3735 0.350839 0.289097 0.043645 0.031776
58 0.812950 0.635047 0.030695 0.032087
126 0.695444 0.613863 0.040288 0.032087
51 0.247482 0.231308 0.046043 0.032087
126 0.476499 0.448287 0.039808 0.032399
126 0.252518 0.701869 0.050360 0.032399
92 0.698561 0.345016 0.029257 0.032710
87 0.919664 0.619159 0.043645 0.032710
547 0.248441 0.773988 0.044125 0.032710
547 0.695444 0.707321 0.047962 0.032710
683 0.253237 0.127570 0.070983 0.032710
85 0.700959 0.904361 0.029257 0.033022
72 0.584173 0.816199 0.045084 0.033022
1435 0.815827 0.408100 0.049880 0.033022
69 0.923501 0.490343 0.055156 0.033022
3175 0.355635 0.892056 0.054197 0.033333
1083 0.357314 0.128505 0.054676 0.033333
1435 0.584652 0.130530 0.051799 0.033645
68 0.816067 0.202960 0.044604 0.033956
47 0.803597 0.373988 0.016787 0.034579
85 0.244604 0.195483 0.023981 0.034579
121 0.585851 0.566822 0.050360 0.034579
316 0.245324 0.176480 0.060911 0.034579
83 0.917506 0.896262 0.030695 0.034891
81 0.920384 0.862305 0.037410 0.034891
93 0.589928 0.685358 0.042206 0.034891
106 0.358753 0.667290 0.049880 0.034891
90 0.135252 0.131776 0.054676 0.034891
53 0.354916 0.572118 0.018225 0.035202
86 0.146523 0.774455 0.035971 0.035514
87 0.244604 0.413084 0.037410 0.035514
3735 0.137410 0.183178 0.056115 0.035514
547 0.696882 0.210748 0.049880 0.035826
1193 0.813429 0.268380 0.050839 0.035826
3665 0.693765 0.462150 0.068585 0.035826
70 0.698082 0.246106 0.030216 0.036137
1637 0.696882 0.586293 0.077698 0.036137
3786 0.583453 0.652492 0.064748 0.036449
70 0.470743 0.677103 0.030216 0.037072
106 0.360432 0.611682 0.055156 0.037072
1460 0.479376 0.911682 0.061871 0.037072
90 0.138849 0.328037 0.055156 0.037383
1644 0.695204 0.647975 0.063789 0.037383
90 0.810791 0.542056 0.052278 0.038006
1435 0.919185 0.828505 0.046523 0.038318
90 0.243165 0.364953 0.053717 0.038318
3231 0.355396 0.376168 0.059472 0.038318
68 0.242926 0.326168 0.019664 0.038629
1584 0.697602 0.549065 0.035012 0.038941
126 0.697122 0.130997 0.043645 0.038941
4079 0.355875 0.727570 0.057554 0.038941
69 0.927818 0.239875 0.027338 0.039252
3231 0.150360 0.908100 0.064748 0.039252
1834 0.472422 0.713084 0.069065 0.039252
68 0.921823 0.585202 0.007674 0.039564
547 0.920624 0.553427 0.047482 0.039564
70 0.470504 0.607165 0.033573 0.039875
90 0.920384 0.306231 0.050839 0.039875
3231 0.810552 0.598131 0.056595 0.039875
296 0.251559 0.670093 0.035012 0.041121
4451 0.808153 0.762928 0.063309 0.041121
4451 0.134532 0.563551 0.074341 0.041121
691 0.583693 0.482399 0.038369 0.041433
1297 0.585851 0.345327 0.052278 0.041433
2033 0.812470 0.906075 0.076739 0.041433
2320 0.698561 0.408411 0.054197 0.041745
378 0.250360 0.871963 0.068106 0.042368
3741 0.472662 0.412617 0.075300 0.043302
4775 0.695444 0.173520 0.054676 0.043614
4447 0.810552 0.834112 0.069065 0.043925
3173 0.249400 0.735514 0.052758 0.047352
1063 0.471223 0.217445 0.066667 0.047352
4447 0.141966 0.634268 0.075779 0.047352
3897 0.473861 0.328193 0.055635 0.047664
2019 0.139089 0.410592 0.070024 0.047975
