246 0.759432 0.406109 0.040271 0.005912
246 0.132683 0.428913 0.040695 0.005912
246 0.507630 0.247607 0.044510 0.006475
101 0.382365 0.621340 0.049173 0.009009
101 0.323230 0.938063 0.052141 0.011261
101 0.826409 0.917370 0.043663 0.012106
101 0.135015 0.397945 0.052989 0.012106
173 0.819203 0.557151 0.039423 0.012387
173 0.132895 0.691864 0.036032 0.012669
101 0.064646 0.134431 0.044510 0.012669
173 0.692878 0.492539 0.036032 0.013795
173 0.135015 0.411177 0.036880 0.013795
297 0.824290 0.900479 0.039423 0.014921
173 0.068461 0.119229 0.032641 0.015484
173 0.441925 0.487472 0.038576 0.015484
56 0.380458 0.536177 0.018228 0.016047
113 0.563162 0.368102 0.052989 0.016047
76 0.755617 0.586852 0.033489 0.016610
173 0.442136 0.140484 0.039000 0.016892
81 0.820687 0.668778 0.037304 0.017173
56 0.193938 0.543074 0.015685 0.018018
56 0.634379 0.775056 0.015685 0.018018
60 0.820899 0.683277 0.028402 0.018018
76 0.258372 0.715935 0.029250 0.018018
173 0.821958 0.253378 0.040695 0.018018
55 0.131836 0.327421 0.040695 0.018018
56 0.755617 0.786881 0.047054 0.018018
56 0.380670 0.709178 0.049173 0.018018
56 0.752649 0.481278 0.013989 0.018863
128 0.130776 0.588542 0.014837 0.018863
56 0.942772 0.780828 0.016956 0.018863
56 0.825138 0.870073 0.019076 0.018863
85 0.388088 0.861627 0.029250 0.018863
83 0.134591 0.798846 0.030945 0.018863
113 0.442772 0.744792 0.041967 0.018863
60 0.943408 0.348536 0.025858 0.019144
173 0.323442 0.922860 0.027130 0.019144
60 0.754769 0.299831 0.029250 0.019144
55 0.442348 0.503097 0.042815 0.019144
113 0.199449 0.773367 0.049597 0.019144
85 0.132683 0.710163 0.022043 0.019426
85 0.630352 0.413711 0.027130 0.019426
81 0.945104 0.335445 0.038576 0.019426
55 0.692454 0.510839 0.040271 0.019426
72 0.627384 0.302506 0.037304 0.019989
81 0.754345 0.289555 0.041119 0.019989
287 0.512293 0.801380 0.047054 0.019989
127 0.823866 0.305039 0.047902 0.019989
85 0.324502 0.201577 0.031793 0.020270
57 0.824714 0.234234 0.035184 0.020270
52 0.698177 0.872466 0.037304 0.020270
297 0.504875 0.329955 0.040695 0.020270
287 0.575880 0.775619 0.042815 0.020270
127 0.830861 0.931025 0.050869 0.020270
495 0.692878 0.299550 0.054684 0.020270
56 0.756253 0.116976 0.016956 0.020552
56 0.200721 0.836571 0.018228 0.020552
85 0.882365 0.313485 0.029250 0.020552
56 0.815812 0.541244 0.025011 0.021115
57 0.449767 0.590512 0.032217 0.021115
123 0.511234 0.669060 0.032217 0.021115
418 0.882789 0.599240 0.032641 0.021115
76 0.513141 0.915963 0.043663 0.021115
56 0.817507 0.403857 0.045358 0.021115
553 0.077363 0.694961 0.047054 0.021115
101 0.440653 0.415963 0.051293 0.021115
495 0.387240 0.816864 0.052989 0.021115
85 0.503815 0.740146 0.033489 0.021396
91 0.067613 0.217905 0.036032 0.021396
55 0.382365 0.244651 0.045782 0.021396
418 0.503179 0.437359 0.011869 0.021678
85 0.639890 0.874578 0.015685 0.021678
173 0.200085 0.791526 0.037304 0.021678
52 0.256677 0.695524 0.038576 0.021678
418 0.694150 0.117539 0.040271 0.021678
98 0.067401 0.171593 0.040695 0.021678
52 0.072488 0.290963 0.040695 0.021678
547 0.694150 0.397945 0.041967 0.021678
60 0.317295 0.720861 0.038576 0.022241
547 0.501908 0.545186 0.040695 0.022241
98 0.440653 0.119229 0.047902 0.022241
56 0.077575 0.712838 0.015261 0.022523
85 0.199661 0.636543 0.020348 0.022523
85 0.943620 0.193694 0.027130 0.022523
64 0.883637 0.194538 0.028402 0.022523
93 0.886604 0.397241 0.031793 0.022523
60 0.315812 0.384291 0.033913 0.022523
91 0.132683 0.487331 0.033913 0.022523
91 0.699661 0.890484 0.036032 0.022523
125 0.756465 0.928773 0.037728 0.022523
52 0.693938 0.191160 0.039000 0.022523
119 0.446376 0.695242 0.020348 0.022804
64 0.380458 0.452562 0.022467 0.022804
65 0.450827 0.876548 0.032641 0.022804
91 0.071217 0.197213 0.040695 0.022804
287 0.694998 0.824747 0.041119 0.022804
88 0.200297 0.859657 0.043663 0.022804
127 0.948495 0.819961 0.047054 0.022804
118 0.074184 0.482686 0.015261 0.023367
74 0.699025 0.912303 0.025435 0.023367
60 0.439805 0.370073 0.031793 0.023367
86 0.891267 0.117539 0.034337 0.023367
418 0.134591 0.641188 0.041967 0.023367
76 0.318779 0.122325 0.044086 0.023367
81 0.441713 0.613880 0.049173 0.023367
68 0.890420 0.667230 0.008054 0.023649
91 0.880458 0.171734 0.039000 0.023649
418 0.262187 0.760417 0.039423 0.023649
98 0.194786 0.220439 0.042815 0.023649
98 0.575456 0.864302 0.043663 0.023649
82 0.829377 0.117399 0.051293 0.023649
53 0.514413 0.930884 0.015685 0.023930
189 0.757736 0.241976 0.016532 0.023930
119 0.946799 0.169904 0.022467 0.023930
123 0.505299 0.389499 0.023739 0.023930
64 0.388724 0.788992 0.030521 0.023930
547 0.883425 0.645130 0.033913 0.023930
52 0.950191 0.868947 0.036032 0.023930
52 0.943408 0.146256 0.036880 0.023930
88 0.945528 0.658080 0.039423 0.023930
88 0.135439 0.124296 0.041119 0.023930
83 0.509326 0.459882 0.041967 0.023930
125 0.879610 0.576999 0.047478 0.023930
55 0.196694 0.614724 0.047478 0.023930
126 0.819203 0.578125 0.048749 0.023930
118 0.824078 0.140907 0.018652 0.024493
98 0.068249 0.380771 0.045782 0.024493
128 0.695846 0.376126 0.014837 0.024775
64 0.132895 0.739865 0.015685 0.024775
123 0.505935 0.298705 0.022467 0.024775
64 0.264307 0.897523 0.022467 0.024775
60 0.450403 0.932432 0.025011 0.024775
60 0.321958 0.901745 0.025858 0.024775
418 0.133955 0.171453 0.033913 0.024775
418 0.506571 0.588964 0.037304 0.024775
76 0.880458 0.218750 0.039000 0.024775
1834 0.695634 0.139640 0.042391 0.024775
88 0.820475 0.326858 0.045358 0.024775
126 0.320687 0.291385 0.050445 0.024775
85 0.195634 0.135276 0.018228 0.025056
64 0.320051 0.816301 0.028826 0.025056
91 0.080543 0.874859 0.032217 0.025056
65 0.264519 0.365287 0.033913 0.025056
110 0.631624 0.180602 0.039000 0.025056
68 0.442348 0.721706 0.039423 0.025056
98 0.127808 0.251548 0.042815 0.025056
978 0.629716 0.552224 0.045358 0.025056
126 0.691607 0.274634 0.047054 0.025056
126 0.634167 0.827562 0.047478 0.025056
118 0.205384 0.812641 0.013141 0.025619
92 0.820899 0.796312 0.019076 0.025619
87 0.886604 0.835726 0.030097 0.025619
418 0.884061 0.689893 0.033489 0.025619
87 0.316660 0.447494 0.037304 0.025619
104 0.262187 0.786740 0.038576 0.025619
76 0.695846 0.849521 0.039423 0.025619
88 0.566130 0.158925 0.041119 0.025619
126 0.822170 0.769848 0.041967 0.025619
126 0.072488 0.403857 0.044086 0.025619
126 0.196270 0.593891 0.045782 0.025619
126 0.505511 0.615287 0.047902 0.025619
126 0.755193 0.264780 0.048749 0.025619
126 0.566554 0.314611 0.049597 0.025619
60 0.694998 0.717905 0.025011 0.025901
60 0.138194 0.867962 0.025435 0.025901
119 0.507630 0.894426 0.030945 0.025901
83 0.881942 0.290822 0.031793 0.025901
83 0.819203 0.349662 0.035184 0.025901
93 0.386181 0.392736 0.035608 0.025901
87 0.198389 0.246059 0.037304 0.025901
418 0.945104 0.736768 0.038576 0.025901
88 0.504663 0.416104 0.040271 0.025901
287 0.201145 0.190034 0.052989 0.025901
129 0.201568 0.328125 0.022467 0.026182
57 0.448283 0.793497 0.028402 0.026182
119 0.695422 0.600929 0.029250 0.026182
91 0.259856 0.535614 0.037304 0.026182
76 0.504027 0.120355 0.044086 0.026182
68 0.256677 0.640625 0.044510 0.026182
57 0.823442 0.280828 0.049597 0.026182
119 0.631836 0.439893 0.022467 0.026745
119 0.696058 0.744510 0.023739 0.026745
58 0.133107 0.350366 0.025435 0.026745
55 0.638406 0.852055 0.040695 0.026745
76 0.264095 0.840794 0.044086 0.026745
76 0.192666 0.394285 0.045358 0.026745
68 0.262187 0.737894 0.013141 0.027027
60 0.079907 0.932432 0.019924 0.027027
111 0.078423 0.737613 0.022043 0.027027
66 0.884061 0.518018 0.025011 0.027027
66 0.138406 0.897804 0.028402 0.027027
123 0.265579 0.455236 0.029250 0.027027
83 0.819627 0.482827 0.031793 0.027027
173 0.438957 0.393863 0.032641 0.027027
91 0.141373 0.846847 0.034337 0.027027
98 0.501696 0.645270 0.044510 0.027027
91 0.944468 0.243525 0.045782 0.027027
76 0.258796 0.311655 0.047054 0.027027
76 0.383001 0.636261 0.047054 0.027027
1559 0.203052 0.885980 0.047478 0.027027
127 0.268970 0.813063 0.048749 0.027027
77 0.578635 0.897804 0.055956 0.027027
68 0.511446 0.565456 0.011446 0.027309
60 0.137346 0.928913 0.020348 0.027309
83 0.641162 0.930321 0.032641 0.027309
1834 0.882789 0.620918 0.040271 0.027309
88 0.883637 0.555039 0.042815 0.027309
58 0.130988 0.278857 0.027130 0.027872
87 0.377702 0.188767 0.028826 0.027872
83 0.628868 0.239161 0.030097 0.027872
92 0.818143 0.604870 0.030521 0.027872
83 0.566554 0.648789 0.032641 0.027872
83 0.757312 0.877675 0.033489 0.027872
119 0.075244 0.847269 0.034337 0.027872
104 0.880034 0.456222 0.040695 0.027872
88 0.077787 0.670186 0.041119 0.027872
104 0.444468 0.640062 0.041967 0.027872
88 0.761552 0.902168 0.041967 0.027872
98 0.318991 0.263936 0.045358 0.027872
88 0.134591 0.543215 0.045358 0.027872
126 0.757312 0.384431 0.047902 0.027872
126 0.319839 0.845861 0.052989 0.027872
717 0.948495 0.894285 0.055532 0.027872
53 0.444892 0.766329 0.015685 0.028153
64 0.195634 0.301520 0.021619 0.028153
3136 0.633531 0.208896 0.040271 0.028153
68 0.827257 0.823620 0.011446 0.028435
85 0.074396 0.307010 0.019076 0.028435
53 0.891056 0.925535 0.020348 0.028435
85 0.575032 0.806729 0.021619 0.028435
83 0.629716 0.645693 0.029250 0.028435
83 0.758160 0.163992 0.034337 0.028435
83 0.628020 0.489161 0.036032 0.028435
91 0.076515 0.759713 0.038576 0.028435
91 0.197541 0.276605 0.039000 0.028435
72 0.694362 0.573057 0.040695 0.028435
88 0.566130 0.419341 0.041967 0.028435
1834 0.947011 0.761684 0.042391 0.028435
126 0.943620 0.122325 0.044086 0.028435
77 0.633107 0.704533 0.052989 0.028435
92 0.502120 0.487472 0.020772 0.028998
64 0.632471 0.385276 0.025435 0.028998
86 0.894447 0.859938 0.025435 0.028998
60 0.442560 0.668778 0.030521 0.028998
2590 0.821323 0.206785 0.031793 0.028998
88 0.944468 0.601211 0.037304 0.028998
88 0.133955 0.306166 0.044086 0.028998
683 0.758160 0.221988 0.048749 0.028998
127 0.759856 0.830659 0.049597 0.028998
68 0.325350 0.475225 0.007206 0.029279
53 0.441077 0.466498 0.019924 0.029279
76 0.563586 0.201577 0.028402 0.029279
83 0.132047 0.197072 0.036032 0.029279
122 0.380458 0.482264 0.038576 0.029279
90 0.197329 0.726070 0.039423 0.029279
84 0.203052 0.931306 0.040695 0.029279
87 0.568249 0.287444 0.041967 0.029279
108 0.441501 0.227759 0.042815 0.029279
91 0.257100 0.394989 0.042815 0.029279
88 0.946376 0.548423 0.042815 0.029279
81 0.695422 0.699043 0.042815 0.029279
96 0.569097 0.183277 0.043663 0.029279
978 0.076515 0.618525 0.045358 0.029279
4440 0.132895 0.223818 0.048749 0.029279
53 0.949767 0.923846 0.015685 0.029561
60 0.192242 0.163148 0.020772 0.029561
70 0.691395 0.163711 0.023739 0.029561
418 0.689487 0.435952 0.024163 0.029561
93 0.633531 0.350084 0.033489 0.029561
119 0.944680 0.520130 0.034337 0.029561
83 0.756041 0.538429 0.035184 0.029561
60 0.441077 0.822213 0.035184 0.029561
62 0.197965 0.566864 0.037304 0.029561
95 0.383425 0.371762 0.041119 0.029561
127 0.633955 0.323620 0.043663 0.029561
68 0.383213 0.559262 0.010174 0.030124
120 0.377279 0.123452 0.032217 0.030124
65 0.325986 0.176098 0.033913 0.030124
83 0.261552 0.670749 0.033913 0.030124
62 0.759432 0.138936 0.035184 0.030124
88 0.627384 0.618384 0.037304 0.030124
2677 0.633107 0.151042 0.038576 0.030124
68 0.753497 0.562359 0.038576 0.030124
62 0.636075 0.800253 0.038576 0.030124
68 0.883001 0.774352 0.040695 0.030124
88 0.503815 0.196650 0.041967 0.030124
90 0.441925 0.167370 0.042815 0.030124
88 0.820899 0.461008 0.042815 0.030124
971 0.698389 0.669341 0.044510 0.030124
2134 0.695422 0.766188 0.044510 0.030124
54 0.946164 0.683699 0.045782 0.030124
98 0.561891 0.262810 0.048749 0.030124
77 0.569097 0.486064 0.050445 0.030124
98 0.389360 0.927224 0.052141 0.030124
418 0.126961 0.376971 0.017380 0.030405
85 0.885757 0.747185 0.022467 0.030405
74 0.441289 0.257601 0.027130 0.030405
2913 0.698389 0.795327 0.030097 0.030405
119 0.132895 0.613176 0.032641 0.030405
51 0.071005 0.431869 0.041119 0.030405
88 0.075244 0.504786 0.041119 0.030405
88 0.320263 0.499437 0.042815 0.030405
2885 0.944468 0.710023 0.047478 0.030405
99 0.072276 0.456926 0.049597 0.030405
68 0.565494 0.231841 0.008478 0.030687
68 0.891903 0.246481 0.010174 0.030687
53 0.571005 0.836571 0.020348 0.030687
119 0.944680 0.220580 0.021619 0.030687
118 0.824290 0.844454 0.030945 0.030687
83 0.945316 0.572494 0.033913 0.030687
88 0.880246 0.264499 0.038576 0.030687
122 0.443620 0.853181 0.038576 0.030687
77 0.447011 0.304476 0.039423 0.030687
81 0.069945 0.236909 0.040695 0.030687
88 0.566342 0.622607 0.040695 0.030687
105 0.703476 0.929476 0.041967 0.030687
88 0.632471 0.756334 0.042391 0.030687
88 0.257948 0.257742 0.043663 0.030687
88 0.632259 0.464386 0.043663 0.030687
718 0.560407 0.122607 0.044086 0.030687
88 0.442984 0.285895 0.044086 0.030687
91 0.198813 0.750422 0.047478 0.030687
77 0.760280 0.643722 0.049597 0.030687
90 0.882577 0.375985 0.050869 0.030687
68 0.583934 0.928632 0.011446 0.031250
107 0.199025 0.911740 0.021619 0.031250
119 0.759432 0.321931 0.024163 0.031250
119 0.195634 0.357123 0.025858 0.031250
107 0.132047 0.513091 0.029250 0.031250
83 0.321111 0.525479 0.037728 0.031250
718 0.378762 0.337979 0.045358 0.031250
107 0.504239 0.138232 0.020772 0.031532
107 0.448707 0.903153 0.025011 0.031532
83 0.076092 0.530124 0.029250 0.031532
83 0.561891 0.459178 0.032641 0.031532
3136 0.758584 0.192286 0.038576 0.031532
718 0.385545 0.835586 0.038576 0.031532
63 0.764519 0.806588 0.047902 0.031532
717 0.694786 0.211993 0.057652 0.031532
76 0.564646 0.526886 0.027130 0.031813
74 0.195422 0.493666 0.032217 0.031813
122 0.135439 0.774634 0.037728 0.031813
104 0.197329 0.697494 0.041119 0.031813
718 0.628868 0.269566 0.041967 0.031813
1174 0.329377 0.875422 0.042391 0.031813
105 0.385545 0.762247 0.046206 0.031813
127 0.762611 0.458193 0.050869 0.031813
107 0.383001 0.658925 0.022467 0.032376
93 0.385121 0.509431 0.031793 0.032376
83 0.503179 0.223395 0.033913 0.032376
101 0.756677 0.427506 0.035608 0.032376
111 0.891267 0.893159 0.036032 0.032376
2598 0.505935 0.770833 0.015685 0.032658
64 0.134167 0.560529 0.018228 0.032658
189 0.757100 0.611205 0.018652 0.032658
88 0.567401 0.674831 0.046206 0.032658
189 0.379610 0.156109 0.016532 0.032939
119 0.444892 0.198620 0.024163 0.032939
70 0.946164 0.841920 0.027130 0.032939
58 0.568249 0.391188 0.027554 0.032939
76 0.755617 0.692427 0.030097 0.032939
969 0.132259 0.665400 0.033913 0.032939
62 0.756465 0.506616 0.036032 0.032939
107 0.945104 0.488316 0.039423 0.032939
111 0.827257 0.169623 0.041967 0.032939
105 0.884909 0.716639 0.043663 0.032939
88 0.199025 0.523226 0.047902 0.032939
505 0.689911 0.316019 0.016532 0.033502
53 0.074608 0.820805 0.023739 0.033502
83 0.256677 0.283925 0.031793 0.033502
107 0.254557 0.194961 0.038576 0.033502
101 0.067189 0.263091 0.038576 0.033502
83 0.377490 0.307292 0.039423 0.033502
718 0.438745 0.434544 0.044086 0.033502
68 0.701992 0.424268 0.011869 0.033784
119 0.506359 0.170890 0.018228 0.033784
2598 0.136922 0.147241 0.018652 0.033784
58 0.075032 0.641047 0.027130 0.033784
70 0.318567 0.317849 0.027554 0.033784
91 0.320263 0.787162 0.041119 0.033784
113 0.501272 0.518300 0.042815 0.033784
98 0.256253 0.425394 0.044510 0.033784
127 0.883849 0.144426 0.045782 0.033784
127 0.141797 0.824606 0.050445 0.033784
53 0.508902 0.869229 0.018228 0.034065
51 0.500000 0.360501 0.030945 0.034065
86 0.386393 0.218609 0.033489 0.034065
111 0.817719 0.377393 0.022043 0.034628
111 0.631412 0.676943 0.023315 0.034628
120 0.882577 0.424690 0.027130 0.034628
107 0.319627 0.145693 0.028826 0.034628
2677 0.567401 0.342483 0.040271 0.034628
108 0.198601 0.463260 0.045358 0.034628
68 0.641585 0.902309 0.008902 0.034910
111 0.819627 0.513795 0.022467 0.034910
107 0.265579 0.865709 0.022467 0.034910
120 0.948919 0.626689 0.025858 0.034910
76 0.251166 0.161318 0.027554 0.034910
76 0.943408 0.456363 0.028402 0.034910
74 0.318355 0.656813 0.030521 0.034910
110 0.320263 0.689752 0.036880 0.034910
122 0.628868 0.124437 0.041967 0.034910
53 0.317084 0.553632 0.020348 0.035191
296 0.569945 0.745355 0.021619 0.035191
119 0.385121 0.682855 0.023315 0.035191
107 0.260704 0.334882 0.025435 0.035191
58 0.382153 0.272100 0.025858 0.035191
51 0.506359 0.267596 0.033489 0.035191
70 0.817931 0.745073 0.036032 0.035191
91 0.263671 0.927224 0.039000 0.035191
63 0.951039 0.794341 0.041967 0.035191
107 0.564858 0.560670 0.042815 0.035755
70 0.313268 0.585726 0.044086 0.035755
68 0.578635 0.513232 0.011869 0.036036
68 0.756253 0.849944 0.013565 0.036036
53 0.687791 0.467342 0.022467 0.036036
119 0.755617 0.763795 0.029250 0.036036
58 0.444680 0.528153 0.030521 0.036036
107 0.691607 0.347691 0.030945 0.036036
107 0.757312 0.727477 0.033489 0.036036
59 0.891903 0.802083 0.033913 0.036036
51 0.075880 0.558277 0.037304 0.036036
77 0.947859 0.399775 0.045782 0.036036
107 0.384909 0.732123 0.023739 0.036318
53 0.321111 0.232404 0.019076 0.036881
60 0.942560 0.308699 0.025011 0.036881
59 0.825350 0.643159 0.037304 0.036881
70 0.753073 0.354870 0.038576 0.036881
119 0.948495 0.375704 0.021619 0.037444
119 0.569097 0.597269 0.023315 0.037444
111 0.821747 0.431166 0.025858 0.037444
119 0.383001 0.423283 0.022467 0.038007
68 0.268334 0.148649 0.011869 0.038288
121 0.508478 0.833333 0.029250 0.038288
63 0.079059 0.585867 0.040271 0.038288
68 0.579907 0.444961 0.008478 0.038570
68 0.445104 0.339386 0.011869 0.039133
53 0.389360 0.893722 0.019924 0.039133
119 0.257100 0.231560 0.022467 0.039133
121 0.078423 0.782798 0.025435 0.039133
4646 0.693302 0.246762 0.026706 0.039133
58 0.695422 0.540118 0.030945 0.039133
2598 0.568249 0.708896 0.017380 0.039414
86 0.889572 0.482827 0.026706 0.039414
119 0.318779 0.356137 0.027130 0.039414
68 0.642645 0.727055 0.013565 0.039696
505 0.693726 0.632461 0.022467 0.039696
268 0.379610 0.598677 0.036032 0.040259
1834 0.132471 0.456785 0.038576 0.040259
3338 0.444468 0.566301 0.045358 0.040259
68 0.201568 0.669200 0.013141 0.040541
68 0.766638 0.668919 0.014837 0.040541
60 0.316236 0.622466 0.018652 0.040541
58 0.883637 0.343468 0.031793 0.040541
78 0.319415 0.414696 0.035184 0.040541
111 0.630140 0.518159 0.022467 0.040822
4646 0.630988 0.583193 0.027554 0.040822
71 0.321747 0.750141 0.037304 0.040822
68 0.820475 0.869510 0.034337 0.041385
68 0.957397 0.436655 0.013141 0.041667
60 0.262399 0.610220 0.020348 0.041948
119 0.825986 0.711008 0.021619 0.041948
53 0.071852 0.342342 0.018228 0.042793
121 0.193938 0.423564 0.030945 0.043074
68 0.879822 0.516751 0.038576 0.047579
47 0.511869 0.703266 0.029250 0.052928
47 0.266214 0.494229 0.030521 0.055462
