101 0.756757 0.739627 0.027992 0.007216
52 0.792230 0.725496 0.023649 0.008419
101 0.795125 0.681149 0.028475 0.008719
52 0.460183 0.200541 0.019788 0.009020
52 0.423263 0.251353 0.021236 0.010222
92 0.537645 0.898226 0.020270 0.010523
83 0.793195 0.799609 0.019788 0.011124
60 0.789334 0.737974 0.023649 0.011124
128 0.533301 0.568851 0.010618 0.011425
173 0.675676 0.657847 0.026062 0.012026
84 0.535714 0.538184 0.032819 0.012026
209 0.888514 0.549759 0.007722 0.012327
91 0.757722 0.708809 0.021236 0.012327
83 0.572876 0.499850 0.026062 0.012327
55 0.573359 0.295400 0.027992 0.012327
26 0.446670 0.375676 0.037162 0.012327
26 0.533060 0.762477 0.031371 0.012628
91 0.573600 0.550962 0.023649 0.012928
57 0.430261 0.281419 0.021718 0.013229
52 0.534990 0.502706 0.021718 0.013229
93 0.464768 0.258419 0.024131 0.013530
127 0.792471 0.750301 0.026062 0.013530
83 0.459701 0.354931 0.029440 0.013530
101 0.553571 0.159501 0.052124 0.013530
126 0.756274 0.251353 0.020270 0.013830
91 0.130792 0.330126 0.023166 0.013830
56 0.534990 0.468431 0.028475 0.013830
101 0.573359 0.252255 0.029923 0.013830
56 0.535232 0.555773 0.015444 0.014131
126 0.536197 0.360944 0.027027 0.014131
172 0.456081 0.113951 0.015444 0.014432
113 0.821429 0.325616 0.031853 0.014432
98 0.571911 0.669573 0.037645 0.014432
92 0.123552 0.636801 0.039575 0.014432
1173 0.791506 0.643867 0.024131 0.014732
109 0.574083 0.329675 0.026544 0.014732
84 0.795367 0.765935 0.032819 0.014732
56 0.423745 0.207757 0.014479 0.015033
120 0.535232 0.248346 0.014479 0.015033
119 0.426641 0.353578 0.017375 0.015033
126 0.757963 0.679796 0.020753 0.015033
62 0.756998 0.695731 0.020753 0.015033
58 0.573842 0.447685 0.025097 0.015033
96 0.576496 0.531870 0.033301 0.015033
85 0.530888 0.582532 0.015444 0.015334
109 0.535473 0.417769 0.021718 0.015334
81 0.572635 0.432502 0.023649 0.015334
29 0.553571 0.273452 0.024131 0.015334
495 0.535473 0.216025 0.029440 0.015334
113 0.573359 0.347114 0.037645 0.015334
126 0.573359 0.612748 0.033784 0.015634
52 0.534749 0.433403 0.022201 0.015935
29 0.577220 0.765334 0.023166 0.015935
29 0.338562 0.399429 0.026544 0.015935
126 0.535473 0.602075 0.026544 0.015935
92 0.783060 0.893416 0.036197 0.015935
120 0.536680 0.483464 0.012548 0.016236
56 0.574807 0.685207 0.015444 0.016236
87 0.424952 0.337943 0.020753 0.016236
85 0.756757 0.644167 0.013514 0.016536
66 0.539334 0.856735 0.015927 0.016536
66 0.573842 0.724744 0.020270 0.016536
1002 0.830116 0.811936 0.030888 0.016536
26 0.232143 0.880788 0.047297 0.016536
120 0.763514 0.794348 0.012548 0.016837
119 0.536197 0.397174 0.013514 0.016837
83 0.532095 0.450090 0.022683 0.016837
51 0.575772 0.630186 0.024131 0.016837
72 0.461873 0.298857 0.025097 0.016837
251 0.794160 0.690920 0.027510 0.016837
98 0.419643 0.265785 0.028475 0.016837
122 0.535714 0.341401 0.018340 0.017138
51 0.758929 0.754811 0.022683 0.017138
60 0.460425 0.280367 0.025097 0.017138
126 0.574807 0.466176 0.028958 0.017138
119 0.461390 0.337643 0.015444 0.017438
66 0.535232 0.724895 0.017375 0.017438
132 0.580357 0.895069 0.021718 0.017438
268 0.757239 0.726398 0.025097 0.017438
98 0.534508 0.379735 0.025579 0.017438
126 0.785956 0.291040 0.027510 0.017438
99 0.426158 0.321106 0.027992 0.017438
98 0.532819 0.661756 0.028958 0.017438
148 0.674710 0.452195 0.030888 0.017438
132 0.538851 0.707306 0.018822 0.017739
115 0.569015 0.515183 0.027027 0.017739
129 0.672780 0.178743 0.028958 0.017739
113 0.717181 0.618611 0.033784 0.017739
110 0.756998 0.661455 0.019788 0.018040
62 0.787886 0.308779 0.021718 0.018040
57 0.130309 0.831630 0.037645 0.018040
85 0.786680 0.253007 0.016409 0.018340
51 0.756515 0.268641 0.022683 0.018340
107 0.540058 0.873572 0.024131 0.018340
132 0.341699 0.198286 0.025097 0.018340
107 0.536197 0.742784 0.027027 0.018340
98 0.461390 0.214221 0.027992 0.018340
129 0.668919 0.297805 0.033784 0.018340
91 0.453427 0.884396 0.040058 0.018340
68 0.536680 0.321708 0.006757 0.018641
132 0.344836 0.423933 0.023649 0.018641
2151 0.575531 0.855081 0.032336 0.018641
113 0.136583 0.679796 0.035714 0.018641
1917 0.795849 0.783674 0.030888 0.018942
129 0.236728 0.656194 0.031371 0.018942
57 0.128861 0.571708 0.033784 0.018942
81 0.225869 0.637553 0.040541 0.018942
56 0.425676 0.303668 0.013514 0.019242
53 0.572635 0.363650 0.009170 0.019543
51 0.534749 0.621918 0.027027 0.019543
107 0.578185 0.743085 0.030888 0.019543
55 0.672297 0.894618 0.049228 0.019543
53 0.538127 0.295851 0.009653 0.019844
118 0.577220 0.652135 0.017375 0.019844
91 0.136100 0.660553 0.026062 0.019844
148 0.345801 0.471738 0.026544 0.019844
98 0.565878 0.213770 0.028475 0.019844
86 0.130068 0.851473 0.046815 0.019844
93 0.347973 0.672580 0.051158 0.019844
108 0.576014 0.703397 0.015927 0.020144
93 0.428330 0.189266 0.025579 0.020144
110 0.787403 0.272249 0.028475 0.020144
87 0.576255 0.383794 0.028958 0.020144
93 0.581081 0.875376 0.028958 0.020144
68 0.574807 0.483163 0.011583 0.020445
57 0.576737 0.312087 0.026062 0.020445
57 0.785714 0.409200 0.038610 0.020445
66 0.571911 0.569904 0.017375 0.020746
91 0.887790 0.869964 0.037162 0.020746
60 0.889237 0.844859 0.011100 0.021046
118 0.536680 0.642514 0.016409 0.021046
56 0.341699 0.376127 0.017375 0.021046
122 0.568774 0.234817 0.021718 0.021046
91 0.876207 0.147925 0.036197 0.021046
166 0.797056 0.617108 0.014961 0.021347
56 0.658542 0.198286 0.018822 0.021347
51 0.460666 0.318250 0.023649 0.021347
193 0.460425 0.130637 0.025097 0.021347
93 0.795608 0.710313 0.026544 0.021347
83 0.879102 0.707907 0.040058 0.021347
84 0.227558 0.236170 0.044884 0.021347
55 0.333736 0.270746 0.045849 0.021347
85 0.462114 0.179796 0.013031 0.021648
132 0.130550 0.207456 0.021718 0.021648
62 0.557191 0.806975 0.030405 0.021648
86 0.129585 0.896572 0.039093 0.021648
58 0.572635 0.592453 0.021718 0.021948
204 0.889237 0.532622 0.022683 0.021948
62 0.763272 0.774955 0.024614 0.021948
1995 0.792954 0.665815 0.030888 0.021948
64 0.777510 0.841702 0.030888 0.021948
53 0.124759 0.874023 0.014961 0.022249
87 0.424228 0.117859 0.023166 0.022249
66 0.444739 0.509020 0.027510 0.022249
83 0.225869 0.306374 0.033784 0.022249
84 0.228764 0.168671 0.039575 0.022249
101 0.123552 0.492784 0.057915 0.022249
56 0.448118 0.450541 0.017857 0.022550
118 0.231660 0.443325 0.020270 0.022550
70 0.821429 0.343205 0.021236 0.022550
76 0.767857 0.194077 0.033784 0.022550
83 0.877654 0.355232 0.039093 0.022550
52 0.661197 0.254209 0.041506 0.022550
68 0.535714 0.520746 0.009653 0.022850
96 0.756757 0.284426 0.027992 0.022850
126 0.873793 0.255262 0.041988 0.022850
113 0.225627 0.120866 0.058398 0.022850
166 0.572153 0.186260 0.014961 0.023151
134 0.672056 0.677240 0.017857 0.023151
58 0.422056 0.140860 0.018822 0.023151
76 0.661680 0.277060 0.031853 0.023151
84 0.775820 0.473091 0.037162 0.023151
55 0.666264 0.507968 0.048745 0.023151
113 0.329392 0.179946 0.054537 0.023151
121 0.342423 0.647474 0.055502 0.023151
52 0.123793 0.744738 0.042954 0.023452
52 0.875000 0.470836 0.043436 0.023452
70 0.715251 0.639357 0.022201 0.023752
111 0.888514 0.892213 0.029923 0.023752
76 0.448600 0.775857 0.031371 0.023752
52 0.227558 0.677541 0.042954 0.023752
1578 0.828427 0.835839 0.026544 0.024053
55 0.451496 0.800962 0.048745 0.024053
121 0.780405 0.865153 0.055019 0.024354
56 0.555019 0.787132 0.020270 0.024654
57 0.890203 0.779916 0.026544 0.024654
74 0.120656 0.123873 0.028958 0.024654
51 0.880550 0.383043 0.035232 0.024654
76 0.667954 0.868611 0.035714 0.024654
72 0.775579 0.555923 0.037645 0.024654
77 0.124276 0.306675 0.043919 0.024654
1579 0.879344 0.118461 0.045367 0.024654
101 0.455598 0.866206 0.057915 0.024654
119 0.424469 0.228052 0.016892 0.024955
111 0.230695 0.330277 0.029923 0.024955
717 0.559122 0.831780 0.045849 0.024955
120 0.758687 0.302766 0.014479 0.025256
118 0.131033 0.549609 0.014961 0.025256
1584 0.575531 0.409200 0.020753 0.025256
118 0.229006 0.144919 0.021718 0.025256
93 0.535714 0.685508 0.025097 0.025256
83 0.223214 0.702044 0.034266 0.025256
120 0.340010 0.738425 0.017857 0.025857
76 0.874035 0.446182 0.026062 0.025857
69 0.889720 0.331028 0.026544 0.025857
127 0.449324 0.532772 0.056950 0.025857
166 0.788369 0.221137 0.019788 0.026158
119 0.661197 0.222038 0.022201 0.026158
58 0.663369 0.320054 0.048745 0.026158
68 0.888514 0.681900 0.015444 0.026458
495 0.673986 0.573361 0.055502 0.026458
55 0.123311 0.523602 0.048745 0.026759
102 0.230695 0.611395 0.058880 0.026759
134 0.341216 0.445580 0.015444 0.027060
118 0.236245 0.539387 0.017857 0.027060
51 0.340734 0.622369 0.043436 0.027060
252 0.773649 0.498497 0.051158 0.027060
113 0.229247 0.512327 0.051158 0.027060
55 0.443533 0.425586 0.045367 0.027360
117 0.665541 0.423031 0.030888 0.027661
53 0.776303 0.582231 0.018822 0.027962
132 0.673021 0.777360 0.034266 0.027962
1579 0.124035 0.602075 0.042471 0.027962
117 0.878620 0.498497 0.028475 0.028262
87 0.880550 0.654540 0.033301 0.028262
126 0.229730 0.734215 0.041506 0.028262
87 0.672780 0.602826 0.044402 0.028262
132 0.673504 0.475195 0.028475 0.028563
113 0.227799 0.417769 0.055985 0.028563
81 0.454392 0.748948 0.040058 0.028863
86 0.236004 0.362598 0.055019 0.028863
327 0.119932 0.240078 0.052606 0.029164
86 0.452220 0.565244 0.047297 0.029465
53 0.229006 0.391912 0.014961 0.029765
72 0.119450 0.466777 0.033301 0.029765
2206 0.776303 0.441521 0.047780 0.029765
307 0.226351 0.270445 0.053089 0.029765
47 0.463562 0.153939 0.015927 0.030066
53 0.128620 0.355382 0.017857 0.030066
119 0.123793 0.151383 0.021718 0.030367
509 0.330598 0.122520 0.043436 0.030367
113 0.119691 0.181449 0.048263 0.030367
108 0.446429 0.479555 0.017375 0.030667
119 0.232384 0.763680 0.023649 0.030667
51 0.669160 0.807577 0.040058 0.030667
600 0.340251 0.710162 0.058880 0.030667
53 0.447153 0.598467 0.017857 0.030968
85 0.341216 0.886500 0.018340 0.030968
1811 0.874759 0.178743 0.047780 0.030968
107 0.775097 0.527811 0.027027 0.031569
45 0.455598 0.407246 0.043436 0.031569
92 0.664334 0.153939 0.028475 0.031870
69 0.336390 0.154540 0.034749 0.031870
55 0.661680 0.121768 0.051158 0.031870
119 0.343629 0.854630 0.020270 0.032772
87 0.667471 0.839898 0.035714 0.032772
107 0.125241 0.806073 0.025579 0.033073
107 0.671332 0.744137 0.027992 0.033073
66 0.121622 0.773001 0.027992 0.033073
509 0.226834 0.201443 0.044402 0.033073
45 0.793919 0.832983 0.030888 0.033373
1796 0.223697 0.481509 0.049710 0.033373
47 0.675193 0.700391 0.022201 0.033975
4109 0.878137 0.218731 0.053571 0.033975
76 0.228282 0.580577 0.027027 0.034877
1666 0.334942 0.504209 0.051158 0.034877
120 0.339768 0.538936 0.035714 0.035177
717 0.122828 0.276458 0.051641 0.035177
290 0.889479 0.816446 0.055019 0.035177
87 0.124517 0.434005 0.031853 0.035779
93 0.885618 0.622520 0.039575 0.035779
51 0.341940 0.820054 0.041023 0.035779
3192 0.122828 0.393716 0.044884 0.035779
485 0.552606 0.124624 0.046332 0.035779
4063 0.668195 0.541491 0.050676 0.036079
4085 0.334701 0.306224 0.046815 0.036380
45 0.785956 0.351173 0.037162 0.036681
107 0.665782 0.348767 0.026544 0.037282
1420 0.770994 0.122369 0.037162 0.037282
68 0.448600 0.634696 0.043919 0.037282
2682 0.332046 0.235869 0.044402 0.037583
63 0.886824 0.414462 0.046815 0.037583
45 0.681708 0.646422 0.038127 0.037883
2820 0.771959 0.380036 0.057432 0.037883
87 0.449324 0.673181 0.037645 0.038485
70 0.664093 0.387102 0.037645 0.038785
3175 0.337597 0.345911 0.041988 0.038785
2795 0.339768 0.770746 0.052124 0.038785
107 0.233349 0.798557 0.027510 0.039086
79 0.132722 0.713319 0.034749 0.039387
4524 0.882481 0.747895 0.053571 0.039988
70 0.448600 0.714372 0.029440 0.040289
110 0.451014 0.833434 0.035232 0.040890
4252 0.881274 0.585839 0.050193 0.041191
121 0.769788 0.161906 0.035714 0.041792
70 0.233832 0.839898 0.036197 0.043596
2795 0.337597 0.578924 0.052606 0.044197
2429 0.879102 0.294799 0.044884 0.046001
