246 0.625063 0.350360 0.035518 0.008513
93 0.351176 0.240177 0.064032 0.024558
57 0.509755 0.349705 0.042021 0.025540
2542 0.254127 0.442043 0.036018 0.026850
52 0.472486 0.570072 0.058529 0.029470
88 0.642321 0.317944 0.057029 0.031434
88 0.355928 0.703012 0.056528 0.032089
2204 0.250125 0.478716 0.056028 0.032744
1083 0.183092 0.260478 0.027014 0.033071
70 0.774887 0.906843 0.041021 0.033726
88 0.802151 0.735593 0.049525 0.033726
2150 0.111556 0.714637 0.048024 0.035691
120 0.647324 0.591683 0.031016 0.036018
252 0.218359 0.683857 0.049525 0.036346
3175 0.263632 0.553045 0.031016 0.037983
1894 0.118309 0.662901 0.049525 0.038310
88 0.495498 0.759168 0.050525 0.038310
2343 0.253627 0.514571 0.053027 0.038965
85 0.629815 0.166012 0.027014 0.039293
111 0.773137 0.635724 0.048524 0.039620
91 0.783642 0.525868 0.048524 0.040602
2822 0.180590 0.370334 0.072036 0.041912
85 0.508254 0.539456 0.019010 0.042240
3701 0.105053 0.769483 0.066033 0.043222
1871 0.113057 0.816798 0.046023 0.045514
1927 0.107304 0.620334 0.062531 0.046824
254 0.333417 0.307302 0.069535 0.047479
2710 0.613807 0.829568 0.083042 0.047479
1083 0.772386 0.475933 0.044022 0.048134
120 0.485743 0.175508 0.055028 0.049771
126 0.636818 0.480517 0.045023 0.052063
2677 0.231866 0.838409 0.051526 0.052063
286 0.637569 0.536346 0.069535 0.053700
1917 0.635068 0.765226 0.092546 0.055665
119 0.810155 0.358710 0.021511 0.055992
268 0.174587 0.316143 0.071036 0.055992
717 0.772386 0.852980 0.088044 0.056974
1880 0.480490 0.887852 0.073537 0.057302
95 0.503752 0.612967 0.057029 0.058284
87 0.791646 0.303045 0.043522 0.058612
294 0.621561 0.628520 0.055528 0.058612
83 0.338919 0.560085 0.057529 0.058612
83 0.630815 0.216437 0.086043 0.061559
1314 0.175588 0.200229 0.059030 0.063196
863 0.480990 0.815488 0.080540 0.063196
721 0.777889 0.682056 0.084042 0.064833
294 0.624562 0.260642 0.066533 0.066143
2311 0.222361 0.760151 0.093547 0.066470
121 0.335168 0.181565 0.100050 0.066470
70 0.363932 0.874427 0.057529 0.067125
2911 0.771886 0.785200 0.076038 0.067453
316 0.779390 0.256549 0.124062 0.067780
3850 0.624562 0.884250 0.109555 0.068435
4046 0.487744 0.482973 0.105053 0.068762
2108 0.491746 0.307302 0.094047 0.069090
273 0.776138 0.183694 0.053527 0.069417
2586 0.764132 0.582187 0.089545 0.069417
675 0.616308 0.698919 0.093047 0.069745
68 0.347174 0.494761 0.021011 0.072037
3754 0.619310 0.407171 0.074037 0.073674
2353 0.339670 0.637361 0.089045 0.074329
3313 0.473987 0.236739 0.108554 0.079240
3438 0.477989 0.404388 0.078539 0.080550
4426 0.354177 0.787492 0.109055 0.083170
3375 0.469235 0.683366 0.105053 0.085134
1250 0.213357 0.610183 0.077539 0.089391
4022 0.345173 0.406680 0.106053 0.100196
3407 0.768384 0.400622 0.076038 0.101179
