173 0.261896 0.173714 0.017401 0.007752
92 0.358487 0.196030 0.015980 0.008222
101 0.660334 0.752995 0.034446 0.009161
56 0.261186 0.184402 0.007457 0.010336
101 0.199396 0.786000 0.041548 0.010336
121 0.262962 0.195090 0.023793 0.011041
248 0.126243 0.194621 0.019531 0.011510
126 0.300959 0.198379 0.016690 0.011980
91 0.278764 0.903805 0.029830 0.011980
56 0.737038 0.778952 0.010298 0.012215
120 0.196555 0.728800 0.013139 0.012450
52 0.196911 0.774372 0.027344 0.012920
102 0.662287 0.877848 0.038352 0.013155
88 0.890447 0.895231 0.028764 0.014094
121 0.874822 0.189570 0.025213 0.015034
91 0.504439 0.693681 0.028054 0.015034
88 0.504439 0.762509 0.028764 0.015034
88 0.123047 0.707071 0.036577 0.015034
85 0.740057 0.836387 0.017045 0.015269
2218 0.129972 0.212708 0.024148 0.015269
1810 0.504794 0.675006 0.017401 0.015739
88 0.582564 0.734672 0.029474 0.015739
60 0.276278 0.721635 0.021307 0.015974
91 0.658736 0.708010 0.025568 0.015974
53 0.398970 0.210829 0.007457 0.016209
60 0.506925 0.900987 0.010298 0.016209
126 0.584339 0.838266 0.025923 0.016209
102 0.121271 0.865985 0.037997 0.016209
88 0.839489 0.196265 0.019886 0.016678
91 0.816939 0.750881 0.025923 0.016678
88 0.737038 0.793399 0.028764 0.016678
128 0.659624 0.631783 0.008878 0.017148
83 0.119141 0.783063 0.023082 0.017148
55 0.661044 0.822293 0.033026 0.017148
547 0.508345 0.839441 0.033026 0.017148
174 0.508878 0.626145 0.034091 0.017148
553 0.121271 0.687456 0.038707 0.017148
83 0.810724 0.677237 0.015625 0.017853
4360 0.232244 0.199671 0.018466 0.017853
547 0.586825 0.816537 0.034446 0.017853
68 0.407315 0.194856 0.004261 0.018088
1810 0.121626 0.666079 0.016690 0.018088
3562 0.362571 0.177472 0.022727 0.018088
547 0.196911 0.713296 0.033736 0.018088
3562 0.875533 0.227273 0.020241 0.018558
91 0.887607 0.689570 0.024503 0.018558
126 0.508523 0.861522 0.028409 0.018558
104 0.356357 0.884543 0.027344 0.019027
66 0.504084 0.607822 0.016690 0.019497
68 0.876243 0.205544 0.004616 0.019732
70 0.792259 0.199906 0.014205 0.019732
70 0.662997 0.862344 0.017045 0.019732
868 0.792791 0.221987 0.023793 0.019732
83 0.346946 0.709420 0.025568 0.019732
68 0.736683 0.736434 0.035156 0.019732
111 0.279474 0.856824 0.015625 0.019967
1644 0.812855 0.701081 0.034091 0.019967
1810 0.347834 0.610759 0.017401 0.020672
316 0.812678 0.630726 0.037287 0.020672
85 0.280007 0.834508 0.008878 0.020907
117 0.193714 0.634367 0.012429 0.020907
111 0.736506 0.665844 0.018466 0.020907
126 0.739169 0.642354 0.027344 0.020907
85 0.663707 0.839441 0.009943 0.021377
117 0.815341 0.819709 0.014205 0.021377
126 0.891868 0.763331 0.028764 0.021377
88 0.428089 0.727273 0.033026 0.021611
53 0.815874 0.771318 0.012429 0.021846
85 0.359908 0.898872 0.018111 0.021846
1810 0.428089 0.705544 0.020952 0.021846
83 0.733842 0.712121 0.025213 0.021846
2590 0.875888 0.170895 0.018111 0.022316
119 0.197798 0.802795 0.018466 0.022316
3145 0.407848 0.176298 0.023082 0.022316
1834 0.583452 0.688865 0.034091 0.022316
88 0.347656 0.632488 0.036932 0.022316
58 0.816939 0.894996 0.017401 0.022551
98 0.277521 0.814658 0.035866 0.022551
3942 0.192649 0.611111 0.037997 0.022786
2948 0.836115 0.175828 0.023793 0.023256
366 0.353338 0.863401 0.034091 0.023256
2894 0.889560 0.738901 0.035511 0.023256
83 0.837180 0.216350 0.009588 0.023491
60 0.888849 0.870096 0.009943 0.023491
92 0.119496 0.613108 0.022372 0.023491
691 0.120916 0.762509 0.026634 0.023491
104 0.737393 0.815598 0.028764 0.023491
1350 0.811967 0.609819 0.033736 0.023491
3041 0.816939 0.872915 0.033736 0.023491
1834 0.355646 0.758046 0.035866 0.023491
118 0.816229 0.794339 0.011009 0.024195
81 0.277521 0.702960 0.030185 0.024195
76 0.656605 0.611111 0.031250 0.024195
92 0.352805 0.779422 0.021662 0.024430
92 0.582564 0.634602 0.020952 0.024665
80 0.735618 0.688865 0.028764 0.024665
85 0.197266 0.751351 0.030185 0.024665
3032 0.816584 0.730209 0.034446 0.024665
3945 0.350675 0.686281 0.038707 0.024665
3434 0.794567 0.176768 0.024503 0.025135
85 0.738104 0.895349 0.026634 0.025135
102 0.429155 0.610406 0.031605 0.025135
1350 0.505149 0.785412 0.035156 0.025135
121 0.426669 0.780714 0.035866 0.025135
1673 0.584872 0.861522 0.036932 0.025135
2844 0.884943 0.638008 0.031250 0.025370
970 0.501953 0.717054 0.025923 0.025605
868 0.891335 0.787996 0.029830 0.025605
126 0.429688 0.871153 0.032670 0.025605
505 0.352805 0.804440 0.033026 0.025605
98 0.117188 0.842730 0.035511 0.025605
1673 0.121271 0.732558 0.038707 0.025605
119 0.197443 0.657858 0.017045 0.026075
58 0.657315 0.653394 0.018466 0.026075
126 0.658736 0.797158 0.034091 0.026075
1319 0.277876 0.880315 0.035156 0.026075
3562 0.661399 0.771318 0.036577 0.026075
2428 0.276989 0.647522 0.036932 0.026075
958 0.583274 0.758280 0.023793 0.026310
1799 0.503729 0.738078 0.026634 0.026310
91 0.888849 0.814188 0.032670 0.026310
264 0.889737 0.711769 0.033026 0.026310
119 0.815518 0.843434 0.014560 0.026545
1833 0.580788 0.663026 0.023082 0.026545
3160 0.431286 0.897463 0.027344 0.026545
268 0.658203 0.732323 0.030185 0.026545
491 0.199751 0.830280 0.033026 0.026545
505 0.119496 0.640475 0.033736 0.026545
577 0.425604 0.677825 0.042259 0.026545
2590 0.425604 0.754170 0.022372 0.027014
3562 0.887607 0.609467 0.038707 0.027014
82 0.740945 0.759572 0.040838 0.027014
88 0.813388 0.654686 0.025213 0.027249
552 0.583274 0.711651 0.030895 0.027954
126 0.275391 0.674771 0.031605 0.028424
1673 0.505504 0.887597 0.035866 0.028424
3562 0.355646 0.834038 0.037997 0.028424
68 0.662464 0.894409 0.004616 0.028894
3747 0.198686 0.859173 0.027344 0.028894
1644 0.346768 0.658093 0.036577 0.028894
3032 0.889027 0.665140 0.036577 0.028894
3562 0.201172 0.893000 0.036577 0.028894
3562 0.428977 0.841790 0.039773 0.028894
840 0.660689 0.683110 0.035156 0.029128
1673 0.351918 0.733850 0.041193 0.029128
505 0.503729 0.649401 0.032315 0.029363
1562 0.582741 0.611816 0.036932 0.029363
3434 0.585050 0.894174 0.033026 0.031243
68 0.430575 0.809255 0.011009 0.031947
2619 0.584339 0.787879 0.028764 0.031947
968 0.197088 0.686986 0.029830 0.032182
2619 0.506747 0.812192 0.029830 0.032182
1584 0.273970 0.616866 0.021662 0.032887
68 0.280540 0.746535 0.009943 0.033827
2948 0.735263 0.614987 0.028054 0.033827
4460 0.118786 0.812192 0.024503 0.035471
4460 0.274503 0.785530 0.031250 0.035706
47 0.741655 0.863049 0.020241 0.037585
68 0.426314 0.643528 0.008168 0.039230
68 0.121271 0.890886 0.006037 0.043458
