169 0.248358 0.344822 0.018293 0.008128
173 0.554174 0.323901 0.031426 0.010837
52 0.575516 0.198826 0.019700 0.011138
55 0.648921 0.267459 0.029550 0.011138
56 0.646341 0.214028 0.012195 0.012041
52 0.572702 0.293498 0.023452 0.012041
56 0.540807 0.422035 0.012195 0.012643
92 0.676360 0.229681 0.024390 0.012643
121 0.680347 0.179410 0.031426 0.012643
91 0.574578 0.248495 0.019700 0.012944
55 0.646576 0.130494 0.025797 0.012944
150 0.676595 0.707255 0.035178 0.012944
51 0.678471 0.130644 0.022045 0.013245
108 0.646576 0.226219 0.015478 0.013546
121 0.678940 0.243076 0.034240 0.013546
55 0.544325 0.262492 0.029550 0.013847
192 0.668856 0.690999 0.023452 0.014148
66 0.647280 0.239013 0.015009 0.014449
102 0.648921 0.182420 0.025797 0.014449
120 0.571998 0.281005 0.011726 0.014750
52 0.567777 0.403221 0.022045 0.014750
107 0.647280 0.251204 0.022514 0.014750
88 0.286116 0.305388 0.029081 0.014750
56 0.238743 0.798615 0.016886 0.015051
120 0.340525 0.879892 0.019700 0.015051
120 0.239447 0.416918 0.020169 0.015051
76 0.598734 0.470500 0.022045 0.015051
52 0.234756 0.678507 0.037992 0.015051
113 0.650328 0.166014 0.027674 0.015352
92 0.553940 0.687989 0.041276 0.015352
66 0.573640 0.213426 0.017824 0.015653
57 0.288227 0.319687 0.029550 0.015653
76 0.568011 0.436936 0.019700 0.015954
83 0.231004 0.874624 0.033302 0.015954
52 0.141417 0.338501 0.052064 0.015954
123 0.572702 0.267008 0.014071 0.016255
66 0.543621 0.224865 0.018762 0.016255
132 0.457552 0.578567 0.019231 0.016255
120 0.680582 0.282210 0.015009 0.016556
81 0.568480 0.419777 0.022514 0.016556
52 0.238508 0.783865 0.036116 0.016857
113 0.234756 0.437086 0.057692 0.016857
53 0.572467 0.230734 0.011726 0.017158
85 0.679174 0.192806 0.012195 0.017158
119 0.648218 0.198525 0.013133 0.017158
60 0.681989 0.141632 0.016886 0.017158
3296 0.647749 0.283414 0.024390 0.017158
127 0.133208 0.898555 0.054409 0.017459
132 0.249531 0.623269 0.022514 0.017760
119 0.539165 0.436785 0.018293 0.018061
76 0.284006 0.771824 0.021107 0.018061
81 0.447467 0.601445 0.029081 0.018061
88 0.342636 0.714028 0.032364 0.018061
108 0.543152 0.201836 0.014071 0.018362
56 0.449578 0.622065 0.017355 0.018362
76 0.131098 0.850241 0.027674 0.018362
117 0.678236 0.213125 0.015009 0.018663
135 0.462711 0.303432 0.019231 0.018663
107 0.545263 0.240819 0.022045 0.018663
127 0.238977 0.156532 0.052064 0.018663
55 0.241557 0.199278 0.053471 0.018663
76 0.678002 0.163305 0.019231 0.018964
55 0.345919 0.134708 0.053940 0.018964
56 0.661820 0.353402 0.020638 0.019266
68 0.647514 0.148706 0.021107 0.019266
93 0.542917 0.405178 0.026735 0.019266
127 0.132739 0.583986 0.044090 0.019266
56 0.544325 0.184979 0.015478 0.019567
52 0.135788 0.290939 0.037992 0.019567
166 0.569184 0.379290 0.015478 0.019868
168 0.245544 0.329621 0.023921 0.019868
193 0.144231 0.478326 0.026735 0.019868
91 0.663227 0.820891 0.033771 0.019868
55 0.660882 0.457255 0.051595 0.019868
55 0.667214 0.845876 0.058630 0.019868
122 0.177767 0.767158 0.023452 0.020169
171 0.462008 0.760837 0.029081 0.020169
278 0.871482 0.667219 0.042214 0.020169
55 0.136726 0.505569 0.053002 0.020169
56 0.662992 0.670078 0.021107 0.020470
51 0.575047 0.186033 0.023452 0.020470
84 0.450516 0.329621 0.039869 0.020470
55 0.343574 0.268814 0.053002 0.020470
132 0.352486 0.538380 0.021107 0.020771
83 0.448171 0.525738 0.031426 0.020771
91 0.344981 0.244883 0.036116 0.020771
52 0.659709 0.567279 0.041745 0.020771
3354 0.541510 0.287778 0.028612 0.021072
148 0.248593 0.365141 0.030957 0.021072
85 0.239447 0.136665 0.034240 0.021072
83 0.440432 0.836544 0.035647 0.021072
2595 0.660647 0.765503 0.046435 0.021072
55 0.553002 0.707104 0.052533 0.021072
127 0.346154 0.661349 0.053471 0.021072
127 0.562852 0.156532 0.061914 0.021072
68 0.286585 0.753913 0.027205 0.021373
86 0.182927 0.746087 0.030019 0.021373
52 0.550188 0.820138 0.040338 0.021373
113 0.132974 0.425196 0.043621 0.021373
68 0.599437 0.452438 0.025328 0.021674
45 0.676829 0.317881 0.033771 0.021674
91 0.131801 0.720349 0.036585 0.021674
52 0.450047 0.254666 0.040807 0.021674
86 0.559568 0.663155 0.043152 0.021674
55 0.660178 0.329621 0.046435 0.021674
56 0.132739 0.649157 0.017824 0.021975
86 0.243668 0.745184 0.031426 0.021975
113 0.660178 0.589253 0.055816 0.021975
127 0.241557 0.549217 0.059099 0.021975
56 0.340291 0.900361 0.019231 0.022276
91 0.342871 0.360927 0.036585 0.022276
55 0.133208 0.788380 0.049719 0.022276
113 0.447936 0.707104 0.053471 0.022276
121 0.243199 0.726069 0.061445 0.022276
119 0.449812 0.642234 0.021576 0.022577
86 0.142589 0.239464 0.032833 0.022577
91 0.444887 0.896598 0.037992 0.022577
297 0.873358 0.349037 0.060038 0.022577
111 0.237101 0.896448 0.025797 0.022878
81 0.133443 0.671884 0.041745 0.022878
547 0.662289 0.483143 0.057223 0.022878
127 0.667214 0.429862 0.060507 0.022878
62 0.235694 0.702739 0.022983 0.023179
76 0.448640 0.199127 0.031426 0.023179
55 0.136726 0.265653 0.052064 0.023179
55 0.452861 0.382149 0.053002 0.023179
204 0.143762 0.453642 0.019231 0.023480
66 0.553471 0.137267 0.021576 0.023480
1002 0.870075 0.601445 0.043152 0.023480
86 0.353189 0.639073 0.050657 0.023480
95 0.453330 0.477122 0.053002 0.023480
88 0.552533 0.536574 0.034709 0.023781
51 0.451220 0.135912 0.040338 0.023781
55 0.342402 0.739163 0.052533 0.023781
76 0.678236 0.261890 0.015947 0.024082
66 0.659709 0.406382 0.026735 0.024082
77 0.239212 0.288079 0.042214 0.024082
77 0.244606 0.176400 0.042683 0.024082
252 0.238039 0.224564 0.051126 0.024082
113 0.239212 0.603101 0.046904 0.024383
91 0.549953 0.871764 0.036116 0.024684
66 0.130629 0.562462 0.023921 0.024985
66 0.658771 0.544401 0.025797 0.024985
81 0.448405 0.277694 0.036585 0.024985
127 0.564962 0.512191 0.069887 0.024985
108 0.659709 0.896147 0.026735 0.025286
76 0.131332 0.696568 0.027205 0.025286
2489 0.136492 0.367249 0.050657 0.025286
118 0.451454 0.450181 0.027674 0.025587
111 0.448874 0.352950 0.028143 0.025587
126 0.130159 0.401716 0.043621 0.025587
1197 0.664165 0.792143 0.046904 0.025587
66 0.127814 0.876279 0.025797 0.025888
45 0.573405 0.320289 0.038931 0.025888
113 0.343574 0.512944 0.048311 0.025888
118 0.559099 0.765954 0.030019 0.026189
2238 0.135788 0.534166 0.050188 0.026189
57 0.453565 0.178356 0.062852 0.026189
56 0.661820 0.870861 0.023452 0.026490
74 0.447233 0.784768 0.037054 0.026490
104 0.556520 0.641180 0.038931 0.026490
126 0.556285 0.896147 0.048780 0.026490
108 0.662289 0.376731 0.025328 0.026791
134 0.552533 0.348284 0.019700 0.027092
119 0.449343 0.158489 0.029081 0.027393
1267 0.871248 0.698525 0.043621 0.027393
87 0.239447 0.819235 0.046435 0.027393
252 0.235694 0.396598 0.048311 0.027393
66 0.341463 0.426249 0.028143 0.027694
51 0.345919 0.460415 0.038931 0.027995
87 0.240854 0.487207 0.040807 0.027995
2320 0.869841 0.634708 0.040807 0.027995
251 0.765478 0.716285 0.063790 0.027995
104 0.135319 0.208158 0.037992 0.028597
51 0.137664 0.140126 0.038931 0.028597
2924 0.666979 0.734347 0.054409 0.028597
259 0.872655 0.198224 0.063321 0.028597
111 0.551126 0.844973 0.021576 0.028898
2598 0.450281 0.501505 0.025328 0.028898
53 0.447936 0.224112 0.015947 0.029199
45 0.250235 0.323450 0.031426 0.029199
51 0.446295 0.864690 0.035178 0.029199
87 0.346154 0.686334 0.042214 0.029500
68 0.664634 0.609272 0.007505 0.030102
1999 0.341463 0.330975 0.045028 0.030403
93 0.453565 0.553432 0.047842 0.030403
53 0.238039 0.459061 0.013602 0.030704
45 0.565666 0.468694 0.035647 0.030704
932 0.342636 0.295304 0.053940 0.030704
278 0.874765 0.505418 0.062852 0.030704
119 0.346388 0.487508 0.024859 0.031005
70 0.447233 0.732541 0.033302 0.031005
68 0.443480 0.812763 0.026735 0.031306
68 0.345450 0.604907 0.011726 0.031607
104 0.556520 0.482992 0.037992 0.031607
66 0.338415 0.857616 0.028612 0.032511
1887 0.553940 0.607766 0.053471 0.032511
45 0.252345 0.779500 0.030957 0.032812
1584 0.238743 0.260385 0.030019 0.033113
45 0.146107 0.769115 0.034240 0.033113
741 0.867730 0.304786 0.039400 0.033414
2548 0.558396 0.737056 0.048311 0.033414
76 0.659709 0.642384 0.030488 0.033715
296 0.236632 0.851144 0.024859 0.034016
87 0.662992 0.515503 0.039869 0.034016
2203 0.765713 0.408338 0.062383 0.034016
69 0.242026 0.577965 0.042214 0.034317
253 0.870075 0.554184 0.055347 0.034919
111 0.236867 0.523329 0.022514 0.035220
3231 0.341463 0.397200 0.046904 0.035220
1814 0.130629 0.615593 0.047373 0.035521
68 0.131332 0.821945 0.043152 0.035822
68 0.550891 0.795906 0.023921 0.036123
87 0.342871 0.822848 0.032833 0.037026
1267 0.871717 0.454244 0.066135 0.037327
1575 0.759850 0.456051 0.036585 0.037929
322 0.561210 0.569988 0.039869 0.038230
111 0.344747 0.575557 0.022514 0.038531
3084 0.870544 0.398706 0.061914 0.038832
4484 0.344747 0.168272 0.046904 0.039133
87 0.234522 0.657134 0.035647 0.039735
1193 0.447467 0.676701 0.055347 0.039735
121 0.130394 0.173239 0.032833 0.040036
4440 0.878049 0.251957 0.068480 0.040337
68 0.130394 0.319837 0.027205 0.041240
4486 0.764306 0.764299 0.056754 0.041541
2354 0.344278 0.775587 0.046904 0.041842
1570 0.765947 0.814118 0.079737 0.043046
47 0.352486 0.203492 0.031426 0.043949
370 0.761961 0.862733 0.067073 0.044551
1349 0.768762 0.600843 0.068480 0.044551
111 0.451220 0.416315 0.022514 0.045154
2264 0.875938 0.146297 0.062383 0.045154
314 0.768293 0.656382 0.064728 0.056291
