246 0.679126 0.433325 0.043724 0.005526
42 0.494006 0.256487 0.011283 0.010332
42 0.484309 0.275949 0.013047 0.011773
42 0.222496 0.693777 0.014104 0.014176
861 0.124295 0.358481 0.046192 0.014416
1415 0.771862 0.774027 0.045134 0.019462
1415 0.770980 0.395963 0.043371 0.020183
42 0.309062 0.519702 0.020804 0.021144
1867 0.859485 0.396444 0.038434 0.023066
2543 0.486248 0.572321 0.047955 0.024027
302 0.677891 0.772946 0.058886 0.024027
335 0.215621 0.732460 0.046897 0.024267
2543 0.215268 0.900889 0.051834 0.024267
253 0.488540 0.741711 0.043371 0.024988
2471 0.491361 0.400288 0.049013 0.024988
2177 0.487659 0.441975 0.056417 0.025709
2150 0.401446 0.399327 0.057475 0.025949
3177 0.770275 0.435728 0.047602 0.026189
3283 0.487835 0.902571 0.027856 0.026670
1375 0.672426 0.735704 0.050776 0.026910
278 0.860896 0.860884 0.051128 0.026910
316 0.311354 0.436929 0.057828 0.027150
278 0.771509 0.898486 0.050776 0.027631
3283 0.402151 0.901850 0.026446 0.028111
278 0.489422 0.356199 0.047955 0.028111
1821 0.582334 0.859803 0.045487 0.028592
979 0.490480 0.700505 0.046544 0.028592
1799 0.405324 0.356920 0.051128 0.028592
316 0.586918 0.561629 0.053244 0.028592
881 0.216326 0.308385 0.053949 0.028592
310 0.862835 0.220327 0.050776 0.028832
479 0.312764 0.352475 0.050776 0.028832
2489 0.216326 0.523306 0.051128 0.028832
3177 0.216855 0.565233 0.046544 0.029073
287 0.490480 0.481139 0.047955 0.029073
278 0.584274 0.734383 0.050776 0.029073
254 0.859838 0.179841 0.051834 0.029073
926 0.680712 0.608241 0.057475 0.029073
596 0.122355 0.479938 0.033850 0.029553
1821 0.862659 0.778111 0.046192 0.029553
254 0.674013 0.225493 0.046897 0.029553
316 0.774330 0.220687 0.050776 0.029553
597 0.310120 0.771864 0.051128 0.029553
278 0.772038 0.521264 0.051834 0.029553
1279 0.775564 0.693537 0.049718 0.030034
4405 0.404795 0.740149 0.050776 0.030034
2423 0.121121 0.651730 0.053949 0.030034
3283 0.309238 0.899207 0.029619 0.030514
316 0.220381 0.436929 0.050776 0.030514
278 0.863364 0.564032 0.051834 0.030514
1579 0.678949 0.522705 0.052539 0.030514
3175 0.582158 0.179841 0.053597 0.030514
979 0.863717 0.522826 0.044076 0.030754
287 0.220205 0.225613 0.046192 0.030754
480 0.486601 0.180923 0.050776 0.030754
1279 0.771685 0.479577 0.051128 0.030754
361 0.403561 0.439212 0.053244 0.030754
3283 0.858604 0.692095 0.031030 0.030995
1109 0.123766 0.739909 0.043724 0.030995
287 0.862130 0.649808 0.049365 0.030995
254 0.676481 0.307184 0.050423 0.030995
3665 0.675423 0.815353 0.056065 0.030995
3283 0.580219 0.433566 0.029267 0.031475
287 0.492066 0.778592 0.045487 0.031475
1486 0.584803 0.604637 0.049718 0.031475
1439 0.862306 0.896564 0.052539 0.031475
287 0.312588 0.225132 0.046192 0.031716
4164 0.403561 0.612446 0.048307 0.031716
3282 0.489951 0.610644 0.046897 0.031956
2489 0.215973 0.395603 0.056065 0.031956
1800 0.488188 0.656776 0.043371 0.032436
4164 0.120945 0.779793 0.050776 0.032436
287 0.402504 0.220207 0.051128 0.032436
1782 0.313293 0.562110 0.053949 0.032436
1674 0.123942 0.275469 0.056770 0.032436
3767 0.405677 0.656055 0.060296 0.032436
2190 0.125000 0.898727 0.061001 0.032436
287 0.584979 0.519462 0.047955 0.032677
280 0.858956 0.309947 0.050776 0.032677
2507 0.773449 0.608361 0.051834 0.032677
2489 0.581276 0.694378 0.053949 0.032677
2190 0.490656 0.314152 0.050423 0.032917
1439 0.583039 0.307424 0.051128 0.032917
2423 0.120063 0.817516 0.054654 0.032917
722 0.482722 0.223570 0.039492 0.033397
370 0.585508 0.898246 0.047602 0.033397
2434 0.310472 0.649568 0.051128 0.033397
2313 0.119711 0.860284 0.051128 0.033397
505 0.484309 0.865209 0.049718 0.033638
280 0.309062 0.691254 0.053244 0.033638
4740 0.676657 0.562470 0.059238 0.033638
870 0.403209 0.528232 0.042666 0.033878
981 0.680360 0.394161 0.048307 0.033878
2198 0.773096 0.858121 0.049013 0.033878
2590 0.581629 0.348991 0.049718 0.033878
280 0.773977 0.733421 0.056417 0.033878
3189 0.486248 0.526550 0.046544 0.034358
2425 0.678244 0.650529 0.051128 0.034358
3760 0.863364 0.353075 0.053949 0.034358
1559 0.311178 0.732941 0.054654 0.034358
2425 0.218089 0.184286 0.046192 0.034599
3198 0.584979 0.820038 0.055007 0.034599
3800 0.862130 0.436809 0.057828 0.034599
3834 0.864069 0.820159 0.047602 0.034839
2412 0.678244 0.857641 0.047602 0.034839
2190 0.127116 0.397045 0.048307 0.034839
2425 0.309415 0.183686 0.049013 0.034839
498 0.311530 0.310067 0.051128 0.034839
1120 0.403209 0.699784 0.042666 0.035320
2590 0.214739 0.350673 0.047955 0.035320
3800 0.862659 0.734262 0.054654 0.035560
2423 0.773272 0.651850 0.055007 0.035560
2425 0.581453 0.475372 0.047955 0.035800
1887 0.119711 0.610884 0.050423 0.035800
4560 0.310472 0.477775 0.059591 0.035800
268 0.675071 0.265377 0.041961 0.036281
505 0.400388 0.864608 0.051128 0.036281
1109 0.308709 0.394522 0.041255 0.036521
3925 0.680712 0.898847 0.044076 0.036521
692 0.584979 0.223691 0.045134 0.036521
1052 0.774154 0.179601 0.046897 0.036761
3050 0.405677 0.567155 0.050423 0.036761
3175 0.858956 0.478496 0.050776 0.036761
1559 0.774506 0.350913 0.051834 0.036761
2425 0.400035 0.178160 0.052539 0.036761
4338 0.678244 0.182725 0.053244 0.036761
3189 0.212447 0.861965 0.054654 0.036761
2412 0.215973 0.607761 0.046192 0.037242
505 0.769041 0.307424 0.050776 0.037242
2191 0.682652 0.477054 0.050776 0.037242
381 0.216150 0.770663 0.050776 0.037242
4311 0.406382 0.822922 0.050423 0.037482
505 0.581629 0.391639 0.052539 0.037482
3808 0.771509 0.563671 0.053597 0.037482
249 0.584274 0.651009 0.043724 0.037722
981 0.222320 0.266579 0.046192 0.037722
4311 0.773801 0.263215 0.050423 0.037722
505 0.307652 0.266098 0.051128 0.037722
4084 0.860190 0.607520 0.052539 0.037722
3231 0.125529 0.232460 0.059238 0.037722
692 0.125353 0.524628 0.056770 0.038203
3800 0.774154 0.816314 0.059591 0.038203
4297 0.127292 0.438011 0.056417 0.038443
505 0.581805 0.265377 0.049365 0.038683
2412 0.679302 0.694017 0.047602 0.039164
296 0.123061 0.567395 0.049365 0.039164
3199 0.405324 0.779553 0.057475 0.039164
1823 0.862306 0.263095 0.041255 0.039404
4356 0.582334 0.776309 0.045487 0.039404
296 0.217031 0.815233 0.051128 0.039404
4311 0.314880 0.815834 0.050776 0.039644
505 0.309238 0.858602 0.052186 0.039644
365 0.404090 0.480658 0.055007 0.039644
296 0.489598 0.821360 0.046192 0.040125
4089 0.678068 0.352235 0.059238 0.040365
3910 0.218265 0.479457 0.045134 0.040605
296 0.123590 0.317275 0.052539 0.040605
1325 0.125000 0.694978 0.053244 0.040605
505 0.403385 0.265978 0.053597 0.041326
1346 0.404619 0.313791 0.062412 0.041326
2890 0.307652 0.607881 0.051834 0.042287
4165 0.120416 0.186209 0.046897 0.043248
2056 0.214210 0.649568 0.046897 0.046372
