128 0.665243 0.834033 0.017079 0.007631
173 0.599915 0.735025 0.038429 0.010301
173 0.531597 0.757154 0.043553 0.011828
52 0.202818 0.191721 0.050384 0.011828
101 0.591375 0.922739 0.055508 0.013354
56 0.600769 0.752194 0.017933 0.014880
173 0.526900 0.925410 0.040991 0.014880
157 0.426558 0.448874 0.029889 0.016406
81 0.334330 0.215948 0.045260 0.016787
118 0.613578 0.797978 0.017933 0.017169
57 0.667378 0.874285 0.050384 0.017169
495 0.400939 0.765548 0.064048 0.017169
91 0.469684 0.214994 0.044406 0.017932
297 0.405636 0.434376 0.051238 0.017932
72 0.334757 0.740557 0.040991 0.018314
84 0.538429 0.346051 0.045260 0.018314
86 0.539283 0.483785 0.053800 0.018314
55 0.532024 0.140595 0.051238 0.018695
101 0.745517 0.925029 0.081981 0.018695
120 0.391546 0.921213 0.031597 0.019458
120 0.269001 0.343190 0.030743 0.020221
57 0.542699 0.401946 0.038429 0.020221
60 0.204526 0.144029 0.046968 0.020221
127 0.471819 0.341663 0.058924 0.020221
88 0.529035 0.731209 0.026473 0.020984
72 0.333049 0.623235 0.044406 0.020984
56 0.330914 0.898130 0.024765 0.021366
251 0.405209 0.525754 0.048676 0.021366
2151 0.400939 0.638688 0.050384 0.021366
88 0.338599 0.805799 0.053800 0.021366
173 0.761315 0.185807 0.062340 0.021366
91 0.465841 0.420259 0.046968 0.021747
76 0.336038 0.445822 0.033305 0.022510
60 0.597353 0.876955 0.033305 0.022510
120 0.657558 0.921213 0.034159 0.022510
72 0.463706 0.320679 0.044406 0.022510
76 0.403074 0.822014 0.054654 0.022510
91 0.335184 0.924456 0.048676 0.022892
123 0.201110 0.166158 0.019641 0.023274
95 0.269428 0.177604 0.045260 0.023274
76 0.593937 0.854063 0.046968 0.023274
102 0.467549 0.367226 0.053800 0.023274
547 0.339453 0.590805 0.053800 0.023274
118 0.401793 0.581648 0.024765 0.024037
74 0.531170 0.702594 0.034159 0.024037
87 0.599488 0.776994 0.040991 0.024037
126 0.271990 0.496948 0.041845 0.024037
91 0.403501 0.283289 0.045260 0.024037
115 0.532451 0.458794 0.052092 0.024037
64 0.660120 0.815719 0.034159 0.024418
95 0.404355 0.556276 0.043553 0.024418
81 0.465414 0.390309 0.047822 0.024418
2555 0.659693 0.746662 0.060632 0.024418
126 0.661827 0.781953 0.044406 0.024800
52 0.204526 0.470240 0.046968 0.024800
122 0.660120 0.852537 0.047822 0.024800
98 0.203672 0.495803 0.058924 0.024800
60 0.531170 0.423693 0.023911 0.025563
88 0.402647 0.609500 0.040137 0.025563
78 0.205807 0.214613 0.040991 0.025563
126 0.337746 0.475582 0.043553 0.025563
83 0.400512 0.174170 0.047822 0.025563
91 0.883860 0.829645 0.051238 0.025563
108 0.401793 0.670546 0.057216 0.025563
98 0.529035 0.542350 0.058924 0.025563
60 0.652434 0.894315 0.030743 0.025944
95 0.205380 0.323159 0.046968 0.025944
126 0.406063 0.734071 0.050384 0.025944
88 0.400939 0.145937 0.023057 0.026326
126 0.336892 0.182564 0.043553 0.026326
174 0.339453 0.645746 0.048676 0.026326
119 0.399231 0.875811 0.023057 0.027089
59 0.404355 0.848722 0.048676 0.027089
127 0.539710 0.367608 0.051238 0.027089
495 0.762169 0.399657 0.101623 0.027089
118 0.403501 0.497520 0.026473 0.027470
76 0.394535 0.897749 0.027327 0.027470
74 0.337746 0.679130 0.031597 0.027470
252 0.332622 0.835177 0.043553 0.027470
87 0.532451 0.578787 0.053800 0.027470
123 0.588386 0.903663 0.027327 0.027852
92 0.467549 0.529760 0.038429 0.027852
2593 0.464987 0.244754 0.041845 0.027852
2320 0.335184 0.146700 0.055508 0.027852
102 0.535440 0.205074 0.058070 0.027852
60 0.336892 0.707554 0.028181 0.028615
85 0.275833 0.279855 0.030743 0.028615
117 0.464560 0.650706 0.030743 0.028615
4084 0.465414 0.144411 0.047822 0.028615
66 0.400085 0.317055 0.033305 0.028997
93 0.343296 0.311713 0.044406 0.028997
495 0.892827 0.489126 0.108454 0.028997
58 0.463279 0.752575 0.035013 0.029378
87 0.533305 0.274514 0.038429 0.029378
120 0.885995 0.921595 0.048676 0.029378
108 0.532451 0.674742 0.052092 0.029378
316 0.596072 0.708317 0.061486 0.029378
60 0.529889 0.167684 0.024765 0.030141
91 0.202818 0.398512 0.046968 0.030141
3285 0.471392 0.566005 0.058070 0.030141
85 0.208369 0.429225 0.034159 0.030523
117 0.529889 0.821824 0.040137 0.030523
683 0.517933 0.900420 0.069172 0.030523
74 0.403074 0.699161 0.034159 0.030904
88 0.628950 0.212705 0.040137 0.030904
87 0.467549 0.788440 0.040137 0.030904
70 0.266866 0.148607 0.048676 0.030904
268 0.466695 0.178749 0.050384 0.030904
98 0.334330 0.418352 0.052092 0.030904
3984 0.395816 0.397367 0.058924 0.030904
86 0.540991 0.608737 0.040137 0.031667
68 0.337746 0.281000 0.046968 0.031667
91 0.266866 0.249332 0.048676 0.031667
71 0.601623 0.826211 0.055508 0.031667
88 0.898804 0.316482 0.086251 0.031667
87 0.270282 0.316673 0.045260 0.032049
51 0.333476 0.871042 0.048676 0.032049
2587 0.533305 0.784433 0.052092 0.032049
95 0.401366 0.468905 0.054654 0.032049
769 0.470965 0.454025 0.060632 0.032049
76 0.752348 0.820298 0.068318 0.032049
60 0.886849 0.274132 0.028181 0.032430
86 0.769855 0.642312 0.052092 0.032430
53 0.536294 0.509920 0.020495 0.033193
59 0.339453 0.241320 0.043553 0.033193
83 0.403074 0.791301 0.023911 0.033575
120 0.631512 0.429989 0.043553 0.033575
1952 0.887276 0.784815 0.088813 0.033575
119 0.538429 0.308089 0.023057 0.033957
60 0.333476 0.377528 0.029889 0.033957
118 0.345004 0.343190 0.030743 0.033957
119 0.465841 0.821633 0.033305 0.033957
1502 0.467549 0.282526 0.040137 0.033957
4132 0.463706 0.858642 0.058070 0.033957
83 0.887703 0.448874 0.064048 0.033957
66 0.626388 0.571728 0.043553 0.034720
91 0.529889 0.641549 0.045260 0.034720
58 0.533305 0.237123 0.052092 0.034720
111 0.756191 0.477108 0.060632 0.034720
76 0.885141 0.151660 0.070880 0.034720
58 0.334330 0.770317 0.033305 0.035101
122 0.467976 0.682945 0.040991 0.035101
717 0.403074 0.251049 0.058070 0.035101
126 0.765158 0.353300 0.078565 0.035101
121 0.762169 0.605494 0.093083 0.035101
119 0.893681 0.704502 0.036721 0.035483
1880 0.401793 0.208508 0.041845 0.035483
1831 0.271136 0.460702 0.053800 0.035483
88 0.464987 0.497329 0.019641 0.036246
87 0.271136 0.378291 0.040137 0.036246
120 0.899231 0.523655 0.047822 0.036246
60 0.759607 0.853682 0.053800 0.036246
1788 0.655850 0.708127 0.058070 0.036627
1834 0.760034 0.150706 0.088813 0.036627
111 0.271563 0.214231 0.030743 0.037009
60 0.751067 0.783098 0.038429 0.037009
104 0.629804 0.308089 0.070880 0.037009
2590 0.888984 0.742655 0.085397 0.037009
123 0.745090 0.891835 0.040137 0.037772
53 0.204526 0.247043 0.017933 0.038535
70 0.201964 0.286723 0.038429 0.039298
76 0.628096 0.395078 0.043553 0.039298
68 0.343296 0.507058 0.013664 0.039680
111 0.206661 0.363220 0.030743 0.039680
62 0.752348 0.567722 0.051238 0.039680
91 0.759607 0.317436 0.065756 0.039680
119 0.274552 0.416826 0.023057 0.040061
119 0.640478 0.663296 0.030743 0.040824
120 0.766866 0.438955 0.040991 0.040824
111 0.890692 0.562572 0.061486 0.040824
107 0.760888 0.268981 0.047822 0.041206
107 0.631512 0.528043 0.053800 0.041206
127 0.895389 0.185807 0.091375 0.041206
68 0.526473 0.858642 0.017933 0.041587
83 0.467549 0.609119 0.023057 0.041587
87 0.762169 0.226059 0.077711 0.043113
67 0.899231 0.235597 0.058070 0.043876
87 0.893681 0.664441 0.069172 0.043876
117 0.759180 0.524990 0.040991 0.044258
68 0.464987 0.721290 0.017933 0.044639
83 0.334757 0.549599 0.027327 0.044639
111 0.750213 0.682182 0.055508 0.045784
1799 0.628096 0.477680 0.072588 0.045784
78 0.896670 0.408050 0.061486 0.046929
706 0.894962 0.612552 0.092229 0.046929
2752 0.090094 0.365891 0.110162 0.047310
1280 0.459436 0.907860 0.058070 0.047692
68 0.406063 0.356543 0.017933 0.049981
2195 0.753629 0.739222 0.070880 0.049981
53 0.895389 0.359405 0.033305 0.050362
3136 0.628950 0.158909 0.065756 0.051507
3009 0.088386 0.434567 0.106746 0.051889
121 0.627242 0.615414 0.084543 0.054941
51 0.889411 0.878481 0.069172 0.056085
92 0.633219 0.252957 0.050384 0.056467
68 0.652007 0.351202 0.023057 0.057612
665 0.091375 0.197825 0.099061 0.062190
2354 0.088386 0.506868 0.099915 0.062190
1280 0.087532 0.283861 0.098207 0.082411
