246 0.203051 0.870341 0.040000 0.005227
246 0.830339 0.624545 0.046441 0.005455
246 0.828305 0.550568 0.053220 0.009318
92 0.131356 0.492386 0.032881 0.011136
64 0.415932 0.892500 0.017627 0.012727
92 0.830339 0.859318 0.026102 0.012727
52 0.760339 0.354205 0.043390 0.013409
92 0.555763 0.476477 0.032881 0.013864
56 0.626949 0.433068 0.010508 0.014318
56 0.692881 0.351023 0.011525 0.015682
56 0.832373 0.774886 0.022034 0.015682
88 0.560000 0.918409 0.019661 0.016818
52 0.622712 0.263864 0.044068 0.016818
297 0.481017 0.835568 0.040678 0.017045
297 0.553729 0.309886 0.041017 0.017045
64 0.136949 0.850455 0.017627 0.017727
56 0.272542 0.496932 0.014237 0.017955
88 0.066441 0.922045 0.022373 0.018636
92 0.621695 0.786591 0.030508 0.018636
861 0.199492 0.588636 0.045085 0.018636
64 0.202203 0.482273 0.022034 0.019545
2150 0.824407 0.201932 0.025763 0.020227
56 0.764915 0.380909 0.014576 0.020909
499 0.770678 0.762500 0.056610 0.020909
64 0.628983 0.361364 0.015254 0.021364
56 0.070000 0.635455 0.013898 0.021818
1810 0.199661 0.350227 0.020339 0.022727
118 0.068136 0.491250 0.010847 0.022955
1810 0.132034 0.658068 0.023390 0.022955
108 0.062542 0.344886 0.013898 0.023409
55 0.414576 0.873068 0.040678 0.023409
56 0.553220 0.543977 0.019661 0.023864
302 0.488475 0.915909 0.044068 0.024091
88 0.701017 0.918523 0.033898 0.024318
302 0.201017 0.768977 0.049492 0.024318
495 0.126610 0.267045 0.064068 0.024545
68 0.062203 0.268977 0.034915 0.024773
117 0.071186 0.698636 0.012203 0.025000
117 0.131186 0.735682 0.013559 0.025000
101 0.201695 0.430795 0.069831 0.025227
1810 0.131864 0.555909 0.021017 0.025455
252 0.480169 0.540000 0.030847 0.025909
81 0.406610 0.694545 0.044407 0.025909
98 0.406949 0.309205 0.043729 0.026136
118 0.485932 0.296136 0.019322 0.026364
66 0.833729 0.834773 0.026102 0.026364
67 0.282373 0.268864 0.033220 0.026364
107 0.557797 0.382500 0.011186 0.026818
60 0.763220 0.886250 0.030169 0.027500
418 0.127458 0.410909 0.013559 0.027727
56 0.620169 0.766136 0.020000 0.027727
54 0.695763 0.414091 0.028136 0.027727
302 0.554237 0.808182 0.033220 0.027727
1810 0.343390 0.648977 0.024407 0.027955
91 0.340508 0.848295 0.049831 0.027955
66 0.414576 0.453182 0.020339 0.028182
60 0.064068 0.464318 0.033220 0.028636
104 0.830847 0.359545 0.042034 0.028636
113 0.554237 0.452273 0.059661 0.029091
76 0.409661 0.767841 0.028814 0.029318
302 0.197288 0.318977 0.039322 0.029318
109 0.771864 0.833977 0.043390 0.029318
53 0.485932 0.658182 0.020000 0.029545
88 0.695932 0.568523 0.010169 0.029773
51 0.690678 0.640795 0.041017 0.029773
95 0.829661 0.282045 0.041017 0.030000
88 0.267797 0.402955 0.044068 0.030000
95 0.770169 0.918636 0.044068 0.030000
123 0.622034 0.696705 0.016271 0.030227
66 0.630678 0.498750 0.030169 0.030227
95 0.481695 0.436932 0.040678 0.030227
81 0.552712 0.743068 0.050508 0.030227
88 0.197797 0.449773 0.017966 0.030455
109 0.486102 0.269091 0.044068 0.030455
88 0.832881 0.746023 0.024407 0.030682
1350 0.200000 0.698977 0.039322 0.030682
302 0.127627 0.625795 0.043051 0.030682
104 0.693390 0.739318 0.044407 0.030909
82 0.706610 0.325682 0.053898 0.030909
118 0.348475 0.301932 0.018983 0.031136
88 0.272881 0.875000 0.013559 0.031364
53 0.267288 0.370909 0.014576 0.031364
53 0.134068 0.881250 0.017288 0.031591
118 0.557627 0.501477 0.018983 0.031591
60 0.341017 0.443523 0.030508 0.031591
51 0.760678 0.485909 0.042712 0.031818
53 0.200847 0.511136 0.016610 0.032273
120 0.274237 0.296818 0.016949 0.032273
78 0.346441 0.876364 0.025763 0.032273
83 0.625085 0.332045 0.031186 0.032273
86 0.496780 0.685682 0.034237 0.032273
77 0.345763 0.476136 0.043390 0.032273
83 0.691695 0.491705 0.041017 0.032500
123 0.064576 0.610341 0.045085 0.032500
88 0.552542 0.575341 0.052203 0.032500
66 0.556271 0.773182 0.031864 0.032727
104 0.343220 0.721136 0.042373 0.032727
495 0.268814 0.721818 0.082712 0.032727
118 0.628136 0.533977 0.010847 0.032955
68 0.421017 0.917159 0.012203 0.032955
58 0.765085 0.408977 0.023729 0.032955
88 0.272712 0.687841 0.029492 0.032955
978 0.829831 0.433068 0.048814 0.032955
1834 0.273390 0.840114 0.051186 0.032955
73 0.553220 0.415795 0.053559 0.032955
117 0.695424 0.785682 0.017966 0.033182
932 0.194576 0.662159 0.050169 0.033409
117 0.415932 0.620227 0.012881 0.033636
85 0.708983 0.897955 0.017966 0.033636
83 0.754407 0.324773 0.024068 0.033636
66 0.629153 0.862841 0.037288 0.033864
83 0.690678 0.605909 0.036271 0.034091
51 0.342542 0.272045 0.041017 0.034091
3136 0.278644 0.755000 0.051525 0.034091
68 0.565424 0.644205 0.008136 0.034318
978 0.763220 0.685114 0.045763 0.034318
72 0.403729 0.491250 0.046102 0.034318
717 0.201017 0.621932 0.065085 0.034318
83 0.408644 0.379091 0.030169 0.034545
119 0.130847 0.380568 0.017627 0.034773
2836 0.554407 0.888295 0.044407 0.034773
109 0.553898 0.613295 0.051525 0.034773
90 0.407797 0.417159 0.052881 0.034773
118 0.343390 0.910000 0.016271 0.035000
58 0.696949 0.826591 0.022373 0.035000
1834 0.412881 0.842159 0.046102 0.035227
107 0.631525 0.397500 0.041356 0.035455
104 0.066441 0.308864 0.042712 0.035455
66 0.067797 0.771136 0.042712 0.035455
126 0.073220 0.426136 0.048814 0.035455
2677 0.831017 0.516023 0.032203 0.035682
109 0.767458 0.602841 0.045424 0.035682
88 0.344407 0.680909 0.043390 0.035909
119 0.697458 0.452841 0.016610 0.036136
104 0.699831 0.866705 0.047119 0.036136
70 0.763559 0.645909 0.032203 0.036364
552 0.562373 0.847727 0.065085 0.036364
85 0.836780 0.914659 0.026780 0.036591
83 0.267119 0.912386 0.034576 0.036591
118 0.695932 0.667273 0.021017 0.036818
83 0.267288 0.462045 0.038305 0.036818
85 0.342712 0.404886 0.011525 0.037045
68 0.707288 0.768750 0.013220 0.037045
60 0.128983 0.342841 0.025424 0.037045
120 0.417797 0.803977 0.045085 0.037045
88 0.763898 0.447614 0.050508 0.037045
63 0.493390 0.502386 0.051186 0.037500
111 0.480847 0.327727 0.016610 0.037727
2193 0.831695 0.711364 0.030847 0.037727
642 0.129661 0.591364 0.035593 0.037727
126 0.630339 0.820455 0.051186 0.037727
113 0.268644 0.336591 0.061356 0.037727
51 0.554068 0.711250 0.046441 0.037955
119 0.416610 0.342045 0.018305 0.038182
107 0.069153 0.801818 0.018983 0.038182
69 0.144576 0.911818 0.022712 0.038182
119 0.627119 0.300909 0.023051 0.038182
119 0.622881 0.733864 0.026102 0.038182
68 0.066949 0.659886 0.008475 0.038409
3868 0.766102 0.724432 0.038644 0.038409
62 0.700000 0.378864 0.041356 0.038636
83 0.555424 0.677159 0.045085 0.038864
710 0.133729 0.822500 0.045763 0.039091
85 0.627119 0.622159 0.020339 0.039318
717 0.202712 0.732614 0.064407 0.039318
63 0.769661 0.523182 0.046441 0.039545
717 0.768136 0.795909 0.073898 0.039545
88 0.632203 0.464205 0.044068 0.039773
92 0.411864 0.532841 0.044068 0.039773
68 0.780678 0.869091 0.010169 0.040000
60 0.066780 0.732955 0.018983 0.040000
60 0.484576 0.399318 0.029492 0.040000
92 0.697627 0.272841 0.039322 0.040227
83 0.762712 0.563409 0.029831 0.040455
366 0.271864 0.800455 0.044068 0.040455
87 0.416102 0.582500 0.051186 0.040455
107 0.201186 0.384545 0.016610 0.040909
642 0.125932 0.524318 0.041017 0.040909
710 0.557288 0.273864 0.042034 0.040909
122 0.478475 0.472273 0.042373 0.040909
88 0.486949 0.628182 0.045085 0.040909
68 0.837627 0.800909 0.011525 0.041364
4712 0.832542 0.472614 0.035932 0.041591
2193 0.200000 0.841705 0.040000 0.041591
87 0.481356 0.364545 0.037966 0.041818
58 0.345085 0.511136 0.044068 0.041818
108 0.269492 0.526818 0.056271 0.041818
523 0.127627 0.455114 0.033559 0.042045
717 0.486102 0.874205 0.067119 0.042045
95 0.697797 0.703182 0.051186 0.042273
68 0.281017 0.438750 0.010169 0.042500
111 0.201356 0.273750 0.025085 0.042500
60 0.272034 0.605341 0.021356 0.042955
99 0.279661 0.566023 0.048814 0.042955
81 0.130339 0.309659 0.040339 0.043409
1995 0.062203 0.891932 0.051186 0.043409
1174 0.346780 0.557045 0.044068 0.043636
91 0.485932 0.763295 0.068136 0.043864
85 0.068644 0.576250 0.015932 0.044318
60 0.410339 0.656818 0.023390 0.045000
127 0.483729 0.722955 0.050169 0.045000
68 0.070339 0.845000 0.010508 0.045455
58 0.413051 0.723636 0.031525 0.045909
122 0.271864 0.648977 0.046102 0.046136
3322 0.558475 0.348068 0.051864 0.047500
253 0.484237 0.584318 0.030847 0.047727
1891 0.830169 0.237273 0.041356 0.047727
624 0.413051 0.277614 0.038305 0.047955
120 0.628305 0.907841 0.041017 0.047955
68 0.133898 0.776818 0.006780 0.048182
2193 0.694237 0.528864 0.035932 0.048636
577 0.132034 0.700568 0.040339 0.048864
68 0.351864 0.760909 0.010847 0.049091
2438 0.763559 0.281364 0.035593 0.049091
2987 0.482881 0.795795 0.053898 0.049318
68 0.840508 0.316932 0.017288 0.051136
646 0.213390 0.900682 0.037627 0.051818
69 0.207797 0.553977 0.021695 0.052045
624 0.196610 0.806818 0.035254 0.052727
1354 0.623559 0.669091 0.046441 0.052727
975 0.832203 0.664205 0.043390 0.052955
3338 0.341356 0.804773 0.041356 0.053636
82 0.073220 0.383182 0.059661 0.053636
47 0.838644 0.887500 0.034576 0.055000
646 0.833051 0.585341 0.028814 0.056591
68 0.339661 0.600114 0.009492 0.057955
47 0.625593 0.579545 0.037627 0.058636
47 0.070169 0.526591 0.031864 0.060000
47 0.346441 0.348636 0.029831 0.068636
