246 0.107316 0.224461 0.036580 0.011104
92 0.631115 0.907995 0.033495 0.011421
92 0.792420 0.667671 0.027325 0.011739
92 0.709343 0.492544 0.040987 0.013008
56 0.040987 0.493020 0.009696 0.013325
92 0.039445 0.795209 0.018951 0.013642
92 0.174086 0.901174 0.030851 0.013642
56 0.320626 0.619924 0.011900 0.013959
120 0.466505 0.590260 0.017188 0.014277
56 0.546937 0.871510 0.012340 0.014594
64 0.545835 0.837722 0.014544 0.014911
120 0.630013 0.423699 0.016307 0.015546
92 0.040546 0.193687 0.029969 0.016180
56 0.625606 0.669416 0.014544 0.016497
56 0.319965 0.299810 0.015866 0.016497
57 0.043852 0.852475 0.022477 0.016497
101 0.321728 0.900381 0.069634 0.016497
56 0.392243 0.739213 0.014103 0.017132
65 0.324813 0.726206 0.026443 0.017132
92 0.318863 0.854378 0.019833 0.017766
57 0.706919 0.706377 0.047598 0.018084
128 0.319304 0.386421 0.011018 0.018401
115 0.390921 0.692893 0.040546 0.018401
74 0.392684 0.824873 0.034376 0.019036
60 0.042089 0.611516 0.025121 0.019353
91 0.110621 0.202887 0.029088 0.019353
64 0.630674 0.179886 0.020273 0.019670
56 0.711988 0.366275 0.018070 0.019987
64 0.104892 0.332011 0.020273 0.019987
120 0.713089 0.509835 0.012340 0.020305
56 0.177611 0.252538 0.016747 0.020305
87 0.468709 0.698763 0.038343 0.020622
99 0.099383 0.695907 0.054209 0.021256
117 0.319083 0.800444 0.012340 0.021574
67 0.326796 0.530140 0.025121 0.021574
52 0.628471 0.844226 0.044072 0.021574
66 0.708462 0.535374 0.018070 0.021891
87 0.399074 0.231123 0.036580 0.021891
85 0.627369 0.890546 0.014544 0.022208
87 0.106435 0.358185 0.034817 0.022208
98 0.461657 0.899112 0.065668 0.022208
108 0.626928 0.377062 0.018070 0.022525
52 0.545835 0.139118 0.043632 0.022525
52 0.625606 0.577570 0.044513 0.022525
252 0.249449 0.376110 0.032613 0.023794
115 0.631776 0.403077 0.041869 0.023794
91 0.538343 0.738420 0.044513 0.023794
113 0.621639 0.867227 0.048920 0.023794
1005 0.246584 0.661009 0.053327 0.023794
77 0.323270 0.876904 0.025121 0.024112
126 0.466064 0.549810 0.037461 0.024112
91 0.549581 0.860406 0.058175 0.024112
88 0.249669 0.686707 0.018070 0.024429
1810 0.546937 0.429727 0.022036 0.024429
87 0.717056 0.839784 0.030851 0.024746
91 0.314896 0.413388 0.043632 0.024746
119 0.396430 0.903395 0.019833 0.025063
88 0.255178 0.442100 0.028206 0.025063
108 0.457250 0.579473 0.053327 0.025063
117 0.543852 0.324556 0.015866 0.025381
68 0.316219 0.218909 0.047157 0.025381
111 0.111503 0.181631 0.023799 0.025698
88 0.319524 0.321859 0.023799 0.025698
51 0.175628 0.138484 0.036580 0.025698
251 0.174967 0.784105 0.044072 0.025698
88 0.395769 0.761421 0.029088 0.026015
1406 0.464963 0.339467 0.035258 0.026015
118 0.318202 0.640387 0.015866 0.026332
126 0.252534 0.787912 0.052887 0.026332
85 0.252314 0.818211 0.015425 0.026650
76 0.547598 0.894987 0.017188 0.026650
107 0.545394 0.456853 0.018951 0.026650
1810 0.547378 0.294416 0.023799 0.026650
88 0.180256 0.483185 0.028206 0.026650
89 0.320846 0.598033 0.053768 0.026650
87 0.391803 0.877062 0.028206 0.026967
51 0.248347 0.218433 0.029528 0.026967
98 0.036580 0.470971 0.031732 0.026967
71 0.044293 0.216846 0.035699 0.026967
111 0.040987 0.142449 0.014985 0.027284
76 0.395108 0.716688 0.022477 0.027284
111 0.464301 0.671637 0.025121 0.027284
88 0.627810 0.346447 0.029528 0.027284
95 0.251212 0.303934 0.037902 0.027284
91 0.101807 0.754124 0.042309 0.027284
91 0.461657 0.434962 0.045394 0.027284
885 0.392684 0.317576 0.048480 0.027284
55 0.711327 0.791878 0.049361 0.027284
74 0.248347 0.275222 0.018951 0.027602
118 0.105773 0.510628 0.020273 0.027602
111 0.390480 0.204156 0.026443 0.027602
83 0.100264 0.815038 0.032173 0.027919
91 0.038563 0.668464 0.034817 0.027919
107 0.040767 0.357709 0.013662 0.028236
107 0.464301 0.613420 0.014544 0.028236
83 0.034376 0.538864 0.032613 0.028236
81 0.315778 0.442100 0.036580 0.028236
91 0.172323 0.671796 0.046717 0.028236
58 0.784927 0.836612 0.018510 0.028553
71 0.180917 0.277284 0.040106 0.028553
91 0.543852 0.522208 0.043191 0.028553
1834 0.628691 0.444797 0.044513 0.028553
111 0.785368 0.412437 0.044954 0.028553
91 0.390921 0.477792 0.048480 0.028553
113 0.316219 0.277284 0.057735 0.028553
980 0.626047 0.694956 0.027766 0.028871
51 0.175628 0.229220 0.040987 0.028871
55 0.711988 0.438928 0.045394 0.028871
82 0.392243 0.634994 0.052005 0.028871
60 0.706699 0.899746 0.021595 0.029188
2489 0.108859 0.849619 0.044954 0.029188
91 0.707580 0.258249 0.047157 0.029188
903 0.469149 0.403236 0.057735 0.029188
118 0.040326 0.171796 0.010137 0.029505
86 0.635743 0.317735 0.024240 0.029505
84 0.393125 0.173065 0.037902 0.029505
91 0.246584 0.629283 0.044513 0.029505
118 0.251432 0.246827 0.013662 0.029822
60 0.042530 0.510470 0.013662 0.029822
117 0.177171 0.557741 0.015866 0.029822
92 0.542309 0.164023 0.024240 0.029822
95 0.467387 0.227475 0.041869 0.029822
60 0.103790 0.624524 0.020714 0.030140
77 0.044513 0.637214 0.022036 0.030140
1820 0.544513 0.710819 0.026003 0.030140
60 0.797708 0.142608 0.030851 0.030140
111 0.621639 0.476999 0.033054 0.030140
83 0.173204 0.196542 0.036139 0.030140
4452 0.173645 0.355489 0.048480 0.030140
71 0.322829 0.668940 0.048920 0.030140
509 0.539004 0.627221 0.029969 0.030457
2861 0.789335 0.740165 0.036139 0.030457
2726 0.322168 0.503807 0.044072 0.030457
503 0.711327 0.599461 0.028206 0.030774
70 0.621860 0.254600 0.046717 0.030774
2489 0.322389 0.700825 0.046276 0.031091
88 0.630013 0.749524 0.026884 0.031409
60 0.787572 0.774270 0.033495 0.031409
81 0.173645 0.173382 0.038784 0.031409
85 0.322389 0.247779 0.012781 0.031726
85 0.715513 0.810279 0.012781 0.031726
111 0.714852 0.462563 0.023799 0.031726
120 0.251432 0.847716 0.032173 0.031726
83 0.787131 0.555203 0.042309 0.031726
91 0.106214 0.305838 0.044954 0.031726
2489 0.041428 0.253966 0.036139 0.032043
122 0.784046 0.805679 0.040546 0.032043
107 0.397091 0.142766 0.020273 0.032360
454 0.464742 0.371827 0.040987 0.032360
1317 0.107316 0.271891 0.043632 0.032360
92 0.393565 0.605489 0.018510 0.032678
83 0.704716 0.757773 0.036139 0.032678
83 0.248788 0.509042 0.045394 0.032678
1035 0.466505 0.514594 0.038343 0.032995
1197 0.543191 0.593591 0.040106 0.032995
83 0.615690 0.812341 0.052887 0.033312
683 0.461877 0.144511 0.057294 0.033312
85 0.024680 0.889277 0.008814 0.033629
87 0.466946 0.260787 0.036580 0.033629
4132 0.178713 0.312183 0.039224 0.033629
60 0.172543 0.590260 0.018951 0.033947
83 0.313574 0.466212 0.033936 0.033947
84 0.464301 0.645622 0.033054 0.034264
81 0.788673 0.532043 0.037461 0.034264
51 0.628030 0.510470 0.043191 0.034264
60 0.316880 0.827887 0.018510 0.034581
68 0.312693 0.358978 0.040987 0.034581
127 0.633098 0.286961 0.045394 0.034581
1461 0.321728 0.144511 0.051124 0.034581
119 0.547598 0.356282 0.020714 0.034898
92 0.711988 0.185121 0.018070 0.035216
62 0.107757 0.546161 0.026884 0.035216
83 0.244381 0.716846 0.030410 0.035216
127 0.113706 0.722874 0.047598 0.035216
1840 0.547818 0.393877 0.058175 0.035216
60 0.395328 0.847716 0.018510 0.035533
119 0.624725 0.546003 0.039224 0.035533
71 0.046937 0.390704 0.035699 0.035850
126 0.042970 0.287595 0.036580 0.035850
81 0.704936 0.734930 0.038343 0.035850
126 0.469149 0.832646 0.041869 0.035850
84 0.545835 0.490324 0.043632 0.035850
2433 0.713089 0.143877 0.057294 0.035850
1309 0.248568 0.339943 0.057294 0.035850
70 0.794182 0.336929 0.020273 0.036168
717 0.316439 0.183693 0.061701 0.036168
121 0.705818 0.565038 0.026003 0.036802
3948 0.396210 0.442576 0.031732 0.036802
617 0.542750 0.555203 0.036580 0.036802
3051 0.465183 0.869607 0.038343 0.036802
1645 0.787131 0.451459 0.052005 0.036802
58 0.711767 0.221605 0.015866 0.037119
81 0.628250 0.608027 0.037461 0.037119
1367 0.174526 0.709232 0.044954 0.037119
981 0.624063 0.728585 0.072279 0.037119
3081 0.177832 0.865799 0.050683 0.037437
1831 0.040767 0.766180 0.028647 0.038071
58 0.464742 0.299334 0.017188 0.038388
1170 0.395989 0.518560 0.031291 0.038388
1579 0.246364 0.889118 0.048480 0.038388
1485 0.037461 0.322970 0.033495 0.038706
82 0.109299 0.484772 0.041428 0.038706
350 0.709784 0.331853 0.041869 0.038706
2179 0.781181 0.638642 0.073601 0.038706
3338 0.707140 0.637532 0.040106 0.039023
79 0.794403 0.375159 0.033054 0.039657
750 0.171221 0.820114 0.050683 0.039975
4064 0.789996 0.490006 0.047157 0.040292
1782 0.107316 0.446542 0.071838 0.040292
68 0.324592 0.561865 0.007492 0.040609
70 0.630895 0.147525 0.020714 0.040609
3993 0.710004 0.677189 0.030851 0.040926
4346 0.251653 0.147049 0.035258 0.040926
4235 0.469370 0.474461 0.044072 0.040926
4528 0.108418 0.586612 0.022918 0.041244
1584 0.175628 0.742386 0.028647 0.041244
4252 0.108638 0.663071 0.039224 0.041244
3792 0.248568 0.591688 0.059938 0.041244
1584 0.249449 0.405933 0.028206 0.041561
4429 0.384971 0.353902 0.036580 0.041561
1883 0.545394 0.260945 0.047157 0.041561
83 0.176069 0.392291 0.022477 0.042195
1480 0.040546 0.430679 0.031732 0.042195
1401 0.108859 0.144194 0.041428 0.042195
126 0.249449 0.188928 0.043191 0.042195
104 0.391803 0.794416 0.031732 0.042513
85 0.710225 0.401491 0.012781 0.042830
3808 0.033495 0.822176 0.042309 0.042830
333 0.546496 0.818687 0.046717 0.042830
316 0.042750 0.733661 0.052005 0.042830
1584 0.711767 0.292195 0.034376 0.043147
121 0.389599 0.656885 0.022036 0.043464
1584 0.039885 0.578204 0.023358 0.043464
68 0.631115 0.214150 0.006170 0.043782
68 0.628911 0.786485 0.007052 0.043782
60 0.788012 0.235723 0.032613 0.044416
3108 0.535919 0.670051 0.046717 0.044416
753 0.250551 0.757614 0.061260 0.044416
721 0.035478 0.700666 0.033936 0.044734
2795 0.544733 0.772684 0.043191 0.044734
3035 0.390701 0.401174 0.035699 0.045368
2560 0.176069 0.633090 0.053327 0.045368
126 0.110401 0.887056 0.048039 0.045685
721 0.246584 0.550603 0.042750 0.046003
2143 0.171221 0.442418 0.051565 0.046003
505 0.790877 0.695431 0.030410 0.046320
4435 0.462759 0.189086 0.033495 0.046320
1286 0.394006 0.564086 0.037021 0.046954
68 0.318863 0.761897 0.006611 0.047906
296 0.041428 0.883249 0.030851 0.048223
4747 0.787572 0.291720 0.045835 0.049175
1871 0.088145 0.777126 0.059938 0.049175
121 0.624284 0.633566 0.018951 0.049492
957 0.167254 0.530457 0.049802 0.050127
68 0.466946 0.737310 0.007492 0.050761
2191 0.795284 0.598668 0.041869 0.052030
4532 0.459674 0.786485 0.052005 0.053299
68 0.105553 0.396098 0.007492 0.054251
69 0.550463 0.209549 0.016747 0.054251
68 0.256941 0.481916 0.006170 0.055203
68 0.719260 0.882614 0.008814 0.055203
68 0.794623 0.184962 0.007933 0.055838
68 0.395549 0.274112 0.008374 0.056472
296 0.787131 0.883407 0.037902 0.062500
