246 0.786712 0.304006 0.060664 0.009553
499 0.906837 0.560247 0.071738 0.023421
278 0.903948 0.814792 0.067886 0.027735
335 0.904189 0.511710 0.066442 0.028659
1810 0.784304 0.761171 0.029851 0.029584
953 0.901541 0.662558 0.066923 0.030200
316 0.556572 0.608166 0.074145 0.030508
642 0.787193 0.257319 0.059701 0.031433
642 0.784064 0.665177 0.059220 0.032357
285 0.787675 0.717720 0.066442 0.032666
285 0.785989 0.565331 0.071738 0.034206
1800 0.784064 0.910940 0.064035 0.034515
632 0.786230 0.211556 0.073182 0.034823
2425 0.907800 0.259168 0.058257 0.035131
2597 0.784786 0.411248 0.050072 0.035439
913 0.668272 0.255778 0.061627 0.035747
253 0.663457 0.306934 0.063553 0.035747
1734 0.553442 0.714330 0.073664 0.036364
1782 0.785749 0.169954 0.067405 0.036672
370 0.662253 0.215871 0.071738 0.036672
2496 0.907318 0.613097 0.074627 0.036672
254 0.899856 0.308320 0.068368 0.037288
2909 0.551757 0.509707 0.065479 0.038213
2204 0.672845 0.463790 0.069812 0.038213
294 0.905633 0.169337 0.054887 0.039137
3438 0.663698 0.171649 0.067886 0.039445
2353 0.909003 0.214792 0.069331 0.039445
2246 0.789841 0.812481 0.070775 0.040370
1770 0.907559 0.361017 0.074145 0.040370
1557 0.789119 0.462558 0.075108 0.041294
2822 0.789360 0.513405 0.078479 0.041294
665 0.905152 0.466102 0.064516 0.041602
1297 0.786712 0.359784 0.063553 0.042219
4297 0.558257 0.560247 0.075590 0.042527
1879 0.779730 0.614946 0.047665 0.042835
4022 0.906355 0.410324 0.064035 0.043451
753 0.905633 0.766718 0.078960 0.043760
3038 0.666105 0.358860 0.067886 0.045917
2964 0.553924 0.460401 0.066923 0.046225
3749 0.553683 0.662866 0.072220 0.046225
350 0.903707 0.719723 0.077034 0.048382
2915 0.786952 0.864407 0.067886 0.048690
