52 0.304313 0.321278 0.057508 0.015691
57 0.103035 0.875431 0.038339 0.016456
72 0.574681 0.345197 0.042332 0.016839
56 0.185703 0.337352 0.026358 0.017222
57 0.091853 0.524110 0.035144 0.017987
60 0.517971 0.206468 0.039137 0.017987
60 0.128195 0.442212 0.040735 0.017987
72 0.084265 0.477421 0.045527 0.017987
64 0.155351 0.581707 0.029553 0.018370
64 0.502796 0.524302 0.032748 0.018370
72 0.243610 0.844049 0.051118 0.018752
57 0.551917 0.506889 0.038339 0.019518
52 0.317492 0.170494 0.074281 0.019518
55 0.093850 0.596250 0.059904 0.019900
72 0.470447 0.291427 0.057508 0.020283
66 0.521965 0.880788 0.035942 0.021049
57 0.476837 0.361462 0.038339 0.021049
57 0.189696 0.241294 0.047125 0.021049
72 0.097045 0.805779 0.051917 0.021049
52 0.702476 0.556257 0.056709 0.021049
110 0.548722 0.454267 0.038339 0.021431
643 0.632188 0.862227 0.042332 0.021431
72 0.452476 0.472828 0.050319 0.021814
64 0.244808 0.811902 0.031150 0.022579
91 0.503994 0.503827 0.044728 0.022579
60 0.541534 0.743781 0.047923 0.022579
52 0.722045 0.482778 0.057508 0.022579
57 0.427716 0.523536 0.032748 0.022962
118 0.528355 0.225985 0.023163 0.023345
127 0.581070 0.366437 0.061502 0.023345
85 0.221645 0.299847 0.032748 0.024110
82 0.311901 0.570991 0.061502 0.024493
189 0.059105 0.884233 0.015974 0.025641
53 0.184105 0.215653 0.021565 0.026406
119 0.132987 0.463261 0.021565 0.026406
58 0.517572 0.181975 0.038339 0.026406
65 0.714457 0.229430 0.043930 0.026406
76 0.109026 0.237849 0.053514 0.026406
72 0.704872 0.168963 0.066294 0.026406
4135 0.454073 0.915614 0.071086 0.026406
123 0.523163 0.855913 0.025559 0.027172
107 0.449681 0.586491 0.041534 0.027172
65 0.248003 0.592997 0.043930 0.027172
53 0.089058 0.500574 0.018371 0.027555
51 0.446086 0.558745 0.042332 0.027555
96 0.535543 0.904707 0.056709 0.027555
370 0.698083 0.324148 0.060703 0.027555
92 0.309105 0.258898 0.028754 0.027937
92 0.573882 0.555874 0.029553 0.027937
127 0.257588 0.867394 0.080671 0.027937
63 0.531150 0.807692 0.060703 0.028703
53 0.551518 0.479908 0.018371 0.029085
110 0.181709 0.187524 0.045527 0.029085
91 0.313498 0.502488 0.050319 0.029085
52 0.714856 0.716035 0.063898 0.029085
117 0.238019 0.777459 0.035144 0.029468
74 0.065895 0.325488 0.040735 0.029468
52 0.705671 0.197283 0.063099 0.029468
499 0.865415 0.436089 0.095048 0.029468
118 0.194089 0.362227 0.028754 0.030233
122 0.093051 0.627440 0.039137 0.030233
63 0.490016 0.244355 0.045527 0.030233
83 0.527157 0.623613 0.051118 0.030233
127 0.164137 0.606391 0.061502 0.030233
118 0.548323 0.773823 0.023163 0.030616
1296 0.614617 0.324914 0.040735 0.030616
91 0.324681 0.809797 0.040735 0.030616
107 0.170527 0.778224 0.053514 0.030999
978 0.626997 0.781286 0.057508 0.030999
87 0.321086 0.202258 0.060703 0.030999
84 0.112620 0.262725 0.054313 0.031764
68 0.066294 0.294489 0.054313 0.031764
978 0.155351 0.548603 0.061502 0.031764
90 0.323882 0.841370 0.061502 0.031764
119 0.170527 0.850746 0.023163 0.032147
92 0.163339 0.746269 0.034345 0.032147
58 0.529553 0.592040 0.038339 0.032147
92 0.334665 0.725411 0.028754 0.032530
1977 0.622204 0.822618 0.070288 0.033295
2689 0.862620 0.362993 0.089457 0.033295
77 0.714457 0.786835 0.048722 0.033678
53 0.224840 0.329315 0.019968 0.034060
111 0.308706 0.346537 0.043930 0.034060
61 0.161741 0.816877 0.053514 0.034060
4135 0.448083 0.620168 0.063898 0.034060
1977 0.597045 0.281477 0.075879 0.034060
53 0.455272 0.501148 0.015974 0.034826
74 0.060304 0.915232 0.043930 0.035591
107 0.859026 0.296403 0.048722 0.035591
70 0.310304 0.291427 0.053514 0.035591
248 0.857827 0.161309 0.099042 0.035591
58 0.721246 0.516839 0.035144 0.036357
68 0.087460 0.639878 0.083866 0.036739
119 0.712061 0.349598 0.026358 0.037122
87 0.717652 0.750096 0.056709 0.038270
70 0.860623 0.327019 0.077476 0.038653
53 0.474042 0.322809 0.016773 0.039418
978 0.596645 0.237658 0.070288 0.039801
285 0.861422 0.715270 0.099840 0.039801
111 0.703275 0.587256 0.043930 0.040184
3868 0.624201 0.543628 0.047125 0.040184
71 0.733626 0.451397 0.063099 0.040184
87 0.859824 0.256028 0.069489 0.041332
70 0.239617 0.561041 0.070288 0.041332
68 0.164936 0.371604 0.072684 0.041332
3500 0.716054 0.285687 0.050319 0.041715
95 0.311102 0.543628 0.066294 0.041715
70 0.325479 0.766743 0.064696 0.042480
53 0.098642 0.837543 0.019968 0.043245
58 0.236022 0.509950 0.043930 0.043245
79 0.586661 0.592614 0.048722 0.043245
4586 0.306310 0.455989 0.090256 0.045542
4371 0.624201 0.493111 0.047125 0.048603
1879 0.859824 0.210103 0.075879 0.048986
1879 0.860224 0.500000 0.076677 0.053961
1879 0.852636 0.779755 0.071086 0.056257
