128 0.681014 0.301688 0.016895 0.010357
246 0.868463 0.473725 0.095736 0.010740
113 0.608608 0.878980 0.065165 0.015727
81 0.660901 0.783084 0.053902 0.018028
128 0.557924 0.745685 0.018504 0.019946
57 0.557924 0.772152 0.034594 0.019946
64 0.609413 0.805715 0.034594 0.020330
60 0.265487 0.316072 0.028962 0.021481
52 0.223250 0.794208 0.055511 0.021864
88 0.614240 0.859417 0.053902 0.022631
127 0.323009 0.201573 0.068383 0.022631
297 0.875704 0.742424 0.100563 0.022631
91 0.469027 0.234944 0.048270 0.024166
90 0.719630 0.248178 0.049075 0.024549
66 0.546661 0.722862 0.037812 0.024933
60 0.614642 0.900460 0.028962 0.025700
72 0.083266 0.560222 0.071601 0.025700
118 0.191874 0.210779 0.021722 0.026467
189 0.664119 0.806099 0.023331 0.027234
111 0.724457 0.307825 0.041030 0.027234
115 0.462188 0.191216 0.055511 0.027234
58 0.672164 0.322209 0.031376 0.027618
127 0.616251 0.830073 0.077233 0.027618
127 0.714401 0.746260 0.077233 0.028769
104 0.722043 0.220560 0.042639 0.029152
120 0.247788 0.576333 0.032180 0.029536
64 0.318986 0.234561 0.034594 0.029536
85 0.721239 0.278673 0.026549 0.030303
122 0.238536 0.341005 0.050684 0.030687
118 0.331858 0.827963 0.032985 0.031070
92 0.150442 0.828347 0.038616 0.031837
76 0.666935 0.281358 0.048270 0.031837
98 0.257844 0.289030 0.057120 0.031837
115 0.316573 0.716724 0.066774 0.031837
59 0.094127 0.238205 0.054706 0.032221
110 0.245374 0.613732 0.057924 0.032221
59 0.224457 0.856924 0.057924 0.032221
68 0.160097 0.860184 0.022526 0.032605
76 0.159292 0.230725 0.035398 0.032605
84 0.319791 0.749329 0.058729 0.032605
127 0.094127 0.346183 0.077233 0.032605
57 0.716412 0.715190 0.097345 0.032605
189 0.456959 0.621979 0.032180 0.033372
127 0.084473 0.269659 0.061142 0.033755
66 0.591311 0.513809 0.045052 0.034139
109 0.505632 0.566360 0.061947 0.034139
95 0.174175 0.180092 0.071601 0.034139
58 0.316975 0.443997 0.048270 0.034906
978 0.475865 0.825278 0.055511 0.034906
58 0.504827 0.603759 0.041030 0.035290
95 0.703540 0.440736 0.082864 0.035290
58 0.698311 0.534906 0.045052 0.035673
87 0.084875 0.310894 0.055511 0.035673
1977 0.474256 0.870157 0.071601 0.035673
83 0.636766 0.344074 0.024940 0.036824
118 0.234513 0.822401 0.031376 0.036824
2685 0.467820 0.285002 0.055511 0.036824
119 0.589702 0.555236 0.048270 0.037208
62 0.164521 0.265631 0.050684 0.037208
67 0.322607 0.480437 0.061142 0.037208
127 0.080853 0.592443 0.071601 0.037975
642 0.868866 0.704833 0.086887 0.037975
51 0.317377 0.792482 0.057120 0.038358
51 0.318986 0.170119 0.053902 0.038742
76 0.217619 0.763138 0.060338 0.038742
642 0.865648 0.434024 0.086887 0.038742
642 0.858809 0.156310 0.082864 0.039509
4660 0.693886 0.165132 0.087691 0.039509
53 0.316975 0.268891 0.028962 0.039893
189 0.318182 0.518796 0.026549 0.040276
51 0.594932 0.475834 0.057120 0.041043
59 0.582864 0.262562 0.058729 0.041043
118 0.159694 0.896241 0.042639 0.041811
90 0.575623 0.216149 0.078037 0.041811
71 0.244972 0.539701 0.084473 0.042961
2489 0.862832 0.334676 0.097345 0.043345
3868 0.074014 0.834868 0.057924 0.044112
110 0.318986 0.874377 0.058729 0.044112
2484 0.155672 0.467012 0.061947 0.044112
1879 0.862832 0.514001 0.074819 0.049099
1879 0.867659 0.787879 0.082864 0.049099
1879 0.854385 0.207710 0.067578 0.050249
68 0.530571 0.792290 0.015286 0.054852
4371 0.070394 0.774262 0.045857 0.054852
69 0.727675 0.483506 0.029767 0.055619
1578 0.149236 0.531262 0.065165 0.059839
2438 0.859212 0.273686 0.090105 0.064825
