81 0.125980 0.871150 0.033595 0.013347
52 0.255599 0.782512 0.031915 0.014716
209 0.143057 0.418891 0.013998 0.015058
173 0.144737 0.401437 0.038634 0.015058
64 0.256439 0.800137 0.026876 0.015743
52 0.168253 0.679500 0.034155 0.016085
64 0.902016 0.278063 0.030235 0.016769
91 0.123460 0.851985 0.033035 0.016769
1002 0.150056 0.767796 0.033595 0.017454
81 0.169653 0.845483 0.039194 0.018138
52 0.901176 0.258898 0.031915 0.018823
113 0.447648 0.623717 0.039754 0.019507
81 0.350504 0.195585 0.052632 0.020192
64 0.360302 0.832820 0.038634 0.020876
81 0.166013 0.568275 0.037514 0.022245
52 0.247760 0.660335 0.054311 0.022245
98 0.491041 0.721766 0.041433 0.022587
52 0.448488 0.713723 0.035834 0.022930
95 0.492721 0.771561 0.036954 0.022930
92 0.691769 0.478268 0.048712 0.022930
76 0.255319 0.763518 0.024636 0.023272
82 0.474524 0.147159 0.071109 0.023272
85 0.169093 0.872519 0.019037 0.023614
98 0.167133 0.822895 0.036394 0.023614
128 0.904815 0.180014 0.024636 0.023956
76 0.898096 0.238535 0.030235 0.023956
91 0.359183 0.674538 0.054311 0.023956
66 0.491321 0.663758 0.031915 0.024983
4116 0.152576 0.782683 0.020717 0.025325
57 0.361982 0.601300 0.047592 0.025325
55 0.908735 0.661704 0.058231 0.025667
56 0.251960 0.688569 0.024636 0.026010
118 0.126540 0.570842 0.032475 0.026010
122 0.585106 0.865161 0.051512 0.026010
81 0.802072 0.832649 0.054311 0.026010
126 0.454367 0.686003 0.034155 0.026352
1579 0.168813 0.702088 0.037514 0.026352
98 0.448488 0.736995 0.042553 0.026352
101 0.589866 0.755818 0.062150 0.026352
113 0.247480 0.518994 0.064950 0.026352
64 0.586506 0.729295 0.036394 0.026694
193 0.454087 0.873717 0.041433 0.026694
128 0.466965 0.172998 0.025756 0.027036
119 0.911254 0.834531 0.028555 0.027036
120 0.250840 0.864134 0.023516 0.027379
95 0.122900 0.660507 0.031915 0.027379
110 0.249440 0.240246 0.044233 0.027379
52 0.138858 0.228268 0.050392 0.027379
123 0.122900 0.604209 0.019597 0.027721
78 0.809351 0.763347 0.044233 0.027721
120 0.494401 0.746407 0.020157 0.028063
56 0.249160 0.546201 0.027996 0.028063
111 0.166013 0.626283 0.028555 0.028063
58 0.122900 0.825804 0.030795 0.028063
66 0.907895 0.731691 0.038634 0.028063
67 0.580907 0.323409 0.053191 0.028063
127 0.470605 0.400411 0.057671 0.028063
118 0.120101 0.632615 0.017357 0.028405
87 0.165733 0.656229 0.031355 0.028405
101 0.897536 0.206537 0.069429 0.028405
66 0.803191 0.611910 0.037514 0.028747
185 0.597984 0.509411 0.044793 0.029090
88 0.354423 0.226728 0.060470 0.029090
64 0.359462 0.443190 0.041433 0.029432
64 0.899496 0.152977 0.043113 0.029432
84 0.171333 0.735284 0.038074 0.029774
81 0.248040 0.484771 0.053751 0.029774
85 0.802912 0.869952 0.026876 0.030116
127 0.903415 0.374401 0.047592 0.030116
1406 0.905095 0.310404 0.055431 0.030116
55 0.464726 0.248802 0.057111 0.030116
55 0.679451 0.151951 0.063270 0.030116
62 0.467525 0.371150 0.033595 0.030459
60 0.689250 0.506331 0.048152 0.030459
65 0.366181 0.707563 0.051512 0.030459
55 0.699888 0.823238 0.063830 0.030459
68 0.451848 0.598563 0.010078 0.030801
166 0.497480 0.595825 0.017357 0.030801
55 0.802912 0.490075 0.057111 0.030801
85 0.491601 0.693190 0.019037 0.031143
166 0.172452 0.534394 0.020157 0.031143
81 0.689530 0.402977 0.050952 0.031143
113 0.468645 0.475188 0.060470 0.031143
110 0.902576 0.344969 0.041433 0.031485
132 0.152576 0.369097 0.027436 0.031828
123 0.493841 0.633128 0.020157 0.032170
134 0.486842 0.852498 0.026316 0.032170
120 0.802632 0.642368 0.028555 0.032170
118 0.256439 0.717659 0.044793 0.032170
66 0.902296 0.452259 0.035274 0.032512
66 0.690649 0.575804 0.043113 0.032512
2151 0.250280 0.404004 0.057111 0.032512
82 0.142217 0.255133 0.060470 0.032512
547 0.810190 0.525154 0.061590 0.032512
99 0.905655 0.804757 0.065510 0.032512
58 0.164334 0.595825 0.030795 0.032854
74 0.122900 0.536790 0.024076 0.033196
53 0.701008 0.859856 0.026876 0.033196
65 0.582307 0.285250 0.049272 0.033196
104 0.137738 0.156571 0.060470 0.033196
76 0.687290 0.539357 0.041993 0.033539
84 0.910414 0.866872 0.050392 0.033539
72 0.683931 0.268480 0.045353 0.033881
67 0.797032 0.193874 0.050952 0.033881
72 0.692329 0.709274 0.053191 0.033881
83 0.688130 0.443190 0.031355 0.034223
127 0.699888 0.743326 0.058231 0.034223
117 0.802632 0.802361 0.020717 0.034565
120 0.126260 0.730151 0.025196 0.034565
53 0.468365 0.508042 0.028555 0.034565
70 0.125420 0.696099 0.027996 0.034908
87 0.244961 0.832991 0.045353 0.034908
84 0.691769 0.781999 0.046473 0.034908
68 0.369261 0.860883 0.016237 0.035250
68 0.679451 0.188398 0.054311 0.035250
95 0.907335 0.699179 0.049832 0.035592
87 0.143337 0.330253 0.051512 0.035592
118 0.360022 0.355407 0.026876 0.035934
1116 0.467525 0.809548 0.038074 0.035934
92 0.243841 0.159993 0.053191 0.035934
121 0.447088 0.649555 0.029675 0.036277
683 0.588466 0.596167 0.059351 0.036277
119 0.694289 0.610370 0.031355 0.036619
76 0.245801 0.282170 0.045913 0.036619
64 0.358623 0.637235 0.052072 0.036961
119 0.904255 0.487166 0.029115 0.037988
127 0.359462 0.526181 0.062710 0.037988
58 0.463326 0.288159 0.043113 0.038330
66 0.245521 0.365332 0.039754 0.038672
118 0.808791 0.722621 0.039754 0.038672
118 0.571669 0.157598 0.040314 0.038672
77 0.472564 0.553217 0.047032 0.038672
122 0.360862 0.743155 0.056551 0.038672
134 0.569709 0.551677 0.027436 0.039014
86 0.146417 0.192676 0.039754 0.039014
72 0.576428 0.831964 0.050952 0.039014
65 0.791153 0.157255 0.050392 0.039357
68 0.909015 0.764203 0.013998 0.039699
68 0.904255 0.578371 0.014558 0.039699
107 0.247760 0.587269 0.031915 0.039699
51 0.585106 0.635866 0.049272 0.039699
121 0.139418 0.288843 0.054871 0.039699
47 0.149216 0.446099 0.029675 0.040041
1214 0.468365 0.331451 0.059910 0.040041
87 0.803191 0.683094 0.054311 0.040383
69 0.354423 0.159651 0.057111 0.041410
68 0.247480 0.627139 0.026876 0.042094
59 0.474524 0.438569 0.052072 0.042094
108 0.573348 0.198323 0.027996 0.042779
60 0.353583 0.400240 0.031915 0.042779
69 0.255599 0.199521 0.021837 0.043121
118 0.687290 0.227584 0.031915 0.043121
68 0.351624 0.269678 0.057111 0.043121
126 0.466125 0.208590 0.057671 0.043463
47 0.148936 0.484600 0.032475 0.043806
91 0.244121 0.322553 0.045913 0.044148
119 0.796753 0.233060 0.029115 0.044490
87 0.357223 0.486653 0.045913 0.044490
72 0.248040 0.447639 0.050392 0.044490
77 0.358903 0.566051 0.052632 0.044490
485 0.906775 0.621834 0.055431 0.044490
93 0.355263 0.314168 0.040873 0.045175
84 0.571669 0.242300 0.043673 0.045175
87 0.688690 0.310404 0.045913 0.045175
107 0.901176 0.537988 0.030795 0.045859
87 0.903415 0.412731 0.039754 0.045859
119 0.579227 0.361225 0.029675 0.047570
58 0.582587 0.789357 0.044233 0.048255
107 0.799552 0.282683 0.034714 0.048597
70 0.362822 0.792950 0.038074 0.048597
107 0.580907 0.413929 0.039754 0.048939
70 0.797592 0.331109 0.043113 0.048939
87 0.804311 0.568617 0.047592 0.050308
107 0.694289 0.663929 0.035834 0.050650
70 0.583987 0.466461 0.044793 0.050650
70 0.686170 0.360370 0.037514 0.054073
1316 0.802632 0.385010 0.057671 0.054757
70 0.585666 0.683265 0.039194 0.055099
47 0.798152 0.438912 0.040873 0.055784
