246 0.657086 0.798221 0.034688 0.003433
246 0.867195 0.894507 0.053518 0.005618
246 0.868682 0.645599 0.058474 0.007179
169 0.421705 0.428059 0.036670 0.010924
205 0.428147 0.413077 0.041625 0.012172
52 0.621903 0.897160 0.031715 0.012797
62 0.623885 0.906991 0.020813 0.013109
203 0.544846 0.325062 0.038157 0.014045
56 0.540139 0.201155 0.018831 0.014669
162 0.867195 0.911673 0.034688 0.014981
127 0.624628 0.918227 0.041130 0.014981
91 0.539148 0.168383 0.026759 0.015918
162 0.872398 0.734863 0.033201 0.015918
98 0.661794 0.916823 0.039148 0.015918
91 0.620664 0.822722 0.029237 0.016230
64 0.620416 0.863296 0.022795 0.016854
128 0.402626 0.836454 0.024281 0.016854
91 0.500248 0.117041 0.025273 0.017478
92 0.869673 0.593321 0.045590 0.017478
92 0.050545 0.677122 0.049554 0.017790
123 0.622398 0.880462 0.021804 0.018102
98 0.502725 0.200999 0.037166 0.018102
101 0.757433 0.508895 0.059960 0.018414
92 0.639495 0.652310 0.046085 0.018727
92 0.642220 0.494694 0.046581 0.018727
1435 0.657830 0.902154 0.035183 0.019039
92 0.755203 0.424313 0.050545 0.019039
91 0.639990 0.300250 0.034192 0.019351
1415 0.621655 0.840512 0.041130 0.019351
55 0.538652 0.151841 0.033697 0.019663
55 0.619177 0.778870 0.034192 0.019663
91 0.867691 0.226904 0.034688 0.019975
120 0.868434 0.532928 0.026264 0.020287
60 0.526511 0.894351 0.028246 0.020287
57 0.294103 0.270131 0.036174 0.020287
88 0.869673 0.667291 0.047572 0.020599
88 0.163776 0.346754 0.050050 0.020599
88 0.165510 0.196941 0.051536 0.020599
88 0.537166 0.112828 0.032706 0.020911
57 0.761397 0.248439 0.035183 0.021223
65 0.413528 0.230337 0.044103 0.021223
134 0.540387 0.305087 0.022299 0.021536
81 0.175173 0.809457 0.032210 0.021536
82 0.542616 0.183677 0.036670 0.021536
91 0.868186 0.477060 0.041625 0.021536
101 0.753964 0.309145 0.065907 0.021536
83 0.538652 0.132959 0.025768 0.021848
52 0.048563 0.593945 0.044599 0.021848
81 0.287909 0.588951 0.045590 0.021848
101 0.639742 0.754213 0.060456 0.022160
98 0.047820 0.615325 0.068880 0.022160
57 0.644698 0.208333 0.034688 0.022784
2151 0.655104 0.781367 0.036670 0.022784
84 0.755699 0.834114 0.053518 0.022784
113 0.756442 0.356117 0.049058 0.023096
113 0.865709 0.299625 0.050545 0.023096
118 0.539148 0.221130 0.023786 0.023408
113 0.638503 0.370943 0.060951 0.023408
119 0.505203 0.275593 0.018335 0.023720
171 0.538900 0.418851 0.029237 0.023720
57 0.527007 0.787141 0.034192 0.023720
185 0.420714 0.394819 0.034688 0.023720
57 0.166254 0.114856 0.040139 0.023720
60 0.398167 0.645131 0.045094 0.023720
88 0.289891 0.685393 0.048563 0.023720
101 0.050545 0.216604 0.064420 0.023720
56 0.290139 0.747659 0.021308 0.024032
148 0.546333 0.345037 0.038157 0.024032
57 0.293112 0.447409 0.040139 0.024032
83 0.749504 0.726436 0.047076 0.024032
101 0.403865 0.555712 0.066402 0.024032
76 0.758176 0.555868 0.037661 0.024345
57 0.646184 0.345818 0.039643 0.024345
83 0.862983 0.812110 0.041130 0.024345
84 0.642468 0.556180 0.053023 0.024345
55 0.870416 0.204744 0.056987 0.024345
111 0.529732 0.914326 0.036670 0.024657
68 0.754212 0.375780 0.019822 0.024969
1457 0.543855 0.247503 0.039148 0.024969
84 0.053766 0.158240 0.050050 0.024969
113 0.619673 0.800406 0.030228 0.025281
83 0.404609 0.857054 0.042121 0.025593
88 0.406095 0.782459 0.051041 0.025593
121 0.867195 0.149813 0.059465 0.025593
1083 0.662537 0.850031 0.031715 0.025905
76 0.517096 0.505150 0.033201 0.025905
111 0.755451 0.858770 0.034192 0.025905
55 0.643459 0.277622 0.057978 0.025905
126 0.504212 0.174782 0.027255 0.026217
76 0.755451 0.176654 0.037166 0.026217
83 0.174430 0.907615 0.045590 0.026217
119 0.049058 0.447097 0.026759 0.026529
111 0.405352 0.202403 0.032706 0.026529
57 0.870664 0.272004 0.036670 0.026529
84 0.403617 0.750468 0.049058 0.026529
76 0.638999 0.181648 0.039148 0.026841
81 0.640486 0.154806 0.044103 0.026841
56 0.520317 0.616261 0.024777 0.027154
83 0.161794 0.446473 0.049058 0.027154
67 0.411051 0.256710 0.051041 0.027154
72 0.283201 0.151529 0.052032 0.027154
58 0.867939 0.452403 0.052032 0.027154
72 0.398414 0.338171 0.054509 0.027154
106 0.871655 0.759519 0.054509 0.027154
81 0.169475 0.509051 0.045590 0.027466
86 0.526264 0.445693 0.047572 0.027466
56 0.519326 0.708489 0.055500 0.027466
53 0.523290 0.765137 0.017839 0.027778
60 0.507681 0.222066 0.022299 0.027778
84 0.289148 0.385924 0.047076 0.027778
121 0.056987 0.767322 0.076313 0.027778
107 0.756194 0.584270 0.035679 0.028090
121 0.058722 0.870162 0.072844 0.028090
60 0.053023 0.397160 0.022795 0.028402
119 0.410803 0.911205 0.026759 0.028402
111 0.519574 0.363764 0.029237 0.028402
1810 0.164272 0.290730 0.031219 0.028402
91 0.166997 0.609395 0.045590 0.028402
706 0.525520 0.818664 0.057978 0.028714
68 0.875372 0.247659 0.018335 0.029026
126 0.660059 0.876248 0.030723 0.029026
1505 0.543855 0.275437 0.032210 0.029026
86 0.868186 0.176186 0.036670 0.029026
87 0.868434 0.352528 0.043112 0.029026
121 0.296829 0.808521 0.058474 0.029026
75 0.062934 0.842853 0.064420 0.029026
3754 0.659068 0.818664 0.030723 0.029338
111 0.643211 0.581461 0.035679 0.029338
126 0.869177 0.868914 0.035679 0.029338
87 0.161298 0.375156 0.042121 0.029338
63 0.763132 0.149189 0.058474 0.029338
249 0.868186 0.620787 0.058474 0.029338
118 0.525273 0.736111 0.031715 0.029650
113 0.520317 0.589732 0.051536 0.029650
79 0.051041 0.420568 0.054509 0.029650
127 0.293360 0.178371 0.059465 0.029650
2751 0.749257 0.449594 0.063429 0.029650
119 0.406343 0.282459 0.023786 0.029963
119 0.162042 0.259363 0.024777 0.029963
60 0.181120 0.743758 0.027255 0.029963
127 0.404361 0.145131 0.055500 0.029963
55 0.522299 0.561174 0.062438 0.029963
110 0.502973 0.249532 0.026759 0.030275
51 0.757929 0.528246 0.049058 0.030275
55 0.405352 0.453964 0.052527 0.030275
254 0.048067 0.292603 0.061447 0.030275
121 0.295590 0.244226 0.062934 0.030275
68 0.647919 0.319288 0.016353 0.030587
85 0.049306 0.563358 0.027255 0.030587
87 0.406343 0.883271 0.042616 0.030587
87 0.642716 0.424157 0.045590 0.030587
55 0.289395 0.300250 0.054509 0.030587
898 0.752725 0.481586 0.070367 0.030587
119 0.165015 0.403714 0.025768 0.030899
111 0.522052 0.531367 0.034192 0.030899
87 0.400644 0.117197 0.039148 0.030899
60 0.755699 0.329432 0.040634 0.030899
75 0.059713 0.740793 0.047076 0.030899
83 0.171457 0.834270 0.045590 0.031211
2237 0.642220 0.682896 0.064420 0.031211
53 0.641229 0.396536 0.024777 0.031523
66 0.052775 0.189451 0.032210 0.031835
53 0.868434 0.325375 0.020317 0.032147
62 0.861497 0.122191 0.028246 0.032147
85 0.406343 0.173377 0.030723 0.032147
107 0.403865 0.310393 0.031715 0.032147
60 0.870416 0.786049 0.033201 0.032147
60 0.404609 0.810705 0.046085 0.032147
127 0.412785 0.365325 0.076313 0.032147
47 0.384539 0.419164 0.020813 0.032459
51 0.867939 0.424782 0.047076 0.032459
60 0.749504 0.399032 0.029237 0.032772
85 0.752478 0.119382 0.033201 0.032772
85 0.165263 0.480181 0.037166 0.032772
85 0.286174 0.562422 0.038157 0.033084
87 0.514123 0.475499 0.043112 0.033396
366 0.864965 0.839419 0.058969 0.033396
316 0.051536 0.544788 0.068385 0.033396
330 0.752973 0.692884 0.055005 0.033708
2820 0.291625 0.908552 0.068880 0.033708
2159 0.642220 0.523252 0.068385 0.034020
2159 0.752230 0.758583 0.069376 0.034020
70 0.292369 0.874220 0.032706 0.034332
107 0.403617 0.613608 0.034192 0.034332
107 0.046085 0.474719 0.037661 0.034332
107 0.166006 0.574126 0.037661 0.034644
70 0.867195 0.507335 0.039643 0.034644
107 0.286422 0.654650 0.033697 0.035268
68 0.287166 0.718945 0.051041 0.035268
118 0.399653 0.672909 0.031219 0.035581
51 0.292369 0.213795 0.043608 0.035581
54 0.406591 0.485643 0.057978 0.035581
122 0.173191 0.781991 0.039148 0.035893
366 0.044846 0.711454 0.070862 0.035893
691 0.055253 0.906055 0.071853 0.036205
53 0.519078 0.394039 0.022299 0.036517
107 0.521308 0.642790 0.033697 0.036517
126 0.171705 0.684613 0.055996 0.036517
2820 0.285927 0.419632 0.065411 0.036517
118 0.292864 0.775281 0.019822 0.036829
107 0.288404 0.836923 0.033697 0.037141
68 0.758176 0.896223 0.050545 0.037141
1587 0.755451 0.656211 0.052032 0.037141
254 0.286918 0.482366 0.057483 0.037141
126 0.752725 0.616573 0.045590 0.037765
725 0.164272 0.316948 0.056987 0.037765
107 0.640238 0.123908 0.032706 0.038077
107 0.287661 0.120787 0.036174 0.038077
87 0.159564 0.226280 0.037661 0.038077
90 0.637017 0.725343 0.059960 0.038077
1795 0.049802 0.328027 0.053023 0.038702
90 0.402626 0.525593 0.056987 0.038702
70 0.049802 0.509207 0.035183 0.039014
2489 0.864222 0.386860 0.067393 0.039014
1480 0.499009 0.142634 0.037661 0.039326
90 0.751239 0.278402 0.057483 0.039950
3231 0.638751 0.243134 0.059465 0.039950
68 0.524529 0.678839 0.013380 0.040574
1795 0.289891 0.520287 0.049554 0.040574
4455 0.868930 0.701779 0.081764 0.040886
81 0.172200 0.717853 0.055005 0.041199
981 0.051041 0.122971 0.056492 0.041199
68 0.050793 0.365481 0.050050 0.041823
3175 0.865956 0.562734 0.061943 0.042447
3136 0.178642 0.869226 0.057978 0.043071
3175 0.400892 0.713639 0.063429 0.043383
3175 0.047076 0.647160 0.066402 0.044007
3747 0.053023 0.804307 0.048563 0.044320
68 0.164519 0.407772 0.056492 0.044632
296 0.761893 0.214576 0.034192 0.045256
3175 0.638008 0.463639 0.057978 0.045256
87 0.400149 0.578340 0.044103 0.045568
1505 0.523290 0.858926 0.050545 0.046192
84 0.762141 0.799313 0.050545 0.046816
577 0.172448 0.645131 0.058474 0.047441
3741 0.636274 0.614700 0.072349 0.051498
3481 0.287661 0.341136 0.058969 0.056180
3481 0.164519 0.155899 0.057483 0.057740
1286 0.049058 0.246723 0.069376 0.058365
