1406 0.583240 0.609677 0.050652 0.044169
58 0.810242 0.911414 0.032402 0.045161
128 0.595158 0.168983 0.016387 0.047146
1406 0.694413 0.098511 0.056983 0.051117
52 0.367412 0.448387 0.070391 0.051117
83 0.693669 0.244169 0.019739 0.051613
169 0.354749 0.671712 0.024209 0.057072
76 0.686778 0.307692 0.038734 0.063524
1406 0.785661 0.493797 0.051769 0.067494
66 0.435568 0.480893 0.036872 0.069479
118 0.790875 0.223573 0.023464 0.069975
4079 0.595345 0.749628 0.062942 0.070968
87 0.801490 0.853598 0.040223 0.071464
1406 0.462384 0.350868 0.062942 0.073449
118 0.417691 0.700496 0.021229 0.074938
118 0.367039 0.508933 0.018250 0.075931
107 0.363687 0.352109 0.029423 0.077916
1693 0.586034 0.679901 0.089013 0.083375
2542 0.794227 0.301985 0.061453 0.084864
121 0.419181 0.779156 0.063687 0.085360
330 0.333520 0.750124 0.056238 0.087841
2151 0.568529 0.875186 0.063687 0.088834
70 0.367039 0.600496 0.049534 0.089330
2682 0.602607 0.103722 0.052142 0.089330
110 0.689944 0.171216 0.048045 0.093300
87 0.674674 0.697519 0.055493 0.097767
66 0.584171 0.247891 0.029423 0.098759
495 0.367225 0.246402 0.081937 0.098759
1406 0.487523 0.113400 0.055121 0.100744
2598 0.688454 0.528040 0.031657 0.103226
1160 0.787151 0.572953 0.091993 0.106700
91 0.794972 0.407940 0.084544 0.117122
51 0.801490 0.126303 0.084916 0.126551
66 0.688082 0.403474 0.036872 0.129032
107 0.582682 0.366253 0.025698 0.136973
1473 0.358101 0.126799 0.102421 0.141439
72 0.420857 0.590074 0.043203 0.144913
1297 0.474115 0.242432 0.029795 0.146402
2412 0.567039 0.509429 0.127002 0.148387
60 0.676350 0.831514 0.029795 0.180149
1894 0.792737 0.727792 0.070391 0.198015
