91 0.185243 0.314420 0.026736 0.014068
119 0.521007 0.541735 0.006597 0.014302
91 0.492361 0.699297 0.026389 0.015240
91 0.414757 0.405041 0.026042 0.016178
4286 0.664410 0.518757 0.023958 0.017116
91 0.564410 0.312075 0.028125 0.017819
126 0.107986 0.317468 0.031944 0.017819
4286 0.510243 0.526260 0.023264 0.018054
91 0.340451 0.537749 0.028819 0.019461
88 0.261979 0.390739 0.032986 0.019930
1810 0.718924 0.281946 0.021875 0.020399
2543 0.490799 0.437749 0.036458 0.020633
119 0.643924 0.413013 0.023264 0.021336
1298 0.575868 0.392380 0.023264 0.021805
370 0.113715 0.341032 0.039236 0.022274
1022 0.643750 0.384642 0.040278 0.022274
83 0.107639 0.394021 0.026389 0.022743
120 0.264062 0.449824 0.032986 0.023212
769 0.569792 0.484525 0.034722 0.023212
91 0.339757 0.381008 0.037153 0.023447
252 0.865278 0.364596 0.038889 0.023447
91 0.492882 0.461782 0.036458 0.023681
978 0.493576 0.410199 0.037847 0.023681
278 0.643403 0.698828 0.040278 0.023681
119 0.111806 0.366823 0.018056 0.024150
721 0.490451 0.677257 0.034375 0.024150
1417 0.339583 0.355100 0.037500 0.024150
1022 0.718403 0.385111 0.041667 0.024150
720 0.337500 0.280774 0.033333 0.024619
2083 0.340625 0.513365 0.034722 0.024619
119 0.721007 0.414654 0.020486 0.025088
720 0.262153 0.280539 0.031944 0.025088
2083 0.187674 0.402931 0.033681 0.025088
979 0.492535 0.282649 0.042708 0.025088
1193 0.493924 0.587573 0.027431 0.025322
91 0.186632 0.430715 0.032292 0.025322
91 0.642014 0.444080 0.033333 0.025322
2193 0.264062 0.360610 0.039931 0.025322
91 0.722569 0.443376 0.045833 0.025322
2036 0.185243 0.370809 0.033681 0.025557
2844 0.182812 0.337515 0.034375 0.025557
2897 0.491146 0.315006 0.035764 0.025557
2621 0.491146 0.648652 0.035764 0.025557
3924 0.642708 0.672098 0.040278 0.025557
2083 0.413368 0.381360 0.038542 0.026026
1774 0.569097 0.454513 0.045833 0.026026
2707 0.794792 0.369519 0.027778 0.026260
1298 0.351736 0.452286 0.027778 0.026260
721 0.563542 0.366940 0.033333 0.026260
3562 0.565451 0.282649 0.035764 0.026495
3562 0.569618 0.423095 0.036458 0.026495
2621 0.565104 0.336811 0.039236 0.026495
120 0.112847 0.484525 0.031944 0.026964
3562 0.646354 0.356038 0.034375 0.026964
3735 0.416146 0.350059 0.035764 0.027198
4070 0.413715 0.317702 0.038542 0.027198
2354 0.262326 0.419578 0.030903 0.027433
3942 0.493576 0.617233 0.033681 0.027433
2694 0.112674 0.425205 0.035764 0.027433
2045 0.641840 0.577608 0.037153 0.027433
4213 0.794097 0.414185 0.048611 0.027433
120 0.570486 0.539625 0.030556 0.027902
1207 0.640451 0.641618 0.035764 0.027902
2621 0.488021 0.381829 0.037153 0.027902
51 0.568576 0.512075 0.025347 0.028136
3749 0.642882 0.730598 0.035069 0.028136
1836 0.642188 0.545135 0.042708 0.028136
51 0.112847 0.456624 0.026389 0.028370
1267 0.865625 0.409027 0.037500 0.028370
268 0.642535 0.282649 0.038542 0.028839
2230 0.644444 0.609965 0.041667 0.028839
3896 0.340278 0.484174 0.036111 0.029074
1894 0.723437 0.318171 0.055208 0.029074
3562 0.416840 0.285463 0.035764 0.029308
3562 0.493750 0.557913 0.037500 0.029308
2824 0.866493 0.284525 0.044097 0.029308
4213 0.864410 0.326260 0.044792 0.029777
1138 0.264236 0.325557 0.043056 0.030715
1986 0.184549 0.283939 0.035764 0.031887
4359 0.489236 0.348183 0.037500 0.031887
2179 0.337326 0.322509 0.043403 0.032122
296 0.261979 0.484642 0.021875 0.032825
3417 0.641840 0.318757 0.039931 0.033060
1986 0.105729 0.283353 0.037153 0.033529
3562 0.720486 0.354396 0.040278 0.033998
3562 0.864062 0.241852 0.039236 0.034936
4460 0.864410 0.197773 0.046181 0.038687
296 0.494271 0.496249 0.030208 0.041970
296 0.340451 0.415944 0.027431 0.042204
296 0.492882 0.729777 0.023958 0.043376
296 0.722569 0.484760 0.030556 0.046190
296 0.646701 0.483587 0.031597 0.046190
296 0.415625 0.441149 0.027778 0.048066
296 0.114236 0.525557 0.031944 0.050879
296 0.339757 0.577843 0.024653 0.053693
296 0.568403 0.579484 0.020833 0.055100
296 0.190451 0.475264 0.025347 0.057210
