1415 0.682311 0.605372 0.060209 0.014827
1214 0.348355 0.223748 0.051982 0.021147
335 0.351346 0.747812 0.056470 0.021633
335 0.570120 0.505591 0.054974 0.023335
335 0.568624 0.797035 0.057218 0.023335
335 0.458489 0.273700 0.058340 0.023335
335 0.793568 0.609140 0.058340 0.023335
335 0.792072 0.901070 0.059835 0.023335
495 0.244390 0.365946 0.067689 0.024550
2590 0.791137 0.228367 0.044503 0.025523
1002 0.457741 0.744895 0.062827 0.027467
278 0.355834 0.602698 0.057218 0.027953
307 0.238220 0.842732 0.047868 0.028196
1447 0.683620 0.556636 0.056844 0.028196
307 0.239529 0.651556 0.051982 0.029412
278 0.683433 0.799587 0.053478 0.029412
3211 0.352842 0.798128 0.060209 0.029412
885 0.238968 0.791687 0.061331 0.030141
278 0.795625 0.704545 0.057966 0.030870
278 0.681376 0.227637 0.064323 0.030870
278 0.794503 0.275036 0.066193 0.030870
596 0.455684 0.414925 0.044503 0.031113
863 0.681189 0.461959 0.043755 0.031356
885 0.352842 0.647667 0.066193 0.031356
881 0.127711 0.168328 0.051234 0.031842
1447 0.679693 0.369349 0.063949 0.031842
3948 0.570307 0.749271 0.058340 0.032815
2423 0.685677 0.509358 0.062453 0.032815
716 0.354151 0.698955 0.065819 0.032815
3948 0.570494 0.461473 0.069933 0.032815
3950 0.897906 0.171001 0.070307 0.033301
4108 0.242708 0.600267 0.050860 0.033787
2163 0.459424 0.699441 0.060957 0.033787
2471 0.578908 0.604886 0.062827 0.033787
2177 0.568624 0.654229 0.066941 0.033787
1762 0.684555 0.652771 0.067689 0.033787
1932 0.352842 0.270418 0.071429 0.033787
404 0.571616 0.700535 0.061705 0.034030
338 0.566193 0.420029 0.067315 0.034030
1761 0.793007 0.321342 0.069933 0.034030
1083 0.457928 0.169786 0.054974 0.034273
2190 0.241960 0.748055 0.049364 0.034759
887 0.680067 0.170758 0.060209 0.034759
3809 0.563014 0.226422 0.068437 0.034759
567 0.676889 0.702601 0.062827 0.035246
2048 0.683059 0.897788 0.066193 0.035246
675 0.339753 0.413588 0.066941 0.035732
2190 0.465034 0.322071 0.051234 0.035975
2190 0.798616 0.420272 0.054974 0.035975
692 0.462603 0.459893 0.055348 0.035975
903 0.791511 0.508751 0.061705 0.035975
2599 0.459798 0.553354 0.040015 0.036218
4698 0.353590 0.553841 0.040763 0.036218
3177 0.680628 0.277710 0.052356 0.036218
2425 0.239342 0.506198 0.056844 0.036218
2021 0.239342 0.459528 0.059835 0.036704
1986 0.569372 0.321706 0.062453 0.036704
322 0.126776 0.319276 0.065819 0.036704
3242 0.459050 0.798371 0.066193 0.036704
1799 0.126215 0.272970 0.055722 0.036947
567 0.787023 0.751702 0.063201 0.037676
4297 0.464660 0.368012 0.056470 0.037919
1766 0.232797 0.697132 0.063949 0.037919
1831 0.462977 0.224477 0.065819 0.038162
2423 0.679319 0.322436 0.066193 0.038162
1396 0.239716 0.554570 0.068811 0.038162
2190 0.678384 0.749271 0.068811 0.038649
2287 0.353590 0.507535 0.052730 0.038892
3199 0.462603 0.895722 0.061331 0.038892
376 0.563949 0.368984 0.074794 0.038892
2591 0.681563 0.843340 0.056470 0.039135
3464 0.128459 0.222047 0.057218 0.039135
1193 0.790950 0.655445 0.068811 0.039135
303 0.792820 0.850389 0.053852 0.039621
4298 0.354338 0.460744 0.057218 0.039621
612 0.458489 0.602212 0.070307 0.039621
2412 0.234667 0.225207 0.059461 0.040593
1866 0.236163 0.893656 0.061705 0.040593
2777 0.346672 0.842124 0.062827 0.040593
3562 0.460546 0.843826 0.054226 0.041079
3888 0.235415 0.413345 0.060957 0.041079
4120 0.792820 0.560160 0.065819 0.041079
3924 0.241025 0.313928 0.069933 0.041079
2591 0.676889 0.414560 0.065819 0.042538
3514 0.350972 0.319883 0.068437 0.043753
3199 0.459985 0.505591 0.068811 0.043753
2612 0.568624 0.842611 0.039267 0.044482
1018 0.566193 0.895114 0.059835 0.044482
973 0.346859 0.893413 0.041511 0.044968
619 0.557405 0.174161 0.080404 0.044968
3353 0.344802 0.172703 0.065819 0.045455
908 0.792633 0.368619 0.069933 0.045455
485 0.791137 0.176349 0.063201 0.045941
2218 0.354338 0.364973 0.056470 0.046427
1174 0.232797 0.173311 0.062453 0.046670
296 0.568624 0.552139 0.043007 0.046913
2953 0.791137 0.461959 0.068437 0.047399
4030 0.570681 0.274429 0.067315 0.047642
1260 0.237285 0.269203 0.051982 0.047885
4030 0.456432 0.651313 0.066193 0.050802
2706 0.789080 0.797885 0.065819 0.054691
