246 0.817041 0.698583 0.043269 0.004148
246 0.816506 0.399240 0.038996 0.005531
101 0.583333 0.621500 0.040598 0.009679
92 0.029915 0.641030 0.017094 0.010024
62 0.821848 0.882993 0.018697 0.010716
92 0.816774 0.445731 0.024573 0.011407
92 0.577724 0.424646 0.028312 0.011407
93 0.826923 0.910992 0.039530 0.011407
92 0.819177 0.746630 0.022970 0.011753
91 0.342949 0.857414 0.026709 0.012098
418 0.036058 0.910128 0.018697 0.012444
92 0.259615 0.270653 0.024573 0.012444
81 0.814370 0.327169 0.040064 0.012789
92 0.495994 0.117352 0.025107 0.013481
101 0.496528 0.288801 0.050748 0.013481
57 0.034188 0.234704 0.016026 0.013826
547 0.038729 0.892153 0.029380 0.013826
92 0.265759 0.753889 0.031517 0.013826
81 0.099359 0.192879 0.035256 0.013826
93 0.669071 0.533011 0.042201 0.013826
88 0.028579 0.522122 0.012286 0.014172
56 0.736111 0.342897 0.016026 0.014518
698 0.737179 0.116834 0.026709 0.014518
92 0.260150 0.141203 0.027778 0.014863
56 0.107639 0.789838 0.011218 0.015209
56 0.191239 0.665054 0.012821 0.015209
56 0.341079 0.491186 0.013355 0.015209
88 0.099092 0.174214 0.015491 0.015209
88 0.420139 0.562738 0.020833 0.015209
56 0.498397 0.657795 0.035256 0.015209
88 0.500534 0.430868 0.020299 0.015555
120 0.660524 0.650363 0.021902 0.015555
88 0.820513 0.813343 0.020299 0.015900
120 0.741453 0.821638 0.023504 0.015900
55 0.031517 0.796059 0.025641 0.015900
102 0.192575 0.498099 0.055021 0.015900
85 0.740919 0.886450 0.011752 0.016246
88 0.502404 0.585724 0.017628 0.016246
118 0.503739 0.135327 0.020299 0.016246
64 0.104434 0.638956 0.022970 0.016246
88 0.421741 0.246111 0.019765 0.016592
1810 0.192308 0.885932 0.023504 0.016592
120 0.820780 0.793121 0.013355 0.016937
495 0.033654 0.187522 0.014957 0.016937
91 0.028846 0.817663 0.017094 0.016937
88 0.821848 0.541134 0.019765 0.016937
91 0.499199 0.845662 0.025107 0.016937
91 0.655449 0.189250 0.030983 0.016937
91 0.737981 0.615451 0.032585 0.016937
52 0.495192 0.196854 0.036325 0.016937
88 0.575855 0.247840 0.018162 0.017283
88 0.657853 0.237470 0.019765 0.017283
91 0.418803 0.701002 0.026709 0.017283
91 0.420673 0.505358 0.030449 0.017283
81 0.734776 0.572071 0.037927 0.017283
52 0.573985 0.731075 0.037927 0.017283
55 0.656250 0.443830 0.040064 0.017283
108 0.500267 0.634117 0.013355 0.017629
64 0.263889 0.252506 0.024573 0.017629
120 0.420673 0.649499 0.017628 0.017974
110 0.339744 0.195990 0.026709 0.017974
57 0.669338 0.763913 0.038462 0.017974
121 0.823718 0.896301 0.041667 0.017974
120 0.499733 0.768579 0.015491 0.018320
111 0.104434 0.618216 0.018697 0.018320
88 0.104968 0.543899 0.020833 0.018320
55 0.032318 0.541479 0.022970 0.018320
1406 0.497329 0.334428 0.035256 0.018320
3731 0.186432 0.332181 0.043803 0.018666
64 0.028579 0.482371 0.012286 0.019011
64 0.658921 0.554960 0.021902 0.019011
83 0.190705 0.866056 0.029915 0.019011
52 0.260150 0.377981 0.037393 0.019011
109 0.190438 0.647598 0.040064 0.019011
953 0.419872 0.482026 0.042735 0.019011
76 0.423344 0.634635 0.013355 0.019357
120 0.660791 0.744210 0.016026 0.019357
88 0.189637 0.436571 0.017094 0.019357
91 0.499199 0.389907 0.029380 0.019357
81 0.812500 0.182855 0.032051 0.019357
91 0.656517 0.690287 0.032051 0.019357
111 0.655716 0.422572 0.016560 0.019703
76 0.104167 0.773419 0.021368 0.019703
52 0.178953 0.121155 0.035256 0.019703
109 0.188301 0.479952 0.040064 0.019703
57 0.113515 0.754753 0.057158 0.019703
120 0.027778 0.435188 0.010684 0.020048
88 0.189904 0.538887 0.018697 0.020048
64 0.259081 0.123056 0.021368 0.020048
98 0.257746 0.510888 0.037927 0.020048
113 0.263088 0.828552 0.041132 0.020048
120 0.576122 0.487902 0.017628 0.020394
111 0.494391 0.239371 0.018697 0.020394
88 0.342147 0.523159 0.018697 0.020394
118 0.103365 0.451262 0.029380 0.020394
91 0.577724 0.799343 0.032585 0.020394
3731 0.501068 0.564639 0.038462 0.020394
119 0.194177 0.748012 0.011218 0.020740
120 0.339744 0.506049 0.016026 0.020740
76 0.194979 0.730038 0.017094 0.020740
88 0.340545 0.357069 0.018697 0.020740
118 0.343483 0.413757 0.021368 0.020740
85 0.188568 0.460076 0.023504 0.020740
91 0.817575 0.493605 0.028312 0.020740
98 0.192842 0.712755 0.036325 0.020740
252 0.497062 0.409955 0.043269 0.020740
500 0.261485 0.649844 0.045406 0.020740
121 0.030182 0.502420 0.016560 0.021085
57 0.746528 0.842551 0.033654 0.021085
547 0.102564 0.120118 0.044872 0.021085
76 0.580662 0.471829 0.012821 0.021431
128 0.500267 0.677152 0.014423 0.021431
119 0.192842 0.847217 0.016026 0.021431
252 0.498665 0.479779 0.038996 0.021431
84 0.582799 0.752852 0.054487 0.021431
85 0.658120 0.404597 0.009615 0.021777
111 0.657585 0.671103 0.020299 0.021777
126 0.420673 0.806602 0.030449 0.021777
72 0.815705 0.649672 0.039530 0.021777
126 0.031250 0.317318 0.013355 0.022122
107 0.577190 0.120636 0.017628 0.022122
111 0.187233 0.355340 0.018697 0.022122
66 0.818910 0.625302 0.022436 0.022122
118 0.341079 0.236778 0.022970 0.022122
126 0.102831 0.402005 0.033654 0.022122
91 0.190705 0.768061 0.035256 0.022122
91 0.740919 0.764950 0.043803 0.022122
1085 0.105502 0.567231 0.047543 0.022122
85 0.106571 0.844625 0.011218 0.022468
85 0.501603 0.727100 0.012821 0.022468
111 0.341346 0.704286 0.018162 0.022468
74 0.577991 0.776530 0.021368 0.022468
83 0.574252 0.168165 0.027778 0.022468
126 0.499466 0.791739 0.027778 0.022468
90 0.659188 0.514863 0.041667 0.022468
1401 0.032051 0.393363 0.018162 0.022814
74 0.102831 0.474940 0.022970 0.022814
51 0.194177 0.826823 0.033654 0.022814
438 0.417735 0.723816 0.038462 0.022814
95 0.102297 0.498790 0.043269 0.022814
2836 0.342949 0.655721 0.047009 0.022814
111 0.028846 0.458175 0.009615 0.023159
107 0.029915 0.691842 0.017094 0.023159
74 0.184562 0.275320 0.019765 0.023159
87 0.030449 0.746803 0.022436 0.023159
70 0.499466 0.753716 0.034188 0.023159
1401 0.420406 0.857760 0.040598 0.023159
127 0.503205 0.711199 0.043803 0.023159
85 0.341079 0.126167 0.006944 0.023505
76 0.180823 0.140684 0.016560 0.023505
120 0.339744 0.336675 0.018162 0.023505
74 0.741987 0.593847 0.023504 0.023505
117 0.266827 0.851711 0.024038 0.023505
91 0.338942 0.632216 0.026175 0.023505
87 0.261752 0.191842 0.032051 0.023505
88 0.261752 0.531628 0.035256 0.023505
121 0.106303 0.660560 0.040598 0.023505
4102 0.419872 0.832354 0.041667 0.023505
3960 0.501870 0.454200 0.045406 0.023505
82 0.343750 0.215002 0.048611 0.023505
85 0.735577 0.233495 0.013889 0.023851
111 0.337874 0.143968 0.016560 0.023851
2471 0.500534 0.820429 0.035256 0.023851
91 0.191774 0.910646 0.038462 0.023851
710 0.577724 0.598859 0.038996 0.023851
85 0.817308 0.267197 0.014957 0.024196
67 0.037393 0.416523 0.026709 0.024196
127 0.493590 0.151054 0.041667 0.024196
708 0.182425 0.214310 0.044338 0.024196
60 0.181624 0.158832 0.014957 0.024542
2746 0.420406 0.751642 0.033120 0.024542
2610 0.736378 0.295714 0.034722 0.024542
121 0.658921 0.576046 0.043269 0.024542
356 0.656517 0.263913 0.045940 0.024542
885 0.422009 0.302627 0.051282 0.024542
60 0.656250 0.812306 0.013355 0.024888
3053 0.579060 0.906671 0.020299 0.024888
91 0.340278 0.575873 0.032051 0.024888
4287 0.346688 0.834082 0.039530 0.024888
2233 0.576389 0.822675 0.040598 0.024888
3685 0.815171 0.465261 0.043803 0.024888
105 0.663462 0.469063 0.045940 0.024888
65 0.740919 0.867266 0.052350 0.024888
85 0.495459 0.172658 0.013355 0.025233
85 0.423344 0.324058 0.013355 0.025233
60 0.739583 0.904770 0.013355 0.025233
126 0.658921 0.597477 0.030449 0.025233
118 0.190972 0.596440 0.033654 0.025233
95 0.496261 0.217594 0.035256 0.025233
1691 0.579861 0.641376 0.048611 0.025233
68 0.106036 0.735569 0.005876 0.025579
85 0.263355 0.352575 0.012821 0.025579
58 0.100427 0.213619 0.022436 0.025579
126 0.106303 0.681300 0.027778 0.025579
126 0.735844 0.454545 0.030449 0.025579
126 0.341613 0.682337 0.031517 0.025579
91 0.099359 0.310750 0.035256 0.025579
95 0.260951 0.397857 0.038996 0.025579
2783 0.261485 0.167646 0.045406 0.025579
85 0.341079 0.282924 0.014423 0.025925
87 0.029647 0.565676 0.018697 0.025925
74 0.341079 0.553232 0.019765 0.025925
4051 0.035791 0.874006 0.028846 0.025925
126 0.814904 0.375907 0.030449 0.025925
126 0.579327 0.542516 0.033654 0.025925
1083 0.104701 0.592637 0.036325 0.025925
2709 0.420406 0.222088 0.040598 0.025925
3687 0.821047 0.516592 0.045940 0.025925
222 0.580929 0.570861 0.047543 0.025925
68 0.265491 0.460076 0.005342 0.026270
68 0.341346 0.258901 0.006410 0.026270
119 0.108173 0.808158 0.011218 0.026270
346 0.033654 0.343934 0.020299 0.026270
2610 0.819177 0.599032 0.029380 0.026270
54 0.655716 0.491531 0.031517 0.026270
610 0.345887 0.907363 0.044338 0.026270
683 0.825053 0.677843 0.057158 0.026270
68 0.028045 0.366574 0.005876 0.026616
68 0.736645 0.321293 0.006410 0.026616
83 0.419605 0.191670 0.012286 0.026616
117 0.817041 0.159523 0.018697 0.026616
51 0.101229 0.426720 0.033654 0.026616
68 0.338675 0.471310 0.038462 0.026616
121 0.417468 0.619253 0.044338 0.026616
1770 0.340278 0.171621 0.049145 0.026616
111 0.735043 0.143104 0.020299 0.026962
4260 0.658387 0.352575 0.040064 0.026962
691 0.575855 0.449361 0.043803 0.026962
401 0.182959 0.305219 0.044338 0.026962
1690 0.498665 0.611130 0.048611 0.026962
683 0.187500 0.386796 0.050214 0.026962
885 0.733707 0.395783 0.053953 0.026962
119 0.029380 0.769271 0.010684 0.027307
74 0.265491 0.706360 0.019231 0.027307
322 0.036325 0.620290 0.030983 0.027307
75 0.276976 0.555306 0.035791 0.027307
3735 0.264423 0.676979 0.038462 0.027307
4260 0.818643 0.838057 0.041132 0.027307
71 0.585737 0.335119 0.042201 0.027307
1415 0.188301 0.415313 0.045406 0.027307
119 0.576122 0.143795 0.012286 0.027653
1887 0.033921 0.292430 0.019765 0.027653
70 0.339209 0.311441 0.021368 0.027653
51 0.659722 0.903560 0.033120 0.027653
1354 0.812233 0.206360 0.035791 0.027653
401 0.499733 0.536122 0.040064 0.027653
1699 0.575321 0.306948 0.043803 0.027653
1615 0.418269 0.126512 0.044872 0.027653
2756 0.735844 0.522987 0.050748 0.027653
1599 0.656784 0.381265 0.055021 0.027653
68 0.267628 0.771345 0.007479 0.027999
83 0.731036 0.169202 0.013355 0.027999
119 0.423344 0.906153 0.014423 0.027999
58 0.738248 0.548393 0.022436 0.027999
287 0.262553 0.326478 0.028312 0.027999
87 0.267361 0.731248 0.030449 0.027999
4303 0.740385 0.705323 0.041667 0.027999
691 0.817041 0.770999 0.043269 0.027999
4310 0.501603 0.359661 0.043803 0.027999
316 0.657585 0.325786 0.058761 0.027999
68 0.104167 0.521258 0.009615 0.028344
118 0.502404 0.692015 0.022970 0.028344
75 0.115919 0.868648 0.034188 0.028344
87 0.819444 0.863464 0.036325 0.028344
4084 0.034188 0.211027 0.017094 0.028690
3053 0.263622 0.486865 0.017628 0.028690
76 0.423611 0.882993 0.019231 0.028690
87 0.182692 0.184756 0.026709 0.028690
58 0.188301 0.516419 0.021902 0.029036
2590 0.419071 0.592465 0.028312 0.029036
77 0.586806 0.226409 0.038996 0.029036
4350 0.654647 0.124438 0.043269 0.029036
4064 0.036859 0.129796 0.019231 0.029381
3984 0.338675 0.601970 0.032051 0.029381
71 0.344551 0.440200 0.034188 0.029381
4483 0.576656 0.876080 0.041132 0.029381
2746 0.816774 0.349983 0.042735 0.029381
71 0.505876 0.307812 0.043803 0.029381
3984 0.419872 0.674559 0.043803 0.029381
1887 0.573985 0.400104 0.048611 0.029381
69 0.037393 0.591428 0.022436 0.029727
51 0.495726 0.266505 0.030983 0.029727
3153 0.500267 0.903906 0.038996 0.029727
1428 0.736378 0.368130 0.040064 0.029727
1914 0.816774 0.720359 0.043803 0.029727
1666 0.577724 0.704805 0.056090 0.029727
68 0.263355 0.223125 0.005342 0.030073
119 0.501068 0.506222 0.020299 0.030073
68 0.107372 0.817318 0.027778 0.030073
577 0.418803 0.781023 0.036325 0.030073
71 0.351496 0.764086 0.037393 0.030073
1279 0.578259 0.852230 0.044338 0.030073
1650 0.346421 0.880919 0.047543 0.030073
83 0.264423 0.801244 0.012821 0.030418
3948 0.336538 0.387141 0.035256 0.030418
3735 0.656784 0.628413 0.041132 0.030418
3153 0.264423 0.906671 0.041667 0.030418
3100 0.818109 0.567923 0.042201 0.030418
4254 0.657853 0.216730 0.043269 0.030418
2353 0.263088 0.295887 0.044338 0.030418
1735 0.416667 0.273073 0.047009 0.030418
1401 0.575053 0.274801 0.048611 0.030418
1541 0.034455 0.160906 0.015491 0.030764
74 0.102030 0.283616 0.023504 0.030764
71 0.197382 0.619599 0.041132 0.030764
1914 0.813835 0.419806 0.042201 0.030764
4231 0.739316 0.426028 0.050214 0.030764
4089 0.101229 0.340996 0.051816 0.030764
84 0.036592 0.718631 0.027244 0.031110
4352 0.654113 0.159696 0.042201 0.031110
4038 0.100962 0.372278 0.042735 0.031110
2642 0.739316 0.641203 0.044872 0.031110
4252 0.266560 0.618735 0.045940 0.031110
2412 0.266026 0.881611 0.037393 0.032147
68 0.192308 0.685793 0.006410 0.032492
83 0.657318 0.292430 0.014423 0.032492
68 0.422009 0.421189 0.006410 0.032838
2746 0.578526 0.516937 0.036325 0.032838
4422 0.262821 0.587798 0.045940 0.032838
322 0.107372 0.904770 0.045940 0.032838
2891 0.193109 0.796405 0.035791 0.033184
1548 0.262286 0.429312 0.049145 0.033184
4090 0.581197 0.671621 0.050214 0.033184
3670 0.419605 0.354995 0.050748 0.033184
2403 0.742521 0.738161 0.032051 0.033529
2412 0.499733 0.874352 0.033654 0.033529
51 0.190171 0.567404 0.034188 0.033529
3434 0.419605 0.387660 0.042201 0.033529
4133 0.658654 0.717767 0.044872 0.033529
1346 0.103900 0.713965 0.047543 0.033529
119 0.189637 0.241963 0.019231 0.033875
1831 0.033120 0.666782 0.026709 0.033875
4436 0.340812 0.733495 0.042735 0.033875
1126 0.421207 0.534912 0.038996 0.034221
2152 0.425214 0.454718 0.043803 0.034912
2217 0.102564 0.150190 0.049145 0.034912
83 0.815705 0.127895 0.017094 0.035258
4124 0.345353 0.802627 0.044338 0.035258
83 0.098825 0.251123 0.018162 0.035603
2674 0.819979 0.298479 0.050214 0.035603
4447 0.737981 0.264259 0.050748 0.035603
824 0.658921 0.840304 0.043269 0.035949
858 0.736645 0.488593 0.042735 0.036295
2412 0.034722 0.262012 0.021368 0.036640
4312 0.422276 0.159350 0.038996 0.036640
2412 0.580128 0.368130 0.040598 0.036640
3919 0.658120 0.874179 0.043803 0.036640
957 0.573184 0.200311 0.035256 0.037677
2675 0.735844 0.798825 0.052885 0.038023
47 0.032585 0.837712 0.021368 0.038368
2049 0.735310 0.204459 0.042201 0.043899
