92 0.646809 0.907188 0.026383 0.009099
92 0.421489 0.908705 0.032766 0.010312
92 0.555319 0.513497 0.033191 0.011526
128 0.142553 0.207461 0.009362 0.013345
120 0.419362 0.852745 0.018298 0.014255
92 0.210851 0.713982 0.033617 0.014559
108 0.562340 0.823779 0.017447 0.015772
110 0.650851 0.822869 0.031915 0.016985
128 0.354681 0.895966 0.015745 0.017592
1173 0.489362 0.867910 0.040000 0.018502
93 0.804681 0.252806 0.043404 0.018502
120 0.728298 0.544738 0.018298 0.018805
56 0.418723 0.773734 0.043404 0.018805
120 0.147447 0.861692 0.018298 0.019412
52 0.070000 0.733697 0.039574 0.019412
56 0.343617 0.632696 0.016596 0.020018
57 0.155957 0.842584 0.021702 0.020018
66 0.798723 0.711708 0.017872 0.020322
117 0.066170 0.668638 0.014043 0.020928
1810 0.727872 0.424780 0.019149 0.020928
72 0.793191 0.651805 0.043404 0.021231
64 0.064255 0.296785 0.021277 0.021535
68 0.567447 0.765999 0.028511 0.021535
76 0.645106 0.361541 0.023830 0.021838
88 0.727660 0.657719 0.025532 0.022141
113 0.720638 0.241735 0.053191 0.023051
60 0.340426 0.216864 0.028936 0.023658
56 0.795106 0.168941 0.043830 0.023658
72 0.064894 0.641492 0.046383 0.023658
76 0.801064 0.189111 0.029362 0.023961
3177 0.796170 0.623901 0.028936 0.024264
60 0.560426 0.610252 0.032340 0.024264
126 0.070000 0.610100 0.044681 0.025174
57 0.355532 0.390203 0.025106 0.025781
51 0.489362 0.269184 0.034894 0.025781
72 0.406596 0.488474 0.047234 0.025781
66 0.215745 0.897483 0.017872 0.026084
60 0.797021 0.734304 0.020426 0.026084
2542 0.205957 0.346982 0.044255 0.026084
259 0.275745 0.170458 0.056170 0.026084
85 0.645106 0.887625 0.013617 0.026388
500 0.645532 0.728996 0.028085 0.026388
126 0.417872 0.564604 0.046809 0.026388
76 0.732340 0.866242 0.017021 0.026691
89 0.647021 0.425538 0.043830 0.026691
87 0.415745 0.832727 0.033191 0.026994
642 0.487660 0.537913 0.034043 0.026994
91 0.485745 0.846982 0.044681 0.026994
51 0.141915 0.820140 0.040426 0.027298
89 0.136809 0.648165 0.042128 0.027298
118 0.489574 0.205187 0.014043 0.027601
111 0.538723 0.894601 0.017872 0.027601
95 0.346596 0.608887 0.044681 0.027601
60 0.348085 0.417349 0.018723 0.027904
76 0.416809 0.619351 0.023404 0.027904
88 0.729574 0.268426 0.031064 0.027904
88 0.648936 0.299818 0.029787 0.028207
56 0.411277 0.458599 0.014894 0.028511
58 0.206383 0.444343 0.015319 0.028511
117 0.483617 0.472551 0.019149 0.028511
88 0.564894 0.738854 0.030213 0.028511
87 0.138511 0.575372 0.031064 0.028511
88 0.211702 0.379284 0.020851 0.028814
88 0.414894 0.389900 0.027234 0.028814
78 0.734043 0.898847 0.028936 0.028814
108 0.554468 0.670155 0.051915 0.028814
85 0.809149 0.890203 0.012340 0.029117
53 0.417021 0.593873 0.015319 0.029117
60 0.348936 0.271762 0.020426 0.029117
51 0.644894 0.333030 0.042128 0.029117
979 0.730213 0.796482 0.045106 0.029117
495 0.722979 0.301790 0.066383 0.029117
118 0.567234 0.637398 0.011915 0.029421
51 0.724894 0.685623 0.025106 0.029421
87 0.348085 0.362299 0.034894 0.029421
84 0.133191 0.460570 0.037447 0.029421
1834 0.138511 0.234607 0.040426 0.029421
91 0.561915 0.440552 0.042128 0.029421
91 0.639149 0.551259 0.046809 0.029421
91 0.483404 0.663179 0.048511 0.029421
92 0.567234 0.315135 0.021277 0.029724
87 0.722979 0.522596 0.040000 0.029724
91 0.347660 0.831362 0.047660 0.029724
70 0.802553 0.766909 0.021277 0.030027
111 0.558723 0.579769 0.024681 0.030027
91 0.722340 0.452684 0.047234 0.030027
66 0.419787 0.798605 0.020851 0.030331
88 0.067872 0.438581 0.023404 0.030331
91 0.644255 0.796785 0.048511 0.030331
2273 0.564681 0.706551 0.039149 0.030634
98 0.717660 0.714134 0.059149 0.030634
495 0.479787 0.830907 0.080426 0.030634
74 0.352553 0.795875 0.025106 0.030937
111 0.130851 0.497422 0.032766 0.030937
51 0.349787 0.694419 0.042553 0.031241
118 0.727872 0.324234 0.022553 0.031544
4375 0.070426 0.888990 0.036170 0.031544
264 0.345532 0.453139 0.036596 0.031544
82 0.570426 0.802548 0.052340 0.031544
88 0.276383 0.358659 0.032766 0.031847
51 0.203191 0.517288 0.042979 0.031847
55 0.210000 0.828480 0.046383 0.031847
91 0.413830 0.274340 0.047234 0.031847
81 0.133191 0.336215 0.053617 0.031847
111 0.069787 0.511374 0.017021 0.032150
88 0.487872 0.390052 0.031915 0.032150
2885 0.422979 0.731271 0.032340 0.032150
91 0.278511 0.652411 0.048936 0.032150
87 0.068085 0.220049 0.031489 0.032454
683 0.067872 0.176372 0.041277 0.032454
68 0.483830 0.173643 0.045957 0.032454
122 0.211915 0.861086 0.040851 0.032757
91 0.270638 0.270246 0.046809 0.032757
95 0.724468 0.175918 0.047234 0.032757
1834 0.211702 0.626934 0.049787 0.032757
88 0.282340 0.889445 0.033617 0.033060
1435 0.725106 0.393236 0.053617 0.033060
119 0.350638 0.658477 0.028085 0.033364
83 0.476170 0.758265 0.043404 0.033364
2726 0.344468 0.495602 0.053191 0.033364
107 0.647872 0.176372 0.023404 0.033667
81 0.202766 0.412800 0.049787 0.033970
2159 0.141489 0.539581 0.049787 0.033970
107 0.353191 0.867304 0.018723 0.034274
60 0.566170 0.279497 0.021702 0.034274
78 0.650000 0.210646 0.028511 0.034274
2707 0.558511 0.543676 0.033617 0.034274
87 0.801064 0.285866 0.037872 0.034274
85 0.728085 0.208675 0.015319 0.034577
111 0.645106 0.690779 0.020426 0.034880
691 0.202340 0.175159 0.041277 0.034880
102 0.807021 0.799060 0.045532 0.034880
121 0.727872 0.358204 0.021702 0.035184
2599 0.486596 0.896573 0.023404 0.035184
81 0.344255 0.733394 0.040851 0.035184
1197 0.418085 0.230816 0.041277 0.035184
126 0.151064 0.893236 0.049362 0.035184
119 0.488298 0.503943 0.021702 0.035487
59 0.145319 0.369578 0.032766 0.035487
126 0.802553 0.320443 0.050213 0.035487
119 0.495319 0.300273 0.021277 0.035790
1396 0.566383 0.886715 0.043404 0.036093
370 0.417660 0.310434 0.048936 0.036093
71 0.498723 0.237034 0.051064 0.036093
85 0.421702 0.692751 0.013617 0.036397
107 0.415745 0.424022 0.017872 0.036397
83 0.348085 0.757355 0.034043 0.036397
83 0.206170 0.479224 0.035319 0.036397
122 0.342979 0.247194 0.035745 0.036397
3175 0.791277 0.483470 0.043830 0.036397
119 0.650426 0.391113 0.020851 0.036700
470 0.650851 0.763876 0.052340 0.036700
1771 0.804043 0.401880 0.054894 0.037003
366 0.067021 0.398999 0.042128 0.037307
1477 0.565957 0.180619 0.042553 0.037307
3882 0.420000 0.884895 0.049362 0.037307
85 0.071489 0.697907 0.015319 0.037610
58 0.210213 0.745526 0.022979 0.037610
120 0.073404 0.810889 0.035319 0.037913
2233 0.415319 0.354413 0.042553 0.037913
710 0.276596 0.848499 0.047660 0.037913
3223 0.797660 0.360479 0.050638 0.037913
322 0.488723 0.796937 0.065106 0.037913
58 0.202979 0.259023 0.016170 0.038217
577 0.566809 0.853200 0.039149 0.038217
70 0.411702 0.653928 0.045532 0.038217
1887 0.644043 0.465878 0.050638 0.038217
3227 0.416809 0.528814 0.046383 0.038520
85 0.139362 0.737034 0.013191 0.038823
971 0.725957 0.482863 0.033191 0.038823
1559 0.801277 0.442220 0.043404 0.038823
2836 0.560426 0.480740 0.046809 0.038823
61 0.211277 0.543069 0.025106 0.039126
81 0.202766 0.220352 0.040426 0.039126
4555 0.281915 0.558841 0.043830 0.039126
83 0.064043 0.473764 0.020851 0.039430
316 0.492128 0.577191 0.061702 0.039430
121 0.208298 0.783743 0.025106 0.040036
110 0.568723 0.404610 0.035319 0.040036
3942 0.142340 0.782226 0.040426 0.040036
868 0.273830 0.315135 0.053191 0.040036
121 0.800000 0.222778 0.028936 0.040340
127 0.804468 0.682439 0.042128 0.040643
3322 0.343830 0.175311 0.030638 0.041250
121 0.136596 0.610707 0.023830 0.041553
1584 0.203191 0.305732 0.029362 0.041856
120 0.209787 0.584774 0.036596 0.041856
3137 0.724468 0.836518 0.052340 0.041856
1831 0.074468 0.853048 0.031489 0.042160
120 0.135957 0.179254 0.039574 0.042463
3153 0.729574 0.628298 0.044681 0.043373
121 0.065745 0.258265 0.020851 0.043979
1256 0.285319 0.803761 0.030213 0.044283
1229 0.281915 0.609645 0.052340 0.044889
68 0.489574 0.727176 0.009787 0.045193
3735 0.273617 0.404459 0.043404 0.045799
287 0.790426 0.530786 0.050638 0.046103
998 0.486596 0.432059 0.035319 0.046406
1856 0.638723 0.588414 0.030638 0.046709
2484 0.280426 0.507583 0.034894 0.047012
4344 0.725319 0.579163 0.041277 0.047619
4163 0.794894 0.586594 0.032340 0.048529
4532 0.344043 0.318471 0.049787 0.048529
2605 0.277234 0.220503 0.034468 0.049136
69 0.076596 0.764635 0.017021 0.049742
753 0.134468 0.689718 0.060426 0.050349
69 0.577021 0.355778 0.020426 0.050955
296 0.729574 0.751441 0.026809 0.051259
1831 0.138085 0.415984 0.038723 0.051259
68 0.648936 0.856840 0.005957 0.051562
970 0.641915 0.511526 0.035319 0.051865
68 0.280638 0.746436 0.008085 0.052169
1460 0.211064 0.674249 0.039149 0.052169
3756 0.483404 0.619048 0.051064 0.052775
68 0.278723 0.450864 0.006809 0.053079
68 0.806383 0.846982 0.009362 0.053079
1460 0.135319 0.286169 0.045106 0.053079
3306 0.070426 0.344556 0.037872 0.053382
68 0.571277 0.230816 0.006383 0.053988
3984 0.647234 0.259023 0.049362 0.053988
2959 0.416596 0.182894 0.053617 0.053988
68 0.491064 0.343342 0.005957 0.054595
957 0.478936 0.694268 0.044681 0.055808
3340 0.073617 0.561874 0.045106 0.057325
68 0.648298 0.644980 0.008936 0.061571
88 0.341702 0.551562 0.015319 0.063391
