173 0.630739 0.632742 0.035019 0.012462
173 0.405447 0.474509 0.040467 0.012462
88 0.553696 0.849509 0.045914 0.016994
72 0.322568 0.853285 0.045914 0.017749
128 0.329183 0.699396 0.012451 0.018127
861 0.770428 0.758119 0.068482 0.018505
120 0.332296 0.680325 0.018677 0.019260
95 0.399222 0.770959 0.043580 0.019260
91 0.629183 0.807591 0.044358 0.019260
83 0.397665 0.791918 0.040467 0.019637
91 0.406615 0.612160 0.041245 0.019637
85 0.476654 0.755098 0.019455 0.020015
111 0.329183 0.549660 0.037354 0.020770
111 0.325681 0.782289 0.039689 0.020770
499 0.889883 0.621790 0.077043 0.020770
2151 0.631518 0.451284 0.045914 0.021148
118 0.411673 0.523980 0.018677 0.021526
88 0.327626 0.527757 0.043580 0.021526
86 0.331128 0.760385 0.038132 0.022281
107 0.771984 0.819298 0.031128 0.023036
83 0.553696 0.567409 0.039689 0.023036
126 0.475875 0.871035 0.041245 0.023036
247 0.329183 0.614615 0.049805 0.023036
750 0.400389 0.847998 0.055253 0.023036
88 0.405058 0.452606 0.027237 0.023792
91 0.327237 0.834026 0.039689 0.023792
126 0.327237 0.805325 0.042802 0.023792
2555 0.630739 0.604041 0.064591 0.023792
68 0.558366 0.543995 0.013230 0.024547
117 0.775486 0.703739 0.024125 0.024547
1083 0.479377 0.727530 0.049805 0.025302
91 0.555642 0.741314 0.043580 0.025680
2254 0.631518 0.782289 0.059922 0.026057
278 0.395720 0.340068 0.070817 0.026813
87 0.398054 0.873489 0.047471 0.027190
750 0.558366 0.484517 0.055253 0.027190
88 0.556031 0.518316 0.021012 0.027568
119 0.770817 0.730174 0.039689 0.027568
2548 0.557977 0.453739 0.056031 0.027568
683 0.479767 0.656156 0.058366 0.027568
119 0.483658 0.625944 0.019455 0.028323
91 0.627626 0.908044 0.045914 0.028323
84 0.777043 0.840823 0.058366 0.028323
278 0.207782 0.758686 0.028016 0.028701
119 0.322179 0.908610 0.028016 0.028701
58 0.480545 0.494524 0.028794 0.029079
665 0.332685 0.456005 0.049027 0.029079
1417 0.554864 0.709026 0.049805 0.029079
2233 0.557198 0.599131 0.052918 0.029079
2167 0.206615 0.724509 0.056809 0.029079
2524 0.485992 0.526246 0.058366 0.029079
4072 0.626848 0.872545 0.063035 0.029079
115 0.550195 0.910310 0.046693 0.029834
1083 0.392996 0.307591 0.065370 0.029834
76 0.322957 0.877832 0.037354 0.030589
1286 0.403502 0.580249 0.045914 0.030589
3812 0.400389 0.820808 0.055253 0.030589
547 0.125292 0.831005 0.056031 0.030589
2555 0.210117 0.542485 0.065370 0.030589
51 0.406615 0.497545 0.042802 0.031344
2531 0.477432 0.812878 0.056809 0.031344
3003 0.626459 0.837991 0.056031 0.031722
2678 0.882490 0.653701 0.077821 0.031722
2593 0.400000 0.745657 0.040467 0.032100
83 0.476654 0.780778 0.042802 0.032100
4038 0.129572 0.695808 0.064591 0.032100
2885 0.484436 0.558346 0.055253 0.032855
560 0.770817 0.628588 0.063035 0.032855
316 0.887938 0.787953 0.080934 0.032855
3203 0.478599 0.841767 0.046693 0.033233
71 0.405837 0.549471 0.052140 0.033233
3375 0.628405 0.528323 0.053696 0.033233
2119 0.627626 0.745091 0.053696 0.033233
3084 0.770039 0.790030 0.069261 0.033233
87 0.482490 0.595733 0.043580 0.033610
4564 0.405837 0.642560 0.045914 0.033610
126 0.405447 0.714313 0.049805 0.033610
822 0.125681 0.787576 0.072374 0.033610
296 0.328794 0.730551 0.036576 0.034366
2593 0.549027 0.878588 0.042802 0.034366
3393 0.555253 0.631609 0.058366 0.034366
66 0.326070 0.652946 0.031128 0.034743
1312 0.327626 0.582326 0.052918 0.034743
2806 0.633074 0.663897 0.058366 0.034743
1126 0.629183 0.704494 0.047471 0.035121
1396 0.209728 0.685234 0.056809 0.035121
3375 0.394163 0.224131 0.077043 0.035121
1422 0.552918 0.817032 0.047471 0.035876
571 0.123346 0.741881 0.061479 0.035876
273 0.883658 0.744524 0.077043 0.035876
4646 0.405058 0.680325 0.038132 0.036631
1207 0.473152 0.904267 0.062257 0.037387
1297 0.555642 0.670506 0.049805 0.038142
1788 0.212840 0.505098 0.066148 0.038142
102 0.482879 0.460536 0.055253 0.038897
651 0.388716 0.269826 0.061479 0.038897
1788 0.628794 0.569486 0.062257 0.039275
3084 0.770817 0.670317 0.069261 0.039275
1280 0.328016 0.492636 0.052140 0.040408
2203 0.890661 0.156533 0.087938 0.040408
781 0.208949 0.459592 0.058366 0.040785
3665 0.762257 0.211292 0.101946 0.041163
651 0.479767 0.691276 0.055253 0.041918
4119 0.203502 0.800038 0.069261 0.041918
68 0.402724 0.907477 0.010117 0.042296
4481 0.553696 0.774547 0.045914 0.042296
798 0.885603 0.693731 0.080934 0.042296
1843 0.635409 0.488104 0.047471 0.042674
1575 0.881712 0.207137 0.068482 0.042674
861 0.549416 0.247168 0.127626 0.043429
349 0.214008 0.584970 0.071595 0.043807
1843 0.388327 0.180891 0.074708 0.043807
4119 0.392996 0.378399 0.077821 0.043807
2255 0.773541 0.158044 0.096498 0.046450
1280 0.203502 0.636518 0.063035 0.047205
3438 0.885992 0.830249 0.075486 0.047961
302 0.167704 0.253210 0.136187 0.050982
720 0.164981 0.164275 0.118288 0.061934
720 0.552918 0.166352 0.119066 0.070619
3084 0.161868 0.352153 0.136965 0.070619
3084 0.550584 0.341956 0.147082 0.071375
2555 0.826459 0.418807 0.164981 0.074018
4064 0.831907 0.527379 0.180545 0.088746
1788 0.822957 0.301737 0.182879 0.102719
