246 0.791506 0.139969 0.038610 0.005956
92 0.624625 0.904389 0.026598 0.012539
92 0.411411 0.590752 0.024024 0.012853
92 0.062420 0.366614 0.023595 0.013480
92 0.721579 0.794201 0.030888 0.014107
92 0.199700 0.515517 0.037323 0.014734
56 0.559846 0.722571 0.039468 0.015047
92 0.336765 0.299216 0.032604 0.015361
92 0.554912 0.406583 0.035607 0.015674
499 0.642643 0.808150 0.049764 0.016301
56 0.336980 0.188715 0.018447 0.016928
56 0.142857 0.870533 0.042900 0.016928
1415 0.795367 0.502194 0.047190 0.016928
120 0.278636 0.894828 0.018447 0.017868
56 0.714715 0.546865 0.048048 0.017868
76 0.564565 0.742633 0.021450 0.018182
1415 0.415916 0.642633 0.045045 0.018182
110 0.271343 0.675078 0.028743 0.018495
91 0.560489 0.861129 0.032175 0.018809
91 0.414843 0.776803 0.033462 0.020063
120 0.718361 0.179154 0.016731 0.020376
87 0.726083 0.871003 0.026169 0.020376
98 0.119906 0.256270 0.035607 0.020376
251 0.208709 0.864107 0.039039 0.020376
128 0.286572 0.825392 0.009438 0.020690
66 0.070142 0.651254 0.014157 0.021003
119 0.147791 0.901097 0.018447 0.021003
55 0.335264 0.256897 0.030459 0.021003
56 0.712784 0.486364 0.015873 0.021630
88 0.547619 0.894828 0.026169 0.021630
642 0.639425 0.834326 0.030459 0.021630
117 0.797941 0.767398 0.013728 0.021944
1002 0.061347 0.506897 0.058344 0.021944
76 0.716002 0.563166 0.022308 0.022257
1406 0.072072 0.772414 0.027456 0.022571
126 0.127842 0.422257 0.048048 0.022571
92 0.635564 0.464420 0.019305 0.022884
1262 0.803732 0.828370 0.024453 0.022884
1214 0.487344 0.794201 0.035178 0.022884
76 0.279708 0.874608 0.019734 0.023197
111 0.341484 0.278370 0.024024 0.023197
72 0.631274 0.639185 0.040755 0.023197
55 0.066281 0.389185 0.032175 0.023511
87 0.563492 0.582288 0.039897 0.023511
251 0.630845 0.860031 0.071643 0.023511
58 0.638782 0.587461 0.018876 0.023824
91 0.196911 0.336991 0.036894 0.023824
501 0.194766 0.263323 0.040326 0.023824
2151 0.407765 0.487461 0.058773 0.023824
68 0.267267 0.292947 0.032604 0.024138
126 0.068640 0.625862 0.039468 0.024138
252 0.129987 0.315047 0.030030 0.024451
113 0.123123 0.227900 0.039468 0.024451
252 0.794938 0.357680 0.039468 0.024451
91 0.208923 0.842633 0.045474 0.024451
126 0.553411 0.233542 0.050622 0.024451
119 0.274989 0.241850 0.019734 0.024765
57 0.080009 0.835580 0.020163 0.024765
1002 0.703132 0.389185 0.050622 0.024765
1002 0.629987 0.528370 0.062205 0.024765
109 0.350922 0.844828 0.042042 0.025078
59 0.148863 0.879467 0.024882 0.025392
88 0.791291 0.433386 0.029601 0.025392
68 0.265122 0.184796 0.033462 0.025392
3663 0.265766 0.147806 0.036465 0.025392
91 0.345774 0.764734 0.052338 0.025392
87 0.059202 0.151724 0.022308 0.025705
75 0.414200 0.259248 0.027885 0.025705
68 0.476834 0.386834 0.038181 0.025705
91 0.337409 0.500940 0.040755 0.025705
1350 0.797512 0.699060 0.042042 0.025705
60 0.066710 0.450313 0.016731 0.026019
51 0.795152 0.279154 0.042471 0.026019
91 0.475118 0.252194 0.044187 0.026019
58 0.210425 0.815361 0.015015 0.026332
109 0.271343 0.351411 0.036465 0.026332
91 0.136422 0.729154 0.043758 0.026332
91 0.274346 0.507837 0.045903 0.026332
91 0.631918 0.340439 0.046332 0.026332
108 0.331832 0.592163 0.059631 0.026332
118 0.347919 0.681975 0.019734 0.026646
119 0.728657 0.895768 0.020163 0.026646
88 0.480909 0.649373 0.027456 0.026646
89 0.555341 0.303605 0.042471 0.026646
91 0.796439 0.207680 0.049335 0.026646
117 0.632132 0.232288 0.015015 0.026959
88 0.132561 0.552665 0.030030 0.026959
2151 0.715144 0.281818 0.048906 0.026959
91 0.559417 0.700470 0.042042 0.027273
91 0.268340 0.267555 0.046761 0.027273
91 0.421064 0.883542 0.051909 0.027273
110 0.718361 0.586834 0.029601 0.027586
91 0.062420 0.478997 0.037323 0.027586
91 0.412698 0.666771 0.041184 0.027586
91 0.712784 0.617241 0.043329 0.027586
91 0.268554 0.444514 0.046332 0.027586
122 0.268125 0.321787 0.030888 0.027900
105 0.273273 0.213636 0.045474 0.027900
119 0.637280 0.258621 0.020163 0.028213
88 0.069498 0.533542 0.023166 0.028213
88 0.637924 0.556113 0.027456 0.028213
81 0.209352 0.786207 0.033462 0.028213
87 0.339339 0.355799 0.036894 0.028213
910 0.074003 0.708934 0.042471 0.028527
91 0.561562 0.766301 0.043758 0.028527
123 0.714286 0.460815 0.014586 0.028840
93 0.344273 0.651097 0.023595 0.028840
72 0.063707 0.676489 0.027027 0.028840
101 0.128700 0.493730 0.036036 0.028840
2134 0.340412 0.468966 0.040755 0.028840
1850 0.555985 0.551411 0.043758 0.028840
1871 0.266838 0.774295 0.054054 0.028840
85 0.813170 0.893887 0.018447 0.029154
76 0.636208 0.665361 0.024882 0.029154
642 0.191763 0.230564 0.030888 0.029154
4036 0.647576 0.886991 0.035607 0.029154
2465 0.482196 0.285423 0.039468 0.029154
68 0.709781 0.154075 0.042471 0.029154
3663 0.720935 0.818966 0.043329 0.029154
58 0.478764 0.220063 0.016302 0.029467
60 0.348134 0.705016 0.020163 0.029467
83 0.709996 0.249843 0.043758 0.029467
91 0.481124 0.819749 0.045903 0.029467
118 0.637924 0.615204 0.013728 0.029781
253 0.561776 0.884483 0.024453 0.029781
83 0.125483 0.624922 0.037323 0.029781
702 0.413127 0.456270 0.042042 0.029781
1895 0.554269 0.198903 0.054054 0.029781
119 0.134277 0.523824 0.017160 0.030094
629 0.481553 0.682132 0.036465 0.030094
885 0.199914 0.368339 0.050622 0.030094
91 0.196482 0.652038 0.051480 0.030094
3760 0.200772 0.725078 0.068640 0.030094
58 0.125483 0.197022 0.016731 0.030408
88 0.717289 0.358464 0.030030 0.030408
104 0.066924 0.421787 0.030030 0.030408
3203 0.478764 0.152508 0.034320 0.030408
95 0.066495 0.597335 0.035178 0.030408
2727 0.070142 0.739969 0.038181 0.030408
2489 0.484556 0.769436 0.040755 0.030408
60 0.057272 0.179937 0.015873 0.030721
750 0.209352 0.889655 0.046332 0.030721
3027 0.209996 0.759875 0.049335 0.030721
2489 0.193265 0.197335 0.045045 0.031034
1232 0.199700 0.581034 0.047619 0.031034
1774 0.472973 0.321944 0.040755 0.031348
1882 0.481338 0.583072 0.045474 0.031348
111 0.407121 0.194671 0.051480 0.031348
71 0.488202 0.444201 0.055770 0.031348
62 0.280352 0.851254 0.027027 0.031661
978 0.720292 0.728683 0.041184 0.031661
81 0.472329 0.189185 0.048048 0.031661
1435 0.065637 0.566458 0.034320 0.031975
253 0.126984 0.347022 0.036894 0.031975
126 0.641141 0.405329 0.045045 0.031975
85 0.277992 0.742476 0.011154 0.032288
118 0.480909 0.416144 0.018018 0.032288
51 0.195624 0.449373 0.036894 0.032288
81 0.793436 0.175705 0.039897 0.032288
126 0.341699 0.565361 0.044187 0.032288
126 0.274560 0.607524 0.036036 0.032602
84 0.405191 0.288715 0.038181 0.032602
2025 0.557701 0.834169 0.041184 0.032602
4260 0.341055 0.532602 0.043758 0.032602
2489 0.141570 0.805956 0.043758 0.032602
910 0.415058 0.617868 0.047619 0.033229
107 0.062849 0.302978 0.020163 0.033542
2083 0.197555 0.618966 0.040755 0.033542
2083 0.408408 0.565047 0.051480 0.033542
1782 0.722222 0.849373 0.070785 0.033542
119 0.801587 0.795611 0.022737 0.033856
88 0.558130 0.510031 0.028314 0.033856
74 0.271557 0.646238 0.023166 0.034169
3019 0.638138 0.371944 0.030459 0.034169
1396 0.274775 0.415517 0.034749 0.034169
126 0.129558 0.283856 0.037752 0.034169
3031 0.479622 0.618339 0.041184 0.034169
1887 0.268769 0.480408 0.041613 0.034169
3077 0.344916 0.802351 0.041184 0.034796
3956 0.555556 0.377900 0.042900 0.034796
81 0.277349 0.806583 0.033891 0.035110
2836 0.060489 0.268025 0.037752 0.035110
1427 0.201201 0.687461 0.051480 0.035110
84 0.061991 0.336520 0.033891 0.035423
268 0.128271 0.456897 0.034320 0.035423
1422 0.793436 0.667868 0.048477 0.035423
366 0.409695 0.231505 0.050622 0.035423
120 0.558130 0.480251 0.035178 0.035737
1354 0.636422 0.438558 0.037323 0.035737
3664 0.715144 0.515361 0.040326 0.035737
126 0.481982 0.355016 0.041613 0.036050
2727 0.186615 0.153762 0.043758 0.036050
54 0.639211 0.495298 0.039468 0.036364
91 0.065208 0.805956 0.042042 0.036364
4727 0.635993 0.741066 0.051909 0.036364
1871 0.329472 0.736991 0.071214 0.036364
4202 0.419991 0.744357 0.043758 0.036677
1375 0.193479 0.302351 0.046332 0.036677
1782 0.712570 0.690439 0.062634 0.036677
102 0.414629 0.368966 0.033033 0.036991
3807 0.554912 0.273041 0.046761 0.036991
121 0.338910 0.616458 0.018018 0.037304
922 0.415916 0.805172 0.042471 0.037304
120 0.645431 0.702038 0.046761 0.037304
68 0.487130 0.885266 0.008151 0.037618
1375 0.719005 0.763636 0.044616 0.037618
268 0.791935 0.534953 0.039468 0.037931
4532 0.642643 0.777273 0.044616 0.037931
1957 0.635350 0.199530 0.051480 0.037931
121 0.337409 0.318809 0.020163 0.038245
4240 0.414629 0.700940 0.040755 0.038245
3338 0.198198 0.543417 0.041184 0.038558
2162 0.268340 0.580408 0.050193 0.038558
1309 0.640283 0.159718 0.051909 0.038558
121 0.200129 0.484639 0.023595 0.038871
1035 0.135779 0.658934 0.039897 0.038871
505 0.142643 0.840909 0.029601 0.039185
2946 0.797726 0.241850 0.039897 0.039185
3081 0.126984 0.156426 0.049764 0.039498
85 0.337409 0.220533 0.014157 0.039812
1917 0.804376 0.862226 0.044616 0.039812
1406 0.342128 0.429937 0.046761 0.039812
3066 0.337623 0.156113 0.050622 0.040125
4116 0.715573 0.423354 0.029172 0.040439
1831 0.405620 0.155486 0.032175 0.040752
126 0.345989 0.391850 0.044187 0.040752
3772 0.708923 0.653605 0.072501 0.040752
2946 0.793222 0.575705 0.038610 0.041066
3058 0.138353 0.698589 0.040755 0.041066
1406 0.792793 0.468339 0.048048 0.041379
1880 0.410339 0.329310 0.028743 0.041693
4086 0.558344 0.796708 0.037323 0.041693
1551 0.138782 0.762853 0.039897 0.042320
119 0.799228 0.313793 0.032604 0.042633
68 0.719005 0.209875 0.006864 0.042947
1831 0.061776 0.219749 0.022308 0.043260
1880 0.412913 0.526332 0.027885 0.043260
268 0.716216 0.319122 0.038181 0.043260
3038 0.193265 0.409091 0.045903 0.043260
1598 0.794509 0.621787 0.043758 0.043574
798 0.416345 0.849843 0.030459 0.043887
1297 0.793222 0.730564 0.046332 0.044201
505 0.551695 0.336991 0.027456 0.044514
971 0.484556 0.533229 0.039039 0.044514
721 0.551909 0.159875 0.044187 0.044514
1871 0.782497 0.393103 0.055770 0.044514
721 0.262119 0.543417 0.043758 0.044828
2560 0.638138 0.299530 0.058773 0.044828
60 0.276062 0.371787 0.019305 0.045141
710 0.552982 0.679624 0.052338 0.045141
1281 0.128271 0.389028 0.026598 0.045768
505 0.477477 0.486207 0.028314 0.046395
121 0.073145 0.876646 0.042471 0.047335
68 0.413342 0.413323 0.009867 0.049216
3756 0.556414 0.434169 0.041184 0.051411
68 0.484556 0.727116 0.009009 0.052351
68 0.559846 0.624922 0.007722 0.054859
60 0.353711 0.870690 0.033891 0.055486
47 0.281424 0.696865 0.029172 0.057053
68 0.134706 0.597962 0.006864 0.057367
