246 0.767111 0.648980 0.044444 0.009242
92 0.826667 0.873805 0.028444 0.010835
92 0.834444 0.697100 0.032444 0.011791
128 0.546889 0.510516 0.011111 0.014022
92 0.465111 0.526450 0.034222 0.014022
92 0.686222 0.868069 0.043556 0.016571
93 0.543556 0.910293 0.042667 0.018802
56 0.916222 0.192001 0.044889 0.018802
56 0.691778 0.465105 0.049333 0.019439
56 0.466444 0.366794 0.018222 0.020395
56 0.306667 0.839388 0.022222 0.020395
126 0.540000 0.767049 0.049778 0.021670
66 0.762222 0.769280 0.020444 0.022307
57 0.844444 0.741874 0.029333 0.022307
56 0.615111 0.521989 0.046222 0.022945
60 0.613333 0.583971 0.032000 0.023263
83 0.829556 0.851020 0.047556 0.023263
57 0.851778 0.257330 0.056444 0.023263
2151 0.759333 0.882409 0.034222 0.023582
113 0.304889 0.462715 0.052444 0.023582
82 0.155778 0.335723 0.057333 0.023901
1002 0.313333 0.148821 0.067556 0.024219
52 0.306667 0.812141 0.048000 0.024538
278 0.469778 0.883684 0.032000 0.024857
87 0.154222 0.914914 0.036444 0.024857
83 0.895778 0.870300 0.045778 0.024857
115 0.155111 0.694391 0.047111 0.024857
76 0.610222 0.784736 0.034667 0.025175
91 0.386444 0.919216 0.039556 0.025175
72 0.300667 0.682282 0.043111 0.026131
1406 0.393333 0.555609 0.040000 0.026450
83 0.831333 0.670491 0.041333 0.026769
52 0.910889 0.518005 0.039556 0.027087
89 0.760667 0.858987 0.052000 0.027087
259 0.464444 0.856119 0.056000 0.027087
120 0.156444 0.719248 0.021333 0.027406
52 0.304000 0.745698 0.048889 0.027406
99 0.853333 0.286488 0.053333 0.027406
56 0.155556 0.358349 0.018667 0.027725
117 0.627333 0.397546 0.027111 0.027725
642 0.552000 0.243945 0.036444 0.027725
251 0.550000 0.206342 0.044000 0.027725
91 0.307556 0.269439 0.046222 0.027725
495 0.303333 0.426864 0.068000 0.027725
88 0.695111 0.261950 0.026667 0.028043
77 0.151556 0.615997 0.033778 0.028043
51 0.835556 0.539516 0.034667 0.028043
2151 0.236222 0.146431 0.044000 0.028362
327 0.150444 0.884481 0.045778 0.028362
119 0.837556 0.828235 0.019111 0.028681
64 0.544000 0.481198 0.030222 0.028681
88 0.305333 0.532505 0.033778 0.028681
1406 0.314889 0.302422 0.038667 0.028681
107 0.759333 0.795092 0.038667 0.028681
98 0.906444 0.547801 0.056444 0.028681
126 0.688667 0.676227 0.060889 0.028681
91 0.763111 0.445666 0.048000 0.028999
1435 0.680444 0.839547 0.063111 0.028999
88 0.304222 0.874442 0.027111 0.029318
76 0.464889 0.677183 0.028444 0.029318
93 0.384222 0.762588 0.030667 0.029318
126 0.917111 0.297642 0.046667 0.029318
71 0.916222 0.726099 0.047556 0.029637
95 0.698889 0.234066 0.048444 0.029637
755 0.226000 0.598630 0.058222 0.029637
93 0.549111 0.833333 0.025333 0.029955
60 0.840667 0.566603 0.030667 0.029955
88 0.548222 0.309433 0.032444 0.029955
88 0.315333 0.391332 0.030667 0.030593
88 0.690000 0.537922 0.036889 0.030593
60 0.468222 0.391810 0.021778 0.030911
66 0.386222 0.409337 0.025778 0.030911
66 0.158000 0.423996 0.026222 0.030911
88 0.689111 0.802581 0.034222 0.030911
85 0.629556 0.220204 0.015556 0.031230
88 0.150667 0.543340 0.034667 0.031230
91 0.390222 0.251115 0.050667 0.031230
91 0.543111 0.447737 0.055111 0.031230
111 0.912667 0.625717 0.022667 0.031549
87 0.767556 0.551466 0.034667 0.031549
88 0.767333 0.623168 0.038667 0.031549
88 0.228000 0.688496 0.040889 0.031549
51 0.831333 0.719726 0.043111 0.031549
96 0.838000 0.604685 0.052000 0.031549
108 0.620889 0.258604 0.060444 0.031549
111 0.770667 0.519439 0.020444 0.031867
119 0.837556 0.769598 0.024444 0.031867
323 0.465333 0.912365 0.069333 0.031867
87 0.768444 0.279637 0.032000 0.032186
2567 0.775111 0.151530 0.057778 0.032186
93 0.917111 0.413321 0.022667 0.032505
54 0.627778 0.290631 0.040444 0.032505
885 0.546667 0.538878 0.054222 0.032505
119 0.547556 0.696463 0.024889 0.032823
83 0.222444 0.523104 0.036000 0.032823
91 0.699333 0.148024 0.045778 0.032823
2570 0.771111 0.191045 0.049778 0.032823
95 0.469778 0.558795 0.054222 0.032823
108 0.903778 0.658540 0.060000 0.032823
108 0.463333 0.303219 0.061778 0.032823
60 0.385778 0.519120 0.026667 0.033142
66 0.153333 0.754780 0.023111 0.033461
93 0.310222 0.646112 0.026667 0.033461
79 0.475778 0.337954 0.039556 0.033461
91 0.538667 0.800669 0.048000 0.033461
91 0.150667 0.264022 0.052444 0.033461
98 0.298667 0.777087 0.072000 0.033461
58 0.156889 0.300829 0.022222 0.033779
4162 0.761556 0.913639 0.028000 0.033779
91 0.231556 0.229764 0.049778 0.033779
95 0.152222 0.394678 0.054667 0.034098
55 0.227111 0.806405 0.056000 0.034098
68 0.763556 0.826641 0.007111 0.034417
117 0.389333 0.485022 0.023111 0.034417
76 0.623778 0.322658 0.028889 0.034736
85 0.309111 0.715424 0.014667 0.035054
92 0.152889 0.579987 0.024889 0.035054
62 0.920667 0.376354 0.030667 0.035054
88 0.156000 0.461122 0.040000 0.035054
91 0.223556 0.560867 0.050667 0.035054
111 0.229556 0.836361 0.025333 0.035373
2489 0.918889 0.452358 0.043111 0.035373
68 0.229778 0.267846 0.045333 0.035373
58 0.766222 0.587317 0.019556 0.035692
87 0.463111 0.758445 0.032889 0.035692
87 0.542889 0.660293 0.036889 0.035692
2083 0.395556 0.155035 0.056889 0.036010
123 0.469111 0.645315 0.018222 0.036329
111 0.226667 0.725940 0.027556 0.036329
2885 0.690444 0.574888 0.038667 0.036329
74 0.304000 0.609624 0.040889 0.036329
2083 0.312444 0.232632 0.043556 0.036329
1477 0.390222 0.293499 0.047111 0.036329
85 0.469556 0.821064 0.015556 0.036648
3948 0.544889 0.733110 0.033778 0.036648
83 0.692222 0.293977 0.035111 0.036648
83 0.378222 0.839866 0.042667 0.036648
366 0.766444 0.409656 0.048444 0.036648
1931 0.906667 0.809273 0.050667 0.036648
2751 0.547333 0.281071 0.043111 0.036966
60 0.610444 0.708572 0.024444 0.037285
86 0.778667 0.314691 0.033778 0.037285
122 0.620222 0.433875 0.036889 0.037285
2411 0.386444 0.638464 0.044000 0.037285
2734 0.920444 0.336361 0.048889 0.037285
71 0.159778 0.791746 0.058222 0.037285
98 0.216889 0.873008 0.064889 0.037285
119 0.628889 0.359146 0.023111 0.037604
1880 0.919556 0.155672 0.025778 0.037922
79 0.620000 0.553219 0.038222 0.038241
104 0.232444 0.304971 0.039111 0.038241
62 0.628000 0.153601 0.043556 0.038241
96 0.693333 0.391013 0.048889 0.038241
118 0.612889 0.820746 0.016889 0.038560
120 0.624222 0.194869 0.041333 0.038560
75 0.234222 0.908381 0.056000 0.038560
53 0.301556 0.494901 0.019111 0.038878
253 0.919333 0.264181 0.028000 0.038878
126 0.922444 0.489165 0.043111 0.038878
72 0.544667 0.870459 0.034222 0.039197
54 0.911333 0.693595 0.040444 0.039197
120 0.462667 0.724506 0.042667 0.039197
74 0.376444 0.728011 0.042667 0.039197
51 0.605556 0.752868 0.049333 0.039197
85 0.226889 0.764181 0.018222 0.039516
3045 0.613778 0.905832 0.061333 0.039834
126 0.766000 0.745379 0.051111 0.040153
313 0.387556 0.884162 0.040889 0.040472
51 0.303333 0.570268 0.052000 0.040472
2429 0.903111 0.905672 0.033778 0.040790
496 0.686889 0.718929 0.060889 0.040790
84 0.234444 0.434194 0.028889 0.041109
122 0.613111 0.617431 0.037778 0.041109
864 0.464444 0.492830 0.043556 0.041109
120 0.542222 0.624761 0.043556 0.041109
2698 0.688444 0.765296 0.045333 0.041109
127 0.463556 0.794614 0.049778 0.041109
717 0.545111 0.408700 0.073333 0.041109
126 0.234444 0.343850 0.050222 0.041428
2593 0.767111 0.480720 0.035556 0.041746
51 0.384889 0.682441 0.041778 0.041746
1797 0.547778 0.160453 0.043111 0.041746
111 0.305111 0.909337 0.048444 0.041746
3965 0.225778 0.392129 0.055111 0.042384
126 0.391778 0.448215 0.045778 0.043021
55 0.828222 0.793340 0.041333 0.043658
2256 0.826667 0.902326 0.041778 0.043658
68 0.385333 0.799554 0.008889 0.043977
1894 0.776667 0.233748 0.052000 0.044296
2261 0.239333 0.186902 0.053778 0.044296
85 0.919778 0.219567 0.014667 0.044614
82 0.622667 0.478967 0.054222 0.044614
2599 0.912222 0.585723 0.028889 0.045252
3375 0.851778 0.215105 0.038667 0.045252
1317 0.757111 0.706660 0.053778 0.045570
68 0.906444 0.847036 0.009333 0.045889
2191 0.316000 0.345284 0.045333 0.046208
70 0.546000 0.579031 0.018222 0.046526
126 0.159333 0.653601 0.047556 0.046526
975 0.612222 0.868388 0.049333 0.046526
316 0.156444 0.504780 0.069333 0.046526
3161 0.699333 0.195507 0.030667 0.046845
4116 0.316000 0.187221 0.039111 0.046845
282 0.546889 0.356756 0.041333 0.046845
506 0.474667 0.258286 0.041778 0.046845
1804 0.397556 0.208094 0.055556 0.047164
3807 0.768889 0.358190 0.056000 0.047164
4084 0.471333 0.209369 0.060000 0.047164
717 0.391111 0.596877 0.072889 0.047164
1584 0.905778 0.762747 0.032889 0.047482
1142 0.474667 0.159496 0.053333 0.047482
76 0.698000 0.341938 0.032444 0.047801
54 0.468667 0.599745 0.043111 0.047801
121 0.688889 0.902167 0.053333 0.047801
68 0.841333 0.633525 0.008889 0.048438
68 0.693333 0.493786 0.006222 0.051307
746 0.839778 0.387667 0.036000 0.051307
47 0.694000 0.423518 0.029778 0.051625
3739 0.158667 0.219726 0.043556 0.051944
3458 0.467556 0.436584 0.047111 0.052263
3172 0.222889 0.488050 0.055556 0.052581
1188 0.825556 0.441205 0.064444 0.053219
68 0.613556 0.662683 0.005778 0.053856
69 0.860889 0.161090 0.026667 0.053856
1142 0.160667 0.159178 0.060889 0.054493
68 0.228889 0.641173 0.008000 0.054812
68 0.836889 0.496176 0.006222 0.056724
1281 0.149111 0.837635 0.034222 0.057043
47 0.843111 0.329828 0.028444 0.057999
296 0.687333 0.627788 0.036000 0.070746
68 0.391778 0.351657 0.009333 0.074251
