246 0.917333 0.265293 0.034667 0.007607
246 0.241333 0.648494 0.044444 0.009509
92 0.846889 0.504437 0.021778 0.011727
92 0.773778 0.405388 0.022222 0.012678
92 0.478444 0.655626 0.026222 0.013629
92 0.317778 0.301585 0.035556 0.014263
92 0.402889 0.853724 0.035111 0.014897
92 0.632222 0.579715 0.029778 0.015214
92 0.701333 0.258637 0.035556 0.015214
56 0.550222 0.569572 0.045333 0.016482
128 0.704000 0.567829 0.010667 0.017433
93 0.563111 0.723138 0.049778 0.017433
57 0.704222 0.881616 0.051111 0.017433
93 0.242667 0.312203 0.041778 0.017750
56 0.839556 0.807290 0.047111 0.018384
55 0.320000 0.403803 0.034667 0.019017
56 0.536889 0.409350 0.031111 0.019334
548 0.482889 0.887322 0.022667 0.019968
76 0.771778 0.869572 0.022667 0.020602
56 0.699556 0.289382 0.056000 0.020919
108 0.845778 0.279873 0.016000 0.021553
66 0.626444 0.444374 0.023556 0.021553
56 0.915333 0.567353 0.037778 0.021553
115 0.158667 0.700000 0.042667 0.021870
259 0.622889 0.791759 0.063556 0.022187
64 0.769778 0.513629 0.023111 0.022504
64 0.704667 0.385261 0.027111 0.022504
1810 0.848889 0.354675 0.022222 0.022821
126 0.161778 0.757845 0.050667 0.022821
78 0.920222 0.500000 0.026222 0.023138
120 0.317111 0.582884 0.023556 0.023455
113 0.156889 0.376228 0.060444 0.023455
92 0.246000 0.889382 0.019111 0.024089
89 0.162889 0.344691 0.047556 0.024406
83 0.841778 0.910460 0.053333 0.024406
85 0.918889 0.832964 0.012889 0.024723
117 0.698889 0.412678 0.017333 0.024723
91 0.843333 0.201902 0.046667 0.024723
126 0.245333 0.861648 0.045333 0.025040
82 0.248222 0.914263 0.053778 0.025040
64 0.404222 0.650713 0.024444 0.025357
110 0.236000 0.378447 0.026667 0.025357
91 0.916667 0.905547 0.032444 0.025357
56 0.550444 0.235975 0.016444 0.025674
72 0.230444 0.347544 0.043111 0.025674
91 0.477111 0.816957 0.048444 0.025674
118 0.776444 0.672900 0.010667 0.025990
126 0.159333 0.584786 0.049333 0.025990
72 0.158000 0.314263 0.046667 0.026307
126 0.238000 0.576070 0.048444 0.026307
83 0.462889 0.308241 0.028889 0.026941
1173 0.925778 0.156101 0.038222 0.026941
117 0.773556 0.265769 0.016444 0.027575
88 0.704222 0.473376 0.028000 0.027575
118 0.697778 0.904596 0.022222 0.027892
88 0.771111 0.786371 0.030222 0.027892
91 0.617556 0.819017 0.052889 0.027892
118 0.404444 0.381775 0.011556 0.028209
87 0.399556 0.211252 0.035556 0.028209
2203 0.550889 0.804913 0.043111 0.028209
110 0.704889 0.352456 0.027556 0.028526
1810 0.319778 0.330903 0.029778 0.028526
87 0.700667 0.323613 0.031556 0.028526
91 0.916444 0.232964 0.046222 0.028526
126 0.481778 0.910618 0.046222 0.028526
98 0.311333 0.198098 0.065333 0.028526
83 0.158222 0.667036 0.042667 0.028843
691 0.473778 0.395563 0.043556 0.029160
91 0.240222 0.774960 0.051111 0.029160
87 0.240444 0.235975 0.030222 0.029477
88 0.845333 0.479398 0.030222 0.029477
3157 0.916444 0.712361 0.046222 0.029477
92 0.318444 0.549921 0.025333 0.029794
107 0.629556 0.678288 0.034222 0.029794
2610 0.168000 0.881933 0.033778 0.030111
691 0.623778 0.366561 0.046667 0.030111
113 0.466222 0.201268 0.055111 0.030428
118 0.918444 0.589699 0.014667 0.030745
119 0.704444 0.441046 0.021333 0.030745
83 0.541778 0.371157 0.040000 0.031062
979 0.399333 0.479239 0.043111 0.031062
91 0.844222 0.386054 0.049333 0.031062
1834 0.473778 0.628526 0.051556 0.031062
60 0.400667 0.239937 0.021778 0.031696
88 0.774222 0.379398 0.031111 0.031696
126 0.403111 0.617116 0.033778 0.031696
83 0.165556 0.917274 0.041333 0.031696
85 0.630444 0.515214 0.012889 0.032013
88 0.160222 0.442948 0.034222 0.032013
277 0.327556 0.849921 0.056000 0.032013
88 0.918667 0.676387 0.030222 0.032330
89 0.318222 0.508082 0.047111 0.032330
51 0.631111 0.608558 0.050667 0.032330
60 0.163111 0.723772 0.019556 0.032647
60 0.698889 0.542472 0.028000 0.032647
3603 0.474000 0.435024 0.056444 0.032647
99 0.235111 0.160856 0.058667 0.032647
119 0.240222 0.193978 0.019111 0.032964
1083 0.399333 0.275436 0.033333 0.032964
107 0.316000 0.231220 0.019556 0.033281
54 0.916667 0.430428 0.029778 0.033597
88 0.550667 0.896355 0.035556 0.033597
83 0.321333 0.809192 0.038222 0.033597
95 0.919333 0.802536 0.041333 0.033597
71 0.926222 0.466561 0.048000 0.033597
495 0.469778 0.555626 0.078222 0.033597
85 0.471333 0.274326 0.010222 0.033914
58 0.553778 0.643265 0.020444 0.033914
119 0.778000 0.296830 0.023556 0.033914
127 0.922222 0.532013 0.038222 0.033914
51 0.773556 0.642948 0.039556 0.033914
126 0.846444 0.577021 0.050222 0.033914
126 0.479333 0.471632 0.030667 0.034231
84 0.313556 0.270365 0.036000 0.034231
126 0.551333 0.205705 0.054667 0.034231
120 0.469111 0.236926 0.035111 0.034548
1782 0.479778 0.737718 0.060000 0.034548
58 0.842222 0.834231 0.018667 0.034865
92 0.471333 0.158479 0.020000 0.034865
88 0.318444 0.727417 0.034222 0.034865
83 0.699333 0.229952 0.036000 0.035182
76 0.402444 0.342631 0.027111 0.035499
83 0.624667 0.549287 0.037778 0.035499
107 0.403333 0.818700 0.039556 0.035499
85 0.703556 0.194136 0.010667 0.035816
66 0.631556 0.642948 0.020444 0.035816
111 0.776667 0.605547 0.026222 0.035816
327 0.474222 0.521236 0.052444 0.036450
68 0.705778 0.642155 0.009778 0.036767
53 0.161333 0.405071 0.015111 0.036767
83 0.702444 0.505230 0.026222 0.036767
119 0.319556 0.472108 0.020444 0.037084
90 0.628889 0.280983 0.042667 0.037084
2489 0.702444 0.156418 0.050222 0.037084
111 0.920222 0.354992 0.020889 0.037401
62 0.318889 0.162441 0.033333 0.037718
85 0.242000 0.610777 0.011111 0.038035
58 0.316889 0.768938 0.019556 0.038035
83 0.156000 0.219017 0.038222 0.038035
85 0.555111 0.598891 0.013333 0.038352
126 0.400889 0.308875 0.041778 0.038352
1562 0.477333 0.589065 0.041778 0.038352
126 0.321778 0.371157 0.047111 0.038669
750 0.768667 0.432330 0.049333 0.038669
4440 0.850000 0.536450 0.050222 0.038986
71 0.782889 0.706022 0.052889 0.038986
79 0.628667 0.326466 0.033333 0.039303
122 0.399556 0.684945 0.039111 0.039303
120 0.776222 0.899842 0.040444 0.039303
959 0.480667 0.781300 0.055556 0.039303
316 0.918222 0.314105 0.056889 0.039303
3090 0.473556 0.352773 0.060889 0.039303
4330 0.842000 0.874960 0.038667 0.039620
83 0.236889 0.412361 0.034667 0.039937
836 0.767778 0.479081 0.036000 0.040254
3735 0.913111 0.398891 0.038667 0.040254
3175 0.917556 0.197306 0.044889 0.040254
4079 0.550000 0.271949 0.043111 0.040571
83 0.840889 0.667987 0.021333 0.040887
3090 0.626444 0.405230 0.052889 0.040887
4084 0.393333 0.527575 0.056000 0.040887
76 0.400222 0.780032 0.029778 0.041204
943 0.772222 0.746117 0.044889 0.041204
1821 0.845778 0.316957 0.047111 0.041204
781 0.692000 0.849762 0.055111 0.041204
1697 0.159111 0.628526 0.059556 0.041204
119 0.701333 0.602694 0.039111 0.041521
4252 0.482000 0.855626 0.044000 0.041521
564 0.157556 0.542789 0.049333 0.041521
316 0.400444 0.578130 0.068444 0.041838
958 0.476000 0.696197 0.031111 0.042155
76 0.848667 0.162758 0.032444 0.042155
4162 0.772000 0.161173 0.034667 0.042789
366 0.555333 0.163074 0.057333 0.042789
322 0.549333 0.758637 0.061333 0.042789
971 0.780000 0.337242 0.038222 0.043106
60 0.324222 0.424247 0.026222 0.043423
81 0.914444 0.867353 0.033333 0.043423
575 0.394667 0.164184 0.041778 0.043740
4168 0.922000 0.753724 0.061778 0.044374
119 0.632444 0.477813 0.024000 0.044691
60 0.553778 0.420761 0.025778 0.044691
1392 0.841111 0.624723 0.044889 0.045008
71 0.400222 0.892235 0.060000 0.045008
3322 0.161778 0.798891 0.034667 0.045325
68 0.633556 0.715372 0.006667 0.045642
1856 0.622000 0.853724 0.029778 0.045959
121 0.239333 0.278288 0.023556 0.046276
4215 0.240222 0.821553 0.046667 0.046276
1920 0.237333 0.464025 0.048000 0.046276
3435 0.840222 0.769889 0.054667 0.046276
1411 0.157778 0.490808 0.048889 0.046593
1575 0.541333 0.848653 0.040000 0.047227
2993 0.698222 0.746910 0.045333 0.047227
119 0.917111 0.631696 0.038667 0.047544
2468 0.319556 0.680507 0.040889 0.048177
3434 0.842444 0.717908 0.042222 0.048177
1551 0.772889 0.833281 0.051556 0.048177
1297 0.549556 0.471632 0.043111 0.048811
3327 0.771556 0.220761 0.034667 0.049128
68 0.849778 0.239303 0.008889 0.049445
58 0.625556 0.753724 0.028889 0.049445
1879 0.552000 0.528368 0.031111 0.049445
1581 0.692000 0.692235 0.054222 0.049445
68 0.772667 0.554992 0.008444 0.050713
3735 0.162000 0.267987 0.047556 0.051030
2935 0.703333 0.801109 0.038667 0.051664
68 0.322667 0.893502 0.007111 0.052615
62 0.555333 0.686212 0.031556 0.053249
3511 0.845556 0.429002 0.037778 0.053566
4747 0.626000 0.226783 0.043111 0.054200
68 0.403778 0.729477 0.006667 0.054834
68 0.625333 0.165769 0.008889 0.055784
47 0.172444 0.836292 0.040889 0.056735
47 0.323778 0.618859 0.035111 0.058637
68 0.545778 0.322979 0.008000 0.061490
68 0.401111 0.426624 0.007556 0.062124
68 0.152889 0.168780 0.014222 0.062441
3256 0.238889 0.720919 0.049333 0.063074
296 0.239778 0.525040 0.036000 0.068146
68 0.619111 0.878288 0.032889 0.074802
