246 0.183932 0.147919 0.049683 0.005852
246 0.440275 0.836964 0.044397 0.008127
92 0.784091 0.377763 0.033298 0.011053
92 0.698996 0.788849 0.032241 0.012679
92 0.612051 0.582737 0.036998 0.012679
162 0.695825 0.435793 0.024841 0.013979
101 0.106501 0.477731 0.026956 0.014629
102 0.444239 0.272919 0.040698 0.015280
56 0.441068 0.422627 0.017442 0.015605
302 0.867336 0.395806 0.040169 0.016580
101 0.448996 0.599967 0.029070 0.017230
93 0.530127 0.522269 0.043340 0.017230
642 0.867600 0.414337 0.041755 0.017880
91 0.614693 0.730819 0.032770 0.018856
55 0.354123 0.458713 0.036998 0.018856
120 0.697939 0.723667 0.016385 0.019506
91 0.102801 0.817295 0.032241 0.019506
91 0.698203 0.384265 0.033827 0.019506
55 0.612579 0.285111 0.040169 0.019506
55 0.100423 0.197172 0.039112 0.019831
88 0.101480 0.582737 0.041226 0.019831
126 0.182875 0.455787 0.035941 0.020156
88 0.187368 0.799415 0.037526 0.020156
126 0.695296 0.847529 0.040698 0.020156
88 0.696617 0.463589 0.041226 0.020156
91 0.441596 0.538199 0.033298 0.020481
88 0.524313 0.403934 0.036998 0.020481
55 0.697939 0.875325 0.042812 0.020481
297 0.695825 0.412386 0.049154 0.020481
91 0.782770 0.543888 0.030655 0.020806
91 0.784884 0.436606 0.031712 0.020806
57 0.705867 0.226105 0.026956 0.021131
91 0.353858 0.518368 0.032241 0.021131
56 0.357030 0.234233 0.015328 0.021782
56 0.525370 0.770481 0.015856 0.022107
91 0.525899 0.579974 0.030655 0.022107
2707 0.870507 0.436769 0.024313 0.022432
126 0.698467 0.633778 0.038584 0.022432
2678 0.868658 0.372237 0.037526 0.022757
60 0.524577 0.457250 0.017442 0.023082
83 0.353858 0.659135 0.033298 0.023082
698 0.614165 0.762354 0.035941 0.023407
56 0.611258 0.313557 0.016385 0.023732
122 0.701110 0.901658 0.036469 0.023732
108 0.180233 0.349480 0.014799 0.024057
56 0.524841 0.434005 0.045455 0.024057
101 0.192389 0.864272 0.026427 0.024382
91 0.187104 0.735858 0.031712 0.024382
126 0.181025 0.277146 0.035412 0.024382
88 0.100687 0.310306 0.038584 0.024382
73 0.613108 0.375000 0.045455 0.024382
66 0.443975 0.733745 0.020085 0.024707
76 0.357558 0.257802 0.021670 0.024707
117 0.354651 0.374350 0.016913 0.025033
28 0.870243 0.162061 0.039641 0.025033
119 0.355444 0.717490 0.015328 0.025358
83 0.354387 0.742848 0.030127 0.025358
83 0.439482 0.698960 0.032241 0.025358
88 0.102008 0.911411 0.020085 0.025683
107 0.441596 0.758940 0.037526 0.025683
122 0.356501 0.482770 0.029070 0.026008
83 0.184197 0.582575 0.030127 0.026008
83 0.353594 0.347204 0.032770 0.026008
88 0.787262 0.645644 0.041755 0.026008
495 0.527484 0.232120 0.053911 0.026008
553 0.441068 0.356795 0.045983 0.026333
495 0.700846 0.665637 0.050740 0.026333
252 0.866543 0.236834 0.052326 0.026333
88 0.355444 0.634265 0.015328 0.026658
126 0.098573 0.425878 0.036469 0.026658
88 0.611522 0.404746 0.040169 0.026658
2194 0.355708 0.432705 0.042283 0.026658
126 0.529334 0.196359 0.043869 0.026658
68 0.183932 0.556079 0.010571 0.026983
85 0.354651 0.546326 0.014799 0.026983
88 0.183140 0.529096 0.015328 0.026983
247 0.358615 0.809980 0.042812 0.026983
1375 0.184461 0.769343 0.043340 0.026983
1006 0.782241 0.577861 0.050740 0.026983
83 0.784091 0.710013 0.028013 0.027308
70 0.361258 0.839727 0.041755 0.027308
1214 0.272727 0.374187 0.044397 0.027308
119 0.353330 0.573635 0.018499 0.027633
83 0.694767 0.280722 0.026956 0.027633
1083 0.613372 0.657835 0.040698 0.027633
598 0.099894 0.453999 0.042283 0.027633
2193 0.867072 0.273244 0.060782 0.027633
107 0.353594 0.289337 0.025370 0.027958
83 0.695825 0.562419 0.033298 0.027958
252 0.185254 0.198309 0.038584 0.027958
71 0.533298 0.830624 0.053911 0.027958
111 0.783562 0.273895 0.025899 0.028283
122 0.522992 0.683518 0.032241 0.028283
87 0.101744 0.612159 0.038584 0.028609
547 0.787262 0.858420 0.042812 0.028934
1415 0.529334 0.864597 0.044926 0.028934
3211 0.785412 0.512191 0.050740 0.028934
119 0.353066 0.401495 0.016913 0.029259
117 0.526427 0.654746 0.016913 0.029259
113 0.099630 0.847854 0.039641 0.029259
122 0.100687 0.230332 0.035412 0.029584
2395 0.526691 0.375650 0.040698 0.029584
28 0.273256 0.271294 0.046512 0.029584
3211 0.185254 0.425390 0.049154 0.029584
710 0.782770 0.404096 0.041226 0.029909
119 0.697939 0.251788 0.018499 0.030234
51 0.696089 0.199122 0.042283 0.030234
83 0.439746 0.199285 0.032770 0.030559
2395 0.701110 0.815995 0.037526 0.030559
62 0.698467 0.533160 0.038584 0.030559
2327 0.441860 0.392068 0.045455 0.030559
85 0.356501 0.689369 0.013214 0.030884
119 0.355708 0.318758 0.015856 0.030884
2677 0.698996 0.352568 0.037526 0.030884
4458 0.101480 0.785923 0.049683 0.030884
85 0.442653 0.630527 0.014271 0.032185
56 0.525370 0.307380 0.022199 0.032185
4416 0.187368 0.704649 0.040698 0.032185
629 0.182611 0.313069 0.041755 0.032510
1401 0.527748 0.900195 0.042812 0.032510
2428 0.442653 0.238947 0.045983 0.032510
350 0.611522 0.792913 0.046512 0.032510
2987 0.357558 0.602731 0.048097 0.032510
4453 0.866279 0.311118 0.060254 0.032510
2059 0.867072 0.199285 0.061839 0.032510
119 0.614429 0.865897 0.019556 0.032835
2428 0.787262 0.745611 0.049154 0.032835
53 0.101480 0.879064 0.012685 0.033160
119 0.781448 0.826073 0.020613 0.033160
1197 0.613372 0.695059 0.044926 0.033160
2083 0.782241 0.352081 0.048626 0.033160
118 0.527220 0.340215 0.013214 0.033485
60 0.784355 0.610208 0.015856 0.033810
3025 0.525634 0.553641 0.042812 0.033810
3025 0.697939 0.601105 0.042812 0.033810
366 0.784619 0.203511 0.048097 0.033810
2428 0.783827 0.310143 0.049683 0.033810
4466 0.178911 0.240247 0.051268 0.033810
121 0.785412 0.237484 0.035941 0.034135
2198 0.186047 0.386704 0.046512 0.034135
1312 0.359408 0.775845 0.048626 0.034135
4214 0.699524 0.759428 0.047040 0.034460
3136 0.440803 0.902958 0.035941 0.034785
975 0.441068 0.864597 0.043869 0.034785
68 0.355180 0.489109 0.045455 0.034785
1639 0.185782 0.834363 0.049154 0.034785
2194 0.189482 0.904909 0.049154 0.034785
118 0.524313 0.799090 0.016913 0.035111
123 0.696882 0.500325 0.018499 0.035111
76 0.698996 0.696359 0.020613 0.035111
3025 0.694503 0.318270 0.045455 0.035111
2428 0.612315 0.437581 0.048097 0.035111
119 0.609672 0.513166 0.019556 0.035436
3322 0.102008 0.547952 0.031712 0.035436
2198 0.787262 0.472367 0.045983 0.035761
1656 0.099366 0.344928 0.049683 0.035761
1831 0.613108 0.552178 0.035941 0.036086
4435 0.438689 0.573309 0.043340 0.036086
83 0.100159 0.698309 0.018499 0.036411
87 0.616279 0.831274 0.034884 0.036411
87 0.613108 0.477081 0.032770 0.036736
1917 0.784355 0.897757 0.043340 0.036736
83 0.355973 0.200585 0.018499 0.037061
107 0.609672 0.344116 0.026956 0.037386
2983 0.186047 0.619798 0.038055 0.037386
3025 0.613372 0.903934 0.049154 0.037386
4458 0.267442 0.428641 0.064482 0.037386
3322 0.526956 0.615735 0.032770 0.037711
87 0.786205 0.790475 0.031184 0.038036
2946 0.439218 0.503901 0.035941 0.038362
3375 0.099630 0.386866 0.038584 0.038362
83 0.527220 0.267393 0.018499 0.039337
4371 0.101480 0.506339 0.030655 0.039987
4163 0.439746 0.457900 0.038055 0.039987
4089 0.269027 0.317133 0.060254 0.039987
121 0.526691 0.489109 0.034355 0.040637
2685 0.185782 0.492360 0.042812 0.040637
68 0.785677 0.675715 0.008985 0.041287
83 0.613636 0.247237 0.014799 0.041287
119 0.439218 0.667425 0.024313 0.041612
4475 0.185782 0.665150 0.056554 0.041612
4662 0.100159 0.742685 0.038584 0.042588
3407 0.613636 0.616385 0.040169 0.044213
68 0.615486 0.204324 0.007928 0.044538
68 0.101216 0.654096 0.010042 0.048765
68 0.100159 0.270156 0.010042 0.050065
68 0.524049 0.726105 0.007928 0.053641
68 0.442389 0.310793 0.007400 0.054616
68 0.441332 0.804616 0.009514 0.056567
