173 0.883899 0.875375 0.032489 0.009298
52 0.386288 0.834583 0.022456 0.009898
92 0.337793 0.909568 0.039178 0.010498
173 0.455805 0.645171 0.033445 0.010798
173 0.132585 0.157768 0.035834 0.011398
203 0.892977 0.834733 0.037267 0.012597
52 0.925227 0.575435 0.024367 0.012897
173 0.881510 0.149520 0.034400 0.012897
182 0.891065 0.613377 0.041089 0.013797
52 0.717152 0.576035 0.024845 0.014697
192 0.241042 0.462807 0.028189 0.015597
203 0.890827 0.633173 0.043478 0.016197
89 0.925466 0.592831 0.028667 0.016497
89 0.388677 0.853179 0.029145 0.016497
92 0.450549 0.326785 0.042045 0.016497
203 0.677258 0.647271 0.038700 0.016797
1406 0.450072 0.208158 0.040134 0.017397
65 0.560917 0.125675 0.048734 0.017397
92 0.127807 0.724955 0.042523 0.017996
52 0.232441 0.369226 0.044434 0.017996
52 0.559484 0.175315 0.051601 0.018296
64 0.129479 0.351830 0.037267 0.018596
83 0.875538 0.793791 0.030100 0.018896
52 0.552556 0.779994 0.041567 0.018896
113 0.664118 0.799190 0.059245 0.018896
56 0.125657 0.257948 0.023889 0.019196
95 0.879360 0.742951 0.042523 0.019196
101 0.343526 0.173665 0.052556 0.019196
162 0.885332 0.250300 0.025800 0.019496
57 0.453655 0.842531 0.036789 0.019796
65 0.243430 0.314937 0.051123 0.019796
547 0.773531 0.293041 0.062112 0.019796
171 0.892260 0.817786 0.029145 0.020096
52 0.231008 0.753449 0.048256 0.020396
126 0.769231 0.196161 0.049689 0.020396
52 0.450311 0.476005 0.055901 0.020396
58 0.924271 0.857079 0.019589 0.020696
148 0.865026 0.910768 0.026278 0.020696
84 0.129240 0.598230 0.046345 0.020696
65 0.128763 0.812088 0.054945 0.020696
52 0.340182 0.358428 0.046823 0.020996
58 0.924510 0.129724 0.019111 0.021296
56 0.563306 0.353779 0.023889 0.021296
91 0.877926 0.274895 0.040612 0.021296
91 0.666269 0.371476 0.040612 0.021296
84 0.125418 0.788092 0.045389 0.021296
56 0.769470 0.432963 0.054945 0.021296
55 0.238175 0.627025 0.065456 0.021296
58 0.498567 0.612777 0.022456 0.021596
1406 0.879121 0.340432 0.046823 0.021596
65 0.559484 0.725255 0.046823 0.021596
89 0.718108 0.594631 0.030578 0.021896
92 0.556140 0.695711 0.038223 0.021896
55 0.446011 0.870426 0.052078 0.022196
127 0.668180 0.819736 0.053034 0.022196
57 0.561156 0.560738 0.031056 0.022496
1406 0.777353 0.659118 0.046823 0.022496
58 0.169852 0.132274 0.020545 0.022795
57 0.663402 0.844331 0.049212 0.022795
57 0.665313 0.284193 0.040612 0.023095
68 0.565456 0.376125 0.007167 0.023395
119 0.122790 0.856629 0.021022 0.023395
79 0.931677 0.152370 0.029623 0.023395
252 0.234591 0.654169 0.059245 0.023395
500 0.879838 0.418266 0.036789 0.023695
84 0.666746 0.396671 0.048256 0.023695
84 0.339465 0.710408 0.048256 0.023695
2177 0.769470 0.168416 0.062590 0.023695
56 0.341854 0.454109 0.021500 0.023995
117 0.879360 0.659868 0.021500 0.023995
67 0.133301 0.832933 0.043000 0.023995
67 0.563545 0.154169 0.044434 0.023995
88 0.881032 0.442112 0.047778 0.023995
113 0.337315 0.509598 0.061156 0.023995
79 0.505733 0.635723 0.029145 0.024295
57 0.781653 0.764547 0.039178 0.024595
252 0.875538 0.472705 0.053034 0.024595
553 0.878882 0.769346 0.057812 0.024595
127 0.450549 0.819136 0.062112 0.024595
68 0.880076 0.527445 0.013378 0.024895
111 0.775203 0.625525 0.032967 0.024895
1435 0.879360 0.720306 0.043478 0.024895
84 0.233397 0.286893 0.047301 0.024895
70 0.125657 0.907768 0.048734 0.024895
134 0.882226 0.894721 0.017678 0.025195
107 0.880793 0.502400 0.030100 0.025195
101 0.446488 0.578584 0.058767 0.025195
86 0.567129 0.508548 0.032489 0.025495
148 0.677019 0.671716 0.033445 0.025495
84 0.561873 0.672016 0.051601 0.025495
55 0.558290 0.403869 0.056856 0.025495
79 0.928571 0.880624 0.025323 0.025795
500 0.774486 0.735153 0.041089 0.025795
501 0.879360 0.221356 0.053034 0.025795
76 0.771859 0.402370 0.024367 0.026095
107 0.772814 0.565837 0.031056 0.026095
118 0.233875 0.874175 0.033923 0.026095
57 0.779264 0.906869 0.037267 0.026095
86 0.455088 0.351080 0.049212 0.026095
68 0.778548 0.373125 0.010033 0.026395
66 0.556140 0.296941 0.030578 0.026395
91 0.559245 0.269046 0.039656 0.026395
67 0.135690 0.380924 0.043000 0.026395
119 0.774009 0.825285 0.024845 0.026695
171 0.571667 0.904469 0.027234 0.026695
55 0.340898 0.199910 0.055901 0.026695
107 0.770664 0.346431 0.027711 0.026995
91 0.558528 0.534793 0.042045 0.026995
60 0.878165 0.685513 0.018156 0.027295
66 0.446011 0.452160 0.026278 0.027295
107 0.118251 0.881674 0.028189 0.027295
107 0.771142 0.852579 0.029623 0.027295
699 0.448161 0.296491 0.048734 0.027295
66 0.448399 0.793041 0.023411 0.027594
70 0.772097 0.880024 0.032489 0.027594
76 0.874343 0.553689 0.034400 0.027594
4260 0.448399 0.761548 0.047301 0.027594
55 0.342332 0.595081 0.059723 0.027594
121 0.342809 0.890522 0.059723 0.027594
68 0.241280 0.813287 0.010511 0.027894
118 0.775442 0.457558 0.028667 0.027894
72 0.551839 0.839082 0.031534 0.027894
127 0.128763 0.504649 0.058767 0.027894
117 0.232680 0.525795 0.021978 0.028194
119 0.663641 0.493401 0.026756 0.028194
107 0.665074 0.521596 0.030578 0.028194
70 0.669135 0.549790 0.049212 0.028194
123 0.661730 0.258398 0.023889 0.028494
74 0.126135 0.538542 0.033445 0.028494
72 0.124940 0.476455 0.036789 0.028494
134 0.671763 0.619676 0.019111 0.028794
119 0.344004 0.566887 0.024845 0.028794
111 0.124701 0.622975 0.030578 0.028794
252 0.338987 0.230054 0.051123 0.028794
68 0.777831 0.318386 0.009556 0.029094
134 0.454611 0.665717 0.020545 0.029094
45 0.684185 0.598530 0.031534 0.029094
76 0.228619 0.846581 0.032011 0.029094
113 0.670330 0.704109 0.052556 0.029094
107 0.344004 0.388422 0.025800 0.029394
79 0.177735 0.158368 0.036312 0.029394
84 0.777592 0.592981 0.053034 0.029394
702 0.774486 0.488152 0.048734 0.029694
68 0.557095 0.328284 0.052556 0.029694
2151 0.126613 0.654319 0.054467 0.029694
74 0.338509 0.861728 0.028189 0.029994
111 0.127090 0.319436 0.028667 0.029994
107 0.233875 0.394721 0.031056 0.029994
83 0.767559 0.262747 0.038700 0.029994
1005 0.123029 0.755849 0.062590 0.029994
111 0.666269 0.345681 0.019589 0.030294
45 0.894410 0.595831 0.029623 0.030294
134 0.129957 0.181464 0.016245 0.030594
53 0.232203 0.902519 0.017200 0.030594
135 0.241758 0.491002 0.021978 0.030594
66 0.340898 0.332633 0.028189 0.030594
92 0.341376 0.537043 0.034878 0.030894
1197 0.344482 0.630924 0.056378 0.030894
127 0.675585 0.734403 0.068801 0.030894
66 0.231008 0.727654 0.027234 0.031194
86 0.240086 0.595081 0.033923 0.031194
617 0.771142 0.796341 0.056378 0.031194
127 0.350454 0.261248 0.064501 0.031194
134 0.880315 0.178314 0.020545 0.031494
107 0.340420 0.777594 0.025323 0.031494
118 0.341615 0.481854 0.032489 0.031494
127 0.559723 0.868776 0.060678 0.031494
2177 0.555184 0.477355 0.065934 0.031494
107 0.664357 0.463407 0.032967 0.031794
119 0.125657 0.410318 0.030578 0.032394
107 0.554467 0.808788 0.026278 0.032693
70 0.557334 0.239502 0.034878 0.032693
53 0.662685 0.904469 0.028667 0.033293
95 0.235786 0.176515 0.055901 0.033293
289 0.560678 0.439562 0.059723 0.033293
121 0.129479 0.569436 0.068801 0.033293
92 0.446488 0.170666 0.026278 0.033593
3231 0.664835 0.873725 0.048256 0.033593
2822 0.877926 0.306839 0.058767 0.033593
70 0.336359 0.810888 0.033445 0.033893
45 0.894888 0.139622 0.037267 0.033893
45 0.891543 0.875075 0.041089 0.033893
978 0.558051 0.593131 0.049689 0.033893
904 0.121357 0.287493 0.055423 0.033893
53 0.450072 0.382424 0.024845 0.034193
45 0.465122 0.632873 0.034878 0.034193
67 0.559723 0.753299 0.041567 0.034493
45 0.141185 0.142472 0.032011 0.034793
107 0.230530 0.781644 0.030100 0.035393
87 0.449594 0.420816 0.033445 0.035393
45 0.351648 0.857229 0.033445 0.035393
67 0.241519 0.342531 0.039656 0.035393
64 0.665313 0.429814 0.047301 0.035393
385 0.666507 0.316737 0.056378 0.035393
107 0.121357 0.444361 0.033445 0.035693
70 0.232441 0.427564 0.036789 0.035693
330 0.774009 0.229904 0.039178 0.035693
289 0.776398 0.133323 0.058290 0.035693
107 0.558290 0.204859 0.024367 0.035993
87 0.340659 0.299340 0.036312 0.035993
1083 0.126374 0.689562 0.051123 0.035993
78 0.665074 0.771596 0.034400 0.036293
107 0.449116 0.507948 0.035356 0.036293
366 0.448638 0.136923 0.061156 0.036293
1197 0.448877 0.899820 0.054945 0.036593
366 0.126613 0.230054 0.060201 0.036593
3286 0.344004 0.744751 0.049689 0.037193
365 0.557812 0.632274 0.057812 0.037792
53 0.657430 0.178164 0.029623 0.038392
87 0.231964 0.215057 0.034878 0.038392
70 0.343287 0.422615 0.036789 0.038992
87 0.233397 0.692561 0.038700 0.038992
104 0.235308 0.559388 0.057812 0.038992
1778 0.343048 0.672166 0.048734 0.039592
70 0.450072 0.546041 0.035356 0.039892
1778 0.341854 0.137972 0.046345 0.040192
228 0.663641 0.138572 0.043956 0.040792
1300 0.230769 0.139472 0.061156 0.040792
990 0.875538 0.378074 0.038700 0.041692
1814 0.662207 0.215807 0.057334 0.041692
322 0.771620 0.531794 0.065934 0.041992
3526 0.446249 0.713107 0.057334 0.044691
990 0.774486 0.698860 0.036312 0.046791
2850 0.449355 0.254949 0.056856 0.048590
