246 0.847599 0.785552 0.046125 0.006479
246 0.781027 0.345805 0.051831 0.008098
101 0.781265 0.195011 0.058012 0.009718
92 0.363766 0.869291 0.038041 0.013282
101 0.158583 0.672983 0.056586 0.014577
297 0.781740 0.398607 0.053257 0.015225
92 0.292202 0.565922 0.035663 0.015549
92 0.505231 0.161808 0.038516 0.016521
102 0.294579 0.125850 0.059439 0.017169
92 0.155017 0.290411 0.036139 0.017817
120 0.234189 0.861354 0.016643 0.018141
128 0.790537 0.295432 0.013790 0.018788
85 0.848074 0.507127 0.029006 0.019112
92 0.223728 0.293975 0.040418 0.019112
85 0.643129 0.403304 0.025202 0.019436
52 0.151450 0.599935 0.042320 0.019436
126 0.711840 0.848397 0.045649 0.019436
1810 0.781027 0.373340 0.024251 0.019760
85 0.781265 0.854713 0.026629 0.019760
120 0.372325 0.909783 0.019971 0.020408
251 0.364242 0.129090 0.038041 0.020408
52 0.849263 0.622773 0.038041 0.020408
1002 0.163576 0.912374 0.057061 0.020408
128 0.783405 0.570133 0.009035 0.020732
87 0.154779 0.754454 0.037565 0.020732
56 0.574893 0.763848 0.016167 0.021380
1810 0.782454 0.422902 0.023300 0.021704
52 0.222539 0.315355 0.042796 0.021704
120 0.716120 0.453191 0.018069 0.022028
87 0.366857 0.253644 0.035663 0.022028
52 0.157156 0.826693 0.039467 0.022028
85 0.648597 0.806122 0.025678 0.022352
76 0.712791 0.161160 0.028531 0.022352
91 0.510937 0.838192 0.037565 0.022352
126 0.641702 0.378199 0.049929 0.022352
1415 0.780314 0.806122 0.055159 0.022352
66 0.294579 0.618400 0.026153 0.022676
56 0.150975 0.524133 0.041369 0.022676
52 0.150975 0.313573 0.044223 0.022676
126 0.781027 0.448656 0.048978 0.022676
118 0.154066 0.546971 0.013314 0.023000
356 0.363291 0.890994 0.053257 0.023000
62 0.781265 0.214124 0.025678 0.023324
3053 0.091298 0.574668 0.036139 0.023324
62 0.435806 0.878685 0.021398 0.023648
57 0.781027 0.781179 0.022349 0.023648
1810 0.646933 0.667477 0.025202 0.023648
87 0.440799 0.754292 0.033286 0.023648
251 0.224204 0.522352 0.048027 0.023648
108 0.435806 0.848882 0.018545 0.024295
117 0.571802 0.515873 0.021398 0.024295
126 0.150975 0.201004 0.045174 0.024295
109 0.365906 0.596534 0.048978 0.024295
128 0.718497 0.905734 0.011412 0.024619
85 0.230861 0.882734 0.014741 0.024619
87 0.225630 0.467120 0.036614 0.024619
547 0.157394 0.692906 0.042796 0.024619
2151 0.151926 0.229025 0.044223 0.024619
702 0.435093 0.432297 0.039943 0.024943
89 0.365668 0.306932 0.047551 0.024943
98 0.156205 0.850178 0.050880 0.024943
118 0.300048 0.701976 0.014265 0.025267
120 0.581075 0.907353 0.018069 0.025267
89 0.291488 0.676709 0.038041 0.025267
72 0.846885 0.675089 0.042796 0.025267
64 0.572515 0.578069 0.021874 0.025591
76 0.502378 0.619534 0.031859 0.025591
91 0.432240 0.170878 0.036139 0.025591
3053 0.155968 0.652899 0.036139 0.025591
64 0.781978 0.273243 0.037565 0.025591
51 0.434855 0.525915 0.038516 0.025591
51 0.296719 0.223032 0.038992 0.025591
1415 0.647884 0.778912 0.048027 0.025591
56 0.294579 0.759151 0.018545 0.026239
1214 0.509035 0.403142 0.043272 0.026239
3041 0.291488 0.869938 0.044698 0.026239
89 0.149073 0.171526 0.045174 0.026239
113 0.503329 0.264496 0.047076 0.026239
53 0.083214 0.173631 0.017118 0.026563
88 0.650499 0.262067 0.021874 0.026563
88 0.296243 0.540168 0.021874 0.026887
91 0.224204 0.584548 0.035663 0.026887
88 0.364242 0.846939 0.046600 0.026887
120 0.846410 0.873340 0.019020 0.027211
88 0.439610 0.241011 0.020447 0.027211
117 0.572753 0.302559 0.022349 0.027211
117 0.574893 0.133139 0.022825 0.027211
1214 0.226343 0.613865 0.042796 0.027211
88 0.361388 0.196793 0.016167 0.027535
66 0.293628 0.351960 0.027104 0.027535
67 0.159058 0.621801 0.030908 0.027535
58 0.436757 0.695983 0.031859 0.027535
76 0.362102 0.789925 0.031859 0.027535
95 0.364479 0.650632 0.039467 0.027535
4260 0.843795 0.814869 0.045174 0.027535
1579 0.221350 0.438128 0.047076 0.027535
91 0.717309 0.562196 0.059439 0.027535
85 0.155730 0.803045 0.013790 0.027859
88 0.783880 0.323615 0.020447 0.027859
88 0.296006 0.438937 0.020447 0.027859
129 0.859962 0.530612 0.021398 0.027859
88 0.784118 0.134435 0.021874 0.027859
72 0.574417 0.702624 0.034237 0.027859
76 0.714456 0.333009 0.047076 0.027859
118 0.301236 0.249919 0.011888 0.028183
85 0.847836 0.364593 0.014265 0.028183
56 0.363291 0.622773 0.019020 0.028183
119 0.439135 0.370100 0.019496 0.028183
117 0.090109 0.436832 0.021398 0.028183
88 0.505944 0.133625 0.021874 0.028183
110 0.639325 0.129414 0.032810 0.028183
95 0.645269 0.231778 0.039943 0.028183
62 0.647646 0.831390 0.041845 0.028183
4345 0.436519 0.272595 0.043747 0.028183
111 0.645506 0.885649 0.019496 0.028507
3735 0.229672 0.838030 0.042796 0.028507
560 0.507608 0.767412 0.043272 0.028507
1579 0.090823 0.665371 0.047551 0.028507
88 0.651450 0.748461 0.019971 0.028831
120 0.782929 0.240201 0.021398 0.028831
111 0.365193 0.224976 0.029482 0.028831
89 0.090109 0.908811 0.048027 0.028831
123 0.365906 0.761581 0.017594 0.029155
111 0.155730 0.428247 0.020447 0.029155
95 0.090823 0.600907 0.038992 0.029155
109 0.644318 0.460317 0.048502 0.029155
91 0.096529 0.771623 0.058012 0.029155
108 0.715169 0.388241 0.014265 0.029478
117 0.222777 0.376255 0.021398 0.029478
95 0.437470 0.496437 0.041845 0.029478
1579 0.844983 0.904924 0.041845 0.029478
126 0.781503 0.832038 0.048978 0.029478
3313 0.223015 0.555070 0.049453 0.029478
57 0.294104 0.413508 0.055635 0.029478
127 0.163100 0.779559 0.059914 0.029478
119 0.367570 0.279559 0.019971 0.029802
88 0.228721 0.814707 0.050404 0.029802
85 0.844983 0.726595 0.011412 0.030450
118 0.712791 0.225138 0.016167 0.030450
56 0.149786 0.340136 0.016167 0.030450
87 0.843557 0.844509 0.033286 0.030450
120 0.440323 0.905734 0.046600 0.030450
117 0.091060 0.314059 0.021398 0.030774
4082 0.784118 0.481535 0.034237 0.030774
91 0.711127 0.358115 0.036614 0.030774
4328 0.713505 0.818756 0.044223 0.030774
88 0.783167 0.601069 0.044698 0.030774
85 0.649786 0.904762 0.016643 0.031098
70 0.644793 0.490444 0.026629 0.031098
83 0.362577 0.679624 0.032810 0.031098
83 0.711365 0.751539 0.035188 0.031098
83 0.782216 0.905410 0.038992 0.031098
95 0.712553 0.134435 0.042320 0.031098
55 0.152877 0.397149 0.044223 0.031098
83 0.647884 0.857143 0.045174 0.031098
91 0.516167 0.906058 0.067998 0.031098
88 0.364242 0.568027 0.019020 0.031422
88 0.504755 0.438776 0.042320 0.031422
96 0.575131 0.606576 0.042320 0.031422
119 0.224441 0.495303 0.025678 0.031746
122 0.152877 0.494979 0.041369 0.031746
1424 0.366619 0.379333 0.050404 0.031746
119 0.780314 0.880628 0.019971 0.032070
111 0.647171 0.635083 0.024727 0.032070
1424 0.782691 0.667477 0.045649 0.032070
88 0.155254 0.371396 0.048027 0.032070
119 0.573942 0.162941 0.020922 0.032394
107 0.293153 0.590865 0.041369 0.032394
91 0.091774 0.405896 0.057061 0.032394
58 0.712791 0.636378 0.030433 0.032718
70 0.296006 0.382086 0.031859 0.032718
4402 0.154541 0.262229 0.044698 0.032718
1560 0.852116 0.429381 0.049453 0.032718
127 0.442463 0.782475 0.057537 0.032718
70 0.717309 0.878199 0.039467 0.033042
4260 0.503566 0.336249 0.043747 0.033042
903 0.502615 0.234856 0.051355 0.033042
68 0.160010 0.459508 0.006182 0.033366
92 0.090823 0.696307 0.025678 0.033366
58 0.574655 0.402170 0.028055 0.033366
86 0.303138 0.319566 0.031859 0.033366
83 0.084641 0.280693 0.033286 0.033366
4328 0.643367 0.595886 0.046600 0.033366
111 0.233714 0.906382 0.027104 0.033690
51 0.436044 0.464853 0.038041 0.033690
1456 0.436282 0.814383 0.049929 0.033690
91 0.578935 0.275348 0.062292 0.033690
1419 0.714456 0.528831 0.042320 0.034014
88 0.509272 0.597506 0.044698 0.034014
119 0.294104 0.646906 0.020447 0.034338
92 0.226106 0.218011 0.025202 0.034338
58 0.850927 0.134435 0.033761 0.034338
83 0.846885 0.758989 0.034237 0.034338
2885 0.157156 0.722384 0.039467 0.034338
62 0.579886 0.791707 0.040418 0.034338
3735 0.092011 0.551020 0.044223 0.034338
3959 0.293390 0.504373 0.046600 0.034338
4037 0.778887 0.169420 0.048502 0.034338
689 0.436757 0.310010 0.051831 0.034338
107 0.849976 0.595238 0.029006 0.034661
71 0.847599 0.327664 0.029957 0.034661
68 0.296719 0.789764 0.007608 0.034985
111 0.295530 0.190800 0.026153 0.034985
4528 0.505231 0.297052 0.027104 0.034985
3871 0.714931 0.785228 0.030908 0.034985
70 0.782216 0.514415 0.042796 0.034985
981 0.784593 0.703272 0.043747 0.034985
58 0.092011 0.346939 0.045174 0.034985
3022 0.292677 0.472627 0.046125 0.034985
1128 0.570613 0.197927 0.047551 0.034985
98 0.434142 0.556203 0.049453 0.034985
127 0.298621 0.732102 0.054208 0.034985
88 0.716120 0.670392 0.022825 0.035309
91 0.294817 0.901684 0.040894 0.035309
81 0.646457 0.200032 0.041369 0.035309
88 0.852116 0.165047 0.042796 0.035309
126 0.576082 0.734208 0.047076 0.035309
91 0.439372 0.623421 0.054208 0.035309
119 0.365906 0.821510 0.022349 0.035633
119 0.644793 0.430839 0.022825 0.035633
83 0.438897 0.402008 0.035188 0.035633
4455 0.148122 0.135730 0.049929 0.035633
111 0.091060 0.833657 0.027104 0.035957
111 0.847361 0.395044 0.029482 0.035957
3439 0.504517 0.197441 0.033286 0.035957
3735 0.091060 0.876093 0.038516 0.035957
107 0.782216 0.541626 0.025678 0.036281
107 0.436282 0.337868 0.026153 0.036281
111 0.507608 0.731131 0.027104 0.036281
126 0.575369 0.436670 0.041845 0.036281
70 0.708749 0.191610 0.035663 0.036605
718 0.221113 0.135892 0.036139 0.036605
126 0.439135 0.728053 0.044223 0.036605
2391 0.508084 0.800939 0.047076 0.036605
99 0.641465 0.524295 0.053257 0.036605
85 0.088683 0.511824 0.013790 0.036929
85 0.579173 0.670230 0.015216 0.036929
1250 0.222777 0.736638 0.042320 0.036929
58 0.224204 0.409459 0.044223 0.036929
91 0.506657 0.373826 0.047076 0.036929
4328 0.363766 0.454810 0.047551 0.036929
3871 0.363766 0.418691 0.033286 0.037253
122 0.575606 0.546647 0.044223 0.037253
2144 0.714218 0.259961 0.050404 0.037253
975 0.502853 0.469064 0.047076 0.037577
127 0.853305 0.706511 0.061341 0.037577
85 0.228483 0.339650 0.016643 0.037901
1879 0.360200 0.162779 0.037565 0.037901
492 0.087494 0.140104 0.041845 0.037901
81 0.504280 0.651280 0.043272 0.037901
4077 0.435330 0.660350 0.051831 0.037901
118 0.849263 0.652251 0.021874 0.038549
721 0.290537 0.832685 0.035188 0.038549
2904 0.088207 0.243116 0.040418 0.038549
1052 0.782929 0.746842 0.048027 0.038549
470 0.642891 0.343537 0.050404 0.038549
53 0.296006 0.153871 0.019496 0.038873
62 0.715169 0.422741 0.045649 0.038873
1052 0.361151 0.531584 0.048027 0.038873
4166 0.784831 0.627794 0.049929 0.038873
83 0.644080 0.162779 0.017594 0.039197
78 0.087970 0.206511 0.028531 0.039197
1716 0.223490 0.697927 0.050404 0.039197
83 0.576082 0.828636 0.019496 0.039521
90 0.296481 0.283771 0.048027 0.039521
1848 0.435330 0.136378 0.051831 0.039521
316 0.091536 0.375121 0.053733 0.039521
505 0.708987 0.490930 0.028531 0.039845
58 0.711365 0.295270 0.031384 0.039845
1035 0.576320 0.241821 0.055159 0.039845
1827 0.225868 0.258665 0.038041 0.040492
110 0.851403 0.564140 0.046125 0.040492
4166 0.368759 0.338354 0.050880 0.040492
3871 0.641940 0.558795 0.030433 0.040816
4348 0.505944 0.691286 0.040894 0.040816
122 0.572991 0.336249 0.044698 0.040816
4164 0.221350 0.180434 0.050880 0.040816
127 0.155730 0.573696 0.051831 0.040816
4122 0.091298 0.736638 0.053257 0.040816
316 0.095578 0.800454 0.054208 0.040816
2718 0.157632 0.878685 0.035663 0.041140
643 0.572040 0.638646 0.025678 0.041788
2956 0.709225 0.596858 0.045174 0.041788
981 0.364717 0.490930 0.048502 0.041788
1505 0.712078 0.712666 0.047076 0.042112
3213 0.844746 0.289116 0.042320 0.042436
3871 0.845221 0.200680 0.035663 0.043084
1158 0.508321 0.871558 0.038992 0.043084
1050 0.641702 0.298996 0.048978 0.043408
992 0.576320 0.872692 0.038041 0.044056
4328 0.849738 0.239391 0.054208 0.044704
296 0.439848 0.591999 0.029482 0.045028
4240 0.433191 0.204891 0.046600 0.045028
68 0.589158 0.369291 0.011412 0.045999
1286 0.225155 0.779883 0.040418 0.046323
68 0.105088 0.626660 0.010461 0.046971
4122 0.364242 0.721574 0.051355 0.046971
1505 0.569900 0.476838 0.044223 0.048591
68 0.096291 0.472789 0.005231 0.050858
3411 0.222301 0.651603 0.041369 0.050858
47 0.852592 0.469388 0.030433 0.055070
47 0.653115 0.703758 0.029006 0.062520
47 0.514503 0.517331 0.031384 0.064788
