173 0.169245 0.719521 0.026978 0.008776
91 0.243705 0.657258 0.024820 0.013283
91 0.473921 0.580764 0.026978 0.013520
128 0.859532 0.755930 0.006835 0.014231
88 0.310072 0.912120 0.015827 0.014469
1810 0.475899 0.257946 0.015827 0.015417
56 0.093345 0.771466 0.034173 0.015417
56 0.164209 0.700783 0.034892 0.015892
56 0.551619 0.840844 0.010432 0.016129
91 0.628597 0.611480 0.028417 0.016129
88 0.392446 0.907258 0.031655 0.016129
88 0.858453 0.424692 0.030576 0.016366
88 0.780935 0.314398 0.031655 0.016366
495 0.321942 0.232804 0.047482 0.016366
126 0.090108 0.907258 0.026978 0.017078
56 0.477158 0.835745 0.033453 0.017315
88 0.171223 0.471181 0.028777 0.017789
1810 0.321763 0.311433 0.019065 0.018027
88 0.552698 0.445446 0.029137 0.018027
68 0.549820 0.792576 0.031295 0.018264
109 0.780216 0.858278 0.033094 0.018264
95 0.476439 0.633420 0.034173 0.018264
101 0.707374 0.537358 0.042806 0.018264
59 0.172842 0.280005 0.029856 0.018738
87 0.093345 0.847486 0.025540 0.018975
110 0.089748 0.311907 0.029856 0.018975
126 0.780935 0.743833 0.030216 0.018975
56 0.168885 0.737310 0.011871 0.019213
117 0.236151 0.851162 0.014029 0.019213
60 0.477698 0.854009 0.014388 0.019213
120 0.707554 0.581001 0.017266 0.019213
126 0.170683 0.673743 0.025540 0.019213
120 0.706655 0.686314 0.015468 0.019687
88 0.321043 0.578866 0.029856 0.019687
88 0.625360 0.786409 0.028417 0.020161
126 0.171043 0.308942 0.029137 0.020161
495 0.175180 0.595707 0.041727 0.020161
121 0.863129 0.905005 0.045683 0.020161
115 0.168165 0.646703 0.028417 0.020636
356 0.552158 0.470707 0.033094 0.020636
83 0.856295 0.370138 0.028417 0.021110
2177 0.164209 0.864445 0.040647 0.021110
76 0.780036 0.904530 0.017626 0.021584
66 0.780036 0.795185 0.018345 0.021584
119 0.857734 0.253914 0.020504 0.021584
87 0.779676 0.769568 0.032014 0.021584
1834 0.552518 0.278344 0.034532 0.021584
632 0.097662 0.510555 0.034892 0.021584
370 0.860971 0.589303 0.039209 0.021584
111 0.398022 0.509725 0.016906 0.021822
115 0.092086 0.748340 0.031655 0.021822
113 0.398381 0.413188 0.036331 0.021822
91 0.554137 0.360769 0.038489 0.021822
346 0.552158 0.230076 0.038849 0.021822
87 0.776439 0.420897 0.021223 0.022059
115 0.626259 0.355194 0.028777 0.022059
4132 0.245863 0.269331 0.033453 0.022059
92 0.550540 0.303487 0.019784 0.022533
1834 0.629856 0.528582 0.035971 0.022533
1834 0.401978 0.317481 0.036331 0.022533
121 0.478597 0.877491 0.039209 0.022533
88 0.475360 0.812856 0.030576 0.022770
84 0.240647 0.741224 0.031655 0.022770
96 0.707374 0.393027 0.036331 0.022770
111 0.239388 0.770754 0.014748 0.023008
92 0.550899 0.766010 0.019784 0.023008
78 0.241727 0.825308 0.020144 0.023008
126 0.479496 0.282614 0.030216 0.023008
87 0.170683 0.337880 0.033453 0.023008
119 0.704137 0.249170 0.021942 0.023482
126 0.550000 0.579815 0.023022 0.023482
979 0.473921 0.557045 0.032734 0.023482
1375 0.627878 0.439872 0.037770 0.023482
91 0.325540 0.334559 0.047482 0.023482
76 0.554317 0.492884 0.017266 0.023719
126 0.095863 0.418880 0.029856 0.023719
120 0.631475 0.378083 0.031295 0.023719
107 0.780755 0.879981 0.031295 0.023719
683 0.477338 0.750000 0.037410 0.023719
70 0.548741 0.254625 0.016187 0.023956
70 0.396403 0.264113 0.018705 0.023956
76 0.706115 0.516010 0.021583 0.023956
3285 0.858633 0.882709 0.025899 0.023956
126 0.857734 0.561551 0.028417 0.023956
95 0.704496 0.866580 0.031295 0.023956
53 0.238669 0.801589 0.011871 0.024431
61 0.629317 0.502016 0.016187 0.024431
119 0.857374 0.617291 0.019784 0.024431
92 0.398741 0.344995 0.020504 0.024431
92 0.705216 0.634369 0.021223 0.024431
126 0.398921 0.479720 0.023022 0.024431
126 0.476619 0.658088 0.025899 0.024431
370 0.397662 0.679435 0.032734 0.024431
98 0.325360 0.468572 0.035612 0.024431
118 0.783993 0.593928 0.011871 0.024668
78 0.480036 0.491698 0.019784 0.024668
126 0.173201 0.565702 0.023381 0.024668
92 0.703777 0.304554 0.025540 0.024668
120 0.555935 0.418169 0.027698 0.024668
107 0.475899 0.467030 0.028777 0.024668
95 0.099460 0.479127 0.031295 0.024668
683 0.859532 0.282970 0.044964 0.024668
92 0.628237 0.555859 0.022662 0.024905
83 0.549460 0.703155 0.024820 0.024905
109 0.628417 0.763876 0.031655 0.024905
58 0.781655 0.443904 0.035971 0.024905
82 0.553777 0.817007 0.037770 0.024905
1834 0.858094 0.858041 0.037770 0.024905
119 0.395504 0.712642 0.019065 0.025380
126 0.246763 0.297083 0.024460 0.025380
2593 0.780935 0.681807 0.027338 0.025380
68 0.778597 0.370138 0.035612 0.025380
683 0.163309 0.795659 0.044604 0.025380
87 0.704317 0.841793 0.018705 0.025617
121 0.323201 0.255455 0.024101 0.025617
510 0.552158 0.609345 0.030216 0.025617
92 0.245863 0.470351 0.031295 0.025617
81 0.779676 0.396110 0.032014 0.025617
115 0.705216 0.663662 0.032014 0.025617
680 0.858453 0.224620 0.033453 0.025617
2309 0.395144 0.743121 0.035612 0.025617
4440 0.175180 0.536528 0.037410 0.025617
91 0.860252 0.677657 0.040647 0.025617
107 0.859353 0.806333 0.031655 0.025854
59 0.327518 0.521703 0.033453 0.025854
1887 0.474640 0.233041 0.037050 0.025854
126 0.325000 0.441532 0.037050 0.025854
93 0.788129 0.225451 0.041727 0.025854
78 0.860432 0.832661 0.020144 0.026328
78 0.478417 0.441769 0.021583 0.026328
72 0.783453 0.621561 0.027338 0.026328
1799 0.780755 0.287120 0.027698 0.026328
970 0.317986 0.287358 0.031655 0.026328
1809 0.324460 0.555859 0.035971 0.026328
577 0.705935 0.277158 0.037050 0.026328
107 0.096583 0.720232 0.037050 0.026328
60 0.625000 0.263046 0.014748 0.026565
126 0.396763 0.644924 0.024460 0.026565
3942 0.704137 0.558112 0.035612 0.026565
4038 0.244424 0.599383 0.037050 0.026565
2719 0.707374 0.225806 0.042806 0.026565
86 0.099281 0.605194 0.020144 0.026803
121 0.476799 0.345232 0.021942 0.026803
126 0.628957 0.703392 0.025540 0.026803
509 0.244245 0.436314 0.028777 0.026803
975 0.552878 0.736361 0.033094 0.026803
3545 0.550719 0.332898 0.035971 0.026803
2309 0.858633 0.400735 0.037410 0.026803
58 0.702338 0.368240 0.017626 0.027277
111 0.165108 0.900498 0.025899 0.027277
2887 0.628957 0.586931 0.034892 0.027277
1682 0.781475 0.568904 0.037770 0.027277
127 0.479317 0.899549 0.037770 0.027277
70 0.172842 0.368359 0.017626 0.027514
87 0.548921 0.861006 0.018705 0.027514
505 0.778597 0.652514 0.032734 0.027514
3562 0.859892 0.651091 0.035612 0.027514
683 0.096942 0.691176 0.036331 0.027514
3562 0.857194 0.498814 0.037410 0.027514
68 0.707554 0.814872 0.005755 0.027751
60 0.094065 0.817481 0.013309 0.027751
107 0.239928 0.715963 0.017266 0.027751
93 0.315288 0.814635 0.020504 0.027751
119 0.234353 0.874644 0.022662 0.027751
126 0.783094 0.542102 0.033094 0.027751
83 0.396583 0.571276 0.015468 0.028226
87 0.317626 0.752965 0.025899 0.028226
88 0.550899 0.641010 0.026259 0.028226
72 0.321942 0.494900 0.030216 0.028226
3175 0.239388 0.683942 0.032734 0.028226
51 0.705576 0.490157 0.034892 0.028226
338 0.629137 0.472367 0.038849 0.028226
3562 0.707374 0.899075 0.044245 0.028226
76 0.097482 0.789374 0.015827 0.028463
83 0.234712 0.902514 0.017626 0.028463
87 0.396763 0.774194 0.020144 0.028463
85 0.704137 0.751423 0.026259 0.028463
85 0.626799 0.294118 0.028417 0.028463
1118 0.395144 0.879269 0.029856 0.028463
68 0.857734 0.344284 0.006115 0.028700
1502 0.780755 0.713828 0.026978 0.028700
1665 0.244245 0.326731 0.034532 0.029175
126 0.860612 0.780954 0.034892 0.029175
2997 0.095863 0.540204 0.037050 0.029175
85 0.399101 0.233871 0.030576 0.029412
120 0.398022 0.804080 0.032734 0.029412
1834 0.707734 0.605550 0.034173 0.029412
120 0.398921 0.290797 0.034532 0.029412
4303 0.860252 0.308586 0.037050 0.029412
3562 0.317446 0.850806 0.039209 0.029412
60 0.704676 0.456001 0.023022 0.029649
3735 0.628777 0.325071 0.031655 0.029649
3562 0.173381 0.404530 0.035971 0.029649
505 0.627878 0.409511 0.036331 0.029649
119 0.552698 0.519806 0.014748 0.030123
107 0.170683 0.621324 0.015468 0.030123
1188 0.319604 0.610176 0.029137 0.030123
1088 0.476439 0.689872 0.032734 0.030123
113 0.705396 0.786172 0.033094 0.030123
3051 0.095863 0.451731 0.034173 0.030123
616 0.476619 0.605194 0.037410 0.030123
3562 0.165288 0.828155 0.039209 0.030123
87 0.099101 0.576613 0.022662 0.030361
2590 0.859173 0.706120 0.029856 0.030361
1118 0.857914 0.532495 0.030216 0.030361
4348 0.629317 0.638757 0.033453 0.030361
3562 0.395324 0.844402 0.035971 0.030361
2675 0.475360 0.524431 0.043525 0.030361
2917 0.626799 0.813923 0.025540 0.030598
93 0.481295 0.373933 0.030216 0.030598
3984 0.551439 0.550166 0.031655 0.030598
4318 0.241547 0.627965 0.032014 0.030598
1921 0.781835 0.253676 0.033453 0.030598
60 0.318885 0.644806 0.013309 0.031072
119 0.243525 0.570565 0.015827 0.031072
1886 0.627518 0.735887 0.022662 0.031072
1118 0.172122 0.442244 0.030576 0.031072
1986 0.779676 0.509843 0.036331 0.031072
1986 0.705216 0.335033 0.039928 0.031072
92 0.091187 0.243121 0.018345 0.031309
87 0.241367 0.539374 0.024460 0.031309
120 0.856475 0.736954 0.030216 0.031309
111 0.176439 0.499644 0.022662 0.032021
3958 0.552338 0.389824 0.034173 0.032021
4303 0.322302 0.364919 0.037410 0.032021
4532 0.094964 0.384369 0.037410 0.032021
1254 0.472302 0.779649 0.030216 0.032258
303 0.626978 0.671964 0.043165 0.032258
121 0.314209 0.784511 0.033453 0.032495
1406 0.248921 0.239445 0.034532 0.032495
3637 0.627698 0.230669 0.044604 0.032970
83 0.780396 0.339540 0.014748 0.033444
70 0.477158 0.721656 0.031295 0.033444
1959 0.399101 0.380100 0.033453 0.033918
1950 0.780036 0.474383 0.029137 0.034156
81 0.397662 0.537713 0.029856 0.034156
76 0.477698 0.409749 0.025899 0.034393
119 0.545683 0.895517 0.025899 0.034393
85 0.316727 0.718572 0.029856 0.034393
1160 0.171043 0.244900 0.033453 0.034393
3120 0.317446 0.681807 0.034173 0.034867
692 0.479317 0.315465 0.034173 0.035104
68 0.780935 0.826257 0.008633 0.035342
3511 0.399640 0.445802 0.033094 0.035342
120 0.091727 0.877491 0.034532 0.035342
68 0.554317 0.672794 0.007194 0.035816
68 0.163129 0.764943 0.013309 0.036053
69 0.097122 0.277158 0.015827 0.036765
68 0.705576 0.421727 0.008993 0.037002
2191 0.318345 0.404649 0.024460 0.037002
1126 0.244065 0.400972 0.032734 0.037239
1870 0.248381 0.506048 0.044964 0.037239
60 0.627158 0.894806 0.017626 0.038662
2795 0.316367 0.895280 0.037770 0.039137
68 0.626619 0.852111 0.007194 0.039611
60 0.706115 0.715251 0.021583 0.040085
63 0.249101 0.363259 0.032734 0.040085
1280 0.396583 0.609701 0.033453 0.041509
83 0.093165 0.342386 0.014388 0.041983
68 0.856295 0.459084 0.008993 0.043406
68 0.096043 0.648245 0.008633 0.049336
