86 0.748333 0.461972 0.032014 0.013213
52 0.472877 0.420561 0.041352 0.013535
56 0.753668 0.889784 0.017786 0.014824
101 0.554913 0.540445 0.058693 0.015469
61 0.746332 0.497100 0.037795 0.015791
92 0.551578 0.459878 0.035127 0.016758
84 0.424189 0.401063 0.033793 0.017080
126 0.741663 0.445698 0.037350 0.017403
300 0.741663 0.554625 0.024900 0.018047
98 0.781458 0.443442 0.042241 0.018692
56 0.752112 0.823397 0.020009 0.019336
60 0.782348 0.370609 0.025345 0.019336
92 0.787016 0.518692 0.017786 0.019658
127 0.423522 0.378827 0.032459 0.019658
56 0.144286 0.724944 0.058248 0.019658
87 0.739217 0.405898 0.020898 0.020303
56 0.648288 0.464228 0.066696 0.020303
53 0.421076 0.421205 0.012450 0.021270
300 0.423744 0.474057 0.020454 0.021270
126 0.470654 0.398163 0.038684 0.021592
91 0.782792 0.423139 0.030680 0.022559
95 0.742775 0.517241 0.034237 0.022559
53 0.743219 0.480664 0.010227 0.023526
85 0.747443 0.532227 0.009782 0.024170
56 0.556914 0.553819 0.014673 0.024170
107 0.421743 0.356107 0.018230 0.024492
120 0.741885 0.425395 0.018230 0.024492
85 0.147399 0.828070 0.011116 0.024815
91 0.784126 0.542862 0.028902 0.024815
52 0.434860 0.222527 0.070253 0.024815
52 0.749222 0.219143 0.068475 0.025137
58 0.782792 0.394618 0.021787 0.025459
85 0.785460 0.461811 0.012895 0.025782
85 0.424189 0.447148 0.014229 0.026104
78 0.478213 0.442958 0.028012 0.027393
83 0.442641 0.806155 0.043130 0.027393
96 0.479102 0.471963 0.044020 0.028037
978 0.742552 0.377860 0.039129 0.028682
60 0.783459 0.488076 0.014229 0.029326
1083 0.347043 0.682243 0.038684 0.029649
86 0.758337 0.281018 0.054691 0.030938
83 0.344598 0.776668 0.056025 0.031582
126 0.453535 0.583145 0.062250 0.031905
83 0.138951 0.752981 0.043130 0.033194
52 0.852379 0.362230 0.077368 0.034160
359 0.552912 0.311795 0.068030 0.034483
98 0.444420 0.883178 0.076034 0.034483
2489 0.652068 0.540445 0.066252 0.034805
111 0.350378 0.804544 0.028457 0.035127
83 0.648288 0.424589 0.047132 0.035127
118 0.553579 0.583790 0.015118 0.036416
85 0.450867 0.618434 0.016007 0.036739
83 0.644509 0.496616 0.042241 0.036739
88 0.351045 0.511118 0.063584 0.036739
115 0.749667 0.654044 0.055136 0.037061
2489 0.146510 0.798421 0.060027 0.037061
1009 0.553357 0.360941 0.063584 0.037383
83 0.337928 0.341283 0.056025 0.038028
28 0.253891 0.315340 0.056025 0.038350
98 0.340596 0.879955 0.073811 0.038350
28 0.855269 0.312278 0.054691 0.038672
88 0.453980 0.771189 0.063139 0.038672
1115 0.469542 0.362230 0.040018 0.039317
85 0.657181 0.575894 0.014229 0.039961
95 0.346598 0.384306 0.056470 0.040284
58 0.348155 0.421850 0.029346 0.040606
88 0.350600 0.717693 0.070698 0.040606
98 0.138951 0.661940 0.067141 0.041250
96 0.141618 0.525782 0.060027 0.041573
683 0.151401 0.694006 0.081369 0.041573
115 0.136505 0.483081 0.062250 0.041895
2590 0.447088 0.720754 0.044020 0.042862
88 0.656736 0.281502 0.063139 0.042862
4447 0.343041 0.843216 0.067141 0.042862
58 0.747221 0.736384 0.031570 0.043829
2983 0.755225 0.859491 0.064473 0.043829
76 0.752334 0.243796 0.040018 0.044151
78 0.446643 0.265711 0.050245 0.044151
58 0.141174 0.568804 0.028012 0.044473
92 0.141841 0.233967 0.047132 0.044473
91 0.144953 0.324847 0.059582 0.044473
96 0.752557 0.697390 0.065362 0.044473
70 0.136060 0.275862 0.056025 0.045762
2402 0.651845 0.329681 0.079146 0.045762
96 0.444864 0.309861 0.064473 0.046084
3435 0.140062 0.371254 0.064918 0.047051
4458 0.350156 0.595069 0.080480 0.047374
70 0.138284 0.868192 0.054246 0.048340
4447 0.447532 0.848534 0.067141 0.048340
2987 0.346821 0.466323 0.071143 0.048340
3231 0.757003 0.609410 0.060027 0.048985
864 0.347710 0.645827 0.062250 0.048985
70 0.549800 0.628585 0.044909 0.049307
92 0.248333 0.378827 0.056470 0.050596
4447 0.140729 0.617628 0.068920 0.051241
4447 0.550245 0.500967 0.051134 0.051885
68 0.349044 0.733645 0.008893 0.052530
4712 0.753668 0.789397 0.055136 0.052530
717 0.647843 0.375927 0.080036 0.052530
119 0.450867 0.671447 0.026679 0.053819
119 0.759671 0.331131 0.024455 0.055108
70 0.643397 0.633580 0.059582 0.055430
1295 0.340373 0.289558 0.054691 0.055752
1115 0.446198 0.534966 0.060916 0.058653
68 0.348599 0.541734 0.008893 0.059297
1052 0.555803 0.417660 0.065807 0.068966
