92 0.473282 0.586656 0.031432 0.011617
128 0.088460 0.276766 0.008083 0.013501
56 0.784239 0.278493 0.016614 0.015071
56 0.087786 0.300471 0.017512 0.015071
56 0.398294 0.749608 0.014369 0.015385
110 0.397171 0.516641 0.031881 0.015385
128 0.399416 0.392779 0.013022 0.015699
56 0.786484 0.715385 0.012124 0.016641
56 0.478895 0.889953 0.017512 0.017268
57 0.176022 0.341130 0.030534 0.017268
118 0.096542 0.891209 0.012573 0.017896
56 0.316120 0.591052 0.055680 0.017896
56 0.550741 0.634066 0.051639 0.018524
57 0.177144 0.902355 0.030085 0.018838
57 0.714414 0.749451 0.028738 0.019466
547 0.333408 0.862009 0.053435 0.020408
129 0.252582 0.199686 0.021105 0.020722
547 0.244050 0.318995 0.053435 0.020722
52 0.778626 0.701570 0.050292 0.021036
113 0.620341 0.237991 0.054333 0.021978
120 0.475303 0.336892 0.022003 0.022606
87 0.555007 0.860283 0.038617 0.022606
113 0.543332 0.691680 0.060171 0.022606
101 0.777952 0.486028 0.066906 0.022606
81 0.472384 0.806122 0.056578 0.022920
128 0.400763 0.296546 0.015716 0.023548
88 0.087562 0.811774 0.023350 0.023548
88 0.475752 0.910989 0.034576 0.023548
118 0.550741 0.714443 0.013920 0.024176
76 0.396947 0.617425 0.027840 0.024176
87 0.477548 0.421193 0.041760 0.024176
126 0.624832 0.395761 0.051639 0.024176
88 0.866637 0.373312 0.031432 0.024490
60 0.625505 0.172370 0.038617 0.024490
1406 0.787831 0.174254 0.043556 0.024490
72 0.624607 0.483203 0.047598 0.024490
118 0.627750 0.330769 0.011675 0.024804
52 0.316569 0.518838 0.047598 0.024804
126 0.790301 0.813344 0.060171 0.024804
66 0.630220 0.675981 0.027391 0.025118
251 0.316569 0.224804 0.049394 0.025118
120 0.478895 0.742072 0.017512 0.025432
52 0.233273 0.740502 0.055231 0.025432
1002 0.858779 0.695918 0.073193 0.025432
120 0.861024 0.298901 0.017512 0.025746
117 0.242030 0.391366 0.015267 0.026060
113 0.165694 0.863265 0.053884 0.026060
58 0.088235 0.732810 0.016614 0.026374
93 0.242254 0.708634 0.027391 0.026374
51 0.867535 0.724647 0.043107 0.026374
68 0.081724 0.328414 0.048496 0.026374
126 0.242030 0.775824 0.053884 0.026374
91 0.621913 0.427002 0.055680 0.026374
51 0.091154 0.868917 0.043107 0.026688
83 0.078806 0.626217 0.045352 0.026688
91 0.164122 0.475196 0.048047 0.026688
70 0.700718 0.384144 0.051639 0.026688
113 0.315447 0.459655 0.054333 0.027002
58 0.476201 0.714757 0.026493 0.027316
2489 0.475528 0.773155 0.050292 0.027316
76 0.319713 0.614129 0.026942 0.027630
74 0.399641 0.855416 0.024248 0.027943
93 0.779524 0.508477 0.025146 0.027943
64 0.399641 0.270487 0.026044 0.027943
91 0.165469 0.266091 0.048047 0.027943
117 0.704086 0.582418 0.018859 0.028257
117 0.867310 0.533752 0.022901 0.028257
71 0.086439 0.905808 0.051639 0.028257
60 0.246071 0.174097 0.032330 0.028571
95 0.475752 0.617425 0.046251 0.028571
691 0.327571 0.832496 0.050741 0.028571
126 0.550741 0.463265 0.052537 0.028571
96 0.551414 0.551491 0.053884 0.028571
52 0.861922 0.598430 0.048945 0.028885
113 0.701841 0.689168 0.060171 0.028885
113 0.392681 0.545369 0.064212 0.028885
91 0.626403 0.602355 0.050292 0.029199
85 0.480242 0.647096 0.012124 0.029513
51 0.707903 0.722135 0.057027 0.029513
89 0.088460 0.391209 0.059273 0.029513
101 0.866188 0.627943 0.063763 0.029513
495 0.626403 0.850549 0.094297 0.029513
85 0.785586 0.635636 0.016614 0.029827
66 0.171756 0.541758 0.020207 0.029827
111 0.325101 0.397017 0.023350 0.029827
120 0.870678 0.660440 0.048496 0.029827
85 0.085317 0.556358 0.014369 0.030141
111 0.551639 0.797488 0.022901 0.030141
2677 0.400314 0.177708 0.035474 0.030141
87 0.861473 0.270644 0.040862 0.030141
111 0.083071 0.838932 0.041311 0.030141
85 0.322182 0.493407 0.013920 0.030455
78 0.624158 0.302826 0.029636 0.030455
95 0.169511 0.448195 0.045352 0.030455
91 0.394701 0.811146 0.052088 0.030455
122 0.396947 0.324019 0.036821 0.030769
60 0.161203 0.644898 0.039515 0.030769
2083 0.785361 0.742857 0.059273 0.030769
119 0.880108 0.753689 0.029636 0.031083
121 0.701617 0.219309 0.050741 0.031083
870 0.480467 0.222449 0.057476 0.031083
95 0.089358 0.463736 0.050292 0.031397
691 0.629996 0.640188 0.053884 0.031397
58 0.780422 0.377237 0.023350 0.031711
76 0.400314 0.772214 0.026493 0.031711
111 0.467894 0.264835 0.045802 0.031711
85 0.089358 0.499215 0.017063 0.032025
85 0.877863 0.791837 0.017063 0.032025
88 0.325326 0.695447 0.033678 0.032025
92 0.708352 0.656358 0.017512 0.032339
60 0.865739 0.564364 0.026044 0.032339
3674 0.634261 0.567818 0.044454 0.032339
108 0.163898 0.573155 0.069151 0.032339
92 0.172205 0.509105 0.024697 0.032967
76 0.477548 0.865463 0.032780 0.032967
118 0.089807 0.358556 0.009879 0.033281
118 0.879210 0.824804 0.013471 0.033281
53 0.622586 0.267818 0.014818 0.033281
54 0.877189 0.858399 0.031881 0.033281
88 0.239560 0.596546 0.033678 0.033281
702 0.789627 0.853689 0.056129 0.033281
62 0.554782 0.309419 0.027391 0.033595
126 0.165245 0.606122 0.033229 0.033595
93 0.401212 0.680534 0.036372 0.033595
85 0.090930 0.422292 0.011226 0.033909
93 0.629546 0.706750 0.025146 0.033909
119 0.243377 0.423862 0.028738 0.033909
83 0.548720 0.829827 0.035923 0.033909
120 0.163449 0.718681 0.041311 0.033909
2193 0.550067 0.425118 0.055680 0.033909
118 0.397171 0.647567 0.009430 0.034223
85 0.326224 0.363422 0.015716 0.034223
115 0.783116 0.253375 0.046700 0.034537
3024 0.704311 0.427002 0.055231 0.034537
107 0.627077 0.453218 0.016614 0.034851
366 0.479793 0.180063 0.054333 0.034851
102 0.091828 0.700314 0.055231 0.034851
2598 0.784014 0.671272 0.018859 0.035165
92 0.243601 0.636107 0.026493 0.035165
2395 0.631792 0.796546 0.043107 0.035165
120 0.706556 0.552904 0.048047 0.035165
1876 0.472160 0.308477 0.035474 0.035479
1083 0.238437 0.504710 0.035923 0.035479
1697 0.320611 0.268917 0.058374 0.035479
1887 0.170184 0.178179 0.055680 0.036107
88 0.634261 0.892622 0.039964 0.036421
700 0.861922 0.497488 0.040862 0.036735
790 0.787382 0.456044 0.042658 0.036735
53 0.238437 0.672527 0.019758 0.037049
107 0.474854 0.838148 0.014818 0.037363
70 0.557701 0.661381 0.021554 0.037363
3192 0.091828 0.662951 0.041760 0.037363
1831 0.793893 0.774882 0.037719 0.037677
81 0.083296 0.536421 0.038168 0.037991
81 0.552088 0.272527 0.041760 0.038305
4440 0.475303 0.514286 0.050741 0.038305
85 0.787607 0.412716 0.016165 0.038619
2265 0.627077 0.523548 0.048047 0.038619
3153 0.471262 0.554945 0.057925 0.038619
3812 0.240683 0.464992 0.050292 0.038932
81 0.470813 0.680848 0.045352 0.039246
126 0.552088 0.228728 0.048945 0.039246
3741 0.399416 0.720094 0.059722 0.039246
98 0.311405 0.553689 0.070498 0.039246
53 0.171531 0.372370 0.017961 0.040188
70 0.706556 0.518367 0.022003 0.040188
119 0.241805 0.238776 0.025595 0.040502
83 0.860575 0.406122 0.028289 0.040502
119 0.707903 0.616170 0.030085 0.040502
4235 0.545577 0.594505 0.062865 0.040502
68 0.314100 0.425432 0.007634 0.040816
83 0.874719 0.897331 0.057476 0.040816
53 0.707903 0.346154 0.024697 0.041130
4528 0.863493 0.224961 0.031432 0.041130
3136 0.708128 0.181005 0.035923 0.041130
2197 0.168612 0.305338 0.044454 0.041130
268 0.863044 0.180848 0.044903 0.042072
277 0.323305 0.183046 0.060171 0.042072
121 0.623709 0.199843 0.022452 0.042386
70 0.170858 0.410047 0.019308 0.042700
121 0.390885 0.577394 0.023799 0.042700
119 0.712618 0.780848 0.027840 0.042700
1354 0.394252 0.427943 0.047598 0.042700
121 0.163000 0.679906 0.028738 0.043014
85 0.713067 0.301099 0.019758 0.043328
2396 0.318590 0.317111 0.049843 0.043328
107 0.399641 0.362794 0.021554 0.043642
1316 0.781320 0.601099 0.053884 0.044270
1424 0.785137 0.549294 0.053435 0.044898
1575 0.234172 0.285714 0.031881 0.045212
1210 0.325101 0.790581 0.062865 0.045212
68 0.330489 0.896703 0.009879 0.045840
68 0.555905 0.897174 0.008981 0.046154
4528 0.243826 0.552119 0.032330 0.046154
2819 0.863044 0.452904 0.043107 0.046154
1912 0.702964 0.465620 0.038168 0.046468
92 0.792322 0.894819 0.037270 0.047096
127 0.401661 0.891994 0.051639 0.047096
2191 0.557252 0.184929 0.052986 0.047096
91 0.717333 0.886970 0.056129 0.047096
2320 0.715761 0.832496 0.056578 0.047410
68 0.630220 0.363579 0.007634 0.047724
1584 0.323978 0.653689 0.039066 0.047724
2916 0.158734 0.760283 0.045352 0.048038
3381 0.323305 0.741130 0.044903 0.048666
120 0.251235 0.357143 0.057027 0.048666
3838 0.240009 0.822606 0.052537 0.048980
4080 0.544005 0.508477 0.050741 0.049294
69 0.724742 0.251334 0.024248 0.049922
68 0.471262 0.461381 0.010328 0.050549
68 0.089133 0.596075 0.009430 0.051805
505 0.550067 0.751491 0.033229 0.052433
1281 0.396947 0.223391 0.035025 0.052433
296 0.087786 0.773155 0.048047 0.052433
76 0.085317 0.189011 0.030534 0.053375
970 0.169286 0.225746 0.041311 0.053375
58 0.631792 0.743642 0.036821 0.054317
120 0.083296 0.243485 0.040862 0.054945
721 0.778401 0.215856 0.051639 0.054945
296 0.472160 0.375353 0.052537 0.055573
119 0.240458 0.887441 0.047149 0.059969
69 0.174899 0.818367 0.028289 0.063108
68 0.784463 0.321193 0.008981 0.065934
4546 0.546924 0.364992 0.053884 0.066876
68 0.402335 0.470173 0.008083 0.072527
