209 0.304831 0.813957 0.009662 0.007967
209 0.312077 0.805842 0.010628 0.008262
209 0.306039 0.822219 0.006280 0.008557
209 0.313043 0.796990 0.007729 0.009442
173 0.528261 0.389053 0.039130 0.009737
29 0.634783 0.592948 0.017391 0.010328
52 0.616425 0.610062 0.027053 0.012098
196 0.750242 0.369283 0.022222 0.013278
196 0.864493 0.256860 0.025604 0.013278
120 0.616667 0.623045 0.017874 0.013868
56 0.519324 0.852021 0.023188 0.013868
92 0.631401 0.260696 0.039614 0.015049
173 0.312319 0.784450 0.030435 0.015639
95 0.617391 0.640749 0.028986 0.016819
85 0.615217 0.657716 0.019807 0.017114
88 0.739130 0.753024 0.038647 0.017114
52 0.191546 0.857333 0.045894 0.017409
120 0.734783 0.848333 0.019324 0.017704
113 0.737923 0.411331 0.062319 0.017704
1263 0.357488 0.757893 0.029952 0.017999
57 0.096377 0.232960 0.034300 0.017999
60 0.847101 0.165388 0.053623 0.017999
83 0.648309 0.570965 0.025121 0.018294
1263 0.680918 0.681027 0.031401 0.018294
547 0.649034 0.552670 0.035266 0.018294
52 0.517633 0.836235 0.043961 0.018294
127 0.205072 0.376512 0.063285 0.018294
101 0.307729 0.868398 0.071498 0.018294
85 0.084541 0.454854 0.032850 0.018590
92 0.085024 0.339923 0.037681 0.018885
127 0.524396 0.813514 0.064251 0.018885
120 0.524155 0.565506 0.019324 0.019180
64 0.626812 0.743730 0.036232 0.019180
84 0.196135 0.618029 0.040580 0.019180
52 0.631159 0.374594 0.042029 0.019180
52 0.082609 0.795220 0.046377 0.019475
57 0.855556 0.638241 0.035749 0.020065
67 0.857005 0.445559 0.047343 0.020065
52 0.740338 0.505164 0.050725 0.020065
113 0.736715 0.829448 0.067633 0.020065
74 0.649034 0.613603 0.020773 0.020360
101 0.303865 0.530688 0.065700 0.020360
57 0.099275 0.134848 0.033333 0.020655
83 0.737198 0.805842 0.038647 0.020655
55 0.091063 0.160519 0.052657 0.020655
88 0.650000 0.655798 0.024638 0.020950
83 0.300725 0.627324 0.043961 0.021245
92 0.197585 0.310711 0.045411 0.021245
65 0.197101 0.811154 0.056039 0.021245
101 0.852174 0.368250 0.060870 0.021245
93 0.654831 0.634553 0.036232 0.021540
102 0.303382 0.676748 0.068599 0.021540
107 0.193478 0.877545 0.027536 0.021835
84 0.413043 0.484804 0.050242 0.021835
126 0.737440 0.294187 0.050725 0.021835
127 0.856522 0.419003 0.061836 0.021835
162 0.749034 0.390233 0.022705 0.022130
72 0.516908 0.793007 0.032850 0.022130
88 0.844444 0.770581 0.044444 0.022130
84 0.524879 0.140012 0.052657 0.022130
55 0.630918 0.821924 0.060870 0.022130
127 0.746618 0.553703 0.074879 0.022130
68 0.742754 0.483771 0.014976 0.022721
57 0.092995 0.597964 0.034300 0.022721
56 0.731401 0.875332 0.050242 0.022721
65 0.091787 0.740779 0.054106 0.022721
55 0.851449 0.140307 0.055556 0.022721
120 0.083575 0.650339 0.021256 0.023016
135 0.864976 0.279138 0.026570 0.023016
57 0.419807 0.286515 0.034783 0.023016
4028 0.791304 0.325170 0.038647 0.023016
92 0.086232 0.434051 0.044928 0.023016
84 0.419324 0.137504 0.057971 0.023016
55 0.739372 0.645028 0.058454 0.023016
74 0.742512 0.530688 0.031884 0.023311
92 0.412802 0.725140 0.044928 0.023311
77 0.749034 0.229124 0.047826 0.023311
4028 0.569324 0.367365 0.029469 0.023606
85 0.847343 0.905282 0.031884 0.023606
52 0.300483 0.847448 0.037681 0.023606
83 0.518599 0.652405 0.044928 0.023606
113 0.842995 0.855710 0.066667 0.023606
111 0.630676 0.791826 0.031401 0.023901
81 0.309662 0.173650 0.039614 0.023901
81 0.850966 0.557834 0.040097 0.023901
127 0.092271 0.292269 0.054106 0.023901
55 0.849517 0.502951 0.058454 0.023901
88 0.195169 0.287991 0.043478 0.024196
55 0.306763 0.371496 0.055072 0.024196
55 0.195652 0.644143 0.059903 0.024196
66 0.303382 0.477279 0.031884 0.024491
148 0.531159 0.438330 0.042995 0.024491
121 0.850966 0.879758 0.069082 0.024491
127 0.860386 0.613013 0.072464 0.024491
85 0.415942 0.384184 0.036715 0.024786
55 0.847101 0.666863 0.057488 0.024786
55 0.746377 0.140454 0.058937 0.024786
159 0.752657 0.346857 0.027053 0.025081
81 0.307005 0.281647 0.048792 0.025081
55 0.637681 0.141487 0.060870 0.025081
166 0.650483 0.517262 0.018841 0.025376
89 0.197826 0.589554 0.053623 0.025376
55 0.418599 0.190322 0.061353 0.025376
77 0.202174 0.400561 0.042995 0.025671
119 0.420048 0.624668 0.024638 0.025966
66 0.303140 0.198584 0.029469 0.025966
55 0.851449 0.311154 0.061353 0.026261
56 0.739614 0.433756 0.023188 0.026557
118 0.739614 0.899970 0.025121 0.026557
66 0.081401 0.680732 0.034300 0.026557
91 0.630435 0.766598 0.042512 0.026557
66 0.523430 0.591472 0.033333 0.026852
87 0.855072 0.227058 0.045411 0.026852
67 0.195894 0.835202 0.050725 0.026852
55 0.306280 0.255680 0.053140 0.026852
66 0.192995 0.563293 0.029469 0.027147
117 0.081401 0.894954 0.038164 0.027147
83 0.845169 0.827383 0.045894 0.027147
53 0.088164 0.625111 0.018841 0.027442
134 0.628986 0.489377 0.022222 0.027442
4486 0.676087 0.435084 0.028502 0.027442
52 0.415459 0.358070 0.048309 0.027442
119 0.197585 0.427265 0.023188 0.027737
111 0.192029 0.742992 0.032367 0.027737
117 0.630193 0.400413 0.034300 0.027737
70 0.198068 0.902331 0.046377 0.027737
53 0.526570 0.541900 0.017391 0.028032
76 0.300966 0.651962 0.027053 0.028032
87 0.631401 0.350988 0.038647 0.028032
77 0.092271 0.316465 0.044444 0.028032
108 0.086473 0.529950 0.024155 0.028327
86 0.638164 0.715255 0.042512 0.028327
87 0.418116 0.750959 0.046860 0.028327
95 0.747343 0.203305 0.053140 0.028327
66 0.305556 0.312039 0.029469 0.028622
300 0.742029 0.174830 0.041546 0.028622
636 0.304348 0.446002 0.056039 0.028622
85 0.848068 0.531425 0.031401 0.028917
132 0.858454 0.474181 0.031884 0.028917
70 0.304589 0.725583 0.044928 0.028917
118 0.636232 0.320006 0.024155 0.029212
107 0.303623 0.696518 0.030435 0.029212
77 0.093237 0.407642 0.047343 0.029212
117 0.521256 0.338448 0.035749 0.029507
1346 0.418599 0.218058 0.055556 0.029507
132 0.635749 0.464591 0.031884 0.029802
134 0.524638 0.409855 0.025121 0.030097
111 0.419807 0.164060 0.030918 0.030097
683 0.304106 0.894954 0.050725 0.030097
4440 0.204106 0.217173 0.058454 0.030097
107 0.084058 0.826940 0.028986 0.030392
107 0.850966 0.342431 0.035266 0.030392
87 0.627778 0.290204 0.054589 0.030392
1005 0.083092 0.566981 0.070531 0.030392
60 0.522705 0.620242 0.021256 0.030688
118 0.307246 0.226911 0.028019 0.030688
88 0.414493 0.550900 0.034783 0.030688
2489 0.744928 0.265565 0.057971 0.030688
107 0.519565 0.759664 0.034300 0.030983
107 0.302899 0.505016 0.044444 0.030983
4345 0.205314 0.137946 0.053140 0.030983
53 0.412077 0.823252 0.017391 0.031278
118 0.309903 0.341989 0.033333 0.031278
53 0.083575 0.709796 0.016425 0.031573
68 0.851932 0.797875 0.011111 0.031868
87 0.521981 0.874889 0.046860 0.031868
1005 0.631884 0.229271 0.062802 0.031868
107 0.739130 0.456329 0.032850 0.032163
119 0.526087 0.240484 0.026087 0.032458
118 0.736232 0.616406 0.029952 0.032458
70 0.524155 0.307465 0.031884 0.032458
1346 0.192271 0.675716 0.055072 0.032458
87 0.085749 0.263942 0.031401 0.032753
66 0.412319 0.791089 0.032367 0.033048
45 0.755314 0.339038 0.041063 0.033048
1644 0.294686 0.556506 0.057971 0.033048
4260 0.198068 0.256270 0.033816 0.033343
67 0.092995 0.768811 0.051691 0.033343
107 0.524155 0.274565 0.052174 0.033343
53 0.525121 0.507819 0.017391 0.033638
107 0.411836 0.457067 0.024638 0.033638
107 0.521739 0.207436 0.032850 0.033638
107 0.410870 0.654765 0.035266 0.034228
68 0.744444 0.778253 0.022222 0.034523
64 0.522947 0.173355 0.045894 0.034523
87 0.523188 0.689289 0.036715 0.034819
87 0.850966 0.390528 0.030435 0.035114
1346 0.844686 0.700944 0.055556 0.035114
87 0.739372 0.582473 0.038164 0.035409
70 0.414734 0.689731 0.035266 0.035704
3231 0.195652 0.780909 0.057005 0.035704
68 0.412077 0.858365 0.013527 0.035999
1373 0.629952 0.896430 0.049275 0.035999
54 0.308937 0.143700 0.053623 0.035999
111 0.524638 0.473148 0.027053 0.036294
45 0.538889 0.383889 0.038164 0.036589
1279 0.307005 0.410741 0.058454 0.036589
3747 0.196135 0.491000 0.038647 0.037179
1346 0.739614 0.678961 0.050242 0.037179
70 0.083333 0.860873 0.032367 0.037474
3286 0.199034 0.532163 0.053140 0.037474
3996 0.199517 0.348333 0.059903 0.038064
121 0.847826 0.193567 0.041546 0.038359
3747 0.084300 0.372381 0.040097 0.038950
366 0.198551 0.452936 0.062802 0.038950
83 0.408937 0.895987 0.034300 0.039245
4077 0.418357 0.324727 0.057005 0.039245
691 0.413043 0.515786 0.044444 0.039540
1346 0.626087 0.857185 0.051208 0.040130
3665 0.613043 0.563736 0.028986 0.040425
1373 0.738647 0.720419 0.052174 0.040425
1373 0.847585 0.743140 0.049758 0.041015
1373 0.412802 0.254205 0.047826 0.041605
45 0.323671 0.776040 0.035749 0.041900
4289 0.200725 0.176748 0.053623 0.041900
119 0.524155 0.727796 0.028986 0.042195
45 0.644444 0.453084 0.043478 0.042195
1373 0.192029 0.715403 0.054589 0.042195
1129 0.411836 0.419003 0.054589 0.042490
3665 0.294203 0.594866 0.039614 0.043671
45 0.647585 0.702862 0.039130 0.044261
681 0.413527 0.589259 0.055072 0.044851
1886 0.087198 0.492476 0.050725 0.046621
3411 0.089855 0.197108 0.051208 0.047802
3411 0.632609 0.182502 0.050725 0.050457
