92 0.393296 0.447202 0.036336 0.012991
91 0.479017 0.408394 0.032753 0.013991
88 0.768168 0.446369 0.021494 0.021985
108 0.771238 0.816955 0.019447 0.023651
85 0.406858 0.629580 0.017400 0.023984
91 0.495138 0.772485 0.034289 0.023984
56 0.401484 0.868088 0.031218 0.025316
126 0.759980 0.602598 0.049130 0.025316
126 0.504606 0.864091 0.035824 0.027315
88 0.481064 0.538807 0.018424 0.027648
4082 0.498976 0.799134 0.031730 0.027981
91 0.400205 0.562292 0.037871 0.027981
259 0.677329 0.714191 0.066018 0.027981
108 0.758956 0.707861 0.014330 0.028648
56 0.491044 0.472019 0.018936 0.028648
3731 0.174514 0.713358 0.061412 0.028981
706 0.757677 0.741839 0.029171 0.029314
85 0.296315 0.382578 0.013306 0.030313
109 0.484135 0.437708 0.054248 0.030646
501 0.575230 0.800966 0.040942 0.030979
56 0.299898 0.823784 0.030706 0.031312
91 0.400972 0.697535 0.040430 0.031312
126 0.685261 0.450700 0.044012 0.031312
98 0.752047 0.640573 0.053736 0.031312
83 0.673746 0.576782 0.029171 0.031646
60 0.763562 0.673384 0.033777 0.031646
2425 0.395599 0.527815 0.057318 0.031646
92 0.397902 0.798801 0.020983 0.031979
2598 0.288127 0.473851 0.024565 0.032312
70 0.588536 0.481179 0.027636 0.032312
92 0.291198 0.639241 0.021494 0.032645
2726 0.497185 0.834111 0.071136 0.032645
113 0.395855 0.661892 0.077277 0.032645
66 0.766888 0.324117 0.028147 0.033311
3754 0.766888 0.419054 0.030194 0.033311
883 0.486438 0.569287 0.036336 0.033311
88 0.393552 0.417555 0.020471 0.033644
92 0.678864 0.369753 0.022006 0.033977
113 0.295292 0.426049 0.064483 0.033977
111 0.577021 0.676049 0.030194 0.034977
2542 0.290942 0.595936 0.039406 0.035976
1493 0.579324 0.381746 0.060389 0.035976
87 0.577277 0.576782 0.044012 0.036309
107 0.397902 0.777648 0.024053 0.036975
2678 0.569089 0.764490 0.060389 0.037308
1514 0.676561 0.758161 0.075742 0.037975
108 0.751024 0.571619 0.023030 0.038641
83 0.490788 0.611259 0.039918 0.039973
2791 0.486950 0.670720 0.067042 0.040973
3742 0.572927 0.335610 0.061924 0.042971
481 0.404811 0.598101 0.049130 0.043638
1188 0.682702 0.497502 0.045036 0.044304
51 0.677073 0.332612 0.057318 0.044304
1401 0.384340 0.328614 0.061412 0.044304
76 0.401996 0.735010 0.034289 0.045636
2162 0.574463 0.443205 0.070113 0.045636
127 0.402252 0.831279 0.079836 0.045636
88 0.767912 0.852099 0.029171 0.045969
68 0.582651 0.714857 0.011771 0.046636
1358 0.300409 0.334111 0.061412 0.046636
1486 0.389458 0.488341 0.073695 0.046636
2904 0.766633 0.778148 0.061412 0.047302
121 0.678864 0.410393 0.068066 0.047968
68 0.674770 0.535809 0.023030 0.048301
109 0.390737 0.374917 0.045548 0.048301
68 0.778403 0.540973 0.016377 0.048634
316 0.672723 0.620586 0.076254 0.048634
2423 0.667605 0.801965 0.050665 0.048967
121 0.762538 0.372085 0.064483 0.051299
68 0.497441 0.506496 0.013306 0.051632
1495 0.158393 0.599767 0.085466 0.051632
2280 0.762282 0.493671 0.071136 0.051965
4486 0.183982 0.771319 0.097748 0.052298
1480 0.669652 0.670720 0.071136 0.052965
3158 0.495394 0.726849 0.053224 0.053298
541 0.583419 0.525816 0.056295 0.055630
68 0.588280 0.626416 0.018936 0.058961
1320 0.168373 0.660393 0.070624 0.068954
642 0.575230 0.855097 0.033777 0.069287
1286 0.660952 0.868921 0.075230 0.070286
68 0.285312 0.535143 0.017912 0.079614
1297 0.471853 0.350100 0.063460 0.080613
109 0.295548 0.731679 0.075230 0.140240
