101 0.817627 0.696364 0.057627 0.012727
92 0.687966 0.822386 0.032203 0.014773
101 0.053559 0.559091 0.049492 0.015000
52 0.123390 0.601705 0.048136 0.016136
56 0.058814 0.799205 0.017288 0.017045
57 0.628136 0.243636 0.043390 0.017273
64 0.405085 0.217614 0.019661 0.017955
57 0.829322 0.233523 0.032203 0.018864
101 0.687288 0.421477 0.060678 0.019773
110 0.821695 0.176818 0.033220 0.020000
101 0.401186 0.431023 0.058644 0.020682
66 0.821017 0.525682 0.025763 0.020909
101 0.264068 0.420227 0.058983 0.020909
101 0.613051 0.567727 0.062034 0.021364
1214 0.475424 0.227045 0.046441 0.021818
52 0.256271 0.796250 0.040000 0.022500
52 0.755593 0.598182 0.037288 0.022727
72 0.252712 0.529773 0.044407 0.022727
495 0.264407 0.908977 0.073898 0.022955
881 0.120678 0.171477 0.031186 0.023409
66 0.691017 0.840795 0.022034 0.023864
102 0.408983 0.245909 0.057966 0.024091
128 0.695593 0.316250 0.018983 0.024773
91 0.466441 0.477614 0.027119 0.024773
2489 0.396780 0.456250 0.049153 0.024773
66 0.122542 0.573750 0.026780 0.025227
2489 0.057288 0.894432 0.046780 0.025227
110 0.617458 0.213409 0.036271 0.025909
93 0.206949 0.333636 0.037627 0.025909
117 0.614915 0.180909 0.016271 0.026364
87 0.052542 0.389091 0.031864 0.026364
108 0.693051 0.896591 0.026780 0.026818
81 0.196271 0.289659 0.046102 0.027045
62 0.756780 0.291023 0.030847 0.027500
127 0.758983 0.424545 0.045424 0.027727
1083 0.760339 0.562841 0.031864 0.028409
51 0.474068 0.389432 0.036949 0.028409
113 0.263051 0.592159 0.056271 0.028409
70 0.625763 0.749205 0.027119 0.028864
51 0.394576 0.389545 0.044068 0.029091
73 0.194576 0.363636 0.066441 0.029091
720 0.753898 0.479432 0.037966 0.029318
2253 0.050339 0.211818 0.047797 0.029545
87 0.823729 0.388523 0.029153 0.029773
88 0.266780 0.878750 0.041356 0.029773
70 0.273220 0.734773 0.054237 0.030000
91 0.055254 0.615568 0.040678 0.030227
51 0.817119 0.664432 0.041017 0.030227
86 0.066949 0.742500 0.030169 0.030455
87 0.264915 0.666591 0.032203 0.030455
68 0.631695 0.832045 0.008475 0.030909
70 0.052542 0.460000 0.023729 0.030909
91 0.054915 0.866591 0.044068 0.030909
2489 0.686780 0.438182 0.054237 0.030909
2489 0.614915 0.591364 0.054915 0.030909
710 0.331525 0.386705 0.037966 0.031136
82 0.340169 0.236477 0.057966 0.031136
111 0.060000 0.583864 0.013559 0.031364
720 0.328814 0.422045 0.036610 0.031364
119 0.267627 0.823295 0.022712 0.031591
51 0.682203 0.385000 0.043051 0.031818
720 0.192712 0.493295 0.039661 0.032500
88 0.687627 0.527159 0.051186 0.032500
91 0.817966 0.753068 0.040678 0.032955
88 0.116610 0.391818 0.044068 0.033182
111 0.825424 0.718182 0.016271 0.033636
53 0.821186 0.205568 0.015932 0.033864
92 0.404576 0.184659 0.019322 0.033864
66 0.617966 0.804205 0.040000 0.033864
70 0.827966 0.802500 0.034915 0.034091
88 0.473898 0.538750 0.039322 0.034318
2489 0.756610 0.322159 0.051525 0.034318
51 0.051186 0.534886 0.038644 0.034773
51 0.262203 0.392159 0.041017 0.034773
108 0.620508 0.873068 0.036271 0.035227
59 0.618305 0.322841 0.040000 0.035227
111 0.263898 0.442273 0.015932 0.035455
58 0.265593 0.624318 0.027458 0.035455
577 0.332203 0.455682 0.048136 0.035455
62 0.757288 0.392614 0.039322 0.035682
91 0.262203 0.478068 0.041695 0.035682
2507 0.048136 0.178409 0.049492 0.035909
70 0.058475 0.672841 0.041017 0.036136
70 0.819661 0.461364 0.038644 0.036364
68 0.693898 0.870000 0.008814 0.036818
70 0.122373 0.534091 0.032542 0.036818
68 0.824915 0.556023 0.007797 0.037045
108 0.192034 0.255114 0.014576 0.037045
88 0.615085 0.666932 0.042373 0.037045
119 0.266441 0.560000 0.018305 0.037273
4646 0.264407 0.845795 0.025085 0.037955
3322 0.126102 0.427614 0.044068 0.037955
107 0.826102 0.422273 0.021017 0.038182
122 0.751525 0.629091 0.040678 0.038636
53 0.054746 0.711591 0.018644 0.039545
107 0.266102 0.702045 0.019661 0.040000
3322 0.685763 0.563750 0.042712 0.040227
3322 0.616949 0.708977 0.044068 0.040682
76 0.690678 0.191818 0.032203 0.040909
3322 0.479153 0.577273 0.041695 0.041364
3338 0.690169 0.794432 0.047458 0.042045
78 0.545424 0.439659 0.033220 0.042500
119 0.192373 0.403864 0.022034 0.044545
111 0.191356 0.444545 0.024746 0.044545
81 0.757797 0.251932 0.045763 0.044773
53 0.058644 0.830455 0.013559 0.045000
108 0.817458 0.597386 0.051186 0.045227
92 0.617119 0.277614 0.043051 0.045682
51 0.608644 0.534659 0.045085 0.046136
104 0.693220 0.284659 0.046780 0.046136
111 0.536949 0.394886 0.021695 0.046591
2915 0.123898 0.207727 0.033559 0.048636
127 0.689492 0.232500 0.042034 0.049091
107 0.050169 0.427614 0.029831 0.049773
2896 0.757288 0.523182 0.050169 0.050455
87 0.333220 0.189432 0.026441 0.050682
3467 0.550000 0.188864 0.041017 0.051364
1286 0.473220 0.191818 0.041356 0.054091
2197 0.054407 0.277273 0.038983 0.054545
3411 0.334068 0.278068 0.033559 0.054773
2197 0.406610 0.296364 0.041695 0.055909
3341 0.262542 0.189886 0.039661 0.057045
2197 0.123898 0.280000 0.038305 0.061364
2197 0.822712 0.288295 0.039322 0.062045
2197 0.691186 0.676705 0.046780 0.063864
2197 0.264915 0.279886 0.036271 0.064773
2197 0.613220 0.405341 0.039322 0.066136
68 0.198814 0.544545 0.007797 0.068182
2197 0.545424 0.277386 0.039322 0.068864
2197 0.475424 0.288523 0.040339 0.068864
68 0.829153 0.857159 0.012203 0.074773
47 0.756949 0.683977 0.029153 0.076591
