246 0.507393 0.354889 0.037788 0.004460
146 0.110624 0.290395 0.029573 0.012693
52 0.774918 0.284906 0.032859 0.012693
146 0.610898 0.453173 0.024644 0.013722
92 0.724261 0.548027 0.037788 0.014065
56 0.852410 0.588336 0.021358 0.014408
92 0.778751 0.322813 0.036145 0.014408
190 0.317908 0.704803 0.029025 0.014751
146 0.317634 0.744082 0.027382 0.015094
57 0.779847 0.778388 0.028478 0.015094
101 0.557777 0.895369 0.049836 0.015094
101 0.506024 0.838937 0.048193 0.015437
190 0.112541 0.252487 0.029025 0.015780
162 0.512048 0.693997 0.030668 0.015780
56 0.449617 0.862950 0.020811 0.016123
190 0.612541 0.417667 0.035597 0.016123
92 0.608708 0.529160 0.039978 0.016123
57 0.728642 0.652144 0.031216 0.016467
81 0.510131 0.275129 0.036692 0.016467
128 0.243702 0.324700 0.014239 0.016810
56 0.666484 0.580446 0.021906 0.017153
60 0.610077 0.735163 0.036145 0.017153
698 0.561336 0.366895 0.031763 0.017496
152 0.611993 0.435163 0.034502 0.017496
81 0.774370 0.568611 0.041621 0.017496
98 0.854053 0.606518 0.037788 0.017839
64 0.665115 0.638937 0.025739 0.018182
81 0.668127 0.171355 0.046002 0.018182
113 0.775465 0.464322 0.047097 0.018182
56 0.562158 0.548199 0.021358 0.018525
64 0.560789 0.813722 0.026287 0.018525
66 0.404162 0.360549 0.038335 0.018525
65 0.672234 0.192453 0.038883 0.018525
99 0.506298 0.715952 0.047645 0.018525
88 0.403067 0.805317 0.046002 0.018868
152 0.319277 0.725214 0.036145 0.019211
91 0.662651 0.857633 0.043812 0.019211
152 0.112541 0.272899 0.032311 0.019554
101 0.403341 0.231389 0.046550 0.019554
101 0.616648 0.262264 0.047097 0.019554
101 0.406079 0.650257 0.052026 0.019554
132 0.230285 0.571870 0.022453 0.019897
196 0.757941 0.219897 0.026287 0.019897
52 0.346386 0.865866 0.032311 0.019897
92 0.722892 0.711492 0.035049 0.019897
52 0.777382 0.549914 0.035597 0.019897
91 0.196878 0.332762 0.037788 0.019897
81 0.346933 0.885763 0.038883 0.019897
60 0.402519 0.828473 0.039430 0.019897
91 0.506298 0.791767 0.044359 0.019897
64 0.722618 0.496569 0.026835 0.020240
91 0.245893 0.450943 0.033954 0.020240
91 0.406900 0.339451 0.040526 0.020240
91 0.667306 0.717839 0.042169 0.020240
499 0.607886 0.581990 0.048193 0.020240
60 0.724261 0.321784 0.032311 0.020583
122 0.853505 0.625043 0.032311 0.020583
91 0.560515 0.726930 0.039978 0.020583
60 0.657722 0.798113 0.016429 0.020926
119 0.728094 0.625901 0.022453 0.020926
120 0.406900 0.603602 0.024096 0.020926
56 0.404984 0.480446 0.027930 0.020926
81 0.774370 0.675986 0.040526 0.020926
81 0.671139 0.557290 0.043264 0.020926
1002 0.217689 0.237736 0.038883 0.021269
81 0.213855 0.769811 0.057503 0.021269
166 0.352957 0.842367 0.018072 0.021612
85 0.775739 0.408062 0.023549 0.021612
196 0.856517 0.560034 0.029573 0.021612
101 0.346933 0.242710 0.037788 0.021612
81 0.610077 0.707547 0.043812 0.021612
98 0.777656 0.302401 0.051479 0.021612
101 0.667306 0.333619 0.052026 0.021612
119 0.302848 0.232247 0.023001 0.021955
196 0.127601 0.218525 0.028478 0.021955
56 0.108708 0.883362 0.030120 0.021955
124 0.606791 0.653516 0.036145 0.021955
88 0.502738 0.855232 0.047097 0.021955
113 0.670591 0.379760 0.048740 0.021955
128 0.455093 0.372041 0.014239 0.022298
56 0.559693 0.459863 0.021906 0.022298
92 0.301479 0.210120 0.035597 0.022298
60 0.607065 0.602573 0.035597 0.022298
1002 0.429080 0.683190 0.038883 0.022298
122 0.723713 0.374786 0.042169 0.022298
91 0.779025 0.385763 0.042169 0.022298
113 0.661829 0.776501 0.048740 0.022298
1002 0.107338 0.442882 0.037240 0.022642
52 0.564348 0.527616 0.037788 0.022642
81 0.507119 0.608919 0.043812 0.022642
91 0.669496 0.250772 0.044359 0.022642
302 0.510953 0.671012 0.047097 0.022642
56 0.238499 0.173756 0.022453 0.022985
56 0.316265 0.651630 0.023549 0.022985
119 0.455093 0.521269 0.025192 0.022985
99 0.454272 0.621784 0.034502 0.022985
72 0.722892 0.262950 0.036145 0.022985
57 0.220975 0.746141 0.043264 0.023328
91 0.405805 0.173413 0.042716 0.023671
101 0.719880 0.867753 0.049836 0.023671
88 0.559967 0.571184 0.041073 0.024014
88 0.449617 0.461063 0.046002 0.024014
52 0.212212 0.600686 0.048740 0.024014
89 0.671687 0.353345 0.049836 0.024014
64 0.669222 0.310635 0.029573 0.024357
126 0.774370 0.521612 0.044907 0.024357
85 0.723987 0.566724 0.020811 0.024700
120 0.616922 0.284391 0.021358 0.024700
85 0.672234 0.461750 0.022453 0.024700
76 0.455915 0.314923 0.029025 0.024700
82 0.449617 0.840823 0.041621 0.024700
126 0.776835 0.727273 0.044359 0.024700
101 0.106243 0.411321 0.059146 0.024700
101 0.314348 0.675472 0.059146 0.024700
68 0.722070 0.734305 0.007119 0.025043
166 0.780668 0.263636 0.018072 0.025043
53 0.504929 0.817667 0.020811 0.025043
120 0.508215 0.178216 0.027382 0.025043
101 0.777108 0.798456 0.050383 0.025043
56 0.775739 0.652830 0.021358 0.025386
85 0.777108 0.852830 0.024096 0.025386
111 0.560789 0.597256 0.027382 0.025386
88 0.196331 0.382504 0.027930 0.025386
66 0.506024 0.545455 0.030668 0.025386
52 0.109255 0.706690 0.047645 0.025386
113 0.664841 0.688165 0.049288 0.025386
68 0.410186 0.311321 0.012048 0.025729
119 0.238226 0.198113 0.021906 0.025729
119 0.510405 0.446484 0.021906 0.025729
119 0.453724 0.203945 0.023549 0.025729
93 0.403614 0.285592 0.025192 0.025729
4260 0.197426 0.305489 0.029025 0.025729
76 0.242607 0.303431 0.033954 0.025729
83 0.773275 0.699657 0.035049 0.025729
51 0.453998 0.593997 0.037240 0.025729
1579 0.561884 0.697256 0.044907 0.025729
119 0.449069 0.780103 0.023001 0.026072
4116 0.435104 0.697084 0.024644 0.026072
126 0.196878 0.411321 0.036692 0.026072
109 0.560515 0.753345 0.044359 0.026072
60 0.558872 0.235163 0.018072 0.026415
118 0.607886 0.626930 0.018620 0.026415
85 0.608434 0.788851 0.023001 0.026415
85 0.453450 0.262950 0.025192 0.026415
252 0.193045 0.357633 0.035597 0.026415
642 0.605696 0.551801 0.037240 0.026415
1579 0.404162 0.627273 0.040526 0.026415
81 0.454272 0.289365 0.043264 0.026415
88 0.672234 0.438937 0.043264 0.026415
58 0.406353 0.886621 0.050383 0.026415
108 0.616922 0.239108 0.020263 0.026758
85 0.506846 0.739966 0.020263 0.026758
111 0.773001 0.594168 0.027930 0.026758
132 0.339266 0.775986 0.030120 0.026758
84 0.242333 0.378731 0.035597 0.026758
113 0.208379 0.547170 0.059693 0.026758
68 0.447426 0.887993 0.005476 0.027101
76 0.303395 0.850943 0.027382 0.027101
126 0.452355 0.232419 0.039430 0.027101
104 0.349124 0.179245 0.042169 0.027101
109 0.610350 0.683190 0.042169 0.027101
127 0.506298 0.766895 0.043264 0.027101
85 0.723165 0.401372 0.019168 0.027444
85 0.774096 0.624357 0.021358 0.027444
4116 0.111720 0.457633 0.025192 0.027444
87 0.611993 0.315266 0.032311 0.027444
126 0.558872 0.397256 0.041073 0.027444
109 0.723165 0.889194 0.049836 0.027444
101 0.851314 0.534477 0.070646 0.027444
74 0.405257 0.745283 0.025192 0.027787
61 0.197700 0.199142 0.026287 0.027787
115 0.724808 0.842024 0.030120 0.027787
89 0.193593 0.171355 0.045455 0.027787
119 0.612267 0.757804 0.023001 0.028130
85 0.616922 0.206518 0.023549 0.028130
64 0.451260 0.434991 0.026287 0.028130
108 0.558324 0.873756 0.027930 0.028130
93 0.304491 0.883705 0.029573 0.028130
111 0.562979 0.177187 0.025192 0.028473
192 0.868839 0.665352 0.038883 0.028473
127 0.663472 0.662264 0.039978 0.028473
126 0.448795 0.176844 0.044359 0.028473
366 0.403888 0.450600 0.044359 0.028473
85 0.559693 0.841509 0.020811 0.028816
83 0.774370 0.820583 0.033954 0.028816
55 0.509310 0.518353 0.046002 0.028816
117 0.562979 0.207376 0.023001 0.029160
83 0.615005 0.180274 0.041621 0.029160
81 0.105969 0.593997 0.058598 0.029160
53 0.403067 0.773928 0.018620 0.029503
85 0.667579 0.219554 0.019715 0.029503
119 0.452903 0.648027 0.020811 0.029503
118 0.400876 0.852144 0.021906 0.029503
51 0.510131 0.418868 0.036692 0.029503
127 0.312979 0.621612 0.046550 0.029503
55 0.322837 0.406861 0.058598 0.029503
68 0.606243 0.816981 0.021906 0.029846
4116 0.222892 0.255060 0.025192 0.029846
58 0.194140 0.439280 0.030120 0.029846
121 0.725082 0.346312 0.035049 0.029846
83 0.403341 0.542196 0.042169 0.029846
111 0.658817 0.885420 0.030668 0.030189
83 0.723439 0.294683 0.031763 0.030189
78 0.777108 0.756089 0.032859 0.030189
300 0.725356 0.430189 0.035597 0.030189
51 0.564622 0.268611 0.038335 0.030189
53 0.668949 0.406003 0.022453 0.030532
58 0.557503 0.430703 0.030668 0.030532
83 0.605696 0.847170 0.033954 0.030532
4440 0.513965 0.208062 0.048740 0.030532
117 0.562979 0.629160 0.021906 0.030875
92 0.448521 0.813036 0.025192 0.030875
111 0.509310 0.331732 0.026287 0.030875
58 0.667032 0.279245 0.032859 0.030875
89 0.219058 0.483362 0.066813 0.030875
83 0.505750 0.639280 0.034502 0.031218
118 0.776835 0.881475 0.035597 0.031218
126 0.855148 0.233105 0.055312 0.031218
81 0.212486 0.628302 0.055860 0.031218
134 0.862267 0.839108 0.019168 0.031561
135 0.842004 0.690566 0.024644 0.031561
83 0.406627 0.416810 0.037788 0.031561
978 0.661555 0.830189 0.040526 0.031561
95 0.666484 0.613036 0.043812 0.031561
1415 0.671139 0.526072 0.047645 0.031904
126 0.324206 0.371698 0.063527 0.031904
127 0.243428 0.349228 0.042169 0.032247
119 0.561610 0.335678 0.020263 0.032590
119 0.616648 0.345283 0.023001 0.032590
119 0.778478 0.435506 0.026835 0.032590
70 0.559146 0.786106 0.030668 0.032590
1871 0.401150 0.510978 0.042169 0.032590
127 0.105422 0.815952 0.053122 0.032590
53 0.775192 0.489880 0.021358 0.032933
85 0.320099 0.441509 0.027930 0.032933
58 0.664020 0.748199 0.030120 0.032933
123 0.852683 0.269811 0.029573 0.033276
53 0.347481 0.209605 0.018072 0.033619
107 0.453998 0.344082 0.028478 0.033619
1116 0.611993 0.390051 0.034502 0.033619
91 0.673056 0.489537 0.040526 0.033619
121 0.719880 0.523499 0.045455 0.033619
121 0.505750 0.300172 0.049836 0.033619
92 0.502191 0.884563 0.032859 0.033962
107 0.558598 0.302230 0.029573 0.034305
87 0.449069 0.492624 0.035049 0.034305
2395 0.406353 0.256261 0.037240 0.034305
68 0.213855 0.516810 0.011501 0.034648
107 0.507119 0.580274 0.025192 0.034648
134 0.300657 0.802916 0.031763 0.034648
72 0.317087 0.589537 0.046002 0.034648
296 0.725630 0.464494 0.035049 0.034991
110 0.849124 0.503259 0.041073 0.034991
74 0.852683 0.729503 0.031763 0.035334
127 0.319825 0.556261 0.055860 0.035334
127 0.314074 0.475643 0.058598 0.035334
2599 0.609529 0.884391 0.032859 0.035678
316 0.507941 0.384563 0.044359 0.035678
117 0.455367 0.402916 0.023549 0.036021
1193 0.403614 0.575129 0.043812 0.036021
70 0.300657 0.180789 0.026287 0.036364
107 0.722070 0.684734 0.026835 0.036364
87 0.722070 0.597256 0.034502 0.036364
107 0.213308 0.803431 0.038883 0.036364
1309 0.778478 0.353688 0.046550 0.036364
58 0.401972 0.387993 0.048193 0.036364
127 0.210570 0.883190 0.056407 0.036707
55 0.113089 0.675643 0.061884 0.036707
1778 0.725630 0.809091 0.042716 0.037393
395 0.507667 0.245798 0.046002 0.037393
252 0.322289 0.277702 0.055312 0.037393
58 0.558324 0.663808 0.029025 0.037736
77 0.107338 0.512178 0.059146 0.037736
121 0.848302 0.350257 0.061336 0.037736
71 0.559693 0.490051 0.031763 0.038079
1317 0.721522 0.771184 0.037788 0.038422
83 0.107338 0.633619 0.052574 0.038422
83 0.853505 0.388679 0.055312 0.039108
1309 0.507393 0.482161 0.048740 0.039451
74 0.213855 0.665866 0.034502 0.039794
1309 0.243428 0.414751 0.044359 0.039794
98 0.850219 0.767067 0.061884 0.039794
70 0.108981 0.849057 0.039430 0.040480
60 0.851588 0.430703 0.046002 0.040823
119 0.213855 0.844254 0.041073 0.041166
76 0.753286 0.188679 0.061884 0.041166
121 0.851314 0.471698 0.073932 0.041166
2598 0.851041 0.806175 0.035049 0.041852
70 0.111993 0.180446 0.037788 0.041852
87 0.109255 0.778731 0.044359 0.041852
1917 0.447152 0.752144 0.043264 0.042196
1584 0.452903 0.557633 0.031763 0.042882
268 0.401972 0.200172 0.039430 0.042882
87 0.105148 0.333276 0.046002 0.042882
84 0.110898 0.740823 0.052026 0.042882
73 0.107338 0.376844 0.053669 0.044254
70 0.851588 0.308919 0.040526 0.044940
68 0.850219 0.876844 0.010405 0.045283
2191 0.221249 0.709605 0.060241 0.046312
87 0.320920 0.515266 0.046002 0.046655
2727 0.323932 0.325901 0.050931 0.046655
296 0.853505 0.190909 0.044359 0.048370
1297 0.607886 0.492967 0.041621 0.048714
107 0.105696 0.554202 0.036145 0.050429
