92 0.824634 0.191999 0.029756 0.010812
92 0.311220 0.299660 0.029268 0.011121
128 0.229024 0.615230 0.013171 0.011430
698 0.139024 0.270003 0.030244 0.011739
101 0.740976 0.156935 0.037073 0.011739
92 0.565122 0.800432 0.032683 0.012357
101 0.309756 0.611369 0.042927 0.012357
92 0.138780 0.478375 0.031707 0.012666
92 0.393659 0.509113 0.031220 0.012975
93 0.227561 0.853105 0.044390 0.013284
42 0.397317 0.775718 0.014146 0.013593
120 0.311463 0.200031 0.020000 0.014520
120 0.222439 0.741891 0.021463 0.014520
92 0.395854 0.609206 0.032683 0.014829
91 0.907805 0.550664 0.031220 0.015137
881 0.136829 0.824065 0.039512 0.015137
102 0.060000 0.679487 0.053659 0.015137
120 0.059024 0.222119 0.017561 0.015446
88 0.133415 0.875656 0.026829 0.015755
56 0.058537 0.557924 0.021463 0.016064
91 0.228537 0.308619 0.034634 0.016064
92 0.228780 0.178097 0.029268 0.016373
57 0.315122 0.772475 0.031220 0.016373
91 0.140488 0.768150 0.032195 0.016373
91 0.569024 0.250695 0.034634 0.016373
72 0.906098 0.237411 0.040488 0.016373
92 0.652195 0.571208 0.032195 0.016682
499 0.570732 0.202039 0.042927 0.016682
98 0.822927 0.680568 0.043902 0.016682
885 0.059756 0.754093 0.049268 0.016682
83 0.311463 0.154001 0.022927 0.016991
85 0.053171 0.277881 0.028293 0.016991
91 0.480976 0.625116 0.031220 0.016991
88 0.401707 0.909021 0.035610 0.016991
120 0.566341 0.682422 0.022439 0.017300
91 0.571951 0.157244 0.029756 0.017300
91 0.649024 0.725054 0.031707 0.017300
126 0.903171 0.183194 0.035610 0.017300
56 0.308537 0.596386 0.015122 0.017609
56 0.567317 0.700803 0.019512 0.017609
88 0.735122 0.696169 0.024390 0.017609
85 0.570732 0.882144 0.025366 0.017609
83 0.736341 0.748378 0.030732 0.017609
88 0.650732 0.620482 0.035122 0.017609
88 0.658780 0.261353 0.034634 0.017918
126 0.822195 0.298116 0.034634 0.017918
642 0.739756 0.171146 0.036585 0.017918
62 0.225366 0.815416 0.022439 0.018227
85 0.736829 0.498146 0.030732 0.018227
72 0.821220 0.359129 0.037561 0.018227
120 0.402195 0.849552 0.022927 0.018536
251 0.309024 0.725054 0.043415 0.018536
93 0.573415 0.512203 0.051220 0.018536
1810 0.226585 0.286840 0.021951 0.018845
91 0.223415 0.451807 0.029268 0.018845
88 0.055122 0.258109 0.036098 0.018845
251 0.822683 0.756101 0.043415 0.018845
120 0.568537 0.400062 0.021951 0.019154
88 0.135854 0.554835 0.023902 0.019154
88 0.905610 0.624344 0.024878 0.019154
88 0.564634 0.633920 0.024878 0.019154
88 0.308780 0.381217 0.026341 0.019154
83 0.056585 0.700649 0.033171 0.019154
2917 0.396829 0.587890 0.033659 0.019154
1810 0.225366 0.429564 0.022439 0.019462
70 0.910732 0.909639 0.028293 0.019462
69 0.062927 0.238338 0.030244 0.019462
83 0.740000 0.394038 0.030244 0.019462
126 0.820488 0.631603 0.036098 0.019462
68 0.055854 0.460303 0.006341 0.019771
118 0.312683 0.871486 0.022439 0.019771
91 0.138780 0.428174 0.032683 0.019771
126 0.823902 0.477294 0.036098 0.019771
83 0.567317 0.908866 0.037073 0.019771
83 0.314634 0.908557 0.038049 0.019771
251 0.652927 0.905159 0.043415 0.019771
68 0.308537 0.625734 0.006341 0.020080
88 0.735610 0.905005 0.021463 0.020080
88 0.478049 0.713469 0.025366 0.020080
72 0.823171 0.544486 0.032683 0.020080
81 0.309024 0.574452 0.034634 0.020080
88 0.739756 0.476830 0.038537 0.020080
88 0.737561 0.803058 0.040000 0.020080
88 0.140976 0.214705 0.023415 0.020389
85 0.905366 0.277417 0.024390 0.020389
85 0.399512 0.332098 0.025366 0.020389
83 0.649512 0.552054 0.028780 0.020389
83 0.054390 0.346308 0.029756 0.020389
88 0.653415 0.377973 0.023902 0.020698
85 0.822683 0.399289 0.027805 0.020698
548 0.479024 0.668366 0.029268 0.020698
501 0.224146 0.407013 0.033659 0.020698
88 0.224878 0.360056 0.034146 0.020698
642 0.224146 0.383843 0.035610 0.020698
81 0.308780 0.645814 0.037073 0.020698
72 0.648049 0.673000 0.038537 0.020698
978 0.823659 0.808310 0.045366 0.020698
633 0.652683 0.466018 0.051707 0.020698
85 0.399756 0.794563 0.025854 0.021007
66 0.646098 0.833179 0.031707 0.021007
51 0.058780 0.206364 0.037561 0.021007
126 0.058293 0.405314 0.039512 0.021007
121 0.226585 0.834415 0.062927 0.021007
69 0.916341 0.255329 0.020000 0.021316
60 0.058537 0.571826 0.020488 0.021625
62 0.395854 0.490887 0.032683 0.021625
126 0.909512 0.765215 0.033659 0.021625
81 0.397317 0.311708 0.034634 0.021625
88 0.740488 0.247142 0.039024 0.021625
72 0.052439 0.322830 0.039512 0.021625
1264 0.742439 0.417980 0.041951 0.021625
266 0.907561 0.468953 0.043415 0.021625
632 0.480732 0.602410 0.050244 0.021625
60 0.393171 0.410720 0.016585 0.021934
88 0.566585 0.328545 0.026829 0.021934
87 0.221951 0.794099 0.036098 0.021934
72 0.648780 0.857430 0.036098 0.021934
3731 0.057561 0.633766 0.038049 0.021934
2748 0.566585 0.354186 0.050244 0.021934
85 0.566341 0.721347 0.024390 0.022243
117 0.221220 0.631758 0.026829 0.022243
88 0.227317 0.159098 0.033171 0.022243
51 0.483171 0.192462 0.034634 0.022243
350 0.570976 0.178869 0.044390 0.022243
117 0.826098 0.522243 0.016098 0.022552
95 0.308537 0.552209 0.035610 0.022552
81 0.738537 0.518536 0.036098 0.022552
121 0.317561 0.890485 0.063415 0.022552
119 0.483659 0.214087 0.025854 0.022861
91 0.826098 0.866852 0.039512 0.022861
126 0.652195 0.488106 0.041951 0.022861
2489 0.061220 0.129132 0.047317 0.022861
68 0.309756 0.498455 0.004878 0.023170
68 0.482683 0.762898 0.009268 0.023170
88 0.484146 0.166049 0.023902 0.023170
74 0.138780 0.406704 0.026829 0.023170
1902 0.904634 0.327927 0.045366 0.023170
121 0.142439 0.349552 0.054634 0.023170
1932 0.309268 0.668984 0.054634 0.023170
68 0.735854 0.599629 0.006341 0.023479
509 0.907561 0.413655 0.031707 0.023479
120 0.228049 0.234013 0.024878 0.023787
62 0.654878 0.441304 0.032683 0.023787
2885 0.909024 0.647977 0.037561 0.023787
273 0.222683 0.871640 0.040488 0.023787
68 0.569024 0.885851 0.044390 0.023787
118 0.399756 0.238492 0.020976 0.024096
110 0.138537 0.691072 0.035122 0.024096
978 0.480000 0.841211 0.046829 0.024096
2824 0.483171 0.371331 0.051220 0.024096
121 0.569512 0.777263 0.061951 0.024096
53 0.653415 0.134538 0.022927 0.024405
109 0.398537 0.217022 0.038049 0.024405
1811 0.141220 0.718103 0.038537 0.024405
3731 0.657561 0.242045 0.040000 0.024405
2885 0.650976 0.807074 0.041463 0.024405
118 0.057805 0.299969 0.020976 0.024714
76 0.567073 0.379364 0.030732 0.024714
111 0.058049 0.863454 0.031220 0.024714
273 0.395610 0.630213 0.040976 0.024714
3955 0.312683 0.133766 0.044878 0.024714
1902 0.393659 0.529503 0.045854 0.024714
3172 0.823902 0.235403 0.046829 0.024714
2616 0.573415 0.134384 0.050244 0.024714
4440 0.486098 0.690763 0.050244 0.024714
119 0.655366 0.319277 0.019024 0.025023
92 0.394634 0.289929 0.025366 0.025023
83 0.309512 0.434816 0.025854 0.025023
310 0.823902 0.211152 0.038049 0.025023
643 0.476098 0.511430 0.040976 0.025023
2885 0.139512 0.744671 0.041951 0.025023
1782 0.742683 0.194779 0.045366 0.025023
273 0.822195 0.704510 0.046341 0.025023
71 0.658293 0.881835 0.057073 0.025023
69 0.835610 0.379673 0.023415 0.025332
126 0.481463 0.424776 0.034146 0.025332
51 0.565854 0.660488 0.039024 0.025332
126 0.403171 0.868397 0.043415 0.025332
254 0.144878 0.133148 0.043902 0.025332
1165 0.903659 0.161569 0.045366 0.025332
3667 0.480976 0.397590 0.046829 0.025332
91 0.483902 0.816806 0.056585 0.025332
2677 0.137317 0.498455 0.028780 0.025641
268 0.741463 0.134847 0.039024 0.025641
126 0.136098 0.636546 0.040000 0.025641
126 0.057317 0.519462 0.041463 0.025641
98 0.055854 0.538307 0.042439 0.025641
1672 0.906098 0.790392 0.047317 0.025641
978 0.482439 0.647977 0.051707 0.025641
126 0.141463 0.294099 0.032195 0.025950
978 0.905366 0.136546 0.038049 0.025950
912 0.903659 0.389867 0.043415 0.025950
83 0.909756 0.819432 0.020488 0.026259
119 0.224146 0.656627 0.022927 0.026259
87 0.221951 0.541705 0.023415 0.026259
83 0.739268 0.335032 0.024878 0.026259
66 0.479512 0.739728 0.028293 0.026259
2233 0.570000 0.273865 0.042439 0.026259
1870 0.402683 0.889249 0.044390 0.026259
3956 0.224878 0.334724 0.047805 0.026259
4377 0.908780 0.599938 0.036098 0.026568
126 0.400000 0.659252 0.036098 0.026568
59 0.403659 0.160643 0.037561 0.026568
510 0.222927 0.513129 0.038049 0.026568
2836 0.304878 0.796108 0.043902 0.026568
3948 0.651220 0.751313 0.046829 0.026568
4488 0.825122 0.502626 0.048293 0.026568
78 0.657805 0.160179 0.030732 0.026877
121 0.060976 0.808310 0.031220 0.026877
86 0.063171 0.837349 0.033659 0.026877
126 0.650000 0.778962 0.036585 0.026877
1435 0.144634 0.160797 0.043415 0.026877
1400 0.823171 0.731078 0.047317 0.026877
119 0.908293 0.704974 0.025366 0.027186
111 0.479756 0.792091 0.025854 0.027186
119 0.655366 0.216250 0.026829 0.027186
4162 0.308293 0.750077 0.034146 0.027186
126 0.312195 0.822057 0.044878 0.027186
1605 0.136585 0.664195 0.050732 0.027186
119 0.225122 0.566728 0.023902 0.027495
1879 0.224878 0.479611 0.024390 0.027495
126 0.061463 0.185820 0.036098 0.027495
4486 0.825610 0.454897 0.038537 0.027495
2746 0.910732 0.574143 0.040000 0.027495
3045 0.226341 0.133302 0.041951 0.027495
4051 0.394634 0.466018 0.045854 0.027495
84 0.915854 0.496447 0.036585 0.027804
1777 0.056341 0.726290 0.043415 0.027804
4051 0.395854 0.386469 0.044390 0.027804
70 0.058049 0.658480 0.025366 0.028112
87 0.564878 0.458295 0.032195 0.028112
1354 0.393659 0.357275 0.036098 0.028112
503 0.567805 0.302286 0.040976 0.028112
4089 0.310488 0.319277 0.043415 0.028112
119 0.133171 0.611369 0.029268 0.028421
2707 0.567317 0.538770 0.031220 0.028421
4486 0.654146 0.700649 0.042927 0.028421
70 0.479756 0.482391 0.026829 0.028730
3175 0.310976 0.275718 0.037561 0.028730
2894 0.309756 0.222274 0.040976 0.028730
68 0.058293 0.572907 0.043415 0.028730
4039 0.735854 0.573525 0.051220 0.028730
288 0.482439 0.900680 0.056585 0.028730
83 0.397317 0.720729 0.021951 0.029039
83 0.905122 0.301514 0.022927 0.029039
87 0.055610 0.781279 0.032195 0.029039
1777 0.392195 0.435589 0.043902 0.029039
83 0.139512 0.377356 0.024390 0.029348
1163 0.307561 0.407939 0.045366 0.029348
1917 0.309756 0.178251 0.036098 0.029657
3940 0.650000 0.647822 0.043415 0.029657
4070 0.737317 0.721038 0.044390 0.029657
1567 0.483902 0.345382 0.044878 0.029657
1685 0.906585 0.443930 0.047317 0.029657
3815 0.395854 0.689527 0.050244 0.029657
506 0.057805 0.157090 0.036585 0.029966
1197 0.136829 0.528730 0.037561 0.029966
3153 0.822439 0.138863 0.038049 0.029966
64 0.223659 0.595768 0.038537 0.029966
4486 0.139756 0.900680 0.041463 0.029966
4050 0.309024 0.525332 0.043415 0.029966
2425 0.567317 0.856503 0.044878 0.029966
1397 0.400732 0.752085 0.050244 0.029966
1396 0.824146 0.606426 0.045366 0.030275
3244 0.140000 0.321903 0.047805 0.030275
3854 0.142683 0.192462 0.050244 0.030275
1777 0.223415 0.765678 0.046829 0.030584
4225 0.914390 0.735712 0.050244 0.030584
83 0.825122 0.424467 0.026829 0.030893
83 0.738293 0.543404 0.029756 0.030893
2866 0.483415 0.318814 0.039024 0.030893
675 0.304878 0.699722 0.039024 0.030893
1129 0.135854 0.582638 0.044390 0.030893
4064 0.738293 0.306148 0.049268 0.030893
83 0.397317 0.188909 0.021951 0.031202
121 0.564878 0.488261 0.029268 0.031202
1087 0.741463 0.219493 0.033171 0.031202
931 0.910000 0.676089 0.041463 0.031202
1777 0.907317 0.525023 0.043902 0.031202
4052 0.307805 0.845690 0.045854 0.031202
1400 0.230488 0.900989 0.059024 0.031202
1870 0.741220 0.776336 0.039512 0.031511
653 0.652195 0.596231 0.040976 0.031511
4292 0.570000 0.225517 0.041463 0.031511
2152 0.310000 0.252085 0.042439 0.031511
1237 0.907317 0.881989 0.042927 0.031511
3545 0.142683 0.243744 0.044390 0.031511
70 0.566585 0.750541 0.025854 0.031820
295 0.825610 0.659098 0.036585 0.031820
1428 0.566829 0.824065 0.044878 0.031820
1921 0.058293 0.603800 0.050244 0.031820
1917 0.222195 0.717640 0.037561 0.032129
616 0.477561 0.868706 0.044878 0.032129
3188 0.058293 0.896200 0.048293 0.032129
616 0.825366 0.835032 0.058537 0.032129
970 0.225366 0.263670 0.033171 0.032437
1115 0.822927 0.167285 0.036098 0.032437
1396 0.484146 0.137010 0.042439 0.032437
1035 0.056585 0.376120 0.042927 0.032437
1921 0.655366 0.348625 0.046341 0.032437
4502 0.824634 0.783287 0.046341 0.032437
3452 0.740488 0.273401 0.039024 0.032746
2893 0.478780 0.455360 0.045366 0.032746
4683 0.732683 0.626660 0.049756 0.033055
322 0.568049 0.570436 0.054146 0.033055
3434 0.228537 0.204819 0.039512 0.033364
577 0.823902 0.572753 0.040976 0.033364
3136 0.138537 0.797189 0.039024 0.033673
2866 0.909268 0.852796 0.040976 0.033673
4097 0.654634 0.189218 0.042927 0.033673
975 0.138537 0.455823 0.045854 0.033673
4050 0.225122 0.685666 0.048293 0.033673
47 0.402927 0.261044 0.026341 0.033982
4084 0.566585 0.427865 0.045366 0.033982
968 0.479024 0.542941 0.035122 0.034291
3434 0.398049 0.825301 0.039024 0.034291
410 0.396098 0.559314 0.047805 0.034291
1724 0.902439 0.210998 0.039024 0.034600
2909 0.054390 0.488879 0.034634 0.034909
2876 0.054146 0.434198 0.039024 0.034909
4634 0.737561 0.874112 0.049756 0.034909
1087 0.741220 0.447946 0.033659 0.035218
410 0.908049 0.355576 0.048293 0.035218
2945 0.309756 0.351715 0.040000 0.035527
2591 0.133659 0.851560 0.043902 0.035527
3434 0.310732 0.466636 0.035122 0.036145
249 0.480244 0.576305 0.036585 0.036145
2718 0.823415 0.898826 0.040000 0.036145
577 0.566341 0.606426 0.042927 0.036454
1724 0.481220 0.285295 0.042439 0.036762
1373 0.659024 0.290238 0.042927 0.037380
1724 0.821463 0.329935 0.043902 0.038307
4564 0.737073 0.837504 0.046829 0.038307
3992 0.735854 0.365771 0.059024 0.038307
4376 0.650244 0.410720 0.045854 0.039852
1724 0.650976 0.520544 0.041463 0.040778
4733 0.823902 0.268613 0.040976 0.041087
3170 0.736098 0.666203 0.039024 0.044177
