128 0.522325 0.608862 0.017706 0.010695
128 0.704003 0.837471 0.016166 0.013369
52 0.462279 0.760313 0.057737 0.017953
52 0.860277 0.520435 0.063895 0.018717
83 0.458430 0.790871 0.042340 0.019481
81 0.512317 0.593392 0.048499 0.019481
861 0.431871 0.557296 0.055427 0.019862
57 0.381832 0.553667 0.036952 0.021008
56 0.791378 0.841291 0.024634 0.021772
91 0.861047 0.575057 0.053118 0.022536
553 0.158584 0.261268 0.058507 0.022918
65 0.796767 0.872231 0.049269 0.023300
76 0.712471 0.590336 0.036182 0.024064
52 0.717090 0.565890 0.056197 0.024064
56 0.567360 0.166348 0.027714 0.024828
91 0.829484 0.092246 0.057737 0.024828
66 0.224403 0.266616 0.028483 0.025974
123 0.458430 0.278075 0.028483 0.025974
123 0.571594 0.508403 0.030023 0.025974
553 0.510393 0.631780 0.073903 0.025974
1173 0.533487 0.259549 0.064665 0.026356
113 0.550808 0.717341 0.062356 0.027502
82 0.566205 0.229756 0.063895 0.027884
52 0.560431 0.193086 0.067744 0.027884
110 0.165512 0.529985 0.049269 0.028648
98 0.445343 0.525401 0.054657 0.028648
85 0.454580 0.451490 0.036182 0.029030
111 0.864126 0.545073 0.042340 0.029030
110 0.379138 0.490069 0.045420 0.029030
96 0.085835 0.899924 0.054657 0.029030
109 0.864896 0.762414 0.066975 0.029030
87 0.570054 0.479947 0.050038 0.029412
1083 0.698999 0.870703 0.052348 0.029412
62 0.717090 0.623568 0.056197 0.029412
98 0.790223 0.346257 0.068514 0.029412
86 0.797921 0.274828 0.046959 0.030176
109 0.790993 0.801184 0.068514 0.030176
53 0.381832 0.520244 0.018476 0.030558
1977 0.405312 0.899160 0.066975 0.030558
76 0.374519 0.588808 0.033102 0.031704
107 0.767898 0.520435 0.036182 0.031704
92 0.156274 0.186784 0.024634 0.032086
77 0.874904 0.243888 0.051578 0.033231
59 0.792533 0.237777 0.053118 0.033231
1375 0.248268 0.531895 0.065435 0.033231
60 0.249038 0.450535 0.066975 0.033231
2197 0.756351 0.093392 0.071594 0.033231
58 0.863356 0.800993 0.036182 0.033613
125 0.081986 0.868220 0.048499 0.033613
68 0.717860 0.536669 0.053118 0.033613
2685 0.149731 0.746371 0.053118 0.033613
1927 0.254426 0.173797 0.076212 0.033613
92 0.540031 0.790489 0.033102 0.033995
66 0.859892 0.448243 0.040031 0.033995
76 0.102771 0.574675 0.062356 0.033995
81 0.870285 0.207983 0.066975 0.033995
72 0.539261 0.824866 0.068514 0.033995
2576 0.247883 0.789725 0.070824 0.033995
1083 0.396074 0.331360 0.045420 0.034759
1083 0.858353 0.604087 0.049269 0.034759
109 0.154349 0.793163 0.057737 0.034759
648 0.429946 0.592055 0.048499 0.035141
62 0.871824 0.286478 0.059276 0.035141
58 0.547729 0.754966 0.043880 0.035523
58 0.229407 0.299274 0.052348 0.035523
1952 0.698614 0.239687 0.079292 0.035523
92 0.697075 0.755348 0.034642 0.036287
58 0.150115 0.829068 0.036952 0.036287
74 0.787914 0.195378 0.037721 0.036287
2822 0.899923 0.094538 0.083141 0.036287
85 0.861817 0.488923 0.030023 0.036669
4252 0.562741 0.446142 0.061586 0.036669
62 0.379523 0.623568 0.049269 0.037051
53 0.458814 0.202254 0.024634 0.037815
118 0.518091 0.554431 0.033872 0.037815
70 0.155889 0.223644 0.034642 0.037815
87 0.251347 0.576585 0.046959 0.037815
79 0.108930 0.322956 0.051578 0.037815
105 0.516551 0.516043 0.067744 0.038197
978 0.409546 0.855233 0.067744 0.038197
53 0.451886 0.485676 0.024634 0.038579
78 0.457275 0.241215 0.046189 0.039343
68 0.165127 0.495607 0.054657 0.039343
87 0.768668 0.483193 0.040801 0.039725
92 0.874134 0.170741 0.042340 0.039725
2685 0.860277 0.718487 0.063895 0.039725
53 0.788684 0.310733 0.025404 0.040871
70 0.254426 0.616310 0.040801 0.040871
3331 0.078907 0.822574 0.054657 0.041635
4597 0.531563 0.305386 0.074673 0.041635
53 0.461124 0.829832 0.024634 0.042399
68 0.262895 0.489687 0.014627 0.044309
69 0.181293 0.566845 0.030023 0.044309
83 0.226713 0.343965 0.026944 0.045455
51 0.105851 0.280940 0.051578 0.045455
3364 0.392225 0.290107 0.059276 0.046982
4371 0.698614 0.185447 0.048499 0.049274
523 0.242109 0.728992 0.070054 0.049274
62 0.109700 0.617074 0.060816 0.050038
118 0.703233 0.803094 0.039261 0.052330
3376 0.255966 0.226509 0.056197 0.053476
