246 0.252831 0.253331 0.046603 0.005888
246 0.555967 0.742795 0.064024 0.006817
92 0.162674 0.503254 0.030923 0.012395
101 0.258711 0.640378 0.060105 0.015184
92 0.556402 0.295631 0.043990 0.016114
55 0.160061 0.642392 0.060540 0.016114
56 0.356925 0.803998 0.013502 0.016424
85 0.454704 0.514255 0.042683 0.017663
56 0.853223 0.729935 0.058362 0.018283
56 0.455575 0.633870 0.063589 0.018283
56 0.656141 0.771150 0.072735 0.018283
92 0.352352 0.557794 0.048780 0.019213
101 0.453833 0.315308 0.060105 0.020762
101 0.458188 0.822281 0.064460 0.020762
85 0.668336 0.859157 0.014373 0.021382
83 0.162021 0.812829 0.044425 0.022312
108 0.856490 0.314379 0.021341 0.022622
76 0.163110 0.444066 0.030923 0.023551
126 0.164416 0.611249 0.054443 0.024481
72 0.551829 0.260304 0.067944 0.024791
60 0.656141 0.438488 0.046603 0.025411
88 0.170514 0.736752 0.053571 0.025720
83 0.844294 0.753641 0.050087 0.026030
56 0.558145 0.632321 0.014373 0.026340
51 0.159408 0.407344 0.047038 0.026340
85 0.471472 0.737527 0.013502 0.026650
2489 0.858014 0.786489 0.062718 0.026650
88 0.353223 0.487140 0.013937 0.027270
83 0.654617 0.796405 0.045296 0.027270
126 0.259364 0.563062 0.065767 0.027270
88 0.359974 0.859002 0.018728 0.027890
2489 0.660714 0.831422 0.064460 0.029129
85 0.863676 0.811435 0.011324 0.029439
76 0.560322 0.856058 0.028310 0.030059
115 0.854312 0.505888 0.052700 0.030059
2489 0.459277 0.708398 0.065767 0.030369
83 0.451437 0.662690 0.046603 0.030679
91 0.453397 0.483111 0.054007 0.030989
88 0.566855 0.707778 0.059669 0.030989
98 0.847343 0.675395 0.065767 0.031298
98 0.455139 0.400837 0.067073 0.031298
87 0.359756 0.778432 0.040941 0.031608
359 0.160061 0.293616 0.055314 0.031918
115 0.163981 0.701580 0.051829 0.032228
98 0.658319 0.219864 0.072735 0.032538
58 0.343641 0.351410 0.027875 0.032848
95 0.561193 0.831577 0.049216 0.033158
83 0.352134 0.694608 0.050958 0.033158
111 0.658754 0.403471 0.025697 0.033468
58 0.457099 0.436319 0.034408 0.033468
2677 0.163545 0.534397 0.032666 0.033778
115 0.348214 0.266346 0.064024 0.033778
111 0.655270 0.517199 0.026568 0.034087
66 0.349956 0.524636 0.031794 0.034087
88 0.557927 0.429501 0.012195 0.034707
680 0.255662 0.600248 0.044425 0.034707
83 0.341681 0.396343 0.050958 0.034707
91 0.856925 0.351100 0.052700 0.034707
111 0.456882 0.600093 0.028746 0.035017
115 0.553789 0.519988 0.055314 0.035327
98 0.756315 0.359777 0.071864 0.035327
118 0.165287 0.473040 0.016986 0.035637
83 0.551394 0.472730 0.052265 0.035637
121 0.365854 0.835296 0.064460 0.035637
76 0.255009 0.387512 0.037892 0.036876
58 0.851699 0.587233 0.029181 0.037186
28 0.753484 0.305547 0.055749 0.037186
2426 0.169861 0.853269 0.073171 0.037496
111 0.163763 0.664704 0.014808 0.037806
98 0.651132 0.741866 0.069686 0.037806
88 0.166159 0.378215 0.052700 0.038116
121 0.562064 0.672296 0.057927 0.038116
115 0.653963 0.566315 0.059669 0.038116
683 0.855836 0.707468 0.074913 0.038426
750 0.258493 0.528509 0.064895 0.038736
2179 0.154834 0.336690 0.068380 0.038736
2983 0.162674 0.574682 0.044861 0.039355
87 0.561629 0.599163 0.049216 0.039355
96 0.855401 0.550201 0.057491 0.039355
95 0.256098 0.349551 0.058362 0.039665
96 0.655270 0.612024 0.058798 0.039665
96 0.347561 0.315153 0.060105 0.039665
70 0.855618 0.851410 0.046603 0.039975
84 0.554878 0.559963 0.055749 0.041525
58 0.649826 0.648745 0.027003 0.041835
3136 0.353659 0.649520 0.044425 0.042144
115 0.857361 0.273629 0.055314 0.042144
58 0.652221 0.477688 0.040505 0.043694
70 0.453615 0.271769 0.054443 0.045243
107 0.859321 0.226061 0.021777 0.046793
2397 0.556402 0.333901 0.064024 0.047412
3354 0.250871 0.486210 0.055749 0.047722
70 0.455793 0.785095 0.054443 0.048032
3435 0.656794 0.366749 0.064460 0.048032
2438 0.162456 0.776108 0.053136 0.048652
1396 0.356272 0.740471 0.054007 0.049272
3435 0.854312 0.395569 0.064895 0.049272
68 0.461890 0.847536 0.008275 0.049582
53 0.453397 0.556709 0.022648 0.049892
4447 0.652657 0.699876 0.055314 0.049892
4447 0.850610 0.636040 0.055749 0.049892
68 0.257186 0.433685 0.009146 0.050511
2193 0.352134 0.439262 0.068380 0.050511
1129 0.554660 0.791757 0.057927 0.051441
1129 0.251742 0.299814 0.049652 0.052371
58 0.659843 0.258134 0.052265 0.052681
2193 0.559451 0.378990 0.043118 0.057019
68 0.265462 0.672606 0.007404 0.062907
68 0.454922 0.347072 0.011760 0.063217
68 0.355836 0.587233 0.012195 0.064456
