205 0.899233 0.525427 0.029573 0.011263
98 0.462760 0.865358 0.039430 0.013311
146 0.670865 0.653242 0.031763 0.015017
146 0.872946 0.303584 0.025192 0.015358
64 0.492059 0.812457 0.033406 0.016041
98 0.362267 0.871672 0.039978 0.017065
52 0.260679 0.581911 0.030668 0.017747
128 0.439485 0.757167 0.012596 0.018089
56 0.460022 0.849488 0.021906 0.018430
56 0.264513 0.466553 0.023001 0.018430
81 0.478642 0.640956 0.035049 0.018430
190 0.876232 0.264676 0.031763 0.018771
190 0.670865 0.617577 0.033954 0.018771
56 0.361172 0.852901 0.025739 0.019113
52 0.887185 0.730034 0.055860 0.019113
57 0.433735 0.487543 0.030668 0.019454
152 0.877327 0.284812 0.033954 0.019454
122 0.361720 0.887884 0.034502 0.019454
104 0.259584 0.519113 0.029573 0.019795
57 0.478916 0.424232 0.031216 0.019795
152 0.671413 0.636519 0.033954 0.019795
101 0.156079 0.294369 0.047097 0.020137
196 0.382256 0.818259 0.030668 0.021502
81 0.466594 0.204266 0.035049 0.021502
53 0.259858 0.539932 0.018072 0.021843
93 0.257393 0.562116 0.021906 0.021843
122 0.462486 0.884983 0.033406 0.021843
297 0.556681 0.175085 0.062979 0.021843
88 0.472618 0.336348 0.025192 0.022184
196 0.676889 0.583106 0.030668 0.022184
166 0.265334 0.253925 0.013691 0.022526
57 0.668401 0.350171 0.036692 0.022526
1002 0.565444 0.639590 0.044359 0.022526
102 0.264786 0.487031 0.047645 0.022526
121 0.155257 0.337543 0.031216 0.023208
68 0.218784 0.276962 0.009310 0.023549
65 0.219058 0.253413 0.032859 0.023549
92 0.679080 0.886177 0.048193 0.023549
52 0.357065 0.711092 0.049288 0.023549
119 0.219332 0.391809 0.025739 0.023891
120 0.319003 0.176962 0.027930 0.024232
117 0.478094 0.546758 0.029573 0.024573
1002 0.131435 0.179181 0.038335 0.024573
52 0.881982 0.587713 0.052026 0.024573
120 0.665389 0.553754 0.028478 0.024915
64 0.155805 0.271843 0.030120 0.024915
132 0.792442 0.882423 0.032859 0.024915
1002 0.773001 0.347611 0.037788 0.024915
67 0.257667 0.790273 0.042169 0.024915
91 0.566539 0.885836 0.054217 0.024915
52 0.566265 0.850853 0.055860 0.025256
120 0.426889 0.285154 0.024644 0.025597
1002 0.226999 0.525768 0.034502 0.025597
108 0.256024 0.762287 0.035597 0.025597
1002 0.340361 0.240102 0.043264 0.025597
127 0.478094 0.486860 0.044907 0.025597
91 0.248631 0.685495 0.050383 0.025597
85 0.214951 0.330034 0.019168 0.025939
119 0.467689 0.254949 0.024096 0.025939
115 0.260953 0.411945 0.039978 0.025939
126 0.262048 0.354949 0.042169 0.025939
495 0.260405 0.327645 0.047645 0.025939
113 0.664294 0.528328 0.061336 0.025939
60 0.260953 0.438055 0.019168 0.026280
67 0.116375 0.295051 0.033406 0.026280
93 0.493976 0.787372 0.026287 0.026621
110 0.466867 0.228669 0.033406 0.026621
101 0.429080 0.467918 0.046550 0.026621
86 0.117196 0.236689 0.026287 0.026962
56 0.889650 0.834983 0.030120 0.026962
1644 0.262322 0.383447 0.042716 0.026962
81 0.774096 0.573208 0.055312 0.026962
91 0.886637 0.798805 0.055860 0.026962
74 0.468784 0.284642 0.025192 0.027304
101 0.149233 0.857338 0.064074 0.027304
76 0.155531 0.312457 0.030668 0.027645
76 0.469880 0.392662 0.030668 0.027645
110 0.480559 0.665700 0.034502 0.027645
76 0.493428 0.762457 0.048193 0.027986
89 0.781490 0.769283 0.066813 0.027986
4116 0.136090 0.195392 0.024644 0.028328
81 0.658543 0.211433 0.060789 0.028328
166 0.469606 0.172696 0.020263 0.028669
4116 0.778478 0.366553 0.021358 0.028669
118 0.482475 0.693857 0.023001 0.028669
87 0.435104 0.576792 0.041073 0.028669
67 0.143483 0.450171 0.048193 0.028669
68 0.472344 0.364334 0.009310 0.029010
58 0.427985 0.440102 0.031216 0.029010
76 0.361993 0.206314 0.032859 0.029010
88 0.222618 0.305290 0.041073 0.029010
83 0.429354 0.548123 0.040526 0.029352
98 0.469606 0.312969 0.042169 0.029352
88 0.566265 0.700341 0.059146 0.029352
123 0.113910 0.266894 0.020811 0.030034
60 0.347481 0.680205 0.025739 0.030034
58 0.362815 0.176792 0.027930 0.030034
126 0.433735 0.696928 0.042716 0.030034
148 0.880340 0.223038 0.041073 0.030375
81 0.883352 0.615188 0.056955 0.030375
81 0.668949 0.467747 0.057503 0.030375
4116 0.572563 0.655973 0.023549 0.030717
78 0.427163 0.403413 0.035049 0.030717
52 0.656353 0.181911 0.049836 0.030717
127 0.251369 0.818430 0.053669 0.031399
60 0.563527 0.736860 0.054765 0.031399
113 0.675794 0.804437 0.069003 0.031399
125 0.473987 0.458191 0.038883 0.031741
4116 0.348028 0.257338 0.023549 0.032082
85 0.116648 0.327816 0.020811 0.032423
76 0.437021 0.731911 0.040526 0.032423
101 0.142388 0.603584 0.066813 0.032423
70 0.423056 0.178840 0.027930 0.032765
132 0.265060 0.178498 0.030668 0.032765
55 0.247536 0.623208 0.064622 0.032765
68 0.427437 0.516212 0.014786 0.033106
119 0.221249 0.462287 0.021906 0.033106
76 0.245345 0.656143 0.041621 0.033106
81 0.145400 0.667747 0.058598 0.033106
58 0.156353 0.240614 0.029025 0.033447
119 0.478642 0.517747 0.029573 0.033447
83 0.473987 0.612628 0.034502 0.033447
72 0.556134 0.562116 0.043264 0.033447
113 0.351041 0.606143 0.063527 0.033447
68 0.476725 0.579352 0.008215 0.033788
76 0.424425 0.371160 0.033954 0.033788
81 0.878149 0.376280 0.058598 0.033788
495 0.342826 0.395392 0.067908 0.033788
85 0.141840 0.706826 0.026287 0.034130
126 0.343921 0.355631 0.052574 0.034130
117 0.221249 0.428498 0.021906 0.034471
95 0.424699 0.212628 0.039978 0.034812
83 0.344469 0.427986 0.053669 0.034812
90 0.260131 0.887713 0.063527 0.034812
2395 0.262596 0.291980 0.035597 0.035154
127 0.136090 0.417235 0.057503 0.035154
113 0.558872 0.353413 0.061884 0.035154
123 0.876506 0.341638 0.025739 0.035495
64 0.153067 0.825939 0.039978 0.035495
60 0.351041 0.541297 0.048193 0.035495
68 0.663746 0.497440 0.013143 0.035836
87 0.213582 0.361945 0.035049 0.035836
51 0.662377 0.391980 0.062979 0.035836
127 0.564896 0.596758 0.064074 0.035836
119 0.354053 0.577133 0.029025 0.036177
2395 0.426068 0.333106 0.038335 0.036177
113 0.878970 0.449488 0.062432 0.036177
1584 0.433187 0.655802 0.031763 0.036519
78 0.879518 0.413140 0.047097 0.036519
127 0.775739 0.687201 0.053122 0.036519
67 0.563253 0.441980 0.049836 0.036860
113 0.764786 0.232253 0.062979 0.037201
330 0.428258 0.253584 0.036145 0.037543
72 0.765882 0.270307 0.053122 0.037543
113 0.778478 0.846758 0.060789 0.037543
117 0.354326 0.646246 0.030668 0.037884
71 0.486309 0.728840 0.032859 0.037884
83 0.883625 0.654096 0.048740 0.037884
55 0.775465 0.540102 0.062432 0.037884
53 0.774644 0.413652 0.025739 0.038225
111 0.144031 0.743174 0.032859 0.038567
83 0.346659 0.504608 0.052574 0.038567
60 0.436199 0.793857 0.020263 0.038908
78 0.142662 0.631741 0.045455 0.038908
113 0.565170 0.523208 0.056955 0.038908
127 0.154436 0.883959 0.061336 0.038908
127 0.771632 0.308532 0.064622 0.038908
126 0.771632 0.499659 0.064622 0.038908
119 0.562705 0.480034 0.034502 0.039249
58 0.346112 0.465358 0.042716 0.039249
127 0.144031 0.484130 0.069003 0.039249
68 0.783133 0.811263 0.007667 0.039590
62 0.360350 0.743003 0.047097 0.039590
68 0.565444 0.818259 0.013691 0.039932
134 0.227273 0.205290 0.027382 0.039932
118 0.571468 0.773379 0.023549 0.040273
58 0.772727 0.606826 0.046002 0.040273
83 0.355696 0.782935 0.052026 0.040273
74 0.770263 0.459727 0.033406 0.040956
85 0.673877 0.760580 0.024644 0.041297
87 0.773001 0.648294 0.043264 0.041297
85 0.140471 0.566553 0.023549 0.041638
85 0.877327 0.550171 0.024096 0.041638
68 0.892114 0.874744 0.056955 0.041638
366 0.882256 0.494881 0.064622 0.041638
118 0.871030 0.182765 0.047645 0.041980
70 0.255750 0.851536 0.037240 0.042321
104 0.560789 0.269283 0.061336 0.042321
111 0.888007 0.763993 0.025739 0.042662
68 0.776287 0.723891 0.010405 0.043003
68 0.435104 0.615358 0.011501 0.043003
74 0.660186 0.252218 0.031216 0.043003
58 0.147317 0.786689 0.042716 0.043003
68 0.247536 0.727474 0.012048 0.044027
118 0.668949 0.430546 0.023549 0.044027
70 0.142662 0.522696 0.038883 0.044027
65 0.560241 0.402218 0.053669 0.044027
58 0.561062 0.313140 0.043264 0.045392
1894 0.562979 0.219625 0.055860 0.045392
117 0.884995 0.697611 0.031763 0.045734
118 0.682092 0.843003 0.041073 0.045734
4116 0.228642 0.561945 0.037788 0.046758
87 0.136637 0.376280 0.045455 0.046758
119 0.767798 0.188396 0.042716 0.050512
2395 0.344469 0.311263 0.049288 0.051195
1584 0.671139 0.709215 0.035597 0.053242
1584 0.661555 0.306826 0.040526 0.055290
