110 0.148000 0.471719 0.031111 0.014687
64 0.601333 0.786875 0.018667 0.016250
92 0.215556 0.208125 0.035556 0.016250
64 0.682222 0.875938 0.019556 0.016875
92 0.220222 0.358438 0.033333 0.016875
92 0.213778 0.830156 0.033778 0.017188
52 0.677778 0.759844 0.042667 0.018437
248 0.438000 0.586719 0.052000 0.018437
52 0.220222 0.635000 0.038667 0.018750
52 0.220000 0.494375 0.046222 0.020000
499 0.444222 0.768906 0.050222 0.020313
297 0.507778 0.596562 0.066222 0.020625
52 0.596667 0.673125 0.049333 0.021250
52 0.365333 0.829375 0.049778 0.021250
57 0.688444 0.603906 0.029333 0.021562
547 0.294222 0.195469 0.044444 0.022187
88 0.297556 0.827500 0.032444 0.022500
76 0.517111 0.239531 0.020000 0.022812
86 0.230667 0.388750 0.032000 0.023125
57 0.678667 0.440000 0.049778 0.023125
117 0.294444 0.854844 0.010222 0.023438
85 0.294667 0.601406 0.013333 0.023438
66 0.516222 0.625313 0.020000 0.023750
72 0.831556 0.674687 0.043556 0.023750
88 0.838889 0.338281 0.031556 0.024063
285 0.367556 0.196094 0.047111 0.024063
72 0.510444 0.774062 0.042222 0.024375
126 0.842000 0.220625 0.052889 0.024375
1002 0.672667 0.337500 0.058222 0.024375
72 0.512000 0.215156 0.036444 0.024688
91 0.380889 0.907344 0.038222 0.024688
110 0.372667 0.797500 0.033333 0.025000
74 0.682000 0.815469 0.018222 0.025313
118 0.765556 0.737812 0.010222 0.025625
56 0.223556 0.601875 0.017778 0.025625
76 0.679111 0.463750 0.022222 0.025625
2151 0.843333 0.910625 0.040444 0.025625
886 0.443556 0.875625 0.048889 0.025625
85 0.685333 0.733281 0.012444 0.025937
93 0.519111 0.740938 0.026667 0.026250
117 0.516222 0.873906 0.016444 0.026562
76 0.228889 0.463906 0.023111 0.026562
119 0.770222 0.612500 0.022222 0.026875
88 0.842000 0.644062 0.029778 0.027500
87 0.368222 0.620000 0.030667 0.027500
2083 0.678222 0.410625 0.036444 0.027500
978 0.446222 0.842187 0.037333 0.027500
119 0.297556 0.632031 0.022667 0.027813
642 0.365556 0.163281 0.029778 0.027813
83 0.763333 0.641094 0.039556 0.027813
85 0.521333 0.384062 0.010667 0.028125
51 0.216000 0.853437 0.036444 0.028125
68 0.760889 0.675625 0.044444 0.028125
91 0.590000 0.291719 0.035111 0.028438
2151 0.515333 0.803750 0.037778 0.028750
95 0.294444 0.578750 0.046667 0.028750
113 0.217111 0.675625 0.047556 0.028750
91 0.596222 0.814063 0.054667 0.028750
88 0.368889 0.447344 0.028444 0.029063
642 0.440222 0.552031 0.038667 0.029063
88 0.763111 0.261250 0.032000 0.029375
95 0.684000 0.712500 0.048000 0.029375
83 0.297111 0.911563 0.050222 0.029375
88 0.596222 0.467031 0.035111 0.029687
1579 0.293778 0.797656 0.048000 0.029687
119 0.300222 0.883437 0.022667 0.030000
2203 0.442222 0.662188 0.033778 0.030000
2489 0.524444 0.305937 0.041778 0.030000
74 0.217778 0.287344 0.021333 0.030312
55 0.760667 0.297031 0.052000 0.030312
91 0.676889 0.495625 0.047111 0.030625
71 0.223778 0.909062 0.044889 0.031250
118 0.371778 0.649531 0.010222 0.031563
76 0.686222 0.676719 0.023111 0.031563
87 0.225556 0.428594 0.028889 0.031563
980 0.443778 0.165781 0.029778 0.031563
91 0.442222 0.245469 0.051556 0.031563
123 0.593778 0.166563 0.017778 0.031875
642 0.516444 0.560625 0.027556 0.031875
58 0.286444 0.541719 0.034222 0.032188
83 0.362000 0.582969 0.036000 0.032188
83 0.290444 0.760156 0.048444 0.032188
323 0.596444 0.396094 0.059556 0.032188
118 0.217333 0.884375 0.016000 0.032500
74 0.681778 0.905937 0.038222 0.032500
327 0.289333 0.165625 0.050667 0.032500
85 0.601333 0.642656 0.013333 0.032813
119 0.519333 0.903906 0.026222 0.032813
120 0.519556 0.271719 0.035556 0.032813
62 0.369111 0.723281 0.042222 0.032813
83 0.832889 0.427812 0.033778 0.033125
81 0.288889 0.493125 0.037333 0.033125
93 0.683778 0.218125 0.037778 0.033125
2083 0.594667 0.432188 0.053333 0.033125
84 0.446000 0.904531 0.040444 0.033438
91 0.675556 0.308594 0.057778 0.033438
278 0.596889 0.361250 0.025778 0.033750
104 0.518000 0.663750 0.037778 0.033750
91 0.835556 0.554688 0.047111 0.033750
259 0.592222 0.326562 0.052000 0.033750
98 0.676000 0.789375 0.060444 0.033750
58 0.762667 0.412969 0.023111 0.034063
3674 0.441778 0.286719 0.041778 0.034063
118 0.224667 0.703438 0.022667 0.034375
98 0.590000 0.708125 0.068889 0.034375
111 0.766444 0.535469 0.026222 0.034688
83 0.511111 0.422344 0.033778 0.034688
84 0.438444 0.734844 0.036889 0.034688
120 0.369556 0.759844 0.043111 0.034688
1385 0.366222 0.277187 0.040000 0.035000
86 0.774667 0.323594 0.023111 0.035312
2748 0.590889 0.253594 0.048444 0.035312
85 0.767111 0.850625 0.013333 0.035625
121 0.683556 0.847031 0.026667 0.035937
980 0.838444 0.473594 0.031556 0.035937
104 0.764667 0.711094 0.036000 0.035937
1375 0.442889 0.421406 0.044000 0.035937
83 0.436000 0.512344 0.036444 0.036562
4440 0.685111 0.526719 0.044889 0.036562
118 0.602667 0.562656 0.026667 0.037187
1876 0.760667 0.578906 0.035111 0.037187
268 0.509778 0.836406 0.041778 0.037187
1232 0.147778 0.218125 0.052889 0.037500
111 0.839333 0.835156 0.025333 0.037812
4132 0.758889 0.176406 0.047556 0.037812
4440 0.768444 0.453594 0.053333 0.037812
981 0.838889 0.514531 0.057333 0.037812
316 0.448222 0.377031 0.060889 0.037812
58 0.294222 0.385313 0.019556 0.038125
316 0.439778 0.621875 0.060889 0.038750
4116 0.681778 0.371094 0.032889 0.039062
81 0.290000 0.346406 0.038667 0.039062
1644 0.513556 0.170781 0.052000 0.039062
2124 0.519556 0.520469 0.054222 0.039062
981 0.449111 0.206406 0.054667 0.039062
2426 0.842889 0.256875 0.059111 0.039375
316 0.368889 0.233281 0.053333 0.039688
316 0.444444 0.802031 0.053333 0.039688
76 0.600222 0.853750 0.029778 0.040000
4252 0.145111 0.165937 0.045778 0.040000
83 0.143778 0.383594 0.022667 0.040313
1876 0.292889 0.720156 0.035556 0.040938
322 0.839111 0.878906 0.057778 0.040938
121 0.219556 0.324844 0.025778 0.041563
58 0.215556 0.795469 0.035556 0.041563
1480 0.679778 0.566406 0.047556 0.041563
313 0.445111 0.468125 0.043111 0.041875
102 0.372222 0.686250 0.048444 0.041875
395 0.760889 0.500000 0.052444 0.041875
121 0.596667 0.602031 0.024444 0.042188
4429 0.286667 0.301094 0.048889 0.042188
1880 0.518667 0.344687 0.030222 0.042500
4080 0.512667 0.702812 0.046667 0.042500
1132 0.152000 0.334844 0.040000 0.042813
1575 0.437778 0.699688 0.037333 0.043125
4646 0.838667 0.300938 0.049778 0.043125
96 0.603111 0.897500 0.054222 0.043750
3808 0.213556 0.243281 0.051111 0.044062
62 0.592000 0.207187 0.031111 0.044375
3735 0.684667 0.639531 0.037778 0.044687
1124 0.749333 0.217500 0.051556 0.045000
81 0.140667 0.639219 0.046667 0.045312
3779 0.133778 0.437031 0.096000 0.045312
1831 0.213778 0.167344 0.029333 0.045937
1871 0.349111 0.539062 0.068000 0.046250
4677 0.841333 0.177344 0.047111 0.046562
121 0.679111 0.172656 0.026667 0.047188
4122 0.672444 0.264219 0.060444 0.047188
721 0.363556 0.490938 0.046222 0.047500
1300 0.598889 0.750313 0.049333 0.047500
68 0.224000 0.748437 0.008889 0.048125
4252 0.520667 0.473438 0.037778 0.048125
1856 0.141111 0.512500 0.037778 0.048125
121 0.222667 0.562344 0.020444 0.048438
1170 0.599556 0.516094 0.040889 0.048438
122 0.758889 0.371094 0.044889 0.049063
82 0.226000 0.529687 0.042222 0.050625
3792 0.768444 0.896406 0.051556 0.050937
68 0.836444 0.716719 0.008000 0.051562
68 0.842000 0.380625 0.012000 0.053125
3216 0.833111 0.597500 0.055556 0.053125
3697 0.444444 0.330625 0.045333 0.053750
47 0.381111 0.860313 0.032444 0.055000
3306 0.363778 0.332188 0.038667 0.055625
47 0.300667 0.664375 0.028000 0.056250
68 0.290667 0.240313 0.010667 0.058750
707 0.367333 0.394375 0.037778 0.058750
268 0.144667 0.273750 0.041333 0.059375
3256 0.288444 0.441719 0.055111 0.060937
296 0.837778 0.778906 0.037333 0.064062
68 0.146000 0.575937 0.008444 0.065000
68 0.766222 0.790937 0.007111 0.078125
