92 0.319702 0.513281 0.035698 0.011772
162 0.543380 0.702083 0.023046 0.012074
162 0.545413 0.753396 0.028016 0.014488
92 0.213059 0.764564 0.042928 0.014488
92 0.515590 0.282976 0.046091 0.014790
56 0.630592 0.276939 0.015816 0.018412
56 0.837777 0.428765 0.069589 0.019620
88 0.836873 0.720344 0.060551 0.020223
120 0.842747 0.592665 0.023498 0.020827
297 0.520560 0.676275 0.054225 0.021431
72 0.207185 0.785693 0.055581 0.021733
553 0.830773 0.754754 0.075463 0.023242
117 0.320380 0.584063 0.017171 0.023544
88 0.838229 0.652581 0.017171 0.023544
120 0.317894 0.719891 0.022142 0.024147
1810 0.425667 0.855418 0.023498 0.024147
123 0.832354 0.238756 0.064166 0.024147
88 0.416177 0.659070 0.018979 0.025053
83 0.828287 0.853154 0.046995 0.026260
1083 0.215996 0.860851 0.035246 0.026562
60 0.936060 0.341835 0.057388 0.026864
88 0.841166 0.528977 0.062811 0.026864
83 0.313827 0.853607 0.051062 0.027166
88 0.219837 0.693631 0.052869 0.027166
91 0.217578 0.607757 0.048351 0.027468
2489 0.839358 0.495774 0.065522 0.027468
3289 0.317442 0.789617 0.057388 0.027769
88 0.217578 0.426351 0.051966 0.028071
52 0.930863 0.239058 0.067781 0.028373
104 0.839132 0.788862 0.044284 0.028675
88 0.532761 0.781014 0.062359 0.028675
98 0.408269 0.435406 0.074559 0.028675
98 0.620877 0.559463 0.067781 0.029279
251 0.525531 0.725626 0.057840 0.029580
83 0.410981 0.346514 0.048351 0.030184
98 0.722097 0.327196 0.066878 0.031391
83 0.619521 0.469967 0.051514 0.031995
51 0.629688 0.247510 0.061907 0.031995
83 0.314505 0.408542 0.045188 0.032297
58 0.525531 0.813160 0.033439 0.032599
81 0.210800 0.294295 0.066426 0.032599
85 0.522142 0.509357 0.011297 0.032901
3136 0.418437 0.752339 0.046091 0.032901
1834 0.315635 0.753245 0.062811 0.032901
83 0.934478 0.545125 0.051514 0.033203
3041 0.840036 0.688500 0.074108 0.033203
98 0.928152 0.633414 0.072300 0.033504
83 0.831902 0.457289 0.046091 0.033806
67 0.632174 0.306369 0.047899 0.033806
91 0.412562 0.578328 0.059648 0.036221
95 0.520334 0.638394 0.061003 0.036221
60 0.513556 0.245548 0.033891 0.037126
70 0.829191 0.562783 0.056936 0.037126
119 0.533891 0.849381 0.018527 0.037428
51 0.215996 0.732569 0.057840 0.037428
95 0.525079 0.313009 0.062359 0.037428
91 0.936963 0.304709 0.060099 0.037730
98 0.307501 0.488228 0.069137 0.037730
88 0.314505 0.295653 0.056033 0.038334
912 0.515138 0.480380 0.088568 0.038334
104 0.318798 0.333535 0.045639 0.038636
2836 0.836873 0.628584 0.063263 0.038938
111 0.939675 0.264715 0.018527 0.039239
88 0.310438 0.827196 0.021690 0.040145
2193 0.417307 0.619227 0.065522 0.041352
1827 0.421148 0.792937 0.075011 0.041654
91 0.428830 0.830365 0.084049 0.042258
68 0.325124 0.371717 0.016719 0.042560
119 0.523723 0.547842 0.020786 0.042861
867 0.731360 0.293692 0.057388 0.042861
867 0.321057 0.452762 0.060099 0.042861
867 0.939449 0.594778 0.057840 0.043163
2526 0.319250 0.550407 0.061003 0.043163
96 0.836421 0.317235 0.066878 0.043465
2987 0.219160 0.647299 0.072300 0.043767
2853 0.222775 0.567914 0.075011 0.043767
118 0.838681 0.273770 0.014460 0.044069
2246 0.521916 0.593873 0.066878 0.044371
867 0.419792 0.397525 0.056033 0.045880
867 0.629010 0.518261 0.062359 0.045880
4336 0.218256 0.518261 0.061455 0.046484
2987 0.215996 0.378509 0.073204 0.046484
2822 0.523046 0.425445 0.070041 0.046785
68 0.235879 0.465892 0.008134 0.047993
864 0.213511 0.828403 0.064618 0.048596
58 0.215319 0.324027 0.040217 0.049200
58 0.939223 0.378811 0.039313 0.049502
1138 0.409173 0.473136 0.047447 0.049804
1295 0.620425 0.421974 0.059648 0.050106
2354 0.414596 0.706912 0.068233 0.050106
68 0.834840 0.816631 0.027564 0.051011
1295 0.410077 0.302898 0.056484 0.051011
2593 0.316539 0.682010 0.036602 0.051615
268 0.403751 0.527166 0.056484 0.052822
68 0.324221 0.622095 0.007682 0.053124
1295 0.933122 0.495925 0.056936 0.054331
