92 0.301017 0.395909 0.027119 0.010000
101 0.295763 0.830795 0.053220 0.010682
92 0.302373 0.805455 0.028475 0.011364
92 0.442712 0.259773 0.031864 0.011818
92 0.514746 0.785682 0.025424 0.012273
92 0.513051 0.403409 0.028814 0.013182
52 0.160169 0.489205 0.044407 0.013409
93 0.034407 0.212045 0.030847 0.014091
56 0.028983 0.648977 0.016610 0.016591
52 0.227797 0.639432 0.038644 0.016591
64 0.790339 0.884773 0.018644 0.017273
52 0.223559 0.187841 0.042373 0.018409
495 0.023559 0.770227 0.047119 0.018636
56 0.096780 0.259205 0.012542 0.019318
56 0.025593 0.396705 0.013220 0.019318
64 0.229831 0.744659 0.013559 0.019773
64 0.023390 0.746477 0.015593 0.019773
56 0.788475 0.615227 0.013559 0.020000
86 0.518136 0.296477 0.034915 0.020682
83 0.159322 0.827500 0.025085 0.021364
57 0.449831 0.480000 0.029831 0.021364
64 0.025763 0.287614 0.014915 0.022045
68 0.520000 0.887955 0.008814 0.022273
52 0.081525 0.724318 0.039661 0.022273
101 0.511356 0.809886 0.052542 0.022500
64 0.087966 0.798182 0.019322 0.022727
101 0.029661 0.552955 0.047797 0.022727
61 0.162373 0.339318 0.037966 0.023636
56 0.728136 0.534545 0.013559 0.024091
85 0.231017 0.822159 0.025424 0.024318
113 0.094746 0.282386 0.044407 0.024773
81 0.717966 0.591477 0.046102 0.024773
495 0.174407 0.598864 0.036271 0.025000
98 0.233729 0.907386 0.050508 0.025227
117 0.089831 0.657386 0.012203 0.025682
85 0.656780 0.198295 0.025424 0.025682
83 0.586949 0.484432 0.029492 0.025682
107 0.026271 0.671818 0.012542 0.026364
418 0.582542 0.459318 0.013220 0.026364
123 0.660169 0.914318 0.019322 0.026364
60 0.156102 0.427273 0.030169 0.026364
119 0.657288 0.691250 0.022373 0.026591
107 0.721864 0.558864 0.012542 0.026818
53 0.508475 0.899091 0.017627 0.026818
418 0.792034 0.771136 0.025424 0.026818
113 0.160678 0.266364 0.052203 0.026818
547 0.779661 0.696705 0.019661 0.027045
418 0.578305 0.669205 0.019661 0.027500
65 0.455593 0.862159 0.035254 0.027955
978 0.791017 0.859432 0.042373 0.027955
117 0.301864 0.899091 0.020000 0.028182
88 0.091356 0.358295 0.021356 0.028409
88 0.088644 0.538750 0.041695 0.028864
98 0.657966 0.278295 0.052881 0.028864
366 0.297966 0.853864 0.040678 0.029091
74 0.508136 0.595795 0.018305 0.029318
60 0.301695 0.782386 0.020339 0.029318
547 0.573559 0.597614 0.023729 0.029318
111 0.309661 0.873977 0.026102 0.029318
64 0.230678 0.252841 0.015932 0.029773
126 0.445763 0.289205 0.040678 0.029773
123 0.652373 0.355114 0.018644 0.030227
98 0.510339 0.370568 0.053898 0.030227
91 0.719492 0.368636 0.044407 0.030455
117 0.023729 0.841705 0.016271 0.030682
107 0.298136 0.586477 0.017966 0.030682
2542 0.031864 0.577045 0.042034 0.030909
98 0.575424 0.266932 0.049831 0.031136
418 0.719661 0.659318 0.014237 0.031364
87 0.365424 0.376932 0.024407 0.031591
77 0.663390 0.518523 0.035254 0.031591
123 0.583898 0.385682 0.017288 0.031818
3322 0.298983 0.235000 0.022373 0.031818
76 0.580678 0.308182 0.032542 0.031818
60 0.372542 0.267273 0.033220 0.031818
95 0.654407 0.813636 0.043729 0.031818
123 0.162203 0.456136 0.016610 0.032273
95 0.031186 0.185000 0.031186 0.032273
51 0.228983 0.380114 0.040339 0.032500
88 0.583559 0.428068 0.041017 0.032500
115 0.786271 0.267386 0.046441 0.032500
60 0.510508 0.760455 0.027119 0.032727
978 0.228305 0.717955 0.040339 0.032727
117 0.166271 0.860568 0.015932 0.032955
60 0.448475 0.784659 0.025085 0.032955
88 0.302373 0.665568 0.041356 0.032955
92 0.443898 0.392159 0.041695 0.032955
58 0.231356 0.458977 0.029492 0.033409
2083 0.303390 0.371023 0.046780 0.033409
98 0.646949 0.324318 0.054576 0.033636
111 0.727966 0.280795 0.015932 0.033864
60 0.785085 0.426932 0.037288 0.033864
91 0.299831 0.286023 0.041695 0.033864
88 0.300339 0.196250 0.042712 0.033864
88 0.651186 0.730114 0.049492 0.033864
85 0.663559 0.846932 0.013220 0.034773
2147 0.098814 0.873523 0.048475 0.034773
60 0.438475 0.597159 0.032881 0.035227
126 0.308475 0.747159 0.043390 0.035227
104 0.440339 0.550114 0.044746 0.035227
76 0.788305 0.509545 0.046441 0.035455
117 0.372203 0.601364 0.018983 0.035909
126 0.093051 0.397500 0.045085 0.035909
119 0.161356 0.376136 0.020339 0.036364
107 0.793729 0.543864 0.022712 0.036364
82 0.238983 0.424773 0.055593 0.036364
83 0.786441 0.384659 0.031864 0.036591
710 0.728136 0.323750 0.039322 0.036591
107 0.451525 0.901250 0.044746 0.036591
77 0.516102 0.677614 0.050508 0.036591
119 0.723898 0.625682 0.020000 0.036818
87 0.448814 0.444773 0.040678 0.036818
95 0.091695 0.445227 0.043051 0.036818
68 0.024407 0.425341 0.009492 0.037045
86 0.375763 0.421250 0.032881 0.037045
1083 0.027119 0.618977 0.035254 0.037045
108 0.364407 0.340795 0.052203 0.037045
92 0.586780 0.522727 0.015593 0.037273
88 0.087797 0.626136 0.039322 0.037273
126 0.371864 0.461364 0.042712 0.037273
119 0.515085 0.511023 0.017288 0.037500
327 0.303051 0.333864 0.044068 0.037727
2555 0.507797 0.258636 0.044746 0.037727
90 0.510508 0.475909 0.048136 0.037727
81 0.439661 0.514659 0.044746 0.037955
76 0.651864 0.614886 0.048136 0.037955
120 0.375424 0.303409 0.016610 0.038182
83 0.022712 0.802727 0.021695 0.038182
77 0.311525 0.478182 0.040678 0.038182
87 0.160000 0.524205 0.018305 0.038409
93 0.029153 0.362841 0.027119 0.038409
88 0.160169 0.782614 0.041695 0.038864
127 0.795424 0.908523 0.047797 0.038864
51 0.582881 0.350682 0.041695 0.039091
85 0.092034 0.756932 0.013898 0.039318
58 0.373729 0.502500 0.044407 0.039545
86 0.169831 0.558523 0.031186 0.039773
119 0.443390 0.635909 0.021017 0.040000
76 0.298475 0.562727 0.047797 0.040000
105 0.028475 0.713523 0.048136 0.040227
108 0.155085 0.699432 0.054576 0.040227
113 0.580847 0.560114 0.060678 0.040227
74 0.157966 0.738977 0.021017 0.040682
85 0.237119 0.216023 0.016610 0.041136
83 0.652712 0.771705 0.024068 0.041136
88 0.789661 0.307159 0.034237 0.041136
122 0.029153 0.325341 0.035932 0.041136
53 0.512203 0.335000 0.014237 0.041364
51 0.659153 0.882045 0.045763 0.041818
108 0.504746 0.559091 0.052203 0.041818
68 0.798814 0.350568 0.007119 0.042045
68 0.514746 0.719318 0.007797 0.042273
111 0.234068 0.666818 0.020678 0.042273
2590 0.438475 0.684318 0.031525 0.042273
1028 0.440339 0.732273 0.058983 0.042273
70 0.296102 0.706705 0.033559 0.042500
71 0.796949 0.465455 0.042712 0.042727
68 0.301356 0.517841 0.008814 0.042955
88 0.091864 0.832386 0.041356 0.042955
60 0.717966 0.461023 0.017627 0.043409
81 0.724068 0.504432 0.045424 0.043409
58 0.161864 0.301364 0.026102 0.043636
119 0.027797 0.252273 0.018305 0.044545
119 0.090508 0.694091 0.022373 0.044545
68 0.170169 0.899432 0.008814 0.045227
117 0.518644 0.847727 0.018983 0.045455
88 0.509153 0.638409 0.040678 0.045455
53 0.094407 0.323295 0.014576 0.045682
119 0.301695 0.628182 0.020339 0.045909
58 0.442203 0.331591 0.027458 0.046364
296 0.579492 0.714659 0.022034 0.046591
53 0.654746 0.238750 0.016610 0.047045
107 0.652881 0.651591 0.014915 0.047273
119 0.791017 0.582159 0.023390 0.047500
122 0.447458 0.828068 0.046102 0.047500
127 0.234915 0.778864 0.050847 0.048636
268 0.023898 0.516591 0.035593 0.049091
88 0.231864 0.289659 0.041356 0.049318
53 0.227288 0.861023 0.015932 0.050227
1578 0.230508 0.591818 0.044068 0.050455
62 0.789492 0.652500 0.039322 0.051364
83 0.366271 0.553523 0.022712 0.052045
68 0.805424 0.725227 0.010169 0.052273
3439 0.787458 0.815682 0.039322 0.052273
1788 0.513051 0.202159 0.050508 0.053409
2598 0.090169 0.581364 0.021017 0.054545
68 0.294915 0.898864 0.033220 0.057727
647 0.231017 0.534545 0.041017 0.057727
68 0.026949 0.890114 0.007797 0.058409
68 0.657627 0.567045 0.009492 0.058636
268 0.162712 0.644545 0.020339 0.059091
68 0.598814 0.630455 0.008475 0.059545
47 0.104407 0.486591 0.028475 0.060909
68 0.379153 0.656591 0.006441 0.068636
47 0.658136 0.417500 0.036271 0.068636
287 0.578136 0.783068 0.042373 0.076136
