81 0.603253 0.807273 0.041438 0.010455
92 0.251370 0.298523 0.017808 0.010682
92 0.325514 0.496705 0.030479 0.012045
128 0.754452 0.541591 0.008219 0.013636
52 0.888699 0.302500 0.049315 0.015455
52 0.611986 0.555455 0.047945 0.017727
101 0.257021 0.328864 0.053082 0.019091
85 0.608733 0.368977 0.024315 0.019318
101 0.750000 0.365455 0.060274 0.020000
56 0.185445 0.641818 0.014041 0.020455
113 0.538185 0.366364 0.057877 0.020455
56 0.254966 0.731023 0.012671 0.020682
88 0.322089 0.829205 0.015411 0.020682
65 0.333219 0.557159 0.039726 0.021591
128 0.186301 0.344545 0.014384 0.022727
547 0.253767 0.795227 0.034932 0.022727
68 0.188185 0.615909 0.007192 0.023182
120 0.323288 0.472273 0.021918 0.023182
110 0.821062 0.274659 0.029795 0.023409
60 0.957705 0.320568 0.032534 0.023864
56 0.318322 0.380682 0.012671 0.024091
117 0.251027 0.884318 0.019178 0.024091
56 0.748630 0.423523 0.013699 0.024318
66 0.394692 0.261932 0.022945 0.024318
128 0.827911 0.878864 0.011301 0.024545
66 0.323116 0.625000 0.023630 0.024545
56 0.678596 0.266250 0.014041 0.024773
117 0.471404 0.571818 0.016096 0.025000
119 0.958390 0.922273 0.016096 0.025000
64 0.891781 0.270000 0.020548 0.025000
1214 0.390411 0.343182 0.043151 0.025000
113 0.398801 0.609773 0.058562 0.025000
691 0.746747 0.836591 0.023630 0.025455
81 0.747603 0.519773 0.047945 0.025455
88 0.463870 0.905455 0.042123 0.025909
113 0.952911 0.769318 0.053767 0.025909
81 0.955308 0.707614 0.040753 0.026136
60 0.465753 0.831932 0.032877 0.026591
126 0.474144 0.467386 0.050342 0.026591
113 0.325171 0.241250 0.062671 0.026591
113 0.746918 0.673636 0.057534 0.026818
113 0.604281 0.270000 0.057877 0.026818
68 0.252226 0.511023 0.041438 0.027045
102 0.537158 0.300341 0.056507 0.027045
74 0.394521 0.458409 0.021233 0.027273
495 0.251370 0.628409 0.066438 0.027273
495 0.189041 0.421591 0.073288 0.028182
74 0.751027 0.269432 0.022603 0.028409
66 0.962158 0.426705 0.024315 0.028409
547 0.667808 0.512955 0.021233 0.028636
66 0.612158 0.580000 0.026370 0.028636
115 0.468493 0.500000 0.039726 0.028636
1214 0.955993 0.524091 0.040753 0.028636
86 0.894692 0.520114 0.025000 0.028864
98 0.608904 0.441932 0.054795 0.028864
418 0.191267 0.707955 0.018151 0.029091
58 0.325342 0.274545 0.021918 0.029091
87 0.953767 0.895114 0.026712 0.029318
108 0.745548 0.446591 0.013014 0.029545
107 0.319178 0.871818 0.013014 0.029545
117 0.895890 0.373636 0.013699 0.029545
119 0.322774 0.904318 0.019521 0.029545
547 0.733390 0.867273 0.021575 0.029545
91 0.742637 0.305000 0.040068 0.029545
120 0.680651 0.374318 0.046233 0.029545
108 0.318322 0.749545 0.052397 0.029545
68 0.760616 0.792841 0.007534 0.029773
68 0.323116 0.444205 0.044863 0.029773
119 0.545548 0.463523 0.021233 0.030227
88 0.819521 0.488523 0.034932 0.030227
64 0.472432 0.648523 0.011301 0.030682
53 0.607705 0.870341 0.018151 0.030682
87 0.465925 0.350568 0.023630 0.030682
83 0.532877 0.333409 0.021918 0.030909
58 0.460103 0.278409 0.027055 0.030909
117 0.893493 0.599659 0.013014 0.031136
87 0.893493 0.343295 0.028082 0.031136
126 0.957021 0.672045 0.038699 0.031364
126 0.259247 0.475455 0.045890 0.031364
109 0.748973 0.607045 0.043836 0.031818
58 0.469692 0.762386 0.025685 0.032045
60 0.255651 0.266818 0.016781 0.032273
108 0.817808 0.911818 0.046575 0.032273
91 0.820034 0.683523 0.041438 0.032500
83 0.317808 0.311818 0.032877 0.032727
91 0.815411 0.243864 0.050685 0.032727
113 0.816610 0.308864 0.061301 0.032727
88 0.321062 0.527159 0.043493 0.032955
125 0.822774 0.410114 0.046918 0.032955
83 0.823459 0.807727 0.030479 0.033182
83 0.248801 0.855227 0.039384 0.033182
58 0.604623 0.302841 0.025685 0.033409
78 0.609075 0.902614 0.025685 0.033409
91 0.256164 0.395341 0.038356 0.033409
932 0.816438 0.522841 0.052055 0.033409
932 0.606336 0.742386 0.054452 0.033409
418 0.256336 0.655909 0.014726 0.033636
87 0.539212 0.432500 0.038014 0.033636
115 0.255308 0.363409 0.045548 0.033636
60 0.539726 0.270114 0.029452 0.033864
126 0.679110 0.412955 0.043151 0.034091
113 0.460788 0.240227 0.057877 0.034091
76 0.316096 0.857841 0.039726 0.034318
58 0.606164 0.197386 0.025342 0.034773
58 0.820377 0.342045 0.028425 0.035000
104 0.256678 0.550000 0.034589 0.035000
92 0.189726 0.451364 0.037671 0.035000
108 0.388014 0.426364 0.059589 0.035000
56 0.187500 0.577841 0.013356 0.035227
56 0.671575 0.450114 0.017123 0.035227
58 0.748630 0.705114 0.026027 0.035227
58 0.609247 0.659432 0.028082 0.035227
330 0.394863 0.496818 0.034932 0.035455
287 0.685445 0.591136 0.040753 0.035455
108 0.949658 0.600455 0.049315 0.035455
53 0.741781 0.337386 0.024658 0.035682
83 0.745719 0.805000 0.031849 0.035909
62 0.321918 0.412727 0.035616 0.035909
126 0.754966 0.388068 0.044863 0.036136
88 0.470034 0.725000 0.020890 0.036364
62 0.957363 0.731364 0.027740 0.036364
126 0.615582 0.477727 0.040753 0.036364
83 0.249315 0.697159 0.030822 0.036591
62 0.617295 0.834659 0.038014 0.036591
418 0.398116 0.535000 0.013356 0.036818
88 0.963699 0.391591 0.017123 0.036818
92 0.182363 0.272727 0.037329 0.037273
96 0.473288 0.435000 0.053425 0.037273
83 0.394863 0.573977 0.041096 0.037500
62 0.251027 0.756818 0.033562 0.037727
70 0.329110 0.716932 0.028767 0.037955
126 0.617808 0.777614 0.041781 0.037955
60 0.400685 0.637273 0.016438 0.038182
62 0.676884 0.292045 0.032534 0.038182
115 0.818836 0.645568 0.044521 0.038409
4661 0.462842 0.201477 0.048288 0.038409
108 0.754623 0.568864 0.040753 0.038636
126 0.825000 0.562500 0.041096 0.038636
70 0.462158 0.395682 0.030479 0.039091
84 0.473116 0.538295 0.040753 0.039318
69 0.613870 0.233864 0.026370 0.039545
330 0.821062 0.601477 0.035274 0.039773
78 0.611301 0.521023 0.034247 0.040227
62 0.191781 0.674091 0.038356 0.040455
81 0.825856 0.850682 0.039384 0.040455
60 0.539555 0.396364 0.012671 0.040909
68 0.762158 0.640568 0.007192 0.041136
74 0.951712 0.638523 0.022603 0.041136
4586 0.322603 0.203068 0.046575 0.041136
119 0.325342 0.593636 0.021233 0.041364
118 0.188356 0.318182 0.026712 0.041364
118 0.190925 0.541250 0.025000 0.041591
60 0.953596 0.807955 0.016096 0.041818
74 0.819863 0.454545 0.021918 0.041818
58 0.473116 0.615909 0.042808 0.041818
287 0.396062 0.755000 0.044863 0.041818
111 0.188699 0.383295 0.019178 0.042045
88 0.823116 0.772045 0.010616 0.042273
88 0.750342 0.482500 0.042466 0.042273
119 0.470890 0.798750 0.024658 0.042500
62 0.679110 0.483295 0.035616 0.042955
87 0.887329 0.480795 0.033562 0.043409
119 0.263527 0.593182 0.021575 0.045000
1891 0.818151 0.204773 0.042466 0.045000
60 0.608562 0.616250 0.023973 0.045227
111 0.887500 0.556818 0.028425 0.046364
70 0.252568 0.438864 0.040753 0.047273
68 0.475685 0.867159 0.011644 0.047955
119 0.608904 0.701932 0.019178 0.047955
2038 0.954452 0.557273 0.045205 0.048182
88 0.748459 0.755227 0.039384 0.048636
53 0.604281 0.406705 0.014726 0.048864
122 0.463356 0.690000 0.047945 0.049545
68 0.967123 0.359773 0.012329 0.050000
68 0.395719 0.302159 0.008562 0.050227
68 0.233219 0.884886 0.009589 0.050227
68 0.674658 0.335341 0.010959 0.050227
2038 0.388870 0.382273 0.046233 0.050455
68 0.197089 0.490341 0.008562 0.051136
68 0.271062 0.820455 0.016781 0.051364
4132 0.320377 0.794659 0.043493 0.051591
62 0.325000 0.667841 0.043836 0.051591
296 0.955651 0.858864 0.025685 0.052727
68 0.961815 0.282386 0.007877 0.053409
3435 0.825000 0.725795 0.039041 0.053864
68 0.754452 0.897159 0.013699 0.059318
68 0.896747 0.422727 0.008562 0.060000
68 0.963014 0.470341 0.009589 0.061136
68 0.688699 0.541477 0.018493 0.062955
68 0.891952 0.647841 0.010616 0.064318
296 0.398459 0.696364 0.025685 0.075000
