246 0.693769 0.536372 0.043060 0.003233
246 0.449341 0.535564 0.039514 0.003556
246 0.371834 0.150178 0.042553 0.003556
246 0.618541 0.152603 0.038501 0.003880
246 0.289007 0.150986 0.041033 0.003880
246 0.453647 0.150663 0.043060 0.003880
246 0.120061 0.150178 0.042553 0.004203
246 0.528116 0.537181 0.045086 0.004203
246 0.787741 0.153896 0.039514 0.004526
246 0.697315 0.152279 0.040020 0.004526
246 0.535208 0.150339 0.043060 0.004526
246 0.116008 0.535079 0.044580 0.004526
246 0.283688 0.535079 0.045593 0.004526
246 0.205167 0.149855 0.041540 0.004850
246 0.778875 0.535403 0.043060 0.005173
246 0.197568 0.535079 0.044580 0.005173
246 0.366515 0.534109 0.046099 0.005173
246 0.613982 0.536857 0.043566 0.005496
246 0.785714 0.279179 0.044580 0.005496
499 0.538501 0.277239 0.046606 0.019075
499 0.199848 0.583899 0.056231 0.021985
1837 0.697062 0.242806 0.042553 0.023278
1173 0.612209 0.742968 0.043060 0.023278
252 0.450355 0.281927 0.041540 0.024572
553 0.784195 0.316036 0.044580 0.024895
1173 0.374113 0.199159 0.048126 0.025218
3211 0.122847 0.241190 0.055218 0.025218
2542 0.695795 0.315713 0.047112 0.025542
2677 0.697062 0.277401 0.030395 0.025865
1799 0.693262 0.438086 0.044073 0.025865
3211 0.116008 0.623343 0.050659 0.025865
3313 0.860689 0.281442 0.050659 0.026188
2707 0.861955 0.357582 0.026849 0.026511
2194 0.780648 0.586162 0.055724 0.026511
2134 0.862462 0.396541 0.045086 0.026835
1173 0.694276 0.627384 0.047112 0.026835
4466 0.368034 0.278855 0.045086 0.027481
1799 0.448075 0.395247 0.046099 0.028128
3028 0.612462 0.623181 0.046606 0.028128
3025 0.206180 0.202554 0.049645 0.028128
3868 0.611196 0.779502 0.042047 0.028451
2678 0.288501 0.200453 0.044073 0.028451
1799 0.367275 0.356288 0.046606 0.028451
4453 0.120567 0.276431 0.051672 0.028451
3868 0.615248 0.317006 0.042047 0.028775
1799 0.775329 0.710475 0.045086 0.028775
3868 0.693009 0.665858 0.047619 0.028775
1799 0.446049 0.743938 0.048126 0.029098
2677 0.617275 0.200614 0.034954 0.029421
1083 0.862462 0.205787 0.044073 0.029421
1799 0.781662 0.396864 0.045593 0.029421
717 0.289260 0.239412 0.055724 0.029421
2677 0.279635 0.585192 0.033435 0.029745
3223 0.448075 0.584546 0.046099 0.029745
4466 0.283941 0.278694 0.047112 0.029745
3786 0.861955 0.243130 0.049139 0.029745
978 0.618794 0.239573 0.046099 0.030391
1799 0.525836 0.706757 0.047619 0.030391
978 0.614488 0.583253 0.051672 0.030391
1799 0.117275 0.356127 0.047112 0.030715
4466 0.526342 0.625445 0.048632 0.030715
4720 0.450861 0.626091 0.055724 0.030715
3747 0.616261 0.276754 0.029889 0.031038
266 0.528622 0.586486 0.049139 0.031038
2083 0.533688 0.434853 0.054205 0.031038
4416 0.113728 0.704656 0.048126 0.031361
2083 0.616515 0.398804 0.054711 0.031361
2987 0.699341 0.355803 0.058257 0.031361
4466 0.278116 0.625930 0.047619 0.031684
2198 0.121327 0.584384 0.050152 0.032008
4466 0.191489 0.701746 0.052685 0.032008
2198 0.124873 0.199483 0.046099 0.032331
4466 0.447568 0.317168 0.048126 0.032331
4466 0.201874 0.242160 0.049139 0.032331
4163 0.533688 0.315066 0.043060 0.032654
1559 0.198582 0.662302 0.045593 0.032654
4466 0.360942 0.667152 0.049139 0.032654
2083 0.610689 0.858552 0.063323 0.032654
4252 0.534195 0.202069 0.051165 0.032978
2059 0.451621 0.199483 0.053191 0.032978
2083 0.695542 0.746848 0.061803 0.032978
3754 0.611196 0.663919 0.037994 0.033301
4466 0.447062 0.667152 0.046099 0.033301
2108 0.861702 0.317168 0.051672 0.033624
3009 0.785461 0.243130 0.052178 0.033624
4163 0.196302 0.621242 0.043060 0.033948
3327 0.534195 0.241351 0.047112 0.033948
669 0.777862 0.628678 0.049139 0.033948
1559 0.534448 0.355965 0.041540 0.034271
2428 0.370061 0.317168 0.056231 0.034271
2428 0.122340 0.316521 0.061297 0.034271
2428 0.448075 0.705464 0.064336 0.034271
3936 0.609422 0.703686 0.048632 0.034594
2429 0.782675 0.355642 0.045593 0.034918
4252 0.366768 0.586486 0.058764 0.034918
3327 0.361955 0.626414 0.049139 0.035241
2752 0.784195 0.201584 0.055724 0.035241
2428 0.530395 0.666505 0.055724 0.035241
2438 0.608663 0.817653 0.050152 0.035564
4475 0.116768 0.663757 0.054205 0.036211
2438 0.531915 0.395894 0.044580 0.036534
2438 0.614995 0.357097 0.048632 0.036534
2438 0.692503 0.706272 0.050659 0.036534
3936 0.693262 0.588749 0.046099 0.036857
1138 0.698075 0.202716 0.049645 0.036857
2428 0.450355 0.356450 0.056738 0.037181
3407 0.863982 0.165373 0.049139 0.037827
410 0.372594 0.241190 0.056231 0.038151
3711 0.694022 0.400097 0.057751 0.039121
3711 0.450608 0.243291 0.053191 0.041060
3711 0.776089 0.668930 0.048632 0.041384
