173 0.481754 0.497785 0.024104 0.009095
173 0.263475 0.222831 0.030800 0.010494
162 0.263642 0.605061 0.020422 0.010961
173 0.626214 0.684818 0.023770 0.011427
173 0.548878 0.200910 0.025109 0.011427
173 0.547874 0.406833 0.025778 0.011427
335 0.263977 0.513410 0.029796 0.011427
56 0.833780 0.380131 0.010378 0.012127
120 0.623870 0.386894 0.015735 0.012127
91 0.331938 0.354011 0.023770 0.012127
91 0.763642 0.569613 0.025444 0.012826
56 0.124037 0.379781 0.033144 0.013759
189 0.764145 0.891558 0.013726 0.013993
91 0.551389 0.536847 0.026783 0.013993
88 0.630733 0.848647 0.026783 0.013993
56 0.830934 0.454058 0.033478 0.013993
88 0.622531 0.347598 0.027118 0.014692
251 0.555407 0.876166 0.032139 0.014925
1810 0.124707 0.465602 0.015735 0.015159
91 0.261299 0.773204 0.026448 0.015159
91 0.620522 0.233326 0.027787 0.015159
91 0.694175 0.288363 0.028457 0.015159
88 0.332106 0.788363 0.029461 0.015159
126 0.693170 0.362757 0.029796 0.015159
56 0.125377 0.262243 0.012387 0.015625
91 0.691664 0.473531 0.028122 0.015625
91 0.404587 0.395639 0.029126 0.015625
88 0.338299 0.228661 0.031804 0.015625
102 0.834114 0.440182 0.037831 0.016091
85 0.629729 0.868587 0.020087 0.016558
126 0.262638 0.498717 0.024439 0.016558
91 0.190325 0.277635 0.026448 0.016558
88 0.625042 0.606227 0.026783 0.016558
1810 0.695347 0.831740 0.028122 0.016558
88 0.259792 0.292794 0.029461 0.016558
42 0.338299 0.209655 0.015735 0.016791
88 0.548376 0.334655 0.029461 0.016791
88 0.549715 0.581856 0.029461 0.016791
251 0.193338 0.380830 0.032474 0.016791
251 0.264312 0.840485 0.035822 0.016791
259 0.556076 0.892024 0.038835 0.016791
91 0.554905 0.751283 0.025778 0.017024
1810 0.762471 0.299790 0.027787 0.017024
85 0.692166 0.517840 0.010378 0.017491
120 0.259458 0.205574 0.017409 0.017491
500 0.693840 0.186684 0.025109 0.017491
126 0.191664 0.670826 0.029126 0.017491
88 0.263642 0.713270 0.029126 0.017491
72 0.556579 0.855993 0.031135 0.017491
126 0.557750 0.798624 0.032139 0.017491
1416 0.407265 0.261311 0.037831 0.017491
111 0.124372 0.316931 0.013726 0.017724
83 0.547539 0.184002 0.026448 0.017724
88 0.333110 0.890159 0.028122 0.017724
88 0.124205 0.279618 0.029461 0.017724
88 0.480415 0.321595 0.029461 0.017724
88 0.834449 0.395056 0.033144 0.017724
318 0.628222 0.705457 0.038500 0.017724
87 0.484265 0.675023 0.023770 0.017957
2150 0.413458 0.680854 0.032139 0.017957
4375 0.118346 0.886544 0.035822 0.017957
118 0.261466 0.342467 0.014730 0.018424
120 0.329930 0.443913 0.017744 0.018424
83 0.551892 0.626982 0.023100 0.018424
87 0.765819 0.808885 0.027787 0.018424
861 0.620690 0.184818 0.028122 0.018424
55 0.126046 0.299090 0.034483 0.018424
115 0.260964 0.754548 0.034483 0.018424
118 0.125377 0.395289 0.009709 0.018657
88 0.409274 0.565998 0.027787 0.018657
88 0.189990 0.183535 0.029796 0.018657
126 0.333947 0.397621 0.033144 0.018657
252 0.693505 0.561334 0.033144 0.018657
316 0.624540 0.588853 0.039170 0.018657
85 0.621694 0.404734 0.025444 0.018890
88 0.331269 0.631646 0.030465 0.018890
83 0.191664 0.233792 0.024439 0.019356
67 0.837797 0.493587 0.027118 0.019356
68 0.556411 0.818680 0.032139 0.019356
87 0.760629 0.442747 0.036157 0.019356
3204 0.695849 0.341535 0.039839 0.019356
2395 0.549548 0.261660 0.029126 0.019590
1435 0.195012 0.716651 0.030465 0.019590
95 0.193170 0.737290 0.030800 0.019823
1416 0.417643 0.820779 0.035152 0.019823
539 0.267995 0.818680 0.035822 0.019823
885 0.550050 0.218867 0.040174 0.019823
83 0.760127 0.492654 0.023100 0.020289
539 0.266153 0.383512 0.034818 0.020289
85 0.764145 0.789412 0.009709 0.020522
980 0.692836 0.785681 0.026448 0.020522
1812 0.764145 0.184935 0.035152 0.020522
119 0.630733 0.887243 0.021426 0.020756
92 0.764814 0.736824 0.030465 0.020756
403 0.693673 0.383512 0.032139 0.020756
883 0.483930 0.538596 0.033813 0.020756
302 0.261969 0.431786 0.035822 0.020756
91 0.194677 0.590602 0.037831 0.020756
4440 0.552896 0.285331 0.038500 0.020756
2193 0.552394 0.239156 0.040174 0.020756
118 0.555909 0.838270 0.011717 0.021222
58 0.489120 0.822878 0.017409 0.021222
3553 0.191664 0.255714 0.022431 0.021222
1083 0.694510 0.809118 0.027118 0.021222
252 0.762303 0.874184 0.028122 0.021222
110 0.688483 0.405434 0.029796 0.021222
126 0.119685 0.185285 0.035152 0.021222
2555 0.556913 0.774370 0.035152 0.021222
1157 0.195347 0.809935 0.026448 0.021455
883 0.404252 0.213386 0.035152 0.021455
680 0.403750 0.374300 0.036157 0.021455
683 0.197020 0.503032 0.037831 0.021455
107 0.263308 0.734492 0.013057 0.021688
111 0.414965 0.795126 0.015735 0.021688
92 0.408604 0.496152 0.025109 0.021688
4082 0.406763 0.349230 0.032139 0.021688
126 0.765986 0.622551 0.033478 0.021688
1882 0.264647 0.560051 0.034483 0.021688
883 0.411617 0.544660 0.036491 0.021688
85 0.263810 0.623251 0.010713 0.022155
118 0.833278 0.471199 0.012052 0.022155
92 0.484265 0.590135 0.022431 0.022155
92 0.329930 0.718400 0.024439 0.022155
121 0.334282 0.837570 0.026448 0.022155
87 0.261132 0.185751 0.026783 0.022155
643 0.263642 0.861824 0.027118 0.022155
58 0.622531 0.425257 0.030465 0.022155
1834 0.330934 0.698577 0.033144 0.022155
3942 0.625544 0.278102 0.033813 0.022155
91 0.692501 0.606227 0.033813 0.022155
91 0.488283 0.775303 0.037161 0.022155
70 0.479578 0.244636 0.027787 0.022388
102 0.126046 0.357276 0.031804 0.022388
2395 0.329595 0.744403 0.032474 0.022388
2409 0.330432 0.768657 0.034818 0.022388
98 0.122698 0.337687 0.037161 0.022388
1882 0.690827 0.495569 0.037161 0.022388
58 0.408939 0.440648 0.017074 0.022621
111 0.406595 0.236357 0.020422 0.022621
253 0.694175 0.583372 0.025778 0.022621
643 0.192333 0.404268 0.026448 0.022621
80 0.763140 0.829641 0.029796 0.022621
126 0.477904 0.187383 0.032474 0.022621
363 0.554570 0.676423 0.032474 0.022621
680 0.480917 0.445779 0.035152 0.022621
3760 0.760797 0.277868 0.043857 0.022621
92 0.622531 0.445546 0.023770 0.023088
92 0.481252 0.394939 0.025109 0.023088
120 0.262805 0.362290 0.032139 0.023088
2446 0.264312 0.240322 0.035822 0.023088
2553 0.412119 0.521105 0.036157 0.023088
92 0.760127 0.354011 0.021761 0.023321
87 0.192668 0.454757 0.023100 0.023321
1829 0.125711 0.442631 0.032474 0.023321
1560 0.549883 0.488340 0.034483 0.023321
3562 0.696853 0.885961 0.034483 0.023321
387 0.692501 0.267491 0.035822 0.023321
3829 0.692501 0.240438 0.038500 0.023321
680 0.486943 0.751283 0.029126 0.023554
120 0.332106 0.678755 0.029461 0.023554
81 0.693840 0.705574 0.031135 0.023554
3048 0.194342 0.761544 0.032474 0.023554
1411 0.694342 0.761544 0.034818 0.023554
85 0.329930 0.527635 0.009709 0.024021
70 0.833445 0.418960 0.020422 0.024021
92 0.622698 0.300956 0.021426 0.024021
958 0.193170 0.786497 0.025444 0.024021
51 0.623368 0.369053 0.029461 0.024021
979 0.623535 0.328242 0.032474 0.024021
2323 0.118346 0.675023 0.033144 0.024021
368 0.262136 0.478661 0.033478 0.024021
2844 0.478909 0.370919 0.033813 0.024021
1887 0.693003 0.426889 0.034818 0.024021
111 0.192836 0.327659 0.018748 0.024254
1268 0.118179 0.700793 0.025444 0.024254
1934 0.332608 0.375000 0.031135 0.024254
1892 0.486106 0.615672 0.032139 0.024254
4311 0.340308 0.248368 0.037831 0.024254
981 0.334282 0.187267 0.039170 0.024254
119 0.192668 0.478661 0.016404 0.024487
83 0.764814 0.850863 0.017744 0.024487
958 0.262638 0.584771 0.023770 0.024487
1476 0.405758 0.284398 0.032139 0.024487
3060 0.262638 0.407533 0.032474 0.024487
368 0.193338 0.430387 0.035822 0.024487
2590 0.555407 0.649837 0.024104 0.024953
958 0.192333 0.861357 0.025778 0.024953
85 0.762303 0.418960 0.028122 0.024953
126 0.695347 0.657766 0.028122 0.024953
552 0.698527 0.680620 0.029126 0.024953
368 0.261299 0.886544 0.031804 0.024953
3674 0.693170 0.453008 0.032474 0.024953
1559 0.693170 0.537896 0.035152 0.024953
863 0.334282 0.334188 0.028457 0.025187
1185 0.193338 0.886427 0.029796 0.025187
2555 0.550552 0.559235 0.032474 0.025187
2401 0.328256 0.608675 0.034483 0.025187
2273 0.121024 0.649021 0.035152 0.025187
111 0.197355 0.692048 0.025778 0.025420
721 0.475059 0.270173 0.032139 0.025420
2553 0.484935 0.514809 0.035822 0.025420
2783 0.628724 0.762010 0.038835 0.025420
2553 0.403917 0.189715 0.039839 0.025420
250 0.263308 0.455340 0.035822 0.025886
2719 0.624037 0.256646 0.037496 0.025886
480 0.624874 0.472831 0.037831 0.025886
68 0.555909 0.603312 0.009709 0.026119
117 0.417308 0.847715 0.017744 0.026119
3674 0.264647 0.534748 0.031135 0.026119
3562 0.410110 0.469216 0.040174 0.026119
1476 0.486609 0.798857 0.032474 0.026353
4082 0.484600 0.725630 0.034483 0.026353
2424 0.333445 0.812850 0.034818 0.026353
670 0.696518 0.213036 0.037831 0.026353
4082 0.482759 0.420826 0.038835 0.026353
903 0.123033 0.517607 0.040509 0.026353
119 0.486106 0.697411 0.013391 0.026819
83 0.623870 0.662896 0.013726 0.026819
92 0.488283 0.885611 0.023100 0.026819
3553 0.479578 0.298158 0.027787 0.026819
3120 0.483596 0.563083 0.029126 0.026819
3019 0.332273 0.865322 0.029796 0.026819
2320 0.262471 0.268074 0.032139 0.026819
1800 0.547874 0.358326 0.032474 0.026819
3231 0.405591 0.416161 0.032474 0.026819
3019 0.197020 0.835005 0.035152 0.026819
3019 0.834114 0.291161 0.037161 0.026819
2632 0.832775 0.357393 0.037161 0.026819
1774 0.262973 0.795359 0.037831 0.026819
921 0.334114 0.308419 0.041513 0.026819
83 0.410110 0.588853 0.017409 0.027052
111 0.124874 0.210354 0.021426 0.027052
253 0.765651 0.517257 0.024104 0.027052
1831 0.264982 0.688666 0.031804 0.027052
566 0.122866 0.491021 0.033478 0.027285
2256 0.553231 0.512477 0.033813 0.027285
3060 0.762973 0.763410 0.034818 0.027285
310 0.193338 0.355993 0.035152 0.027285
2334 0.555574 0.730993 0.037831 0.027285
692 0.332943 0.421525 0.039170 0.027285
3189 0.695179 0.732859 0.031135 0.027752
120 0.830934 0.518540 0.033478 0.027752
4081 0.118681 0.732393 0.036491 0.027752
83 0.478239 0.344450 0.014396 0.027985
83 0.548209 0.385494 0.015735 0.027985
3984 0.119685 0.760261 0.028457 0.027985
2621 0.556411 0.703358 0.029461 0.027985
1847 0.627888 0.791045 0.032474 0.027985
2438 0.260797 0.316931 0.033478 0.027985
3562 0.333780 0.468983 0.036157 0.027985
3562 0.486441 0.474580 0.040174 0.027985
68 0.196686 0.206973 0.010378 0.028218
2190 0.764814 0.548624 0.029796 0.028218
1917 0.120020 0.616721 0.030465 0.028685
1559 0.330264 0.551656 0.034483 0.028685
1774 0.192668 0.301889 0.037161 0.028685
2949 0.692333 0.629897 0.024104 0.028918
3120 0.331604 0.499534 0.031804 0.028918
564 0.620857 0.535914 0.035152 0.028918
1679 0.331604 0.655550 0.038500 0.028918
325 0.549548 0.310401 0.039839 0.028918
3562 0.765986 0.709655 0.040174 0.028918
68 0.763810 0.465835 0.007030 0.029151
1894 0.761801 0.247551 0.029796 0.029151
604 0.191162 0.645173 0.030800 0.029151
3070 0.120690 0.791628 0.033144 0.029151
2061 0.551055 0.459771 0.033478 0.029151
3142 0.118681 0.822645 0.033813 0.029151
4720 0.762805 0.326376 0.036491 0.029151
83 0.330264 0.579174 0.015735 0.029618
3175 0.116840 0.854361 0.033478 0.029618
2795 0.695681 0.859142 0.032139 0.029851
2632 0.124205 0.239972 0.037496 0.029851
60 0.410780 0.735424 0.020087 0.030084
3884 0.624707 0.564482 0.025444 0.030084
3120 0.414463 0.767607 0.030800 0.030084
3984 0.634248 0.822178 0.026448 0.030550
1126 0.195849 0.564832 0.029461 0.030784
1282 0.121694 0.586054 0.031804 0.030784
71 0.127218 0.414412 0.034818 0.030784
4020 0.191329 0.613223 0.029126 0.031017
1316 0.622364 0.209538 0.034818 0.031017
1880 0.622866 0.632346 0.028457 0.031483
3675 0.477737 0.216301 0.029461 0.031483
3263 0.761466 0.593867 0.031804 0.031483
1406 0.696518 0.313316 0.035152 0.031483
83 0.337965 0.276353 0.015065 0.031716
3215 0.411282 0.655084 0.023770 0.031716
296 0.765484 0.213853 0.032474 0.031716
1917 0.485772 0.648204 0.032139 0.031950
4460 0.412621 0.619986 0.030465 0.032416
68 0.763810 0.675140 0.007700 0.032649
1286 0.546702 0.429338 0.033478 0.032649
311 0.620355 0.502682 0.033478 0.033349
68 0.405591 0.315299 0.008370 0.033582
4030 0.194007 0.529151 0.033813 0.033582
3562 0.490793 0.854478 0.036157 0.033582
68 0.418313 0.705574 0.009709 0.034282
3153 0.628557 0.730993 0.031804 0.034282
1270 0.759792 0.386660 0.031135 0.034515
3074 0.833445 0.324394 0.036491 0.034515
4120 0.120690 0.550140 0.037161 0.035448
68 0.263977 0.653102 0.010378 0.037547
68 0.419317 0.880480 0.010378 0.040812
296 0.831269 0.554804 0.029461 0.044776
