92 0.191066 0.915937 0.030075 0.013750
92 0.265148 0.412500 0.034940 0.014375
101 0.563025 0.230781 0.037152 0.015312
101 0.569438 0.742812 0.035825 0.017500
92 0.729102 0.749687 0.044670 0.018125
101 0.642857 0.280156 0.059708 0.019062
56 0.714065 0.911563 0.021672 0.019375
64 0.643521 0.251406 0.015922 0.019688
55 0.567669 0.258594 0.046440 0.019688
118 0.262052 0.912656 0.014595 0.020313
115 0.643299 0.308437 0.044670 0.021250
93 0.262273 0.840313 0.048651 0.021250
117 0.570323 0.873281 0.021672 0.021562
56 0.045555 0.717031 0.041575 0.021562
52 0.728881 0.815781 0.041575 0.021562
56 0.812251 0.354219 0.042901 0.021562
109 0.261389 0.890000 0.037152 0.021875
110 0.266254 0.543750 0.031844 0.022500
259 0.646395 0.882188 0.055285 0.022500
1406 0.118089 0.846719 0.033613 0.022812
52 0.258293 0.715469 0.041575 0.022812
91 0.488722 0.872500 0.034498 0.023125
278 0.652366 0.909375 0.027421 0.023750
66 0.188633 0.237500 0.023441 0.024375
1173 0.259177 0.864219 0.042459 0.024688
111 0.489606 0.843750 0.027421 0.025000
101 0.334365 0.241563 0.056612 0.025000
56 0.193498 0.675937 0.020787 0.025625
698 0.336134 0.665000 0.035383 0.025625
1173 0.651039 0.660937 0.047766 0.025625
72 0.728439 0.636563 0.052189 0.025625
93 0.047766 0.645781 0.027421 0.025937
57 0.421716 0.190938 0.033171 0.026250
130 0.122512 0.907813 0.036267 0.026250
1810 0.050199 0.200469 0.020787 0.026562
126 0.049536 0.430469 0.040690 0.026562
83 0.403804 0.808438 0.044228 0.026875
547 0.338788 0.737187 0.052189 0.026875
2151 0.258735 0.299219 0.042459 0.027187
52 0.112119 0.397969 0.048209 0.027187
1406 0.418178 0.257500 0.042017 0.027500
76 0.729987 0.600469 0.024326 0.027813
88 0.047988 0.536094 0.026979 0.027813
66 0.262052 0.773438 0.023441 0.028125
1810 0.487395 0.251719 0.029191 0.028438
60 0.338125 0.482812 0.035825 0.028750
107 0.190624 0.270000 0.038921 0.028750
251 0.729323 0.356250 0.047766 0.028750
91 0.259841 0.488750 0.050862 0.028750
88 0.647722 0.739219 0.031402 0.029063
66 0.189076 0.158125 0.022556 0.029375
119 0.122070 0.779375 0.024768 0.029375
88 0.727996 0.523438 0.038921 0.029375
642 0.488722 0.665625 0.040690 0.029375
83 0.650376 0.856250 0.042901 0.029375
52 0.481203 0.784062 0.053958 0.029375
105 0.418178 0.685312 0.060593 0.029375
85 0.490712 0.752344 0.018134 0.029687
60 0.645290 0.329219 0.019460 0.029687
76 0.195268 0.786719 0.024326 0.029687
85 0.266475 0.687187 0.011942 0.030000
286 0.568333 0.348594 0.044228 0.030312
2489 0.490270 0.559844 0.046440 0.030312
126 0.735736 0.317344 0.053516 0.030312
88 0.568111 0.386562 0.036709 0.030625
88 0.339009 0.699375 0.037594 0.030625
691 0.339230 0.155938 0.046882 0.030625
91 0.811588 0.319844 0.054843 0.030937
117 0.342990 0.856875 0.019018 0.031250
76 0.262052 0.515625 0.025210 0.031250
88 0.048430 0.852812 0.030517 0.031250
95 0.188854 0.395313 0.043344 0.031250
91 0.724016 0.446562 0.056612 0.031250
88 0.265812 0.578594 0.034498 0.031563
118 0.419726 0.224062 0.012384 0.031875
83 0.726227 0.847500 0.043344 0.031875
327 0.490933 0.487500 0.045113 0.031875
2083 0.560593 0.198750 0.057939 0.031875
88 0.189960 0.305469 0.029633 0.032188
91 0.045555 0.277344 0.042459 0.032188
91 0.568333 0.845469 0.047766 0.032188
504 0.045555 0.356563 0.028306 0.032500
2707 0.488280 0.337813 0.030960 0.032500
88 0.486732 0.159375 0.036709 0.032500
327 0.049757 0.896563 0.053516 0.032500
680 0.116541 0.814531 0.033171 0.032813
87 0.338346 0.403281 0.033613 0.032813
98 0.112782 0.159531 0.045113 0.032813
98 0.254312 0.743594 0.052189 0.032813
2885 0.489385 0.523125 0.029633 0.033125
88 0.568554 0.639687 0.039363 0.033125
1197 0.492702 0.592500 0.042459 0.033125
98 0.480540 0.820625 0.062362 0.033125
2707 0.051305 0.463281 0.027421 0.033438
120 0.262937 0.657031 0.042901 0.033438
330 0.050199 0.502188 0.028748 0.033750
60 0.192614 0.822812 0.034940 0.033750
2885 0.495135 0.900625 0.037594 0.033750
122 0.045997 0.777813 0.039805 0.033750
87 0.419284 0.158438 0.041575 0.033750
4039 0.256524 0.156562 0.043344 0.033750
107 0.412207 0.751719 0.022114 0.034063
74 0.043344 0.612344 0.029191 0.034063
330 0.646838 0.816719 0.039363 0.034063
122 0.814241 0.415625 0.042459 0.034375
2203 0.567890 0.680000 0.043344 0.034375
107 0.563246 0.480156 0.021672 0.034688
1345 0.051305 0.161719 0.025652 0.034688
253 0.264927 0.616875 0.035383 0.035000
119 0.417514 0.716719 0.023883 0.035312
62 0.814905 0.380312 0.026979 0.035625
91 0.486510 0.628125 0.052189 0.035625
74 0.643963 0.218594 0.024768 0.035937
62 0.048430 0.743281 0.026095 0.035937
4377 0.195046 0.636094 0.045997 0.035937
121 0.261831 0.808125 0.022114 0.036250
85 0.119858 0.429531 0.015038 0.036562
123 0.195931 0.748594 0.020345 0.036562
83 0.247236 0.254844 0.032729 0.036562
118 0.123176 0.194688 0.013711 0.036875
118 0.194383 0.709375 0.016364 0.036875
107 0.192393 0.423750 0.019460 0.036875
366 0.265148 0.449375 0.050862 0.036875
560 0.193941 0.550625 0.055285 0.036875
71 0.341221 0.279062 0.060593 0.036875
85 0.650597 0.413281 0.015038 0.037187
70 0.124502 0.325781 0.040248 0.037187
4262 0.646395 0.510781 0.042901 0.037187
68 0.571207 0.903125 0.007519 0.037500
2598 0.649934 0.777188 0.020787 0.037500
323 0.560814 0.158750 0.068996 0.037500
330 0.411986 0.547031 0.036709 0.037812
107 0.730208 0.564063 0.020345 0.038125
253 0.564794 0.773750 0.040690 0.038125
4253 0.336577 0.618125 0.045113 0.038125
107 0.122291 0.361719 0.019018 0.038437
83 0.406015 0.454219 0.042459 0.038437
1270 0.722247 0.716094 0.048651 0.038437
3175 0.639540 0.702656 0.056612 0.038437
91 0.404688 0.648594 0.058381 0.038437
60 0.648607 0.623125 0.024326 0.038750
1880 0.732198 0.885000 0.035825 0.038750
83 0.187085 0.503750 0.038921 0.038750
68 0.191950 0.464219 0.007961 0.039062
1799 0.114993 0.881719 0.034498 0.039062
3959 0.333038 0.314844 0.047766 0.039062
68 0.417957 0.787500 0.008846 0.039375
85 0.417736 0.845625 0.014595 0.039375
3669 0.045776 0.393750 0.031402 0.039375
68 0.567006 0.514844 0.009730 0.039688
76 0.564573 0.550781 0.027864 0.039688
120 0.566121 0.812969 0.044228 0.039688
121 0.118753 0.232500 0.020787 0.040000
3887 0.719814 0.678750 0.071207 0.040000
120 0.338567 0.773594 0.044670 0.040313
96 0.349624 0.895781 0.052632 0.040313
60 0.051526 0.809063 0.026095 0.040625
58 0.185759 0.200625 0.021230 0.041250
1575 0.561035 0.716562 0.043786 0.041250
96 0.266254 0.382500 0.048651 0.041250
282 0.731314 0.226562 0.049978 0.041250
2598 0.414861 0.413594 0.021230 0.041563
126 0.344538 0.813906 0.048651 0.041563
75 0.643963 0.371719 0.050420 0.041563
86 0.348518 0.443437 0.026537 0.041875
4189 0.334808 0.360000 0.060150 0.041875
3283 0.116984 0.586719 0.037594 0.042188
76 0.263158 0.342187 0.027421 0.042500
51 0.040248 0.573750 0.042459 0.042500
3735 0.413755 0.301875 0.048209 0.042500
107 0.115436 0.283906 0.019460 0.042813
4741 0.056391 0.237344 0.041132 0.042813
2108 0.725343 0.485781 0.053958 0.042813
1521 0.121628 0.636094 0.054843 0.042813
81 0.727333 0.782813 0.042901 0.043125
1847 0.122070 0.477812 0.043344 0.043125
83 0.484078 0.202969 0.024326 0.043437
4050 0.411986 0.500156 0.049093 0.043437
51 0.189960 0.349375 0.034940 0.043750
60 0.821760 0.445156 0.025652 0.044687
83 0.335692 0.573906 0.027421 0.044687
1480 0.817116 0.278281 0.043786 0.044687
1159 0.194383 0.593906 0.054401 0.044687
3139 0.409332 0.601875 0.042901 0.045000
68 0.047766 0.681406 0.007961 0.045312
1914 0.733525 0.404531 0.047324 0.045312
392 0.569438 0.599844 0.065015 0.045312
3482 0.490712 0.712187 0.054401 0.045625
121 0.333481 0.521406 0.025652 0.045937
51 0.337461 0.205000 0.036267 0.046875
1462 0.122070 0.530625 0.046882 0.046875
2598 0.416630 0.895469 0.018576 0.047188
1100 0.046218 0.313906 0.028748 0.047188
1917 0.486953 0.293281 0.045113 0.047188
1551 0.733746 0.272188 0.048651 0.048125
1551 0.114772 0.740156 0.044670 0.048438
1850 0.565679 0.307500 0.053074 0.048750
505 0.724237 0.171094 0.039363 0.050313
1551 0.487174 0.384062 0.045555 0.050625
322 0.646617 0.171875 0.071650 0.051250
2598 0.121185 0.686875 0.020345 0.051875
68 0.488058 0.437188 0.008403 0.053125
681 0.568996 0.433125 0.049978 0.053125
68 0.191950 0.873281 0.007077 0.054688
68 0.260062 0.205469 0.007961 0.054688
957 0.640203 0.465469 0.042901 0.057188
3306 0.411101 0.355781 0.043786 0.060937
68 0.648386 0.567656 0.008846 0.065312
