246 0.858605 0.223718 0.046512 0.003846
200 0.449302 0.441667 0.017674 0.006410
200 0.534186 0.443205 0.020930 0.006410
154 0.526279 0.616923 0.020000 0.007692
154 0.610233 0.243590 0.017674 0.009231
101 0.507209 0.705769 0.039535 0.009487
101 0.329302 0.567949 0.037209 0.010769
162 0.614419 0.618462 0.018605 0.011795
101 0.235581 0.602179 0.043256 0.015128
102 0.240930 0.733077 0.052093 0.015385
72 0.325814 0.635769 0.031163 0.016154
88 0.596744 0.802179 0.026047 0.019231
2542 0.505116 0.870641 0.042791 0.019231
251 0.592093 0.601026 0.044651 0.020000
495 0.419302 0.425897 0.052558 0.020000
88 0.862326 0.326923 0.025116 0.020513
66 0.592093 0.463846 0.026977 0.020513
65 0.509070 0.226410 0.043256 0.020513
495 0.504884 0.428462 0.056279 0.020513
88 0.504651 0.396795 0.024186 0.020769
123 0.501163 0.294615 0.024651 0.021026
91 0.414651 0.262308 0.034884 0.021026
113 0.677442 0.632308 0.047907 0.021026
91 0.590465 0.293974 0.039535 0.021282
101 0.860930 0.561667 0.044651 0.021282
91 0.322791 0.399231 0.040930 0.021538
252 0.234186 0.533205 0.044186 0.021795
91 0.766512 0.362821 0.036279 0.022051
66 0.325581 0.293462 0.026977 0.022308
83 0.324884 0.326026 0.029302 0.022308
64 0.768140 0.565000 0.036744 0.022308
91 0.324884 0.505513 0.037674 0.022308
683 0.594651 0.735256 0.049767 0.022308
252 0.326977 0.532308 0.043721 0.022564
710 0.589070 0.260897 0.038605 0.023333
252 0.326512 0.262436 0.043721 0.023333
117 0.505581 0.460385 0.027907 0.023846
253 0.230930 0.569359 0.037674 0.023846
51 0.236279 0.395000 0.040000 0.023846
126 0.767674 0.532051 0.030233 0.024103
65 0.330698 0.801282 0.030698 0.024103
64 0.857907 0.458846 0.033953 0.024359
120 0.235814 0.454872 0.019535 0.024615
126 0.415349 0.805897 0.033488 0.024615
126 0.859767 0.701667 0.035814 0.024872
126 0.236744 0.837564 0.040000 0.024872
710 0.502558 0.733205 0.043256 0.024872
710 0.324419 0.360385 0.044186 0.024872
717 0.587209 0.228974 0.052558 0.025128
2395 0.860930 0.394744 0.032558 0.025385
83 0.413023 0.601154 0.032558 0.025385
101 0.771860 0.666795 0.036744 0.025385
126 0.860465 0.427692 0.039070 0.025641
91 0.948837 0.425897 0.042791 0.025641
2151 0.506047 0.635897 0.042791 0.025641
65 0.421163 0.699615 0.033023 0.025897
552 0.681395 0.806538 0.033488 0.025897
58 0.594419 0.670256 0.036279 0.026154
76 0.771395 0.808462 0.038605 0.026154
1083 0.417209 0.230513 0.041860 0.026154
66 0.772093 0.428333 0.031628 0.026410
91 0.683023 0.228846 0.044186 0.026410
252 0.858372 0.840385 0.047907 0.026410
553 0.414419 0.295513 0.049302 0.026410
4039 0.235814 0.635000 0.055814 0.026410
126 0.681860 0.427949 0.027907 0.026667
2197 0.413256 0.772308 0.036744 0.026667
76 0.325349 0.738205 0.038605 0.026667
667 0.950930 0.392821 0.044186 0.026667
1902 0.765581 0.328718 0.046512 0.026667
83 0.591163 0.496538 0.026047 0.026923
57 0.245116 0.428846 0.030698 0.026923
126 0.592093 0.398333 0.033488 0.026923
91 0.864419 0.633718 0.051628 0.026923
4132 0.680000 0.532821 0.039070 0.027179
1592 0.771163 0.703590 0.056744 0.027179
42 0.770698 0.256282 0.014884 0.027436
56 0.861628 0.738077 0.021860 0.027436
65 0.776977 0.868590 0.032093 0.027436
115 0.680930 0.702692 0.036279 0.027436
83 0.415349 0.869359 0.037209 0.027436
68 0.677674 0.600385 0.038140 0.027436
691 0.326279 0.230385 0.059070 0.027436
119 0.598372 0.697436 0.020930 0.027692
76 0.594186 0.837692 0.038605 0.027692
252 0.764419 0.228462 0.042326 0.027692
717 0.510698 0.598974 0.061395 0.027692
58 0.504186 0.564744 0.028837 0.027949
126 0.235116 0.495000 0.032093 0.027949
2395 0.857209 0.258718 0.046512 0.028205
126 0.502326 0.259103 0.028837 0.028462
76 0.416279 0.638590 0.038140 0.028462
51 0.679302 0.263590 0.033023 0.028718
971 0.591628 0.770513 0.050233 0.028718
58 0.505116 0.836795 0.022326 0.028974
126 0.679070 0.359872 0.030698 0.028974
110 0.770465 0.465000 0.033023 0.028974
1831 0.236744 0.804744 0.040930 0.028974
89 0.504186 0.807564 0.043721 0.028974
1902 0.323023 0.431154 0.053488 0.028974
85 0.233023 0.264103 0.015814 0.029231
120 0.416977 0.356154 0.016279 0.029231
76 0.416047 0.326667 0.021860 0.029231
88 0.592558 0.563590 0.023256 0.029231
81 0.680698 0.292821 0.033953 0.029231
91 0.418605 0.735641 0.047442 0.029231
3041 0.415814 0.465128 0.052093 0.029231
85 0.679070 0.565256 0.015814 0.029487
88 0.685581 0.870641 0.026047 0.029487
3067 0.856977 0.668846 0.050698 0.029487
126 0.229767 0.298974 0.035349 0.029744
1928 0.326279 0.466154 0.060930 0.029744
58 0.415349 0.495769 0.025116 0.030000
648 0.682093 0.773462 0.036744 0.030000
2885 0.589535 0.533718 0.045116 0.030000
1928 0.771628 0.499359 0.054884 0.030000
4166 0.861628 0.596538 0.056279 0.030000
47 0.228372 0.229487 0.021395 0.030256
86 0.243953 0.327436 0.031163 0.030256
93 0.333953 0.700256 0.044651 0.030256
1902 0.946279 0.327436 0.047907 0.030256
88 0.869535 0.869103 0.037674 0.030513
330 0.413256 0.840128 0.042326 0.030513
93 0.240930 0.864744 0.042791 0.030513
327 0.944884 0.463333 0.050698 0.030769
99 0.328372 0.835641 0.053953 0.030769
119 0.235116 0.358333 0.021860 0.031026
1799 0.948140 0.495256 0.033023 0.031026
505 0.856977 0.804231 0.045116 0.031026
3893 0.589070 0.363205 0.049767 0.031026
85 0.680930 0.464359 0.020465 0.031282
85 0.680930 0.737821 0.018605 0.031538
4185 0.854419 0.294231 0.054884 0.031538
88 0.419535 0.572308 0.026977 0.031795
126 0.416047 0.387179 0.033953 0.032308
268 0.504651 0.672179 0.030698 0.032564
2407 0.855581 0.360385 0.040465 0.032564
3936 0.766047 0.292179 0.047442 0.032564
2426 0.236512 0.702949 0.053488 0.032564
107 0.772558 0.838205 0.032558 0.032821
85 0.505116 0.534103 0.038140 0.032821
3893 0.763023 0.772564 0.048837 0.032821
2685 0.683023 0.395513 0.040465 0.033077
2426 0.947907 0.360385 0.055814 0.033077
107 0.416977 0.669744 0.029302 0.033333
62 0.864419 0.768718 0.032093 0.033333
81 0.326512 0.867949 0.040000 0.033333
47 0.680930 0.838846 0.030698 0.033590
2354 0.591163 0.430385 0.042791 0.033590
2429 0.588837 0.326538 0.045581 0.033590
118 0.774186 0.636667 0.020000 0.034359
60 0.503953 0.489744 0.021860 0.034359
68 0.237442 0.668333 0.011628 0.034615
119 0.681163 0.497564 0.019070 0.034615
119 0.502093 0.322821 0.019070 0.034872
68 0.771395 0.600000 0.006977 0.035385
118 0.860000 0.533077 0.017674 0.035385
107 0.769302 0.397179 0.020465 0.035385
2429 0.498605 0.768846 0.043721 0.035641
2429 0.763721 0.737949 0.049302 0.035897
2426 0.327442 0.667949 0.051163 0.035897
270 0.417442 0.534231 0.035814 0.036667
88 0.594884 0.640897 0.036279 0.036667
107 0.326047 0.770385 0.034419 0.037179
274 0.500465 0.363077 0.045581 0.037436
91 0.326512 0.608590 0.039070 0.037692
47 0.680698 0.323205 0.033953 0.040256
53 0.680233 0.663333 0.012558 0.040513
68 0.237907 0.767179 0.012558 0.042564
68 0.859070 0.495769 0.013953 0.044872
