246 0.952124 0.597605 0.024218 0.008438
42 0.268070 0.834550 0.016766 0.014367
56 0.788748 0.530559 0.013413 0.015279
56 0.657414 0.843900 0.018256 0.016192
56 0.376490 0.620525 0.016766 0.016420
120 0.836997 0.759749 0.018256 0.017104
56 0.740313 0.597149 0.019374 0.017104
72 0.715164 0.810832 0.027943 0.017104
66 0.886550 0.528620 0.030924 0.017332
56 0.886550 0.510718 0.016021 0.017560
56 0.447839 0.797605 0.014903 0.018016
1810 0.893815 0.775257 0.019374 0.018928
127 0.503167 0.887913 0.048063 0.018928
85 0.121274 0.624401 0.010805 0.019156
56 0.382824 0.367959 0.019001 0.019384
56 0.798994 0.812885 0.019001 0.019384
56 0.670827 0.310262 0.021237 0.019840
72 0.754657 0.231813 0.029434 0.019840
1214 0.748882 0.741049 0.031297 0.019840
2595 0.497951 0.743444 0.049553 0.020068
56 0.722615 0.870582 0.022727 0.020296
128 0.447094 0.769783 0.013413 0.020753
115 0.506706 0.263284 0.040238 0.020753
72 0.376304 0.571722 0.025335 0.020981
119 0.554583 0.777081 0.014531 0.021665
56 0.335320 0.602851 0.020864 0.021665
66 0.843703 0.227708 0.027943 0.021665
119 0.841468 0.367047 0.012295 0.022121
119 0.515089 0.358381 0.013785 0.022121
58 0.447280 0.818130 0.027198 0.022577
42 0.192623 0.512201 0.011923 0.022805
72 0.739009 0.530445 0.029434 0.022805
278 0.119784 0.344698 0.018256 0.023489
2677 0.434426 0.495439 0.031297 0.023489
189 0.838115 0.738997 0.013785 0.023945
861 0.116058 0.547434 0.057004 0.023945
127 0.837742 0.571722 0.049553 0.024629
60 0.743294 0.477651 0.022355 0.024857
127 0.668592 0.284493 0.045082 0.024857
1977 0.451379 0.886773 0.046572 0.024857
117 0.841654 0.253706 0.016393 0.025314
683 0.192250 0.442075 0.050671 0.025314
278 0.277385 0.187001 0.012295 0.025542
60 0.395119 0.499658 0.018256 0.025542
56 0.392697 0.868643 0.019374 0.025542
127 0.337742 0.570125 0.030179 0.025542
53 0.378539 0.595325 0.008942 0.025770
53 0.397727 0.838883 0.010060 0.025770
119 0.571349 0.610832 0.014531 0.025770
118 0.798994 0.507070 0.017511 0.025770
56 0.346498 0.340365 0.020864 0.025770
92 0.714791 0.751767 0.024963 0.025770
111 0.120156 0.647092 0.025708 0.025770
978 0.790425 0.563170 0.030179 0.025770
58 0.653875 0.774116 0.022355 0.026226
72 0.831781 0.546066 0.030924 0.026226
66 0.440574 0.746066 0.030924 0.026226
88 0.264717 0.446636 0.032414 0.026226
127 0.336997 0.627024 0.045082 0.026226
370 0.840350 0.342645 0.048808 0.026226
56 0.750559 0.285291 0.018256 0.026454
60 0.383010 0.246180 0.016393 0.026682
72 0.394747 0.812201 0.027943 0.027138
127 0.843703 0.872976 0.042846 0.027366
72 0.379098 0.310034 0.021237 0.027594
92 0.463301 0.240023 0.025708 0.027594
53 0.265835 0.753364 0.012295 0.028050
119 0.842958 0.280616 0.013040 0.028050
118 0.805887 0.778449 0.017884 0.028050
118 0.557750 0.872406 0.017884 0.028050
2677 0.464419 0.318472 0.028689 0.028050
335 0.956595 0.345154 0.033905 0.028050
691 0.268070 0.638426 0.036140 0.028050
104 0.558308 0.844128 0.042846 0.028050
127 0.672690 0.334436 0.062221 0.028050
119 0.743852 0.504675 0.014531 0.028278
58 0.274963 0.255188 0.025335 0.028278
118 0.894001 0.832497 0.016021 0.028506
58 0.669523 0.257583 0.026826 0.028506
76 0.420827 0.292246 0.030924 0.028506
95 0.891021 0.803535 0.037630 0.028506
370 0.495715 0.769783 0.054769 0.028506
115 0.267697 0.510604 0.044337 0.029190
717 0.567437 0.313797 0.055142 0.029190
53 0.384501 0.338769 0.010432 0.029418
119 0.396423 0.783694 0.017884 0.029418
51 0.508756 0.237970 0.032414 0.029418
92 0.268443 0.283580 0.041356 0.029418
119 0.886177 0.619954 0.012295 0.029875
53 0.756334 0.256899 0.013413 0.029875
90 0.889158 0.552452 0.038376 0.029875
285 0.953055 0.253706 0.038748 0.029875
3041 0.837370 0.314139 0.042846 0.030331
2059 0.494039 0.834778 0.044709 0.030331
3883 0.834762 0.508666 0.022727 0.030787
60 0.396237 0.753022 0.024963 0.031015
4282 0.717213 0.261688 0.038748 0.031243
72 0.490313 0.866021 0.049180 0.031243
278 0.958458 0.560889 0.011550 0.031699
119 0.804396 0.880616 0.014903 0.031699
58 0.793405 0.235006 0.030179 0.031699
68 0.792288 0.477423 0.035395 0.031699
119 0.494598 0.800456 0.016021 0.031927
58 0.345566 0.266135 0.024963 0.031927
978 0.451006 0.858153 0.031669 0.031927
127 0.343703 0.369669 0.039866 0.031927
3041 0.513227 0.298518 0.042101 0.031927
370 0.509128 0.330787 0.051788 0.032155
370 0.552534 0.746066 0.055142 0.032155
370 0.567809 0.581642 0.065574 0.032155
1977 0.793964 0.592816 0.050671 0.032611
71 0.119411 0.871608 0.035395 0.032839
3984 0.545641 0.804675 0.034650 0.033067
717 0.957154 0.528734 0.043219 0.033067
370 0.884873 0.308666 0.044709 0.033067
2698 0.567996 0.345154 0.049553 0.033067
253 0.958830 0.376169 0.020492 0.033523
74 0.680887 0.811517 0.023472 0.033523
68 0.802347 0.747434 0.035395 0.033523
4440 0.719635 0.292474 0.040611 0.033523
127 0.659650 0.876283 0.052534 0.033523
3936 0.828800 0.475941 0.031669 0.033751
58 0.342399 0.540023 0.034277 0.033751
370 0.885991 0.587913 0.050671 0.033751
119 0.118107 0.516648 0.016393 0.033979
2246 0.567250 0.237058 0.042101 0.033979
119 0.715350 0.782098 0.013413 0.034436
85 0.276453 0.218814 0.020864 0.034436
1214 0.190574 0.834550 0.052534 0.034436
60 0.801975 0.846522 0.025708 0.034664
91 0.122019 0.205473 0.036140 0.034664
119 0.396423 0.530331 0.014903 0.034892
72 0.788376 0.268529 0.034277 0.034892
3338 0.373323 0.543330 0.037258 0.034892
127 0.347057 0.300228 0.037630 0.035348
119 0.382452 0.277993 0.015276 0.035576
1834 0.189083 0.482782 0.061475 0.035576
51 0.114195 0.481300 0.044337 0.035804
4644 0.565760 0.277195 0.051788 0.035804
110 0.892697 0.865336 0.034277 0.036716
3500 0.885618 0.273318 0.035768 0.037172
2576 0.438152 0.591676 0.040238 0.037172
2151 0.268256 0.556100 0.050671 0.037172
4597 0.884873 0.233979 0.044709 0.037400
127 0.652571 0.807412 0.035395 0.037628
691 0.117362 0.917560 0.038748 0.037628
1416 0.117921 0.833409 0.062221 0.037628
2593 0.267139 0.476283 0.038748 0.038084
3041 0.571535 0.546294 0.055142 0.038084
53 0.742362 0.561231 0.011550 0.038312
720 0.782414 0.675371 0.050671 0.038540
720 0.787630 0.416534 0.049180 0.038997
2794 0.266207 0.327822 0.055514 0.038997
119 0.887668 0.345268 0.012295 0.039225
251 0.953614 0.168529 0.034650 0.039225
2913 0.187593 0.402965 0.047317 0.039225
720 0.470939 0.427138 0.050671 0.039225
720 0.469262 0.171950 0.057750 0.039225
2489 0.194858 0.916534 0.073025 0.039225
119 0.417474 0.326454 0.014531 0.039453
2134 0.191133 0.363398 0.050671 0.039453
2489 0.120902 0.246180 0.051788 0.039909
1834 0.267884 0.413341 0.061103 0.039909
113 0.264344 0.717332 0.045082 0.040365
53 0.721498 0.840137 0.015276 0.041049
72 0.837183 0.838312 0.046200 0.041049
720 0.475224 0.678449 0.048808 0.041049
4257 0.359724 0.808096 0.038376 0.041733
2197 0.951751 0.212315 0.036140 0.041961
247 0.267511 0.915507 0.040238 0.042189
4447 0.841841 0.796123 0.039121 0.042873
971 0.269560 0.596351 0.045082 0.042873
91 0.186848 0.874914 0.040611 0.043558
91 0.190946 0.547320 0.051043 0.043786
4597 0.887854 0.474572 0.055142 0.043786
1218 0.119784 0.161345 0.049553 0.044014
2108 0.953428 0.636488 0.049180 0.044698
1887 0.886177 0.743216 0.050298 0.044698
691 0.114382 0.389396 0.040238 0.044926
91 0.196349 0.209464 0.046200 0.044926
506 0.108793 0.780958 0.053651 0.045382
4435 0.192996 0.653706 0.055142 0.046294
1969 0.792660 0.309692 0.039121 0.046522
717 0.116058 0.439339 0.065946 0.047206
3047 0.955291 0.488712 0.034277 0.047434
4532 0.461811 0.356442 0.049553 0.047434
717 0.269374 0.676853 0.078987 0.047434
4257 0.681818 0.534892 0.047690 0.047662
1879 0.687593 0.583580 0.024963 0.048347
1584 0.189642 0.256100 0.043219 0.048347
1126 0.196908 0.162258 0.051043 0.048575
2266 0.194113 0.717560 0.056632 0.048575
710 0.262854 0.162714 0.058495 0.048575
70 0.464791 0.278107 0.026453 0.049031
1220 0.418592 0.253250 0.037630 0.049031
4532 0.435730 0.538997 0.038376 0.049031
3322 0.269933 0.798062 0.041356 0.049031
3268 0.116058 0.698290 0.073398 0.049259
333 0.496461 0.588027 0.068182 0.050399
1879 0.360842 0.854618 0.019747 0.050855
1312 0.263972 0.874002 0.060730 0.050855
68 0.680514 0.768187 0.007824 0.052223
91 0.268629 0.365792 0.047690 0.052908
2917 0.113077 0.298632 0.038376 0.053136
4597 0.567996 0.497491 0.065201 0.053136
1092 0.113636 0.587343 0.044709 0.053592
3411 0.956595 0.294527 0.043592 0.054504
4315 0.188897 0.307412 0.061103 0.054732
4564 0.189642 0.601710 0.043219 0.056784
4637 0.803838 0.172748 0.084575 0.057697
3216 0.952496 0.431129 0.032414 0.059977
3532 0.189083 0.774344 0.059985 0.064538
3376 0.752049 0.783580 0.033905 0.064766
