92 0.690882 0.900546 0.027695 0.010916
204 0.556668 0.381292 0.012356 0.013645
101 0.308692 0.293966 0.037069 0.014251
92 0.236898 0.435719 0.025565 0.015161
92 0.167448 0.285173 0.037495 0.015464
128 0.534086 0.723772 0.009800 0.015767
128 0.528973 0.832323 0.009800 0.015767
56 0.773115 0.455731 0.016617 0.017586
56 0.614614 0.235597 0.014913 0.018193
52 0.759054 0.817465 0.046442 0.018193
302 0.447167 0.668435 0.077120 0.019102
91 0.692373 0.637053 0.034086 0.019406
56 0.449936 0.867041 0.049425 0.020315
1415 0.692586 0.707095 0.054112 0.021225
102 0.610354 0.338842 0.053259 0.021528
101 0.450149 0.224833 0.057520 0.021528
499 0.166809 0.445421 0.057520 0.021831
2180 0.610141 0.891601 0.040903 0.022135
56 0.453771 0.202547 0.013634 0.022438
55 0.538560 0.404336 0.046868 0.023347
107 0.532595 0.234688 0.034938 0.023651
643 0.453558 0.686931 0.029399 0.023954
55 0.311248 0.840055 0.035364 0.023954
297 0.166383 0.582626 0.043886 0.023954
123 0.606519 0.732868 0.011504 0.024257
547 0.243502 0.303517 0.042182 0.024257
66 0.308692 0.235446 0.020026 0.024560
64 0.231998 0.745907 0.016617 0.024864
2151 0.238816 0.837174 0.039625 0.024864
2151 0.527056 0.859915 0.040051 0.024864
1002 0.222838 0.633414 0.066468 0.024864
76 0.603749 0.757884 0.023008 0.025167
56 0.764380 0.694512 0.035790 0.025167
91 0.606732 0.656004 0.038347 0.025167
111 0.313592 0.855973 0.017043 0.025470
2150 0.379207 0.452699 0.041755 0.025470
642 0.163613 0.624621 0.038347 0.026076
101 0.760758 0.720437 0.057520 0.026076
1810 0.304431 0.565949 0.025991 0.026380
118 0.235194 0.772589 0.013634 0.026683
1821 0.380486 0.346574 0.046016 0.026683
88 0.533873 0.559582 0.027269 0.026986
88 0.453558 0.892207 0.030251 0.026986
1834 0.375160 0.583232 0.048147 0.026986
2707 0.452493 0.758338 0.028973 0.027289
60 0.770984 0.394482 0.021730 0.027896
111 0.742650 0.893572 0.023008 0.027896
1810 0.531530 0.368102 0.027695 0.027896
87 0.772689 0.368708 0.031104 0.027896
88 0.691521 0.566859 0.028973 0.028199
2177 0.447806 0.287599 0.063911 0.028199
2677 0.383681 0.375682 0.026843 0.028502
56 0.234555 0.553517 0.017469 0.028805
91 0.523647 0.780928 0.051981 0.028805
60 0.692373 0.340358 0.028973 0.029412
88 0.766510 0.660249 0.031530 0.029412
2489 0.769919 0.291540 0.040903 0.029412
107 0.307414 0.260764 0.039625 0.029715
1350 0.452493 0.604760 0.039199 0.030018
89 0.527695 0.668132 0.048147 0.030018
91 0.610567 0.582929 0.052833 0.030018
2678 0.161483 0.540327 0.036643 0.030321
978 0.100341 0.290782 0.038773 0.030321
88 0.692160 0.309733 0.026843 0.030625
66 0.534299 0.207095 0.017895 0.030928
64 0.530890 0.702547 0.027269 0.031534
249 0.448658 0.639478 0.046016 0.031534
91 0.763528 0.542450 0.047720 0.031534
111 0.615893 0.470133 0.027695 0.031837
122 0.525991 0.749090 0.040477 0.031837
363 0.765658 0.576865 0.045164 0.031837
83 0.686408 0.829594 0.026417 0.032141
109 0.774180 0.428745 0.051129 0.032141
60 0.540477 0.422832 0.019173 0.032444
2598 0.308692 0.425864 0.020878 0.032444
93 0.764167 0.785173 0.022582 0.032444
119 0.532595 0.635992 0.023860 0.032444
2273 0.696208 0.277138 0.046016 0.032747
2134 0.379207 0.808369 0.049425 0.032747
122 0.607584 0.507429 0.038347 0.033050
978 0.095867 0.175713 0.040051 0.033050
109 0.611632 0.307004 0.041329 0.033050
4189 0.535790 0.889478 0.055816 0.033050
85 0.455049 0.250152 0.012782 0.033354
85 0.380060 0.648575 0.013634 0.033354
91 0.301236 0.651001 0.051981 0.033354
85 0.097571 0.415252 0.015339 0.033657
84 0.162122 0.255761 0.037069 0.033657
1559 0.383042 0.612644 0.050277 0.033657
366 0.380273 0.546847 0.053259 0.033657
111 0.367916 0.683141 0.037069 0.033960
95 0.308479 0.731049 0.045164 0.033960
113 0.767363 0.204669 0.046016 0.033960
126 0.616106 0.208914 0.058798 0.033960
83 0.596080 0.825500 0.046868 0.034263
764 0.687047 0.669193 0.048999 0.034566
683 0.235407 0.406004 0.064337 0.034566
107 0.527482 0.807307 0.017895 0.034870
980 0.310183 0.171164 0.024712 0.034870
2784 0.164678 0.709066 0.045590 0.034870
978 0.096719 0.233626 0.046016 0.034870
98 0.303366 0.890843 0.064764 0.035173
81 0.696208 0.167223 0.045164 0.035476
503 0.165957 0.748029 0.025991 0.035779
83 0.686195 0.412826 0.023434 0.036082
88 0.379634 0.884475 0.032382 0.036386
92 0.776097 0.167223 0.016617 0.036689
83 0.451640 0.566252 0.034938 0.036689
2305 0.380273 0.172377 0.039625 0.036689
4248 0.604389 0.698454 0.050703 0.036689
68 0.453771 0.838084 0.009374 0.036992
60 0.534086 0.325349 0.021730 0.036992
1893 0.168087 0.665252 0.047294 0.036992
126 0.172348 0.784718 0.051555 0.036992
126 0.454197 0.420861 0.051981 0.036992
1876 0.528760 0.598090 0.030677 0.037295
51 0.529825 0.171468 0.035364 0.037295
126 0.239668 0.216040 0.043034 0.037295
91 0.227524 0.712705 0.048573 0.037295
82 0.767363 0.842784 0.053686 0.037295
111 0.696847 0.201637 0.020026 0.037599
120 0.693865 0.240146 0.039625 0.037599
981 0.307627 0.208308 0.056242 0.037599
1406 0.376012 0.721801 0.039625 0.037902
119 0.532808 0.467859 0.021730 0.038205
95 0.164465 0.224682 0.044312 0.038205
366 0.613975 0.174045 0.049425 0.038205
4431 0.298892 0.694663 0.051555 0.038205
322 0.308692 0.763190 0.071155 0.038205
120 0.096506 0.582929 0.040477 0.038508
2746 0.164252 0.401607 0.060077 0.038508
3893 0.441415 0.721498 0.073285 0.038508
85 0.614188 0.426016 0.014061 0.038811
1485 0.606519 0.268951 0.047294 0.038811
322 0.685130 0.868102 0.052833 0.038811
75 0.096506 0.451789 0.055816 0.038811
81 0.453771 0.176319 0.043460 0.039115
2836 0.768641 0.334597 0.045164 0.039115
1297 0.600980 0.864918 0.045590 0.039115
71 0.242011 0.800334 0.051129 0.039115
121 0.687473 0.374773 0.027695 0.039418
76 0.234129 0.518496 0.028547 0.039418
76 0.450149 0.799424 0.026843 0.039721
2593 0.379207 0.766980 0.029825 0.039721
102 0.308479 0.464979 0.046868 0.039721
287 0.300810 0.805185 0.047720 0.039721
120 0.378994 0.307611 0.036216 0.040327
2748 0.691521 0.739388 0.042608 0.040327
2598 0.099276 0.500910 0.019599 0.040631
1115 0.378568 0.415555 0.031104 0.040934
1292 0.162122 0.493936 0.052407 0.041237
127 0.099489 0.375227 0.040477 0.041540
3338 0.690456 0.606277 0.041329 0.041540
3741 0.454836 0.323681 0.048999 0.041540
121 0.760971 0.747423 0.022156 0.041844
58 0.232424 0.597483 0.043034 0.042147
4116 0.236259 0.667677 0.032808 0.042450
282 0.766937 0.249545 0.038347 0.042450
3175 0.233277 0.176774 0.054112 0.042450
83 0.167235 0.881292 0.037069 0.042753
721 0.230720 0.469679 0.049851 0.043056
121 0.762250 0.871134 0.020452 0.043663
1352 0.170004 0.355215 0.029825 0.043966
62 0.381125 0.261674 0.045590 0.044269
3482 0.611845 0.617950 0.051129 0.044269
62 0.096932 0.541237 0.044738 0.044876
85 0.172774 0.308217 0.013208 0.045179
1126 0.767363 0.618102 0.051129 0.045179
4330 0.160844 0.830503 0.051555 0.046089
4064 0.453771 0.464827 0.052833 0.046089
3868 0.689817 0.522135 0.025565 0.046695
3901 0.165104 0.180412 0.046442 0.046695
3814 0.238389 0.264251 0.040477 0.046998
4072 0.312314 0.327623 0.037495 0.047605
2913 0.371325 0.843390 0.041329 0.048211
1834 0.237111 0.878866 0.048147 0.048211
287 0.376225 0.497726 0.044312 0.048817
1917 0.301449 0.606277 0.042182 0.050030
68 0.607584 0.795634 0.011078 0.050334
69 0.313805 0.379927 0.021730 0.050334
47 0.617384 0.537144 0.031530 0.051850
68 0.531743 0.516980 0.008522 0.052153
68 0.381125 0.220285 0.008095 0.053062
68 0.535364 0.275167 0.008095 0.053062
2191 0.463144 0.372953 0.048573 0.053366
2429 0.694291 0.465130 0.041329 0.055185
68 0.692799 0.783050 0.007669 0.056095
68 0.456114 0.520164 0.012356 0.056701
69 0.109288 0.341571 0.020878 0.056701
68 0.772689 0.494845 0.008948 0.057004
68 0.308692 0.515919 0.007243 0.057307
68 0.612910 0.374318 0.009800 0.059733
68 0.239455 0.351728 0.008522 0.066101
