200 0.511277 0.644744 0.022553 0.005385
200 0.593191 0.639487 0.026383 0.007692
200 0.665957 0.574103 0.017872 0.008205
92 0.404255 0.397692 0.021277 0.011282
92 0.326170 0.629359 0.023404 0.011538
52 0.078085 0.498846 0.040426 0.012051
101 0.485532 0.366154 0.040851 0.012308
66 0.402553 0.822179 0.022979 0.014615
81 0.741489 0.485256 0.025106 0.014615
64 0.318085 0.496667 0.022553 0.014872
113 0.741702 0.522564 0.030638 0.015897
56 0.241277 0.628974 0.042553 0.015897
72 0.402766 0.865385 0.030213 0.016410
52 0.318723 0.691667 0.044255 0.016667
495 0.481064 0.629359 0.044681 0.016667
57 0.245532 0.264872 0.023830 0.017436
88 0.647234 0.531026 0.021277 0.017949
91 0.402766 0.663333 0.028511 0.017949
64 0.730000 0.561154 0.018298 0.018205
64 0.481702 0.423333 0.014468 0.018462
91 0.485532 0.300769 0.023830 0.018462
91 0.075957 0.531026 0.027660 0.018462
495 0.564043 0.625897 0.037021 0.018462
127 0.325319 0.358846 0.041277 0.018718
28 0.241915 0.364744 0.034468 0.019231
83 0.723617 0.826538 0.034468 0.019231
83 0.560851 0.759103 0.029787 0.019744
88 0.725957 0.757051 0.039149 0.019744
127 0.406596 0.839615 0.043830 0.019744
87 0.643404 0.823846 0.034894 0.020000
83 0.241277 0.733462 0.028085 0.020256
710 0.743404 0.459359 0.033191 0.020256
598 0.400638 0.328590 0.040426 0.020256
88 0.563191 0.366154 0.021702 0.020513
91 0.318298 0.264872 0.028936 0.020513
91 0.158085 0.464359 0.031064 0.020513
65 0.402553 0.758590 0.039149 0.020769
495 0.646170 0.560641 0.049787 0.020769
120 0.484468 0.789231 0.014894 0.021026
58 0.747234 0.541282 0.015319 0.021026
62 0.747234 0.503462 0.019574 0.021282
683 0.480638 0.663077 0.045532 0.021538
74 0.562553 0.560897 0.020426 0.021795
56 0.403830 0.530769 0.034043 0.022051
127 0.406383 0.468974 0.036596 0.022564
128 0.486383 0.521923 0.011915 0.022821
87 0.156383 0.495256 0.032766 0.022821
87 0.403404 0.263974 0.034894 0.022821
109 0.645957 0.329359 0.036596 0.022821
683 0.241702 0.395769 0.052766 0.022821
91 0.319574 0.461923 0.028936 0.023333
117 0.155532 0.294615 0.022553 0.023590
58 0.644468 0.796667 0.022553 0.023590
64 0.730851 0.326923 0.024255 0.023590
98 0.320426 0.730256 0.038298 0.023590
1592 0.728511 0.857949 0.045957 0.023590
64 0.563404 0.427436 0.015319 0.024103
58 0.487021 0.893333 0.016596 0.024103
710 0.725106 0.890513 0.041702 0.024103
978 0.318298 0.830769 0.046809 0.024103
119 0.563617 0.851923 0.019149 0.024359
126 0.483830 0.599103 0.036596 0.024359
327 0.074043 0.562692 0.043404 0.024359
58 0.155957 0.402821 0.027660 0.024615
126 0.643191 0.297949 0.029362 0.024615
113 0.729362 0.694872 0.045957 0.024615
83 0.641702 0.424103 0.030638 0.025128
88 0.642766 0.725256 0.018298 0.025385
66 0.728723 0.621667 0.023404 0.025385
111 0.155957 0.264615 0.020851 0.025641
95 0.403830 0.496667 0.034043 0.025641
750 0.565532 0.264615 0.041702 0.025641
127 0.324043 0.755256 0.034468 0.025897
710 0.558936 0.792179 0.041277 0.025897
126 0.731702 0.264103 0.030213 0.026154
1113 0.239574 0.296154 0.031489 0.026154
82 0.485745 0.497179 0.043830 0.026154
126 0.241064 0.599103 0.032766 0.026410
2885 0.564043 0.694231 0.040426 0.026410
4132 0.242340 0.891410 0.043830 0.026410
122 0.242340 0.832564 0.026809 0.026667
126 0.564468 0.595385 0.030213 0.026667
119 0.400213 0.726538 0.015745 0.026923
122 0.242128 0.860385 0.034043 0.026923
113 0.729149 0.398590 0.043830 0.026923
53 0.407660 0.887436 0.016170 0.027179
107 0.403191 0.792308 0.028511 0.027179
2987 0.321702 0.297436 0.040851 0.027179
127 0.079574 0.428205 0.040851 0.027179
710 0.237447 0.762308 0.043404 0.027179
3231 0.482553 0.696154 0.037447 0.027692
107 0.320851 0.529872 0.027234 0.027949
88 0.324681 0.335256 0.028936 0.027949
699 0.320000 0.859615 0.036596 0.027949
2983 0.324043 0.890897 0.038723 0.027949
3231 0.648085 0.598590 0.043404 0.027949
68 0.644043 0.855897 0.006383 0.028205
88 0.319574 0.394615 0.028085 0.028205
70 0.562128 0.825385 0.034894 0.028205
58 0.731277 0.426538 0.024255 0.028462
1799 0.080213 0.597051 0.036170 0.028462
4727 0.400638 0.632179 0.037021 0.028462
111 0.239787 0.429231 0.025106 0.028718
2677 0.645532 0.890256 0.026383 0.028718
119 0.643191 0.396795 0.027660 0.028974
70 0.640426 0.667051 0.032340 0.028974
108 0.565745 0.535256 0.032766 0.028974
1723 0.643617 0.463718 0.046383 0.028974
836 0.562340 0.297564 0.042128 0.029487
92 0.076809 0.399487 0.025106 0.029744
89 0.729787 0.656154 0.034894 0.029744
77 0.414043 0.557308 0.031489 0.030000
4451 0.324255 0.600128 0.049362 0.030000
57 0.736596 0.593590 0.031489 0.030256
47 0.482766 0.729103 0.016596 0.030513
120 0.641915 0.697051 0.017447 0.030513
2677 0.244681 0.495769 0.029787 0.030513
4646 0.644894 0.265513 0.034468 0.030513
70 0.729787 0.299615 0.035745 0.030513
4185 0.645106 0.495513 0.051064 0.030513
4646 0.480851 0.267949 0.027234 0.030769
70 0.396596 0.697436 0.037447 0.030769
70 0.478298 0.763077 0.037447 0.030769
53 0.730213 0.722949 0.013617 0.031026
68 0.645532 0.361538 0.005957 0.031282
2197 0.566383 0.334103 0.040000 0.031282
122 0.245319 0.459615 0.028511 0.031538
3014 0.560638 0.497051 0.046383 0.031538
119 0.153617 0.532821 0.035745 0.031795
47 0.644255 0.628590 0.017872 0.032051
67 0.246596 0.533205 0.034468 0.032051
3513 0.403617 0.363846 0.041277 0.032308
63 0.248936 0.565769 0.030638 0.032564
3346 0.403617 0.598462 0.039574 0.032821
2426 0.724255 0.792051 0.050213 0.032821
88 0.484468 0.816667 0.021702 0.033333
2197 0.482553 0.565769 0.032340 0.033590
268 0.481702 0.335513 0.034894 0.033590
2429 0.557021 0.661923 0.037447 0.033590
68 0.240426 0.333846 0.008511 0.033846
111 0.162128 0.436795 0.025532 0.034103
4646 0.074255 0.363718 0.041277 0.034103
68 0.402553 0.298462 0.007660 0.034359
70 0.481702 0.396667 0.024681 0.034359
70 0.561489 0.397949 0.039574 0.034359
68 0.563830 0.727821 0.008511 0.034615
60 0.320638 0.426282 0.016596 0.034615
51 0.484255 0.863718 0.036596 0.034615
68 0.564894 0.886282 0.008936 0.035128
47 0.321064 0.795769 0.025106 0.035128
51 0.642766 0.766795 0.031064 0.035641
68 0.563617 0.457692 0.009787 0.035897
70 0.321277 0.665128 0.021277 0.035897
122 0.155745 0.325769 0.034043 0.038205
78 0.402340 0.438205 0.025957 0.038462
85 0.244468 0.799744 0.036170 0.038462
127 0.247447 0.657179 0.039574 0.040000
103 0.082340 0.472436 0.044681 0.040256
68 0.729787 0.359744 0.009362 0.041538
68 0.155532 0.368974 0.012340 0.042564
68 0.241277 0.701538 0.014468 0.043077
48 0.327660 0.564359 0.037447 0.046667
68 0.483191 0.456923 0.010638 0.048205
