101 0.707085 0.592340 0.055159 0.009737
297 0.778412 0.563129 0.045649 0.014281
101 0.844270 0.305583 0.055635 0.016553
92 0.223015 0.809153 0.035188 0.018176
102 0.570376 0.281402 0.052782 0.018176
66 0.497860 0.761603 0.029482 0.018500
52 0.843795 0.288056 0.037565 0.018500
101 0.296481 0.909445 0.059439 0.018825
52 0.429387 0.418371 0.035188 0.019474
92 0.428911 0.474197 0.037090 0.019474
52 0.493343 0.681435 0.039467 0.019799
56 0.289111 0.604025 0.023776 0.020123
52 0.084879 0.556962 0.043272 0.020123
93 0.157156 0.856378 0.046125 0.020448
57 0.092962 0.785784 0.029006 0.020772
56 0.429862 0.835768 0.038992 0.021422
93 0.782216 0.183057 0.052306 0.021422
56 0.433666 0.256248 0.019020 0.021746
126 0.706847 0.529860 0.043272 0.021746
120 0.223728 0.145407 0.014741 0.022071
76 0.567047 0.602077 0.030908 0.022071
55 0.500951 0.160013 0.042320 0.022071
113 0.361151 0.908796 0.043272 0.022071
67 0.157394 0.798442 0.044698 0.022071
126 0.359486 0.651087 0.049453 0.022071
87 0.434379 0.851834 0.027104 0.022395
87 0.775321 0.458455 0.031859 0.022395
120 0.436044 0.687115 0.018069 0.022720
52 0.219448 0.831224 0.042320 0.022720
126 0.635996 0.311587 0.045174 0.022720
52 0.222064 0.757709 0.037090 0.023044
259 0.430813 0.494482 0.043747 0.023044
259 0.157632 0.577572 0.059439 0.023044
85 0.088683 0.883804 0.013790 0.023369
92 0.154779 0.486855 0.038516 0.023369
66 0.148122 0.223466 0.033761 0.023694
4121 0.639800 0.873580 0.044223 0.023694
55 0.500000 0.536676 0.045174 0.023694
120 0.768664 0.794872 0.015692 0.024018
128 0.163338 0.906199 0.015692 0.024018
91 0.428673 0.521908 0.033761 0.024018
64 0.842368 0.645732 0.022349 0.024343
87 0.153115 0.171535 0.034237 0.024343
3053 0.090347 0.444174 0.036139 0.024343
56 0.222777 0.202045 0.043272 0.024343
126 0.152164 0.348750 0.047551 0.024343
87 0.570138 0.528724 0.033286 0.024667
3053 0.850927 0.176891 0.033761 0.024667
126 0.220637 0.680623 0.044698 0.024667
1415 0.365430 0.299903 0.048027 0.024667
129 0.645269 0.525316 0.024727 0.024992
76 0.432002 0.191659 0.029006 0.024992
87 0.291488 0.189387 0.030433 0.024992
87 0.363053 0.327978 0.033761 0.024992
52 0.496909 0.871633 0.039943 0.024992
2151 0.636947 0.847614 0.044223 0.024992
105 0.505706 0.565239 0.048978 0.024992
120 0.361864 0.718273 0.019020 0.025316
57 0.638849 0.593476 0.033761 0.025641
56 0.153828 0.706426 0.045174 0.025641
60 0.774608 0.482636 0.014265 0.025966
87 0.222777 0.709185 0.031859 0.025966
57 0.091536 0.531321 0.033761 0.025966
72 0.566809 0.500811 0.038992 0.025966
2151 0.775321 0.540734 0.041369 0.025966
56 0.704470 0.788705 0.044223 0.025966
56 0.840704 0.588770 0.046600 0.025966
98 0.847599 0.202207 0.052782 0.025966
88 0.429624 0.593152 0.013790 0.026290
62 0.360200 0.353619 0.021398 0.026290
91 0.085354 0.339338 0.038516 0.026290
91 0.779363 0.234177 0.038992 0.026290
1415 0.296006 0.264687 0.047076 0.026290
91 0.642653 0.903440 0.060390 0.026290
108 0.635758 0.712756 0.013314 0.026615
120 0.365668 0.272639 0.017118 0.026615
88 0.849501 0.405063 0.020447 0.026615
126 0.363766 0.163583 0.047551 0.026615
111 0.637423 0.339662 0.020447 0.026939
51 0.433191 0.757059 0.034237 0.026939
124 0.773657 0.742129 0.036139 0.026939
56 0.710651 0.217786 0.023300 0.027264
56 0.845934 0.231418 0.023776 0.027264
76 0.768902 0.769231 0.029482 0.027264
110 0.288635 0.714054 0.032335 0.027264
91 0.635996 0.685816 0.040418 0.027264
126 0.500476 0.475170 0.046125 0.027264
126 0.288398 0.388835 0.047076 0.027264
89 0.295292 0.239533 0.048502 0.027264
88 0.844508 0.906037 0.018069 0.027588
88 0.845221 0.677540 0.023300 0.027588
95 0.571802 0.577248 0.044223 0.027588
56 0.287447 0.632100 0.044223 0.027588
126 0.702568 0.753489 0.046125 0.027588
117 0.294817 0.294710 0.019971 0.027913
119 0.436044 0.784161 0.019971 0.027913
81 0.086068 0.909445 0.045649 0.027913
2489 0.778887 0.204479 0.047551 0.027913
119 0.228959 0.228335 0.017594 0.028238
88 0.714931 0.159202 0.021398 0.028238
51 0.634807 0.768095 0.040894 0.028238
77 0.228008 0.387050 0.045174 0.028238
1821 0.780314 0.117657 0.047551 0.028238
109 0.776985 0.649951 0.049453 0.028238
98 0.638374 0.150114 0.049929 0.028238
1415 0.156205 0.456183 0.049929 0.028238
88 0.220875 0.415450 0.012839 0.028562
119 0.432002 0.281402 0.018545 0.028562
51 0.357347 0.790652 0.039467 0.028562
62 0.498811 0.738072 0.041845 0.028562
126 0.570138 0.193768 0.042796 0.028562
1415 0.503329 0.443363 0.045174 0.028562
109 0.713505 0.188900 0.046125 0.028562
74 0.221826 0.258520 0.025202 0.028887
57 0.782929 0.302661 0.030908 0.028887
83 0.289824 0.492535 0.031859 0.028887
1083 0.092487 0.757384 0.034712 0.028887
110 0.569900 0.437358 0.035663 0.028887
1406 0.638374 0.615547 0.038516 0.028887
88 0.150499 0.642324 0.013790 0.029211
1083 0.773419 0.860435 0.030908 0.029211
51 0.220875 0.119766 0.037565 0.029211
95 0.774132 0.708861 0.041845 0.029211
60 0.840466 0.737910 0.019496 0.029536
92 0.085830 0.471762 0.020447 0.029536
88 0.846172 0.557773 0.021398 0.029536
74 0.499524 0.617170 0.029957 0.029536
1406 0.503091 0.416261 0.036139 0.029536
115 0.839515 0.708374 0.045174 0.029536
118 0.432715 0.877313 0.016167 0.029860
88 0.709225 0.464784 0.020447 0.029860
92 0.084165 0.608244 0.024727 0.029860
88 0.088445 0.120740 0.025678 0.029860
126 0.841179 0.819864 0.034237 0.029860
95 0.850927 0.149302 0.038516 0.029860
51 0.087019 0.153197 0.039943 0.029860
316 0.428911 0.812723 0.056110 0.029860
53 0.434855 0.163746 0.019496 0.030185
118 0.289111 0.217624 0.019971 0.030185
56 0.773419 0.679163 0.020447 0.030185
111 0.434142 0.621389 0.020922 0.030185
126 0.225630 0.361733 0.044223 0.030185
98 0.291964 0.466245 0.045649 0.030185
98 0.221350 0.784323 0.048027 0.030185
75 0.772230 0.619929 0.027580 0.030510
95 0.710889 0.246673 0.039943 0.030510
81 0.152639 0.119117 0.041845 0.030510
119 0.084879 0.183544 0.023300 0.030834
111 0.773419 0.428595 0.026153 0.030834
111 0.570376 0.223466 0.027104 0.030834
86 0.370899 0.414314 0.028531 0.030834
66 0.295292 0.884615 0.029482 0.030834
3053 0.640989 0.120578 0.033286 0.030834
83 0.637185 0.368549 0.034237 0.030834
95 0.634094 0.434761 0.037565 0.030834
2151 0.085592 0.686628 0.041845 0.030834
95 0.086781 0.856702 0.042320 0.030834
71 0.439372 0.904739 0.050404 0.030834
85 0.223728 0.851022 0.014741 0.031159
85 0.706847 0.645245 0.015692 0.031159
85 0.848787 0.260630 0.016167 0.031159
111 0.150975 0.672509 0.023300 0.031159
76 0.085354 0.577735 0.029957 0.031159
83 0.361864 0.591042 0.030433 0.031159
3053 0.640038 0.464784 0.037090 0.031159
2151 0.635996 0.173320 0.042320 0.031159
2151 0.224679 0.477767 0.043272 0.031159
91 0.709463 0.382343 0.054208 0.031159
127 0.228008 0.737747 0.055635 0.031159
119 0.362577 0.559721 0.018545 0.031483
83 0.564670 0.303635 0.033761 0.031483
87 0.501427 0.504544 0.040418 0.031483
109 0.226343 0.874229 0.052306 0.031483
85 0.497147 0.650114 0.019496 0.031808
688 0.365430 0.528400 0.034712 0.031808
70 0.572753 0.256410 0.036614 0.031808
95 0.706134 0.900682 0.039943 0.031808
105 0.506657 0.185654 0.046125 0.031808
1560 0.294341 0.359299 0.047551 0.031808
98 0.155254 0.429731 0.051831 0.031808
53 0.564670 0.841123 0.017594 0.032132
119 0.153590 0.198150 0.023776 0.032132
111 0.223252 0.444499 0.026153 0.032132
739 0.151213 0.318241 0.039943 0.032132
83 0.706372 0.676891 0.040418 0.032132
321 0.640751 0.281564 0.057537 0.032132
92 0.635758 0.496592 0.021874 0.032457
92 0.153115 0.510549 0.023776 0.032457
83 0.774608 0.512821 0.038992 0.032457
95 0.220637 0.648491 0.039943 0.032457
739 0.566572 0.699448 0.045174 0.032457
98 0.428198 0.444336 0.047076 0.032457
98 0.500951 0.900357 0.053733 0.032457
121 0.573466 0.868225 0.058963 0.032457
316 0.365906 0.623012 0.053733 0.032782
118 0.562767 0.665368 0.018545 0.033106
58 0.433428 0.312885 0.045174 0.033106
58 0.503566 0.390458 0.045649 0.033106
121 0.159058 0.826031 0.057537 0.033106
111 0.362815 0.446446 0.026629 0.033431
110 0.224441 0.289354 0.034237 0.033431
120 0.293628 0.851834 0.041369 0.033431
1446 0.224917 0.509413 0.042796 0.033431
88 0.224204 0.172833 0.044223 0.033431
88 0.636472 0.745375 0.050880 0.033431
118 0.290300 0.654008 0.017594 0.033755
76 0.153115 0.543655 0.027580 0.033755
83 0.498573 0.233366 0.034712 0.033755
83 0.709938 0.275884 0.038041 0.033755
1136 0.770566 0.827329 0.038516 0.033755
83 0.495007 0.837715 0.039943 0.033755
2499 0.844983 0.120415 0.047551 0.033755
64 0.154779 0.881694 0.042320 0.034080
126 0.564670 0.814833 0.048027 0.034080
121 0.152639 0.252353 0.055159 0.034080
366 0.703519 0.354430 0.044223 0.034404
127 0.573942 0.553716 0.062767 0.034404
75 0.439848 0.124148 0.037090 0.034729
85 0.497147 0.704317 0.017594 0.035054
3735 0.571327 0.470302 0.037565 0.035054
316 0.087732 0.256410 0.042320 0.035054
1560 0.708274 0.497241 0.050880 0.035054
68 0.777936 0.330574 0.007608 0.035378
119 0.293866 0.326355 0.020922 0.035378
86 0.159534 0.280915 0.030908 0.035378
58 0.780552 0.361409 0.047076 0.035378
60 0.226106 0.903603 0.015692 0.035703
111 0.639563 0.244401 0.023776 0.035703
70 0.564670 0.630964 0.032810 0.035703
70 0.363528 0.241480 0.034712 0.035703
1870 0.846885 0.373905 0.053257 0.035703
316 0.567998 0.123499 0.046125 0.036027
4503 0.780076 0.265336 0.054684 0.036027
1740 0.559677 0.779130 0.055159 0.036027
68 0.239182 0.540734 0.008559 0.036352
118 0.637898 0.800389 0.016643 0.036352
92 0.154066 0.735151 0.022825 0.036352
726 0.632668 0.561831 0.039467 0.036352
53 0.499762 0.789192 0.015216 0.036676
118 0.152877 0.771827 0.018545 0.037001
70 0.288873 0.816618 0.033761 0.037001
83 0.433191 0.222330 0.036139 0.037001
4328 0.709225 0.123661 0.050880 0.037001
316 0.156443 0.611327 0.053257 0.037326
121 0.365668 0.385427 0.058963 0.037326
3192 0.432715 0.656605 0.036139 0.037650
62 0.153590 0.143784 0.039943 0.037650
126 0.292677 0.746511 0.044223 0.037650
921 0.633143 0.400519 0.045174 0.037650
58 0.291964 0.689711 0.047551 0.037650
316 0.778887 0.590393 0.055159 0.037650
68 0.577271 0.373905 0.008559 0.038299
68 0.513552 0.587796 0.009510 0.038299
119 0.359249 0.824083 0.024251 0.038299
71 0.848074 0.481337 0.036614 0.038299
3735 0.292202 0.782538 0.042320 0.038299
1123 0.365668 0.202207 0.043747 0.038299
1659 0.704470 0.565401 0.048027 0.038299
85 0.501664 0.124473 0.019971 0.038624
4429 0.842844 0.521097 0.050880 0.038624
1399 0.501427 0.270691 0.044223 0.038948
86 0.846885 0.332197 0.025678 0.039273
58 0.568474 0.403278 0.030908 0.039273
1136 0.088445 0.720058 0.038992 0.039273
921 0.217784 0.612626 0.046600 0.039273
316 0.704945 0.714865 0.052782 0.039273
1502 0.361151 0.753327 0.041369 0.039598
2144 0.084403 0.372282 0.045174 0.039598
3545 0.362577 0.124959 0.048978 0.039598
83 0.084165 0.218922 0.019020 0.039922
3884 0.564432 0.739533 0.031384 0.039922
76 0.702092 0.823596 0.031859 0.039922
3830 0.426296 0.557124 0.048978 0.039922
58 0.087019 0.408309 0.024727 0.040247
3754 0.221826 0.326517 0.043272 0.040247
58 0.223728 0.569133 0.027104 0.040571
3354 0.569425 0.340636 0.045174 0.040571
68 0.568236 0.897923 0.010461 0.041220
118 0.703519 0.864167 0.013790 0.041220
453 0.362102 0.685005 0.048978 0.041220
68 0.515454 0.210321 0.009510 0.041545
316 0.293866 0.160662 0.054208 0.041545
127 0.710176 0.617981 0.055635 0.041545
68 0.855682 0.612626 0.009035 0.041870
121 0.781978 0.147192 0.038516 0.041870
726 0.702568 0.317267 0.042320 0.041870
4397 0.776985 0.394352 0.027580 0.042194
127 0.091060 0.503895 0.057537 0.042519
68 0.500238 0.356702 0.011412 0.042843
69 0.632905 0.812399 0.040894 0.042843
4328 0.430338 0.386563 0.051355 0.042843
3871 0.772706 0.896949 0.037090 0.043168
1396 0.639087 0.206264 0.048502 0.043168
1316 0.295768 0.571892 0.048502 0.043492
1575 0.837851 0.782214 0.036139 0.044142
753 0.091536 0.821162 0.054684 0.044142
3984 0.633143 0.651736 0.030908 0.044791
1304 0.291964 0.527264 0.037090 0.045115
3545 0.364004 0.489938 0.054684 0.045115
3126 0.289824 0.428757 0.044223 0.045440
3192 0.842844 0.442389 0.037565 0.046089
3871 0.432477 0.347290 0.030908 0.046738
69 0.493581 0.794223 0.049453 0.048036
1517 0.154779 0.388673 0.052782 0.050308
47 0.575844 0.157254 0.046600 0.052256
4373 0.840228 0.866602 0.049453 0.053229
85 0.358298 0.870172 0.030908 0.053879
68 0.089396 0.647517 0.013314 0.054528
3861 0.706610 0.422590 0.046600 0.054528
47 0.087732 0.297793 0.034712 0.056800
47 0.503804 0.315807 0.035663 0.057124
