246 0.564320 0.264311 0.047087 0.006857
246 0.570631 0.665772 0.047087 0.007752
169 0.370874 0.792188 0.027184 0.011330
205 0.376456 0.774150 0.046117 0.014013
52 0.353398 0.903548 0.041748 0.014609
92 0.787379 0.322302 0.037864 0.016100
92 0.135437 0.620453 0.039806 0.016100
1263 0.725485 0.297406 0.029612 0.016995
83 0.564563 0.501342 0.038835 0.016995
52 0.571845 0.870751 0.040777 0.017591
92 0.345146 0.225104 0.041748 0.017889
57 0.246359 0.430382 0.032524 0.018187
56 0.789320 0.381336 0.020388 0.018485
57 0.900000 0.166070 0.039806 0.018485
57 0.905340 0.696035 0.038835 0.018784
83 0.791019 0.587955 0.037379 0.019082
1406 0.240291 0.331544 0.040777 0.019082
65 0.678155 0.123733 0.047573 0.019082
91 0.136165 0.866577 0.045146 0.019380
57 0.460437 0.220632 0.036408 0.019678
93 0.247573 0.711389 0.049515 0.019678
52 0.888350 0.209451 0.041748 0.019976
52 0.671602 0.177847 0.044175 0.019976
65 0.247816 0.526088 0.050971 0.019976
92 0.130340 0.441860 0.036408 0.020274
57 0.144903 0.741205 0.038350 0.020274
91 0.785437 0.250745 0.040777 0.020274
55 0.462864 0.652952 0.052913 0.020274
126 0.891748 0.266398 0.041748 0.020572
84 0.239078 0.279815 0.049029 0.020572
68 0.794660 0.567979 0.015534 0.020871
57 0.356311 0.456172 0.036893 0.020871
85 0.463107 0.581097 0.038835 0.020871
52 0.461165 0.606142 0.038835 0.020871
1406 0.573544 0.643113 0.045146 0.020871
1214 0.241748 0.772212 0.049515 0.020871
55 0.352670 0.816339 0.055825 0.020871
64 0.457524 0.374329 0.035437 0.021169
84 0.466990 0.755069 0.053398 0.021169
118 0.689806 0.830352 0.017476 0.021467
66 0.681796 0.534287 0.024757 0.021467
66 0.892961 0.370006 0.029612 0.021467
55 0.457767 0.346452 0.053398 0.021467
65 0.470388 0.781753 0.053398 0.021467
162 0.252184 0.608974 0.025728 0.021765
83 0.780097 0.163834 0.035922 0.021765
98 0.461165 0.627460 0.055340 0.021765
55 0.240777 0.454979 0.049515 0.022063
251 0.136165 0.767442 0.051942 0.022063
113 0.244417 0.661598 0.056796 0.022063
84 0.246359 0.800388 0.047087 0.022361
126 0.560437 0.128056 0.050000 0.022361
55 0.574515 0.758646 0.052913 0.022361
56 0.893689 0.417710 0.018447 0.022660
88 0.124272 0.249851 0.032039 0.022660
91 0.128398 0.324985 0.039320 0.022660
85 0.575000 0.613447 0.020874 0.022958
85 0.569417 0.358825 0.034951 0.022958
52 0.465049 0.832588 0.040777 0.022958
52 0.792233 0.776237 0.046602 0.022958
65 0.251214 0.828116 0.047087 0.022958
119 0.571602 0.381932 0.021845 0.023256
88 0.345146 0.336017 0.034951 0.023256
55 0.131068 0.353906 0.049515 0.023256
120 0.793932 0.752982 0.020874 0.023554
107 0.792718 0.545766 0.031068 0.023554
91 0.136408 0.674568 0.037864 0.023554
91 0.794175 0.695140 0.038835 0.023554
55 0.566990 0.335569 0.057282 0.023554
4028 0.280583 0.203936 0.033010 0.023852
76 0.886165 0.187239 0.033495 0.023852
81 0.570631 0.478831 0.047087 0.023852
1002 0.131553 0.646392 0.059223 0.023852
107 0.898786 0.575880 0.032524 0.024150
66 0.567961 0.849881 0.033981 0.024150
88 0.455097 0.318575 0.039320 0.024150
84 0.134951 0.419648 0.052427 0.024150
55 0.683495 0.590489 0.057282 0.024150
127 0.694417 0.557096 0.062621 0.024150
185 0.365049 0.748360 0.031068 0.024448
86 0.350243 0.169946 0.041262 0.024448
83 0.346359 0.537269 0.042233 0.024448
76 0.681553 0.807245 0.035922 0.024747
66 0.451214 0.165474 0.022816 0.025045
107 0.574757 0.892069 0.030097 0.025045
107 0.899029 0.392964 0.051456 0.025045
118 0.465534 0.528473 0.030097 0.025343
111 0.787379 0.187388 0.032039 0.025343
67 0.251214 0.548748 0.050000 0.025343
68 0.356553 0.883423 0.023786 0.025641
111 0.136650 0.593321 0.033495 0.025641
2320 0.687136 0.896989 0.053883 0.025939
55 0.456311 0.249106 0.057282 0.025939
66 0.678155 0.430829 0.029126 0.026237
96 0.903398 0.751044 0.051456 0.026237
902 0.573544 0.792785 0.064563 0.026237
60 0.354854 0.511777 0.019417 0.026535
117 0.351214 0.718992 0.030583 0.026535
107 0.354126 0.659362 0.033495 0.026535
81 0.686650 0.778623 0.045146 0.026535
77 0.236893 0.175462 0.047573 0.026535
55 0.898058 0.469439 0.057282 0.026535
119 0.356068 0.631485 0.023786 0.026834
117 0.668932 0.272809 0.033010 0.026834
769 0.896845 0.237925 0.047087 0.026834
118 0.895631 0.442606 0.026214 0.027132
111 0.343932 0.195736 0.028641 0.027132
119 0.134223 0.498658 0.030583 0.027132
76 0.894903 0.626267 0.032524 0.027132
87 0.574029 0.824240 0.037379 0.027132
91 0.678641 0.360614 0.046602 0.027132
88 0.573544 0.726893 0.029612 0.027430
45 0.691262 0.309779 0.033981 0.027430
51 0.135194 0.471377 0.046117 0.027430
754 0.466262 0.725999 0.059709 0.027430
88 0.566990 0.233900 0.037864 0.027728
107 0.455097 0.192457 0.043204 0.027728
121 0.258010 0.686494 0.081068 0.027728
67 0.253398 0.861956 0.042718 0.028026
750 0.795146 0.663983 0.058252 0.028026
68 0.244660 0.636106 0.008738 0.028324
74 0.677427 0.332886 0.029612 0.028324
111 0.239806 0.304264 0.033010 0.028324
101 0.684951 0.517740 0.066990 0.028324
67 0.472816 0.806798 0.049515 0.028623
52 0.247330 0.890429 0.040291 0.028921
1799 0.894903 0.298599 0.050971 0.028921
107 0.673058 0.204234 0.030583 0.029219
67 0.681796 0.153250 0.044175 0.029219
121 0.693932 0.666965 0.073301 0.029219
107 0.126456 0.138193 0.029612 0.029517
70 0.464806 0.894007 0.036408 0.029517
89 0.459466 0.555903 0.048058 0.029517
4412 0.242233 0.402654 0.056311 0.029517
119 0.459709 0.432021 0.033010 0.029815
107 0.680825 0.488670 0.036408 0.029815
86 0.140534 0.565593 0.044175 0.029815
45 0.244660 0.216458 0.045631 0.029815
87 0.347087 0.483602 0.052427 0.029815
1302 0.452913 0.132379 0.055340 0.029815
749 0.466990 0.687984 0.054369 0.030113
316 0.136408 0.799195 0.066019 0.030113
68 0.901942 0.598241 0.013592 0.030710
366 0.786165 0.353757 0.054854 0.030710
123 0.792718 0.725701 0.030097 0.031008
2218 0.246117 0.742993 0.049515 0.031008
1489 0.236650 0.365236 0.050971 0.031008
107 0.465534 0.863596 0.026214 0.031306
68 0.574029 0.894007 0.055825 0.031306
76 0.897573 0.727042 0.029126 0.031902
121 0.790777 0.513566 0.041748 0.031902
1083 0.783252 0.220185 0.052913 0.031902
118 0.248301 0.577519 0.023786 0.032200
107 0.460922 0.401014 0.028641 0.032200
1083 0.138835 0.895051 0.051456 0.032200
3220 0.567233 0.537865 0.056796 0.032200
66 0.459466 0.499404 0.028641 0.032797
107 0.351214 0.601371 0.032524 0.032797
55 0.682767 0.463178 0.051942 0.033095
1083 0.128398 0.385957 0.052913 0.033095
69 0.805340 0.449612 0.033010 0.033393
87 0.567718 0.411747 0.035437 0.033393
64 0.350000 0.567979 0.044660 0.033989
2820 0.341748 0.135361 0.061165 0.033989
564 0.562864 0.202892 0.053883 0.034287
118 0.793204 0.483602 0.033010 0.034586
87 0.459951 0.465713 0.036408 0.034586
1083 0.136165 0.709302 0.051942 0.034586
70 0.353883 0.690072 0.044660 0.034884
1083 0.347330 0.372689 0.046117 0.035182
91 0.796359 0.847197 0.043204 0.035480
2820 0.133010 0.532946 0.056311 0.035480
1411 0.566505 0.161449 0.057282 0.035480
70 0.127913 0.170841 0.034466 0.035778
2599 0.134466 0.832439 0.039806 0.035778
1880 0.889320 0.134914 0.047573 0.036076
3286 0.785437 0.131038 0.050485 0.036076
3674 0.573544 0.579457 0.057767 0.036076
433 0.572573 0.694991 0.055825 0.036374
2598 0.899272 0.546064 0.028641 0.036673
111 0.795631 0.810972 0.026214 0.036971
2507 0.242718 0.490459 0.056311 0.036971
491 0.348786 0.255963 0.050000 0.037269
2820 0.897087 0.663387 0.053398 0.037567
1984 0.788592 0.415027 0.054854 0.037567
2161 0.130825 0.212731 0.052913 0.037865
289 0.461893 0.283989 0.060680 0.037865
87 0.686893 0.707215 0.036893 0.038163
70 0.568447 0.447674 0.033010 0.038462
70 0.685194 0.745826 0.033495 0.039058
3747 0.346845 0.296810 0.039320 0.039058
2599 0.124515 0.288462 0.040291 0.039058
2916 0.673301 0.398181 0.053398 0.039058
420 0.896845 0.508050 0.061650 0.039356
70 0.674757 0.238670 0.033010 0.039654
126 0.909223 0.883274 0.037864 0.039654
1920 0.567233 0.296512 0.046117 0.039654
2591 0.683495 0.863596 0.051456 0.039654
296 0.234951 0.141473 0.036893 0.041443
981 0.236408 0.250000 0.055340 0.041443
3152 0.355340 0.848688 0.046602 0.042636
84 0.804854 0.887150 0.043689 0.043232
3215 0.348544 0.418306 0.037864 0.044126
2591 0.787379 0.287418 0.045631 0.045319
48 0.905825 0.331395 0.038835 0.046213
2191 0.789320 0.626714 0.047573 0.046512
2591 0.681311 0.627460 0.048058 0.049791
47 0.912379 0.780561 0.033495 0.051878
2591 0.902184 0.836762 0.042233 0.052177
