205 0.425373 0.226072 0.025871 0.009633
128 0.432338 0.370883 0.007960 0.010876
182 0.423134 0.214264 0.036318 0.010876
81 0.526368 0.500466 0.039801 0.010876
56 0.392537 0.292107 0.013930 0.011187
146 0.300498 0.193599 0.029851 0.011187
200 0.876866 0.194220 0.020398 0.012430
88 0.392040 0.320075 0.032836 0.012430
57 0.650746 0.856122 0.032836 0.012430
698 0.391542 0.412834 0.027861 0.012741
156 0.873881 0.182101 0.023383 0.013052
173 0.872886 0.373835 0.032338 0.013052
200 0.649751 0.774549 0.009950 0.013362
200 0.299005 0.208981 0.014925 0.013362
101 0.522886 0.601461 0.059701 0.014605
56 0.431592 0.443754 0.018408 0.014916
81 0.172886 0.157551 0.032338 0.014916
209 0.652736 0.136886 0.013930 0.015227
91 0.430100 0.338564 0.028358 0.015227
203 0.421642 0.197794 0.031343 0.015227
52 0.870149 0.868086 0.043781 0.015227
302 0.429602 0.276569 0.039303 0.015538
91 0.409950 0.820696 0.041791 0.015538
95 0.393035 0.305935 0.027861 0.015848
92 0.869900 0.693132 0.040299 0.015848
92 0.292040 0.376787 0.046766 0.015848
156 0.768905 0.298011 0.024378 0.016159
95 0.427363 0.881293 0.028856 0.016159
92 0.758706 0.626787 0.043781 0.016159
26 0.408209 0.254195 0.067164 0.016159
76 0.393781 0.358763 0.026368 0.016470
188 0.531592 0.420603 0.033333 0.016470
162 0.887065 0.713797 0.024876 0.016781
65 0.311194 0.157551 0.030348 0.016781
193 0.874627 0.753263 0.038806 0.016781
92 0.868905 0.885954 0.046269 0.016781
119 0.395274 0.375544 0.017413 0.017091
135 0.071393 0.553294 0.023383 0.017091
52 0.643781 0.659727 0.043781 0.017402
56 0.396517 0.428372 0.016915 0.017713
193 0.652736 0.587477 0.033831 0.017713
64 0.873134 0.261498 0.034826 0.017713
118 0.432587 0.459602 0.013433 0.018024
166 0.889303 0.151647 0.016418 0.018024
52 0.426617 0.864201 0.028358 0.018024
109 0.391294 0.276259 0.034328 0.018024
92 0.176368 0.848042 0.043284 0.018024
92 0.871393 0.823182 0.045274 0.018024
167 0.651741 0.756837 0.020896 0.018334
57 0.529104 0.327067 0.035323 0.018334
56 0.431095 0.356277 0.035323 0.018334
52 0.758458 0.606743 0.048259 0.018334
166 0.429353 0.840584 0.017910 0.018645
168 0.307463 0.582660 0.028856 0.018645
252 0.274129 0.143567 0.029851 0.018645
101 0.646766 0.551896 0.056716 0.018645
56 0.759453 0.232909 0.019403 0.018956
66 0.429104 0.389528 0.023383 0.018956
2325 0.691542 0.733530 0.034826 0.018956
92 0.756965 0.564481 0.041294 0.018956
52 0.869652 0.674177 0.048756 0.018956
98 0.756219 0.461622 0.054726 0.018956
56 0.057463 0.628651 0.021393 0.019267
132 0.657463 0.121815 0.027363 0.019267
57 0.413930 0.530764 0.030846 0.019267
101 0.753980 0.755749 0.054229 0.019267
120 0.057214 0.604879 0.021891 0.019577
57 0.294527 0.693132 0.029851 0.019577
4253 0.391294 0.393878 0.031343 0.019577
192 0.065920 0.532474 0.031343 0.019577
980 0.806965 0.172933 0.034826 0.019577
52 0.758458 0.442356 0.041294 0.019577
84 0.525373 0.809043 0.051741 0.019577
52 0.640796 0.366998 0.043781 0.019888
101 0.165423 0.266314 0.050249 0.019888
113 0.524876 0.183033 0.058706 0.019888
166 0.775373 0.646209 0.022388 0.020199
132 0.534577 0.441734 0.025373 0.020199
193 0.771891 0.333282 0.026368 0.020199
81 0.164925 0.393878 0.041294 0.020199
88 0.056965 0.751554 0.042289 0.020199
92 0.406965 0.621970 0.044776 0.020199
56 0.058458 0.157551 0.021393 0.020510
509 0.430348 0.426663 0.026866 0.020510
168 0.191294 0.865134 0.030348 0.020510
192 0.062438 0.409571 0.036318 0.020510
83 0.170398 0.705718 0.036318 0.020510
84 0.871891 0.805158 0.037313 0.020510
52 0.759204 0.899006 0.047761 0.020510
56 0.290050 0.839497 0.019900 0.020820
120 0.173881 0.572250 0.022388 0.020820
120 0.524378 0.384245 0.023881 0.020820
642 0.429602 0.295370 0.029353 0.020820
57 0.879851 0.283561 0.034328 0.020820
52 0.408955 0.174798 0.049751 0.020820
119 0.277612 0.162213 0.017910 0.021131
58 0.394527 0.339341 0.023881 0.021131
92 0.302985 0.120261 0.026866 0.021131
980 0.569652 0.251709 0.034826 0.021131
92 0.870647 0.629894 0.042786 0.021131
57 0.400746 0.866843 0.020398 0.021442
60 0.057711 0.323648 0.020896 0.021442
120 0.055721 0.483996 0.023881 0.021442
107 0.431841 0.409105 0.029851 0.021442
81 0.528109 0.901025 0.043284 0.021442
88 0.868657 0.456339 0.046766 0.021442
56 0.055224 0.509012 0.021891 0.021753
56 0.174378 0.522996 0.025373 0.021753
2325 0.581841 0.403978 0.034328 0.021753
91 0.169154 0.468303 0.034826 0.021753
52 0.644030 0.200124 0.042289 0.021753
55 0.407214 0.477315 0.051244 0.021753
84 0.866418 0.610472 0.046269 0.022063
55 0.754975 0.773306 0.052239 0.022063
120 0.411194 0.798322 0.024378 0.022374
87 0.428109 0.902113 0.026368 0.022374
126 0.273383 0.122126 0.028358 0.022374
485 0.702736 0.569608 0.033333 0.022374
56 0.167910 0.174487 0.018408 0.022685
55 0.168408 0.447483 0.053234 0.022996
251 0.060945 0.850839 0.056219 0.022996
45 0.648259 0.574891 0.064677 0.022996
118 0.399005 0.447949 0.015920 0.023306
135 0.067662 0.432101 0.024876 0.023306
83 0.525871 0.158328 0.039801 0.023306
83 0.162438 0.419360 0.041294 0.023306
485 0.814677 0.284027 0.029353 0.023617
120 0.292289 0.560597 0.030348 0.023617
368 0.428358 0.317589 0.033831 0.023617
57 0.533582 0.709136 0.035323 0.023617
66 0.164925 0.349130 0.032338 0.023928
83 0.289801 0.895432 0.033333 0.023928
83 0.284826 0.494873 0.036318 0.023928
68 0.291045 0.815879 0.045771 0.023928
55 0.525871 0.852548 0.051741 0.023928
45 0.646766 0.746582 0.062687 0.023928
164 0.874876 0.392480 0.029353 0.024239
83 0.405224 0.736793 0.033333 0.024239
52 0.869652 0.502486 0.037811 0.024239
126 0.642786 0.908328 0.042786 0.024239
2596 0.870896 0.306712 0.047264 0.024239
98 0.867910 0.524860 0.048259 0.024239
198 0.768159 0.314636 0.017910 0.024549
120 0.166169 0.372126 0.024876 0.024549
111 0.759453 0.417495 0.030348 0.024549
111 0.529353 0.829863 0.031841 0.024549
84 0.755473 0.543661 0.038308 0.024549
45 0.763682 0.292573 0.071642 0.024549
68 0.308458 0.140771 0.017910 0.024860
53 0.643781 0.416252 0.021891 0.025171
2325 0.915672 0.162368 0.032338 0.025171
113 0.292786 0.302206 0.047264 0.025171
127 0.294527 0.668583 0.058706 0.025171
485 0.919154 0.370727 0.028358 0.025482
55 0.640796 0.810131 0.047761 0.025482
120 0.174378 0.826756 0.025373 0.025792
121 0.525124 0.304071 0.052239 0.025792
96 0.060199 0.816190 0.055721 0.025792
56 0.528109 0.876631 0.020398 0.026103
118 0.532338 0.204786 0.034826 0.026103
87 0.873383 0.550342 0.041294 0.026103
88 0.760697 0.393412 0.044776 0.026103
45 0.528607 0.260099 0.070149 0.026103
83 0.049005 0.381448 0.046269 0.026414
66 0.174876 0.802362 0.034328 0.026725
87 0.759701 0.485705 0.041791 0.026725
45 0.877363 0.173710 0.050249 0.026725
2151 0.290050 0.328776 0.054726 0.026725
121 0.646517 0.834680 0.059204 0.026725
45 0.877612 0.373213 0.059701 0.026725
47 0.854975 0.202144 0.015423 0.027035
53 0.524129 0.231355 0.029353 0.027035
87 0.168408 0.320851 0.041294 0.027035
52 0.640796 0.270510 0.042786 0.027035
45 0.531095 0.411902 0.071144 0.027035
1396 0.693532 0.247048 0.038806 0.027346
85 0.871393 0.903511 0.024378 0.027657
120 0.409204 0.151802 0.025373 0.027657
111 0.874876 0.479024 0.028358 0.027657
120 0.763433 0.157085 0.032338 0.027657
91 0.173632 0.603636 0.040796 0.027657
1282 0.054478 0.581262 0.060199 0.027657
45 0.530348 0.561374 0.073632 0.027657
47 0.650249 0.219080 0.043781 0.027968
45 0.762189 0.186762 0.076617 0.027968
85 0.055721 0.655221 0.019900 0.028278
118 0.526617 0.684431 0.032338 0.028278
1282 0.165672 0.549565 0.070647 0.028278
74 0.870149 0.234618 0.034826 0.028589
980 0.404975 0.557489 0.044776 0.028589
327 0.289055 0.721566 0.056716 0.028589
683 0.526866 0.578620 0.058706 0.028589
1396 0.915672 0.727004 0.031343 0.028900
45 0.644776 0.254661 0.054726 0.028900
45 0.877114 0.743163 0.061692 0.028900
87 0.867662 0.651336 0.032836 0.029211
45 0.294279 0.187694 0.064179 0.029211
47 0.627114 0.781075 0.019403 0.029521
66 0.868905 0.125699 0.037313 0.029521
47 0.647015 0.319608 0.040299 0.029521
980 0.295274 0.233841 0.052239 0.029521
316 0.870149 0.580951 0.061692 0.029521
87 0.870398 0.846178 0.034328 0.029832
68 0.284328 0.469702 0.031343 0.030143
87 0.176368 0.772063 0.037313 0.030143
1083 0.295025 0.352237 0.039801 0.030143
366 0.405224 0.650249 0.057214 0.030143
4189 0.528109 0.778900 0.073134 0.030143
66 0.757960 0.874145 0.031343 0.030454
105 0.528856 0.623058 0.048756 0.030454
85 0.641542 0.388595 0.021393 0.030764
110 0.527363 0.656153 0.035821 0.030764
126 0.289303 0.785736 0.038308 0.030764
1282 0.049751 0.460068 0.062687 0.030764
68 0.637065 0.344624 0.023383 0.031075
107 0.644279 0.293661 0.029851 0.031075
55 0.521393 0.276880 0.049751 0.031075
316 0.876119 0.779988 0.050746 0.031075
76 0.403483 0.123679 0.051741 0.031075
1777 0.642537 0.885022 0.065174 0.031075
68 0.178358 0.491144 0.015423 0.031386
126 0.406219 0.678216 0.037313 0.031386
123 0.641791 0.637042 0.024876 0.031697
87 0.757463 0.582349 0.036318 0.032318
126 0.287065 0.438782 0.041791 0.032318
126 0.052488 0.256681 0.044279 0.032318
3665 0.164677 0.288378 0.049751 0.032318
68 0.406219 0.709602 0.021393 0.032629
118 0.165174 0.200280 0.024876 0.032629
126 0.173134 0.633157 0.047761 0.032629
47 0.393532 0.224674 0.017910 0.032940
2471 0.290050 0.615289 0.061692 0.032940
316 0.759701 0.517557 0.056716 0.033250
118 0.398259 0.893412 0.015423 0.033561
547 0.520398 0.354257 0.049751 0.033561
514 0.054478 0.784960 0.062189 0.033561
68 0.527363 0.525637 0.009950 0.033872
296 0.295522 0.751865 0.025871 0.033872
547 0.755224 0.804382 0.046766 0.033872
118 0.055224 0.183654 0.030846 0.034183
691 0.758209 0.128030 0.042786 0.034183
485 0.179602 0.893567 0.061692 0.034493
118 0.412687 0.504351 0.024378 0.034804
117 0.646269 0.610006 0.027861 0.034804
62 0.294279 0.866377 0.034328 0.034804
98 0.053980 0.726849 0.048259 0.034804
1795 0.870647 0.339341 0.048756 0.034804
68 0.048756 0.352237 0.024876 0.035115
47 0.646020 0.710379 0.040299 0.035426
366 0.866667 0.425730 0.049751 0.036047
1193 0.402985 0.770354 0.053731 0.036047
366 0.291045 0.404288 0.055721 0.036047
1435 0.056219 0.691889 0.048756 0.036358
1587 0.525373 0.127719 0.054726 0.036669
366 0.755224 0.363269 0.062687 0.036669
87 0.754229 0.844469 0.036816 0.036979
296 0.644527 0.686762 0.032338 0.037290
571 0.049751 0.129584 0.059701 0.037290
4166 0.526119 0.741299 0.064179 0.037601
47 0.645522 0.438471 0.036318 0.037912
1193 0.286318 0.529832 0.054229 0.037912
718 0.293284 0.271131 0.044279 0.038222
4346 0.644030 0.480267 0.052239 0.038222
4483 0.055473 0.216439 0.057214 0.038222
4252 0.053731 0.295991 0.062687 0.038222
1193 0.171144 0.738813 0.057711 0.038844
1392 0.522388 0.470634 0.069652 0.038844
3231 0.761194 0.201989 0.062687 0.039155
718 0.404478 0.593847 0.047761 0.039776
322 0.168657 0.127719 0.056716 0.039776
1392 0.171642 0.673089 0.060697 0.039776
4346 0.756219 0.678838 0.059701 0.040087
1313 0.165672 0.237881 0.049751 0.040709
1114 0.060199 0.890305 0.055721 0.041019
47 0.759204 0.255127 0.046766 0.041641
4317 0.754975 0.725917 0.063184 0.042262
4317 0.644527 0.522996 0.056219 0.042884
4776 0.642786 0.167495 0.045771 0.046613
