297 0.716755 0.667052 0.053769 0.016177
101 0.851416 0.367613 0.059049 0.016177
102 0.159866 0.734731 0.053769 0.018158
102 0.715554 0.156322 0.057129 0.018818
92 0.364858 0.678442 0.043207 0.019148
52 0.849976 0.790690 0.044647 0.019148
92 0.645703 0.675636 0.038406 0.019478
92 0.714114 0.392044 0.036006 0.020139
92 0.572252 0.397986 0.041287 0.020139
1810 0.717955 0.689006 0.024484 0.020469
52 0.090735 0.656817 0.037446 0.020799
76 0.368219 0.283262 0.034566 0.021129
60 0.507201 0.324530 0.037926 0.021129
57 0.852616 0.681083 0.028805 0.021789
120 0.789726 0.913998 0.018243 0.022120
87 0.713634 0.114394 0.040807 0.022120
64 0.371099 0.232750 0.028805 0.022450
1002 0.295967 0.198415 0.054249 0.022450
128 0.861738 0.271872 0.014402 0.022780
76 0.571051 0.257841 0.033125 0.023110
87 0.714594 0.463519 0.036006 0.023110
52 0.577772 0.744800 0.041767 0.023110
120 0.717955 0.137174 0.019683 0.023440
88 0.232837 0.863486 0.021123 0.023440
76 0.848536 0.729449 0.032165 0.023440
91 0.089774 0.455761 0.036486 0.023440
126 0.436390 0.809343 0.040326 0.023440
120 0.160346 0.713767 0.021123 0.023770
117 0.366059 0.311324 0.022564 0.023770
2150 0.368939 0.885441 0.039846 0.023770
56 0.435430 0.525586 0.044167 0.023770
99 0.582573 0.875536 0.056169 0.023770
128 0.512482 0.347144 0.015843 0.024100
120 0.851176 0.516507 0.020163 0.024100
52 0.367739 0.626444 0.036486 0.024100
120 0.503841 0.672169 0.020643 0.024431
55 0.506961 0.442555 0.045127 0.024761
56 0.782765 0.344833 0.048488 0.024761
120 0.438070 0.644767 0.016803 0.025091
88 0.156505 0.841202 0.028805 0.025091
87 0.438790 0.719379 0.033605 0.025091
57 0.299088 0.259492 0.034566 0.025091
56 0.365819 0.807527 0.047048 0.025091
120 0.087614 0.398646 0.018723 0.025421
57 0.784205 0.439914 0.031205 0.025421
76 0.297408 0.764444 0.036006 0.025421
87 0.368699 0.259987 0.037446 0.025421
86 0.233797 0.268405 0.028805 0.025751
126 0.430629 0.336415 0.044167 0.025751
120 0.647864 0.791845 0.020643 0.026081
66 0.158665 0.688841 0.028325 0.026081
110 0.438070 0.865797 0.028325 0.026081
87 0.299088 0.326345 0.034566 0.026081
87 0.578253 0.692473 0.036006 0.026081
91 0.720355 0.910366 0.036006 0.026081
55 0.786126 0.685540 0.041767 0.026081
78 0.297408 0.790360 0.032165 0.026411
87 0.436630 0.616375 0.036966 0.026411
87 0.506241 0.561241 0.037926 0.026411
91 0.644743 0.380324 0.038406 0.026411
56 0.849496 0.710135 0.051368 0.026411
1415 0.789486 0.115880 0.053289 0.026411
91 0.720355 0.714097 0.057129 0.026411
128 0.655785 0.175140 0.014402 0.026741
108 0.223956 0.705678 0.016803 0.026741
93 0.092415 0.172829 0.046567 0.026741
55 0.095055 0.915649 0.049928 0.026741
88 0.644503 0.238362 0.015843 0.027072
120 0.782525 0.280951 0.019203 0.027072
72 0.783485 0.545725 0.039366 0.027072
88 0.507201 0.300429 0.043687 0.027072
98 0.504081 0.140640 0.044167 0.027072
65 0.649784 0.155497 0.047528 0.027072
56 0.573452 0.146583 0.048488 0.027072
1002 0.230197 0.365467 0.061930 0.027072
118 0.506961 0.165236 0.013442 0.027402
60 0.853817 0.874711 0.026404 0.027402
547 0.790446 0.889237 0.049448 0.027402
121 0.372060 0.861836 0.062410 0.027402
76 0.646663 0.728623 0.031685 0.027732
93 0.717475 0.558930 0.048488 0.027732
3053 0.506241 0.113074 0.037926 0.028062
3053 0.229237 0.736382 0.038886 0.028062
87 0.230677 0.606306 0.039846 0.028062
128 0.503120 0.698580 0.012482 0.028392
108 0.226356 0.467811 0.013922 0.028392
60 0.650744 0.840211 0.017763 0.028392
123 0.574892 0.232090 0.020643 0.028392
62 0.856697 0.115220 0.029285 0.028392
51 0.086414 0.115220 0.037446 0.028392
95 0.155785 0.115220 0.041767 0.028392
51 0.367019 0.536481 0.043687 0.028392
978 0.644983 0.407725 0.045607 0.028392
98 0.091215 0.681413 0.053769 0.028392
91 0.090014 0.633377 0.039846 0.028722
1214 0.156265 0.145097 0.044647 0.028722
88 0.506721 0.731430 0.046567 0.028722
121 0.852616 0.425388 0.057609 0.028722
121 0.163226 0.546220 0.057609 0.028722
117 0.851176 0.851436 0.021123 0.029052
117 0.717955 0.782106 0.021603 0.029052
62 0.710754 0.489601 0.024484 0.029052
1083 0.299088 0.228458 0.031685 0.029052
64 0.852616 0.252559 0.042247 0.029052
366 0.572012 0.423572 0.044647 0.029052
98 0.576572 0.770881 0.048008 0.029052
88 0.647384 0.503962 0.021603 0.029383
122 0.783005 0.713272 0.037446 0.029383
64 0.509602 0.377187 0.038886 0.029383
66 0.649064 0.819577 0.039366 0.029383
55 0.786366 0.794156 0.044167 0.029383
63 0.443351 0.145428 0.047528 0.029383
98 0.362938 0.653186 0.050888 0.029383
98 0.156505 0.601023 0.051848 0.029383
64 0.368939 0.172334 0.023524 0.029713
88 0.854297 0.301420 0.027364 0.029713
91 0.713154 0.330142 0.039846 0.029713
123 0.160106 0.482172 0.017763 0.030043
111 0.089774 0.429019 0.024004 0.030043
88 0.852136 0.543579 0.042247 0.030043
95 0.436870 0.468306 0.044167 0.030043
86 0.584253 0.718059 0.025924 0.030373
3053 0.369419 0.114889 0.035046 0.030373
51 0.090254 0.266755 0.039366 0.030373
107 0.297888 0.524926 0.043687 0.030373
702 0.224436 0.114559 0.044647 0.030373
95 0.228517 0.765599 0.045127 0.030373
64 0.364618 0.748597 0.018723 0.030703
1083 0.851176 0.649884 0.030725 0.030703
1083 0.512722 0.799769 0.032645 0.030703
95 0.089534 0.297293 0.041767 0.030703
2710 0.569611 0.595411 0.049448 0.030703
121 0.440470 0.406570 0.060010 0.030703
88 0.787566 0.149884 0.021603 0.031033
111 0.157225 0.658303 0.028325 0.031033
74 0.228757 0.799604 0.028325 0.031033
91 0.572732 0.626609 0.038406 0.031033
83 0.296687 0.819082 0.038406 0.031033
58 0.717955 0.812149 0.046567 0.031033
126 0.226356 0.337735 0.049448 0.031033
88 0.571291 0.326015 0.016323 0.031363
92 0.712914 0.223011 0.022084 0.031363
88 0.782765 0.314790 0.022564 0.031363
111 0.783005 0.651865 0.024964 0.031363
3053 0.437350 0.437603 0.037446 0.031363
91 0.785646 0.371905 0.037926 0.031363
4377 0.508881 0.877022 0.040326 0.031363
1446 0.297648 0.850941 0.044167 0.031363
51 0.223956 0.146088 0.045607 0.031363
91 0.159866 0.912347 0.048968 0.031363
95 0.786126 0.857709 0.038886 0.031694
1834 0.439990 0.837570 0.052328 0.031694
121 0.505041 0.533840 0.055689 0.031694
60 0.437590 0.547540 0.020643 0.032024
88 0.578973 0.803400 0.022084 0.032024
111 0.787566 0.825850 0.022564 0.032024
83 0.434229 0.495708 0.033125 0.032024
2151 0.847336 0.570320 0.045127 0.032024
126 0.095775 0.748927 0.045607 0.032024
53 0.646423 0.762628 0.016803 0.032354
60 0.295967 0.910201 0.018723 0.032354
74 0.364858 0.780125 0.027844 0.032354
51 0.299088 0.458897 0.036486 0.032354
104 0.716515 0.846484 0.036966 0.032354
699 0.433509 0.218884 0.039366 0.032354
95 0.153385 0.255860 0.042727 0.032354
126 0.511522 0.908881 0.042727 0.032354
51 0.438790 0.117200 0.043207 0.032354
85 0.157705 0.626444 0.012962 0.032684
85 0.854057 0.816606 0.017283 0.032684
92 0.364618 0.831793 0.021603 0.032684
88 0.157465 0.178442 0.022084 0.032684
3053 0.159626 0.569990 0.036966 0.032684
328 0.090975 0.525751 0.049448 0.032684
739 0.230197 0.535985 0.053289 0.032684
3735 0.851896 0.487950 0.041767 0.033014
105 0.510322 0.471443 0.048008 0.033014
1406 0.576332 0.201387 0.048488 0.033014
85 0.367979 0.594421 0.020643 0.033344
83 0.846135 0.453120 0.038886 0.033344
95 0.783965 0.221360 0.041287 0.033344
115 0.503361 0.503962 0.042727 0.033344
89 0.782765 0.250743 0.045607 0.033344
125 0.226836 0.438263 0.046567 0.033344
126 0.157465 0.367613 0.049928 0.033344
683 0.091935 0.200891 0.052328 0.033344
121 0.092415 0.146088 0.056169 0.033344
119 0.299568 0.355563 0.023044 0.033674
66 0.652664 0.905579 0.027364 0.033674
1476 0.370619 0.462529 0.043207 0.033674
2182 0.296928 0.691978 0.047528 0.033674
363 0.644503 0.471443 0.049448 0.033674
66 0.296687 0.491416 0.022084 0.034005
92 0.648344 0.697755 0.026404 0.034005
56 0.439030 0.895840 0.029285 0.034005
74 0.369179 0.203202 0.036486 0.034005
1165 0.571531 0.519809 0.049448 0.034005
98 0.366299 0.147078 0.055689 0.034005
2266 0.232597 0.834764 0.060010 0.034005
111 0.088574 0.232750 0.024484 0.034335
107 0.649064 0.871575 0.027844 0.034335
509 0.644983 0.434797 0.034085 0.034335
107 0.367499 0.370749 0.047528 0.034335
121 0.234037 0.210631 0.068651 0.034335
68 0.305809 0.557445 0.008641 0.034665
86 0.728277 0.879993 0.025924 0.034665
70 0.159145 0.514526 0.030245 0.034665
83 0.222516 0.499340 0.041767 0.034665
88 0.295727 0.436283 0.046087 0.034665
121 0.373980 0.568009 0.063370 0.034665
60 0.364618 0.501155 0.016803 0.034995
86 0.511282 0.591945 0.029765 0.034995
316 0.648824 0.647408 0.052328 0.034995
91 0.577532 0.454275 0.057609 0.034995
60 0.295967 0.118026 0.017763 0.035325
74 0.508161 0.409541 0.028325 0.035325
118 0.851656 0.393364 0.029765 0.035325
3575 0.784686 0.404919 0.056169 0.035325
83 0.361738 0.425223 0.036006 0.035655
4328 0.850936 0.218224 0.055209 0.035655
1870 0.508641 0.268075 0.055209 0.035655
726 0.228997 0.574282 0.040326 0.035985
121 0.713634 0.522120 0.042727 0.035985
91 0.573452 0.173159 0.044647 0.035985
3735 0.091935 0.330637 0.045607 0.035985
316 0.435910 0.778310 0.054729 0.035985
91 0.296928 0.664411 0.056169 0.035985
4037 0.851896 0.337900 0.057129 0.035985
127 0.509602 0.194949 0.060970 0.035985
91 0.650264 0.618191 0.062890 0.035985
119 0.367019 0.341367 0.027364 0.036316
58 0.221795 0.176626 0.031685 0.036316
1493 0.784446 0.514031 0.045127 0.036316
3089 0.158665 0.809178 0.054249 0.036316
119 0.856457 0.140475 0.025924 0.036646
83 0.645463 0.266920 0.037926 0.036646
4124 0.645223 0.585837 0.045127 0.036646
3948 0.785886 0.186200 0.032645 0.036976
126 0.092655 0.485969 0.043207 0.036976
4067 0.152424 0.403433 0.050408 0.036976
975 0.711474 0.362001 0.052808 0.037306
68 0.378541 0.401122 0.008161 0.037636
60 0.086654 0.882469 0.014882 0.037636
58 0.436630 0.252889 0.026404 0.037636
107 0.226116 0.239683 0.029765 0.037636
78 0.646423 0.205678 0.035046 0.037636
58 0.437350 0.750743 0.047048 0.037636
2292 0.574652 0.844503 0.047048 0.037636
127 0.579693 0.118191 0.064810 0.037636
111 0.297168 0.732420 0.028805 0.037966
110 0.716035 0.298283 0.044647 0.037966
1420 0.436630 0.372235 0.049448 0.037966
68 0.587134 0.903103 0.010562 0.038627
107 0.095775 0.780951 0.030245 0.038627
1441 0.225636 0.643117 0.049928 0.038957
990 0.089534 0.366127 0.038886 0.039617
60 0.150984 0.444206 0.015843 0.039947
83 0.436630 0.180092 0.018723 0.039947
119 0.574892 0.289369 0.021603 0.039947
83 0.574412 0.361671 0.025444 0.039947
78 0.850456 0.761142 0.033125 0.039947
665 0.506961 0.837405 0.044167 0.039947
1917 0.648344 0.347144 0.048488 0.039947
1035 0.365338 0.708980 0.049928 0.039947
71 0.720355 0.630901 0.039846 0.040277
1551 0.784926 0.475569 0.047048 0.040607
53 0.293567 0.586002 0.018723 0.040938
69 0.721795 0.256850 0.022564 0.040938
268 0.574652 0.486299 0.040326 0.040938
1136 0.508881 0.762133 0.041287 0.041268
975 0.712674 0.744635 0.052328 0.041268
726 0.573692 0.661604 0.043207 0.041598
68 0.162986 0.874711 0.011042 0.041928
4032 0.647624 0.541598 0.031685 0.041928
249 0.847096 0.906735 0.036966 0.041928
68 0.359337 0.899142 0.042727 0.041928
68 0.311330 0.880819 0.014882 0.042258
296 0.154345 0.329812 0.033125 0.042258
296 0.436630 0.684054 0.036006 0.042258
992 0.435910 0.299109 0.038406 0.042258
957 0.298848 0.296798 0.053289 0.042258
4133 0.643063 0.120667 0.049448 0.042588
2701 0.156985 0.216738 0.050888 0.042588
316 0.093615 0.601849 0.058569 0.042918
68 0.786846 0.581050 0.011522 0.043579
1136 0.847576 0.608121 0.040807 0.043579
3871 0.852136 0.178277 0.038406 0.044239
1297 0.646663 0.305051 0.047048 0.044239
58 0.158905 0.762958 0.027844 0.044899
1570 0.500480 0.633873 0.048488 0.044899
296 0.714594 0.424728 0.036966 0.045229
3796 0.229237 0.899472 0.048488 0.045890
98 0.222996 0.304226 0.052328 0.045890
1587 0.227076 0.401948 0.053769 0.045890
68 0.436630 0.901122 0.048488 0.046550
322 0.508161 0.226808 0.052328 0.046880
68 0.712674 0.183064 0.008161 0.047871
1871 0.715554 0.586662 0.049448 0.048201
68 0.100576 0.860845 0.010082 0.048531
3984 0.295967 0.624629 0.036006 0.048861
1122 0.573692 0.558270 0.039366 0.048861
2718 0.296447 0.162100 0.041767 0.048861
3192 0.297408 0.396500 0.042727 0.048861
68 0.090975 0.564378 0.010082 0.050512
68 0.240999 0.677947 0.011522 0.050512
68 0.166827 0.289369 0.010082 0.051172
47 0.790446 0.747937 0.032165 0.061737
