56 0.464796 0.836452 0.023102 0.024255
92 0.687844 0.878205 0.054455 0.024602
92 0.565732 0.427581 0.056656 0.024948
93 0.687019 0.629245 0.057206 0.024948
113 0.562981 0.744456 0.066557 0.025295
56 0.461771 0.518884 0.021452 0.026681
92 0.891089 0.685724 0.051705 0.028413
57 0.679043 0.306653 0.044554 0.029106
88 0.778053 0.292793 0.036854 0.031185
259 0.559406 0.290887 0.071507 0.033611
88 0.450770 0.192827 0.042354 0.034997
81 0.354235 0.547124 0.057206 0.035343
111 0.679593 0.800243 0.024752 0.035690
88 0.246700 0.746362 0.039054 0.036036
87 0.570682 0.830215 0.053355 0.036036
55 0.678768 0.764207 0.059406 0.036383
85 0.136139 0.530146 0.019252 0.036729
88 0.460396 0.447332 0.053905 0.036729
121 0.681243 0.595288 0.074257 0.036729
1002 0.562981 0.462405 0.070957 0.037076
56 0.239824 0.415281 0.030803 0.037769
81 0.133663 0.197678 0.051705 0.037769
108 0.346260 0.291060 0.024752 0.038808
4377 0.353410 0.647436 0.062156 0.039155
1762 0.785204 0.661296 0.069857 0.039848
68 0.886414 0.457554 0.055556 0.040541
1002 0.233223 0.199238 0.068207 0.040887
93 0.469197 0.484927 0.071507 0.041234
85 0.895490 0.824671 0.026403 0.041580
111 0.564631 0.507450 0.036854 0.041927
2191 0.580583 0.874047 0.066557 0.041927
81 0.244224 0.602564 0.056106 0.042273
553 0.882288 0.372488 0.066007 0.042273
88 0.561606 0.388773 0.042904 0.042966
120 0.782453 0.619369 0.031353 0.044006
126 0.140539 0.692827 0.061056 0.044006
91 0.138614 0.869369 0.052805 0.044352
111 0.567107 0.606549 0.036304 0.044699
83 0.457371 0.703222 0.052255 0.044699
2677 0.358086 0.694040 0.040704 0.045045
88 0.889989 0.646570 0.041804 0.045045
1928 0.786304 0.808385 0.069857 0.045045
119 0.466722 0.871275 0.031353 0.045392
78 0.244224 0.558732 0.051705 0.045392
126 0.680143 0.715870 0.061056 0.045738
82 0.781628 0.389120 0.061606 0.045738
2423 0.567657 0.653846 0.064906 0.045738
119 0.458746 0.657831 0.030803 0.046085
111 0.239824 0.509529 0.040704 0.046085
3735 0.669142 0.504331 0.053355 0.046085
509 0.246700 0.700797 0.055556 0.046085
119 0.781628 0.482675 0.027503 0.046431
83 0.883938 0.416840 0.044004 0.046431
83 0.670517 0.402633 0.052805 0.046431
107 0.887514 0.501213 0.034653 0.046778
87 0.135039 0.438496 0.058856 0.046778
1456 0.342684 0.200450 0.060506 0.046778
119 0.451045 0.287942 0.030803 0.047124
85 0.778603 0.528413 0.031353 0.047124
91 0.245600 0.309425 0.074257 0.047124
107 0.783278 0.435724 0.042904 0.047471
95 0.683993 0.841823 0.056656 0.047471
1902 0.780528 0.757970 0.061606 0.047471
69 0.344334 0.247748 0.064906 0.047817
2507 0.889989 0.729210 0.068207 0.048164
95 0.886964 0.548857 0.052255 0.048510
2167 0.886414 0.260915 0.055556 0.048510
1559 0.897690 0.869716 0.072607 0.048510
60 0.354785 0.741511 0.022002 0.049203
93 0.466997 0.799723 0.039604 0.049203
68 0.138064 0.390333 0.016502 0.049550
87 0.133113 0.296085 0.050605 0.049550
87 0.455171 0.610014 0.055556 0.049550
127 0.139439 0.345634 0.061056 0.049550
938 0.558031 0.200104 0.064356 0.049550
70 0.677668 0.551975 0.039604 0.049896
301 0.771727 0.198891 0.041804 0.049896
86 0.145215 0.486833 0.041804 0.049896
111 0.242024 0.792446 0.041804 0.049896
87 0.444994 0.239432 0.048405 0.049896
113 0.785204 0.861746 0.062156 0.049896
58 0.562156 0.702010 0.038504 0.050589
95 0.778603 0.249134 0.057756 0.050589
85 0.246700 0.649168 0.029153 0.050936
1116 0.889439 0.777374 0.046205 0.050936
87 0.679868 0.667533 0.053905 0.050936
87 0.783553 0.577096 0.054455 0.050936
1917 0.343784 0.385308 0.053905 0.051282
3045 0.888614 0.598406 0.061056 0.051282
83 0.345435 0.336279 0.046205 0.051629
2656 0.455171 0.400208 0.068757 0.051975
62 0.353410 0.503292 0.047855 0.052322
2599 0.567657 0.556133 0.050605 0.052668
3735 0.132288 0.642758 0.056656 0.052668
53 0.564631 0.784130 0.029153 0.054054
2621 0.672442 0.453222 0.047855 0.054054
118 0.242024 0.457554 0.026403 0.054401
1504 0.458471 0.344768 0.065457 0.054747
1193 0.241474 0.854297 0.062706 0.055094
2605 0.566282 0.339744 0.065457 0.055094
58 0.134488 0.244629 0.036854 0.056133
60 0.350935 0.595288 0.023102 0.056826
4008 0.667767 0.261781 0.048405 0.057173
3172 0.786304 0.706341 0.065457 0.057173
316 0.469472 0.759009 0.066557 0.057173
443 0.666392 0.203049 0.056656 0.058212
2423 0.358911 0.798164 0.065457 0.058559
119 0.558581 0.254331 0.037954 0.058905
1799 0.239274 0.364172 0.042904 0.058905
3984 0.767602 0.338531 0.061056 0.058905
617 0.878988 0.202703 0.070407 0.058905
68 0.144389 0.740125 0.014851 0.059598
119 0.452970 0.562370 0.042354 0.060984
68 0.357261 0.862613 0.015952 0.062717
2621 0.136964 0.581081 0.047305 0.063756
1132 0.677393 0.349272 0.061056 0.063756
83 0.346810 0.443001 0.030253 0.064103
1116 0.139164 0.806133 0.048405 0.064796
4116 0.236799 0.257970 0.058856 0.069647
47 0.883938 0.317914 0.038504 0.074498
