246 0.597660 0.773846 0.033617 0.004103
246 0.357872 0.800256 0.036596 0.004103
246 0.275957 0.400513 0.039574 0.004103
246 0.359574 0.632564 0.040000 0.004103
246 0.114255 0.230000 0.042128 0.004615
200 0.134043 0.782949 0.018723 0.005385
200 0.462979 0.413205 0.017021 0.006410
200 0.624681 0.282308 0.014468 0.006667
92 0.604468 0.705000 0.020000 0.010000
92 0.036596 0.268077 0.018723 0.010513
92 0.361489 0.434744 0.026809 0.011538
52 0.522553 0.465385 0.030638 0.012308
297 0.274894 0.433846 0.042553 0.012308
52 0.035532 0.365256 0.032766 0.013590
55 0.029787 0.696282 0.036596 0.015128
148 0.621489 0.758077 0.021702 0.015641
104 0.600426 0.870128 0.030638 0.015641
861 0.518936 0.665513 0.035319 0.015641
102 0.605106 0.433846 0.041702 0.015897
64 0.684468 0.731667 0.020000 0.016154
102 0.277021 0.825000 0.035745 0.016667
102 0.524681 0.362692 0.039149 0.016667
251 0.269574 0.468590 0.047234 0.016667
101 0.360000 0.265128 0.035745 0.017949
495 0.603617 0.268333 0.048085 0.018205
495 0.440638 0.401538 0.053191 0.018462
52 0.684681 0.465897 0.030638 0.018974
88 0.607872 0.237949 0.022553 0.019487
88 0.521702 0.735256 0.017021 0.019744
735 0.355532 0.832821 0.038723 0.020000
83 0.603617 0.302179 0.024255 0.020256
495 0.109787 0.766410 0.049362 0.020513
102 0.033830 0.561667 0.043830 0.020769
88 0.442128 0.367692 0.019574 0.021026
83 0.109787 0.800769 0.031489 0.021026
113 0.440426 0.305897 0.037447 0.021026
683 0.029149 0.634615 0.041277 0.021026
1592 0.600426 0.504359 0.043404 0.021026
120 0.525532 0.328846 0.017021 0.021282
88 0.115745 0.732051 0.019574 0.021538
88 0.522128 0.806154 0.028085 0.021538
2677 0.689574 0.270897 0.026809 0.021795
113 0.438298 0.636923 0.045957 0.022051
83 0.516170 0.633974 0.028936 0.022308
91 0.277021 0.235128 0.037447 0.022564
120 0.279787 0.369487 0.014043 0.023077
58 0.517872 0.835897 0.029787 0.023077
68 0.679787 0.631282 0.032766 0.023590
691 0.521489 0.436667 0.042979 0.023590
327 0.191277 0.432821 0.048085 0.023590
88 0.690426 0.436538 0.021702 0.023846
117 0.438085 0.800128 0.023404 0.023846
120 0.357660 0.238333 0.026809 0.023846
111 0.363830 0.734231 0.034043 0.023846
91 0.199362 0.399231 0.043830 0.024103
83 0.681915 0.597308 0.031915 0.024359
710 0.678723 0.832949 0.041702 0.024359
88 0.681277 0.572564 0.013617 0.024615
57 0.447021 0.662821 0.025957 0.024615
2885 0.603617 0.403333 0.031064 0.024615
67 0.697660 0.302051 0.037872 0.024615
87 0.358085 0.597564 0.037872 0.024872
91 0.360426 0.769103 0.041702 0.024872
88 0.524043 0.268718 0.020851 0.025128
978 0.685106 0.404615 0.040000 0.025128
68 0.435532 0.434103 0.042128 0.025128
91 0.281064 0.502564 0.046383 0.025128
111 0.690000 0.240385 0.021702 0.025385
67 0.364468 0.536026 0.031915 0.025385
359 0.110638 0.832949 0.039149 0.025385
113 0.111489 0.667821 0.045957 0.025385
88 0.028298 0.801026 0.020851 0.025641
107 0.027021 0.834487 0.020000 0.025897
111 0.360851 0.865769 0.030638 0.025897
109 0.601915 0.536538 0.032766 0.025897
99 0.031489 0.860769 0.039149 0.026154
91 0.120000 0.330769 0.043404 0.026154
717 0.277021 0.763590 0.045106 0.026154
95 0.361277 0.366795 0.034043 0.026410
51 0.602128 0.602692 0.034894 0.026410
119 0.520213 0.861026 0.020000 0.026667
1799 0.194255 0.465897 0.030213 0.026667
4252 0.107660 0.465897 0.040851 0.026667
486 0.440000 0.863974 0.039149 0.026923
2167 0.119149 0.298846 0.048511 0.026923
529 0.521064 0.567692 0.045532 0.027179
3735 0.278298 0.732821 0.037447 0.027692
1697 0.356596 0.665641 0.047660 0.027692
57 0.043404 0.396538 0.027234 0.027949
92 0.440213 0.569359 0.031915 0.027949
667 0.197447 0.367821 0.038298 0.027949
750 0.277021 0.263718 0.041702 0.027949
70 0.278085 0.802308 0.024255 0.028205
971 0.281915 0.697949 0.037021 0.028205
1083 0.356383 0.503590 0.041277 0.028205
119 0.682979 0.695513 0.017872 0.028462
108 0.037872 0.425000 0.037447 0.028462
92 0.442128 0.238205 0.026383 0.028718
126 0.032979 0.462308 0.026809 0.028718
87 0.523404 0.303590 0.032340 0.028718
1799 0.358723 0.400641 0.034894 0.028974
60 0.109362 0.501026 0.015319 0.029231
58 0.605106 0.366282 0.022128 0.029487
58 0.110851 0.535513 0.030213 0.029487
836 0.275957 0.299615 0.036170 0.029487
86 0.532553 0.241154 0.048936 0.029487
68 0.278085 0.628462 0.008085 0.029744
68 0.119362 0.633846 0.009787 0.029744
68 0.110851 0.862308 0.009787 0.029744
70 0.034043 0.536154 0.020426 0.029744
92 0.112766 0.603846 0.030638 0.029744
107 0.277872 0.598462 0.031489 0.029744
93 0.444468 0.468462 0.033617 0.029744
56 0.607021 0.336410 0.038723 0.029744
121 0.688085 0.499359 0.040000 0.030000
2193 0.026809 0.666026 0.046809 0.030000
47 0.033191 0.336154 0.016170 0.030256
2197 0.277021 0.533846 0.042553 0.030256
648 0.599574 0.837564 0.028936 0.030513
4163 0.357872 0.700641 0.036596 0.030513
674 0.598936 0.737821 0.037021 0.030513
3079 0.193191 0.334487 0.050213 0.030513
118 0.443830 0.498974 0.014468 0.030769
113 0.434468 0.763590 0.034043 0.030769
121 0.602553 0.666410 0.037447 0.030769
105 0.687660 0.665641 0.040000 0.030769
2153 0.595745 0.802051 0.040000 0.030769
60 0.436809 0.827821 0.018298 0.031026
81 0.436383 0.732436 0.030213 0.031026
61 0.602979 0.635256 0.038298 0.031026
274 0.679362 0.865256 0.040426 0.031026
70 0.277234 0.567692 0.021702 0.031282
2709 0.031489 0.499487 0.032340 0.031282
56 0.357021 0.569103 0.018723 0.031538
1831 0.034043 0.237692 0.029787 0.031795
505 0.273191 0.667692 0.047660 0.031795
83 0.681489 0.795000 0.031915 0.032051
577 0.110000 0.262179 0.042979 0.032051
77 0.530851 0.488205 0.037021 0.032821
63 0.445532 0.333333 0.032340 0.033333
68 0.519574 0.601410 0.011064 0.033590
53 0.687021 0.371154 0.020851 0.033590
85 0.691064 0.337179 0.035745 0.033846
122 0.029787 0.733077 0.038298 0.033846
1316 0.034681 0.300256 0.038723 0.033846
68 0.604681 0.569103 0.010213 0.034103
4090 0.357660 0.336282 0.031915 0.034103
3747 0.520213 0.698333 0.031915 0.034103
60 0.438936 0.531795 0.020000 0.034359
3928 0.519149 0.768718 0.040000 0.034872
68 0.603617 0.465769 0.008085 0.035128
68 0.031489 0.594231 0.010213 0.035128
119 0.111489 0.568333 0.022128 0.035641
68 0.030213 0.769744 0.007660 0.036410
68 0.445319 0.271410 0.015745 0.037179
68 0.279149 0.338974 0.008511 0.037436
68 0.357660 0.293974 0.008936 0.037692
68 0.683404 0.759744 0.010213 0.037949
1270 0.681915 0.538462 0.040426 0.037949
68 0.439362 0.694487 0.010638 0.038205
3407 0.359149 0.465897 0.037447 0.038462
68 0.445319 0.603077 0.013191 0.038974
68 0.278936 0.858718 0.007234 0.040000
63 0.117872 0.700897 0.038298 0.040256
60 0.114468 0.421923 0.020426 0.040769
68 0.521277 0.395385 0.010213 0.041026
68 0.522340 0.527308 0.013191 0.044872
