92 0.535111 0.883886 0.022222 0.010427
92 0.683111 0.846130 0.026667 0.010742
92 0.230889 0.590363 0.022667 0.011058
92 0.611111 0.890679 0.028444 0.011374
92 0.147556 0.767773 0.023111 0.012006
92 0.752889 0.921959 0.031111 0.012006
92 0.764667 0.317220 0.034222 0.012006
92 0.908444 0.918957 0.037333 0.012322
101 0.390000 0.788942 0.030667 0.012638
101 0.305778 0.756872 0.037333 0.012954
92 0.311556 0.231122 0.035556 0.013586
101 0.616444 0.326540 0.045333 0.014218
101 0.536222 0.870774 0.044000 0.014534
297 0.298889 0.703002 0.045778 0.014534
57 0.311556 0.585466 0.029333 0.016430
120 0.752222 0.719905 0.017333 0.016746
64 0.388889 0.620379 0.018667 0.016746
1002 0.216000 0.858926 0.065778 0.016746
101 0.909111 0.313428 0.025333 0.017062
57 0.614222 0.758294 0.028444 0.017062
93 0.827333 0.564297 0.043111 0.017062
52 0.467111 0.334123 0.035556 0.017378
55 0.909333 0.610585 0.038222 0.017378
120 0.306222 0.681201 0.016000 0.017694
52 0.687333 0.234439 0.037778 0.017694
297 0.612444 0.457504 0.045333 0.017694
56 0.460000 0.690995 0.047111 0.017694
56 0.541333 0.916430 0.014222 0.018009
113 0.155778 0.156240 0.049333 0.018009
126 0.679111 0.923065 0.055111 0.018009
66 0.611556 0.373302 0.020444 0.018641
72 0.902667 0.896682 0.034667 0.018957
101 0.466444 0.539336 0.043111 0.018957
52 0.538000 0.353081 0.040444 0.019273
87 0.460889 0.782938 0.031111 0.019589
56 0.832889 0.289100 0.039111 0.019589
251 0.614000 0.483412 0.041333 0.019589
52 0.308667 0.403318 0.049333 0.019905
55 0.306889 0.519747 0.038667 0.020221
547 0.304444 0.800632 0.058667 0.020221
70 0.299778 0.664929 0.043111 0.020537
73 0.542444 0.269352 0.047556 0.020537
56 0.904000 0.780727 0.016000 0.020853
88 0.808667 0.921011 0.020000 0.020853
93 0.231111 0.768720 0.043556 0.020853
259 0.464444 0.424961 0.047111 0.020853
547 0.306889 0.610742 0.052889 0.020853
113 0.151556 0.358610 0.055111 0.020853
66 0.680667 0.822591 0.020000 0.021169
72 0.538667 0.330016 0.040889 0.021169
3177 0.831778 0.468246 0.020000 0.021485
1406 0.304889 0.776619 0.036444 0.021485
113 0.149333 0.504265 0.049778 0.021485
66 0.754222 0.895893 0.016889 0.021801
698 0.614000 0.297156 0.029778 0.021801
89 0.606667 0.809005 0.048889 0.021801
117 0.906000 0.445498 0.016444 0.022117
115 0.538667 0.901422 0.035556 0.022117
72 0.376000 0.875987 0.052444 0.022433
1173 0.612222 0.910900 0.046667 0.022749
91 0.232444 0.910900 0.055111 0.022749
259 0.681778 0.615798 0.056000 0.022749
66 0.832444 0.313902 0.020444 0.023065
323 0.685111 0.666825 0.053778 0.023065
53 0.156222 0.179147 0.012889 0.023381
88 0.537556 0.762875 0.026222 0.023697
87 0.151333 0.684518 0.044000 0.023697
1406 0.902667 0.831912 0.031111 0.024013
91 0.229556 0.528594 0.044889 0.024013
129 0.470000 0.605529 0.019111 0.024329
72 0.230444 0.444708 0.050222 0.024329
88 0.466222 0.274250 0.024000 0.024645
76 0.756000 0.381359 0.025778 0.024645
51 0.146444 0.787678 0.026222 0.024645
57 0.760000 0.639494 0.032000 0.024645
87 0.228889 0.720695 0.032889 0.024645
87 0.754667 0.608373 0.033778 0.024961
87 0.831111 0.496209 0.034667 0.024961
70 0.530667 0.712322 0.039111 0.024961
95 0.822889 0.654818 0.041333 0.024961
89 0.305333 0.456398 0.042667 0.024961
59 0.463333 0.707425 0.020889 0.025276
88 0.468000 0.909005 0.026667 0.025276
87 0.832000 0.341864 0.033778 0.025276
547 0.902667 0.853081 0.043556 0.025276
68 0.149556 0.274250 0.044000 0.025276
2083 0.901778 0.680885 0.047111 0.025276
91 0.382667 0.686888 0.048000 0.025276
83 0.533333 0.559084 0.038222 0.025592
91 0.903333 0.584044 0.042222 0.025592
1173 0.614889 0.588942 0.046667 0.025908
91 0.464667 0.558294 0.048444 0.025908
85 0.908222 0.868720 0.013778 0.026224
118 0.154222 0.301264 0.017778 0.026224
83 0.603333 0.704107 0.037778 0.026224
323 0.472667 0.478199 0.057333 0.026224
118 0.823556 0.747551 0.015111 0.026540
87 0.823778 0.718167 0.029778 0.026540
61 0.538222 0.736967 0.025778 0.026856
88 0.236889 0.378357 0.026667 0.026856
1579 0.464667 0.245656 0.040444 0.026856
4253 0.617556 0.269668 0.044000 0.026856
126 0.686222 0.347709 0.048889 0.026856
88 0.616667 0.429700 0.028889 0.027172
2083 0.680000 0.901422 0.036444 0.027172
111 0.603333 0.558610 0.036889 0.027172
273 0.387556 0.211374 0.045333 0.027172
91 0.223111 0.837283 0.045333 0.027172
91 0.677111 0.725118 0.045778 0.027172
89 0.837111 0.400316 0.048444 0.027172
278 0.683778 0.642812 0.023556 0.027488
4260 0.382889 0.711690 0.024444 0.027488
93 0.234444 0.470932 0.026222 0.027488
278 0.471556 0.451027 0.027556 0.027488
83 0.682222 0.279463 0.035556 0.027488
123 0.393111 0.453397 0.013778 0.027804
119 0.619556 0.650553 0.016889 0.027804
118 0.906000 0.805055 0.019111 0.027804
74 0.152222 0.532070 0.020889 0.027804
111 0.152667 0.240758 0.021778 0.027804
83 0.143556 0.842970 0.037333 0.027804
111 0.390444 0.240284 0.020889 0.028120
86 0.243778 0.197630 0.025333 0.028120
2677 0.146444 0.903791 0.031556 0.028120
1579 0.904667 0.285782 0.050222 0.028120
71 0.472444 0.160979 0.051556 0.028120
118 0.751556 0.666667 0.016000 0.028436
60 0.464444 0.805371 0.019556 0.028436
88 0.308222 0.303318 0.023556 0.028436
91 0.759556 0.214534 0.045333 0.028436
91 0.817111 0.838863 0.048444 0.028436
119 0.156667 0.331280 0.024444 0.028752
118 0.227556 0.751027 0.016000 0.029068
119 0.908444 0.470774 0.019556 0.029068
88 0.539556 0.649289 0.024889 0.029068
62 0.464000 0.635387 0.025778 0.029068
78 0.611556 0.867299 0.026667 0.029068
111 0.231333 0.228120 0.035111 0.029068
55 0.232889 0.505529 0.046222 0.029068
980 0.303333 0.858294 0.027111 0.029384
91 0.459556 0.667773 0.049778 0.029384
111 0.463556 0.758294 0.016889 0.029700
119 0.464444 0.733649 0.017778 0.029700
107 0.306889 0.637915 0.020000 0.029700
980 0.228222 0.616114 0.025333 0.029700
88 0.152000 0.742496 0.025778 0.029700
1934 0.826222 0.902054 0.037333 0.029700
1197 0.541556 0.616746 0.038667 0.029700
4377 0.147333 0.877409 0.040444 0.029700
366 0.823111 0.809163 0.042667 0.029700
70 0.383111 0.595577 0.055111 0.029700
91 0.748222 0.784044 0.049333 0.030016
78 0.686222 0.587362 0.026667 0.030332
271 0.546889 0.589258 0.039556 0.030332
547 0.619111 0.345024 0.040889 0.030332
83 0.677111 0.406951 0.044889 0.030332
1193 0.605556 0.784202 0.046667 0.030332
96 0.397556 0.485308 0.052889 0.030332
509 0.395111 0.270616 0.032000 0.030648
111 0.302222 0.333491 0.040000 0.030648
53 0.150222 0.383886 0.019556 0.030964
74 0.312667 0.164297 0.021778 0.030964
62 0.768444 0.159558 0.027556 0.030964
107 0.610000 0.397472 0.035111 0.030964
111 0.541778 0.460664 0.036444 0.030964
98 0.140889 0.819273 0.058667 0.030964
85 0.309333 0.823855 0.013333 0.031280
85 0.467111 0.581833 0.014222 0.031280
70 0.156222 0.208057 0.018222 0.031280
2836 0.466667 0.878515 0.043556 0.031280
2162 0.548222 0.497156 0.050222 0.031280
98 0.757333 0.189731 0.053333 0.031280
111 0.390444 0.338073 0.024444 0.031596
109 0.617111 0.203791 0.038667 0.031596
3665 0.538000 0.680885 0.038667 0.031596
1477 0.750889 0.812954 0.041333 0.031596
2836 0.903111 0.754818 0.042667 0.031596
2682 0.683111 0.871722 0.047111 0.031596
71 0.832667 0.774092 0.055556 0.031596
2083 0.682000 0.694945 0.033333 0.031912
1197 0.909556 0.377409 0.040444 0.031912
3024 0.765556 0.249447 0.047556 0.031912
863 0.820222 0.866351 0.032444 0.032227
2598 0.237111 0.411532 0.018222 0.032543
509 0.308444 0.487994 0.030222 0.032543
85 0.619778 0.235387 0.014667 0.032859
107 0.692667 0.203791 0.018222 0.032859
3208 0.237111 0.262559 0.036889 0.032859
1485 0.904667 0.207267 0.039556 0.032859
111 0.821556 0.686256 0.033333 0.033491
2836 0.150667 0.603791 0.049778 0.033491
107 0.546889 0.301264 0.019111 0.033807
121 0.149556 0.566035 0.021778 0.033807
271 0.912667 0.343286 0.037778 0.033807
85 0.387111 0.810427 0.012444 0.034123
81 0.467333 0.304581 0.036889 0.034123
2273 0.753333 0.579463 0.041778 0.034123
2280 0.680000 0.747551 0.043556 0.034123
617 0.753111 0.697630 0.044889 0.034123
53 0.608889 0.835545 0.015111 0.034439
2598 0.386222 0.846288 0.016889 0.034439
83 0.468444 0.392259 0.023111 0.034439
1317 0.530667 0.795419 0.042667 0.034439
85 0.548000 0.375039 0.014222 0.034755
111 0.828444 0.590205 0.020444 0.034755
85 0.759556 0.459242 0.009778 0.035071
86 0.395333 0.906003 0.026222 0.035071
84 0.547111 0.198578 0.028444 0.035071
4116 0.228889 0.887678 0.031111 0.035071
2108 0.750444 0.541074 0.042222 0.035071
1644 0.224444 0.689573 0.047111 0.035071
123 0.611333 0.736177 0.014667 0.035387
1920 0.542000 0.161769 0.036000 0.035387
3266 0.305778 0.551659 0.046222 0.035387
4385 0.233556 0.651501 0.056444 0.035387
83 0.388667 0.516746 0.023556 0.035703
4310 0.300000 0.728752 0.041778 0.035703
118 0.822000 0.623697 0.018222 0.036019
1799 0.906000 0.414850 0.033333 0.036019
60 0.684000 0.483728 0.036444 0.036019
3192 0.314444 0.370300 0.044889 0.036019
1644 0.228667 0.164613 0.049333 0.036019
121 0.828889 0.535703 0.024000 0.036335
4072 0.545111 0.237441 0.045778 0.036335
1193 0.464889 0.362085 0.041778 0.036651
53 0.684222 0.554028 0.018222 0.036967
2598 0.690667 0.384834 0.017778 0.037283
58 0.835556 0.206319 0.034667 0.037283
1799 0.464000 0.511848 0.036444 0.037283
1576 0.613556 0.623065 0.044889 0.037283
1871 0.456667 0.839810 0.055556 0.037283
376 0.833333 0.250079 0.057778 0.037599
121 0.312667 0.200316 0.027111 0.037915
322 0.687333 0.443286 0.067111 0.037915
119 0.836667 0.369194 0.019111 0.038231
121 0.310222 0.422275 0.028444 0.038231
68 0.390000 0.651501 0.006667 0.038547
119 0.697333 0.252449 0.016000 0.038547
1778 0.538000 0.833491 0.043111 0.038547
120 0.687778 0.521327 0.036000 0.039179
75 0.759778 0.420379 0.039556 0.039494
3153 0.393333 0.305687 0.048000 0.039494
560 0.835333 0.438231 0.044000 0.039810
485 0.691333 0.163507 0.040444 0.040126
4385 0.308000 0.892417 0.056000 0.040126
68 0.150444 0.473776 0.010222 0.040758
3322 0.392889 0.374566 0.031111 0.040758
4422 0.612000 0.164297 0.038222 0.041074
485 0.899778 0.716904 0.044889 0.041706
1316 0.610444 0.520695 0.052000 0.041706
1189 0.908889 0.508057 0.056889 0.041706
68 0.682000 0.786414 0.006667 0.042338
2818 0.546000 0.418641 0.044000 0.042338
2468 0.231778 0.801580 0.044889 0.042338
1364 0.907556 0.550395 0.055111 0.042338
1795 0.690222 0.314060 0.033778 0.042970
1438 0.149111 0.642338 0.036000 0.042970
3984 0.751333 0.751975 0.036000 0.042970
109 0.906667 0.247393 0.050667 0.042970
4528 0.756222 0.501264 0.027111 0.043286
3184 0.312222 0.265245 0.036889 0.043286
2429 0.232222 0.304265 0.029778 0.043602
1912 0.762222 0.283570 0.035556 0.043918
485 0.390667 0.557504 0.045333 0.043918
1856 0.908444 0.166035 0.033778 0.045182
314 0.391778 0.172354 0.037778 0.045182
1116 0.901111 0.646288 0.060889 0.045182
68 0.615556 0.680885 0.008000 0.046130
68 0.548000 0.533807 0.013333 0.046445
68 0.837778 0.166035 0.006222 0.047709
68 0.764444 0.342496 0.008000 0.048657
316 0.150889 0.713744 0.071556 0.048657
47 0.242667 0.551027 0.034667 0.049289
998 0.380444 0.752923 0.038222 0.049289
707 0.470667 0.201106 0.034667 0.052765
68 0.753778 0.855608 0.009778 0.054344
296 0.152000 0.423223 0.042667 0.057820
47 0.401556 0.410742 0.036889 0.058768
