92 0.794468 0.731741 0.028085 0.011869
128 0.359149 0.787432 0.006809 0.013694
92 0.641702 0.890596 0.033191 0.015520
1415 0.649149 0.337036 0.054894 0.015520
93 0.275532 0.414486 0.033617 0.015825
56 0.632979 0.570146 0.014894 0.018564
56 0.710426 0.279367 0.014043 0.018868
64 0.278085 0.217285 0.017447 0.019477
52 0.134043 0.334753 0.037447 0.020085
55 0.494681 0.629489 0.037872 0.020390
66 0.571277 0.349817 0.020000 0.021607
547 0.354043 0.409464 0.047660 0.021607
56 0.206596 0.611990 0.015745 0.021911
52 0.716170 0.816494 0.047660 0.021911
1002 0.346809 0.336884 0.071489 0.021911
56 0.135532 0.301126 0.045532 0.022824
52 0.713404 0.718351 0.046383 0.022824
56 0.714255 0.451004 0.018298 0.023128
92 0.277447 0.809799 0.018723 0.024954
70 0.790000 0.641814 0.044681 0.024954
119 0.572340 0.654595 0.019574 0.025563
252 0.570213 0.272672 0.034894 0.025563
81 0.708936 0.425137 0.044255 0.025563
91 0.136809 0.178941 0.047234 0.025563
259 0.635745 0.461351 0.057872 0.025563
75 0.354468 0.866859 0.046809 0.025867
113 0.711489 0.752435 0.050213 0.025867
51 0.713191 0.254717 0.038298 0.026172
71 0.791702 0.824559 0.050638 0.026476
88 0.712979 0.225198 0.027660 0.026780
89 0.127234 0.536823 0.050213 0.026780
92 0.715532 0.843731 0.014894 0.027085
107 0.422553 0.843427 0.020426 0.027085
251 0.199787 0.891205 0.054894 0.027085
111 0.131277 0.267498 0.033617 0.027389
126 0.644255 0.368533 0.045106 0.027389
1406 0.646809 0.267803 0.045957 0.027389
88 0.491064 0.597231 0.026383 0.027693
85 0.348723 0.894096 0.010638 0.027998
88 0.278511 0.562995 0.024255 0.027998
88 0.496596 0.382836 0.025532 0.027998
89 0.795106 0.384967 0.051489 0.027998
1173 0.430000 0.237066 0.053191 0.027998
111 0.342979 0.683049 0.035745 0.028302
91 0.494681 0.775259 0.046383 0.028302
92 0.278085 0.313755 0.019149 0.028606
76 0.569574 0.766281 0.023404 0.028606
85 0.716809 0.783475 0.013191 0.028911
88 0.428936 0.358643 0.029787 0.028911
66 0.425745 0.809799 0.019149 0.029215
88 0.794894 0.707243 0.023830 0.029215
83 0.342979 0.647292 0.036596 0.029215
74 0.276170 0.479458 0.017872 0.029519
70 0.277872 0.281649 0.038298 0.029519
85 0.638511 0.652161 0.011489 0.029823
88 0.131489 0.413116 0.023830 0.030128
95 0.492340 0.662355 0.041702 0.030128
115 0.425532 0.391205 0.046809 0.030128
68 0.345319 0.718351 0.047234 0.030128
91 0.642340 0.229610 0.048085 0.030128
2151 0.204681 0.391357 0.053617 0.030432
91 0.341277 0.373707 0.057021 0.030432
98 0.701277 0.480828 0.062128 0.030432
107 0.566596 0.841753 0.016596 0.031041
118 0.277872 0.247565 0.012766 0.031345
87 0.571489 0.424376 0.030638 0.031345
725 0.792128 0.561321 0.044681 0.031345
87 0.274681 0.344492 0.022553 0.031649
2489 0.715532 0.392270 0.048936 0.031649
111 0.411064 0.735697 0.038298 0.031954
91 0.272553 0.185484 0.058298 0.031954
88 0.206170 0.581254 0.025957 0.032258
89 0.718298 0.879184 0.056170 0.032258
2423 0.651915 0.307517 0.053617 0.032562
53 0.278298 0.600730 0.018723 0.032867
61 0.795532 0.670724 0.025106 0.032867
87 0.567447 0.625989 0.033617 0.032867
53 0.497021 0.464851 0.016170 0.033171
70 0.423830 0.656269 0.017021 0.033171
83 0.562766 0.686093 0.037872 0.033171
62 0.279362 0.840536 0.031064 0.033475
1345 0.202979 0.854078 0.033191 0.033780
81 0.272553 0.644400 0.040426 0.033780
119 0.276383 0.683810 0.020000 0.034084
87 0.133404 0.447961 0.031064 0.034084
83 0.706596 0.352404 0.036170 0.034084
111 0.787660 0.301887 0.040000 0.034084
4317 0.354043 0.544735 0.047660 0.034084
3913 0.502766 0.188679 0.049787 0.034084
1489 0.486383 0.697505 0.050213 0.034084
85 0.567234 0.587492 0.011064 0.034388
60 0.501277 0.292909 0.022979 0.034388
83 0.786596 0.218959 0.035319 0.034388
3192 0.793404 0.181223 0.041277 0.034388
750 0.416383 0.616099 0.056596 0.034388
253 0.792979 0.524346 0.035319 0.034693
1197 0.426809 0.320450 0.046809 0.034693
1444 0.791277 0.260043 0.045532 0.034997
683 0.274043 0.446592 0.053617 0.034997
118 0.791915 0.793366 0.017021 0.035301
87 0.209787 0.645466 0.034043 0.035301
83 0.265319 0.720329 0.036170 0.035301
58 0.426596 0.429245 0.016596 0.035606
111 0.782553 0.603926 0.038298 0.035606
102 0.802553 0.420116 0.048511 0.035606
83 0.415745 0.468046 0.028085 0.035910
111 0.341702 0.240110 0.038298 0.035910
51 0.421064 0.774194 0.045532 0.035910
78 0.568936 0.802952 0.028085 0.036214
4412 0.490426 0.736610 0.045532 0.036214
107 0.711915 0.603774 0.018723 0.036519
1613 0.499362 0.426050 0.057447 0.037127
981 0.568298 0.506999 0.065957 0.037127
58 0.711489 0.686853 0.017872 0.037736
78 0.567872 0.878576 0.028511 0.037736
3882 0.572553 0.730676 0.048936 0.037736
90 0.711915 0.644705 0.040851 0.038040
126 0.638298 0.497109 0.047660 0.038040
72 0.276170 0.381923 0.027234 0.038344
1934 0.645319 0.849665 0.040426 0.038344
728 0.422340 0.572428 0.060851 0.038344
86 0.580213 0.460286 0.028511 0.038649
1129 0.713404 0.186093 0.035319 0.038649
120 0.206596 0.348904 0.039574 0.038649
2836 0.642979 0.187918 0.042553 0.038649
122 0.492340 0.564973 0.042553 0.038649
2599 0.712340 0.522520 0.032340 0.038953
68 0.572766 0.379945 0.008511 0.039257
120 0.212979 0.684267 0.037021 0.039257
120 0.418936 0.696744 0.039574 0.039257
379 0.207234 0.307821 0.042553 0.039257
126 0.714894 0.557060 0.051064 0.039257
53 0.636383 0.538192 0.016596 0.039866
3664 0.566596 0.235545 0.045532 0.040170
102 0.213617 0.729763 0.045957 0.041388
120 0.349574 0.756999 0.035319 0.041692
717 0.344255 0.446439 0.059574 0.041996
76 0.276170 0.767651 0.029787 0.042301
119 0.131489 0.491479 0.034894 0.042605
3385 0.569574 0.314060 0.036170 0.042605
3756 0.426170 0.517042 0.049787 0.042605
1129 0.352766 0.495892 0.037447 0.042909
2983 0.427447 0.275107 0.039574 0.043214
2598 0.642766 0.412051 0.020851 0.043822
1856 0.129574 0.371881 0.039574 0.043822
1052 0.566809 0.553561 0.048511 0.043822
68 0.713191 0.307821 0.006809 0.044127
577 0.503404 0.340079 0.040000 0.044127
366 0.206809 0.536671 0.053617 0.044735
1856 0.637021 0.693853 0.033191 0.045648
1188 0.205106 0.190201 0.032340 0.046257
3283 0.343404 0.191875 0.032340 0.046561
121 0.277447 0.522824 0.045957 0.046865
268 0.567447 0.186701 0.037872 0.047170
1282 0.792766 0.767346 0.050213 0.047170
1297 0.133191 0.224285 0.045106 0.047474
126 0.281702 0.882836 0.054468 0.047474
126 0.501702 0.875076 0.051915 0.047778
1893 0.204255 0.476719 0.035745 0.048387
3665 0.208723 0.438071 0.046383 0.048387
3739 0.793617 0.346774 0.043404 0.048996
1354 0.424255 0.192179 0.045957 0.049604
505 0.351702 0.286671 0.033617 0.050517
505 0.639574 0.799452 0.034043 0.050517
68 0.423404 0.883293 0.008511 0.052039
68 0.795106 0.468655 0.008936 0.052952
68 0.643830 0.742544 0.007660 0.054169
1584 0.495532 0.823341 0.032766 0.055082
68 0.494894 0.513847 0.008511 0.057517
268 0.794681 0.875380 0.038723 0.058734
68 0.207660 0.248478 0.005106 0.059343
296 0.350213 0.819994 0.042553 0.061169
68 0.504255 0.241023 0.005957 0.063299
47 0.637021 0.602861 0.035745 0.063907
68 0.348936 0.592818 0.006809 0.067559
68 0.205957 0.795192 0.008511 0.074863
