101 0.257110 0.441430 0.031854 0.014706
101 0.372962 0.170385 0.032992 0.020284
64 0.133864 0.789300 0.012135 0.021805
56 0.137088 0.858773 0.015548 0.022819
83 0.368411 0.398073 0.023132 0.024341
83 0.541714 0.296653 0.026166 0.026369
119 0.541335 0.572262 0.017065 0.027890
120 0.258438 0.535497 0.013273 0.028398
91 0.313614 0.460446 0.021236 0.028398
553 0.427569 0.845842 0.029958 0.028398
553 0.485021 0.846349 0.031854 0.028398
68 0.257679 0.170639 0.003413 0.028905
60 0.313235 0.543864 0.013652 0.028905
83 0.255025 0.200558 0.022374 0.028905
60 0.135950 0.885649 0.014790 0.029919
91 0.137846 0.187373 0.023891 0.029919
98 0.372962 0.684077 0.020857 0.030426
60 0.425863 0.809077 0.013652 0.030933
64 0.540008 0.413032 0.016686 0.030933
51 0.312666 0.855730 0.021615 0.030933
598 0.256162 0.408976 0.032992 0.031947
91 0.312287 0.695233 0.020857 0.032454
88 0.479901 0.562627 0.027683 0.032961
126 0.314183 0.782708 0.028441 0.032961
598 0.368032 0.651876 0.032234 0.032961
120 0.082859 0.437373 0.014790 0.033976
88 0.542093 0.265974 0.027683 0.033976
495 0.081532 0.402383 0.037922 0.033976
119 0.428707 0.885396 0.013273 0.034483
119 0.253887 0.618154 0.019340 0.034483
63 0.310391 0.887424 0.020857 0.034483
67 0.083618 0.189148 0.024649 0.034483
88 0.369549 0.368408 0.025408 0.034990
109 0.543800 0.447008 0.025787 0.034990
88 0.135571 0.358773 0.026166 0.034990
119 0.195867 0.879564 0.012514 0.036004
88 0.195677 0.612830 0.024270 0.036004
119 0.486727 0.884381 0.014031 0.036511
111 0.540956 0.488337 0.015548 0.036511
88 0.425673 0.191176 0.026925 0.036511
60 0.485021 0.801471 0.015169 0.037018
2222 0.310011 0.823783 0.027683 0.037018
598 0.369359 0.140720 0.034888 0.037018
68 0.201934 0.650355 0.004171 0.038032
63 0.430224 0.540314 0.026166 0.038032
2885 0.370118 0.506085 0.021236 0.038540
126 0.371066 0.603955 0.023132 0.038540
126 0.428138 0.695233 0.025787 0.038540
3203 0.427569 0.652130 0.026166 0.038540
2222 0.544369 0.224645 0.029200 0.038540
495 0.138984 0.600913 0.032234 0.038540
126 0.197004 0.786765 0.026166 0.039047
126 0.138225 0.751268 0.027683 0.039047
107 0.136329 0.820740 0.026166 0.040061
126 0.485779 0.462221 0.027304 0.040061
87 0.255973 0.580375 0.027304 0.040061
126 0.255783 0.366633 0.023132 0.040568
51 0.543421 0.537525 0.027304 0.040568
88 0.253129 0.134635 0.023891 0.041075
2222 0.369549 0.328347 0.026166 0.041075
4564 0.311528 0.647819 0.032234 0.042089
121 0.138225 0.637931 0.019340 0.042596
58 0.077929 0.135396 0.027683 0.042596
126 0.202124 0.451826 0.031854 0.042596
2193 0.200417 0.494168 0.032992 0.043103
118 0.430224 0.500761 0.019340 0.044118
126 0.140690 0.462728 0.028821 0.044118
577 0.311339 0.413540 0.033371 0.044118
28 0.310011 0.141227 0.035267 0.044118
83 0.196625 0.691176 0.014031 0.044625
126 0.428707 0.294118 0.028441 0.044625
1174 0.137467 0.509635 0.028441 0.044625
28 0.484831 0.141481 0.032234 0.044625
2193 0.484073 0.513692 0.034509 0.044625
4132 0.195487 0.261663 0.035267 0.044625
680 0.194539 0.837982 0.022753 0.045132
710 0.134623 0.142748 0.031854 0.045132
4144 0.195867 0.198529 0.045127 0.045132
4214 0.426432 0.148834 0.032992 0.046146
3455 0.367653 0.556542 0.034509 0.046146
2404 0.427190 0.405172 0.029958 0.046653
3203 0.198521 0.743661 0.021615 0.047160
1354 0.427380 0.346602 0.027304 0.047160
2222 0.425484 0.247211 0.028821 0.047160
2404 0.313424 0.597110 0.029958 0.047160
4132 0.368411 0.218560 0.029958 0.048682
3984 0.311149 0.740365 0.029958 0.048682
757 0.426242 0.454868 0.033371 0.048682
1295 0.486348 0.347110 0.023891 0.049189
2267 0.485969 0.625507 0.036784 0.049189
1969 0.255973 0.249746 0.027304 0.050203
28 0.194729 0.142241 0.033750 0.050203
4573 0.483694 0.409483 0.036026 0.052231
108 0.080015 0.233266 0.028821 0.052738
4573 0.488244 0.200304 0.042093 0.052738
2320 0.198142 0.323276 0.037543 0.053245
3448 0.255404 0.315162 0.029200 0.054260
932 0.136708 0.412272 0.032992 0.054767
4679 0.312287 0.355984 0.036784 0.054767
4564 0.486727 0.272566 0.036784 0.055274
2404 0.307736 0.200558 0.039060 0.055274
4147 0.367653 0.275862 0.032234 0.056795
4679 0.309443 0.274594 0.042473 0.057302
4587 0.425673 0.601166 0.035267 0.058316
2197 0.137846 0.315416 0.029958 0.058824
4679 0.197763 0.400101 0.030717 0.058824
68 0.485969 0.681795 0.007205 0.060345
1174 0.074516 0.295892 0.036026 0.060345
3448 0.135192 0.698276 0.029958 0.060852
3500 0.483504 0.743154 0.027304 0.061359
3500 0.426811 0.756846 0.028441 0.064402
68 0.139173 0.557556 0.007584 0.065416
2438 0.253887 0.486055 0.035267 0.066430
2438 0.195298 0.557302 0.033371 0.066937
2438 0.541714 0.351927 0.036026 0.066937
68 0.080205 0.346095 0.005688 0.067444
2438 0.364808 0.451572 0.034888 0.068458
2438 0.134623 0.244929 0.033371 0.070994
4147 0.544558 0.161258 0.031854 0.075051
