128 0.818282 0.478694 0.017621 0.009622
128 0.400606 0.271993 0.019273 0.010653
92 0.654185 0.610309 0.034141 0.010997
93 0.581773 0.569931 0.046806 0.011340
128 0.653084 0.343986 0.015419 0.011684
92 0.487059 0.325430 0.025881 0.011684
92 0.816079 0.222680 0.029736 0.012371
101 0.019548 0.392612 0.015969 0.013402
93 0.172907 0.507732 0.046256 0.013402
56 0.819108 0.334708 0.019273 0.013746
62 0.824615 0.632646 0.022577 0.013746
85 0.827919 0.912715 0.028084 0.013746
93 0.579846 0.140893 0.047357 0.013746
56 0.082048 0.369072 0.015419 0.014433
56 0.245319 0.378351 0.017070 0.014433
113 0.816630 0.269072 0.045154 0.015120
861 0.018722 0.268900 0.013216 0.015464
110 0.570485 0.464261 0.026432 0.015808
81 0.158040 0.887629 0.038546 0.015808
93 0.334526 0.273196 0.045705 0.015808
56 0.014593 0.347251 0.004956 0.016151
88 0.079570 0.183162 0.017070 0.016495
120 0.824890 0.646048 0.017621 0.016495
57 0.334802 0.692440 0.033040 0.016495
81 0.405562 0.775601 0.039097 0.016495
81 0.401432 0.256701 0.040749 0.016495
1810 0.014868 0.120790 0.005507 0.016838
93 0.581222 0.644845 0.046806 0.016838
62 0.243667 0.207560 0.023678 0.017182
120 0.161894 0.720790 0.017621 0.017526
85 0.406663 0.522852 0.030286 0.017526
126 0.327919 0.888144 0.036894 0.017526
102 0.089482 0.579210 0.065529 0.017526
120 0.654460 0.475945 0.019273 0.017869
88 0.653634 0.235739 0.023128 0.017869
88 0.320485 0.530584 0.038546 0.017869
81 0.398954 0.206873 0.041300 0.017869
55 0.570485 0.512715 0.050661 0.017869
56 0.491465 0.776460 0.013767 0.018213
120 0.245044 0.780928 0.017621 0.018213
88 0.659967 0.823883 0.024780 0.018213
86 0.253029 0.857904 0.033590 0.018213
52 0.322687 0.652405 0.041850 0.018213
52 0.566905 0.281271 0.049009 0.018213
56 0.076542 0.202062 0.014317 0.018557
88 0.655837 0.404467 0.020925 0.018557
81 0.650330 0.328866 0.040749 0.018557
93 0.746696 0.582474 0.044053 0.018557
64 0.240914 0.530069 0.024780 0.018900
91 0.322137 0.387801 0.029736 0.018900
101 0.571861 0.557560 0.050110 0.018900
76 0.245044 0.761856 0.018722 0.019244
120 0.406112 0.441753 0.018172 0.019588
74 0.574615 0.911512 0.026982 0.019588
72 0.736233 0.563402 0.029736 0.019588
55 0.490088 0.526289 0.046256 0.019588
101 0.162445 0.389519 0.051762 0.019588
547 0.017896 0.174914 0.014868 0.019931
76 0.570209 0.300344 0.020374 0.019931
91 0.574615 0.862887 0.030286 0.019931
126 0.081498 0.889003 0.037445 0.019931
81 0.816355 0.463574 0.040198 0.019931
52 0.076817 0.219931 0.051211 0.019931
66 0.654736 0.147938 0.019824 0.020275
88 0.244218 0.623540 0.022577 0.020275
56 0.482379 0.166151 0.046256 0.020275
76 0.321586 0.152577 0.017621 0.020619
88 0.409416 0.569416 0.021476 0.020619
66 0.824890 0.783849 0.022026 0.020619
88 0.574890 0.778694 0.023128 0.020619
91 0.319934 0.209278 0.029736 0.020619
110 0.162445 0.678007 0.034141 0.020619
81 0.569108 0.419244 0.045705 0.020619
101 0.324615 0.614433 0.052313 0.020619
91 0.016520 0.328007 0.009912 0.020962
117 0.744493 0.632474 0.018722 0.020962
1868 0.326817 0.865120 0.034692 0.020962
95 0.824339 0.892268 0.038546 0.020962
52 0.816905 0.411512 0.039097 0.020962
89 0.081498 0.743471 0.044053 0.020962
102 0.164648 0.743127 0.057269 0.020962
76 0.821035 0.587285 0.019824 0.021306
64 0.569108 0.192096 0.025881 0.021306
108 0.159692 0.836942 0.015419 0.021649
88 0.492566 0.720790 0.018172 0.021649
89 0.323789 0.476117 0.042952 0.021649
96 0.328744 0.328694 0.048458 0.021649
120 0.243667 0.227148 0.014868 0.021993
83 0.738161 0.881100 0.034692 0.021993
89 0.483205 0.143299 0.041300 0.021993
1605 0.323513 0.909622 0.057819 0.021993
91 0.491740 0.676804 0.028634 0.022337
91 0.820760 0.729038 0.029185 0.022337
91 0.080947 0.796735 0.031938 0.022337
252 0.485958 0.696735 0.045705 0.022337
66 0.404736 0.148110 0.023128 0.022680
83 0.155837 0.811340 0.031938 0.022680
87 0.407214 0.879038 0.032489 0.022680
91 0.734581 0.372852 0.033040 0.022680
98 0.731828 0.183162 0.045154 0.022680
60 0.485132 0.185052 0.014317 0.023024
85 0.490914 0.547938 0.018172 0.023024
117 0.160518 0.555155 0.023678 0.023024
548 0.655837 0.532818 0.029736 0.023024
287 0.817731 0.315636 0.036344 0.023024
115 0.079846 0.528694 0.044053 0.023024
76 0.013491 0.368729 0.006057 0.023368
88 0.243117 0.254296 0.019273 0.023368
118 0.666024 0.907216 0.022577 0.023368
83 0.237059 0.119244 0.029185 0.023368
87 0.659416 0.881443 0.031388 0.023368
126 0.825165 0.835052 0.034692 0.023368
71 0.414648 0.420962 0.040749 0.023368
98 0.076267 0.349141 0.042401 0.023368
1415 0.818007 0.244674 0.045705 0.023368
121 0.322687 0.256701 0.050661 0.023368
2151 0.241740 0.908591 0.050661 0.023368
1002 0.242566 0.806529 0.052313 0.023368
3053 0.323789 0.591924 0.019824 0.023711
91 0.654736 0.560309 0.033040 0.023711
885 0.408590 0.628694 0.055066 0.023711
85 0.406388 0.360137 0.016520 0.024055
85 0.324339 0.629210 0.017621 0.024055
118 0.086178 0.720275 0.023678 0.024055
87 0.240914 0.425773 0.039097 0.024055
83 0.648954 0.454639 0.040198 0.024055
119 0.410242 0.795704 0.015419 0.024399
85 0.408315 0.691581 0.015969 0.024399
111 0.572963 0.730069 0.025881 0.024399
105 0.324064 0.230756 0.045705 0.024399
505 0.080672 0.910825 0.046806 0.024399
85 0.408866 0.851546 0.014868 0.024742
85 0.406388 0.497595 0.015419 0.024742
58 0.572412 0.836770 0.022577 0.024742
91 0.814978 0.116151 0.034141 0.024742
108 0.816630 0.141065 0.018722 0.025086
74 0.326267 0.671993 0.021476 0.025086
78 0.244769 0.357560 0.032489 0.025086
115 0.241740 0.480928 0.039648 0.025086
95 0.569108 0.393299 0.043502 0.025086
95 0.484306 0.118041 0.045705 0.025086
732 0.742015 0.608076 0.056718 0.025086
60 0.242015 0.398625 0.015969 0.025430
107 0.738987 0.721993 0.029736 0.025430
2677 0.574064 0.668729 0.030286 0.025430
126 0.737059 0.468729 0.032489 0.025430
87 0.655011 0.660137 0.037996 0.025430
68 0.078194 0.689003 0.046256 0.025430
121 0.242015 0.740893 0.047907 0.025430
121 0.655837 0.302062 0.053965 0.025430
1163 0.735683 0.907216 0.060573 0.025430
68 0.826817 0.807045 0.006057 0.025773
118 0.744493 0.280584 0.020925 0.025773
66 0.570485 0.165120 0.022026 0.025773
118 0.576817 0.445189 0.024780 0.025773
90 0.570209 0.119416 0.040198 0.025773
503 0.572687 0.754811 0.041850 0.025773
1938 0.482930 0.409450 0.052863 0.025773
3663 0.652258 0.211512 0.057819 0.025773
111 0.572412 0.534708 0.021476 0.026117
126 0.489262 0.469416 0.033590 0.026117
1174 0.818833 0.167698 0.042952 0.026117
105 0.164648 0.908935 0.045154 0.026117
2395 0.083976 0.771134 0.049009 0.026117
85 0.820485 0.387113 0.014317 0.026460
111 0.079020 0.659966 0.023678 0.026460
111 0.240363 0.878866 0.023678 0.026460
91 0.819659 0.534192 0.039097 0.026460
2223 0.486509 0.302577 0.044604 0.026460
1927 0.820485 0.671649 0.049559 0.026460
85 0.162996 0.784192 0.015419 0.026804
74 0.570760 0.218557 0.023678 0.026804
118 0.164097 0.702062 0.026432 0.026804
78 0.324064 0.179381 0.030286 0.026804
4082 0.740088 0.855670 0.040749 0.026804
95 0.816630 0.435395 0.042952 0.026804
52 0.159692 0.533333 0.045154 0.026804
980 0.655837 0.502405 0.059471 0.026804
111 0.405562 0.545189 0.025881 0.027148
126 0.407764 0.121134 0.032489 0.027148
1441 0.158315 0.622852 0.051211 0.027148
60 0.081498 0.553265 0.015419 0.027491
119 0.823513 0.614433 0.020374 0.027491
117 0.164097 0.228866 0.022026 0.027491
2423 0.403634 0.331615 0.044053 0.027491
2448 0.407764 0.722337 0.050110 0.027491
119 0.732379 0.121134 0.029736 0.027835
51 0.159967 0.366495 0.036894 0.027835
268 0.740088 0.825601 0.044053 0.027835
2432 0.408040 0.827320 0.051762 0.027835
1774 0.574339 0.885395 0.056167 0.027835
2395 0.497247 0.906701 0.060573 0.027835
85 0.571586 0.487629 0.014317 0.028179
118 0.244218 0.715120 0.029185 0.028179
91 0.486509 0.383849 0.031388 0.028179
121 0.572687 0.624399 0.031938 0.028179
87 0.159141 0.861856 0.034141 0.028179
1296 0.484857 0.276289 0.041300 0.028179
3735 0.569383 0.592784 0.042952 0.028179
2885 0.325991 0.743986 0.045154 0.028179
1615 0.241740 0.653265 0.051762 0.028179
60 0.078469 0.391237 0.013767 0.028522
3022 0.485132 0.247938 0.050661 0.028522
4059 0.321035 0.412543 0.053965 0.028522
1642 0.829846 0.865464 0.060573 0.028522
60 0.568557 0.325086 0.013767 0.028866
108 0.654736 0.631271 0.019824 0.028866
273 0.326267 0.774227 0.035793 0.028866
549 0.650330 0.586254 0.037445 0.028866
514 0.322963 0.300000 0.049009 0.028866
1935 0.490914 0.439175 0.054515 0.028866
1821 0.822412 0.701203 0.047907 0.029210
1400 0.322963 0.808076 0.049009 0.029210
1666 0.821035 0.560653 0.062775 0.029210
68 0.164648 0.757045 0.011013 0.029553
60 0.242015 0.506529 0.014868 0.029553
62 0.406388 0.233333 0.037445 0.029553
2924 0.084802 0.824055 0.052863 0.029553
1413 0.654460 0.119931 0.066630 0.029553
68 0.325165 0.714948 0.012665 0.029897
119 0.816355 0.289519 0.020374 0.029897
376 0.243667 0.833162 0.052313 0.029897
3940 0.241740 0.149313 0.040749 0.030584
2435 0.732930 0.245876 0.048458 0.030584
3959 0.083425 0.631787 0.051211 0.030584
2426 0.823238 0.755498 0.052863 0.030584
119 0.408040 0.906186 0.020925 0.030928
121 0.655837 0.727148 0.029736 0.030928
95 0.078469 0.281443 0.043502 0.030928
2621 0.657214 0.851203 0.044604 0.030928
4260 0.321861 0.507904 0.051211 0.030928
3942 0.735407 0.535052 0.058921 0.030928
4203 0.656112 0.797423 0.046806 0.031271
53 0.407489 0.753265 0.016520 0.031615
119 0.240914 0.181787 0.019273 0.031615
62 0.493943 0.799313 0.036344 0.031615
4348 0.242841 0.324742 0.042952 0.031615
4312 0.244493 0.684880 0.046256 0.031615
119 0.159141 0.413230 0.025330 0.031959
1428 0.410518 0.596564 0.039097 0.032302
1587 0.080947 0.421993 0.048458 0.032302
4403 0.738987 0.691409 0.049559 0.032302
68 0.491465 0.575086 0.006057 0.032646
119 0.737059 0.212199 0.017070 0.032646
1427 0.403084 0.390550 0.055066 0.032646
68 0.013767 0.203436 0.003304 0.032990
68 0.820760 0.357732 0.007159 0.032990
68 0.814427 0.198282 0.013216 0.032990
83 0.322137 0.123711 0.016520 0.032990
58 0.081222 0.599656 0.021476 0.032990
111 0.651982 0.430584 0.023128 0.032990
3552 0.651156 0.692440 0.053414 0.032990
1385 0.160242 0.159794 0.058370 0.032990
68 0.161619 0.650687 0.009361 0.033333
2144 0.574064 0.808419 0.046806 0.033333
1607 0.078744 0.122852 0.052863 0.033333
1880 0.161068 0.443986 0.045705 0.033677
1777 0.321586 0.359107 0.048458 0.033677
119 0.737059 0.660653 0.031388 0.034021
121 0.651982 0.176804 0.031938 0.034021
4524 0.488987 0.645533 0.044053 0.034021
3115 0.075991 0.249656 0.049559 0.034021
2261 0.329570 0.840034 0.054515 0.034021
3100 0.575716 0.699141 0.055617 0.034021
119 0.162996 0.334708 0.020925 0.034364
4483 0.161068 0.124399 0.036894 0.034364
4524 0.733480 0.438832 0.047357 0.034364
1777 0.818007 0.504124 0.050110 0.034364
2159 0.736784 0.402062 0.051762 0.034364
119 0.162445 0.260309 0.017621 0.034708
653 0.405562 0.300172 0.043502 0.034708
122 0.241740 0.560997 0.046256 0.034708
2159 0.494769 0.609450 0.049009 0.034708
1035 0.076817 0.155155 0.051211 0.034708
3038 0.079020 0.858076 0.053414 0.035052
68 0.406388 0.177491 0.008811 0.035395
4483 0.160518 0.195017 0.044604 0.035395
1584 0.571586 0.252577 0.029736 0.035739
84 0.750826 0.754296 0.035793 0.035739
1917 0.320485 0.447423 0.039648 0.035739
3798 0.319934 0.562199 0.048458 0.035739
1777 0.241189 0.597595 0.048458 0.035739
2856 0.488711 0.750515 0.052313 0.035739
347 0.490088 0.501718 0.057269 0.035739
119 0.240088 0.456186 0.022026 0.036770
957 0.399504 0.473368 0.040198 0.036770
1354 0.733480 0.501203 0.044053 0.036770
83 0.014593 0.238488 0.006057 0.037113
83 0.490639 0.830928 0.016520 0.037113
1921 0.240914 0.286598 0.054515 0.037113
929 0.658590 0.264605 0.058370 0.037113
1567 0.570485 0.361856 0.058370 0.037113
1796 0.159967 0.482131 0.058921 0.037113
83 0.655837 0.760653 0.015419 0.037457
1573 0.080121 0.457216 0.045705 0.037457
83 0.481828 0.217182 0.017621 0.037801
1927 0.488987 0.351203 0.049559 0.037801
3486 0.493392 0.869931 0.046256 0.038144
68 0.736233 0.300687 0.031938 0.038488
681 0.161894 0.297251 0.040749 0.038488
1018 0.736509 0.339863 0.052313 0.038488
1584 0.656112 0.371993 0.030286 0.038832
83 0.732104 0.155670 0.017070 0.039175
2909 0.078194 0.318557 0.041850 0.039175
2935 0.739813 0.793814 0.051211 0.039175
83 0.079020 0.495361 0.015969 0.039519
2674 0.412170 0.661856 0.057819 0.039863
47 0.166575 0.582990 0.023678 0.049141
