246 0.313617 0.247564 0.044255 0.003333
200 0.742766 0.600256 0.020000 0.005641
200 0.662340 0.664744 0.017447 0.005897
92 0.479574 0.519872 0.024681 0.012564
698 0.477234 0.286538 0.025106 0.015128
101 0.152766 0.419615 0.041702 0.015128
91 0.233617 0.285513 0.033191 0.015641
251 0.311277 0.685256 0.048085 0.016154
56 0.067660 0.512564 0.013617 0.016923
698 0.553830 0.785513 0.026809 0.017179
495 0.635532 0.652821 0.045532 0.017436
91 0.396596 0.453718 0.032340 0.017692
91 0.316596 0.314359 0.030638 0.017949
52 0.147021 0.718718 0.030213 0.018462
101 0.232553 0.850769 0.035319 0.018462
91 0.061702 0.821923 0.034043 0.018718
91 0.720851 0.820128 0.028085 0.019231
495 0.722340 0.587308 0.060851 0.019231
88 0.729362 0.454359 0.022979 0.019487
91 0.151489 0.583590 0.029787 0.019487
252 0.312553 0.413974 0.039574 0.020256
88 0.722766 0.716923 0.020851 0.020513
64 0.725745 0.523718 0.021702 0.020769
88 0.235532 0.493462 0.024255 0.020769
91 0.233191 0.382692 0.032340 0.021282
127 0.640213 0.819615 0.037872 0.021282
88 0.477234 0.784359 0.024255 0.021538
58 0.638085 0.717179 0.037021 0.021538
88 0.560000 0.350641 0.024681 0.021795
91 0.063191 0.887564 0.027660 0.021795
109 0.560638 0.484744 0.042979 0.021795
102 0.559149 0.549231 0.041702 0.022051
126 0.638298 0.619103 0.024681 0.022308
118 0.069149 0.373333 0.016596 0.022564
710 0.060638 0.788205 0.040426 0.022564
88 0.642340 0.253205 0.022553 0.022821
91 0.231064 0.556538 0.030638 0.022821
91 0.064255 0.621667 0.031489 0.022821
68 0.067234 0.312692 0.036596 0.022821
710 0.554681 0.250897 0.042128 0.022821
56 0.313404 0.792821 0.015745 0.023077
2586 0.473830 0.250513 0.037021 0.023077
2555 0.474043 0.616538 0.043404 0.023333
691 0.151064 0.885256 0.054468 0.023333
65 0.727660 0.680000 0.029787 0.023590
91 0.314894 0.453077 0.030638 0.023590
92 0.557447 0.815897 0.032340 0.024103
126 0.060426 0.757821 0.034894 0.024359
123 0.069787 0.477692 0.019574 0.024615
126 0.228723 0.617949 0.031915 0.024615
691 0.237021 0.881282 0.047660 0.024615
1952 0.235957 0.314872 0.048085 0.024615
126 0.315745 0.382692 0.034043 0.024872
1173 0.727234 0.351923 0.040000 0.024872
126 0.313830 0.652308 0.031064 0.025128
1113 0.474681 0.817949 0.040426 0.025128
3584 0.234043 0.649231 0.054468 0.025128
68 0.723617 0.883718 0.007234 0.025385
1952 0.395319 0.348590 0.046809 0.025385
51 0.147872 0.617179 0.032766 0.025641
55 0.151489 0.491538 0.035745 0.025641
95 0.727660 0.319744 0.036596 0.025641
91 0.317234 0.585897 0.053191 0.025641
932 0.637234 0.550000 0.054894 0.025641
64 0.640851 0.319615 0.016170 0.025897
93 0.154043 0.285000 0.028936 0.025897
113 0.641277 0.485000 0.039149 0.025897
83 0.065319 0.280000 0.025957 0.026154
83 0.562340 0.449231 0.026809 0.026154
2167 0.479574 0.682564 0.045106 0.026154
1952 0.148298 0.551026 0.051489 0.026154
83 0.147660 0.850385 0.023830 0.026410
95 0.478936 0.453205 0.037021 0.026410
1952 0.060213 0.853205 0.053191 0.026410
68 0.557234 0.885128 0.005532 0.026667
85 0.642553 0.451538 0.017021 0.026667
1295 0.233191 0.349231 0.039149 0.026667
119 0.312340 0.818077 0.018723 0.026923
1799 0.475106 0.485769 0.033617 0.026923
2222 0.640426 0.422692 0.040851 0.026923
68 0.148085 0.252308 0.043404 0.027179
327 0.396170 0.485641 0.043404 0.027179
2193 0.148723 0.381026 0.050638 0.027179
252 0.066170 0.252821 0.028511 0.027692
66 0.230426 0.786410 0.028511 0.027692
2769 0.563191 0.318974 0.057447 0.027692
91 0.474468 0.720897 0.030638 0.027949
51 0.555957 0.623718 0.035319 0.027949
77 0.151277 0.742179 0.042128 0.027949
76 0.721915 0.622821 0.040426 0.028205
1799 0.391702 0.518974 0.042979 0.028205
88 0.229574 0.715769 0.015745 0.028462
667 0.398298 0.420128 0.046809 0.028462
83 0.640638 0.883846 0.026809 0.028718
79 0.319574 0.485128 0.038298 0.028718
667 0.067447 0.584359 0.040426 0.028718
523 0.313617 0.280769 0.049362 0.028718
118 0.728936 0.292179 0.017021 0.028974
119 0.314255 0.879359 0.019149 0.028974
330 0.314894 0.552436 0.042553 0.028974
56 0.552340 0.720897 0.045106 0.028974
1952 0.313617 0.350385 0.055319 0.028974
85 0.642340 0.586154 0.014043 0.029231
1788 0.471915 0.584103 0.042553 0.029231
66 0.147872 0.822179 0.023404 0.029487
1476 0.555957 0.852949 0.042979 0.029487
1818 0.722128 0.752436 0.043404 0.029487
1396 0.473617 0.648846 0.053617 0.029487
2769 0.721915 0.420641 0.061702 0.029487
58 0.153404 0.519487 0.022553 0.029744
56 0.557660 0.387051 0.020000 0.030000
58 0.064255 0.726795 0.030638 0.030000
552 0.312128 0.718590 0.032766 0.030000
126 0.150638 0.685513 0.033191 0.030000
93 0.067660 0.346667 0.027234 0.030256
1579 0.312766 0.620769 0.049362 0.030256
117 0.477234 0.318846 0.022553 0.030513
107 0.727447 0.652564 0.023404 0.030769
1976 0.231489 0.585641 0.048511 0.030769
56 0.637021 0.755897 0.017021 0.031282
83 0.231489 0.745897 0.033191 0.031282
268 0.234681 0.525385 0.037021 0.031282
56 0.067872 0.449487 0.041277 0.031282
107 0.557234 0.653846 0.019149 0.031795
1295 0.395106 0.388974 0.033617 0.031795
118 0.237447 0.816538 0.020426 0.032051
70 0.559787 0.519359 0.025957 0.032051
3883 0.232766 0.685256 0.038298 0.032051
4090 0.476170 0.423590 0.035745 0.032308
3375 0.474468 0.549744 0.045957 0.032308
118 0.153617 0.314487 0.014468 0.032564
60 0.150213 0.646538 0.017021 0.032564
1797 0.065319 0.655256 0.042128 0.032564
118 0.556596 0.752051 0.025532 0.032821
58 0.311064 0.848205 0.031489 0.032821
58 0.642128 0.515000 0.021277 0.033590
117 0.635106 0.688590 0.025106 0.033590
62 0.563830 0.419103 0.032340 0.033590
1270 0.718723 0.786282 0.042553 0.033590
68 0.639574 0.851154 0.005957 0.034103
60 0.149362 0.348077 0.018723 0.034103
51 0.727872 0.259615 0.035319 0.034103
1286 0.235745 0.253718 0.045106 0.034103
119 0.553404 0.687179 0.024255 0.034359
3375 0.557872 0.285897 0.048511 0.034359
60 0.315532 0.517051 0.014894 0.034615
122 0.479362 0.351795 0.041277 0.034872
77 0.722979 0.853077 0.042553 0.035385
2354 0.151915 0.450128 0.047660 0.035641
63 0.640638 0.790385 0.036170 0.036667
4435 0.476170 0.755000 0.037447 0.036667
70 0.641702 0.287949 0.024681 0.036923
60 0.233830 0.464231 0.023404 0.037179
3375 0.724894 0.385641 0.054043 0.037949
68 0.478298 0.389615 0.008511 0.038718
93 0.318936 0.759615 0.037021 0.038718
68 0.639574 0.352308 0.008511 0.038974
68 0.149149 0.775897 0.012340 0.038974
68 0.065532 0.691667 0.009362 0.039744
60 0.066383 0.404744 0.019574 0.039744
4147 0.640638 0.388590 0.051489 0.039744
70 0.723617 0.492692 0.025106 0.040769
68 0.722128 0.555256 0.009362 0.041795
68 0.477234 0.858333 0.006383 0.042308
68 0.558723 0.587564 0.009362 0.043846
68 0.068936 0.544103 0.011064 0.045641
