246 0.769857 0.591561 0.031229 0.005780
52 0.252546 0.435491 0.024440 0.009017
101 0.404786 0.339538 0.036320 0.009480
120 0.544807 0.905318 0.014936 0.012254
173 0.112525 0.716185 0.023422 0.013179
91 0.691616 0.452601 0.026816 0.013179
88 0.470468 0.212948 0.025798 0.013873
91 0.544637 0.776879 0.026137 0.013873
56 0.621860 0.375145 0.012220 0.014104
91 0.403768 0.720578 0.026137 0.014566
88 0.695689 0.577919 0.028853 0.014566
88 0.765275 0.241272 0.030210 0.014566
88 0.327054 0.788324 0.030889 0.014566
102 0.186524 0.763815 0.039036 0.014566
56 0.474711 0.574335 0.010523 0.014798
120 0.184487 0.406012 0.015275 0.014798
88 0.693652 0.789827 0.028174 0.014798
91 0.108452 0.784624 0.023422 0.015029
120 0.692804 0.770289 0.014936 0.015491
88 0.254582 0.607283 0.027155 0.015491
91 0.617108 0.261387 0.028513 0.015491
1810 0.325017 0.872832 0.017990 0.015723
88 0.545146 0.591908 0.028513 0.015723
1810 0.110149 0.259306 0.015954 0.015954
91 0.324678 0.741850 0.022743 0.015954
91 0.109131 0.241040 0.024779 0.015954
88 0.473693 0.879422 0.025458 0.015954
88 0.619314 0.304855 0.027495 0.015954
88 0.616599 0.221387 0.030210 0.015954
126 0.768160 0.526590 0.029871 0.016416
189 0.622709 0.439306 0.012559 0.016647
91 0.768160 0.628439 0.025798 0.016647
88 0.619484 0.714220 0.025798 0.016647
126 0.402071 0.885318 0.026137 0.016647
88 0.766463 0.343237 0.029871 0.016879
119 0.474711 0.492601 0.016633 0.017341
547 0.403428 0.904162 0.031568 0.017341
56 0.475051 0.475145 0.010523 0.017572
88 0.323999 0.900578 0.026816 0.017572
88 0.325696 0.378497 0.028174 0.017572
72 0.253734 0.678035 0.026816 0.017803
88 0.400373 0.585549 0.027495 0.017803
2595 0.327393 0.723121 0.027495 0.017803
88 0.833673 0.332601 0.028513 0.017803
173 0.621012 0.610289 0.023422 0.018266
91 0.473863 0.723584 0.024440 0.018266
83 0.542600 0.191329 0.024779 0.018266
88 0.767312 0.451214 0.026137 0.018266
2595 0.617617 0.242890 0.028174 0.018266
251 0.475051 0.673179 0.030889 0.018266
76 0.767312 0.548439 0.026816 0.018497
72 0.766124 0.752486 0.027155 0.018728
88 0.184827 0.631329 0.028174 0.018728
98 0.110149 0.674566 0.032247 0.018728
76 0.692974 0.753179 0.017990 0.019191
1396 0.470299 0.192717 0.028853 0.019191
547 0.329090 0.585087 0.032247 0.019191
2151 0.323150 0.242428 0.032587 0.019191
1415 0.766633 0.877572 0.033605 0.019191
58 0.691955 0.222197 0.026816 0.019422
287 0.186354 0.841156 0.039375 0.019422
117 0.109470 0.281734 0.014596 0.019653
119 0.400883 0.482428 0.014936 0.019653
4162 0.763578 0.219538 0.023422 0.019653
62 0.254413 0.241040 0.024100 0.019653
2595 0.327733 0.359653 0.026137 0.019653
109 0.693143 0.328208 0.031229 0.019653
252 0.400543 0.508555 0.032587 0.019653
56 0.693313 0.350405 0.011202 0.020116
117 0.401901 0.462543 0.013578 0.020116
88 0.766972 0.678960 0.030889 0.020116
1762 0.255092 0.297457 0.034963 0.020116
2984 0.698574 0.600347 0.035302 0.020116
117 0.545485 0.314220 0.010862 0.020347
119 0.623048 0.508671 0.015954 0.020347
3553 0.184997 0.427283 0.024440 0.020347
51 0.766972 0.827746 0.026137 0.020347
58 0.694501 0.704740 0.029871 0.020347
70 0.185675 0.387746 0.031229 0.020347
1834 0.324678 0.263353 0.031568 0.020347
111 0.113035 0.587861 0.016293 0.020578
2678 0.693313 0.472948 0.032247 0.020578
1834 0.769518 0.608208 0.032587 0.020578
121 0.546164 0.263699 0.020367 0.021040
121 0.186864 0.479191 0.028174 0.021040
113 0.473863 0.592254 0.031229 0.021040
978 0.254073 0.563584 0.033605 0.021040
632 0.186524 0.719884 0.034284 0.021040
108 0.253394 0.471792 0.034963 0.021040
1639 0.400713 0.320347 0.036999 0.021040
76 0.253734 0.450636 0.020027 0.021272
83 0.616599 0.867052 0.020027 0.021272
81 0.253055 0.220347 0.026137 0.021272
2885 0.471656 0.400231 0.026816 0.021272
126 0.623388 0.354913 0.028174 0.021272
58 0.473014 0.258497 0.029532 0.021272
978 0.766293 0.705434 0.031568 0.021272
85 0.473693 0.553642 0.010523 0.021503
87 0.253564 0.758960 0.019009 0.021503
76 0.623218 0.486821 0.020367 0.021503
126 0.325017 0.284277 0.026137 0.021503
1476 0.474711 0.452601 0.030210 0.021503
91 0.326375 0.567514 0.032247 0.021503
1834 0.403259 0.675029 0.032587 0.021503
68 0.691107 0.371445 0.005431 0.021965
119 0.694671 0.896069 0.018669 0.021965
252 0.766633 0.320809 0.024779 0.021965
58 0.185166 0.779653 0.019348 0.022197
126 0.327733 0.699422 0.021385 0.022197
126 0.401052 0.295954 0.024100 0.022197
287 0.322980 0.217572 0.025458 0.022197
62 0.624406 0.393295 0.025458 0.022197
4402 0.474033 0.747514 0.028853 0.022197
95 0.111168 0.384740 0.030210 0.022197
4260 0.111507 0.695607 0.019348 0.022428
126 0.697217 0.650751 0.025798 0.022428
3231 0.543958 0.858382 0.026137 0.022428
126 0.475390 0.827168 0.027495 0.022428
126 0.403768 0.405434 0.028853 0.022428
2885 0.543618 0.215376 0.029532 0.022428
58 0.549219 0.519884 0.032587 0.022428
70 0.322132 0.194335 0.014936 0.022890
126 0.551595 0.466474 0.025798 0.022890
1881 0.695350 0.812370 0.031568 0.022890
2617 0.328581 0.766127 0.036660 0.022890
1707 0.762220 0.730520 0.039715 0.022890
2617 0.621521 0.282428 0.040733 0.022890
119 0.619145 0.760925 0.014936 0.023121
92 0.476069 0.648092 0.020706 0.023121
92 0.179566 0.897572 0.024440 0.023121
3136 0.764087 0.370405 0.027155 0.023121
126 0.329430 0.482543 0.027495 0.023121
2885 0.543279 0.830983 0.027495 0.023121
686 0.696538 0.839306 0.028513 0.023121
2395 0.767821 0.501965 0.029871 0.023121
1435 0.619993 0.589595 0.031568 0.023121
1401 0.766293 0.900809 0.032926 0.023121
2984 0.472675 0.316069 0.033605 0.023121
1174 0.187712 0.528786 0.033944 0.023121
2984 0.550407 0.440925 0.036999 0.023121
3256 0.621690 0.329942 0.039036 0.023121
85 0.109980 0.361965 0.010862 0.023353
107 0.469111 0.236185 0.012220 0.023353
60 0.253564 0.415145 0.013578 0.023353
107 0.617957 0.843353 0.015275 0.023353
70 0.835370 0.421387 0.017651 0.023353
92 0.545655 0.726590 0.020027 0.023353
253 0.766124 0.424855 0.020367 0.023353
2590 0.180414 0.255607 0.022064 0.023353
401 0.111507 0.767746 0.027495 0.023353
120 0.111677 0.895145 0.028513 0.023353
95 0.545316 0.887052 0.028853 0.023353
71 0.331466 0.336532 0.031568 0.023353
1385 0.403259 0.355954 0.032587 0.023353
76 0.115071 0.514566 0.020367 0.023815
92 0.471996 0.342081 0.021385 0.023815
87 0.619654 0.737457 0.023422 0.023815
88 0.620672 0.562659 0.028174 0.023815
254 0.253904 0.630173 0.031229 0.023815
680 0.690767 0.398728 0.032587 0.023815
560 0.108961 0.218844 0.033944 0.023815
119 0.114562 0.538497 0.013917 0.024046
3347 0.399355 0.250636 0.025458 0.024046
2369 0.474372 0.900347 0.031568 0.024046
2984 0.545316 0.705202 0.035642 0.024046
58 0.323999 0.846590 0.015954 0.024277
93 0.188730 0.501618 0.016293 0.024277
87 0.691955 0.276879 0.018669 0.024277
58 0.833842 0.508555 0.023422 0.024277
83 0.251188 0.867861 0.024440 0.024277
58 0.254073 0.586936 0.028853 0.024277
3089 0.115411 0.466243 0.032587 0.024277
1887 0.545316 0.614451 0.032926 0.024277
1439 0.692634 0.498613 0.033605 0.024277
119 0.110489 0.303931 0.015275 0.024740
119 0.253734 0.782081 0.016633 0.024740
51 0.181602 0.279653 0.025798 0.024740
3347 0.546673 0.754566 0.027495 0.024740
370 0.253394 0.654451 0.032926 0.024740
1295 0.251697 0.196185 0.033605 0.024740
1193 0.618466 0.463699 0.036660 0.024740
2162 0.548710 0.366358 0.036999 0.024740
4260 0.184997 0.609480 0.020367 0.024971
58 0.765445 0.570173 0.024440 0.024971
2587 0.474372 0.426127 0.031568 0.024971
2844 0.696198 0.625665 0.032587 0.024971
1673 0.107094 0.194451 0.034284 0.024971
2632 0.111168 0.807168 0.034963 0.024971
119 0.546164 0.336994 0.017651 0.025202
111 0.187542 0.657225 0.019348 0.025202
301 0.617278 0.196647 0.022064 0.025202
562 0.545316 0.241965 0.030210 0.025202
2844 0.401222 0.770289 0.031229 0.025202
348 0.622709 0.416994 0.034284 0.025202
333 0.402919 0.275954 0.035302 0.025202
92 0.179905 0.227630 0.020367 0.025665
2844 0.400034 0.381618 0.029532 0.025665
2844 0.471826 0.802890 0.029871 0.025665
710 0.400883 0.698613 0.031229 0.025665
2836 0.398337 0.564046 0.031568 0.025665
3741 0.111677 0.411214 0.032587 0.025665
1562 0.764936 0.196185 0.032926 0.025665
316 0.766802 0.809133 0.043449 0.025665
87 0.110149 0.868439 0.024100 0.025896
58 0.327054 0.458497 0.030210 0.025896
102 0.327223 0.432601 0.032587 0.025896
2222 0.837237 0.357919 0.033605 0.025896
2844 0.327054 0.675376 0.033605 0.025896
4454 0.114392 0.652254 0.033944 0.025896
91 0.188561 0.585665 0.034284 0.025896
85 0.113714 0.564509 0.009504 0.026127
1396 0.396979 0.222775 0.025458 0.026127
71 0.621351 0.631792 0.030210 0.026127
2984 0.404447 0.743931 0.033605 0.026127
2984 0.326375 0.645665 0.034284 0.026127
1193 0.614392 0.896301 0.035302 0.026127
68 0.255431 0.839653 0.007128 0.026590
60 0.401052 0.827399 0.012559 0.026590
119 0.692974 0.302543 0.014596 0.026590
1831 0.476069 0.620231 0.028853 0.026590
3175 0.113883 0.493295 0.031568 0.026590
846 0.618635 0.691214 0.031568 0.026590
4086 0.324678 0.310173 0.036320 0.026590
91 0.549219 0.416301 0.038018 0.026590
81 0.183299 0.305434 0.027155 0.026821
3353 0.327733 0.509133 0.029532 0.026821
3353 0.250849 0.322312 0.029871 0.026821
1463 0.253564 0.387746 0.032587 0.026821
83 0.764596 0.473873 0.013238 0.027052
107 0.833842 0.446590 0.026816 0.027052
3562 0.766124 0.266936 0.033944 0.027052
981 0.547013 0.289827 0.034963 0.027052
58 0.763238 0.395723 0.015954 0.027514
119 0.547692 0.396647 0.017312 0.027514
3453 0.326544 0.403815 0.029871 0.027514
126 0.767990 0.294220 0.030210 0.027514
107 0.548201 0.494798 0.016293 0.027746
1833 0.616938 0.790058 0.020027 0.027746
87 0.187542 0.454798 0.024779 0.027746
85 0.253904 0.734335 0.025798 0.027746
3342 0.401561 0.856416 0.027155 0.027746
107 0.254413 0.812486 0.028853 0.027746
4435 0.113544 0.437688 0.030889 0.027746
4252 0.618466 0.659422 0.032587 0.027746
2984 0.474881 0.774566 0.035302 0.027746
505 0.252206 0.497688 0.029871 0.027977
1463 0.403259 0.798497 0.029871 0.027977
102 0.693313 0.198266 0.034284 0.027977
4260 0.767312 0.654682 0.023422 0.028439
505 0.395791 0.195491 0.028513 0.028439
3347 0.695180 0.527746 0.029871 0.028439
3562 0.837237 0.304855 0.033605 0.028439
1396 0.619993 0.818150 0.034963 0.028439
3136 0.323320 0.813873 0.023422 0.028671
3342 0.471826 0.372254 0.024440 0.028671
2193 0.474711 0.856416 0.026137 0.028671
3231 0.399695 0.536879 0.028853 0.028671
1282 0.549898 0.545434 0.029871 0.028671
68 0.547862 0.569595 0.008147 0.028902
107 0.692295 0.679884 0.015954 0.028902
1880 0.183469 0.741850 0.024100 0.028902
3562 0.180754 0.198266 0.040394 0.028902
83 0.184318 0.330289 0.013578 0.029364
4397 0.111168 0.738844 0.022064 0.029364
4447 0.187882 0.361503 0.036999 0.029364
68 0.620672 0.535954 0.007128 0.029595
113 0.251867 0.894798 0.032587 0.029595
1193 0.692634 0.727399 0.032926 0.029595
1839 0.403428 0.612370 0.034284 0.029827
333 0.697386 0.560116 0.035642 0.029827
119 0.766972 0.853064 0.016633 0.030289
3342 0.544297 0.801272 0.028174 0.030289
68 0.254413 0.702428 0.009165 0.030520
1879 0.473693 0.699191 0.022064 0.030520
2193 0.403259 0.433410 0.024440 0.030751
1579 0.691616 0.428786 0.033605 0.030751
1917 0.696707 0.866705 0.023422 0.031214
3562 0.181263 0.869249 0.044807 0.031214
69 0.835879 0.476069 0.011881 0.031445
3342 0.327902 0.538728 0.024440 0.031445
2616 0.108792 0.836069 0.029532 0.031445
68 0.253055 0.269827 0.006449 0.032370
3453 0.544976 0.643584 0.029532 0.032601
68 0.188900 0.558497 0.008486 0.033064
68 0.471656 0.283815 0.007807 0.033526
76 0.109131 0.333295 0.022064 0.033526
3342 0.252037 0.353873 0.032247 0.034451
3562 0.111168 0.619075 0.032247 0.034913
68 0.327054 0.613757 0.007807 0.035376
968 0.184148 0.688671 0.026816 0.035376
68 0.474033 0.519422 0.007128 0.035838
1795 0.835709 0.388786 0.027155 0.035838
1297 0.253394 0.531329 0.028853 0.036069
68 0.544637 0.675954 0.007128 0.036301
68 0.402410 0.643699 0.006449 0.036994
68 0.767312 0.780694 0.010523 0.037225
296 0.185336 0.812370 0.023082 0.040462
296 0.834861 0.548671 0.024779 0.049942
