246 0.445304 0.154959 0.052828 0.007480
169 0.367129 0.269593 0.010672 0.010407
92 0.353522 0.441138 0.032551 0.013984
101 0.191569 0.635772 0.033084 0.014959
93 0.275347 0.273659 0.041622 0.016585
93 0.281750 0.798049 0.044824 0.016911
101 0.106190 0.464390 0.035219 0.017561
102 0.107524 0.563252 0.047492 0.018862
91 0.442903 0.341301 0.033084 0.019837
126 0.449840 0.853171 0.035219 0.019837
88 0.442102 0.410407 0.041089 0.020163
55 0.441569 0.509593 0.042156 0.020163
126 0.272946 0.706016 0.038954 0.022764
126 0.188367 0.575610 0.041622 0.022764
56 0.443703 0.649919 0.016542 0.023740
85 0.188901 0.834797 0.011740 0.024065
85 0.269744 0.407317 0.011206 0.024390
122 0.442102 0.537073 0.036820 0.025041
83 0.440768 0.620488 0.030950 0.025366
495 0.449573 0.881789 0.062433 0.025691
108 0.183031 0.460976 0.016009 0.026992
598 0.189168 0.607317 0.050694 0.026992
85 0.357524 0.599024 0.011740 0.027317
117 0.191569 0.904553 0.021345 0.027642
111 0.101387 0.348943 0.025614 0.027967
83 0.449039 0.905041 0.033618 0.027967
1214 0.703042 0.318211 0.049626 0.028293
85 0.181163 0.199024 0.012273 0.028618
736 0.275614 0.862439 0.047492 0.028618
495 0.276147 0.740163 0.056030 0.029268
111 0.181964 0.228130 0.023479 0.029593
111 0.357257 0.627480 0.025080 0.029593
70 0.101921 0.531870 0.037353 0.029593
1214 0.275880 0.595285 0.043757 0.029593
1083 0.272412 0.670244 0.041089 0.029919
28 0.704109 0.279837 0.045358 0.030244
111 0.270277 0.437073 0.020811 0.030569
1834 0.354589 0.413008 0.048559 0.030569
495 0.272412 0.201626 0.058164 0.030569
28 0.532284 0.279837 0.048559 0.030894
28 0.791355 0.279187 0.049093 0.030894
2395 0.445304 0.440976 0.044290 0.031220
28 0.619797 0.279350 0.049626 0.031220
119 0.363394 0.746341 0.016009 0.031870
88 0.448773 0.785691 0.018143 0.031870
366 0.097118 0.280000 0.045891 0.031870
3025 0.790822 0.320163 0.053362 0.032195
118 0.446638 0.678049 0.014941 0.032520
1214 0.276414 0.826504 0.043757 0.032846
126 0.367396 0.902927 0.045358 0.032846
2428 0.350854 0.375772 0.052828 0.033496
683 0.366329 0.785528 0.053895 0.033496
736 0.707577 0.376423 0.061900 0.033496
2255 0.103522 0.493984 0.052295 0.033821
971 0.186499 0.389919 0.046425 0.034472
1559 0.361793 0.667642 0.046958 0.034472
3231 0.445838 0.715447 0.049626 0.034472
126 0.442903 0.476911 0.042689 0.034797
1218 0.355123 0.202439 0.043223 0.034797
2836 0.444237 0.752358 0.045358 0.034797
71 0.183565 0.429919 0.048026 0.035122
3208 0.874867 0.201626 0.049626 0.035122
68 0.355656 0.295122 0.006937 0.035447
111 0.191836 0.864553 0.025080 0.035447
1559 0.274280 0.478211 0.043757 0.035447
2001 0.275080 0.630081 0.054963 0.035447
119 0.183031 0.307642 0.016009 0.035772
3144 0.189168 0.750569 0.042156 0.035772
3732 0.877001 0.241951 0.049626 0.035772
87 0.876467 0.285041 0.033618 0.036098
2489 0.102188 0.437398 0.051761 0.036423
121 0.274280 0.238211 0.038420 0.036748
2987 0.186766 0.540325 0.057631 0.036748
119 0.103255 0.240976 0.017609 0.037073
121 0.099787 0.316098 0.032017 0.037073
4371 0.185966 0.499512 0.034685 0.037073
87 0.272145 0.520163 0.032017 0.037398
3025 0.353522 0.472033 0.045358 0.037398
102 0.103522 0.203740 0.049093 0.037398
121 0.274546 0.769756 0.034685 0.037724
308 0.354589 0.246179 0.054963 0.037724
119 0.272679 0.557886 0.017076 0.038049
2844 0.439168 0.377073 0.051227 0.038049
3144 0.355390 0.511870 0.041622 0.038374
3025 0.447172 0.825691 0.050160 0.038374
1656 0.363927 0.821138 0.053362 0.038374
119 0.874867 0.322927 0.016542 0.039675
83 0.351654 0.332683 0.017076 0.039675
3144 0.530149 0.382602 0.048559 0.040000
87 0.182764 0.269593 0.034685 0.040325
3144 0.788954 0.380813 0.053895 0.040325
505 0.180096 0.352358 0.024013 0.040650
4371 0.189968 0.707967 0.036286 0.040976
121 0.358858 0.709756 0.030416 0.041301
3156 0.276414 0.901463 0.046958 0.041626
83 0.188901 0.664228 0.016009 0.041951
4371 0.530416 0.323252 0.058698 0.042927
3375 0.362860 0.864715 0.044824 0.043577
3496 0.444771 0.256260 0.046425 0.043577
4662 0.266542 0.312358 0.047492 0.044553
3156 0.790288 0.442114 0.054429 0.045854
929 0.103255 0.390894 0.052828 0.046179
3156 0.532818 0.440650 0.053895 0.046179
3156 0.707044 0.439675 0.055496 0.046829
3156 0.619797 0.439512 0.053895 0.047154
3156 0.441569 0.305041 0.047492 0.048780
3156 0.188901 0.796423 0.051227 0.049431
3156 0.354589 0.558699 0.048559 0.050081
3515 0.441836 0.206667 0.052295 0.050407
4662 0.617129 0.327154 0.057097 0.050732
3156 0.267876 0.366667 0.049093 0.052358
68 0.443970 0.578211 0.010672 0.055935
68 0.106990 0.602764 0.011206 0.063415
