56 0.630888 0.425495 0.019928 0.015404
128 0.087862 0.731845 0.015399 0.016347
57 0.888361 0.902389 0.029438 0.016661
56 0.169158 0.310437 0.014946 0.017290
120 0.481884 0.799906 0.018116 0.017919
56 0.399230 0.449387 0.018569 0.019805
120 0.789629 0.524521 0.020380 0.019805
56 0.084692 0.820654 0.048913 0.019805
120 0.712862 0.807450 0.019022 0.021063
128 0.326313 0.590380 0.017663 0.021377
56 0.875000 0.163471 0.048007 0.021377
120 0.250679 0.367652 0.017663 0.022320
120 0.241395 0.692707 0.021739 0.022320
56 0.712636 0.207953 0.045743 0.022320
56 0.168478 0.843131 0.042572 0.022634
52 0.475091 0.652939 0.051630 0.022634
56 0.787591 0.554228 0.052536 0.022634
2542 0.243659 0.261239 0.053442 0.022634
101 0.881567 0.822383 0.062047 0.022634
64 0.708107 0.682961 0.020380 0.023577
66 0.167799 0.367966 0.025815 0.023577
77 0.331975 0.791732 0.032609 0.023577
70 0.557745 0.352091 0.042120 0.023892
1002 0.475543 0.322226 0.071558 0.023892
56 0.323596 0.167715 0.052083 0.024206
1002 0.388813 0.557843 0.068388 0.024206
72 0.474864 0.543540 0.042120 0.024521
1002 0.783514 0.677460 0.068841 0.024521
57 0.172781 0.392487 0.025815 0.024835
87 0.164402 0.210154 0.028986 0.024835
87 0.087862 0.602012 0.028080 0.025149
87 0.174139 0.685319 0.040308 0.025149
68 0.091712 0.386671 0.047554 0.025149
117 0.788723 0.608299 0.015851 0.025778
88 0.085145 0.787174 0.031703 0.025778
55 0.557065 0.171330 0.049819 0.025778
52 0.394475 0.629362 0.056159 0.025778
87 0.329937 0.695222 0.029438 0.026092
87 0.086051 0.850833 0.029891 0.026092
126 0.485960 0.867180 0.057065 0.026092
76 0.792346 0.578277 0.024004 0.026721
58 0.629982 0.635020 0.018116 0.027036
51 0.885643 0.878026 0.051178 0.027036
56 0.489810 0.894844 0.019475 0.027350
57 0.408741 0.749293 0.022192 0.027979
560 0.796422 0.862465 0.051178 0.027979
1002 0.083333 0.478937 0.057971 0.027979
123 0.404891 0.653254 0.017210 0.028293
55 0.477355 0.171644 0.051630 0.028293
99 0.085371 0.452845 0.057518 0.028607
87 0.781929 0.500472 0.048460 0.028922
108 0.315217 0.765168 0.067029 0.028922
119 0.177310 0.712826 0.023098 0.029236
64 0.874094 0.300692 0.023551 0.029236
300 0.324049 0.324898 0.035779 0.029236
51 0.880661 0.795505 0.050272 0.029236
91 0.243433 0.398774 0.057518 0.029236
126 0.630888 0.596353 0.054348 0.029550
91 0.787591 0.345646 0.048007 0.029865
91 0.557065 0.754637 0.050725 0.029865
60 0.480299 0.243948 0.019475 0.030179
71 0.887228 0.844389 0.027174 0.030179
88 0.171422 0.810437 0.029438 0.030179
88 0.874321 0.383213 0.030344 0.030179
87 0.716259 0.274756 0.033062 0.030179
91 0.240942 0.290789 0.048007 0.030179
898 0.788496 0.312166 0.050725 0.030179
87 0.555480 0.599025 0.045743 0.030494
118 0.405797 0.779000 0.015399 0.030808
56 0.244339 0.619302 0.019475 0.030808
74 0.874094 0.270041 0.026268 0.030808
87 0.407835 0.719585 0.038496 0.030808
118 0.782835 0.466677 0.015851 0.031122
330 0.400362 0.214870 0.038949 0.031122
91 0.167346 0.611600 0.044837 0.031122
93 0.551630 0.668500 0.025362 0.031751
3157 0.242980 0.229016 0.043025 0.031751
68 0.709918 0.434612 0.052083 0.031751
117 0.560236 0.280729 0.022645 0.032065
102 0.249094 0.718013 0.048913 0.032065
55 0.633605 0.454260 0.056159 0.032065
111 0.319973 0.243791 0.019475 0.032380
111 0.636096 0.479252 0.020380 0.032380
55 0.403080 0.421723 0.053442 0.032380
92 0.252038 0.825212 0.024004 0.032694
64 0.327446 0.562873 0.030797 0.033008
111 0.878170 0.756209 0.040761 0.033008
1406 0.089447 0.671015 0.041214 0.033008
85 0.250679 0.789060 0.015851 0.033323
119 0.716712 0.892487 0.036685 0.033323
91 0.479620 0.281044 0.053442 0.033323
126 0.563859 0.887142 0.057065 0.033323
98 0.546649 0.477208 0.062500 0.033323
60 0.243659 0.750865 0.022645 0.033637
111 0.559556 0.207953 0.026721 0.033637
119 0.714900 0.306979 0.027627 0.033637
90 0.169837 0.586136 0.047101 0.033637
91 0.708786 0.171801 0.057065 0.033637
85 0.480978 0.617730 0.015399 0.033952
60 0.086730 0.631877 0.024004 0.033952
110 0.399683 0.595725 0.036685 0.033952
111 0.326087 0.661742 0.050725 0.033952
60 0.326766 0.725715 0.026721 0.034266
87 0.714447 0.779472 0.034873 0.034266
122 0.080842 0.757466 0.047554 0.034266
91 0.168252 0.883056 0.055707 0.034580
93 0.793931 0.216756 0.033514 0.034895
91 0.090353 0.422980 0.040308 0.034895
90 0.717165 0.237661 0.043025 0.035209
85 0.637002 0.722572 0.017663 0.035523
64 0.086504 0.705596 0.027174 0.035523
88 0.479167 0.408834 0.030797 0.035523
74 0.554121 0.517133 0.026721 0.035838
108 0.154891 0.337315 0.059783 0.035838
85 0.561594 0.386199 0.015399 0.036152
83 0.085824 0.352248 0.038496 0.036152
81 0.168478 0.284973 0.046196 0.036152
117 0.791667 0.745677 0.019022 0.036467
83 0.621830 0.350833 0.044384 0.036467
975 0.802989 0.893115 0.050725 0.036467
76 0.247736 0.544326 0.031703 0.036781
62 0.395833 0.336844 0.044384 0.036781
60 0.162364 0.241434 0.020380 0.037095
4375 0.088995 0.567432 0.037591 0.037095
95 0.556386 0.243634 0.045743 0.037095
60 0.403306 0.682333 0.022192 0.037410
83 0.874547 0.228073 0.023551 0.037410
76 0.166667 0.171801 0.027174 0.037410
58 0.882473 0.726658 0.045743 0.037410
126 0.885643 0.649638 0.051178 0.037410
90 0.875679 0.191764 0.049366 0.037724
366 0.480752 0.834014 0.049366 0.037724
85 0.326540 0.279000 0.018116 0.038038
83 0.704257 0.601226 0.043478 0.038038
1035 0.163496 0.647124 0.057065 0.038038
92 0.881793 0.687834 0.020833 0.038353
119 0.793478 0.641308 0.036232 0.038353
82 0.711957 0.482238 0.056159 0.038353
121 0.244792 0.582364 0.025815 0.038667
62 0.479167 0.777271 0.029891 0.038667
3735 0.401042 0.175888 0.050272 0.038667
4490 0.878170 0.611914 0.050725 0.038667
702 0.322011 0.468249 0.053442 0.038667
83 0.164402 0.497171 0.030797 0.039296
81 0.168705 0.546841 0.042120 0.039296
96 0.793252 0.783873 0.049366 0.039296
98 0.074502 0.883999 0.069293 0.039610
366 0.320879 0.523263 0.053895 0.039925
118 0.398324 0.250865 0.020380 0.040239
60 0.319067 0.200880 0.026721 0.040239
85 0.411232 0.828827 0.019022 0.040553
93 0.790082 0.430525 0.024004 0.040553
3735 0.237545 0.655926 0.048460 0.040553
1560 0.636096 0.398774 0.055707 0.040553
126 0.794837 0.712197 0.056159 0.040553
83 0.323143 0.418108 0.021286 0.040868
58 0.709918 0.855077 0.023098 0.040868
107 0.786685 0.389815 0.026268 0.040868
1831 0.092618 0.525621 0.035779 0.040868
98 0.615716 0.516190 0.065670 0.040868
1396 0.710371 0.643980 0.051178 0.041182
2205 0.472373 0.502672 0.046196 0.041496
81 0.704484 0.568218 0.047554 0.041811
1551 0.794837 0.820025 0.052536 0.041811
118 0.559556 0.631248 0.020380 0.042125
118 0.558197 0.319868 0.024004 0.042439
83 0.875453 0.466048 0.024457 0.042439
121 0.554121 0.556586 0.030344 0.042439
51 0.629529 0.261396 0.040761 0.042439
83 0.705163 0.344389 0.046196 0.042439
2414 0.241621 0.182647 0.045743 0.042754
975 0.245697 0.335272 0.045743 0.043068
121 0.328125 0.830714 0.046649 0.043068
126 0.637228 0.220528 0.051630 0.043068
93 0.638813 0.880541 0.048460 0.043383
253 0.876812 0.564445 0.031703 0.043697
3687 0.793025 0.267997 0.051630 0.044326
322 0.555254 0.712983 0.061594 0.044640
3948 0.089674 0.183276 0.029891 0.045269
503 0.480299 0.362779 0.034873 0.045269
121 0.790308 0.176202 0.048913 0.045583
121 0.396286 0.293304 0.047101 0.045898
316 0.710371 0.390758 0.065670 0.045898
929 0.877038 0.516504 0.052083 0.046526
51 0.636096 0.770670 0.047554 0.046841
62 0.632926 0.306507 0.031250 0.047155
104 0.479393 0.210154 0.043931 0.047469
1666 0.327219 0.372996 0.060236 0.047469
107 0.708107 0.522477 0.020380 0.047784
111 0.410100 0.874568 0.064764 0.047784
121 0.708333 0.729488 0.044384 0.048098
122 0.326313 0.620245 0.043025 0.048412
4532 0.239357 0.446401 0.054801 0.049041
92 0.480299 0.682333 0.019475 0.049356
121 0.478940 0.731059 0.048460 0.049356
2216 0.480299 0.456932 0.053895 0.049356
120 0.405344 0.380226 0.056159 0.049356
92 0.240263 0.495285 0.036685 0.049984
127 0.482790 0.581421 0.054348 0.049984
4397 0.088315 0.243634 0.040761 0.050927
121 0.637908 0.818925 0.047554 0.050927
68 0.880435 0.427696 0.009964 0.051870
2926 0.557065 0.434140 0.038949 0.052185
47 0.882473 0.337158 0.034873 0.054385
62 0.634964 0.676674 0.037138 0.055643
1575 0.632246 0.183433 0.039855 0.055643
68 0.331975 0.883213 0.007246 0.057529
296 0.632699 0.557529 0.043478 0.060044
68 0.256114 0.879755 0.009511 0.060673
68 0.088768 0.300692 0.013587 0.062559
68 0.172554 0.763596 0.008152 0.064760
68 0.168478 0.439013 0.011775 0.067589
68 0.396286 0.499528 0.010870 0.079220
296 0.560009 0.815781 0.038496 0.092424
