205 0.179040 0.287917 0.016123 0.019717
191 0.801462 0.570526 0.014623 0.020728
191 0.197413 0.231800 0.013123 0.021739
152 0.191039 0.840495 0.016873 0.021739
132 0.802212 0.538928 0.013123 0.022245
138 0.802587 0.649141 0.013873 0.022245
134 0.189914 0.733822 0.007874 0.023761
197 0.175291 0.253033 0.015373 0.023761
198 0.803900 0.605410 0.008999 0.025784
132 0.198350 0.202983 0.014998 0.025784
198 0.199850 0.263903 0.007499 0.026289
138 0.199663 0.306117 0.013123 0.027806
198 0.191414 0.804095 0.008624 0.028817
870 0.844394 0.228261 0.022497 0.028817
141 0.191601 0.763903 0.013498 0.030334
204 0.174916 0.216886 0.010874 0.032356
316 0.842332 0.294489 0.033371 0.032861
278 0.778215 0.249494 0.026622 0.033873
717 0.813086 0.270222 0.033371 0.033873
868 0.776715 0.305106 0.025122 0.035895
158 0.177915 0.320526 0.017623 0.036400
2621 0.842707 0.171638 0.029621 0.036906
349 0.814023 0.202477 0.026997 0.048028
