246 0.781165 0.380076 0.049136 0.008499
246 0.320064 0.163834 0.050500 0.008499
92 0.629891 0.565313 0.030482 0.010702
128 0.326206 0.517627 0.009099 0.011646
92 0.084395 0.751023 0.037762 0.014479
56 0.865787 0.349858 0.016379 0.015423
129 0.077116 0.905729 0.019563 0.015423
64 0.164468 0.885112 0.026843 0.017627
66 0.242038 0.796664 0.015469 0.018256
57 0.871247 0.469625 0.023658 0.018256
101 0.077116 0.800283 0.055960 0.018571
56 0.392402 0.644004 0.015014 0.018886
248 0.777070 0.263771 0.053685 0.020145
113 0.237716 0.745200 0.069609 0.020460
56 0.634668 0.849071 0.050955 0.021719
56 0.164468 0.612842 0.021383 0.022033
499 0.553685 0.171545 0.051865 0.022033
91 0.165833 0.909821 0.043221 0.022348
57 0.167197 0.720806 0.024113 0.022663
56 0.787307 0.703179 0.048681 0.022663
1173 0.475660 0.170759 0.049591 0.022978
118 0.865560 0.490715 0.016833 0.023292
49 0.628981 0.222852 0.018653 0.023292
123 0.711101 0.750393 0.032757 0.023292
128 0.167652 0.445231 0.011374 0.023607
126 0.159691 0.857413 0.057325 0.023922
52 0.072793 0.838212 0.058235 0.023922
52 0.235669 0.717658 0.047316 0.024551
64 0.398772 0.482688 0.015924 0.024866
120 0.401046 0.457507 0.020473 0.024866
62 0.244313 0.692635 0.027298 0.024866
87 0.792084 0.727573 0.043676 0.024866
1810 0.784804 0.290840 0.027298 0.025181
495 0.467925 0.298867 0.089627 0.025496
278 0.560055 0.739692 0.019108 0.025811
76 0.709736 0.776519 0.028207 0.025811
72 0.238626 0.822789 0.039581 0.025811
547 0.563239 0.612528 0.047316 0.025811
66 0.087352 0.727573 0.019108 0.026125
58 0.477025 0.364337 0.020473 0.026125
1810 0.783439 0.351117 0.026388 0.026125
66 0.704277 0.218130 0.023658 0.026440
83 0.226570 0.854580 0.053685 0.026440
91 0.480892 0.896286 0.041856 0.026755
98 0.462466 0.661158 0.059600 0.026755
62 0.401956 0.431224 0.033212 0.027070
58 0.088944 0.666509 0.016833 0.027384
60 0.242266 0.770381 0.020473 0.027384
91 0.626024 0.707428 0.055505 0.027384
91 0.398317 0.898174 0.069609 0.027384
633 0.633303 0.537929 0.045496 0.027699
66 0.562329 0.641014 0.019108 0.028014
88 0.477252 0.266446 0.033667 0.028014
1214 0.477480 0.734970 0.041401 0.028329
55 0.084850 0.562795 0.053230 0.028329
89 0.628071 0.507712 0.067789 0.028329
129 0.170610 0.582782 0.020928 0.028643
1406 0.561647 0.401165 0.043221 0.028643
95 0.709509 0.542178 0.045951 0.028643
76 0.321201 0.575700 0.022748 0.028958
91 0.477480 0.815864 0.054140 0.028958
91 0.784804 0.491974 0.059145 0.028958
85 0.632621 0.385427 0.015924 0.029273
120 0.169927 0.211048 0.018653 0.029273
66 0.168562 0.418477 0.018653 0.029273
4090 0.401729 0.295404 0.042766 0.029273
55 0.556870 0.517627 0.049136 0.029273
91 0.779572 0.319326 0.053230 0.029273
91 0.316197 0.309254 0.056415 0.029273
82 0.859645 0.323418 0.056870 0.029273
111 0.563922 0.544224 0.022293 0.029588
85 0.323703 0.378187 0.015924 0.029902
93 0.475660 0.520774 0.022293 0.029902
88 0.243403 0.537771 0.032757 0.029902
259 0.553003 0.711520 0.067789 0.029902
88 0.397634 0.260938 0.032757 0.030217
111 0.557780 0.814762 0.026388 0.030532
52 0.079163 0.775102 0.047316 0.030532
495 0.627843 0.743941 0.071884 0.030532
76 0.714513 0.839471 0.025933 0.030847
88 0.783894 0.578218 0.036397 0.031476
4090 0.245678 0.887000 0.040036 0.031476
85 0.081665 0.261725 0.015014 0.031791
91 0.633985 0.808939 0.054140 0.032106
85 0.787307 0.417847 0.014104 0.032421
118 0.162875 0.748662 0.018198 0.032421
74 0.242493 0.300126 0.041856 0.032421
117 0.239536 0.174064 0.027753 0.032735
1279 0.394904 0.859931 0.043676 0.032735
363 0.317106 0.456720 0.054595 0.032735
56 0.073476 0.881177 0.015924 0.033050
2887 0.628753 0.640069 0.061874 0.033050
88 0.165150 0.243941 0.031847 0.033365
62 0.321656 0.544224 0.033667 0.033365
85 0.479072 0.554454 0.014559 0.033680
91 0.239081 0.662103 0.057780 0.033680
111 0.629436 0.252125 0.023203 0.033994
113 0.551183 0.896758 0.063239 0.033994
3956 0.326433 0.347183 0.065059 0.033994
111 0.390127 0.177054 0.049591 0.034309
902 0.784122 0.614573 0.053230 0.034309
92 0.244768 0.335851 0.020928 0.034624
83 0.164240 0.517155 0.034577 0.034624
323 0.555732 0.774945 0.063239 0.034624
83 0.084167 0.697041 0.040946 0.034939
1279 0.243631 0.576802 0.045951 0.034939
87 0.472247 0.444759 0.033667 0.035253
62 0.167425 0.179100 0.040946 0.035253
1158 0.628753 0.673906 0.043676 0.035253
108 0.700864 0.720806 0.073248 0.035253
126 0.323476 0.897230 0.032757 0.035568
87 0.629436 0.421309 0.035032 0.035568
81 0.317106 0.493075 0.039126 0.035568
51 0.789354 0.763141 0.044586 0.035568
83 0.467925 0.588448 0.051410 0.035568
111 0.548681 0.480013 0.039126 0.035883
1782 0.782302 0.180044 0.059600 0.035883
2255 0.326433 0.856154 0.064149 0.035883
2710 0.628981 0.769437 0.042311 0.036198
95 0.558007 0.580894 0.047771 0.036198
2222 0.705187 0.177054 0.050045 0.036198
127 0.801638 0.884010 0.058235 0.036198
1782 0.863967 0.522820 0.061874 0.036512
60 0.234531 0.209160 0.025023 0.036827
2255 0.716561 0.580107 0.058235 0.037142
1900 0.702002 0.327982 0.067334 0.037142
90 0.636488 0.895342 0.064604 0.037457
92 0.166060 0.549260 0.020928 0.037771
121 0.557325 0.674221 0.026388 0.037771
86 0.100091 0.583884 0.030027 0.037771
63 0.174249 0.480642 0.037307 0.037771
2143 0.558917 0.442241 0.048681 0.037771
3754 0.856460 0.559962 0.058690 0.037771
1607 0.473840 0.626534 0.045041 0.038086
109 0.397179 0.616147 0.050955 0.038086
92 0.558007 0.856468 0.018653 0.038401
119 0.162648 0.649040 0.027753 0.038401
1782 0.162193 0.785647 0.068699 0.038401
87 0.162193 0.689802 0.043221 0.038716
888 0.076661 0.521719 0.052320 0.038716
70 0.717925 0.682720 0.023658 0.039031
2338 0.325068 0.759522 0.057780 0.039031
3032 0.163330 0.383381 0.060055 0.039031
1320 0.318471 0.269751 0.063694 0.039031
68 0.395587 0.673434 0.008644 0.039345
107 0.082803 0.186182 0.019108 0.039345
120 0.239308 0.454674 0.025478 0.039345
126 0.707916 0.459868 0.043676 0.039660
1031 0.477252 0.854580 0.060055 0.039660
2836 0.242266 0.498741 0.049591 0.039975
72 0.082575 0.345137 0.034122 0.040604
1894 0.161965 0.341675 0.044586 0.040604
1232 0.482029 0.778250 0.058690 0.040604
121 0.472247 0.483160 0.025478 0.040919
653 0.081665 0.476235 0.040491 0.040919
83 0.311192 0.413912 0.042766 0.040919
127 0.801865 0.803274 0.044131 0.040919
91 0.551865 0.264086 0.053685 0.040919
68 0.484076 0.694838 0.012739 0.041234
2246 0.709054 0.503462 0.054140 0.041234
92 0.863512 0.287535 0.024568 0.041863
72 0.789354 0.455304 0.030027 0.041863
1108 0.396952 0.722537 0.043221 0.041863
2763 0.703822 0.375984 0.071884 0.041863
2598 0.084622 0.300598 0.014559 0.042178
119 0.715651 0.809884 0.033667 0.042178
1121 0.556642 0.306106 0.037762 0.042493
975 0.319609 0.223953 0.050500 0.042493
1645 0.077343 0.437992 0.057325 0.042493
91 0.320746 0.709789 0.039126 0.042808
2751 0.700182 0.422096 0.049136 0.042808
1894 0.323703 0.805792 0.057780 0.042808
4166 0.633758 0.598993 0.072793 0.042808
93 0.081210 0.387315 0.024113 0.043122
102 0.481119 0.328769 0.052320 0.043122
85 0.397862 0.219075 0.017743 0.043437
1250 0.619427 0.347812 0.046861 0.043437
127 0.084167 0.227888 0.050955 0.043437
1585 0.553685 0.220176 0.042766 0.043752
2391 0.627843 0.181146 0.052775 0.043752
86 0.801410 0.843406 0.051410 0.044381
4245 0.397862 0.769437 0.062329 0.044381
3136 0.401046 0.391407 0.035032 0.045011
68 0.239991 0.892823 0.040491 0.045641
87 0.865560 0.438621 0.041401 0.045641
122 0.080983 0.629053 0.047316 0.045641
901 0.787079 0.533522 0.066424 0.045955
74 0.388535 0.519201 0.045496 0.046270
1297 0.475887 0.404627 0.049136 0.046270
3435 0.870792 0.600567 0.052775 0.046585
68 0.630801 0.463015 0.006824 0.047214
316 0.318699 0.667296 0.069609 0.047214
1358 0.244540 0.619924 0.036852 0.048159
68 0.248863 0.377715 0.010919 0.048473
3334 0.632621 0.293988 0.069609 0.048473
62 0.239763 0.410293 0.041856 0.048788
120 0.323703 0.625275 0.054140 0.048788
2233 0.394677 0.818382 0.048681 0.049103
91 0.556415 0.354422 0.043676 0.050362
2890 0.156733 0.828297 0.049591 0.050677
1300 0.395587 0.570822 0.061419 0.050677
51 0.240218 0.258105 0.047316 0.050992
68 0.790719 0.661473 0.006369 0.051306
68 0.868062 0.388732 0.009099 0.051621
1879 0.780027 0.225212 0.040491 0.051936
120 0.714513 0.884010 0.047771 0.051936
68 0.401956 0.338999 0.005005 0.052880
1584 0.161283 0.290998 0.031392 0.055083
1094 0.476115 0.221278 0.042311 0.055398
68 0.704049 0.267863 0.009554 0.061064
68 0.712466 0.626062 0.010009 0.061064
