246 0.463191 0.495189 0.033617 0.007817
246 0.396809 0.437162 0.043830 0.009621
92 0.397234 0.521197 0.027660 0.012327
92 0.046809 0.338545 0.026383 0.016236
92 0.325106 0.607937 0.039149 0.016236
57 0.788511 0.459260 0.048511 0.017138
92 0.626596 0.900180 0.031915 0.017438
53 0.322979 0.427390 0.017021 0.018942
64 0.463404 0.284877 0.017872 0.018942
92 0.321702 0.544799 0.033191 0.019242
56 0.180213 0.661155 0.019149 0.019844
101 0.045532 0.842153 0.039149 0.019844
52 0.458511 0.309982 0.041277 0.019844
56 0.249149 0.654991 0.016596 0.020144
698 0.710638 0.648376 0.029787 0.020746
88 0.705745 0.425737 0.025106 0.021046
110 0.049149 0.549459 0.020000 0.021347
60 0.784894 0.471587 0.020851 0.021347
66 0.469574 0.861846 0.020851 0.021347
93 0.464043 0.468280 0.042128 0.021347
1006 0.176809 0.860343 0.060851 0.021347
111 0.046383 0.270896 0.020426 0.021648
128 0.325319 0.233163 0.012340 0.021948
55 0.628298 0.447535 0.043830 0.021948
117 0.324468 0.754059 0.021702 0.022249
76 0.115106 0.673782 0.024255 0.022249
113 0.389787 0.283524 0.041702 0.022249
259 0.541277 0.602075 0.057872 0.022550
56 0.547021 0.511726 0.016596 0.022850
642 0.466596 0.619363 0.037872 0.022850
91 0.784894 0.396572 0.041277 0.022850
57 0.051489 0.820505 0.043404 0.022850
52 0.244043 0.629886 0.043830 0.022850
89 0.324468 0.838695 0.051489 0.023151
1002 0.046170 0.362297 0.046383 0.023452
85 0.630426 0.782171 0.012340 0.023752
1406 0.114681 0.751203 0.036170 0.023752
72 0.390000 0.585238 0.038723 0.023752
259 0.178936 0.454450 0.054043 0.023752
113 0.177234 0.632441 0.056596 0.023752
51 0.108298 0.829976 0.037872 0.024955
66 0.466383 0.175135 0.022128 0.025556
76 0.625532 0.657396 0.024681 0.025556
88 0.627660 0.878382 0.027234 0.025556
64 0.241915 0.338094 0.028511 0.025556
72 0.541915 0.175436 0.045532 0.025556
57 0.111489 0.648978 0.048511 0.025556
126 0.467234 0.827721 0.049362 0.026458
56 0.320638 0.783073 0.014043 0.026759
117 0.463617 0.405442 0.020851 0.026759
64 0.320426 0.208509 0.028936 0.026759
87 0.393830 0.620415 0.032766 0.026759
89 0.168723 0.420475 0.054894 0.026759
88 0.625745 0.519844 0.036170 0.027060
117 0.394255 0.550060 0.020000 0.027360
88 0.621915 0.312838 0.032766 0.027360
126 0.044681 0.486019 0.035745 0.027360
91 0.535532 0.311335 0.050638 0.027360
99 0.704043 0.240379 0.056596 0.027360
117 0.461915 0.338845 0.020851 0.027661
56 0.705532 0.267138 0.020426 0.027962
88 0.324468 0.396723 0.034468 0.027962
111 0.624468 0.632892 0.019149 0.028262
66 0.708723 0.823812 0.024255 0.028262
51 0.109574 0.591251 0.032766 0.028563
111 0.619574 0.813139 0.036596 0.028563
70 0.463830 0.889808 0.045957 0.028563
85 0.328085 0.516837 0.013617 0.028863
117 0.047021 0.672880 0.014894 0.028863
88 0.469149 0.586290 0.031915 0.028863
91 0.106170 0.430848 0.043830 0.028863
88 0.545745 0.446633 0.035319 0.029164
95 0.541277 0.243987 0.045106 0.029164
88 0.112128 0.559531 0.030213 0.029465
88 0.253191 0.794799 0.026383 0.029765
87 0.109787 0.314041 0.032340 0.029765
979 0.706596 0.489327 0.046383 0.029765
318 0.399149 0.397625 0.057021 0.029765
76 0.243830 0.366206 0.025532 0.030066
92 0.701702 0.579224 0.022128 0.030367
88 0.392979 0.312237 0.031064 0.030367
1435 0.320426 0.575316 0.052766 0.030367
119 0.182128 0.567048 0.025532 0.030667
111 0.399149 0.719182 0.026383 0.030667
83 0.701277 0.453999 0.033191 0.030667
4039 0.464043 0.739627 0.038723 0.030667
55 0.399362 0.691822 0.042128 0.030667
2707 0.538511 0.818400 0.030213 0.031269
1214 0.255532 0.761275 0.049787 0.031269
88 0.539787 0.785328 0.030213 0.031870
88 0.241489 0.305472 0.033617 0.031870
95 0.049149 0.746542 0.038723 0.031870
91 0.313830 0.177691 0.059149 0.031870
74 0.047234 0.522399 0.014468 0.032171
111 0.247447 0.825767 0.037872 0.032171
91 0.179362 0.889507 0.049787 0.032171
118 0.321064 0.812989 0.017447 0.032471
107 0.538723 0.212868 0.018723 0.032471
83 0.545106 0.568551 0.021277 0.032471
88 0.044468 0.396272 0.024255 0.032471
1197 0.538511 0.746843 0.042979 0.032471
495 0.617660 0.345761 0.074468 0.032471
92 0.168298 0.385298 0.019149 0.032772
76 0.623617 0.718130 0.024255 0.032772
119 0.627447 0.751203 0.025106 0.032772
1250 0.100426 0.393416 0.042553 0.032772
72 0.621702 0.686861 0.042553 0.032772
118 0.328085 0.453397 0.011064 0.033073
111 0.706809 0.857186 0.019574 0.033073
91 0.703617 0.683103 0.047234 0.033073
4652 0.783404 0.366356 0.038298 0.033373
2138 0.626170 0.848617 0.048085 0.033373
58 0.395319 0.797655 0.021277 0.033674
83 0.458298 0.251654 0.031489 0.033674
87 0.702553 0.299609 0.037447 0.033975
60 0.172979 0.345761 0.037021 0.034275
85 0.461489 0.367859 0.015745 0.034576
111 0.619362 0.226248 0.039574 0.034576
2489 0.542766 0.279465 0.049787 0.034576
3735 0.546170 0.342754 0.038723 0.034877
2395 0.786809 0.288936 0.040851 0.034877
126 0.543191 0.850271 0.052340 0.034877
119 0.050426 0.704901 0.020851 0.035177
121 0.782979 0.501052 0.028936 0.035177
83 0.244681 0.444829 0.038298 0.035177
3756 0.467872 0.692874 0.040426 0.035177
60 0.618936 0.179194 0.025957 0.035478
86 0.252979 0.177390 0.028511 0.035478
102 0.463404 0.439868 0.043404 0.035478
91 0.538085 0.674384 0.049787 0.035478
83 0.622979 0.369663 0.019574 0.035779
366 0.621702 0.557877 0.047660 0.035779
119 0.118085 0.623873 0.021702 0.036079
54 0.248723 0.407096 0.037872 0.036079
58 0.705319 0.787432 0.040426 0.036079
2836 0.621915 0.600120 0.046383 0.036079
111 0.114255 0.227751 0.023404 0.036380
83 0.172553 0.600271 0.041277 0.036380
107 0.178298 0.692423 0.020426 0.036681
119 0.710851 0.611245 0.024255 0.036681
316 0.468511 0.653638 0.064681 0.036681
95 0.395745 0.758118 0.037447 0.036981
4052 0.173830 0.530216 0.055745 0.036981
98 0.536170 0.535628 0.058723 0.036981
85 0.399149 0.652736 0.012766 0.037282
111 0.048723 0.235117 0.019149 0.037282
122 0.321702 0.264432 0.040000 0.037583
83 0.045319 0.580577 0.026809 0.037883
4348 0.782553 0.428142 0.033191 0.037883
68 0.183191 0.725346 0.006383 0.038184
465 0.112553 0.788785 0.048085 0.038184
322 0.623404 0.411455 0.070638 0.038184
108 0.311915 0.490980 0.068936 0.038485
119 0.179362 0.244588 0.024255 0.038785
2605 0.542340 0.637853 0.028511 0.038785
68 0.711064 0.888755 0.007660 0.039086
87 0.247660 0.685508 0.034043 0.039086
333 0.397447 0.490078 0.051915 0.039086
1699 0.536809 0.710162 0.055745 0.039086
81 0.545319 0.484366 0.045532 0.039687
1560 0.326170 0.724293 0.050638 0.039687
1977 0.322553 0.304570 0.051915 0.039687
126 0.185106 0.486621 0.050213 0.039988
58 0.178936 0.764281 0.040426 0.040289
83 0.392766 0.887252 0.048511 0.040289
68 0.113191 0.349820 0.009362 0.040589
2828 0.707872 0.536831 0.052340 0.040589
379 0.250426 0.547505 0.051489 0.040890
3741 0.397447 0.355081 0.058723 0.040890
121 0.625745 0.481810 0.025106 0.041191
111 0.239574 0.215424 0.033191 0.041191
3184 0.624468 0.272550 0.039574 0.041191
120 0.249574 0.725947 0.042979 0.041191
2795 0.782553 0.328773 0.043404 0.041191
120 0.704043 0.337643 0.043830 0.041491
120 0.047234 0.783975 0.033191 0.042393
71 0.328085 0.679044 0.051915 0.042393
85 0.047234 0.305171 0.012766 0.042694
58 0.113191 0.714372 0.018723 0.042694
3865 0.107447 0.472339 0.032766 0.043295
3739 0.541277 0.885147 0.044255 0.044498
4397 0.110213 0.272700 0.030638 0.045099
4564 0.177447 0.298557 0.040851 0.045099
68 0.462553 0.213770 0.012766 0.045701
1126 0.706383 0.386651 0.044255 0.045701
2263 0.114681 0.183704 0.045532 0.045701
1316 0.469149 0.544197 0.055745 0.045701
120 0.250426 0.590048 0.042979 0.046001
1870 0.317021 0.354330 0.057872 0.047204
2718 0.182340 0.819002 0.045532 0.047505
3984 0.246596 0.266687 0.048085 0.047505
4296 0.107447 0.517739 0.048085 0.047505
121 0.324255 0.634847 0.027234 0.047805
1831 0.050638 0.630637 0.028936 0.048406
81 0.391277 0.838996 0.043830 0.048406
69 0.397660 0.247745 0.020851 0.048707
1831 0.047872 0.188364 0.029362 0.049008
119 0.108298 0.874925 0.038723 0.049910
1354 0.247872 0.879134 0.051489 0.049910
3739 0.247447 0.493085 0.046383 0.051112
3984 0.048936 0.442874 0.043404 0.051714
998 0.700851 0.191371 0.040000 0.053818
68 0.042979 0.873271 0.005106 0.055622
296 0.326596 0.881539 0.038723 0.055923
296 0.394468 0.190168 0.040000 0.056825
2959 0.175532 0.188364 0.040426 0.059832
4399 0.707234 0.734215 0.047660 0.063139
296 0.465957 0.786380 0.041702 0.063440
296 0.542340 0.393867 0.030213 0.067348
