188 0.916298 0.799523 0.031492 0.017699
60 0.792541 0.549694 0.024862 0.019061
60 0.568232 0.155548 0.035912 0.019741
60 0.132044 0.809905 0.029834 0.022124
52 0.244475 0.448094 0.054696 0.022805
64 0.247514 0.840027 0.035359 0.023145
92 0.680387 0.743363 0.048066 0.023826
118 0.570442 0.175970 0.032597 0.025187
118 0.794475 0.572158 0.029834 0.025868
113 0.791160 0.642784 0.059669 0.026208
98 0.896409 0.873213 0.070166 0.026208
64 0.352762 0.465283 0.038122 0.026549
76 0.566298 0.835602 0.041989 0.026549
56 0.134807 0.576753 0.027624 0.026889
64 0.789779 0.366576 0.037017 0.027229
57 0.574309 0.668482 0.046961 0.027229
88 0.567403 0.807692 0.054144 0.027229
101 0.140331 0.783526 0.072928 0.027229
101 0.679006 0.721749 0.061878 0.027570
64 0.566575 0.698775 0.032597 0.027910
92 0.788674 0.153165 0.050276 0.027910
118 0.134530 0.835432 0.033702 0.028251
91 0.788398 0.336794 0.059669 0.028251
68 0.129282 0.868618 0.058564 0.028591
123 0.571271 0.560756 0.049724 0.028931
52 0.572652 0.326923 0.050276 0.028931
57 0.474033 0.669333 0.048619 0.029612
4162 0.684254 0.239619 0.045856 0.029952
110 0.249724 0.158781 0.045304 0.030293
52 0.464365 0.738087 0.045856 0.030293
83 0.356354 0.869469 0.054144 0.030293
81 0.796409 0.864023 0.060221 0.030293
76 0.461602 0.596324 0.043646 0.030633
52 0.357459 0.613342 0.049724 0.030633
72 0.676243 0.161504 0.043094 0.030973
126 0.132873 0.610449 0.064641 0.031654
57 0.250276 0.420694 0.047514 0.031995
81 0.130110 0.711879 0.053591 0.032335
74 0.902210 0.843771 0.033149 0.032675
120 0.141436 0.456093 0.034254 0.032675
4162 0.895580 0.763445 0.035359 0.032675
57 0.143094 0.296801 0.047514 0.032675
98 0.463260 0.568074 0.052486 0.032675
91 0.352486 0.726174 0.055249 0.033016
90 0.889503 0.717665 0.062983 0.033016
127 0.254144 0.868108 0.074033 0.033016
68 0.357735 0.808713 0.018232 0.033356
4162 0.466298 0.368618 0.039779 0.033356
132 0.810497 0.783696 0.027624 0.033696
132 0.883702 0.820116 0.038122 0.033696
78 0.465193 0.411675 0.053039 0.033696
127 0.895304 0.525357 0.063536 0.033696
127 0.680939 0.323349 0.054696 0.034037
52 0.353315 0.293907 0.050276 0.034377
126 0.245304 0.705412 0.059669 0.034377
121 0.894751 0.452178 0.066851 0.035058
101 0.252486 0.191457 0.069613 0.035058
81 0.566575 0.592920 0.052486 0.035398
132 0.586740 0.295609 0.036464 0.035739
78 0.357182 0.539312 0.052486 0.035739
85 0.678453 0.577944 0.025414 0.036079
68 0.244475 0.742172 0.016022 0.036419
119 0.567680 0.867086 0.028177 0.036419
111 0.247514 0.808884 0.032044 0.036419
83 0.247514 0.778591 0.047514 0.036419
113 0.573757 0.487577 0.050276 0.036419
91 0.137017 0.541014 0.054144 0.036419
127 0.796685 0.398400 0.070718 0.036419
91 0.141436 0.675459 0.075138 0.036419
95 0.788950 0.434649 0.053039 0.036760
86 0.693094 0.770082 0.046961 0.037100
118 0.137017 0.380191 0.045304 0.037440
77 0.894199 0.597005 0.054696 0.037440
77 0.353039 0.836964 0.055249 0.037440
85 0.794199 0.180225 0.042541 0.037781
60 0.241989 0.384105 0.045304 0.037781
2151 0.680939 0.450136 0.055801 0.037781
113 0.355801 0.647549 0.059669 0.037781
98 0.678177 0.807522 0.066851 0.037781
132 0.587569 0.519741 0.028177 0.038121
88 0.468232 0.537781 0.061326 0.038121
87 0.140055 0.159803 0.051381 0.038462
68 0.138398 0.645677 0.018232 0.038802
85 0.678453 0.615385 0.028729 0.038802
58 0.464641 0.703540 0.036464 0.038802
83 0.464088 0.772634 0.047514 0.038802
77 0.356906 0.687543 0.050829 0.038802
81 0.682320 0.653165 0.057459 0.038802
113 0.789227 0.750511 0.059116 0.038802
118 0.893370 0.635296 0.044199 0.039142
87 0.891436 0.488938 0.050276 0.039142
69 0.797514 0.717155 0.042541 0.039483
118 0.794751 0.472771 0.044751 0.039483
91 0.791436 0.258679 0.063536 0.039483
117 0.462155 0.159122 0.028177 0.039823
132 0.366851 0.256807 0.039779 0.039823
68 0.795304 0.609769 0.052486 0.039823
932 0.242265 0.586624 0.065746 0.039823
119 0.466298 0.282845 0.033149 0.040163
127 0.685359 0.196732 0.064641 0.040163
4253 0.793923 0.298673 0.055249 0.040504
119 0.574862 0.448945 0.032597 0.040844
132 0.256354 0.349217 0.038674 0.040844
78 0.567127 0.631042 0.052486 0.040844
113 0.570718 0.361811 0.064088 0.040844
121 0.134530 0.419333 0.069061 0.040844
66 0.888674 0.414057 0.041436 0.041184
118 0.576243 0.260551 0.046409 0.041184
76 0.893646 0.287440 0.053591 0.041184
78 0.248619 0.668142 0.046409 0.041525
119 0.466298 0.630531 0.032044 0.041865
78 0.248895 0.262934 0.040331 0.041865
62 0.683702 0.687032 0.048066 0.041865
121 0.792818 0.676821 0.048619 0.041865
76 0.462155 0.241831 0.049171 0.041865
77 0.897790 0.373553 0.053039 0.041865
81 0.463812 0.199966 0.056906 0.041865
81 0.353591 0.499489 0.058564 0.041865
77 0.248343 0.626276 0.055801 0.042206
55 0.794475 0.827774 0.056354 0.042206
117 0.464917 0.451157 0.023757 0.042546
111 0.355249 0.578455 0.041989 0.042546
118 0.789503 0.219197 0.044199 0.042886
253 0.681215 0.488768 0.044199 0.042886
113 0.348343 0.332539 0.063536 0.042886
74 0.572652 0.406739 0.038122 0.043567
77 0.465746 0.321307 0.050829 0.043567
2489 0.140331 0.257488 0.056354 0.043907
55 0.571823 0.218005 0.062983 0.043907
121 0.567403 0.734343 0.067403 0.043907
642 0.244199 0.482131 0.050829 0.044588
85 0.568232 0.770252 0.028177 0.044929
74 0.680663 0.283867 0.035359 0.044929
87 0.895028 0.163717 0.051934 0.044929
77 0.792265 0.513785 0.054144 0.045269
70 0.893370 0.557522 0.037569 0.045609
58 0.464641 0.861811 0.039779 0.045609
113 0.241160 0.308033 0.063536 0.045609
58 0.460773 0.495405 0.043094 0.045950
76 0.245028 0.218686 0.044751 0.045950
51 0.463812 0.816031 0.051381 0.045950
53 0.893094 0.672566 0.029282 0.046290
118 0.685083 0.410824 0.040884 0.046290
121 0.350829 0.161845 0.039779 0.046630
87 0.350276 0.376617 0.050829 0.046630
87 0.680939 0.362832 0.045856 0.047651
125 0.133978 0.746086 0.054696 0.047651
118 0.892541 0.332029 0.029282 0.047992
70 0.354420 0.768039 0.044751 0.047992
77 0.692265 0.850408 0.057459 0.047992
127 0.900000 0.208475 0.069613 0.047992
58 0.135635 0.339006 0.040331 0.049013
2727 0.684530 0.535909 0.050829 0.049353
118 0.356906 0.425119 0.045304 0.050374
118 0.358287 0.210347 0.045856 0.050374
111 0.131492 0.497107 0.034254 0.051396
68 0.893923 0.244554 0.016575 0.052076
2727 0.136464 0.207794 0.054144 0.055480
1297 0.241160 0.535398 0.051381 0.067393
