246 0.111653 0.512314 0.046806 0.005833
128 0.902730 0.456578 0.010239 0.014906
52 0.826670 0.760855 0.039493 0.016202
881 0.179181 0.821776 0.043393 0.016850
91 0.182106 0.843163 0.038518 0.017498
52 0.322769 0.625567 0.033155 0.017822
76 0.606290 0.702041 0.035592 0.017822
1415 0.178450 0.682599 0.043881 0.017822
2543 0.180887 0.601426 0.037055 0.018146
1415 0.114578 0.149222 0.046806 0.018471
3053 0.184544 0.225535 0.032667 0.018795
52 0.115797 0.217110 0.033642 0.018795
2543 0.116041 0.486390 0.035105 0.018795
102 0.118235 0.250810 0.057045 0.018795
72 0.470015 0.597051 0.031204 0.019119
2543 0.749147 0.758425 0.036568 0.019119
91 0.749878 0.528678 0.039005 0.019119
113 0.467333 0.231529 0.050219 0.019119
120 0.253291 0.475697 0.019990 0.019443
1810 0.677718 0.390635 0.027304 0.019767
72 0.890054 0.662832 0.027791 0.019767
110 0.469771 0.193616 0.032667 0.019767
3053 0.542418 0.519767 0.034617 0.020091
126 0.325207 0.158458 0.044856 0.020091
126 0.392248 0.604180 0.044369 0.020415
91 0.178450 0.627673 0.036080 0.020739
91 0.113116 0.375243 0.039005 0.020739
91 0.897611 0.872327 0.039980 0.020739
72 0.393954 0.413642 0.036080 0.021063
3053 0.397611 0.441024 0.032667 0.021387
126 0.106533 0.829877 0.043393 0.021387
127 0.395417 0.668179 0.048757 0.021387
108 0.251585 0.198477 0.012677 0.021711
120 0.895173 0.163480 0.018528 0.021711
91 0.252560 0.615846 0.036080 0.021711
2543 0.682594 0.331335 0.039005 0.021711
2595 0.753047 0.379294 0.041443 0.021711
91 0.540468 0.347861 0.042418 0.021711
2543 0.539737 0.374109 0.043881 0.021711
55 0.751828 0.818373 0.048757 0.021711
102 0.325207 0.718244 0.056558 0.021711
57 0.541687 0.839922 0.029254 0.022035
92 0.680400 0.904083 0.030717 0.022035
91 0.253779 0.358069 0.035592 0.022035
3053 0.894198 0.690862 0.037055 0.022035
91 0.468796 0.693454 0.041443 0.022035
2543 0.248172 0.775113 0.041931 0.022035
98 0.114091 0.237524 0.044856 0.022035
88 0.325939 0.844945 0.022916 0.022359
83 0.395417 0.128808 0.029254 0.022359
91 0.751828 0.407161 0.039980 0.022359
2543 0.254022 0.290181 0.042906 0.022359
56 0.829352 0.213707 0.044856 0.022359
126 0.468552 0.526734 0.044856 0.022359
126 0.255241 0.127187 0.047294 0.022359
251 0.612872 0.566267 0.047782 0.022359
318 0.251585 0.809300 0.047782 0.022359
60 0.894198 0.323396 0.015602 0.022683
123 0.828376 0.128321 0.039980 0.022683
89 0.542418 0.215813 0.048269 0.022683
126 0.679668 0.360661 0.048757 0.022683
102 0.612384 0.872975 0.051682 0.022683
127 0.477328 0.214841 0.057533 0.022683
128 0.894442 0.185839 0.009264 0.023007
123 0.607509 0.681627 0.040956 0.023007
126 0.540224 0.238658 0.044856 0.023007
111 0.114091 0.195399 0.018528 0.023331
92 0.182838 0.294880 0.020478 0.023331
88 0.397855 0.355800 0.020478 0.023331
3053 0.682106 0.634154 0.032179 0.023331
83 0.752560 0.872651 0.033642 0.023331
126 0.829595 0.183409 0.047294 0.023331
108 0.468308 0.325502 0.014139 0.023655
111 0.827645 0.870220 0.020965 0.023655
111 0.470015 0.670609 0.023403 0.023655
3053 0.678450 0.838140 0.036568 0.023655
87 0.325695 0.671905 0.039980 0.023655
1406 0.114334 0.124595 0.040468 0.023655
126 0.251828 0.837168 0.045344 0.023655
126 0.826914 0.735418 0.048757 0.023655
98 0.678206 0.657647 0.056558 0.023655
68 0.692345 0.609527 0.007801 0.023979
56 0.471721 0.374919 0.019990 0.023979
111 0.606777 0.782566 0.021941 0.023979
88 0.611409 0.379132 0.022428 0.023979
2543 0.255241 0.643227 0.041443 0.023979
98 0.466358 0.651005 0.046319 0.023979
57 0.901024 0.597375 0.031204 0.024303
83 0.677962 0.882210 0.038518 0.024303
51 0.539980 0.164128 0.040468 0.024303
98 0.319844 0.646630 0.054608 0.024303
683 0.116529 0.312541 0.055583 0.024303
85 0.468064 0.255995 0.012677 0.024627
56 0.470015 0.720026 0.019503 0.024627
72 0.179668 0.200259 0.028766 0.024627
91 0.825207 0.423526 0.039493 0.024627
980 0.678206 0.481854 0.045831 0.024627
98 0.183325 0.247246 0.053632 0.024627
85 0.325207 0.600292 0.015602 0.024951
119 0.833496 0.237362 0.019015 0.024951
3053 0.611897 0.485580 0.033155 0.024951
1406 0.175037 0.656027 0.035105 0.024951
91 0.181619 0.579229 0.053145 0.024951
85 0.114578 0.171095 0.010726 0.025275
2678 0.250122 0.674336 0.038030 0.025275
126 0.826426 0.390473 0.044856 0.025275
3053 0.830327 0.493681 0.039005 0.025599
92 0.608240 0.511017 0.020965 0.025924
91 0.682350 0.304277 0.038518 0.025924
665 0.401024 0.382048 0.042418 0.025924
95 0.677718 0.861309 0.044856 0.025924
85 0.254510 0.419799 0.013652 0.026248
92 0.253047 0.502754 0.026329 0.026248
84 0.833008 0.843649 0.035592 0.026248
1083 0.396636 0.261342 0.039493 0.026248
1811 0.824963 0.704310 0.043881 0.026248
96 0.111653 0.577933 0.044856 0.026248
1887 0.321307 0.819669 0.047782 0.026248
98 0.891273 0.715003 0.048757 0.026248
75 0.179181 0.710305 0.032667 0.026572
83 0.253291 0.223266 0.037543 0.026572
1083 0.679181 0.517498 0.042906 0.026572
979 0.752072 0.435839 0.044369 0.026572
126 0.542906 0.902787 0.049244 0.026572
91 0.753535 0.732340 0.055095 0.026572
118 0.542175 0.189728 0.016577 0.026896
3053 0.472940 0.626215 0.033155 0.026896
72 0.605558 0.624271 0.037055 0.026896
1083 0.686007 0.200421 0.038030 0.026896
978 0.749391 0.628645 0.039005 0.027220
91 0.683813 0.130266 0.042418 0.027220
85 0.679425 0.549417 0.015115 0.027544
92 0.825207 0.519281 0.020965 0.027544
98 0.395661 0.462897 0.045344 0.027544
91 0.249878 0.744167 0.045344 0.027544
68 0.337396 0.239793 0.006826 0.027868
107 0.394198 0.837654 0.023891 0.027868
92 0.893223 0.771549 0.024378 0.027868
83 0.534861 0.775437 0.035105 0.027868
91 0.398098 0.185029 0.037543 0.027868
83 0.608971 0.750486 0.038030 0.027868
2590 0.537055 0.744329 0.041443 0.027868
2151 0.182350 0.485094 0.041931 0.027868
277 0.538518 0.654893 0.047294 0.027868
361 0.608240 0.350292 0.050219 0.027868
316 0.898342 0.807518 0.050219 0.027868
119 0.828620 0.153759 0.018040 0.028192
87 0.684544 0.583441 0.039005 0.028192
253 0.534617 0.871841 0.045344 0.028192
1768 0.320088 0.906837 0.063871 0.028192
60 0.468064 0.900518 0.017552 0.028516
60 0.531204 0.712897 0.019990 0.028516
111 0.897367 0.256967 0.022916 0.028516
2436 0.465383 0.131562 0.054120 0.028516
91 0.759142 0.271549 0.059483 0.028516
60 0.539737 0.438108 0.013652 0.029164
93 0.188688 0.173364 0.030229 0.029164
60 0.328376 0.212573 0.034617 0.029164
704 0.255241 0.868438 0.038518 0.029164
91 0.181131 0.901167 0.040468 0.029164
95 0.542418 0.547959 0.042418 0.029164
979 0.540956 0.810110 0.043393 0.029164
126 0.753779 0.790019 0.044856 0.029164
979 0.396636 0.534025 0.045344 0.029164
481 0.400780 0.157809 0.046806 0.029164
126 0.894686 0.396306 0.048757 0.029164
119 0.611409 0.274303 0.024378 0.029488
83 0.540712 0.578257 0.031204 0.029488
57 0.831789 0.450259 0.033155 0.029488
87 0.181375 0.388367 0.035105 0.029488
481 0.180887 0.514744 0.036080 0.029488
91 0.322769 0.534835 0.042906 0.029488
68 0.328864 0.408620 0.008289 0.029812
118 0.470258 0.747246 0.013164 0.029812
60 0.827401 0.630266 0.018528 0.029812
118 0.760117 0.130266 0.032179 0.029812
58 0.752560 0.846079 0.033642 0.029812
1934 0.607752 0.845755 0.047294 0.029812
1887 0.757435 0.243357 0.053145 0.029812
120 0.324963 0.698801 0.027791 0.030136
253 0.112140 0.744815 0.035105 0.030136
87 0.324476 0.378645 0.036568 0.030136
1083 0.749391 0.597699 0.039005 0.030136
979 0.116772 0.714679 0.040468 0.030136
3189 0.180644 0.869572 0.040468 0.030136
1579 0.892004 0.738983 0.042418 0.030136
481 0.613603 0.130428 0.047294 0.030136
4690 0.748172 0.665424 0.047294 0.030136
1102 0.112628 0.859851 0.048757 0.030136
98 0.825451 0.784025 0.049732 0.030136
481 0.756216 0.502106 0.052657 0.030136
473 0.323988 0.875081 0.053145 0.030136
83 0.252072 0.898250 0.016577 0.030460
119 0.608240 0.726183 0.020965 0.030460
1424 0.328133 0.130266 0.042906 0.030460
2152 0.115066 0.458198 0.042906 0.030460
51 0.828864 0.902139 0.044856 0.030460
316 0.327401 0.304601 0.045344 0.030460
361 0.394198 0.327285 0.052170 0.030460
82 0.474647 0.346727 0.058020 0.030460
111 0.538762 0.131400 0.016577 0.030784
2190 0.110434 0.799903 0.040468 0.030784
3322 0.897123 0.220836 0.044856 0.030784
2526 0.606046 0.812216 0.044856 0.030784
979 0.682106 0.690700 0.045831 0.030784
2710 0.611897 0.199449 0.049732 0.030784
119 0.111409 0.642255 0.019015 0.031108
119 0.608727 0.454310 0.023891 0.031108
1162 0.253047 0.255023 0.036080 0.031108
70 0.254510 0.450421 0.040956 0.031108
85 0.608727 0.597051 0.013164 0.031432
93 0.182350 0.451555 0.029254 0.031432
91 0.113116 0.768471 0.056558 0.031432
118 0.471721 0.402787 0.013164 0.031756
60 0.610190 0.900194 0.016090 0.031756
111 0.396880 0.867466 0.020478 0.031756
81 0.329352 0.187622 0.047294 0.031756
822 0.677231 0.423850 0.050707 0.031756
4084 0.324720 0.567077 0.050707 0.031756
71 0.831789 0.548607 0.055583 0.031756
119 0.398830 0.899384 0.024378 0.032080
2683 0.676743 0.723104 0.046806 0.032080
108 0.897855 0.482988 0.047294 0.032080
60 0.111165 0.900518 0.018528 0.032404
71 0.615310 0.539857 0.051682 0.032404
4003 0.253047 0.386261 0.055583 0.032404
121 0.831302 0.471808 0.058508 0.032404
1358 0.175037 0.549741 0.040956 0.032728
1430 0.110922 0.613253 0.050219 0.032728
126 0.398098 0.809462 0.044369 0.033052
1406 0.398342 0.293584 0.047782 0.033052
91 0.682838 0.455930 0.060946 0.033052
83 0.609459 0.305736 0.020478 0.033377
2683 0.753779 0.465813 0.031204 0.033377
87 0.466845 0.869572 0.033642 0.033377
110 0.183813 0.357907 0.038030 0.033377
665 0.179912 0.748704 0.042906 0.033377
1446 0.896148 0.134964 0.048757 0.033377
1406 0.674793 0.809624 0.055583 0.033377
87 0.898586 0.295204 0.028279 0.033701
2683 0.753047 0.559300 0.032667 0.033701
68 0.468552 0.164776 0.008776 0.034025
69 0.194539 0.323234 0.022428 0.034025
2286 0.540224 0.408458 0.039980 0.034025
1831 0.398098 0.497570 0.036568 0.034673
726 0.894442 0.563351 0.042418 0.034673
69 0.399317 0.688918 0.022428 0.034997
748 0.109459 0.342839 0.043393 0.034997
4028 0.827401 0.668179 0.050707 0.034997
4084 0.682350 0.269929 0.053145 0.034997
4084 0.539980 0.315619 0.056070 0.034997
745 0.892491 0.631400 0.029742 0.035321
491 0.682594 0.231529 0.041931 0.035321
1531 0.324963 0.341704 0.047294 0.035321
71 0.761092 0.163156 0.047782 0.035321
2295 0.254998 0.709170 0.051682 0.035321
121 0.182838 0.420771 0.052657 0.035321
589 0.111897 0.410564 0.051195 0.035645
83 0.326670 0.269119 0.020478 0.035969
83 0.110678 0.675794 0.020478 0.035969
107 0.830083 0.812541 0.023891 0.035969
2683 0.399561 0.223752 0.027791 0.035969
2351 0.179912 0.790830 0.041931 0.035969
1531 0.827401 0.308976 0.057533 0.035969
4691 0.747684 0.700259 0.052170 0.036293
68 0.114091 0.276248 0.007801 0.036617
1894 0.324232 0.785969 0.042906 0.036617
126 0.604827 0.653111 0.046319 0.036617
3139 0.465870 0.784187 0.043393 0.036941
83 0.830327 0.269443 0.016577 0.037265
4084 0.898342 0.840732 0.050219 0.037265
3855 0.609703 0.237362 0.053145 0.037265
4084 0.251585 0.322262 0.055583 0.037265
4084 0.254510 0.580687 0.059483 0.037589
1169 0.255729 0.162832 0.028766 0.037913
2683 0.686251 0.163480 0.028766 0.037913
1090 0.395417 0.729585 0.052657 0.037913
491 0.541687 0.275437 0.045831 0.038237
4163 0.391273 0.638205 0.033642 0.038561
3792 0.757192 0.344621 0.053632 0.038561
1465 0.393954 0.771063 0.054608 0.038561
2683 0.757923 0.203824 0.032667 0.038885
3869 0.538762 0.617952 0.044856 0.038885
2056 0.393467 0.569994 0.046806 0.038885
1092 0.754998 0.901491 0.041443 0.039533
4089 0.831546 0.590084 0.045344 0.039533
1237 0.671380 0.766040 0.045831 0.039533
1795 0.468308 0.564647 0.057045 0.039857
68 0.540224 0.685029 0.009751 0.040181
1094 0.182838 0.137719 0.048757 0.040181
83 0.894929 0.521549 0.017065 0.040506
76 0.110434 0.544232 0.037543 0.040506
70 0.897855 0.430006 0.032667 0.040830
1824 0.753779 0.299579 0.034130 0.041154
1358 0.610922 0.161536 0.043881 0.041154
83 0.468064 0.289047 0.022428 0.041478
491 0.253779 0.538723 0.044369 0.041802
1819 0.607752 0.416883 0.051195 0.041802
1114 0.470746 0.443292 0.047294 0.043422
1317 0.896392 0.358717 0.042418 0.044070
1182 0.326670 0.448153 0.046806 0.044070
1532 0.537299 0.481692 0.046806 0.046986
934 0.823988 0.347861 0.043881 0.050227
3305 0.324476 0.493357 0.051195 0.050227
296 0.467577 0.824854 0.040956 0.050875
68 0.321550 0.722942 0.041443 0.059624
