92 0.750667 0.585895 0.033778 0.010460
92 0.825556 0.335816 0.033333 0.012995
92 0.825556 0.738193 0.024444 0.013946
56 0.608889 0.678764 0.016000 0.014263
92 0.463556 0.625990 0.025778 0.014580
92 0.824889 0.926466 0.027556 0.014580
92 0.138222 0.384786 0.028444 0.014580
56 0.900667 0.557369 0.017333 0.015531
92 0.821556 0.522821 0.044000 0.015531
56 0.465556 0.682726 0.018222 0.015848
861 0.609333 0.816799 0.042667 0.015848
64 0.539333 0.837876 0.022667 0.016799
698 0.750667 0.462441 0.028444 0.017116
56 0.142000 0.657211 0.012889 0.017433
65 0.754667 0.857528 0.028444 0.017433
92 0.143333 0.880824 0.023556 0.017750
302 0.602000 0.837718 0.068889 0.017750
57 0.382222 0.312995 0.030222 0.018700
57 0.610000 0.397623 0.050222 0.018700
861 0.758667 0.169572 0.046222 0.019017
88 0.387778 0.920761 0.018222 0.020285
119 0.613333 0.416640 0.014222 0.020602
72 0.746889 0.636609 0.028000 0.020602
56 0.613333 0.176704 0.053333 0.020602
51 0.223778 0.695721 0.027111 0.020919
52 0.898667 0.425674 0.040889 0.020919
370 0.823556 0.498574 0.040889 0.020919
56 0.297778 0.685420 0.048889 0.021236
56 0.608667 0.541046 0.016444 0.021553
88 0.612000 0.441363 0.023111 0.021870
92 0.610222 0.299366 0.017778 0.022504
259 0.142222 0.761490 0.049778 0.022504
66 0.378000 0.457845 0.017333 0.023138
120 0.611111 0.231854 0.019556 0.023138
57 0.144000 0.442314 0.026667 0.023138
95 0.463111 0.876545 0.043556 0.023138
89 0.678889 0.363708 0.047556 0.023138
886 0.900000 0.708241 0.049778 0.023138
1002 0.817556 0.871157 0.064444 0.023138
66 0.678222 0.844374 0.024889 0.023455
91 0.536222 0.610143 0.046667 0.023455
91 0.746889 0.433914 0.047556 0.023455
119 0.755111 0.659113 0.017778 0.023772
74 0.611333 0.655626 0.023556 0.023772
1083 0.385333 0.897781 0.029333 0.023772
87 0.458667 0.284786 0.033778 0.023772
111 0.141556 0.818225 0.040444 0.023772
115 0.612889 0.211569 0.040889 0.023772
111 0.306667 0.871632 0.023111 0.024089
88 0.902667 0.735341 0.024889 0.024089
118 0.904000 0.209984 0.013333 0.024406
117 0.753778 0.296197 0.016889 0.024406
113 0.602889 0.328526 0.046667 0.024406
113 0.899778 0.265135 0.050222 0.024406
119 0.910222 0.785737 0.014222 0.024723
119 0.305111 0.771157 0.020000 0.024723
60 0.224889 0.719176 0.022222 0.024723
60 0.223556 0.636133 0.023111 0.024723
87 0.149778 0.903011 0.036444 0.024723
54 0.750889 0.919176 0.043111 0.024723
75 0.148000 0.632805 0.031111 0.025040
51 0.902667 0.761807 0.032000 0.025040
83 0.522667 0.490174 0.048000 0.025040
91 0.678667 0.573534 0.051556 0.025040
126 0.135556 0.252456 0.052444 0.025040
110 0.298889 0.620602 0.033333 0.025357
126 0.380667 0.386054 0.055556 0.025357
118 0.907333 0.285737 0.019111 0.025674
252 0.530667 0.270840 0.034667 0.025674
51 0.682000 0.510460 0.039556 0.025674
81 0.529556 0.552298 0.040444 0.025674
52 0.825778 0.170681 0.040889 0.025674
119 0.750000 0.795246 0.021778 0.025990
88 0.831333 0.268938 0.032444 0.026307
91 0.144000 0.573534 0.044444 0.026307
83 0.215111 0.810301 0.044444 0.026307
83 0.436000 0.916799 0.049778 0.026307
68 0.901111 0.238035 0.033333 0.026624
1083 0.530222 0.214263 0.034667 0.026624
98 0.743556 0.610460 0.048000 0.026624
60 0.470667 0.438510 0.022222 0.026941
72 0.370444 0.484786 0.057333 0.026941
99 0.215778 0.418542 0.062667 0.026941
118 0.740444 0.894136 0.018667 0.027258
4121 0.297111 0.330903 0.036889 0.027258
107 0.679556 0.871949 0.041778 0.027258
96 0.908444 0.180983 0.044444 0.027258
126 0.301778 0.478605 0.044444 0.027258
1579 0.815333 0.465610 0.044889 0.027258
55 0.756000 0.275119 0.051556 0.027258
126 0.540000 0.672900 0.053333 0.027258
76 0.464222 0.849287 0.023556 0.027575
83 0.455556 0.600792 0.037333 0.027575
251 0.373333 0.174485 0.047111 0.027575
83 0.295111 0.797306 0.049778 0.027575
117 0.746889 0.767987 0.018222 0.027892
88 0.379778 0.600951 0.031556 0.027892
88 0.460000 0.344532 0.032889 0.027892
2496 0.148667 0.547068 0.048444 0.027892
53 0.464222 0.822345 0.017333 0.028209
58 0.222667 0.507607 0.020444 0.028209
98 0.893111 0.451189 0.055556 0.028209
85 0.906889 0.400317 0.011111 0.028526
117 0.222000 0.878288 0.020889 0.028526
119 0.224222 0.312203 0.024444 0.028526
75 0.907111 0.530586 0.030222 0.028526
88 0.678889 0.813946 0.033333 0.028526
91 0.446667 0.219651 0.054222 0.028526
118 0.220222 0.445800 0.013778 0.028843
85 0.467333 0.793819 0.013778 0.028843
126 0.680444 0.333281 0.052444 0.028843
91 0.524444 0.245166 0.053333 0.028843
91 0.536444 0.865452 0.054222 0.028843
121 0.130222 0.924247 0.028444 0.029160
88 0.755333 0.244057 0.032444 0.029160
978 0.227778 0.667195 0.044889 0.029160
108 0.452889 0.313471 0.053333 0.029160
60 0.386000 0.835024 0.020000 0.029477
87 0.299556 0.743740 0.033778 0.029477
85 0.301111 0.587639 0.015556 0.029794
66 0.300222 0.712678 0.021778 0.030111
83 0.745333 0.685103 0.038222 0.030111
318 0.378000 0.255626 0.050222 0.030111
1774 0.302889 0.652615 0.051111 0.030428
62 0.537778 0.582409 0.027556 0.030745
88 0.298667 0.399842 0.029333 0.030745
87 0.220222 0.607448 0.031556 0.030745
883 0.297111 0.292393 0.037778 0.030745
642 0.750889 0.205547 0.042222 0.030745
62 0.827556 0.630903 0.046222 0.030745
1489 0.898222 0.851823 0.050667 0.030745
85 0.905556 0.918542 0.014667 0.031062
71 0.144667 0.318225 0.029778 0.031062
683 0.821333 0.900475 0.072000 0.031062
60 0.903333 0.368463 0.026222 0.031379
247 0.607778 0.870206 0.034222 0.031379
978 0.903556 0.683518 0.036444 0.031379
4082 0.750444 0.403803 0.031556 0.031696
74 0.533111 0.807924 0.036889 0.031696
2885 0.462667 0.379873 0.039111 0.032013
83 0.217333 0.538035 0.041778 0.032013
363 0.613333 0.755151 0.048889 0.032013
4253 0.145111 0.795721 0.051111 0.032013
98 0.820444 0.202060 0.051556 0.032013
4260 0.222222 0.575594 0.023111 0.032330
68 0.753778 0.883201 0.006222 0.032647
3234 0.681556 0.479398 0.049333 0.032647
3956 0.227333 0.845800 0.052889 0.032647
58 0.825778 0.843106 0.016889 0.032964
691 0.295333 0.178764 0.036889 0.032964
4486 0.382889 0.869731 0.046667 0.032964
119 0.225333 0.911727 0.032889 0.033281
96 0.754000 0.331379 0.044000 0.033281
58 0.680222 0.732171 0.017333 0.033597
85 0.142889 0.410777 0.019111 0.033597
51 0.536000 0.774960 0.041778 0.033597
81 0.298889 0.216957 0.039556 0.033914
2412 0.146000 0.601743 0.041333 0.033914
96 0.226667 0.752615 0.047111 0.033914
3256 0.221111 0.344374 0.047556 0.033914
323 0.382444 0.279715 0.064444 0.033914
121 0.382444 0.677021 0.024444 0.034231
120 0.145556 0.512520 0.039556 0.034231
120 0.827111 0.669097 0.040000 0.034231
87 0.218444 0.280507 0.043111 0.034231
3956 0.534000 0.520761 0.048444 0.034231
4070 0.466222 0.902377 0.052444 0.034231
717 0.538667 0.739778 0.076444 0.034231
83 0.680667 0.223613 0.039556 0.034548
58 0.301556 0.253883 0.018222 0.034865
480 0.215556 0.385420 0.035556 0.034865
699 0.682889 0.263391 0.036889 0.034865
2727 0.677333 0.299842 0.046222 0.034865
1063 0.905556 0.886212 0.055556 0.034865
62 0.684444 0.541204 0.025778 0.035182
2507 0.749111 0.370048 0.048444 0.035182
4033 0.540667 0.904120 0.058222 0.035182
81 0.222222 0.478288 0.040889 0.035499
1364 0.531333 0.307132 0.047556 0.035499
58 0.679556 0.398574 0.017778 0.035816
81 0.464000 0.418225 0.035556 0.035816
4038 0.384889 0.798574 0.039111 0.035816
1853 0.604222 0.365610 0.042222 0.035816
1392 0.541111 0.708241 0.044889 0.035816
1562 0.824889 0.707765 0.041778 0.036133
81 0.301111 0.562282 0.042222 0.036133
120 0.138444 0.354834 0.043111 0.036450
3735 0.149333 0.726307 0.050667 0.036450
3089 0.830000 0.765927 0.057333 0.036450
60 0.217778 0.241838 0.027556 0.036767
81 0.608889 0.515372 0.045333 0.036767
1821 0.142889 0.851347 0.047556 0.036767
3175 0.826889 0.235182 0.048444 0.036767
1908 0.136222 0.219810 0.060000 0.037084
68 0.143778 0.684311 0.006667 0.037401
1126 0.613333 0.786688 0.042667 0.037401
4727 0.677111 0.694295 0.053778 0.037718
3307 0.291556 0.363708 0.069333 0.037718
83 0.606667 0.472583 0.023111 0.038035
110 0.143556 0.474802 0.035556 0.038035
2896 0.132889 0.176862 0.044444 0.038035
2259 0.452000 0.253090 0.045333 0.038352
85 0.612889 0.265927 0.012444 0.038669
4747 0.748667 0.503328 0.038667 0.038669
3482 0.376222 0.209984 0.044889 0.038986
92 0.615333 0.909033 0.033333 0.039303
3322 0.680222 0.648019 0.032444 0.039620
1354 0.132889 0.290174 0.048000 0.039620
1870 0.456889 0.569097 0.057778 0.039620
2599 0.539111 0.642472 0.032000 0.039937
313 0.906000 0.645642 0.041333 0.039937
1637 0.532222 0.433597 0.051111 0.039937
85 0.822444 0.545959 0.014667 0.040254
4089 0.828889 0.802060 0.040000 0.040254
4086 0.825778 0.306339 0.041778 0.040254
975 0.380889 0.521553 0.047111 0.040254
1799 0.379778 0.759429 0.039556 0.040571
1821 0.381111 0.717591 0.052889 0.040571
1137 0.465333 0.712995 0.042667 0.040887
976 0.385333 0.345959 0.038222 0.041521
2904 0.312000 0.906022 0.050667 0.041521
109 0.604000 0.574168 0.055111 0.041521
1285 0.528444 0.177179 0.050667 0.041838
1666 0.678444 0.436767 0.061778 0.041838
4741 0.687778 0.610618 0.044000 0.042155
975 0.460444 0.526624 0.046222 0.042155
126 0.682444 0.908716 0.047556 0.042472
3984 0.749333 0.830269 0.052444 0.042789
1584 0.527111 0.391284 0.030222 0.043423
2619 0.378000 0.563391 0.031556 0.043423
68 0.683778 0.180983 0.010222 0.043740
3136 0.530889 0.345325 0.031556 0.044057
1267 0.463556 0.755943 0.029333 0.044374
1551 0.302444 0.516957 0.044889 0.044374
4532 0.302000 0.834548 0.059111 0.045642
1281 0.678667 0.774168 0.027556 0.045959
505 0.823333 0.422345 0.033333 0.045959
68 0.537556 0.463233 0.008444 0.046593
1833 0.751333 0.550713 0.036000 0.046593
68 0.231556 0.781616 0.012444 0.046910
2468 0.455778 0.182409 0.033333 0.047227
296 0.607333 0.618859 0.040444 0.047227
3739 0.380667 0.424881 0.044889 0.047227
68 0.463778 0.476070 0.006667 0.047544
1856 0.748444 0.727892 0.041778 0.048494
726 0.455778 0.659429 0.050222 0.048494
68 0.610667 0.712520 0.008000 0.048811
1170 0.825333 0.595880 0.045333 0.049445
69 0.830444 0.370523 0.020000 0.050079
68 0.904667 0.802694 0.022667 0.051030
1570 0.382222 0.643899 0.071111 0.051664
68 0.901556 0.595087 0.007556 0.052298
296 0.903556 0.488590 0.032000 0.052298
4376 0.900444 0.327734 0.043556 0.055151
957 0.289333 0.446276 0.052444 0.058954
68 0.215778 0.188273 0.009333 0.066561
