246 0.322326 0.231538 0.040000 0.003590
246 0.947209 0.869615 0.033023 0.003846
83 0.874884 0.312308 0.019535 0.009231
169 0.244186 0.876154 0.013953 0.010769
101 0.946977 0.401410 0.040000 0.014103
297 0.231628 0.234487 0.050233 0.014103
101 0.768372 0.335385 0.043721 0.014872
57 0.868837 0.360769 0.037209 0.016923
101 0.238605 0.536026 0.032558 0.017179
52 0.858605 0.263462 0.044651 0.017179
56 0.945814 0.497051 0.037674 0.017692
113 0.230000 0.823077 0.039535 0.018462
64 0.590233 0.736667 0.022326 0.018974
102 0.679767 0.360897 0.049767 0.019231
1173 0.946977 0.767692 0.040000 0.019487
93 0.507674 0.326410 0.042326 0.019487
91 0.234884 0.465513 0.034419 0.019744
302 0.764419 0.533846 0.043256 0.020000
2151 0.589767 0.529103 0.043721 0.020256
89 0.232326 0.795769 0.044186 0.020256
91 0.678605 0.569231 0.045581 0.020513
495 0.858140 0.294231 0.053953 0.020769
495 0.940930 0.631282 0.052093 0.021026
2151 0.771395 0.262179 0.044186 0.021282
88 0.331628 0.365769 0.027907 0.021795
83 0.759070 0.868590 0.030698 0.021795
65 0.509070 0.232692 0.038605 0.021795
88 0.948372 0.834359 0.019535 0.022051
64 0.947209 0.300641 0.032093 0.022308
107 0.590465 0.868077 0.032093 0.022308
65 0.597674 0.628077 0.037209 0.022308
64 0.678837 0.299744 0.020000 0.022564
123 0.235116 0.565641 0.020000 0.022564
91 0.505349 0.668974 0.038605 0.022564
83 0.590000 0.265000 0.024651 0.022821
111 0.240698 0.734487 0.031163 0.022821
64 0.234651 0.429615 0.034884 0.022821
91 0.942093 0.464872 0.032093 0.023077
91 0.418837 0.434103 0.040465 0.023077
1592 0.862558 0.466667 0.046977 0.023077
83 0.232791 0.397308 0.029302 0.023333
288 0.234186 0.765000 0.049767 0.023333
66 0.237674 0.322821 0.023256 0.023590
117 0.764651 0.696667 0.025116 0.023590
699 0.941860 0.670000 0.032558 0.023590
58 0.854884 0.741538 0.034419 0.023590
126 0.852326 0.833846 0.039535 0.023590
359 0.591395 0.468718 0.045116 0.023590
92 0.504419 0.437308 0.029302 0.023846
710 0.941860 0.430897 0.034419 0.023846
56 0.238140 0.298846 0.040000 0.023846
691 0.770930 0.233462 0.051628 0.023846
64 0.232558 0.634615 0.019535 0.024103
126 0.329767 0.437051 0.029767 0.024359
91 0.946744 0.333333 0.044186 0.024615
126 0.944419 0.737308 0.034884 0.024872
123 0.767674 0.633333 0.023721 0.025128
117 0.858605 0.394359 0.031628 0.025128
978 0.501395 0.567692 0.041860 0.025128
2677 0.859070 0.496538 0.031628 0.025385
76 0.586744 0.833462 0.036744 0.025385
88 0.858605 0.771026 0.036279 0.025641
2255 0.683256 0.233590 0.054884 0.025641
83 0.945581 0.260385 0.020465 0.025897
88 0.854884 0.563718 0.032558 0.025897
87 0.500000 0.800897 0.033488 0.025897
68 0.676047 0.767564 0.042326 0.025897
91 0.590698 0.800897 0.042791 0.025897
66 0.950930 0.234103 0.023721 0.026154
2182 0.585814 0.767179 0.043256 0.026154
83 0.675349 0.735000 0.024186 0.026410
126 0.940930 0.601154 0.032558 0.026410
85 0.680233 0.433718 0.034884 0.026410
60 0.499767 0.700385 0.034884 0.026410
92 0.326744 0.297692 0.039535 0.026667
1799 0.413721 0.499872 0.038605 0.026923
2486 0.413721 0.333718 0.051628 0.026923
126 0.323023 0.801538 0.023721 0.027179
117 0.505349 0.498205 0.033023 0.027179
3032 0.324419 0.866923 0.051628 0.027179
642 0.764419 0.503718 0.040465 0.027436
4132 0.944651 0.701410 0.041860 0.027436
4214 0.326047 0.331667 0.053023 0.027436
58 0.762093 0.840000 0.030233 0.027692
1933 0.232791 0.265641 0.056279 0.027692
667 0.415814 0.400000 0.042791 0.028205
2395 0.850930 0.805897 0.045116 0.028205
98 0.676047 0.599487 0.046047 0.028205
68 0.680930 0.266538 0.006512 0.028462
547 0.590698 0.398077 0.033488 0.028462
60 0.763721 0.723077 0.021395 0.028718
126 0.767442 0.466154 0.035349 0.028718
65 0.327209 0.766026 0.026512 0.028974
648 0.320000 0.834231 0.041860 0.028974
118 0.680698 0.834103 0.013488 0.029231
109 0.679535 0.325897 0.035349 0.029231
111 0.589302 0.664359 0.041860 0.029231
1831 0.321860 0.266667 0.046512 0.029231
2996 0.856279 0.530256 0.049302 0.029231
76 0.765814 0.362949 0.035814 0.029487
85 0.765814 0.596154 0.015349 0.029744
117 0.589302 0.297949 0.024186 0.029744
1831 0.234884 0.699744 0.037209 0.029744
58 0.325349 0.669615 0.029302 0.030000
104 0.767442 0.566026 0.034419 0.030000
76 0.588837 0.566026 0.035349 0.030000
2983 0.944884 0.566282 0.048837 0.030000
65 0.773023 0.426923 0.026977 0.030256
87 0.857907 0.597179 0.036744 0.030256
327 0.409070 0.467179 0.046047 0.030256
85 0.680233 0.497436 0.017209 0.030769
119 0.500000 0.766154 0.017674 0.030769
76 0.678372 0.629359 0.022791 0.031026
126 0.320698 0.533718 0.036744 0.031026
87 0.504884 0.395641 0.036744 0.031282
77 0.509302 0.465128 0.039070 0.031282
1354 0.851395 0.868974 0.040465 0.031282
272 0.413488 0.366923 0.047442 0.031282
53 0.230930 0.848333 0.013488 0.031538
60 0.676512 0.864744 0.024651 0.031538
1797 0.324651 0.602179 0.051163 0.031538
68 0.327907 0.502821 0.008372 0.031795
92 0.503721 0.363846 0.024186 0.031795
58 0.328837 0.565385 0.026047 0.031795
268 0.770465 0.299744 0.034884 0.031795
70 0.589302 0.435256 0.020465 0.032051
76 0.324651 0.701154 0.033488 0.032051
121 0.507907 0.297821 0.045581 0.032051
92 0.857442 0.238462 0.018140 0.032308
87 0.503953 0.265385 0.034884 0.032308
2320 0.329302 0.400256 0.049302 0.032308
68 0.326279 0.638077 0.008837 0.032564
268 0.941860 0.369615 0.038140 0.032564
95 0.589302 0.363718 0.042791 0.033077
1920 0.943953 0.806538 0.044186 0.033077
4168 0.675581 0.533718 0.054419 0.033077
68 0.592791 0.236667 0.009767 0.033333
60 0.678605 0.463846 0.021395 0.033333
108 0.235581 0.663590 0.037674 0.033333
107 0.773023 0.394744 0.029767 0.033590
68 0.682093 0.704615 0.013488 0.033846
119 0.234186 0.594103 0.022791 0.033846
107 0.327907 0.734359 0.025116 0.033846
74 0.588140 0.330000 0.034884 0.033846
68 0.592326 0.498718 0.007907 0.034359
68 0.678372 0.393077 0.008837 0.034359
126 0.673953 0.670256 0.035349 0.034359
68 0.508140 0.533077 0.007907 0.034872
53 0.588605 0.701923 0.015349 0.035128
119 0.859767 0.630128 0.017209 0.035128
90 0.236279 0.360641 0.042791 0.035128
3003 0.501628 0.597821 0.046977 0.035128
107 0.590698 0.598974 0.027907 0.035385
93 0.684419 0.801538 0.033023 0.035385
2191 0.504651 0.634359 0.046512 0.035385
119 0.765814 0.664103 0.021860 0.035897
119 0.501395 0.832308 0.015814 0.036410
70 0.499070 0.732179 0.022326 0.036667
2422 0.853023 0.333718 0.053023 0.036667
2429 0.323721 0.469872 0.038140 0.037179
68 0.950233 0.528846 0.009302 0.037692
68 0.857674 0.666923 0.009302 0.037949
85 0.765116 0.806667 0.038140 0.038462
68 0.861395 0.430385 0.009302 0.039744
85 0.859302 0.709231 0.036744 0.040513
47 0.764186 0.758462 0.020465 0.041538
268 0.233721 0.505897 0.038605 0.042564
