246 0.189070 0.742179 0.033953 0.002308
246 0.197209 0.343077 0.039070 0.002564
246 0.642326 0.246282 0.042791 0.002821
246 0.634419 0.542308 0.041860 0.003077
246 0.280233 0.676795 0.043256 0.003333
246 0.283256 0.778718 0.040000 0.003590
246 0.279535 0.576795 0.045581 0.003846
246 0.193953 0.441410 0.038140 0.004359
101 0.283488 0.276667 0.026512 0.008718
297 0.280698 0.809487 0.042326 0.010256
861 0.636977 0.707692 0.039535 0.010769
92 0.279302 0.543205 0.027442 0.012051
495 0.374186 0.641282 0.035814 0.014359
55 0.817674 0.542692 0.042791 0.014615
92 0.904884 0.742564 0.027442 0.015385
251 0.277907 0.839744 0.048837 0.016410
1810 0.903953 0.410769 0.021860 0.017436
318 0.192326 0.605000 0.044186 0.017692
2151 0.372558 0.275897 0.035349 0.017949
64 0.456512 0.773718 0.020000 0.018205
120 0.815116 0.711410 0.020930 0.018205
495 0.453953 0.839359 0.052093 0.019231
83 0.901628 0.541795 0.029302 0.019487
91 0.544186 0.280128 0.028837 0.019744
91 0.368605 0.511923 0.033953 0.019744
88 0.636977 0.775256 0.034884 0.019744
83 0.904186 0.873718 0.036279 0.019744
268 0.370000 0.306667 0.032093 0.020000
102 0.815814 0.735897 0.038140 0.020000
85 0.195814 0.807692 0.011163 0.020513
83 0.813023 0.406410 0.030698 0.020513
735 0.191860 0.375128 0.046977 0.020513
126 0.811163 0.645256 0.028837 0.020769
83 0.367907 0.745769 0.029767 0.020769
83 0.631860 0.510128 0.031163 0.020769
91 0.194884 0.537051 0.033488 0.020769
52 0.286744 0.311923 0.033953 0.020769
750 0.196047 0.641154 0.040465 0.020769
83 0.456744 0.871026 0.029767 0.021026
93 0.906744 0.344359 0.036744 0.021026
83 0.545581 0.505769 0.028837 0.021282
83 0.630465 0.871410 0.032093 0.021282
76 0.547442 0.807436 0.036279 0.021538
1592 0.456047 0.478205 0.057209 0.021538
2193 0.458140 0.509359 0.048372 0.022308
117 0.195116 0.838205 0.023721 0.022564
2193 0.286279 0.244615 0.051628 0.022564
122 0.811163 0.574231 0.032558 0.022821
302 0.906047 0.377308 0.045581 0.023333
119 0.462558 0.372564 0.019070 0.023590
58 0.634884 0.808462 0.031628 0.023590
126 0.370930 0.609231 0.032093 0.023590
2885 0.370698 0.378205 0.036279 0.023590
91 0.728140 0.443333 0.044186 0.023590
91 0.639535 0.675641 0.048372 0.023590
88 0.816279 0.478846 0.026977 0.023846
60 0.456512 0.245513 0.032093 0.023846
2395 0.819302 0.278846 0.032093 0.023846
757 0.187907 0.710641 0.050233 0.023846
117 0.636279 0.377179 0.020465 0.024103
91 0.547674 0.345897 0.034884 0.024103
126 0.463023 0.311410 0.027442 0.024359
683 0.812791 0.247564 0.056279 0.024359
1799 0.725814 0.510000 0.037674 0.024615
932 0.451628 0.709744 0.055814 0.024615
2197 0.280233 0.641410 0.033023 0.024872
691 0.906977 0.773205 0.046512 0.024872
2755 0.538837 0.677308 0.054419 0.024872
529 0.287209 0.373590 0.048837 0.025128
104 0.633488 0.610897 0.031628 0.025385
2197 0.283721 0.872692 0.042791 0.025385
547 0.906047 0.804872 0.032558 0.025641
1894 0.276512 0.608462 0.034884 0.025641
4132 0.458837 0.607692 0.038605 0.025641
1799 0.899070 0.708462 0.040000 0.025641
2489 0.193721 0.410769 0.047907 0.025641
51 0.369070 0.840128 0.033023 0.025897
552 0.456279 0.575000 0.033488 0.025897
104 0.903721 0.442436 0.035349 0.025897
1799 0.279767 0.507821 0.038605 0.025897
1891 0.545814 0.709103 0.040465 0.025897
1999 0.189767 0.573718 0.055814 0.025897
757 0.184651 0.475769 0.057674 0.025897
126 0.546977 0.445128 0.026977 0.026154
95 0.816977 0.310513 0.036744 0.026154
2167 0.196279 0.775641 0.042791 0.026154
552 0.454651 0.676795 0.028372 0.026410
126 0.636744 0.344872 0.021395 0.026667
648 0.454651 0.543846 0.039535 0.026667
2194 0.812093 0.510769 0.066047 0.026667
86 0.824186 0.337308 0.024186 0.026923
83 0.546977 0.772692 0.026977 0.026923
88 0.549302 0.745513 0.029767 0.026923
1645 0.278372 0.708333 0.046977 0.026923
119 0.372093 0.805256 0.023256 0.027436
95 0.548372 0.472179 0.034419 0.027436
83 0.457907 0.441795 0.025581 0.027692
85 0.369767 0.777436 0.038140 0.027692
4090 0.282093 0.446154 0.040465 0.027692
2987 0.543488 0.311795 0.050698 0.027692
3912 0.638140 0.310256 0.053023 0.027692
3912 0.369302 0.578333 0.046512 0.028462
68 0.457674 0.803590 0.006512 0.028718
68 0.195349 0.306154 0.009302 0.028718
107 0.196279 0.277179 0.027907 0.028718
63 0.373488 0.867821 0.036279 0.028974
87 0.907209 0.281410 0.036744 0.028974
648 0.453023 0.642692 0.040000 0.028974
552 0.633721 0.576154 0.026512 0.029231
117 0.905581 0.574615 0.026977 0.029231
330 0.461395 0.413077 0.033488 0.029231
95 0.905116 0.675128 0.033488 0.029231
121 0.283256 0.337179 0.039070 0.029231
523 0.907674 0.249231 0.052558 0.029231
88 0.553256 0.409359 0.031163 0.029487
1679 0.812791 0.677564 0.056279 0.029487
60 0.633953 0.404359 0.015814 0.029744
111 0.191163 0.511538 0.026047 0.029744
47 0.552558 0.609487 0.027907 0.029744
3747 0.635581 0.739744 0.028372 0.029744
95 0.282326 0.475128 0.038140 0.029744
252 0.548837 0.379487 0.040930 0.029744
327 0.721395 0.479487 0.047442 0.029744
58 0.551860 0.865256 0.027442 0.030000
68 0.372791 0.411538 0.006977 0.030256
128 0.551395 0.833590 0.017209 0.030256
2414 0.726047 0.379231 0.036279 0.030256
3984 0.274419 0.743333 0.048372 0.030256
121 0.909070 0.311282 0.050698 0.030256
3912 0.725814 0.411282 0.052558 0.030256
85 0.550698 0.645256 0.016744 0.030513
70 0.193256 0.247308 0.027442 0.030513
85 0.464186 0.345256 0.032558 0.030513
86 0.912558 0.471026 0.028837 0.030769
86 0.638140 0.639231 0.030698 0.030769
2429 0.367442 0.247179 0.044651 0.030769
3439 0.543256 0.247436 0.046512 0.030769
119 0.637442 0.836026 0.017209 0.031026
2414 0.639767 0.276538 0.032093 0.031026
95 0.637674 0.476795 0.035349 0.031026
2246 0.635581 0.445513 0.035814 0.031026
68 0.195581 0.866410 0.007907 0.031282
122 0.552791 0.576410 0.036744 0.031282
74 0.551163 0.544872 0.038140 0.031282
2414 0.361628 0.543846 0.047907 0.031282
71 0.463256 0.273462 0.028837 0.031538
1855 0.367907 0.677179 0.050233 0.031795
1834 0.370465 0.446538 0.043256 0.032051
836 0.190465 0.676154 0.041395 0.032308
710 0.368837 0.482821 0.045581 0.032308
70 0.454651 0.748077 0.020930 0.032564
2429 0.369302 0.344744 0.038140 0.032564
4090 0.899070 0.643718 0.036279 0.033077
68 0.815581 0.773718 0.006977 0.034103
68 0.909302 0.839872 0.006512 0.034615
68 0.902558 0.607051 0.006047 0.035128
68 0.286744 0.408205 0.014419 0.036410
252 0.811163 0.447821 0.043721 0.036667
68 0.904651 0.512692 0.014884 0.037179
4364 0.724884 0.346282 0.057209 0.037179
68 0.371163 0.716026 0.009302 0.038718
68 0.815349 0.611154 0.008372 0.039744
119 0.814884 0.372821 0.025116 0.043590
