209 0.155823 0.183284 0.008958 0.006567
209 0.248703 0.334179 0.010844 0.007463
209 0.245403 0.352239 0.008015 0.007761
209 0.147336 0.211940 0.008958 0.008955
209 0.144272 0.202687 0.015087 0.009552
209 0.149694 0.221343 0.010844 0.009851
209 0.247996 0.371940 0.011315 0.010149
209 0.251297 0.343134 0.011315 0.010448
209 0.246346 0.361493 0.008958 0.010746
209 0.152522 0.192239 0.018388 0.011343
200 0.794201 0.672836 0.027817 0.013134
173 0.886139 0.756119 0.036304 0.013134
200 0.793965 0.801493 0.035832 0.016119
203 0.145450 0.319552 0.033475 0.016418
52 0.235031 0.817910 0.044790 0.016716
52 0.926921 0.726716 0.022631 0.017015
89 0.927393 0.743731 0.029231 0.017015
52 0.133192 0.681045 0.042904 0.017015
156 0.785479 0.785373 0.021688 0.017313
193 0.787129 0.654478 0.032532 0.017612
65 0.137671 0.632687 0.049033 0.017612
93 0.459217 0.772239 0.049976 0.017910
64 0.668081 0.632985 0.037718 0.018209
56 0.775106 0.159104 0.019802 0.018507
52 0.240217 0.179403 0.043847 0.018507
698 0.559642 0.689701 0.034889 0.018806
92 0.453088 0.382537 0.036775 0.018806
101 0.455681 0.501493 0.055163 0.019104
134 0.888025 0.771493 0.014616 0.019403
192 0.247760 0.507313 0.026874 0.019403
65 0.780764 0.495970 0.045262 0.019403
56 0.238567 0.485672 0.021688 0.019701
1406 0.878124 0.320299 0.045733 0.019701
65 0.247289 0.765970 0.051391 0.019701
113 0.666431 0.182388 0.055163 0.019701
1810 0.881188 0.233134 0.021688 0.020299
88 0.665017 0.899104 0.032532 0.020299
185 0.150636 0.158507 0.035361 0.020299
65 0.248939 0.128657 0.049976 0.020299
101 0.776285 0.887164 0.060820 0.020299
57 0.568128 0.716269 0.039604 0.020597
1406 0.136021 0.483134 0.043847 0.020597
1406 0.560585 0.555970 0.049033 0.020597
85 0.775813 0.898209 0.032532 0.020896
84 0.135549 0.606567 0.043847 0.020896
101 0.455446 0.361194 0.052805 0.020896
171 0.574493 0.255672 0.023102 0.021194
52 0.772984 0.546418 0.043847 0.021194
1406 0.455446 0.600746 0.047148 0.021194
57 0.566007 0.355224 0.034418 0.021493
55 0.880481 0.464179 0.056106 0.021493
204 0.248468 0.291493 0.023574 0.021791
83 0.772041 0.316866 0.034418 0.021791
1406 0.562942 0.284776 0.044319 0.022090
56 0.128006 0.817612 0.057049 0.022090
83 0.555634 0.436866 0.035361 0.022388
185 0.248939 0.313582 0.036775 0.022388
126 0.772041 0.344328 0.048562 0.022388
547 0.346535 0.566716 0.062235 0.022388
148 0.149222 0.345672 0.034418 0.022687
127 0.568835 0.228358 0.061763 0.022687
68 0.784064 0.429403 0.009430 0.022985
60 0.563885 0.414179 0.014144 0.022985
52 0.454503 0.278955 0.045262 0.022985
84 0.456388 0.190896 0.049976 0.022985
127 0.782414 0.625224 0.059877 0.022985
57 0.351249 0.656567 0.034889 0.023582
101 0.563885 0.181642 0.055634 0.023582
95 0.671146 0.338209 0.050448 0.023881
84 0.450495 0.896119 0.052334 0.023881
66 0.560349 0.204925 0.024045 0.024179
88 0.344649 0.785522 0.029231 0.024179
91 0.775813 0.214776 0.041961 0.024179
91 0.561056 0.658955 0.042433 0.024179
84 0.672324 0.607313 0.044319 0.024179
55 0.562235 0.127313 0.054220 0.024179
58 0.181282 0.242388 0.023102 0.024478
117 0.237624 0.895821 0.025460 0.024478
66 0.454503 0.450448 0.026403 0.024478
68 0.776992 0.293582 0.010372 0.024776
500 0.560820 0.626119 0.032532 0.024776
67 0.781000 0.523433 0.044790 0.024776
82 0.137435 0.555672 0.055163 0.024776
495 0.452852 0.708806 0.058934 0.024776
85 0.454974 0.306269 0.023574 0.025075
83 0.667374 0.154328 0.036304 0.025075
259 0.242103 0.569851 0.055163 0.025075
118 0.131306 0.874478 0.029703 0.025373
118 0.132013 0.793881 0.030174 0.025373
83 0.237152 0.260448 0.036775 0.025373
55 0.346770 0.393284 0.047619 0.025373
127 0.241631 0.430896 0.056106 0.025373
101 0.776285 0.761642 0.057049 0.025373
56 0.132485 0.768358 0.021688 0.025672
66 0.877181 0.599403 0.027817 0.025672
88 0.876709 0.433134 0.030646 0.025672
57 0.352192 0.896716 0.041490 0.025672
82 0.564828 0.780299 0.059406 0.025672
107 0.777228 0.571493 0.022159 0.025970
2598 0.671146 0.128806 0.028760 0.025970
107 0.777699 0.268209 0.029703 0.025970
134 0.144979 0.293134 0.016502 0.026269
60 0.876473 0.291642 0.020745 0.026269
91 0.242103 0.711940 0.038190 0.026269
111 0.242103 0.685522 0.023102 0.026567
53 0.876473 0.832537 0.021688 0.026866
66 0.669260 0.280299 0.029703 0.026866
79 0.187176 0.268060 0.031117 0.026866
67 0.140736 0.659104 0.043847 0.026866
86 0.566242 0.466269 0.046205 0.026866
135 0.253182 0.533881 0.024517 0.027164
84 0.241867 0.738657 0.049033 0.027164
2151 0.455917 0.127313 0.052805 0.027164
96 0.782650 0.240448 0.054691 0.027164
64 0.454267 0.797910 0.049505 0.027463
252 0.455210 0.219701 0.052334 0.027463
60 0.135078 0.581940 0.016502 0.027761
204 0.146393 0.135672 0.022159 0.027761
6 0.880481 0.899254 0.048562 0.027761
66 0.772984 0.830746 0.030646 0.028060
107 0.881660 0.128060 0.035832 0.028060
1435 0.454031 0.336716 0.042433 0.028060
68 0.242574 0.233582 0.011787 0.028358
76 0.453795 0.253284 0.030646 0.028358
111 0.135549 0.452836 0.032532 0.028657
107 0.239274 0.205075 0.033475 0.028657
70 0.240217 0.869254 0.036304 0.028657
67 0.245875 0.795224 0.044790 0.028657
254 0.345827 0.130149 0.046676 0.028657
107 0.133899 0.706866 0.029231 0.029254
107 0.455681 0.477313 0.036304 0.029254
88 0.452617 0.676119 0.036775 0.029254
72 0.775578 0.599104 0.038661 0.029254
366 0.134371 0.384478 0.057520 0.029254
53 0.562235 0.494478 0.019331 0.029552
85 0.774870 0.370299 0.024045 0.029552
119 0.780057 0.183134 0.024988 0.029552
66 0.774635 0.703731 0.030174 0.029552
88 0.347006 0.530000 0.032060 0.029552
71 0.136021 0.896567 0.053277 0.029552
107 0.668788 0.363881 0.021216 0.029851
2707 0.348185 0.429851 0.030646 0.029851
74 0.666431 0.837313 0.032532 0.029851
107 0.238331 0.839851 0.024988 0.030149
2748 0.347242 0.210000 0.050448 0.030149
119 0.672089 0.690149 0.023102 0.030448
107 0.560820 0.154627 0.027817 0.030448
118 0.778878 0.733731 0.031117 0.030448
117 0.666667 0.797015 0.033946 0.030448
54 0.349364 0.500000 0.036775 0.030448
77 0.246346 0.460597 0.041961 0.030448
95 0.882838 0.531045 0.052334 0.030448
111 0.557992 0.524627 0.027817 0.030746
121 0.671617 0.867761 0.059877 0.031045
117 0.880481 0.262836 0.024045 0.031343
67 0.249175 0.154478 0.045733 0.031343
78 0.454267 0.831045 0.029703 0.031642
1762 0.343470 0.822985 0.054220 0.031642
3735 0.349128 0.467463 0.056106 0.031642
70 0.882131 0.158060 0.033946 0.031940
87 0.557992 0.386716 0.043847 0.031940
70 0.347478 0.630299 0.048091 0.031940
111 0.881424 0.802985 0.027817 0.032239
118 0.774870 0.860896 0.030646 0.032239
45 0.895332 0.749104 0.032060 0.032537
107 0.667138 0.725522 0.037718 0.032537
107 0.670438 0.658507 0.029231 0.032836
118 0.673503 0.310149 0.030646 0.032836
107 0.876709 0.664776 0.030646 0.032836
87 0.774399 0.401493 0.035361 0.032836
71 0.460160 0.564776 0.042433 0.032836
1799 0.456624 0.160299 0.046676 0.032836
87 0.129656 0.845224 0.032060 0.033134
119 0.879302 0.628955 0.025460 0.033433
70 0.670674 0.395522 0.033475 0.033433
699 0.877416 0.403582 0.051862 0.033433
119 0.348656 0.280149 0.029703 0.033731
70 0.133192 0.738507 0.035361 0.034030
53 0.668788 0.209403 0.018388 0.034328
70 0.877416 0.698358 0.034889 0.034328
4064 0.878595 0.498657 0.053277 0.034328
87 0.345356 0.245970 0.038190 0.034627
93 0.781000 0.132537 0.041018 0.034627
87 0.878124 0.569104 0.035361 0.034925
87 0.238095 0.400597 0.029231 0.035224
118 0.452381 0.864478 0.029703 0.035224
2295 0.455210 0.529701 0.055163 0.035522
70 0.557284 0.894030 0.035832 0.035821
87 0.244224 0.646269 0.042433 0.035821
3237 0.878124 0.865224 0.046676 0.036119
92 0.559406 0.749254 0.027817 0.036418
107 0.345592 0.596119 0.031117 0.036418
491 0.670674 0.434627 0.047619 0.036418
485 0.458746 0.414627 0.053748 0.036418
107 0.556341 0.857313 0.027346 0.037612
3786 0.237624 0.609552 0.053748 0.037612
121 0.448845 0.740448 0.040547 0.037910
3089 0.558227 0.321642 0.057520 0.037910
1316 0.351485 0.318806 0.043847 0.038209
60 0.773692 0.460149 0.024517 0.038507
121 0.559170 0.814478 0.043376 0.038507
2178 0.878595 0.195821 0.060820 0.038806
4316 0.342291 0.859104 0.054691 0.039403
3089 0.135549 0.518209 0.061763 0.039403
3747 0.669967 0.478657 0.037718 0.039701
2423 0.669967 0.527612 0.049033 0.039701
70 0.669024 0.761791 0.035832 0.040000
45 0.146157 0.264776 0.041490 0.040000
491 0.349599 0.694478 0.051391 0.040896
3003 0.670203 0.568358 0.051391 0.041791
1502 0.453324 0.639552 0.042904 0.042687
1598 0.349835 0.171045 0.048091 0.042985
47 0.671617 0.238507 0.024045 0.044776
47 0.356671 0.355075 0.031589 0.045672
990 0.560585 0.590597 0.034889 0.045672
3747 0.345120 0.740746 0.037718 0.046866
2850 0.877652 0.362090 0.055163 0.049552
