246 0.457038 0.371465 0.045704 0.008262
92 0.307815 0.918176 0.026965 0.011122
92 0.454525 0.824913 0.030622 0.012075
92 0.764625 0.450906 0.032907 0.012711
57 0.306444 0.727201 0.026965 0.013028
101 0.215951 0.470607 0.061700 0.013346
81 0.531993 0.487607 0.030165 0.014299
57 0.849863 0.419288 0.025137 0.014935
92 0.306673 0.294407 0.026508 0.014935
113 0.597806 0.918653 0.056673 0.015253
120 0.150594 0.427709 0.015996 0.016524
56 0.604433 0.647601 0.049817 0.016524
128 0.537706 0.438036 0.008684 0.016841
56 0.059872 0.815539 0.014625 0.016841
259 0.680759 0.552272 0.072669 0.018430
56 0.149223 0.261837 0.046161 0.019701
56 0.377514 0.807912 0.045704 0.020019
119 0.461837 0.695265 0.015996 0.020337
57 0.313300 0.156022 0.033364 0.020337
56 0.686929 0.205275 0.049360 0.020337
248 0.525366 0.462981 0.058044 0.020972
56 0.383227 0.309342 0.049817 0.021926
56 0.149223 0.375437 0.049817 0.021926
248 0.293647 0.704163 0.054388 0.022243
56 0.303016 0.471084 0.014625 0.022561
56 0.765996 0.474261 0.053931 0.022561
119 0.456581 0.507626 0.025594 0.023197
87 0.688985 0.751350 0.040676 0.023197
547 0.381170 0.159676 0.062157 0.023197
58 0.223035 0.918017 0.019196 0.023514
85 0.310101 0.265809 0.015996 0.023832
76 0.846892 0.363680 0.021938 0.023832
4034 0.135512 0.911185 0.048903 0.023832
499 0.538163 0.339847 0.057130 0.023832
119 0.848720 0.603432 0.031993 0.024150
699 0.606033 0.899746 0.025594 0.024468
88 0.763940 0.816174 0.026051 0.024468
64 0.231490 0.190658 0.018739 0.024786
92 0.846892 0.503654 0.020110 0.024786
2489 0.382541 0.911344 0.045704 0.024786
91 0.687157 0.395297 0.047989 0.024786
91 0.763026 0.913568 0.047989 0.024786
91 0.843464 0.478869 0.048903 0.024786
120 0.308044 0.239117 0.017367 0.025103
1214 0.762112 0.744995 0.036106 0.025103
98 0.683958 0.913410 0.054388 0.025103
88 0.142139 0.849698 0.031079 0.025421
251 0.529707 0.160788 0.063071 0.025421
83 0.376371 0.727518 0.035192 0.025739
83 0.600320 0.844455 0.042505 0.025739
88 0.617687 0.242771 0.030622 0.026057
83 0.293190 0.829997 0.039762 0.026057
251 0.140539 0.452494 0.050731 0.026057
76 0.465494 0.266444 0.024223 0.026374
83 0.143739 0.745631 0.035192 0.026374
632 0.385055 0.884493 0.051645 0.026374
91 0.681444 0.577216 0.053016 0.026374
117 0.606718 0.744836 0.021481 0.026692
88 0.149680 0.204322 0.027879 0.026692
95 0.534506 0.584207 0.043419 0.027010
91 0.527879 0.554337 0.053016 0.027010
85 0.606261 0.621862 0.024223 0.027963
60 0.308729 0.892914 0.024223 0.027963
95 0.140311 0.569749 0.042048 0.027963
2180 0.219607 0.826660 0.043419 0.028281
1834 0.454068 0.803146 0.048903 0.028281
108 0.526280 0.728789 0.066271 0.028281
495 0.763711 0.673181 0.073126 0.028281
111 0.766225 0.199873 0.019653 0.028599
75 0.309186 0.438831 0.026965 0.028599
83 0.216636 0.746425 0.043876 0.028599
1435 0.135055 0.530346 0.064442 0.028599
88 0.145338 0.620591 0.038391 0.029234
1579 0.840265 0.394344 0.049817 0.029234
91 0.065814 0.357483 0.051188 0.029234
91 0.373857 0.494757 0.052102 0.029234
1226 0.144196 0.825230 0.055302 0.029234
70 0.060329 0.876231 0.021024 0.029552
111 0.606490 0.491897 0.021938 0.029870
88 0.058044 0.838576 0.031993 0.029870
754 0.230804 0.158881 0.052102 0.029870
598 0.537934 0.236098 0.053931 0.029870
88 0.689671 0.723387 0.031993 0.030187
122 0.227377 0.222911 0.044333 0.030187
93 0.219835 0.487766 0.027422 0.030505
88 0.459781 0.199555 0.034735 0.030505
111 0.143739 0.232285 0.040676 0.030505
83 0.676874 0.805688 0.053931 0.030823
91 0.058729 0.630601 0.055302 0.030823
88 0.765539 0.306641 0.029250 0.031141
60 0.533364 0.699078 0.033821 0.031141
51 0.766682 0.573562 0.043419 0.031141
95 0.462066 0.237687 0.046618 0.031141
359 0.766225 0.852876 0.049817 0.031141
58 0.763483 0.376072 0.017824 0.031459
118 0.381399 0.857483 0.021481 0.031459
111 0.224863 0.362091 0.023766 0.031459
4486 0.767367 0.882587 0.031993 0.031459
81 0.378656 0.833651 0.035192 0.031459
82 0.156079 0.282332 0.045247 0.031459
2144 0.765539 0.341119 0.046618 0.031459
95 0.066499 0.728472 0.052559 0.031459
91 0.533135 0.312202 0.053473 0.031459
108 0.052559 0.905466 0.057587 0.031459
107 0.845064 0.575469 0.018282 0.031776
60 0.227605 0.718780 0.022852 0.031776
104 0.150137 0.405466 0.037020 0.031776
119 0.767596 0.607881 0.042505 0.031776
90 0.690585 0.238958 0.044790 0.031776
58 0.150137 0.344296 0.018739 0.032094
83 0.758455 0.641722 0.038848 0.032094
1354 0.135512 0.879727 0.047075 0.032094
83 0.379570 0.369558 0.017824 0.032412
76 0.378199 0.696854 0.024223 0.032412
83 0.524909 0.818875 0.042505 0.032412
126 0.689442 0.652050 0.047989 0.032412
85 0.223492 0.393232 0.013711 0.032730
93 0.604662 0.774547 0.024680 0.032730
88 0.305073 0.359549 0.028793 0.032730
121 0.232404 0.295678 0.031536 0.032730
1444 0.845293 0.446616 0.044333 0.032730
87 0.536792 0.377026 0.032450 0.033365
88 0.537706 0.664919 0.034278 0.033365
323 0.603748 0.590880 0.069470 0.033365
1990 0.771709 0.165554 0.055302 0.033683
83 0.609004 0.461233 0.022395 0.034001
59 0.774223 0.506355 0.031079 0.034001
111 0.605119 0.372577 0.047532 0.034001
3664 0.465722 0.902288 0.047532 0.034001
3027 0.537020 0.520655 0.056673 0.034001
118 0.151508 0.311090 0.015996 0.034318
66 0.230804 0.259295 0.018282 0.034318
4162 0.691271 0.363521 0.029707 0.034318
62 0.845064 0.281220 0.032907 0.034318
1666 0.221664 0.640610 0.053016 0.034318
1214 0.069927 0.321735 0.046618 0.034636
126 0.385055 0.276295 0.048903 0.034636
4431 0.302331 0.865110 0.058044 0.034636
88 0.686472 0.481411 0.027422 0.034954
119 0.772623 0.539085 0.022395 0.035272
121 0.299589 0.580076 0.026965 0.035272
683 0.375457 0.613441 0.074497 0.035272
87 0.224177 0.525262 0.038848 0.035589
4084 0.682587 0.880839 0.048903 0.035589
1949 0.379342 0.460121 0.050274 0.035589
86 0.542962 0.411662 0.019196 0.035907
83 0.610146 0.335081 0.024680 0.035907
120 0.691728 0.323006 0.041590 0.035907
2885 0.377971 0.192882 0.037477 0.036225
870 0.688985 0.164919 0.038848 0.036225
111 0.291133 0.617731 0.053931 0.036225
74 0.301645 0.543375 0.021938 0.036861
4132 0.458410 0.166508 0.046618 0.036861
68 0.688300 0.783127 0.009141 0.037178
83 0.226691 0.334446 0.027422 0.037178
4528 0.222121 0.885446 0.027422 0.037178
2264 0.687843 0.521608 0.048446 0.037178
683 0.061929 0.488243 0.065356 0.037178
69 0.855576 0.534795 0.018282 0.037496
83 0.449726 0.622815 0.030165 0.037496
3687 0.380941 0.573880 0.050731 0.037496
1256 0.544561 0.196695 0.038848 0.038132
1562 0.460238 0.766126 0.049360 0.038132
2108 0.454982 0.722593 0.050731 0.038132
120 0.766682 0.275024 0.039762 0.038449
104 0.689899 0.281220 0.033364 0.038767
1914 0.455210 0.416428 0.037477 0.039085
3814 0.145567 0.697331 0.039762 0.039085
54 0.609918 0.672863 0.040676 0.039085
3526 0.066271 0.584525 0.053931 0.039085
1562 0.069470 0.171910 0.045704 0.039403
78 0.767824 0.234986 0.031079 0.039720
3322 0.685101 0.843820 0.032907 0.039720
92 0.533135 0.908325 0.033364 0.039720
721 0.218464 0.851922 0.037477 0.040038
721 0.598263 0.877661 0.049360 0.040038
68 0.303702 0.502542 0.007770 0.040356
268 0.149909 0.166667 0.041133 0.040356
1035 0.376828 0.237528 0.045247 0.040356
76 0.615631 0.164919 0.025594 0.040674
4344 0.223720 0.679377 0.046161 0.040674
126 0.228062 0.563394 0.050274 0.040674
3735 0.221664 0.601366 0.043876 0.040991
68 0.142367 0.715920 0.006856 0.041309
2468 0.765996 0.778519 0.036563 0.041309
54 0.378428 0.339053 0.037477 0.041309
971 0.689214 0.689228 0.040219 0.041309
2479 0.066042 0.394979 0.047075 0.041309
364 0.767596 0.707023 0.049817 0.041309
3800 0.301874 0.325866 0.079982 0.041627
3906 0.537934 0.273594 0.042962 0.041945
1576 0.452011 0.665872 0.064899 0.042262
4064 0.220750 0.434700 0.046618 0.043216
970 0.139168 0.488878 0.031536 0.043534
1879 0.766225 0.418970 0.037020 0.043534
1831 0.305302 0.404353 0.039305 0.043534
81 0.612660 0.203845 0.039762 0.043534
121 0.601920 0.813632 0.042962 0.043534
4252 0.377742 0.531617 0.043419 0.045122
1241 0.141225 0.785192 0.047532 0.045122
975 0.455896 0.543851 0.048903 0.045440
4064 0.303702 0.202415 0.047989 0.045758
4296 0.064671 0.445186 0.050731 0.045758
47 0.159735 0.583889 0.040676 0.046076
1870 0.447898 0.587703 0.085923 0.046711
721 0.605804 0.712742 0.047075 0.047664
68 0.845978 0.325230 0.008227 0.047982
3984 0.144196 0.657769 0.048903 0.048300
2029 0.061015 0.676517 0.048903 0.048300
1921 0.070155 0.276613 0.037934 0.049253
92 0.065585 0.220051 0.031536 0.049889
940 0.371572 0.415157 0.061243 0.049889
68 0.308272 0.795361 0.006856 0.050207
92 0.059644 0.531617 0.032450 0.050207
92 0.374543 0.651732 0.034278 0.050207
4064 0.456124 0.469971 0.053931 0.050207
4032 0.689442 0.433905 0.032450 0.050524
4532 0.377057 0.768510 0.056673 0.050524
3353 0.450411 0.861773 0.056216 0.050842
505 0.219835 0.784398 0.031993 0.051160
74 0.058044 0.778996 0.041133 0.051160
68 0.536106 0.619797 0.007313 0.053066
3984 0.534278 0.868605 0.049360 0.053066
3739 0.611289 0.419606 0.041590 0.053702
1137 0.613574 0.291865 0.050731 0.053702
1376 0.300046 0.669685 0.051645 0.054337
296 0.687157 0.607404 0.037020 0.056880
68 0.535649 0.777089 0.009141 0.061328
976 0.607861 0.545281 0.042962 0.062282
68 0.460923 0.318716 0.007770 0.071814
