52 0.612203 0.587159 0.030508 0.012045
92 0.822034 0.481250 0.024407 0.012500
92 0.681695 0.705568 0.023729 0.012955
52 0.610508 0.307159 0.050169 0.013409
92 0.054407 0.740682 0.026780 0.014091
101 0.816441 0.506477 0.048475 0.014318
52 0.820847 0.650000 0.046441 0.015000
56 0.329322 0.581591 0.010508 0.015455
64 0.329831 0.496591 0.013559 0.015455
246 0.263220 0.261818 0.037627 0.015909
56 0.682881 0.814432 0.012542 0.016136
92 0.615424 0.375114 0.024068 0.016136
65 0.339661 0.919659 0.033898 0.016136
64 0.060000 0.302045 0.016271 0.016818
128 0.396610 0.832614 0.020339 0.017045
52 0.183898 0.423750 0.039661 0.017500
64 0.400169 0.747273 0.014576 0.017727
52 0.748136 0.642273 0.042712 0.017727
56 0.057797 0.631023 0.011186 0.017955
698 0.819492 0.681136 0.033559 0.018182
52 0.188136 0.506818 0.044068 0.018636
85 0.116610 0.781136 0.018305 0.019091
52 0.189831 0.187955 0.045424 0.019091
27 0.513390 0.286250 0.043051 0.019318
698 0.612034 0.616250 0.035593 0.019773
66 0.261017 0.362273 0.023729 0.020000
64 0.189831 0.761136 0.019661 0.020909
58 0.756610 0.887159 0.030508 0.021136
56 0.192881 0.828864 0.012881 0.021364
1214 0.189153 0.372841 0.043390 0.021591
418 0.611864 0.512955 0.012203 0.021818
55 0.193729 0.885682 0.043051 0.021818
67 0.200339 0.251591 0.038644 0.022273
101 0.684915 0.740114 0.069492 0.022500
495 0.059831 0.363864 0.052542 0.022727
67 0.122034 0.512955 0.029153 0.023182
102 0.123051 0.886136 0.065085 0.023182
495 0.249322 0.673068 0.060678 0.023864
64 0.820000 0.867500 0.021017 0.024545
81 0.392373 0.816818 0.048475 0.024545
302 0.504068 0.440909 0.059661 0.024545
278 0.502542 0.668068 0.016610 0.024773
251 0.258305 0.592159 0.034576 0.024773
64 0.816610 0.724091 0.021017 0.025000
418 0.683898 0.879886 0.016610 0.025227
495 0.605254 0.880795 0.072203 0.025227
66 0.751525 0.708409 0.024407 0.025455
1834 0.753729 0.914318 0.046441 0.025455
88 0.752542 0.431136 0.011525 0.025909
123 0.759661 0.531250 0.017627 0.026136
495 0.327458 0.559545 0.066441 0.026364
56 0.749322 0.739659 0.013898 0.026591
111 0.190508 0.611136 0.018983 0.026818
932 0.119661 0.909545 0.052203 0.026818
117 0.260508 0.691591 0.012542 0.027273
1927 0.753559 0.198409 0.046102 0.027273
102 0.263559 0.515682 0.068136 0.027273
547 0.315424 0.743864 0.022712 0.027727
117 0.401186 0.877614 0.013220 0.027955
495 0.388814 0.856932 0.063729 0.027955
126 0.824915 0.410909 0.039661 0.028182
83 0.050678 0.801818 0.035593 0.028636
83 0.113051 0.627727 0.041017 0.029091
126 0.325763 0.643409 0.039322 0.029545
113 0.118814 0.483068 0.055932 0.029773
113 0.401017 0.601477 0.058305 0.029773
91 0.186610 0.399318 0.043729 0.030000
72 0.814068 0.757955 0.048475 0.030000
83 0.118983 0.313295 0.027797 0.030227
128 0.614746 0.854091 0.010508 0.030455
51 0.395763 0.480000 0.034237 0.030455
87 0.756102 0.848636 0.047797 0.030455
83 0.683729 0.910114 0.044746 0.030682
88 0.193729 0.854659 0.046441 0.030682
553 0.609492 0.751705 0.048814 0.030682
91 0.191356 0.483750 0.062712 0.030682
70 0.325932 0.474091 0.036271 0.030909
83 0.325424 0.712045 0.040678 0.030909
122 0.192881 0.911591 0.043390 0.030909
95 0.121695 0.443864 0.044746 0.030909
932 0.326610 0.396818 0.049153 0.030909
699 0.748475 0.358295 0.033898 0.031136
91 0.817119 0.838977 0.043729 0.031136
68 0.060847 0.335909 0.005085 0.031364
72 0.608475 0.407273 0.037966 0.031364
66 0.678814 0.399545 0.040339 0.031364
126 0.407458 0.442955 0.045424 0.031364
2542 0.405254 0.366023 0.040339 0.031591
117 0.820847 0.530227 0.014576 0.031818
107 0.055254 0.710455 0.044068 0.031818
1952 0.605763 0.653182 0.052203 0.031818
88 0.267627 0.331932 0.020000 0.032045
83 0.750678 0.461250 0.032203 0.032045
126 0.330678 0.437841 0.041695 0.032045
117 0.059322 0.469091 0.014237 0.032273
107 0.058136 0.546136 0.021356 0.032273
91 0.116441 0.851136 0.038305 0.032273
88 0.120678 0.595341 0.014237 0.032500
126 0.405763 0.678068 0.041356 0.032500
111 0.196271 0.223182 0.020339 0.032727
126 0.196441 0.729545 0.048475 0.032727
418 0.326102 0.779886 0.015593 0.032955
88 0.189661 0.573523 0.042373 0.032955
91 0.055932 0.437273 0.038644 0.033182
126 0.261356 0.447045 0.040000 0.033182
547 0.602034 0.440114 0.025085 0.033409
2677 0.687797 0.270227 0.030508 0.033636
91 0.744576 0.817614 0.032881 0.033864
81 0.266271 0.303750 0.040339 0.033864
56 0.194576 0.539318 0.012203 0.034091
60 0.818814 0.451932 0.015932 0.034318
117 0.124915 0.657500 0.014576 0.034545
718 0.613220 0.905682 0.037288 0.034545
4260 0.059322 0.397273 0.022373 0.035000
60 0.681356 0.679545 0.027797 0.035000
2677 0.190339 0.645341 0.032203 0.035227
95 0.819153 0.373523 0.045085 0.035227
85 0.337627 0.271364 0.013559 0.035455
107 0.683729 0.599545 0.020339 0.035455
1083 0.399322 0.404545 0.029831 0.035455
54 0.819153 0.327045 0.030169 0.035455
58 0.120339 0.815682 0.036610 0.035455
70 0.614746 0.271705 0.027458 0.035682
66 0.749661 0.502841 0.049153 0.035682
76 0.326271 0.851818 0.023390 0.035909
76 0.681864 0.562727 0.026102 0.035909
4132 0.755254 0.396136 0.040678 0.035909
107 0.331695 0.892955 0.044407 0.035909
70 0.061695 0.270114 0.032542 0.036136
117 0.053729 0.837159 0.017288 0.036591
107 0.193729 0.793523 0.043729 0.036591
83 0.326610 0.356136 0.035593 0.036818
72 0.675085 0.843864 0.045085 0.036818
111 0.188814 0.447841 0.025763 0.037045
505 0.606780 0.790227 0.021017 0.037273
107 0.610847 0.823977 0.018305 0.037500
95 0.402373 0.566023 0.041356 0.037500
2542 0.408644 0.199659 0.044407 0.037500
4009 0.605763 0.708068 0.050847 0.037500
1083 0.402881 0.237727 0.035593 0.037727
68 0.330678 0.676818 0.008475 0.038182
85 0.753559 0.615682 0.014915 0.038182
126 0.688814 0.358182 0.040678 0.038182
4132 0.404915 0.281250 0.044407 0.038409
119 0.261525 0.486477 0.020000 0.038864
51 0.611356 0.341477 0.044407 0.038864
4132 0.400169 0.638750 0.045085 0.038864
287 0.324407 0.818068 0.046780 0.038864
88 0.262373 0.550682 0.019661 0.039091
58 0.192712 0.691364 0.033559 0.039091
58 0.058475 0.507727 0.028814 0.039545
127 0.332203 0.607955 0.057627 0.039545
58 0.332542 0.309886 0.023051 0.039773
2555 0.503220 0.575114 0.050508 0.039773
60 0.397627 0.906364 0.018983 0.040000
1920 0.261864 0.631705 0.044407 0.040227
60 0.116102 0.689091 0.020000 0.040455
119 0.753051 0.674545 0.023390 0.040455
70 0.399322 0.719318 0.035932 0.040455
2193 0.688983 0.313295 0.029492 0.040682
70 0.610678 0.553977 0.031525 0.040682
68 0.333051 0.525227 0.006441 0.041364
68 0.125932 0.274205 0.009153 0.041591
111 0.118814 0.401364 0.022034 0.041818
68 0.056780 0.890455 0.007797 0.042273
1831 0.121356 0.353750 0.031864 0.042500
53 0.819153 0.799432 0.020678 0.042955
62 0.401186 0.523409 0.034237 0.043182
70 0.817966 0.616364 0.040000 0.043182
68 0.687627 0.531136 0.009831 0.043636
119 0.682542 0.646591 0.022712 0.045000
77 0.688136 0.487273 0.045424 0.045000
68 0.822712 0.571250 0.008136 0.046591
47 0.122712 0.725568 0.029153 0.046591
68 0.063051 0.770227 0.006780 0.046818
83 0.054237 0.593750 0.025085 0.047045
4132 0.499661 0.626932 0.050847 0.047045
68 0.397288 0.779432 0.014915 0.047500
58 0.053729 0.663977 0.034915 0.047500
642 0.504237 0.395114 0.046441 0.048409
62 0.120678 0.555000 0.035254 0.049091
62 0.747288 0.772045 0.033559 0.049545
62 0.195424 0.291818 0.035593 0.049545
68 0.691695 0.440682 0.007119 0.050909
2913 0.509153 0.337955 0.038644 0.051364
62 0.262542 0.405114 0.034237 0.052500
1250 0.817627 0.282500 0.043390 0.054091
98 0.682373 0.774091 0.033898 0.055455
68 0.265254 0.736818 0.005763 0.060000
68 0.628644 0.471364 0.010508 0.060909
47 0.756610 0.572955 0.038644 0.060909
3376 0.754915 0.247955 0.039322 0.061364
4119 0.501017 0.716250 0.058305 0.067500
1788 0.505763 0.523636 0.059661 0.069091
