246 0.331356 0.516591 0.044407 0.007727
92 0.326610 0.606932 0.029492 0.010227
92 0.467797 0.351250 0.027119 0.012500
52 0.191695 0.728977 0.049153 0.012500
92 0.258983 0.372727 0.031864 0.012727
92 0.613729 0.770341 0.035593 0.015227
861 0.614576 0.428977 0.042712 0.015227
64 0.817458 0.578523 0.017288 0.015682
102 0.123220 0.299659 0.060000 0.015682
56 0.261864 0.920000 0.013220 0.015909
128 0.400847 0.234659 0.009153 0.016136
418 0.263390 0.507614 0.015593 0.016136
64 0.614576 0.864318 0.014915 0.016364
64 0.609831 0.597727 0.014915 0.017727
57 0.127119 0.566818 0.031186 0.017727
81 0.537627 0.617386 0.044068 0.017955
56 0.610508 0.822614 0.014237 0.018864
861 0.813729 0.428523 0.043729 0.018864
120 0.334746 0.890000 0.018644 0.019091
64 0.194915 0.620341 0.022373 0.019318
64 0.260847 0.861477 0.022034 0.019773
251 0.406949 0.912841 0.034915 0.019773
64 0.394915 0.747500 0.021017 0.020000
418 0.755424 0.264432 0.034237 0.020227
418 0.110000 0.921023 0.017288 0.020682
120 0.051356 0.919886 0.024746 0.020682
297 0.264237 0.534886 0.047797 0.020682
81 0.320000 0.664659 0.050847 0.020682
81 0.051186 0.612727 0.046780 0.020909
64 0.817797 0.521477 0.016610 0.021136
88 0.529661 0.308977 0.018644 0.021136
53 0.820678 0.373182 0.014915 0.021364
88 0.322712 0.303864 0.017627 0.022727
64 0.466271 0.808295 0.016610 0.022955
418 0.541525 0.911705 0.015254 0.023409
418 0.751864 0.499545 0.018305 0.023636
58 0.824746 0.885227 0.026441 0.023636
495 0.116102 0.358295 0.065424 0.023864
128 0.541186 0.636023 0.011864 0.024318
76 0.403220 0.859205 0.027458 0.024318
67 0.335763 0.629659 0.034915 0.024318
91 0.256949 0.309659 0.040678 0.024318
126 0.615593 0.623750 0.056271 0.024318
64 0.678305 0.427727 0.012881 0.024545
88 0.611695 0.686136 0.013220 0.025000
64 0.324237 0.335455 0.018644 0.025000
59 0.057288 0.896818 0.041356 0.025000
90 0.611017 0.884205 0.038305 0.025227
495 0.748305 0.437727 0.064068 0.025455
978 0.467627 0.710909 0.041695 0.025909
91 0.541356 0.457045 0.042712 0.025909
88 0.815932 0.680909 0.042712 0.025909
98 0.325593 0.870795 0.042373 0.026136
95 0.336441 0.914205 0.043729 0.026136
126 0.332712 0.365795 0.051186 0.026136
117 0.264237 0.692273 0.013220 0.026364
2598 0.263390 0.482500 0.017627 0.026364
66 0.195593 0.755682 0.027119 0.026364
60 0.682034 0.399091 0.029831 0.026364
88 0.395424 0.590682 0.037627 0.026364
113 0.614068 0.748864 0.062034 0.026818
117 0.400508 0.683977 0.015254 0.027045
64 0.260678 0.340227 0.022373 0.027273
87 0.686102 0.528864 0.024407 0.027273
302 0.686441 0.203864 0.046780 0.027273
91 0.467288 0.781136 0.047119 0.027273
91 0.470508 0.516364 0.055593 0.027273
58 0.404915 0.886250 0.026102 0.027500
98 0.112881 0.467841 0.058305 0.027500
252 0.394576 0.518409 0.031186 0.027727
104 0.470339 0.885455 0.041695 0.027727
111 0.534068 0.356250 0.027458 0.027955
83 0.531525 0.336477 0.034576 0.027955
83 0.610508 0.717614 0.035254 0.027955
501 0.824407 0.457159 0.040000 0.027955
83 0.048136 0.345227 0.020339 0.028182
88 0.118136 0.388182 0.034915 0.028182
495 0.467288 0.596136 0.072203 0.028182
84 0.545763 0.885568 0.056271 0.028409
117 0.825932 0.776818 0.017966 0.028636
120 0.817627 0.397727 0.020339 0.028636
111 0.608983 0.400909 0.029492 0.028636
91 0.608305 0.569091 0.043729 0.028636
91 0.817627 0.492045 0.045424 0.028636
118 0.620847 0.794432 0.011864 0.028864
90 0.817119 0.617386 0.043051 0.028864
88 0.195932 0.863977 0.046780 0.028864
92 0.261186 0.761591 0.020000 0.029091
501 0.612881 0.500682 0.036610 0.029091
88 0.542712 0.519091 0.017627 0.029545
577 0.682034 0.499091 0.044746 0.029545
87 0.469153 0.442386 0.031864 0.029773
83 0.050339 0.506477 0.037627 0.029773
107 0.618136 0.911705 0.044407 0.029773
92 0.540678 0.485227 0.016271 0.030000
485 0.331356 0.845455 0.035593 0.030000
87 0.123729 0.266364 0.035932 0.030000
83 0.538136 0.549091 0.040339 0.030000
88 0.616271 0.845227 0.040678 0.030000
68 0.114068 0.690682 0.041017 0.030000
98 0.183390 0.306818 0.052881 0.030000
83 0.816441 0.266023 0.032881 0.030227
88 0.754407 0.369205 0.040339 0.030227
117 0.541864 0.767500 0.014576 0.030455
418 0.190508 0.416818 0.015593 0.030455
78 0.613051 0.203182 0.030169 0.030455
88 0.052712 0.828750 0.018644 0.030682
83 0.187966 0.909659 0.030169 0.030682
76 0.334746 0.767614 0.032203 0.030682
51 0.117119 0.538523 0.046441 0.030682
120 0.397458 0.401818 0.019322 0.030909
117 0.058814 0.539886 0.011864 0.031136
88 0.262881 0.667841 0.042373 0.031136
88 0.118814 0.326818 0.018644 0.031364
107 0.121017 0.798409 0.024407 0.031364
83 0.393220 0.650000 0.027119 0.031364
83 0.816610 0.746364 0.027797 0.031364
51 0.043220 0.270682 0.039661 0.031364
88 0.469831 0.323068 0.044068 0.031591
107 0.613051 0.237273 0.015932 0.031818
60 0.464746 0.374318 0.032542 0.031818
552 0.623051 0.533409 0.034576 0.031818
92 0.398644 0.822614 0.035932 0.032045
66 0.397458 0.203750 0.036271 0.032045
88 0.056441 0.474659 0.043729 0.032045
126 0.825424 0.549659 0.044746 0.032045
107 0.537119 0.704432 0.016610 0.032500
120 0.192034 0.336250 0.020000 0.032500
598 0.688814 0.235568 0.050169 0.032500
3868 0.471695 0.742727 0.028814 0.032727
82 0.122881 0.734545 0.062034 0.032727
68 0.210508 0.893750 0.006102 0.032955
2167 0.328475 0.273750 0.040000 0.032955
76 0.263220 0.792841 0.013898 0.033409
111 0.818305 0.301932 0.021695 0.033409
92 0.328644 0.733295 0.038983 0.033409
83 0.116102 0.626932 0.038305 0.033864
110 0.258814 0.628864 0.032203 0.034091
109 0.122034 0.767045 0.056271 0.034091
683 0.758475 0.296136 0.068814 0.034091
119 0.120169 0.590227 0.023390 0.034545
84 0.128475 0.907045 0.052881 0.034545
58 0.121186 0.503295 0.032881 0.034773
88 0.398136 0.786705 0.045085 0.034773
78 0.472542 0.407045 0.031186 0.035000
53 0.397797 0.377386 0.013898 0.035227
78 0.194576 0.701023 0.026441 0.035227
88 0.191186 0.270682 0.017627 0.035455
95 0.188305 0.382955 0.044407 0.035455
91 0.257458 0.406136 0.049831 0.035455
2598 0.822203 0.913977 0.022712 0.035682
78 0.056949 0.863068 0.035932 0.035682
552 0.611356 0.466932 0.044407 0.035682
2677 0.394576 0.556364 0.030508 0.035909
115 0.819322 0.648636 0.040000 0.035909
90 0.187966 0.663068 0.051186 0.036136
68 0.408305 0.620682 0.005763 0.036364
111 0.679831 0.329659 0.026102 0.036591
1831 0.611695 0.363977 0.032881 0.036591
1592 0.190339 0.455341 0.048475 0.036591
111 0.541695 0.583636 0.021695 0.036818
74 0.261864 0.269773 0.029492 0.036818
720 0.681525 0.462273 0.036271 0.036818
115 0.540000 0.846136 0.037966 0.036818
85 0.328305 0.397500 0.018644 0.037273
58 0.542542 0.743182 0.041695 0.037273
83 0.186102 0.586250 0.027119 0.037500
108 0.537458 0.671705 0.035593 0.037500
85 0.325424 0.695455 0.016949 0.037727
2193 0.611695 0.656591 0.036949 0.037727
60 0.396610 0.717386 0.025085 0.037955
120 0.331864 0.439886 0.040000 0.037955
88 0.187119 0.547045 0.052881 0.038182
63 0.056441 0.311136 0.053898 0.038182
107 0.268475 0.891364 0.046102 0.038636
120 0.126102 0.429091 0.047458 0.038636
84 0.126441 0.836136 0.060339 0.038636
53 0.051864 0.392841 0.013559 0.038864
2709 0.753390 0.335341 0.029492 0.038864
2216 0.472373 0.636477 0.046441 0.038864
3009 0.469492 0.675114 0.050847 0.038864
2598 0.758814 0.471591 0.019322 0.039091
111 0.754407 0.403295 0.022034 0.039318
60 0.189153 0.787727 0.026441 0.039545
2542 0.202034 0.831136 0.045424 0.040000
60 0.820508 0.810795 0.028814 0.040227
3322 0.051525 0.746477 0.044746 0.040682
78 0.823220 0.342955 0.030169 0.041364
2983 0.394068 0.475568 0.037627 0.041591
60 0.260678 0.727045 0.020339 0.041818
60 0.536949 0.803295 0.021017 0.042045
91 0.395085 0.440341 0.054576 0.042045
3508 0.529153 0.276591 0.045424 0.042273
68 0.468305 0.847386 0.009153 0.042500
683 0.124068 0.667614 0.075254 0.042500
81 0.820339 0.849545 0.046780 0.043182
60 0.054746 0.573182 0.018644 0.043636
58 0.327458 0.806591 0.039322 0.043636
115 0.121186 0.876477 0.044407 0.043864
287 0.339661 0.482045 0.035254 0.044091
287 0.746780 0.533182 0.051525 0.044091
62 0.261186 0.444432 0.032881 0.044318
4722 0.468644 0.277841 0.035593 0.044773
68 0.480678 0.478636 0.007458 0.045000
58 0.610169 0.283409 0.029831 0.045455
119 0.685593 0.566818 0.017966 0.046818
2619 0.261695 0.580568 0.042712 0.047500
58 0.264068 0.830795 0.044068 0.047500
2955 0.540339 0.418977 0.046780 0.047500
68 0.828983 0.719659 0.010508 0.048864
83 0.047627 0.698977 0.024746 0.048864
58 0.053898 0.643864 0.029831 0.049091
2193 0.197119 0.500568 0.028814 0.051591
4458 0.396441 0.278068 0.057966 0.052955
2197 0.471186 0.557727 0.037966 0.054091
2619 0.325763 0.568636 0.041356 0.056818
70 0.051356 0.437614 0.035593 0.057045
47 0.061864 0.784545 0.033559 0.057273
4458 0.681864 0.288636 0.051864 0.064545
