92 0.741097 0.443214 0.032724 0.009672
93 0.858518 0.786271 0.036574 0.015601
56 0.402069 0.642902 0.012993 0.015913
93 0.521896 0.448362 0.038980 0.016225
91 0.291867 0.456006 0.035130 0.016537
102 0.407122 0.626365 0.053898 0.017161
91 0.738932 0.879251 0.033205 0.017473
56 0.175168 0.542122 0.017324 0.017785
88 0.181906 0.954914 0.040423 0.017785
52 0.846006 0.329641 0.041386 0.017785
120 0.069057 0.678159 0.019731 0.018409
120 0.296920 0.888612 0.024062 0.018721
201 0.851781 0.509672 0.037536 0.019033
88 0.850818 0.171763 0.045236 0.019657
52 0.064244 0.892044 0.045717 0.019969
297 0.740375 0.421841 0.050529 0.019969
86 0.743503 0.752730 0.027911 0.020281
88 0.512753 0.274883 0.039942 0.020593
91 0.737729 0.362715 0.035611 0.020905
1406 0.408566 0.878627 0.041386 0.021217
499 0.410731 0.829329 0.061116 0.021217
91 0.169153 0.243838 0.030318 0.021529
91 0.067613 0.308424 0.038980 0.021529
126 0.177815 0.489392 0.042830 0.021529
110 0.514678 0.695164 0.026468 0.021841
98 0.850096 0.349610 0.051492 0.022153
126 0.846728 0.304212 0.045717 0.022465
85 0.742060 0.576911 0.018287 0.023089
102 0.636910 0.847114 0.061116 0.023089
66 0.171319 0.343370 0.025024 0.023401
2245 0.740616 0.605460 0.056785 0.023401
118 0.178778 0.738534 0.013956 0.023713
120 0.636189 0.823089 0.015399 0.023713
642 0.279836 0.168799 0.031280 0.023713
91 0.395573 0.312324 0.033686 0.023713
118 0.404957 0.661310 0.011068 0.024025
111 0.732916 0.774883 0.025987 0.024025
252 0.289702 0.520593 0.041386 0.024025
104 0.296679 0.774883 0.042830 0.024025
111 0.519971 0.876755 0.028393 0.024337
85 0.852502 0.597192 0.035130 0.024337
88 0.176372 0.392512 0.044755 0.024337
142 0.849134 0.535569 0.035130 0.024649
72 0.510587 0.427769 0.040423 0.024961
126 0.067613 0.791576 0.048604 0.024961
85 0.522137 0.851950 0.012512 0.025273
1416 0.177815 0.870359 0.061116 0.025273
60 0.627286 0.573167 0.017806 0.025585
111 0.296439 0.949454 0.032724 0.025585
85 0.626564 0.360842 0.016362 0.025897
51 0.852262 0.731513 0.035611 0.025897
501 0.282243 0.198908 0.056304 0.025897
118 0.175168 0.367551 0.011550 0.026209
119 0.296198 0.545710 0.014918 0.026209
51 0.063763 0.171919 0.042830 0.026209
56 0.292108 0.749766 0.051973 0.026209
91 0.634023 0.719345 0.038980 0.026521
91 0.293551 0.717161 0.044273 0.026521
88 0.294995 0.569579 0.046198 0.026521
1173 0.742782 0.390796 0.051492 0.026521
53 0.852021 0.847426 0.012993 0.026833
120 0.632820 0.428861 0.016362 0.027145
91 0.512271 0.550234 0.045717 0.027145
85 0.069057 0.915757 0.013956 0.027457
51 0.294514 0.866459 0.042348 0.027457
99 0.846728 0.205928 0.058229 0.027457
85 0.850337 0.563963 0.015399 0.027769
1093 0.175890 0.680967 0.063041 0.027769
1085 0.398219 0.342746 0.066891 0.027769
58 0.631617 0.692044 0.031280 0.028081
1279 0.171078 0.277379 0.054379 0.028081
70 0.071463 0.864431 0.033205 0.028393
92 0.069538 0.544462 0.024543 0.028705
70 0.518287 0.824649 0.032724 0.028705
87 0.175409 0.712324 0.038017 0.028705
91 0.516121 0.171295 0.043792 0.028705
1002 0.632339 0.911700 0.058710 0.028705
1002 0.170837 0.421529 0.059673 0.028705
71 0.182146 0.893448 0.041867 0.029017
1799 0.394851 0.376131 0.051492 0.029017
316 0.392445 0.171139 0.062079 0.029017
109 0.404475 0.599376 0.046679 0.029329
3738 0.179740 0.516693 0.063041 0.029329
1642 0.398219 0.248674 0.067854 0.029329
710 0.288258 0.383307 0.042348 0.029641
61 0.856352 0.624805 0.043792 0.029641
117 0.295717 0.804368 0.026468 0.029953
51 0.738450 0.208112 0.040905 0.029953
119 0.850096 0.446022 0.022618 0.030265
51 0.852262 0.419189 0.040423 0.030265
157 0.845284 0.482371 0.049567 0.030577
3686 0.288739 0.352262 0.061598 0.030577
92 0.628008 0.457878 0.025024 0.030889
273 0.065688 0.280655 0.044755 0.030889
1002 0.171319 0.799844 0.069297 0.030889
2553 0.743985 0.470515 0.064485 0.031201
92 0.396295 0.411076 0.029355 0.031513
107 0.071463 0.945242 0.029355 0.031513
1683 0.517565 0.792044 0.063041 0.031513
688 0.621270 0.173635 0.052936 0.032137
381 0.407844 0.909984 0.056304 0.032137
121 0.853705 0.760998 0.039461 0.032449
1782 0.414341 0.853978 0.054860 0.032449
1002 0.734841 0.172543 0.071222 0.032449
1083 0.400866 0.726521 0.062560 0.032761
126 0.516362 0.360062 0.051973 0.033073
4377 0.068094 0.581279 0.052454 0.033073
119 0.736766 0.236661 0.022137 0.033385
2320 0.176372 0.457254 0.052454 0.033385
2320 0.516603 0.482527 0.055342 0.033385
1782 0.396535 0.283775 0.059673 0.033385
395 0.849615 0.385803 0.066891 0.033385
3307 0.509143 0.245866 0.051011 0.033697
2265 0.292589 0.604680 0.055823 0.033697
83 0.623195 0.207020 0.017324 0.034009
111 0.406882 0.526209 0.033205 0.034009
330 0.409047 0.943058 0.035611 0.034009
119 0.066169 0.201872 0.022618 0.034321
92 0.296920 0.835881 0.028874 0.034321
87 0.632339 0.794072 0.042348 0.034321
2757 0.405679 0.497036 0.077960 0.034321
58 0.513956 0.721841 0.032724 0.034633
2709 0.173484 0.308112 0.040905 0.034633
2320 0.292830 0.488144 0.052454 0.034633
71 0.185034 0.567395 0.054379 0.034633
2320 0.738450 0.545710 0.052454 0.034945
1418 0.629692 0.245554 0.056304 0.034945
2206 0.517806 0.516693 0.058710 0.034945
1197 0.846968 0.880655 0.052936 0.035257
1834 0.166747 0.216693 0.057267 0.035257
120 0.850096 0.657566 0.057267 0.035257
71 0.179018 0.766303 0.047161 0.035569
2320 0.512512 0.207800 0.056785 0.035569
85 0.295476 0.918097 0.048123 0.035881
83 0.742060 0.678003 0.020212 0.036193
2320 0.853465 0.817785 0.052454 0.036193
3674 0.298604 0.639626 0.055342 0.036193
1406 0.523099 0.908892 0.066410 0.036193
523 0.627767 0.283931 0.068816 0.036193
83 0.512512 0.755538 0.022137 0.036505
2599 0.515399 0.586739 0.037536 0.036505
381 0.404235 0.762090 0.060635 0.036505
3802 0.624398 0.397036 0.061116 0.036505
3664 0.410731 0.797816 0.050529 0.036817
1731 0.062079 0.650546 0.058710 0.036817
2599 0.178296 0.607020 0.045717 0.037129
126 0.070982 0.615757 0.046679 0.037129
2599 0.849374 0.696256 0.047161 0.037129
2320 0.177575 0.836661 0.053898 0.037129
2351 0.283686 0.276755 0.052454 0.037441
53 0.844562 0.238846 0.017324 0.037754
2320 0.176853 0.646334 0.052454 0.037754
4778 0.629933 0.653198 0.059673 0.037754
4166 0.740616 0.506864 0.062560 0.037754
1169 0.060395 0.471763 0.035130 0.038066
3014 0.067854 0.709828 0.062560 0.038066
2320 0.629692 0.325897 0.054379 0.038378
473 0.736044 0.808580 0.064004 0.038378
71 0.410731 0.690796 0.061116 0.038690
68 0.633542 0.872855 0.008181 0.039002
3142 0.285852 0.234477 0.055823 0.039002
1485 0.401347 0.565211 0.064485 0.039002
2336 0.513956 0.630889 0.061598 0.039314
1250 0.513474 0.673479 0.046198 0.039626
1823 0.629451 0.539002 0.047161 0.039626
916 0.512512 0.392980 0.052936 0.039626
3175 0.062079 0.511388 0.040423 0.039938
3212 0.286814 0.422309 0.042348 0.040250
958 0.519731 0.942746 0.048123 0.040250
431 0.286814 0.317473 0.067372 0.040250
3434 0.740857 0.641810 0.060154 0.040562
1373 0.170356 0.176755 0.055823 0.040874
4318 0.179740 0.929641 0.056304 0.040874
3175 0.735563 0.847426 0.041867 0.041186
4416 0.063041 0.389704 0.058710 0.041186
4435 0.630895 0.757254 0.065448 0.041186
1128 0.295476 0.680499 0.051973 0.041810
577 0.389317 0.211232 0.052936 0.041810
3915 0.063763 0.345398 0.051492 0.043058
314 0.064726 0.243994 0.053417 0.043058
2706 0.058710 0.429797 0.051011 0.043370
1313 0.736044 0.327925 0.053417 0.044306
3902 0.067854 0.829953 0.060635 0.044306
3749 0.630895 0.609984 0.063523 0.046178
3807 0.733397 0.721529 0.064485 0.046490
3807 0.626323 0.498752 0.063041 0.047114
3684 0.067132 0.753510 0.058229 0.048050
3513 0.735563 0.277223 0.064966 0.048362
47 0.849615 0.270047 0.031280 0.048986
4371 0.397498 0.452262 0.053898 0.051482
2971 0.511550 0.316849 0.062560 0.053354
