246 0.716006 0.519411 0.039079 0.005199
128 0.722698 0.746101 0.011777 0.008666
128 0.242505 0.587002 0.007495 0.010052
92 0.160600 0.604333 0.028908 0.010052
92 0.015525 0.710919 0.017131 0.010399
101 0.086188 0.527383 0.042827 0.010745
56 0.320664 0.895494 0.014989 0.011438
92 0.014186 0.752340 0.017666 0.011438
128 0.241702 0.538648 0.008030 0.011785
92 0.161135 0.319237 0.029979 0.011785
92 0.080032 0.413865 0.027302 0.012478
93 0.024893 0.222184 0.028373 0.013172
128 0.479122 0.323917 0.010707 0.013518
92 0.558084 0.368977 0.031585 0.013518
81 0.016060 0.673484 0.020343 0.013865
57 0.091006 0.209705 0.032120 0.013865
93 0.567719 0.654073 0.043362 0.013865
62 0.559422 0.615771 0.017131 0.014211
92 0.317452 0.277816 0.027837 0.014211
57 0.171306 0.473310 0.032120 0.014211
88 0.158726 0.795494 0.031585 0.014558
92 0.397484 0.546274 0.032655 0.014558
56 0.319058 0.262565 0.013919 0.014905
91 0.018469 0.319064 0.018737 0.014905
81 0.158191 0.220971 0.034797 0.014905
120 0.719486 0.759099 0.016060 0.015251
57 0.023019 0.506412 0.023555 0.015251
88 0.241435 0.772444 0.017131 0.015598
91 0.161135 0.548527 0.032120 0.015598
64 0.478854 0.299133 0.019807 0.015945
91 0.637313 0.727036 0.030514 0.016291
92 0.479657 0.855979 0.031049 0.016291
88 0.317452 0.241421 0.032120 0.016291
88 0.557816 0.189775 0.033191 0.016291
88 0.083244 0.743674 0.033726 0.016291
81 0.234743 0.524263 0.040150 0.016291
64 0.017131 0.242634 0.013919 0.016638
88 0.013383 0.888388 0.018201 0.016638
91 0.081103 0.265511 0.030514 0.016638
57 0.250268 0.307799 0.035867 0.016638
101 0.556210 0.298440 0.042827 0.016638
102 0.642398 0.485615 0.054604 0.016638
55 0.019540 0.407452 0.024090 0.016984
91 0.717880 0.849047 0.033191 0.016984
91 0.242773 0.262912 0.033726 0.016984
88 0.798715 0.573137 0.035332 0.016984
52 0.558887 0.676430 0.039615 0.016984
56 0.715739 0.728769 0.040685 0.016984
56 0.242238 0.445754 0.015525 0.017331
120 0.083244 0.635355 0.016595 0.017331
88 0.401767 0.736222 0.017666 0.017331
62 0.720021 0.685615 0.021413 0.017331
64 0.400428 0.662392 0.022484 0.017331
91 0.160600 0.737262 0.026767 0.017331
91 0.239026 0.361179 0.029443 0.017331
91 0.159797 0.271057 0.030514 0.017331
72 0.080032 0.697747 0.036938 0.017331
52 0.636242 0.270711 0.040150 0.017331
52 0.715739 0.298440 0.040685 0.017331
55 0.241970 0.793761 0.043897 0.017331
56 0.479390 0.425477 0.015525 0.017678
91 0.014186 0.837955 0.019807 0.017678
91 0.317987 0.416464 0.028908 0.017678
72 0.556745 0.250433 0.033191 0.017678
88 0.479390 0.443501 0.034797 0.017678
120 0.241702 0.653380 0.017666 0.018024
64 0.013383 0.731196 0.014989 0.018371
91 0.081638 0.575217 0.027302 0.018371
62 0.561028 0.917678 0.028908 0.018371
57 0.330567 0.686828 0.039079 0.018371
120 0.016060 0.691854 0.010707 0.018718
111 0.015792 0.384402 0.011242 0.018718
88 0.476445 0.653033 0.032120 0.018718
1406 0.480728 0.274870 0.033191 0.018718
91 0.159261 0.150087 0.033726 0.018718
108 0.320396 0.875390 0.015525 0.019064
88 0.401231 0.639688 0.025161 0.019064
85 0.400696 0.588388 0.028373 0.019064
91 0.317184 0.462218 0.031585 0.019064
1002 0.796842 0.410919 0.056210 0.019064
88 0.237687 0.602773 0.034261 0.019411
85 0.014454 0.365511 0.006424 0.019757
111 0.161938 0.172097 0.018737 0.019757
64 0.477516 0.679203 0.022484 0.019757
126 0.320396 0.791508 0.027302 0.019757
885 0.396681 0.128076 0.050321 0.019757
123 0.081638 0.190988 0.014454 0.020104
119 0.320664 0.152166 0.014989 0.020104
76 0.317184 0.707106 0.019807 0.020104
57 0.565846 0.471750 0.031049 0.020104
87 0.718683 0.899480 0.036938 0.020104
251 0.237420 0.717504 0.040150 0.020104
91 0.018469 0.268111 0.016595 0.020451
88 0.559422 0.776603 0.028908 0.020451
81 0.156049 0.682669 0.035867 0.020451
2543 0.797377 0.384229 0.044433 0.020451
93 0.806210 0.313518 0.047109 0.020451
120 0.718148 0.704679 0.017666 0.020797
123 0.158191 0.896187 0.014454 0.021144
107 0.799786 0.837262 0.022484 0.021144
118 0.404711 0.526170 0.021413 0.021490
93 0.403640 0.916811 0.029979 0.021490
126 0.800054 0.155979 0.031585 0.021490
547 0.085921 0.892201 0.039079 0.021490
115 0.316113 0.328943 0.040150 0.021490
2543 0.798448 0.812825 0.046574 0.021490
68 0.719218 0.248007 0.006959 0.021837
85 0.560225 0.724610 0.015525 0.021837
123 0.240899 0.287522 0.017131 0.021837
111 0.161938 0.129809 0.018737 0.021837
89 0.018469 0.484055 0.023019 0.021837
379 0.020075 0.174350 0.018737 0.022184
64 0.237687 0.465858 0.021413 0.022184
111 0.636777 0.536222 0.024090 0.022184
87 0.554069 0.835009 0.035332 0.022184
85 0.399358 0.409879 0.012848 0.022530
111 0.635974 0.246620 0.020343 0.022530
91 0.398555 0.687868 0.029443 0.022530
105 0.024358 0.431716 0.032655 0.022530
1214 0.316916 0.438995 0.039615 0.022530
60 0.722163 0.917504 0.013919 0.022877
76 0.717880 0.631196 0.019272 0.022877
51 0.016060 0.624610 0.020343 0.022877
92 0.318522 0.629116 0.020343 0.022877
118 0.403908 0.801386 0.023019 0.022877
111 0.478051 0.220797 0.023555 0.022877
3059 0.018469 0.565338 0.024090 0.022877
87 0.715739 0.404506 0.033191 0.022877
88 0.637580 0.782669 0.035332 0.022877
98 0.791756 0.238128 0.042827 0.022877
108 0.239026 0.166898 0.015525 0.023224
3053 0.798715 0.655979 0.021413 0.023224
111 0.316916 0.574870 0.025696 0.023224
78 0.799518 0.626863 0.033726 0.023224
126 0.479122 0.534315 0.035332 0.023224
113 0.162741 0.425130 0.039615 0.023224
870 0.019540 0.293588 0.019807 0.023570
118 0.324411 0.515425 0.024625 0.023570
126 0.718148 0.129289 0.029443 0.023570
126 0.400696 0.215945 0.030514 0.023570
126 0.239561 0.421837 0.036938 0.023570
95 0.557548 0.701213 0.039079 0.023570
98 0.632495 0.467591 0.040150 0.023570
75 0.726445 0.577123 0.044968 0.023570
60 0.555675 0.858752 0.011777 0.023917
119 0.084315 0.867764 0.014454 0.023917
119 0.559154 0.320104 0.015525 0.023917
118 0.170236 0.364818 0.017131 0.023917
118 0.167291 0.496880 0.020878 0.023917
54 0.018201 0.458406 0.021413 0.023917
51 0.319058 0.130503 0.034261 0.023917
88 0.716542 0.272617 0.035867 0.023917
127 0.634101 0.226863 0.039079 0.023917
121 0.556478 0.635529 0.043362 0.023917
4377 0.083244 0.504333 0.038009 0.024263
2237 0.320396 0.854766 0.038009 0.024263
95 0.715203 0.221490 0.041756 0.024263
96 0.165150 0.918544 0.044433 0.024263
85 0.558351 0.344714 0.013919 0.024610
85 0.399358 0.562738 0.013919 0.024610
3053 0.479925 0.832409 0.019807 0.024610
1891 0.163009 0.452166 0.040150 0.024610
363 0.317184 0.601906 0.046574 0.024610
2543 0.477516 0.193934 0.047109 0.024610
1016 0.634636 0.753726 0.051927 0.024610
119 0.016060 0.649567 0.010707 0.024957
111 0.082709 0.327556 0.018737 0.024957
92 0.476981 0.402773 0.021413 0.024957
51 0.239829 0.632929 0.036403 0.024957
361 0.797645 0.129289 0.044968 0.024957
2836 0.718148 0.349047 0.049786 0.024957
82 0.807281 0.858925 0.052463 0.024957
68 0.083512 0.132582 0.007495 0.025303
58 0.082441 0.806412 0.018201 0.025303
107 0.159261 0.197747 0.020878 0.025303
89 0.081370 0.436568 0.035332 0.025303
98 0.793362 0.681282 0.041756 0.025303
111 0.398555 0.611092 0.019807 0.025650
51 0.160600 0.339688 0.033191 0.025650
726 0.635171 0.700867 0.034797 0.025650
2489 0.082441 0.550780 0.047109 0.025650
60 0.716274 0.320104 0.012848 0.025997
60 0.714936 0.431716 0.013383 0.025997
53 0.158994 0.658752 0.014989 0.025997
3053 0.716274 0.191161 0.020343 0.025997
2412 0.014989 0.861179 0.022484 0.025997
316 0.021681 0.345407 0.025161 0.025997
87 0.793897 0.261872 0.034261 0.025997
87 0.556745 0.592894 0.034261 0.025997
87 0.555139 0.451127 0.037473 0.025997
268 0.796842 0.518371 0.038009 0.025997
58 0.317452 0.731889 0.040685 0.025997
541 0.400161 0.712132 0.042291 0.025997
68 0.163812 0.521317 0.008565 0.026343
3053 0.797645 0.213172 0.019272 0.026343
87 0.636510 0.564645 0.035332 0.026343
1114 0.718683 0.820104 0.038009 0.026343
971 0.158994 0.295321 0.048180 0.026343
2550 0.801392 0.913692 0.053533 0.026343
60 0.557816 0.749567 0.017131 0.026690
76 0.797912 0.597400 0.018737 0.026690
111 0.716274 0.375910 0.020343 0.026690
92 0.081370 0.358232 0.023555 0.026690
87 0.320396 0.916291 0.030514 0.026690
2257 0.479122 0.375910 0.046039 0.026690
683 0.478319 0.249393 0.047645 0.026690
119 0.318790 0.299480 0.016595 0.027036
87 0.395878 0.438128 0.034797 0.027036
68 0.316916 0.489428 0.040685 0.027036
1762 0.720289 0.874523 0.047645 0.027036
1441 0.638651 0.325130 0.048180 0.027036
96 0.245717 0.842634 0.051392 0.027036
119 0.718148 0.657712 0.016595 0.027383
2606 0.555407 0.889601 0.044433 0.027383
3053 0.556478 0.275910 0.018737 0.027730
121 0.019807 0.202080 0.019272 0.027730
87 0.633298 0.202426 0.029979 0.027730
118 0.557816 0.497747 0.029979 0.027730
3984 0.235278 0.333449 0.034797 0.027730
2263 0.158994 0.710225 0.040685 0.027730
4440 0.166221 0.244021 0.045503 0.027730
2550 0.717345 0.492894 0.054604 0.027730
85 0.636510 0.293414 0.014989 0.028076
117 0.240364 0.819931 0.016060 0.028076
111 0.479390 0.561698 0.017666 0.028076
123 0.398822 0.500347 0.018201 0.028076
126 0.477784 0.737435 0.030514 0.028076
268 0.398287 0.152686 0.036403 0.028076
883 0.476713 0.471577 0.039079 0.028076
122 0.479657 0.345407 0.044968 0.028076
1668 0.554604 0.562738 0.049251 0.028076
903 0.797645 0.548527 0.050321 0.028076
68 0.400696 0.284575 0.008030 0.028423
83 0.083779 0.917851 0.011242 0.028423
68 0.081370 0.720971 0.011777 0.028423
58 0.081638 0.160832 0.017666 0.028423
118 0.087259 0.387868 0.021413 0.028423
86 0.487420 0.161525 0.033726 0.028423
83 0.013651 0.594627 0.008030 0.028769
60 0.316649 0.355113 0.011242 0.028769
53 0.637848 0.510052 0.012313 0.028769
2305 0.017666 0.915251 0.027837 0.028769
121 0.474304 0.132582 0.029979 0.028769
121 0.396146 0.895494 0.036403 0.028769
1177 0.800321 0.739515 0.039615 0.028769
870 0.559422 0.132582 0.040685 0.028769
985 0.721360 0.607106 0.044433 0.028769
1385 0.801124 0.886482 0.049786 0.028769
68 0.557816 0.423570 0.007495 0.029116
121 0.796306 0.293588 0.027302 0.029116
121 0.478051 0.706412 0.027837 0.029116
3766 0.241702 0.916464 0.048715 0.029116
1385 0.638919 0.842981 0.049786 0.029116
78 0.241435 0.496187 0.031049 0.029463
1129 0.080835 0.235875 0.037473 0.029463
350 0.797912 0.182496 0.045503 0.029463
903 0.398555 0.184922 0.048715 0.029463
1823 0.016595 0.809359 0.022484 0.029809
64 0.237152 0.564645 0.040685 0.029809
3940 0.082173 0.837088 0.042291 0.029809
2822 0.237152 0.390988 0.050321 0.029809
68 0.399625 0.464645 0.006959 0.030156
1428 0.483940 0.912825 0.039615 0.030156
71 0.487420 0.878856 0.040150 0.030156
3772 0.559154 0.528423 0.052998 0.030156
1824 0.315310 0.212478 0.037473 0.030503
1848 0.481799 0.769844 0.048180 0.030503
1401 0.479657 0.803120 0.049251 0.030503
316 0.398822 0.385789 0.050321 0.030503
1385 0.716274 0.462738 0.052463 0.030503
68 0.164882 0.394281 0.007495 0.030849
3735 0.020878 0.139861 0.018201 0.030849
121 0.396949 0.828250 0.027302 0.030849
268 0.637045 0.634489 0.038544 0.030849
4424 0.714668 0.546101 0.048180 0.030849
2864 0.239026 0.200000 0.035867 0.031196
4348 0.641060 0.911958 0.038009 0.031196
1887 0.314775 0.386482 0.044968 0.031196
3045 0.477784 0.625650 0.046574 0.031196
68 0.319058 0.178336 0.005353 0.031542
1934 0.161403 0.579029 0.034797 0.031542
4348 0.318790 0.545407 0.041221 0.031542
83 0.635974 0.133795 0.013919 0.031889
296 0.241435 0.876603 0.026767 0.031889
1319 0.082173 0.470017 0.043362 0.031889
4412 0.716006 0.161179 0.044433 0.031889
1834 0.797377 0.707799 0.049786 0.031889
3612 0.237955 0.234489 0.045503 0.032236
4397 0.157388 0.766378 0.039615 0.032582
1279 0.559957 0.163951 0.040685 0.032582
4312 0.319058 0.821837 0.044968 0.032582
83 0.317452 0.661179 0.012848 0.032929
308 0.014989 0.776603 0.021413 0.032929
1822 0.017934 0.532582 0.023019 0.032929
985 0.634368 0.171057 0.037473 0.032929
1321 0.395343 0.354419 0.041221 0.032929
4084 0.556478 0.807106 0.049786 0.032929
2517 0.553533 0.393761 0.049251 0.033276
83 0.477248 0.592894 0.014454 0.033622
3739 0.157388 0.863605 0.041756 0.033622
4122 0.319325 0.763432 0.046574 0.033622
2795 0.718148 0.788042 0.052998 0.033622
2697 0.557816 0.220104 0.043897 0.033969
2155 0.244647 0.745754 0.048180 0.034315
58 0.637045 0.598960 0.018201 0.034662
1673 0.081906 0.296707 0.043897 0.034662
577 0.794700 0.442288 0.044433 0.034662
2776 0.161403 0.628423 0.047645 0.034662
1863 0.638919 0.875217 0.050857 0.034662
2633 0.635171 0.434489 0.048715 0.035009
1052 0.634904 0.668804 0.051392 0.035009
68 0.637580 0.357019 0.007495 0.035355
83 0.399358 0.318198 0.014989 0.036049
70 0.477784 0.505719 0.024090 0.036049
4516 0.082709 0.774003 0.043362 0.036049
83 0.637045 0.813172 0.014989 0.036742
1137 0.156585 0.825997 0.045503 0.036742
68 0.239026 0.136742 0.010171 0.037088
76 0.398822 0.862218 0.022484 0.037088
4399 0.082173 0.665338 0.040150 0.037088
1325 0.399625 0.251300 0.054069 0.038128
3434 0.081103 0.606759 0.039079 0.038475
2017 0.396681 0.768284 0.043897 0.039168
1149 0.797377 0.776083 0.038009 0.039515
1831 0.637313 0.397574 0.043362 0.039515
1297 0.794968 0.480416 0.040685 0.040208
296 0.240899 0.684749 0.027837 0.041248
1149 0.796306 0.347314 0.040150 0.042288
