246 0.737263 0.181231 0.051948 0.005706
128 0.303696 0.304805 0.007992 0.007207
246 0.070430 0.750601 0.060939 0.007508
169 0.757243 0.599850 0.025974 0.009309
128 0.406593 0.145796 0.011988 0.011111
205 0.759740 0.583934 0.039960 0.012312
92 0.185315 0.850751 0.039960 0.015015
297 0.514985 0.201351 0.048951 0.015315
92 0.178571 0.221171 0.045455 0.015916
57 0.861888 0.435736 0.040460 0.017417
92 0.181818 0.283483 0.047952 0.019219
101 0.851898 0.216667 0.063437 0.019520
101 0.516234 0.371321 0.064436 0.019520
162 0.082418 0.765465 0.024975 0.019820
57 0.868881 0.650450 0.039461 0.019820
101 0.628122 0.177477 0.061439 0.019820
56 0.862388 0.864715 0.024476 0.020120
162 0.753746 0.196847 0.025974 0.020120
88 0.632118 0.677628 0.039461 0.020120
56 0.063437 0.459009 0.058941 0.020721
88 0.174575 0.202703 0.042458 0.021021
1255 0.410589 0.851351 0.053946 0.021021
93 0.526224 0.894595 0.057443 0.021021
251 0.409091 0.495946 0.062937 0.021321
91 0.740509 0.345345 0.042458 0.021622
101 0.744755 0.324925 0.064935 0.021622
1810 0.412587 0.439489 0.021978 0.021922
57 0.871628 0.718769 0.045954 0.021922
56 0.289710 0.290841 0.056943 0.021922
120 0.066683 0.251652 0.022478 0.022222
76 0.511489 0.292192 0.034965 0.022222
84 0.071179 0.611411 0.052448 0.022222
101 0.190809 0.345946 0.058941 0.022222
57 0.744505 0.163213 0.046454 0.022523
56 0.858641 0.779580 0.024975 0.022823
83 0.512238 0.177177 0.037463 0.022823
84 0.186813 0.369970 0.049950 0.022823
251 0.632368 0.619820 0.055944 0.022823
57 0.633616 0.372523 0.036464 0.023123
57 0.080669 0.555706 0.038462 0.023123
57 0.408591 0.162913 0.039960 0.023123
57 0.308442 0.897748 0.044456 0.023123
57 0.298202 0.151952 0.041958 0.023423
56 0.182567 0.539189 0.019481 0.023724
56 0.066434 0.278228 0.024975 0.023724
91 0.851898 0.323574 0.041459 0.023724
91 0.633866 0.804955 0.044955 0.023724
126 0.066933 0.725976 0.052947 0.023724
56 0.177822 0.235135 0.026973 0.024024
83 0.180320 0.706006 0.044955 0.024024
92 0.291958 0.413514 0.045455 0.024024
57 0.638611 0.590841 0.041459 0.024324
89 0.299950 0.874024 0.058442 0.024324
56 0.407093 0.351952 0.018981 0.024625
547 0.745255 0.224925 0.053946 0.024625
84 0.071429 0.858859 0.055944 0.024625
66 0.067682 0.198048 0.029471 0.024925
88 0.738761 0.368619 0.030969 0.024925
57 0.638362 0.889339 0.040959 0.024925
88 0.183067 0.824775 0.041459 0.024925
81 0.179321 0.518468 0.041958 0.024925
85 0.747502 0.690691 0.042458 0.025225
83 0.519730 0.620120 0.043457 0.025225
126 0.063437 0.128529 0.055944 0.025225
118 0.864885 0.414264 0.021479 0.025526
132 0.756244 0.523874 0.028971 0.025526
185 0.753996 0.558108 0.034466 0.025526
86 0.307942 0.358108 0.035465 0.025526
91 0.287463 0.682883 0.040460 0.025826
52 0.398102 0.127327 0.044955 0.025826
98 0.067932 0.828529 0.058941 0.025826
83 0.621878 0.154505 0.038961 0.026126
55 0.860639 0.594444 0.056943 0.026126
119 0.187063 0.638739 0.019481 0.026426
132 0.870629 0.561562 0.028971 0.026426
117 0.851648 0.293694 0.036963 0.026426
111 0.067682 0.431982 0.034466 0.026727
122 0.189560 0.898949 0.036464 0.026727
105 0.191558 0.872222 0.057443 0.026727
55 0.516234 0.317568 0.058442 0.026727
101 0.864885 0.839790 0.066434 0.026727
83 0.628621 0.448048 0.038462 0.027027
51 0.288462 0.126727 0.044456 0.027027
68 0.626873 0.124925 0.053946 0.027027
68 0.078921 0.701051 0.007992 0.027327
76 0.287962 0.203453 0.032468 0.027327
91 0.629371 0.308559 0.045954 0.027327
81 0.288462 0.177327 0.050450 0.027327
77 0.751249 0.492342 0.050949 0.027327
55 0.849900 0.387838 0.058442 0.027327
53 0.297702 0.848048 0.016983 0.027628
119 0.291459 0.230931 0.023477 0.027628
76 0.627872 0.518318 0.034965 0.027628
81 0.748252 0.664114 0.048951 0.027928
117 0.625125 0.235135 0.034466 0.028228
66 0.287213 0.258859 0.036963 0.028228
68 0.071928 0.581532 0.009990 0.028529
85 0.411339 0.771622 0.029471 0.028529
111 0.408841 0.556306 0.031469 0.028529
72 0.517982 0.559610 0.050949 0.028529
547 0.406344 0.703453 0.060440 0.028529
302 0.408591 0.410060 0.062937 0.028529
111 0.521229 0.757658 0.030470 0.028829
117 0.293706 0.816216 0.036963 0.028829
91 0.852148 0.266066 0.047952 0.028829
1173 0.066683 0.359760 0.054446 0.028829
111 0.851399 0.237087 0.022478 0.029129
111 0.409840 0.465616 0.032468 0.029129
110 0.069431 0.672823 0.035964 0.029129
492 0.178322 0.178529 0.058941 0.029129
316 0.511738 0.228078 0.076424 0.029129
53 0.519231 0.497898 0.019481 0.029429
90 0.847403 0.192192 0.053447 0.029429
121 0.868382 0.625976 0.071429 0.029730
119 0.296953 0.789189 0.026474 0.030030
273 0.187812 0.793093 0.046953 0.030030
72 0.063936 0.225526 0.048951 0.030030
77 0.522228 0.527628 0.050450 0.030030
84 0.522727 0.728228 0.050450 0.030030
4416 0.183566 0.455856 0.058442 0.030030
110 0.516983 0.346396 0.037962 0.030330
55 0.745255 0.722973 0.058941 0.030330
361 0.626873 0.202102 0.059940 0.030631
74 0.523976 0.467718 0.036963 0.030931
1810 0.412088 0.526426 0.031968 0.031231
1197 0.299201 0.484685 0.056943 0.031231
547 0.521728 0.399399 0.065435 0.031231
62 0.408591 0.665616 0.037962 0.031532
91 0.294955 0.385736 0.045455 0.031532
68 0.069930 0.642492 0.051948 0.031532
547 0.519730 0.835886 0.061439 0.031532
1044 0.628122 0.342042 0.071429 0.031832
132 0.297702 0.330631 0.029970 0.032432
87 0.850899 0.128829 0.040460 0.032432
72 0.516983 0.867868 0.041958 0.032432
90 0.738012 0.297898 0.059441 0.032432
316 0.637862 0.654655 0.073926 0.032432
119 0.183317 0.567417 0.027972 0.032733
69 0.877123 0.494444 0.029970 0.032733
118 0.860889 0.891141 0.037463 0.032733
4252 0.291209 0.444595 0.045954 0.032733
113 0.861888 0.527477 0.056444 0.032733
327 0.517233 0.655105 0.059441 0.032733
389 0.065934 0.401051 0.062937 0.032733
118 0.407343 0.380781 0.036464 0.033033
253 0.068432 0.164264 0.046953 0.033033
978 0.404096 0.195796 0.050949 0.033033
1917 0.520230 0.431532 0.054446 0.033033
90 0.859640 0.809910 0.057942 0.033033
118 0.848402 0.161712 0.031469 0.033333
58 0.860889 0.751502 0.031469 0.033333
110 0.520230 0.590691 0.036464 0.033634
62 0.745504 0.883183 0.046454 0.033634
84 0.296454 0.564865 0.048452 0.033634
77 0.413836 0.322673 0.047453 0.033934
107 0.406593 0.632733 0.024975 0.034234
107 0.177073 0.256757 0.033467 0.034234
509 0.859640 0.464565 0.047952 0.034234
3041 0.407592 0.811411 0.053946 0.034234
1083 0.746503 0.455706 0.049451 0.034535
2885 0.184565 0.670420 0.061439 0.034535
53 0.851149 0.353904 0.022977 0.035135
87 0.066434 0.526577 0.038961 0.035135
90 0.183566 0.317117 0.061439 0.035435
123 0.743756 0.837087 0.026973 0.035736
78 0.746753 0.632282 0.042957 0.035736
485 0.631369 0.273123 0.056943 0.035736
92 0.069181 0.891291 0.034466 0.036036
2246 0.071429 0.795646 0.056943 0.036336
4524 0.855894 0.686486 0.060440 0.036637
92 0.407343 0.891141 0.035465 0.036937
74 0.744505 0.797748 0.042458 0.036937
93 0.192807 0.487387 0.044955 0.037237
107 0.516484 0.262312 0.033966 0.037538
3665 0.630120 0.485586 0.054446 0.037838
1917 0.740509 0.256306 0.050450 0.038138
70 0.745754 0.759760 0.039960 0.039039
62 0.071179 0.490090 0.042458 0.039039
71 0.305195 0.754354 0.049950 0.039039
1354 0.293457 0.717718 0.053447 0.039039
4132 0.404346 0.233333 0.055445 0.039039
1083 0.636863 0.556757 0.056943 0.039039
268 0.292707 0.528529 0.057942 0.039039
70 0.413337 0.737387 0.040460 0.039339
561 0.286963 0.652703 0.057443 0.039339
87 0.407842 0.595495 0.043457 0.040240
1101 0.740010 0.131532 0.053447 0.040841
370 0.180819 0.605105 0.056943 0.040841
322 0.632617 0.715616 0.070430 0.041441
296 0.522727 0.692342 0.033467 0.041742
3003 0.524975 0.794294 0.058941 0.042042
1199 0.059191 0.318769 0.068432 0.042342
4532 0.180569 0.409309 0.054446 0.044444
1077 0.176074 0.136787 0.055445 0.044745
3776 0.293457 0.610060 0.060440 0.044745
4447 0.406593 0.279129 0.056943 0.045345
1063 0.635365 0.849249 0.076923 0.046246
3136 0.634116 0.411261 0.043457 0.046547
1297 0.742258 0.411411 0.051948 0.047447
1316 0.632617 0.765165 0.064436 0.047447
3063 0.512737 0.137087 0.062438 0.048348
314 0.182567 0.750751 0.064436 0.054655
