56 0.684385 0.178473 0.019934 0.019005
81 0.848283 0.480822 0.025471 0.019696
1867 0.442414 0.413960 0.034330 0.020041
91 0.685216 0.820836 0.037099 0.020387
91 0.891750 0.228058 0.032669 0.020733
92 0.230343 0.663960 0.047619 0.021078
91 0.841639 0.245335 0.034330 0.021424
64 0.846346 0.155667 0.026024 0.021769
52 0.636766 0.780753 0.028793 0.021769
547 0.575858 0.322564 0.043189 0.021769
92 0.131506 0.788355 0.052602 0.021769
56 0.521595 0.521078 0.021041 0.022115
55 0.686600 0.156185 0.034330 0.022806
101 0.758583 0.844851 0.042082 0.022806
126 0.683832 0.883379 0.038760 0.023151
101 0.844131 0.393746 0.041528 0.023151
113 0.461517 0.536973 0.039313 0.023497
91 0.568660 0.155321 0.035437 0.023842
147 0.452935 0.154976 0.054264 0.023842
166 0.802879 0.814098 0.018826 0.024188
56 0.890919 0.349171 0.022148 0.024534
91 0.888151 0.288874 0.038760 0.024879
68 0.896179 0.517450 0.020487 0.025225
91 0.230066 0.846406 0.052602 0.025225
52 0.230343 0.878542 0.053156 0.025225
113 0.116002 0.283863 0.064784 0.025225
166 0.898394 0.157567 0.017165 0.025570
60 0.567276 0.265031 0.034884 0.025570
72 0.799557 0.850035 0.038760 0.025570
82 0.427187 0.444540 0.032669 0.025916
127 0.566168 0.449032 0.039313 0.025916
56 0.759136 0.422944 0.023256 0.026261
110 0.420543 0.515031 0.035991 0.026607
69 0.571705 0.393746 0.045958 0.026607
95 0.844131 0.336558 0.033776 0.026952
72 0.515504 0.409122 0.038760 0.026952
108 0.764950 0.285591 0.026024 0.027298
81 0.522148 0.496372 0.038760 0.027298
81 0.128461 0.846752 0.055371 0.027298
68 0.462901 0.511403 0.011074 0.027643
85 0.517719 0.290947 0.018826 0.027643
113 0.227021 0.326019 0.045404 0.027989
87 0.419989 0.548376 0.035991 0.028334
57 0.339424 0.508639 0.046512 0.028334
52 0.768272 0.511576 0.042636 0.028680
126 0.567276 0.557878 0.052602 0.028680
85 0.569767 0.212854 0.018826 0.029026
108 0.847453 0.181064 0.020487 0.029026
60 0.464563 0.479613 0.023256 0.029026
77 0.519380 0.258811 0.042082 0.029026
99 0.568383 0.421562 0.051495 0.029026
166 0.687984 0.753110 0.020487 0.029371
119 0.571705 0.292502 0.021595 0.029371
56 0.873200 0.796994 0.025471 0.029371
83 0.517442 0.439703 0.029347 0.029371
91 0.339701 0.725466 0.051495 0.029371
205 0.446567 0.235487 0.063677 0.029371
74 0.570044 0.183829 0.023810 0.029717
60 0.841085 0.271596 0.025471 0.029717
253 0.889258 0.317554 0.036545 0.029717
85 0.636766 0.754838 0.016611 0.030062
68 0.519103 0.467692 0.035991 0.030062
66 0.891473 0.489634 0.034330 0.030408
126 0.887874 0.459917 0.038206 0.030408
52 0.654762 0.486178 0.051495 0.030408
55 0.655869 0.519869 0.055925 0.030753
60 0.843854 0.419489 0.031008 0.031099
78 0.463455 0.449551 0.035437 0.031099
92 0.518272 0.228576 0.023256 0.031444
1867 0.338594 0.271769 0.050388 0.031444
56 0.759413 0.817554 0.022702 0.031790
60 0.545681 0.635107 0.040421 0.031790
62 0.640365 0.159813 0.035991 0.032135
1931 0.890089 0.257256 0.042636 0.032135
72 0.760520 0.357809 0.043743 0.032135
85 0.519380 0.158258 0.022148 0.032481
56 0.653101 0.383898 0.024917 0.032481
88 0.220653 0.404630 0.033776 0.032481
101 0.570875 0.243262 0.047619 0.032481
83 0.635936 0.808051 0.028239 0.032827
118 0.424142 0.474084 0.024363 0.033172
122 0.129845 0.877678 0.050388 0.033172
91 0.223422 0.200415 0.052602 0.033172
313 0.441307 0.347097 0.042082 0.033518
91 0.227021 0.293193 0.066445 0.033518
111 0.566722 0.479613 0.027132 0.033863
2599 0.686877 0.790601 0.032669 0.033863
87 0.802049 0.879751 0.035991 0.033863
118 0.871262 0.832239 0.020487 0.034209
127 0.769103 0.390290 0.058693 0.034209
88 0.123754 0.360746 0.058140 0.034554
95 0.842470 0.452488 0.037099 0.034900
1879 0.874585 0.873704 0.041528 0.034900
370 0.441030 0.277643 0.045958 0.034900
91 0.776578 0.159468 0.073643 0.034900
53 0.129014 0.815480 0.023256 0.035245
2727 0.640919 0.877678 0.035991 0.035245
107 0.650609 0.415342 0.047619 0.035245
58 0.845792 0.508466 0.024917 0.035591
2599 0.846622 0.215791 0.032115 0.035591
88 0.334718 0.404457 0.035991 0.035591
64 0.123200 0.434865 0.038206 0.035591
81 0.223145 0.488079 0.053156 0.035591
87 0.128738 0.560297 0.053710 0.035591
120 0.846622 0.364202 0.025471 0.035936
1281 0.682724 0.848998 0.035437 0.035936
3175 0.441584 0.311507 0.042636 0.036282
81 0.334994 0.765549 0.045404 0.036282
123 0.870709 0.559261 0.048173 0.036282
78 0.842746 0.304768 0.029900 0.036628
193 0.647841 0.264686 0.049834 0.036628
118 0.894795 0.379924 0.024363 0.036973
204 0.439922 0.194713 0.039313 0.036973
76 0.125138 0.204907 0.043189 0.037319
162 0.547065 0.766240 0.040975 0.037664
68 0.656146 0.451970 0.018826 0.038010
1879 0.870432 0.765722 0.038760 0.038010
127 0.665006 0.675881 0.066445 0.038010
86 0.132614 0.397892 0.047065 0.038355
113 0.875692 0.678818 0.047065 0.038355
81 0.873477 0.596579 0.049280 0.038355
51 0.338870 0.545784 0.049834 0.038355
81 0.769934 0.545093 0.050388 0.038355
85 0.653931 0.553559 0.022148 0.038701
121 0.551495 0.670352 0.076412 0.038701
53 0.459579 0.568245 0.022148 0.039046
68 0.657807 0.713200 0.012182 0.039392
119 0.522425 0.551831 0.024917 0.039392
58 0.659468 0.592605 0.052049 0.039392
58 0.517442 0.194368 0.029347 0.039737
1116 0.893688 0.197823 0.036545 0.039737
350 0.440199 0.382343 0.045404 0.039737
3956 0.871816 0.723393 0.055925 0.039737
51 0.656977 0.305114 0.044850 0.040083
117 0.766611 0.775916 0.033776 0.040428
83 0.225360 0.529198 0.044297 0.040428
3553 0.230343 0.758639 0.045404 0.040428
717 0.517719 0.375086 0.046512 0.041120
77 0.774917 0.735142 0.053710 0.041120
68 0.568383 0.356254 0.011628 0.041465
74 0.769380 0.585003 0.032669 0.041465
87 0.651440 0.636144 0.043743 0.041465
975 0.638981 0.843815 0.044297 0.041465
501 0.543466 0.716310 0.054817 0.041465
81 0.658915 0.345888 0.055371 0.041465
1584 0.760520 0.873704 0.026024 0.041811
78 0.871262 0.639081 0.047065 0.041811
88 0.133167 0.650138 0.060354 0.041811
2489 0.770210 0.203870 0.057586 0.042156
111 0.122370 0.517104 0.036545 0.042502
53 0.221484 0.361437 0.024363 0.042847
126 0.764673 0.246372 0.059801 0.042847
127 0.770210 0.319972 0.063123 0.042847
85 0.124031 0.474257 0.026578 0.043193
87 0.224806 0.448687 0.052049 0.043193
53 0.119048 0.318245 0.023256 0.043538
3776 0.336932 0.208017 0.059247 0.043538
1281 0.565891 0.518487 0.038760 0.043884
83 0.334718 0.636662 0.039313 0.043884
1584 0.889535 0.420525 0.029347 0.044229
204 0.662791 0.222184 0.044297 0.044229
91 0.543189 0.816344 0.053156 0.044575
4080 0.337763 0.684001 0.063123 0.044575
710 0.332226 0.864893 0.053156 0.044921
903 0.339424 0.366621 0.073090 0.044921
3984 0.122647 0.695577 0.043743 0.045612
81 0.340532 0.588113 0.050941 0.046303
109 0.126523 0.246890 0.062569 0.046648
83 0.224806 0.625086 0.038760 0.046994
2154 0.230897 0.804768 0.056478 0.047685
454 0.336102 0.319800 0.063123 0.048030
68 0.129568 0.603317 0.016611 0.048376
4240 0.541251 0.866621 0.070321 0.048376
1917 0.224529 0.577056 0.045958 0.049067
3354 0.765781 0.630097 0.050941 0.049413
333 0.132890 0.748963 0.068660 0.049413
58 0.333333 0.808915 0.037652 0.050449
2658 0.222591 0.708017 0.057586 0.051831
47 0.521595 0.323773 0.031008 0.053214
118 0.768549 0.462681 0.037652 0.053214
604 0.769103 0.682446 0.045404 0.055287
1116 0.221207 0.246890 0.048173 0.055632
2718 0.329734 0.456980 0.049280 0.059779
50 0.576689 0.640636 0.080288 0.105045
