92 0.170377 0.349091 0.030479 0.012273
101 0.452911 0.576136 0.042808 0.014091
101 0.807021 0.434886 0.054452 0.015227
64 0.238185 0.622386 0.016781 0.017045
101 0.596404 0.437500 0.066096 0.017727
52 0.728082 0.855568 0.051370 0.017955
101 0.386301 0.650795 0.052055 0.017955
56 0.381164 0.333864 0.013699 0.019091
81 0.236644 0.397841 0.032192 0.019773
57 0.179795 0.217386 0.029452 0.020682
56 0.171918 0.398182 0.017808 0.020909
68 0.383390 0.266477 0.031849 0.021136
51 0.237842 0.527841 0.040068 0.021591
115 0.384075 0.288182 0.037329 0.021818
1083 0.383048 0.228409 0.027740 0.022273
56 0.381678 0.677955 0.014726 0.022727
64 0.880479 0.245682 0.017808 0.023182
52 0.661130 0.395909 0.040068 0.023182
83 0.299144 0.741591 0.030479 0.024545
56 0.382192 0.537500 0.044521 0.024545
111 0.239212 0.344886 0.018151 0.024773
109 0.308562 0.681250 0.044521 0.024773
418 0.237500 0.479318 0.015411 0.025000
66 0.528596 0.226818 0.022260 0.025000
56 0.236644 0.420568 0.015068 0.025227
81 0.309075 0.400341 0.040068 0.025227
88 0.166952 0.193750 0.042123 0.025227
117 0.246404 0.190909 0.013356 0.025455
58 0.166952 0.590909 0.016096 0.025455
1083 0.241610 0.318182 0.027740 0.025455
123 0.171918 0.422159 0.016438 0.025682
2286 0.674829 0.225341 0.046918 0.025682
2489 0.379966 0.780000 0.055137 0.026364
118 0.391952 0.561818 0.011986 0.026818
51 0.381849 0.624091 0.044521 0.026818
91 0.809589 0.499091 0.045205 0.026818
66 0.453767 0.395341 0.038356 0.027500
127 0.391781 0.313523 0.046575 0.027500
58 0.660616 0.769432 0.023288 0.027955
113 0.169178 0.560795 0.051370 0.027955
66 0.523288 0.543409 0.040411 0.028182
127 0.387158 0.356818 0.051027 0.028182
66 0.741438 0.398977 0.019863 0.028409
56 0.161473 0.705682 0.016096 0.028636
66 0.668322 0.546023 0.035959 0.028864
101 0.600856 0.632841 0.062671 0.028864
88 0.815753 0.194091 0.044521 0.029091
2489 0.316781 0.473636 0.054795 0.029091
118 0.815753 0.223750 0.015068 0.029773
1083 0.171062 0.319659 0.028425 0.029773
113 0.309418 0.542841 0.062671 0.029773
108 0.725171 0.685682 0.060616 0.030000
78 0.729966 0.908523 0.029795 0.030227
87 0.742979 0.545568 0.033904 0.030227
2489 0.600342 0.464205 0.056164 0.030227
119 0.667637 0.427500 0.022260 0.030455
66 0.372945 0.824205 0.036986 0.030682
91 0.236473 0.598523 0.042123 0.030682
70 0.596918 0.758295 0.050000 0.030682
418 0.169007 0.767955 0.014041 0.031364
83 0.160788 0.633409 0.033219 0.031364
87 0.594007 0.680682 0.035959 0.031364
51 0.594521 0.593295 0.039041 0.031591
60 0.725342 0.877159 0.034932 0.032045
720 0.880479 0.444886 0.038356 0.032045
85 0.174144 0.451136 0.013356 0.032273
111 0.171747 0.484432 0.016096 0.032500
87 0.529452 0.398295 0.040411 0.032500
70 0.533562 0.476591 0.047260 0.032727
66 0.589555 0.823295 0.042123 0.032955
95 0.164726 0.737500 0.040411 0.033182
113 0.662158 0.737841 0.052397 0.033409
95 0.241438 0.452045 0.043836 0.033636
51 0.454110 0.547045 0.043836 0.033636
710 0.877911 0.404432 0.035959 0.033864
1977 0.667979 0.192727 0.043493 0.034091
68 0.247260 0.221932 0.006849 0.034318
111 0.458390 0.601023 0.017466 0.034318
111 0.302226 0.771364 0.020205 0.034545
4164 0.244007 0.256364 0.036644 0.034545
120 0.462500 0.304318 0.046233 0.034545
111 0.813014 0.459205 0.021233 0.034773
88 0.169178 0.524886 0.043151 0.035227
68 0.314041 0.324318 0.006164 0.035909
51 0.595377 0.406364 0.038699 0.035909
70 0.735616 0.622955 0.026712 0.036364
68 0.385445 0.857955 0.007192 0.037273
2896 0.383219 0.198409 0.046575 0.037273
91 0.451027 0.636136 0.047260 0.037273
91 0.168664 0.285568 0.037329 0.037500
51 0.808733 0.405795 0.040068 0.037500
68 0.466438 0.428295 0.008219 0.037955
74 0.727740 0.741932 0.020548 0.037955
111 0.236986 0.651136 0.021918 0.038182
53 0.372603 0.716364 0.025342 0.038182
70 0.731678 0.823864 0.030479 0.038182
51 0.527397 0.195000 0.042466 0.038182
108 0.594007 0.902727 0.044178 0.038182
91 0.371747 0.749545 0.059932 0.038636
68 0.392466 0.592841 0.009589 0.038864
108 0.740582 0.480227 0.044178 0.039091
68 0.678253 0.580455 0.009932 0.039545
108 0.369007 0.894545 0.052397 0.039545
107 0.590753 0.716023 0.019863 0.039773
68 0.602226 0.860227 0.005822 0.040455
68 0.533733 0.578068 0.010616 0.040682
62 0.314726 0.438977 0.041096 0.040682
577 0.883733 0.487386 0.051027 0.041136
60 0.306507 0.580227 0.016438 0.041364
108 0.672260 0.621250 0.047260 0.041591
1902 0.663185 0.696250 0.046233 0.042045
4646 0.670205 0.467500 0.025342 0.043182
108 0.458219 0.469205 0.034247 0.043409
3322 0.299829 0.814205 0.037329 0.043409
108 0.520377 0.620795 0.058562 0.043409
107 0.739897 0.582727 0.020890 0.043636
107 0.526712 0.436477 0.021233 0.043864
2896 0.246918 0.297955 0.042466 0.044091
81 0.166096 0.669545 0.040411 0.044545
68 0.743322 0.437727 0.009247 0.045455
96 0.464212 0.263864 0.050342 0.045455
3375 0.943836 0.276591 0.039041 0.046364
2896 0.174144 0.255455 0.043493 0.046364
81 0.528253 0.264773 0.043493 0.046364
70 0.598973 0.549318 0.032192 0.047273
3448 0.600685 0.197273 0.041096 0.047273
68 0.251541 0.564205 0.009932 0.047955
3455 0.735788 0.200227 0.050342 0.048182
68 0.319349 0.720227 0.007877 0.051364
287 0.160788 0.810000 0.042123 0.052273
58 0.527226 0.308636 0.035274 0.053636
53 0.881849 0.203523 0.016438 0.053864
70 0.310103 0.278295 0.038699 0.055682
4164 0.454452 0.208636 0.047945 0.057727
2197 0.741267 0.289318 0.040068 0.059091
2197 0.595890 0.289318 0.039726 0.060455
59 0.884760 0.297159 0.044863 0.061136
2197 0.673459 0.295341 0.039384 0.062500
2197 0.815068 0.296705 0.039726 0.064318
2197 0.386815 0.427386 0.040068 0.066136
47 0.309760 0.865909 0.031849 0.075909
