101 0.173323 0.709814 0.031234 0.009814
92 0.532514 0.217597 0.038914 0.010152
101 0.606759 0.409137 0.022529 0.011506
246 0.597286 0.729949 0.050691 0.012183
92 0.711214 0.705584 0.033794 0.012860
1415 0.778802 0.254315 0.036866 0.013198
56 0.654122 0.498308 0.015873 0.013875
56 0.600102 0.341963 0.010241 0.014552
52 0.283922 0.370051 0.038402 0.015905
91 0.290067 0.634856 0.035330 0.016244
91 0.656938 0.518274 0.031746 0.016582
52 0.654890 0.542978 0.043011 0.016582
108 0.417307 0.790525 0.013313 0.016920
1173 0.704557 0.461929 0.038914 0.016920
98 0.652842 0.561252 0.060420 0.017259
91 0.283410 0.457360 0.035330 0.017936
56 0.154890 0.426734 0.042499 0.018274
698 0.283922 0.424873 0.033282 0.018613
129 0.663338 0.251438 0.017921 0.018951
111 0.158218 0.584772 0.021505 0.020305
91 0.474142 0.682234 0.032770 0.020305
52 0.710701 0.291371 0.045059 0.020305
60 0.602151 0.280372 0.020481 0.020643
91 0.221454 0.690863 0.027138 0.020643
111 0.473118 0.243993 0.024578 0.020981
101 0.838966 0.508291 0.059908 0.020981
91 0.842038 0.277665 0.030210 0.021320
83 0.345878 0.586971 0.039427 0.021320
52 0.838710 0.758545 0.057348 0.021320
85 0.410138 0.701523 0.016385 0.021658
120 0.159754 0.302538 0.018433 0.021658
91 0.654890 0.474112 0.034818 0.021658
91 0.285202 0.829442 0.039939 0.021658
98 0.283410 0.394585 0.058884 0.021658
88 0.777010 0.225212 0.025090 0.021997
83 0.214286 0.611675 0.037378 0.021997
418 0.713774 0.824535 0.039939 0.021997
88 0.775730 0.580372 0.028674 0.022335
88 0.528674 0.562775 0.029186 0.022335
127 0.782898 0.371574 0.045059 0.022335
52 0.842294 0.676819 0.046083 0.022335
85 0.472862 0.448900 0.015873 0.022673
110 0.219150 0.838748 0.037890 0.022673
72 0.406810 0.676142 0.036354 0.023012
418 0.839222 0.566836 0.037890 0.023012
91 0.540707 0.446362 0.039939 0.023012
547 0.530210 0.628765 0.047619 0.023012
120 0.287762 0.785956 0.026626 0.023350
1006 0.538658 0.377496 0.054275 0.023350
111 0.652586 0.633164 0.019969 0.023689
88 0.779570 0.399323 0.022017 0.023689
78 0.600102 0.253469 0.038914 0.023689
51 0.406810 0.297124 0.045571 0.023689
120 0.841270 0.468866 0.016385 0.024027
596 0.836150 0.253130 0.019457 0.024365
88 0.224014 0.272420 0.025090 0.024365
252 0.348950 0.654484 0.045571 0.024365
254 0.710445 0.732826 0.040451 0.024704
81 0.714030 0.523519 0.044547 0.025042
88 0.346646 0.684602 0.017409 0.025719
88 0.709677 0.433164 0.032770 0.025719
109 0.355095 0.790525 0.044547 0.025719
2193 0.156426 0.731641 0.047619 0.025719
60 0.837174 0.531810 0.014337 0.026058
85 0.598822 0.220135 0.019969 0.026058
92 0.846390 0.695601 0.023554 0.026058
60 0.840758 0.725550 0.015361 0.026396
118 0.608295 0.314721 0.019457 0.026396
66 0.592166 0.539086 0.025090 0.026396
88 0.154122 0.552284 0.029698 0.026396
885 0.531746 0.728596 0.053763 0.026396
1006 0.353559 0.369882 0.060932 0.026396
118 0.466462 0.803892 0.030722 0.026734
91 0.163082 0.389340 0.037378 0.026734
259 0.155914 0.227242 0.051715 0.026734
1083 0.711982 0.644332 0.034306 0.027073
87 0.535330 0.797631 0.037378 0.027073
117 0.291091 0.527073 0.030210 0.027411
1406 0.774706 0.465821 0.036866 0.027411
109 0.708653 0.493232 0.044035 0.027411
56 0.844086 0.786802 0.017921 0.027750
92 0.285970 0.748900 0.024066 0.027750
596 0.652330 0.328596 0.024578 0.027750
596 0.652842 0.400000 0.026626 0.027750
110 0.160010 0.522166 0.032258 0.027750
87 0.474910 0.377327 0.033282 0.027750
85 0.291347 0.337225 0.017409 0.028088
60 0.653866 0.665482 0.020481 0.028088
58 0.711214 0.610660 0.033794 0.028088
56 0.719150 0.547039 0.011777 0.028765
111 0.472350 0.472589 0.026114 0.028765
2134 0.406554 0.223858 0.040963 0.028765
91 0.351767 0.620474 0.043011 0.028765
76 0.783410 0.316413 0.018433 0.029103
60 0.415003 0.489679 0.020993 0.029103
91 0.223758 0.446701 0.039939 0.029103
95 0.220942 0.536041 0.041475 0.029103
1406 0.467486 0.711337 0.045059 0.029103
3283 0.837942 0.222166 0.020993 0.029442
74 0.416539 0.332149 0.029186 0.029442
85 0.468510 0.222673 0.018433 0.029780
76 0.837430 0.445347 0.025090 0.029780
95 0.470302 0.834856 0.039427 0.029780
2138 0.284946 0.604399 0.060932 0.029780
56 0.472606 0.775465 0.018433 0.030118
92 0.780594 0.433503 0.024066 0.030457
66 0.651562 0.767851 0.027138 0.030457
2595 0.154634 0.678173 0.035842 0.030457
2707 0.219150 0.728765 0.028674 0.030795
1406 0.406298 0.728765 0.042499 0.030795
60 0.710701 0.351269 0.016385 0.031134
108 0.288018 0.225719 0.019969 0.031134
51 0.348694 0.824027 0.046083 0.031134
2590 0.598822 0.663113 0.026114 0.031472
1401 0.781874 0.283080 0.034818 0.031472
126 0.536354 0.339594 0.044547 0.031472
3067 0.290579 0.672250 0.048643 0.031472
92 0.469790 0.743486 0.028162 0.031810
505 0.533538 0.249746 0.039939 0.031810
126 0.221966 0.764467 0.043523 0.031810
790 0.839990 0.598985 0.045571 0.031810
328 0.656682 0.369543 0.047619 0.031810
3041 0.714286 0.677834 0.049155 0.031810
2926 0.708397 0.226396 0.054788 0.031810
56 0.350230 0.261083 0.016385 0.032149
3603 0.219150 0.407953 0.060420 0.032149
1605 0.532514 0.593739 0.064516 0.032149
119 0.534050 0.829780 0.012289 0.032487
92 0.348950 0.718443 0.030210 0.032487
83 0.712238 0.261929 0.032770 0.032487
2255 0.597286 0.434856 0.042499 0.032487
51 0.471326 0.518105 0.044547 0.032487
126 0.653866 0.738409 0.046083 0.032487
83 0.593446 0.579188 0.033794 0.032826
2255 0.774962 0.503723 0.039427 0.032826
2528 0.534306 0.761591 0.060932 0.032826
119 0.165131 0.452115 0.012801 0.033164
91 0.595494 0.702876 0.030722 0.033164
978 0.599846 0.758037 0.041475 0.033164
119 0.412698 0.601184 0.016385 0.033503
119 0.653610 0.824873 0.016897 0.033503
95 0.772913 0.648562 0.041475 0.033503
76 0.412954 0.526904 0.024066 0.033841
76 0.654378 0.226058 0.024578 0.033841
76 0.473118 0.596277 0.029698 0.033841
87 0.348438 0.754315 0.039427 0.033841
76 0.287506 0.259052 0.022017 0.034179
325 0.289555 0.306599 0.042499 0.034518
711 0.769585 0.612183 0.043011 0.034518
1894 0.844598 0.362775 0.045571 0.034518
127 0.778546 0.817936 0.046595 0.034518
119 0.475422 0.414044 0.014849 0.034856
92 0.711470 0.314552 0.020993 0.034856
118 0.659242 0.799492 0.023041 0.034856
76 0.651562 0.701354 0.024066 0.034856
2305 0.160010 0.271235 0.043523 0.034856
92 0.346902 0.227750 0.024066 0.035195
92 0.410138 0.368528 0.026626 0.035195
379 0.772657 0.690355 0.044035 0.035195
2059 0.468766 0.289848 0.050691 0.035533
66 0.412186 0.408122 0.023554 0.035871
3283 0.655658 0.290694 0.028162 0.035871
4422 0.405274 0.758714 0.042499 0.035871
1111 0.352279 0.518782 0.052227 0.035871
118 0.784690 0.346701 0.015873 0.036210
119 0.289042 0.563621 0.016897 0.036210
1406 0.535842 0.483756 0.040451 0.036210
366 0.656170 0.443824 0.044547 0.036210
4252 0.220942 0.359729 0.039427 0.036548
2083 0.848950 0.822673 0.054275 0.036548
2083 0.469022 0.645347 0.058372 0.036548
66 0.408090 0.569036 0.027650 0.036887
87 0.475934 0.556514 0.035330 0.036887
287 0.356375 0.329949 0.053251 0.037225
1396 0.599334 0.620474 0.032258 0.037563
126 0.157962 0.767343 0.036354 0.037563
126 0.289555 0.717259 0.045571 0.037563
87 0.774706 0.783587 0.051203 0.037563
121 0.408602 0.452453 0.030722 0.037902
83 0.591910 0.501861 0.032770 0.037902
2061 0.471326 0.336041 0.043523 0.037902
74 0.161034 0.487479 0.028162 0.038240
1088 0.711214 0.767174 0.046083 0.038579
1584 0.224270 0.314382 0.031746 0.039255
83 0.840758 0.642301 0.032770 0.039255
1917 0.537122 0.410829 0.040963 0.039932
83 0.524066 0.692555 0.029186 0.040271
577 0.534050 0.525212 0.041987 0.040609
3665 0.214542 0.496108 0.045059 0.040609
253 0.286994 0.493232 0.040451 0.040948
107 0.407578 0.636548 0.030722 0.041286
119 0.781362 0.733503 0.014337 0.041624
4361 0.224782 0.806599 0.036866 0.041624
2208 0.352535 0.474281 0.050691 0.041624
4164 0.224782 0.233841 0.045059 0.041963
68 0.355351 0.559729 0.008193 0.042640
2215 0.596774 0.382403 0.042499 0.042640
562 0.711470 0.400846 0.045571 0.043655
3153 0.782898 0.544839 0.045059 0.043993
119 0.354583 0.291878 0.016897 0.044332
2598 0.406298 0.823519 0.025090 0.044332
3334 0.650794 0.594755 0.044035 0.044332
3984 0.532514 0.298139 0.031746 0.046024
2913 0.406810 0.263790 0.044547 0.047039
68 0.720430 0.578173 0.006144 0.047716
4327 0.165643 0.344332 0.042499 0.048393
316 0.218638 0.655499 0.061444 0.048731
1364 0.837942 0.320305 0.056836 0.049746
68 0.225038 0.572589 0.007680 0.051438
1560 0.156682 0.630795 0.046083 0.052792
316 0.846390 0.407276 0.060420 0.053807
68 0.613415 0.475465 0.010241 0.054146
68 0.547875 0.660406 0.012289 0.055838
1354 0.153866 0.819459 0.052739 0.059222
1796 0.344342 0.416582 0.047619 0.062944
296 0.591654 0.812014 0.034306 0.063959
