91 0.713001 0.582694 0.018903 0.009819
146 0.559705 0.170298 0.022130 0.010433
52 0.710466 0.543111 0.020286 0.011046
64 0.713462 0.569346 0.018903 0.011967
90 0.606040 0.255600 0.023513 0.012274
205 0.781236 0.724149 0.027201 0.012274
205 0.568004 0.209113 0.028585 0.012581
173 0.449516 0.625499 0.039650 0.012581
81 0.553250 0.342897 0.027663 0.013194
120 0.603965 0.223688 0.018442 0.013501
182 0.779161 0.712182 0.035039 0.013501
132 0.668280 0.596042 0.025357 0.013808
91 0.602582 0.193925 0.020286 0.014115
127 0.605579 0.175974 0.028124 0.014422
76 0.712310 0.555999 0.021208 0.014728
205 0.567312 0.243480 0.028124 0.015649
66 0.600507 0.125192 0.017059 0.015956
76 0.926233 0.785824 0.018442 0.015956
72 0.601199 0.160786 0.022130 0.015956
113 0.713462 0.616140 0.026279 0.015956
156 0.445367 0.410095 0.026740 0.016263
123 0.604195 0.209880 0.015214 0.016569
101 0.330106 0.486652 0.049793 0.016569
166 0.565468 0.226910 0.015214 0.016876
53 0.924389 0.769254 0.013831 0.017183
57 0.556939 0.854863 0.036883 0.017183
297 0.778008 0.425591 0.048409 0.017183
83 0.531581 0.277232 0.022130 0.017490
127 0.535731 0.294415 0.041494 0.017490
107 0.605348 0.239337 0.021208 0.017797
193 0.447211 0.455048 0.035039 0.017797
101 0.124251 0.501074 0.052098 0.017797
128 0.771323 0.884167 0.019364 0.018104
52 0.326648 0.195612 0.041033 0.018104
83 0.531120 0.208193 0.022130 0.018717
132 0.457123 0.161553 0.029968 0.018717
92 0.711157 0.598957 0.018903 0.019024
101 0.445136 0.374962 0.059474 0.019024
135 0.678884 0.658638 0.018903 0.019331
68 0.711618 0.634550 0.005994 0.019638
127 0.554172 0.357472 0.040572 0.019638
55 0.438451 0.830623 0.048870 0.019638
209 0.665053 0.612918 0.012448 0.019945
64 0.534809 0.228291 0.023974 0.020252
52 0.663670 0.846886 0.038266 0.020252
64 0.771784 0.864836 0.026740 0.020558
108 0.603273 0.142068 0.017059 0.020865
251 0.779161 0.177048 0.045182 0.020865
164 0.562010 0.192237 0.030429 0.021172
113 0.119871 0.249616 0.036883 0.021172
101 0.551867 0.726757 0.053481 0.021172
76 0.122637 0.160325 0.031351 0.021786
64 0.664592 0.799785 0.032734 0.021786
113 0.228677 0.642989 0.045182 0.021786
127 0.554633 0.397975 0.043338 0.022093
132 0.233287 0.341976 0.023974 0.022400
52 0.664131 0.904112 0.043799 0.022400
120 0.439834 0.879564 0.024896 0.023013
57 0.339557 0.899816 0.031812 0.023013
127 0.554172 0.438325 0.037805 0.023013
84 0.782849 0.296870 0.042416 0.023013
55 0.886123 0.351642 0.043338 0.023320
56 0.122407 0.566278 0.020747 0.023627
251 0.552098 0.753759 0.047487 0.023627
95 0.883126 0.874348 0.048409 0.023627
113 0.660212 0.389230 0.055325 0.023627
56 0.556478 0.601718 0.017520 0.023934
88 0.555556 0.625652 0.047948 0.023934
115 0.438912 0.856398 0.048870 0.023934
134 0.442600 0.232740 0.024896 0.024241
83 0.332411 0.771863 0.034117 0.024241
87 0.120562 0.417459 0.038266 0.024241
120 0.121946 0.441853 0.021669 0.024547
64 0.663900 0.874808 0.031351 0.024547
76 0.231213 0.710341 0.035500 0.024547
148 0.895113 0.295336 0.030890 0.024854
106 0.556017 0.382479 0.036883 0.024854
1214 0.881743 0.902577 0.047487 0.024854
56 0.120101 0.798865 0.051176 0.024854
68 0.438220 0.903651 0.010604 0.025161
56 0.233287 0.768334 0.022130 0.025161
76 0.883356 0.570420 0.033195 0.025161
148 0.894652 0.321571 0.037344 0.025161
84 0.123098 0.673519 0.037805 0.025161
271 0.337944 0.403191 0.065468 0.025161
81 0.885201 0.408254 0.030429 0.025468
271 0.334255 0.867904 0.062702 0.025468
198 0.450899 0.433569 0.015675 0.025775
134 0.671508 0.704511 0.016136 0.025775
1406 0.440756 0.262044 0.047026 0.025775
204 0.674274 0.828628 0.019825 0.026082
134 0.451130 0.645137 0.022591 0.026082
132 0.130475 0.278460 0.026740 0.026082
82 0.664822 0.637159 0.053481 0.026082
47 0.537575 0.317889 0.028585 0.026388
106 0.553942 0.426204 0.035500 0.026388
77 0.666897 0.765265 0.041955 0.026388
52 0.658598 0.132249 0.044721 0.026388
82 0.558783 0.571034 0.046104 0.026388
121 0.125864 0.184106 0.047026 0.026388
979 0.329876 0.514268 0.065929 0.026388
134 0.553711 0.510126 0.028585 0.026695
81 0.661365 0.414544 0.037344 0.027002
77 0.231904 0.433875 0.040572 0.027002
47 0.535500 0.253912 0.029968 0.027309
81 0.662287 0.295950 0.036422 0.027309
164 0.560166 0.152194 0.026740 0.027616
92 0.547487 0.882479 0.031812 0.027616
76 0.886353 0.269101 0.033656 0.027616
122 0.772937 0.907027 0.038266 0.027616
73 0.336330 0.464867 0.058552 0.027616
85 0.223836 0.369899 0.024435 0.027923
113 0.124481 0.872200 0.038728 0.027923
2590 0.771554 0.798865 0.053020 0.027923
132 0.447902 0.210494 0.026279 0.028230
76 0.221070 0.308990 0.032734 0.028230
84 0.776395 0.488493 0.038728 0.028230
978 0.330567 0.248542 0.043338 0.028230
53 0.122868 0.135164 0.021669 0.028536
83 0.660904 0.442314 0.037344 0.028536
60 0.773398 0.520405 0.036422 0.028843
121 0.883817 0.169377 0.047948 0.028843
127 0.886814 0.464867 0.059474 0.028843
204 0.556939 0.489567 0.027663 0.029150
60 0.659982 0.472231 0.045643 0.029457
90 0.552328 0.912550 0.052559 0.029457
85 0.886584 0.379411 0.022130 0.029764
85 0.887045 0.846732 0.024896 0.029764
110 0.777086 0.832311 0.032734 0.029764
168 0.136699 0.903498 0.034578 0.029764
76 0.439373 0.699448 0.035039 0.029764
77 0.338174 0.432495 0.041033 0.029764
70 0.440295 0.554465 0.029507 0.030071
87 0.330106 0.323105 0.041494 0.030071
273 0.781697 0.359620 0.052098 0.030071
85 0.886123 0.197760 0.025818 0.030377
110 0.120562 0.476987 0.029968 0.030377
134 0.669433 0.226910 0.030429 0.030377
119 0.656524 0.361307 0.030429 0.030377
45 0.231674 0.581927 0.060396 0.030377
45 0.334716 0.228137 0.064546 0.030377
126 0.221992 0.180423 0.035500 0.030684
132 0.140618 0.390457 0.026740 0.030991
85 0.335869 0.588678 0.029968 0.030991
87 0.334486 0.133630 0.044721 0.030991
76 0.883817 0.814820 0.047948 0.030991
127 0.231213 0.399356 0.049331 0.030991
113 0.657215 0.544492 0.049331 0.030991
117 0.881743 0.675361 0.032734 0.031298
107 0.231443 0.736422 0.034117 0.031298
85 0.780775 0.393219 0.024435 0.031605
77 0.235592 0.542651 0.043338 0.031605
77 0.662748 0.195919 0.045643 0.031605
59 0.442831 0.731666 0.051176 0.031605
717 0.335869 0.662320 0.066851 0.031605
87 0.664131 0.678122 0.043799 0.031912
111 0.778239 0.324179 0.029507 0.032218
107 0.437759 0.669684 0.030890 0.032218
107 0.444214 0.762044 0.033656 0.032218
718 0.226833 0.604633 0.035039 0.032218
78 0.122407 0.222921 0.036422 0.032218
316 0.776625 0.457042 0.058552 0.032218
45 0.664592 0.586223 0.058552 0.032218
45 0.888889 0.786591 0.070078 0.032218
70 0.442600 0.799325 0.026740 0.032525
107 0.442600 0.521326 0.033195 0.032525
316 0.225680 0.468549 0.074228 0.032525
87 0.878515 0.604020 0.036422 0.032832
58 0.660673 0.163701 0.044260 0.032832
68 0.550945 0.541884 0.042416 0.033139
45 0.557169 0.136852 0.059474 0.033139
45 0.778930 0.706505 0.070539 0.033446
118 0.223836 0.797484 0.032734 0.033753
107 0.661134 0.735041 0.028585 0.034060
66 0.330567 0.170144 0.033195 0.034060
4189 0.123790 0.635011 0.065007 0.034060
717 0.124020 0.307917 0.071923 0.034060
118 0.446750 0.135011 0.035961 0.034366
45 0.446058 0.198220 0.065007 0.034366
4486 0.123559 0.351488 0.047948 0.034673
45 0.446058 0.406106 0.070539 0.034673
85 0.233748 0.895674 0.031351 0.034980
76 0.880360 0.136545 0.042877 0.034980
3665 0.217381 0.271556 0.059474 0.034980
4185 0.333564 0.625652 0.078838 0.034980
85 0.881973 0.493863 0.025818 0.035287
70 0.775703 0.589291 0.032734 0.035287
45 0.556017 0.474532 0.067312 0.035287
126 0.124251 0.762811 0.041033 0.035594
547 0.441909 0.485118 0.046565 0.035594
118 0.776856 0.553697 0.021208 0.035901
94 0.663439 0.328015 0.040572 0.036207
68 0.329414 0.741485 0.022591 0.036514
58 0.331950 0.286131 0.033195 0.036514
126 0.334716 0.704050 0.036883 0.036514
4557 0.231674 0.505830 0.066851 0.036514
118 0.880360 0.639460 0.026279 0.036821
750 0.551176 0.787051 0.059474 0.036821
118 0.769940 0.666462 0.023052 0.037435
90 0.551176 0.698067 0.053942 0.037435
118 0.112955 0.597576 0.036883 0.037742
87 0.771093 0.628260 0.038266 0.037742
90 0.882434 0.236422 0.049793 0.037742
1186 0.122868 0.532218 0.070539 0.038355
68 0.549331 0.659558 0.023513 0.038969
68 0.879207 0.713102 0.011065 0.039276
62 0.128400 0.833078 0.042877 0.039276
1110 0.223144 0.138079 0.056247 0.039276
90 0.440526 0.345965 0.050254 0.039583
3081 0.547026 0.825253 0.063163 0.039583
119 0.660673 0.509052 0.026740 0.039890
51 0.229138 0.676895 0.041494 0.039890
4445 0.220148 0.225836 0.062241 0.039890
3995 0.778700 0.214943 0.053481 0.040196
47 0.883126 0.742252 0.039189 0.040503
268 0.775473 0.138079 0.042416 0.041117
490 0.443522 0.300552 0.054403 0.041424
70 0.659521 0.260356 0.030890 0.042651
2869 0.331489 0.551396 0.049793 0.042958
1126 0.782158 0.257441 0.051176 0.043572
90 0.876671 0.536054 0.052098 0.044185
47 0.445597 0.591286 0.041955 0.044799
2612 0.770862 0.758822 0.052559 0.045413
2735 0.329645 0.365296 0.052559 0.045720
3716 0.121254 0.716784 0.065468 0.048481
2735 0.337483 0.819577 0.047026 0.056459
2735 0.227063 0.848727 0.050254 0.059527
