60 0.466924 0.245399 0.031974 0.018405
60 0.901874 0.779312 0.029768 0.019427
101 0.467200 0.712338 0.055678 0.020450
101 0.802646 0.665644 0.062845 0.021813
101 0.695149 0.800954 0.063947 0.021813
56 0.800441 0.573960 0.028666 0.024540
118 0.469405 0.265508 0.033627 0.024540
52 0.254961 0.734151 0.045755 0.024540
118 0.906284 0.800784 0.028666 0.024881
91 0.689912 0.821063 0.052370 0.025222
132 0.592062 0.788855 0.025358 0.025562
55 0.803749 0.603613 0.054024 0.025903
91 0.254686 0.561350 0.057332 0.025903
91 0.691014 0.663429 0.047960 0.026244
91 0.253032 0.267553 0.049614 0.026585
56 0.356119 0.718473 0.020948 0.027267
52 0.576902 0.728357 0.045755 0.027267
57 0.256615 0.346626 0.045755 0.027948
81 0.358600 0.685072 0.053473 0.027948
101 0.464719 0.173142 0.062845 0.027948
66 0.253308 0.637355 0.030320 0.028630
120 0.908490 0.641616 0.026461 0.028971
91 0.246417 0.144342 0.055127 0.028971
88 0.472437 0.620995 0.031974 0.029312
57 0.907387 0.187969 0.039691 0.029652
122 0.258545 0.763974 0.046307 0.029652
52 0.358600 0.369291 0.047960 0.029652
91 0.689636 0.518234 0.049614 0.029652
66 0.474366 0.555556 0.033627 0.029993
126 0.259096 0.804363 0.046307 0.029993
57 0.581588 0.376278 0.045204 0.030675
92 0.154631 0.439502 0.041345 0.031016
110 0.472712 0.688309 0.043550 0.031697
81 0.148842 0.647410 0.047409 0.031697
55 0.473815 0.654226 0.062293 0.031697
4162 0.687707 0.398432 0.035832 0.032038
77 0.907387 0.744717 0.041896 0.032038
81 0.354190 0.145194 0.047960 0.032038
127 0.257718 0.666326 0.053473 0.032038
132 0.805954 0.360259 0.030871 0.032720
110 0.461963 0.146217 0.040794 0.032720
66 0.355568 0.610089 0.041896 0.032720
107 0.359427 0.748466 0.050717 0.032720
104 0.689912 0.698364 0.051268 0.032720
68 0.145810 0.539025 0.010474 0.033061
111 0.466648 0.851568 0.036935 0.033061
110 0.800717 0.637696 0.041345 0.033401
121 0.899394 0.521813 0.046858 0.033401
55 0.146913 0.476823 0.055678 0.033401
81 0.899945 0.218643 0.047960 0.033742
56 0.148015 0.615542 0.024807 0.034083
84 0.468026 0.381391 0.038589 0.034083
118 0.689085 0.307430 0.039691 0.034083
127 0.691290 0.484322 0.047409 0.034083
104 0.796582 0.728698 0.051819 0.034083
111 0.801819 0.691207 0.035832 0.034765
121 0.790518 0.762440 0.061742 0.034765
121 0.352811 0.254090 0.054024 0.035106
1173 0.578556 0.603102 0.055678 0.035106
126 0.471610 0.743865 0.055678 0.035106
881 0.570287 0.145365 0.057883 0.035106
119 0.471334 0.814588 0.029768 0.035446
124 0.793550 0.243695 0.049063 0.035446
122 0.144708 0.575665 0.051268 0.035446
121 0.687431 0.729721 0.057332 0.035446
85 0.793275 0.402011 0.025358 0.035787
111 0.903804 0.679107 0.025910 0.035787
77 0.685777 0.270109 0.044101 0.035787
127 0.904355 0.711145 0.051268 0.035787
113 0.796582 0.326346 0.055127 0.035787
60 0.355568 0.218473 0.037486 0.036128
85 0.253032 0.700579 0.018743 0.036469
76 0.689912 0.629005 0.040243 0.036469
51 0.152150 0.810327 0.045204 0.036469
91 0.573870 0.243183 0.063947 0.036469
83 0.901874 0.557941 0.037486 0.036810
81 0.146913 0.728698 0.051268 0.036810
1834 0.147740 0.406271 0.056229 0.036810
87 0.680265 0.148432 0.041896 0.037151
121 0.689085 0.592877 0.050717 0.037151
51 0.252205 0.231254 0.056781 0.037151
121 0.464994 0.347137 0.056781 0.037151
1173 0.255513 0.380539 0.056781 0.037151
127 0.478776 0.586742 0.064498 0.037151
104 0.906284 0.847478 0.054024 0.037832
83 0.789416 0.797205 0.034179 0.038173
76 0.353087 0.522154 0.039140 0.038173
85 0.468302 0.779993 0.024807 0.038514
62 0.153804 0.765337 0.045204 0.038514
122 0.359702 0.290900 0.047960 0.038514
127 0.156009 0.848330 0.055127 0.038855
113 0.575524 0.760055 0.056229 0.038855
85 0.356946 0.333504 0.020397 0.039196
104 0.689636 0.555385 0.038589 0.039196
84 0.576351 0.563224 0.042448 0.039196
104 0.902426 0.486196 0.051819 0.039196
111 0.470232 0.415815 0.036384 0.039536
95 0.358049 0.407635 0.045755 0.039536
78 0.899669 0.152693 0.046307 0.040218
85 0.693495 0.850204 0.020948 0.040559
83 0.140022 0.148773 0.045204 0.040559
77 0.905458 0.389400 0.045755 0.040559
90 0.691290 0.770109 0.047409 0.040559
600 0.256064 0.597648 0.052370 0.040559
366 0.901599 0.435072 0.056781 0.040559
74 0.467475 0.307771 0.034179 0.040900
111 0.148567 0.506646 0.034730 0.041241
76 0.899118 0.255624 0.040794 0.041581
83 0.357222 0.179618 0.042999 0.041581
68 0.143881 0.188139 0.052922 0.041581
58 0.797960 0.536299 0.036935 0.041922
127 0.679162 0.184049 0.044101 0.042263
74 0.901874 0.300273 0.030871 0.042945
51 0.358600 0.650648 0.046858 0.042945
87 0.688534 0.447512 0.050717 0.042945
126 0.576351 0.691547 0.055678 0.042945
68 0.576626 0.832481 0.011025 0.043967
68 0.261852 0.841343 0.015436 0.043967
76 0.144432 0.364860 0.044101 0.043967
76 0.147189 0.689162 0.039691 0.044308
95 0.364112 0.841513 0.047960 0.044308
68 0.461687 0.200920 0.011577 0.044649
135 0.256340 0.182856 0.023153 0.044649
273 0.575248 0.336912 0.025910 0.044649
3754 0.573870 0.649796 0.036384 0.044649
121 0.149945 0.323279 0.039691 0.044649
68 0.357773 0.481936 0.015436 0.044990
53 0.689361 0.346967 0.024807 0.044990
928 0.578831 0.473415 0.063947 0.044990
1197 0.254410 0.518916 0.057883 0.045331
70 0.684399 0.230061 0.036935 0.045671
1193 0.791345 0.845774 0.054576 0.046012
4260 0.251378 0.427403 0.034179 0.046353
118 0.152426 0.279482 0.034730 0.046353
922 0.578556 0.515508 0.058986 0.046694
105 0.797409 0.444104 0.049063 0.047035
1083 0.249449 0.306408 0.057883 0.047035
127 0.357773 0.446149 0.059537 0.047035
53 0.902977 0.345262 0.022051 0.047716
119 0.797133 0.285276 0.026461 0.047716
70 0.794928 0.491138 0.033076 0.047716
121 0.791621 0.154056 0.039691 0.048398
85 0.359702 0.567314 0.022602 0.048739
83 0.787211 0.202113 0.030871 0.049080
1193 0.903804 0.603954 0.049063 0.049080
2489 0.254135 0.473074 0.061742 0.049080
667 0.576902 0.425869 0.055678 0.049421
93 0.146086 0.232788 0.030871 0.049761
3405 0.471610 0.516019 0.049063 0.051125
3019 0.474642 0.464554 0.050717 0.051806
68 0.359978 0.791752 0.013230 0.052488
1801 0.573319 0.286810 0.062845 0.057601
3446 0.570011 0.193763 0.059537 0.062372
