88 0.277328 0.435544 0.009109 0.006732
246 0.135121 0.781892 0.046559 0.006732
246 0.760374 0.694547 0.038968 0.008415
92 0.634109 0.851733 0.032389 0.012454
52 0.692561 0.349546 0.037955 0.013800
56 0.449140 0.667115 0.011640 0.014137
56 0.508856 0.270279 0.014676 0.014810
698 0.509109 0.853585 0.027328 0.015483
128 0.451923 0.742006 0.010121 0.017166
62 0.506073 0.468361 0.030364 0.017166
72 0.766194 0.802760 0.027328 0.017503
128 0.823634 0.834904 0.012652 0.017839
91 0.448381 0.690677 0.028340 0.018176
72 0.637146 0.573039 0.031377 0.018512
64 0.328694 0.494278 0.026822 0.019185
111 0.441802 0.859643 0.023279 0.019522
91 0.441802 0.787950 0.039474 0.019522
128 0.644484 0.787445 0.011640 0.019859
83 0.812247 0.787782 0.034413 0.019859
2177 0.441043 0.763884 0.048077 0.019859
111 0.147773 0.619993 0.023279 0.020195
91 0.137399 0.692696 0.035931 0.020195
108 0.326164 0.566476 0.018725 0.020868
1810 0.758350 0.387580 0.025810 0.021205
88 0.447368 0.583810 0.032389 0.021205
111 0.636893 0.480983 0.020749 0.021542
642 0.758097 0.356109 0.029352 0.021542
101 0.588057 0.424605 0.028340 0.021878
95 0.758856 0.833389 0.045040 0.022215
98 0.691802 0.368058 0.049595 0.022551
978 0.513664 0.826658 0.041498 0.022888
120 0.573381 0.312858 0.019231 0.023225
66 0.441043 0.611074 0.026822 0.023225
88 0.505567 0.528273 0.031377 0.023225
1083 0.818826 0.860821 0.034413 0.023225
51 0.633350 0.666442 0.044028 0.023561
56 0.689271 0.242174 0.017206 0.023898
88 0.824899 0.512790 0.034413 0.023898
127 0.628289 0.313867 0.039980 0.023898
101 0.285931 0.853753 0.046559 0.023898
120 0.384868 0.774150 0.024798 0.024234
1002 0.816296 0.728711 0.052632 0.024234
85 0.637905 0.509088 0.020749 0.024571
106 0.376518 0.238135 0.035425 0.024571
2751 0.575911 0.539717 0.037449 0.024571
91 0.694838 0.614776 0.037449 0.024571
56 0.575152 0.446483 0.045040 0.024571
120 0.328441 0.624369 0.018219 0.024907
2751 0.502530 0.766745 0.037449 0.024907
113 0.136640 0.476944 0.049595 0.024907
91 0.581731 0.623191 0.038968 0.025244
95 0.573381 0.243857 0.044534 0.025244
113 0.505567 0.688152 0.050607 0.025244
120 0.508603 0.497476 0.021255 0.025581
118 0.763917 0.862336 0.029858 0.025581
88 0.576923 0.697408 0.036437 0.025581
98 0.437753 0.560081 0.061741 0.025581
885 0.695850 0.680579 0.062753 0.025581
107 0.816802 0.814709 0.025304 0.025917
2595 0.823887 0.444463 0.038462 0.025917
767 0.755820 0.279536 0.046053 0.025917
88 0.633856 0.452036 0.031883 0.026254
110 0.380567 0.748233 0.033401 0.026254
109 0.446862 0.306967 0.038462 0.026254
60 0.824393 0.581454 0.016194 0.026590
91 0.274545 0.685459 0.039980 0.026590
120 0.641194 0.690003 0.015182 0.026927
119 0.825911 0.776170 0.015182 0.026927
51 0.264676 0.463144 0.037449 0.026927
51 0.818067 0.753282 0.047065 0.026927
885 0.330466 0.836082 0.066802 0.026927
60 0.320344 0.420061 0.015182 0.027600
59 0.506326 0.647257 0.026822 0.027600
1083 0.638411 0.818243 0.038968 0.027600
51 0.692561 0.578593 0.046053 0.027600
2489 0.277581 0.770111 0.052126 0.027600
62 0.201923 0.308482 0.023279 0.027937
978 0.820850 0.289633 0.034413 0.027937
62 0.325152 0.602322 0.034919 0.027937
1906 0.824140 0.481151 0.045040 0.027937
104 0.768472 0.465332 0.046053 0.027937
95 0.450911 0.496802 0.038462 0.028273
127 0.327429 0.748570 0.048583 0.028273
2751 0.686994 0.645069 0.034919 0.028610
1083 0.389929 0.813699 0.037955 0.028610
91 0.143472 0.555537 0.049089 0.028610
121 0.390182 0.538371 0.053644 0.028610
62 0.837045 0.648603 0.026316 0.028946
3687 0.576164 0.660384 0.051113 0.028946
76 0.139423 0.391956 0.020749 0.029283
88 0.632338 0.722821 0.034919 0.029283
117 0.759362 0.570852 0.027834 0.029620
70 0.448128 0.637832 0.037955 0.029620
68 0.509615 0.240660 0.041498 0.029620
91 0.699646 0.764053 0.044028 0.029620
1821 0.444079 0.241333 0.053138 0.029620
60 0.329960 0.529620 0.017206 0.029956
119 0.757844 0.597274 0.017713 0.029956
381 0.271255 0.730226 0.043522 0.029956
109 0.825911 0.546112 0.046559 0.029956
66 0.568826 0.347021 0.033401 0.030293
113 0.697874 0.402221 0.046559 0.030293
81 0.816043 0.622686 0.049089 0.030293
2202 0.638917 0.416358 0.058198 0.030293
76 0.323128 0.276170 0.025810 0.030629
127 0.644990 0.595591 0.049089 0.030629
325 0.509362 0.802087 0.043016 0.030966
870 0.816296 0.361494 0.046559 0.030966
98 0.510881 0.566813 0.047065 0.030966
104 0.269990 0.283238 0.039980 0.031303
81 0.379302 0.277179 0.050101 0.031303
66 0.265688 0.317402 0.024291 0.031639
91 0.756326 0.248233 0.031883 0.031976
118 0.632591 0.279367 0.018219 0.032312
92 0.321609 0.460788 0.023785 0.032312
3735 0.761134 0.772467 0.030364 0.032312
4451 0.761387 0.631101 0.042004 0.032312
95 0.513158 0.439414 0.042510 0.032649
66 0.203188 0.244699 0.026822 0.032986
107 0.441549 0.718950 0.028846 0.032986
58 0.821862 0.682262 0.032389 0.032986
126 0.700405 0.542915 0.052632 0.032986
85 0.641700 0.628576 0.019231 0.033322
74 0.387399 0.499327 0.027834 0.033322
92 0.633856 0.380512 0.031883 0.033322
85 0.380314 0.850219 0.023785 0.033659
2885 0.821103 0.402221 0.031883 0.033659
56 0.510881 0.406429 0.022773 0.033995
1824 0.812247 0.248570 0.027328 0.033995
56 0.575405 0.769438 0.018219 0.034332
107 0.635881 0.759004 0.024798 0.034332
126 0.765182 0.666611 0.033401 0.034668
325 0.142206 0.596096 0.051619 0.035005
88 0.633603 0.346180 0.032389 0.035342
119 0.205466 0.276338 0.018219 0.035678
85 0.329706 0.661057 0.019737 0.035678
76 0.578947 0.471895 0.025304 0.035678
505 0.326670 0.782901 0.040992 0.035678
101 0.327682 0.244026 0.044028 0.035678
58 0.378036 0.320936 0.029352 0.036015
119 0.383097 0.606530 0.013158 0.036351
118 0.640688 0.539549 0.016194 0.036351
53 0.385881 0.709189 0.016700 0.036351
104 0.135881 0.357792 0.044028 0.036351
87 0.504808 0.729721 0.062247 0.036351
60 0.576923 0.503702 0.018219 0.036688
83 0.442055 0.277179 0.035931 0.036688
70 0.572621 0.735443 0.032895 0.037025
83 0.763664 0.546954 0.034413 0.037025
325 0.582996 0.587008 0.048583 0.037025
78 0.267206 0.354258 0.029352 0.037361
2836 0.761893 0.428307 0.044028 0.037361
119 0.279605 0.496466 0.013664 0.037698
76 0.624494 0.244530 0.024291 0.038034
2033 0.761134 0.733255 0.053644 0.038034
87 0.331731 0.703467 0.066296 0.038371
757 0.820091 0.325311 0.046053 0.038708
117 0.387652 0.573208 0.021255 0.039044
3375 0.134868 0.838102 0.065283 0.039044
119 0.577429 0.800404 0.016194 0.039717
3053 0.448381 0.530461 0.032389 0.039717
1560 0.390688 0.656681 0.050607 0.039717
119 0.382844 0.359475 0.013664 0.040390
119 0.203694 0.339111 0.013664 0.040727
76 0.275304 0.809323 0.029352 0.040727
3482 0.266700 0.245204 0.052632 0.040727
87 0.317814 0.377819 0.057692 0.040727
83 0.686994 0.316392 0.022773 0.041064
76 0.572621 0.283070 0.024798 0.041064
126 0.758097 0.318916 0.041498 0.041400
68 0.694079 0.265567 0.006579 0.041737
102 0.695850 0.848199 0.053644 0.041737
4440 0.142966 0.732245 0.050101 0.042747
53 0.699646 0.438236 0.015688 0.043083
1607 0.380820 0.407775 0.046053 0.043420
1607 0.263411 0.587008 0.036943 0.043756
76 0.690789 0.804611 0.024291 0.044093
83 0.560476 0.843319 0.026822 0.044093
90 0.507085 0.369404 0.054656 0.044093
3482 0.697368 0.723157 0.060729 0.044093
76 0.571609 0.390441 0.026822 0.044429
813 0.441549 0.453046 0.050101 0.044429
83 0.381832 0.453046 0.025810 0.045103
1827 0.139170 0.654830 0.052632 0.045439
83 0.257591 0.525749 0.025304 0.045776
1831 0.698381 0.495793 0.042510 0.046449
3747 0.443067 0.824806 0.029858 0.048132
4458 0.144231 0.437058 0.058704 0.048132
83 0.324393 0.321777 0.027328 0.051161
68 0.454960 0.350219 0.014170 0.051498
322 0.265688 0.402726 0.038462 0.051498
3514 0.141447 0.513295 0.061235 0.054527
68 0.771761 0.505554 0.010121 0.057893
68 0.521761 0.609559 0.009109 0.058566
47 0.516953 0.307472 0.039980 0.061595
47 0.453694 0.390778 0.024798 0.065298
47 0.284413 0.627903 0.037449 0.077078
