162 0.309256 0.838917 0.027914 0.011584
132 0.658423 0.852849 0.019099 0.013150
92 0.760039 0.443644 0.034280 0.013150
162 0.548237 0.924703 0.024976 0.014089
132 0.543095 0.262523 0.023506 0.014715
57 0.420911 0.930025 0.035749 0.014715
132 0.659892 0.199123 0.023996 0.015654
91 0.760284 0.889167 0.032811 0.015654
132 0.778404 0.583281 0.023996 0.016281
57 0.304603 0.711647 0.033301 0.016281
92 0.644466 0.638384 0.038198 0.016281
56 0.646425 0.758453 0.015671 0.016594
142 0.515671 0.908109 0.022527 0.016594
198 0.520323 0.925798 0.016161 0.016907
91 0.544564 0.477145 0.025465 0.016907
56 0.530607 0.827176 0.019099 0.017533
132 0.882223 0.593300 0.022037 0.017533
81 0.760774 0.326863 0.026934 0.017533
52 0.641528 0.221666 0.042116 0.017533
57 0.180460 0.339856 0.034770 0.017846
91 0.523751 0.404039 0.040646 0.017846
91 0.869001 0.369130 0.035749 0.018159
141 0.549461 0.904508 0.036239 0.018159
113 0.645201 0.832812 0.038688 0.018159
101 0.867532 0.667502 0.049461 0.018159
56 0.869246 0.423763 0.019589 0.018472
132 0.068805 0.211177 0.023017 0.018472
77 0.764447 0.907639 0.043095 0.018785
92 0.413810 0.802912 0.039177 0.019098
88 0.872919 0.818566 0.041626 0.019098
57 0.871694 0.170319 0.031342 0.019411
57 0.535015 0.124922 0.034770 0.019411
88 0.529383 0.601753 0.047013 0.019411
60 0.642752 0.591108 0.039667 0.020038
52 0.063663 0.693175 0.041136 0.020038
88 0.184623 0.921415 0.041136 0.020038
495 0.061949 0.352536 0.063173 0.020038
83 0.645690 0.448497 0.036729 0.020351
91 0.533546 0.885254 0.036729 0.020351
113 0.759305 0.486068 0.037708 0.020351
84 0.765916 0.773638 0.033301 0.020664
113 0.059256 0.479962 0.040157 0.020664
132 0.423604 0.523325 0.021548 0.020977
52 0.756856 0.399029 0.036729 0.020977
66 0.761019 0.654978 0.024486 0.021290
92 0.408178 0.351597 0.038688 0.021290
119 0.645690 0.778178 0.021058 0.021603
55 0.755142 0.376487 0.045054 0.021603
120 0.871939 0.505636 0.017140 0.021916
120 0.291136 0.233876 0.020078 0.021916
91 0.528893 0.455855 0.042116 0.021916
73 0.530118 0.210081 0.053379 0.021916
83 0.758325 0.252505 0.032811 0.022229
52 0.407933 0.379618 0.042116 0.022229
127 0.060970 0.566218 0.046523 0.022229
121 0.644221 0.682530 0.034770 0.022542
83 0.871450 0.908579 0.034770 0.022542
52 0.759794 0.464621 0.036729 0.022542
52 0.642752 0.149969 0.040646 0.022542
55 0.868022 0.616155 0.042605 0.022542
121 0.298237 0.685974 0.046033 0.022542
101 0.409158 0.259236 0.048482 0.022542
613 0.796523 0.353006 0.028893 0.022855
91 0.414300 0.877740 0.038198 0.022855
113 0.764691 0.562461 0.042605 0.022855
45 0.297013 0.353945 0.044564 0.022855
66 0.528159 0.549781 0.026934 0.023168
57 0.065377 0.279900 0.035749 0.023168
120 0.170176 0.166406 0.019099 0.023482
142 0.305583 0.862711 0.028404 0.023482
45 0.758325 0.360520 0.046523 0.023482
120 0.763222 0.864120 0.024976 0.023795
148 0.066112 0.190044 0.030362 0.023795
127 0.764202 0.677677 0.040646 0.024108
88 0.763957 0.701785 0.041136 0.024108
52 0.293830 0.570601 0.042116 0.024108
120 0.649608 0.706011 0.023996 0.024421
66 0.757591 0.305573 0.024486 0.024421
101 0.527179 0.184721 0.054358 0.024421
198 0.309745 0.882123 0.015181 0.024734
69 0.414300 0.468535 0.021548 0.024734
76 0.176298 0.403100 0.027424 0.024734
57 0.418217 0.594083 0.035260 0.024734
77 0.180215 0.631966 0.037218 0.024734
83 0.293095 0.447714 0.031832 0.025047
84 0.297747 0.784596 0.043095 0.025047
113 0.060725 0.543206 0.047013 0.025047
45 0.529383 0.288353 0.048972 0.025047
45 0.409403 0.287727 0.050930 0.025047
60 0.292116 0.171728 0.017140 0.025360
66 0.644711 0.658579 0.025955 0.025360
84 0.867532 0.303851 0.031832 0.025360
66 0.171890 0.280213 0.023506 0.025673
141 0.308766 0.816844 0.043585 0.025673
760 0.758570 0.226675 0.049951 0.025673
613 0.333497 0.350814 0.032321 0.025986
87 0.179236 0.818879 0.036239 0.025986
127 0.534280 0.574358 0.051910 0.025986
68 0.659158 0.420789 0.013712 0.026299
69 0.771303 0.540075 0.023506 0.026299
110 0.406219 0.194427 0.030852 0.026299
77 0.300930 0.626487 0.040646 0.026299
127 0.184133 0.787727 0.042116 0.026299
547 0.761998 0.278647 0.045054 0.026299
118 0.760529 0.422824 0.026445 0.026612
121 0.762733 0.840795 0.039667 0.026612
113 0.067826 0.801346 0.045544 0.026612
55 0.640304 0.125391 0.047502 0.026612
45 0.183643 0.733719 0.054848 0.026612
76 0.646180 0.502818 0.031832 0.026925
91 0.289912 0.294302 0.036239 0.026925
60 0.178257 0.557138 0.013712 0.027239
119 0.414300 0.779743 0.020568 0.027239
87 0.525465 0.239981 0.036239 0.027239
121 0.526445 0.700532 0.038198 0.027239
51 0.527179 0.431277 0.041626 0.027239
113 0.068805 0.885254 0.052400 0.027239
1300 0.444172 0.287727 0.025465 0.027552
93 0.649119 0.734189 0.035749 0.027552
113 0.643487 0.244208 0.041136 0.027552
51 0.643976 0.475579 0.042116 0.027552
55 0.295054 0.475266 0.043585 0.027552
85 0.402302 0.128835 0.023996 0.027865
85 0.062684 0.669224 0.024486 0.027865
85 0.168952 0.195836 0.025465 0.027865
83 0.526445 0.728084 0.028404 0.027865
278 0.867532 0.239668 0.033790 0.027865
547 0.648139 0.394020 0.052400 0.027865
127 0.082762 0.912962 0.068560 0.028178
126 0.758080 0.195836 0.033301 0.028491
253 0.867777 0.396212 0.047992 0.028491
1579 0.867777 0.536475 0.047992 0.028491
2489 0.755632 0.163275 0.051910 0.028491
111 0.298482 0.541014 0.027914 0.028804
291 0.575171 0.282405 0.036729 0.028804
107 0.645935 0.530683 0.038198 0.028804
113 0.410137 0.495304 0.040646 0.028804
118 0.643732 0.615686 0.023996 0.029117
87 0.523996 0.347057 0.034280 0.029117
72 0.052644 0.129775 0.049461 0.029117
113 0.296278 0.598936 0.047013 0.029430
547 0.869001 0.480276 0.049461 0.029430
81 0.872674 0.882123 0.034280 0.029743
113 0.408913 0.405604 0.041136 0.029743
600 0.412341 0.711490 0.053869 0.029743
118 0.525220 0.376644 0.018119 0.030056
87 0.528648 0.803381 0.031832 0.030056
87 0.064643 0.377583 0.037218 0.030056
126 0.643732 0.561678 0.038688 0.030056
68 0.760039 0.331090 0.043095 0.030369
1799 0.415524 0.907170 0.047502 0.030369
1036 0.645446 0.874922 0.059745 0.030369
53 0.063418 0.637445 0.018119 0.030683
58 0.402302 0.165780 0.028893 0.030996
110 0.869980 0.642924 0.029873 0.030996
77 0.871205 0.566218 0.036239 0.030996
87 0.289422 0.207264 0.030362 0.031309
51 0.062194 0.412962 0.041136 0.031309
55 0.298237 0.657796 0.046033 0.031309
118 0.645690 0.177051 0.017140 0.031622
118 0.869736 0.447871 0.018609 0.031622
69 0.649853 0.808234 0.024486 0.031622
74 0.180215 0.758766 0.028404 0.031622
118 0.185357 0.665466 0.032811 0.031622
981 0.408913 0.440044 0.042116 0.031622
702 0.643976 0.313870 0.046033 0.031622
126 0.290891 0.323732 0.033301 0.031935
127 0.178991 0.309017 0.049461 0.031935
90 0.526200 0.156544 0.052400 0.031935
111 0.290402 0.264715 0.026445 0.032248
107 0.173604 0.431747 0.035749 0.032561
126 0.302889 0.918284 0.038688 0.032561
68 0.289177 0.417032 0.018119 0.033187
74 0.292360 0.383845 0.027424 0.033187
118 0.530607 0.670163 0.026934 0.033500
981 0.762977 0.513306 0.046033 0.033500
600 0.868022 0.275047 0.050441 0.033500
3965 0.527669 0.634784 0.053379 0.033500
117 0.413320 0.749061 0.027424 0.034126
291 0.229677 0.726832 0.036239 0.034126
221 0.643487 0.910301 0.045054 0.034126
119 0.055338 0.512680 0.047992 0.034126
87 0.870960 0.848779 0.028893 0.034440
90 0.404750 0.229806 0.051420 0.034440
53 0.056072 0.161709 0.021058 0.034753
4741 0.878306 0.783344 0.054358 0.035066
981 0.524241 0.314496 0.048482 0.035379
118 0.178501 0.848779 0.029873 0.035692
119 0.063173 0.604258 0.033301 0.035692
121 0.298237 0.507044 0.033301 0.036005
51 0.174829 0.372730 0.038198 0.036005
126 0.174829 0.468848 0.040157 0.036005
1587 0.761263 0.806356 0.045544 0.036005
1267 0.754897 0.129461 0.047502 0.036005
1834 0.867777 0.744678 0.052889 0.036005
53 0.177032 0.699593 0.022037 0.036631
118 0.530118 0.854258 0.024976 0.036631
278 0.409403 0.676738 0.035260 0.036631
70 0.167973 0.136193 0.029383 0.036944
51 0.066846 0.728867 0.040646 0.037570
119 0.067826 0.766594 0.032811 0.038510
4063 0.059500 0.317783 0.061214 0.038823
2599 0.868266 0.203976 0.038198 0.039136
1193 0.529138 0.766594 0.047502 0.039136
2820 0.403526 0.319975 0.050930 0.039449
1365 0.286239 0.137445 0.057297 0.040075
2042 0.867532 0.336882 0.058276 0.040075
1396 0.179971 0.889793 0.058276 0.040075
47 0.649608 0.271133 0.041626 0.040701
119 0.061459 0.449123 0.035749 0.041014
2682 0.058031 0.244051 0.041626 0.041014
2599 0.411117 0.631653 0.042605 0.041014
4741 0.305093 0.744991 0.057786 0.041014
4741 0.420666 0.838291 0.060725 0.041014
4063 0.641773 0.357232 0.058276 0.041327
2820 0.409403 0.560895 0.053869 0.041641
1587 0.176298 0.598153 0.048972 0.042267
1581 0.764447 0.740764 0.047013 0.042580
1300 0.527179 0.509236 0.049461 0.044145
4116 0.866552 0.137445 0.049461 0.045711
1300 0.760774 0.615216 0.050441 0.046337
505 0.864104 0.702567 0.046523 0.046963
1300 0.168952 0.239981 0.056807 0.047276
119 0.065132 0.847683 0.041136 0.047902
2649 0.173849 0.518159 0.054848 0.048842
