92 0.617564 0.824691 0.024282 0.008025
56 0.425941 0.701389 0.012546 0.011420
92 0.519223 0.748920 0.029138 0.011420
101 0.418656 0.724228 0.052206 0.011420
92 0.149737 0.789352 0.030757 0.013889
101 0.423310 0.360031 0.051801 0.013889
56 0.330433 0.514815 0.010927 0.014815
101 0.329826 0.547685 0.064751 0.016358
56 0.149939 0.468519 0.012546 0.016667
297 0.147511 0.566512 0.049777 0.018827
55 0.523675 0.355556 0.050182 0.019136
101 0.521246 0.778704 0.051801 0.019136
60 0.613719 0.314198 0.036827 0.019753
120 0.614529 0.675617 0.021449 0.020370
101 0.243626 0.798302 0.059085 0.021296
88 0.519425 0.448765 0.044112 0.021605
861 0.335896 0.782099 0.052610 0.021605
108 0.518616 0.625309 0.014974 0.022222
2677 0.617564 0.843210 0.027519 0.022222
81 0.612505 0.545679 0.050587 0.022222
111 0.142048 0.877623 0.027519 0.023148
126 0.523472 0.685340 0.046540 0.023148
113 0.514367 0.561574 0.055848 0.023148
76 0.616147 0.346914 0.022258 0.023457
126 0.520639 0.320679 0.048968 0.023457
88 0.238770 0.682253 0.015378 0.023765
96 0.525496 0.835957 0.039255 0.025000
83 0.514974 0.526543 0.036018 0.025926
251 0.146297 0.603395 0.051396 0.025926
51 0.616350 0.771451 0.038041 0.026235
88 0.154796 0.533796 0.048968 0.026235
120 0.427357 0.744444 0.021044 0.026543
74 0.520842 0.652623 0.027519 0.026852
72 0.142452 0.761883 0.057467 0.026852
126 0.327600 0.484568 0.059490 0.027160
76 0.145690 0.728858 0.030757 0.027469
60 0.704573 0.839198 0.016188 0.027778
121 0.705382 0.697068 0.050182 0.028086
1083 0.244233 0.868519 0.036827 0.028395
117 0.240186 0.381327 0.014974 0.028704
88 0.426346 0.684877 0.043302 0.029012
302 0.336099 0.812963 0.048159 0.029012
1489 0.707811 0.570062 0.049373 0.029012
978 0.615743 0.467747 0.040874 0.029321
2983 0.616147 0.871605 0.034399 0.029630
95 0.421692 0.485494 0.038851 0.029630
750 0.149737 0.852778 0.058276 0.030247
60 0.519628 0.718827 0.018616 0.030864
978 0.422299 0.554938 0.039255 0.030864
68 0.704775 0.385340 0.006070 0.031173
87 0.153177 0.442438 0.037637 0.031173
4371 0.703561 0.805247 0.027115 0.031481
4286 0.705787 0.315123 0.047754 0.031481
3258 0.710643 0.873457 0.050992 0.031481
115 0.520437 0.419599 0.040469 0.031790
58 0.418859 0.516049 0.020235 0.032099
91 0.235937 0.604012 0.045326 0.032099
83 0.326386 0.573457 0.049777 0.032099
118 0.619385 0.800463 0.013355 0.032407
119 0.619790 0.605401 0.014974 0.032407
77 0.328410 0.284568 0.044112 0.032716
83 0.231485 0.346759 0.040469 0.033025
98 0.141643 0.412500 0.062323 0.033025
60 0.233306 0.415895 0.014974 0.033642
4429 0.701943 0.735031 0.053015 0.033642
70 0.611089 0.648765 0.041279 0.033951
88 0.146297 0.281790 0.046540 0.033951
68 0.329017 0.239969 0.066370 0.034259
2298 0.153177 0.818827 0.067584 0.034568
107 0.616350 0.570833 0.016188 0.034877
95 0.149737 0.695525 0.050992 0.034877
642 0.331242 0.747685 0.044112 0.035494
121 0.154796 0.506019 0.057062 0.036728
111 0.522461 0.384259 0.016188 0.037037
109 0.235937 0.454321 0.051801 0.037037
733 0.425334 0.324074 0.055038 0.037037
389 0.618778 0.509722 0.054229 0.037346
680 0.050587 0.387346 0.041279 0.037654
277 0.703359 0.361111 0.049373 0.038272
119 0.618373 0.376698 0.016188 0.038580
389 0.424322 0.596451 0.057062 0.038580
47 0.522865 0.862346 0.019425 0.038889
76 0.522461 0.804630 0.024282 0.038889
111 0.054229 0.340432 0.026710 0.039506
1562 0.616754 0.424074 0.048563 0.039506
3322 0.702954 0.764352 0.031566 0.039815
3254 0.422299 0.447222 0.052206 0.040123
58 0.519223 0.586883 0.028329 0.040432
69 0.244031 0.765432 0.032376 0.041358
1286 0.417442 0.638272 0.051396 0.041358
60 0.701335 0.423302 0.016188 0.041667
2983 0.237353 0.559877 0.040874 0.041975
2438 0.516795 0.486574 0.042088 0.042284
864 0.245245 0.830556 0.048563 0.042593
2987 0.241198 0.643364 0.063132 0.042901
107 0.238567 0.721605 0.019021 0.043210
1129 0.144071 0.647685 0.045326 0.043519
4447 0.701133 0.473302 0.047349 0.044136
108 0.327398 0.323920 0.064751 0.044753
92 0.700121 0.656790 0.017807 0.046296
4447 0.145488 0.367593 0.048968 0.048148
2193 0.327195 0.443364 0.065156 0.048457
68 0.160866 0.321605 0.007689 0.049383
2179 0.054634 0.293519 0.071226 0.049383
1316 0.336301 0.857562 0.059895 0.049691
2438 0.330838 0.622840 0.050587 0.050000
68 0.707608 0.518056 0.006070 0.050309
68 0.425132 0.387809 0.007689 0.052160
3984 0.696277 0.615895 0.041684 0.054630
68 0.235330 0.503858 0.006880 0.055247
296 0.615540 0.722994 0.038041 0.060802
68 0.237556 0.296142 0.013760 0.061420
296 0.336301 0.686883 0.035613 0.073765
