246 0.616808 0.782760 0.047704 0.010104
92 0.853099 0.765393 0.039679 0.012630
92 0.539233 0.464320 0.039679 0.013578
56 0.693714 0.443006 0.016050 0.016419
68 0.540794 0.836123 0.043691 0.017682
56 0.464333 0.486422 0.043246 0.019893
56 0.690816 0.549732 0.044137 0.020840
52 0.771511 0.740133 0.043246 0.022103
76 0.692822 0.567256 0.028533 0.022419
259 0.613687 0.535680 0.073562 0.022419
88 0.858003 0.861699 0.028979 0.023366
87 0.855328 0.361699 0.045921 0.023682
72 0.459429 0.178087 0.050379 0.023997
1406 0.468346 0.454373 0.036112 0.025260
89 0.850869 0.452163 0.058404 0.025260
88 0.767276 0.345595 0.029425 0.026839
110 0.543246 0.344964 0.030762 0.026839
87 0.700624 0.702716 0.048596 0.026839
85 0.697726 0.636722 0.015158 0.027471
60 0.691039 0.465425 0.024075 0.027787
88 0.545029 0.808652 0.029871 0.027787
91 0.466340 0.424692 0.047258 0.027787
115 0.542354 0.860278 0.034329 0.028102
87 0.787784 0.905115 0.042800 0.028102
85 0.778645 0.707610 0.016496 0.028418
107 0.467008 0.578465 0.019171 0.028418
1002 0.376951 0.271866 0.063754 0.028418
1214 0.778645 0.678087 0.048596 0.028734
92 0.537896 0.252289 0.021846 0.029050
698 0.704414 0.801547 0.032992 0.029365
254 0.470798 0.308020 0.040125 0.029365
98 0.682345 0.420745 0.064646 0.029365
76 0.465671 0.510894 0.026304 0.029681
2203 0.857557 0.802337 0.046812 0.029681
91 0.380517 0.306284 0.048596 0.029681
70 0.682791 0.177139 0.056621 0.029681
119 0.616808 0.717240 0.027196 0.029997
91 0.613241 0.567256 0.053054 0.029997
117 0.537896 0.178402 0.022737 0.030313
92 0.544583 0.563467 0.021846 0.031260
66 0.845296 0.174140 0.028533 0.031260
61 0.688141 0.207925 0.034329 0.031260
88 0.619483 0.416640 0.036112 0.031260
379 0.381855 0.350647 0.038787 0.031260
1834 0.771066 0.595674 0.052162 0.031260
55 0.778199 0.841175 0.047704 0.031576
111 0.844628 0.215346 0.053054 0.031576
88 0.465671 0.544995 0.037896 0.032207
113 0.536781 0.593622 0.060633 0.032207
3687 0.698618 0.769656 0.060633 0.032523
330 0.618368 0.457215 0.041016 0.032839
111 0.547481 0.489896 0.022292 0.033154
83 0.608114 0.747869 0.036558 0.033154
741 0.766384 0.426113 0.038342 0.033154
99 0.465225 0.728292 0.057512 0.033154
675 0.535221 0.771708 0.057512 0.033470
119 0.696612 0.733344 0.028087 0.033786
87 0.383415 0.182981 0.038342 0.033786
4440 0.858449 0.642090 0.050379 0.033786
60 0.619483 0.325703 0.025412 0.034417
119 0.697726 0.668930 0.031208 0.034417
88 0.616585 0.640827 0.032992 0.034417
120 0.774855 0.797284 0.044583 0.035365
101 0.772626 0.773287 0.058850 0.035365
2173 0.763486 0.260499 0.064646 0.035365
85 0.857557 0.684402 0.015604 0.035680
83 0.533437 0.693874 0.045921 0.035680
1435 0.459206 0.351910 0.063308 0.035680
272 0.758582 0.176981 0.063754 0.035680
74 0.465448 0.655984 0.024075 0.036312
718 0.544806 0.735870 0.032992 0.036312
2255 0.622381 0.828071 0.067766 0.036312
83 0.455417 0.267130 0.038787 0.036628
107 0.615025 0.228292 0.028087 0.037259
60 0.846634 0.327597 0.024075 0.037575
51 0.767276 0.466530 0.049933 0.037575
83 0.540794 0.526366 0.032992 0.037891
83 0.612795 0.497790 0.037896 0.038207
95 0.466563 0.693559 0.048596 0.038207
3854 0.473250 0.389485 0.053946 0.038207
272 0.851761 0.556205 0.067321 0.038207
613 0.775078 0.643038 0.054837 0.038838
119 0.775970 0.507105 0.027196 0.039154
110 0.465894 0.852226 0.032100 0.039154
119 0.537896 0.213451 0.034329 0.039154
111 0.684128 0.380486 0.050379 0.039154
60 0.700401 0.894853 0.026750 0.039785
78 0.693045 0.600410 0.027196 0.040101
68 0.473473 0.889801 0.011592 0.040417
121 0.685466 0.245658 0.027196 0.040417
76 0.462550 0.812283 0.028087 0.040733
1876 0.611458 0.681560 0.038787 0.041364
127 0.782880 0.870856 0.041908 0.041680
68 0.471690 0.763972 0.008917 0.041996
84 0.466117 0.613988 0.035221 0.041996
1480 0.691930 0.332333 0.050825 0.041996
577 0.854882 0.601831 0.039679 0.042311
83 0.677441 0.287338 0.047704 0.042311
81 0.613910 0.185980 0.049933 0.042311
83 0.538342 0.380171 0.037896 0.042943
577 0.765716 0.304389 0.043246 0.042943
249 0.615470 0.375118 0.057512 0.042943
1396 0.758136 0.223082 0.042354 0.043259
1306 0.694605 0.847648 0.064200 0.043259
1575 0.846188 0.834070 0.044583 0.043890
4440 0.771066 0.383960 0.053946 0.044206
2598 0.857111 0.730186 0.020954 0.045785
81 0.540348 0.897537 0.040125 0.045785
1396 0.541908 0.428797 0.053054 0.046100
83 0.857111 0.897221 0.044137 0.047048
4528 0.617700 0.277392 0.032546 0.047679
58 0.388319 0.224345 0.033883 0.048311
1831 0.629068 0.886801 0.053500 0.048311
4532 0.693045 0.509631 0.056621 0.048626
68 0.775747 0.552889 0.012483 0.051153
316 0.620820 0.604989 0.082479 0.051153
1602 0.852207 0.496053 0.053054 0.051784
68 0.849532 0.403852 0.004904 0.054942
68 0.460990 0.221029 0.015158 0.054942
69 0.547704 0.296337 0.020062 0.058415
68 0.847971 0.267446 0.008917 0.068203
68 0.547258 0.649037 0.009362 0.076729
119 0.379848 0.411115 0.043691 0.087149
