128 0.466952 0.678750 0.009247 0.008409
56 0.818493 0.451364 0.011644 0.016364
56 0.953253 0.243864 0.013356 0.016364
57 0.470890 0.273636 0.034932 0.016818
56 0.468151 0.812500 0.013699 0.019091
56 0.884760 0.399545 0.015411 0.019091
64 0.321404 0.303977 0.015411 0.019318
64 0.600000 0.328068 0.019863 0.019318
52 0.397089 0.305795 0.038699 0.020227
110 0.884760 0.278864 0.031849 0.020455
56 0.955479 0.312841 0.012329 0.020682
64 0.814897 0.306932 0.016096 0.020682
113 0.608733 0.594659 0.053767 0.020682
56 0.948459 0.766136 0.012671 0.020909
81 0.463356 0.738182 0.039041 0.020909
113 0.884932 0.336250 0.056849 0.021136
57 0.539726 0.608068 0.030822 0.021591
52 0.323630 0.412500 0.039041 0.021818
66 0.532192 0.403409 0.023288 0.022273
64 0.741610 0.213068 0.020890 0.022500
67 0.674829 0.339432 0.038699 0.022500
67 0.340240 0.467045 0.032534 0.022727
52 0.526370 0.347955 0.033562 0.022727
110 0.460959 0.457955 0.030137 0.023182
67 0.404452 0.372500 0.030822 0.023182
68 0.608219 0.429773 0.043151 0.023182
64 0.255651 0.307386 0.015411 0.023864
60 0.464384 0.760795 0.025342 0.023864
120 0.465240 0.785000 0.016096 0.024091
68 0.881507 0.312727 0.031507 0.024091
115 0.255651 0.246250 0.043493 0.024773
117 0.257534 0.523182 0.014384 0.025000
118 0.959075 0.918864 0.016096 0.025000
87 0.462329 0.211136 0.032877 0.025000
68 0.954110 0.896818 0.043836 0.025455
57 0.893836 0.728750 0.028082 0.025682
57 0.752911 0.863068 0.034589 0.026136
56 0.743836 0.309545 0.013699 0.026364
60 0.743493 0.629545 0.023973 0.026364
57 0.616096 0.668636 0.036986 0.026364
68 0.531678 0.516364 0.039384 0.026364
66 0.883562 0.595568 0.018493 0.026591
60 0.952740 0.508182 0.030822 0.026818
87 0.189555 0.243636 0.032534 0.026818
126 0.748801 0.377955 0.050342 0.026818
66 0.529281 0.209659 0.025685 0.027045
88 0.188699 0.466023 0.041781 0.027500
98 0.952226 0.211477 0.050342 0.027500
110 0.609589 0.486250 0.028082 0.028409
83 0.881678 0.808750 0.035959 0.028409
68 0.746575 0.754886 0.037671 0.028409
52 0.666610 0.280795 0.038699 0.028409
117 0.955822 0.831591 0.010274 0.028636
81 0.743151 0.601818 0.033562 0.028636
68 0.460788 0.400000 0.040068 0.028636
126 0.958562 0.736250 0.047260 0.028864
115 0.880993 0.699205 0.040753 0.029318
118 0.471404 0.837045 0.011986 0.029545
104 0.460788 0.336364 0.043493 0.029545
118 0.462500 0.429432 0.016781 0.029773
119 0.531849 0.377159 0.018493 0.029773
418 0.746747 0.701591 0.016781 0.030000
118 0.613870 0.456705 0.020205 0.030227
88 0.948801 0.610795 0.032534 0.030227
117 0.403425 0.461364 0.016438 0.030455
74 0.467979 0.577159 0.016096 0.030682
117 0.893836 0.883295 0.021233 0.030682
117 0.340068 0.547955 0.013699 0.030909
720 0.814212 0.483864 0.035274 0.030909
126 0.959589 0.377045 0.044521 0.030909
83 0.944692 0.570682 0.029795 0.031364
88 0.881336 0.478636 0.043493 0.031364
113 0.532021 0.545455 0.061986 0.031364
2677 0.186644 0.354091 0.031507 0.031818
53 0.537500 0.579886 0.017466 0.032045
71 0.685959 0.516136 0.041781 0.032273
119 0.333048 0.441250 0.020205 0.032500
111 0.677397 0.647159 0.027397 0.032500
111 0.823801 0.376818 0.018836 0.032727
83 0.187500 0.531364 0.027740 0.032727
60 0.742466 0.570795 0.019863 0.032955
123 0.955137 0.341591 0.017123 0.033182
113 0.746918 0.785909 0.057534 0.033182
118 0.524658 0.281136 0.015068 0.033636
111 0.331164 0.378182 0.019863 0.033636
4574 0.322432 0.215227 0.045548 0.033636
4590 0.394349 0.215909 0.057877 0.033636
119 0.949658 0.540227 0.016438 0.034091
78 0.745548 0.246591 0.028082 0.034091
119 0.670034 0.312500 0.017466 0.034545
718 0.880308 0.557955 0.031849 0.034545
81 0.954281 0.476136 0.040753 0.034545
88 0.196233 0.662955 0.045890 0.034545
123 0.530137 0.246705 0.015068 0.034773
53 0.190068 0.210341 0.019178 0.034773
83 0.672774 0.613295 0.038699 0.034773
54 0.950685 0.645909 0.038356 0.035000
577 0.818322 0.520909 0.048973 0.035000
91 0.463014 0.610341 0.042466 0.035227
123 0.741610 0.340682 0.020205 0.035455
68 0.607363 0.566250 0.006507 0.035682
68 0.470890 0.869659 0.008904 0.035682
53 0.745377 0.500568 0.020205 0.035682
71 0.533733 0.643295 0.041438 0.035682
4135 0.466267 0.903068 0.055822 0.035682
4577 0.597945 0.212045 0.056164 0.035909
60 0.955651 0.864432 0.020890 0.036136
4629 0.597774 0.255682 0.048288 0.036364
83 0.878767 0.513636 0.021918 0.036818
111 0.466781 0.705455 0.023973 0.036818
81 0.877911 0.627500 0.051712 0.036818
113 0.188185 0.388636 0.053082 0.036818
71 0.611986 0.700795 0.050000 0.037500
111 0.608733 0.397045 0.016781 0.037727
81 0.456507 0.301364 0.045890 0.037727
121 0.817123 0.341364 0.045890 0.037727
718 0.462842 0.536477 0.037329 0.037955
111 0.892979 0.842955 0.022260 0.038182
84 0.677397 0.479545 0.054795 0.038182
85 0.882705 0.660568 0.015411 0.038409
4132 0.259247 0.490000 0.044521 0.038636
70 0.742295 0.534659 0.039384 0.038864
107 0.462500 0.243977 0.018151 0.039318
51 0.258219 0.213977 0.042466 0.039318
121 0.600000 0.362727 0.044521 0.039545
98 0.819007 0.423182 0.053767 0.039545
58 0.885959 0.761705 0.020548 0.039773
71 0.753082 0.896250 0.043151 0.039773
53 0.882877 0.368295 0.012329 0.040227
62 0.952568 0.796932 0.033904 0.040227
117 0.193664 0.744659 0.018836 0.041136
119 0.748973 0.665341 0.020548 0.042045
59 0.752226 0.463864 0.041438 0.042273
53 0.751027 0.824091 0.010274 0.042727
83 0.460788 0.491477 0.024315 0.042955
111 0.259589 0.384545 0.021233 0.043182
59 0.196747 0.273864 0.044863 0.043182
4371 0.195890 0.573068 0.032192 0.043409
121 0.252568 0.341250 0.044178 0.043409
83 0.606849 0.522500 0.021918 0.043636
4584 0.820205 0.222955 0.064384 0.044091
119 0.400000 0.338409 0.019178 0.044545
58 0.189726 0.429659 0.026027 0.044773
53 0.605993 0.628182 0.016096 0.045909
76 0.672432 0.436136 0.029110 0.047273
70 0.883048 0.438409 0.035274 0.047273
121 0.324658 0.337500 0.046575 0.047273
115 0.945205 0.694318 0.037671 0.048182
70 0.191610 0.620682 0.041438 0.048182
83 0.196233 0.697614 0.026027 0.048864
92 0.746062 0.417500 0.039384 0.050000
68 0.201199 0.505909 0.005822 0.051818
2429 0.259418 0.433864 0.042808 0.053182
62 0.338014 0.505455 0.037671 0.053636
1354 0.955993 0.425227 0.042808 0.055000
62 0.536301 0.442386 0.040411 0.055227
62 0.671062 0.379318 0.038014 0.056818
107 0.466267 0.643750 0.020890 0.057955
62 0.402911 0.413636 0.039384 0.058636
68 0.255479 0.566250 0.007534 0.061136
88 0.675685 0.561591 0.013699 0.061818
68 0.403596 0.508523 0.006507 0.062045
68 0.889726 0.895000 0.045205 0.062727
68 0.196062 0.800227 0.007877 0.069545
68 0.341952 0.601932 0.009247 0.076591
