207 0.500580 0.241137 0.008114 0.006035
207 0.502705 0.394896 0.008501 0.007292
92 0.541345 0.319210 0.024730 0.008801
207 0.141229 0.258361 0.016615 0.009303
207 0.818972 0.672995 0.018161 0.009303
207 0.616306 0.415891 0.016229 0.009555
207 0.682187 0.888861 0.017388 0.009555
56 0.609158 0.206563 0.014297 0.009806
152 0.838485 0.854790 0.015456 0.009806
207 0.275889 0.245285 0.017774 0.009806
207 0.280332 0.766658 0.016615 0.010058
207 0.744204 0.558335 0.017002 0.010309
207 0.350657 0.494971 0.017388 0.010309
207 0.280139 0.541489 0.019320 0.010309
92 0.207496 0.550038 0.026275 0.010309
207 0.749807 0.847624 0.018161 0.010561
91 0.328439 0.320091 0.025502 0.010561
92 0.544049 0.272567 0.027821 0.010561
207 0.346406 0.743777 0.017388 0.011064
207 0.206337 0.439024 0.017774 0.011064
207 0.209235 0.703420 0.018161 0.011315
207 0.680641 0.432613 0.021252 0.011315
207 0.747875 0.249434 0.017388 0.011567
64 0.682187 0.710586 0.019706 0.011567
120 0.482612 0.690470 0.016229 0.012069
64 0.813369 0.507921 0.019320 0.012069
57 0.149730 0.529796 0.023570 0.012069
81 0.361476 0.379306 0.023570 0.012321
52 0.812210 0.211592 0.034776 0.012321
207 0.814529 0.454865 0.018547 0.012572
56 0.275696 0.560976 0.037481 0.012572
287 0.209235 0.810158 0.042890 0.012572
207 0.681221 0.655142 0.019320 0.012824
65 0.616306 0.489942 0.026275 0.012824
56 0.142968 0.834423 0.035549 0.012824
65 0.613022 0.247171 0.022798 0.013075
64 0.476430 0.322354 0.015456 0.013578
64 0.278787 0.826502 0.022025 0.013578
120 0.478941 0.598567 0.018934 0.013830
66 0.548686 0.867740 0.015456 0.014081
64 0.810665 0.251949 0.020093 0.014081
72 0.744397 0.575559 0.025889 0.014081
65 0.817620 0.690470 0.026275 0.014081
56 0.681801 0.672618 0.034389 0.014081
1006 0.544243 0.671863 0.036708 0.014081
88 0.139104 0.207317 0.011592 0.014332
91 0.544629 0.600075 0.032071 0.014332
56 0.210008 0.457506 0.033617 0.014332
251 0.412094 0.601081 0.035162 0.014332
85 0.823416 0.794569 0.016229 0.014584
72 0.612249 0.432738 0.027434 0.014584
56 0.748068 0.865225 0.033230 0.014584
120 0.144127 0.676766 0.017002 0.014835
83 0.135626 0.222152 0.027821 0.014835
297 0.072643 0.342092 0.037094 0.014835
85 0.613988 0.289917 0.013138 0.015087
56 0.742272 0.333920 0.013910 0.015087
88 0.270672 0.208700 0.015070 0.015087
64 0.680641 0.482525 0.020479 0.015087
88 0.815495 0.636032 0.012751 0.015338
85 0.344088 0.618180 0.015842 0.015338
300 0.141036 0.819085 0.025502 0.015338
88 0.547720 0.828891 0.030526 0.015338
85 0.614567 0.845109 0.013524 0.015590
126 0.552164 0.849133 0.031685 0.015590
65 0.750386 0.268293 0.032457 0.015590
861 0.275116 0.460900 0.032457 0.015590
72 0.544822 0.229444 0.030139 0.015841
91 0.544436 0.789414 0.030139 0.015841
72 0.674845 0.449711 0.030526 0.015841
53 0.138331 0.860950 0.013910 0.016093
88 0.745750 0.519236 0.017774 0.016093
91 0.205564 0.860196 0.034003 0.016093
88 0.611669 0.691853 0.013138 0.016344
85 0.681994 0.526150 0.014683 0.016344
88 0.143354 0.709454 0.020093 0.016344
88 0.674266 0.393638 0.020866 0.016344
300 0.344281 0.839200 0.020866 0.016344
3289 0.144513 0.692356 0.031685 0.016344
85 0.277241 0.648227 0.013524 0.016595
83 0.141422 0.805884 0.032457 0.016595
721 0.616692 0.887101 0.032457 0.016595
91 0.676005 0.322354 0.036708 0.016595
287 0.479907 0.384964 0.037867 0.016595
54 0.411515 0.742394 0.012365 0.016847
88 0.340804 0.454237 0.015456 0.016847
88 0.205178 0.648604 0.015456 0.016847
65 0.750966 0.631003 0.025116 0.016847
52 0.274150 0.328011 0.028980 0.016847
127 0.681994 0.466306 0.034776 0.016847
85 0.812403 0.548655 0.013524 0.017098
85 0.413060 0.451094 0.015456 0.017098
117 0.411708 0.369877 0.018161 0.017098
300 0.275502 0.665326 0.023957 0.017098
91 0.541731 0.654765 0.029366 0.017098
85 0.280332 0.842721 0.015842 0.017350
85 0.747295 0.368745 0.019320 0.017350
300 0.679289 0.269927 0.026275 0.017350
300 0.279366 0.860070 0.029366 0.017350
2595 0.681414 0.812044 0.030526 0.017350
91 0.071870 0.324994 0.032457 0.017350
56 0.208849 0.209580 0.032844 0.017350
251 0.543663 0.428589 0.034776 0.017350
85 0.749614 0.675383 0.013910 0.017601
91 0.478941 0.839075 0.029753 0.017601
88 0.342736 0.705431 0.017002 0.017853
300 0.143547 0.587252 0.027434 0.017853
72 0.741692 0.349133 0.029753 0.017853
85 0.278787 0.345989 0.015070 0.018104
88 0.272604 0.503395 0.018934 0.018104
52 0.479134 0.250691 0.032457 0.018104
56 0.341577 0.212975 0.037094 0.018104
53 0.359351 0.363716 0.010046 0.018356
85 0.345634 0.821599 0.014297 0.018356
88 0.739954 0.211340 0.015456 0.018356
76 0.615533 0.786900 0.018547 0.018356
81 0.410355 0.390873 0.033230 0.018356
52 0.813563 0.470078 0.037481 0.018356
287 0.146832 0.390873 0.047141 0.018356
126 0.361476 0.344984 0.021252 0.018607
300 0.140842 0.241891 0.023570 0.018607
83 0.479134 0.757103 0.025502 0.018607
83 0.549459 0.736988 0.027821 0.018607
259 0.477975 0.430978 0.037867 0.018607
3731 0.612635 0.327634 0.042117 0.018607
93 0.278594 0.309907 0.023184 0.018858
300 0.278207 0.363465 0.023184 0.018858
300 0.613601 0.308147 0.023957 0.018858
83 0.473338 0.231959 0.027048 0.018858
77 0.749034 0.612899 0.028980 0.018858
76 0.817620 0.732336 0.032457 0.018858
85 0.142968 0.566759 0.018547 0.019110
93 0.684699 0.728690 0.018547 0.019110
60 0.343702 0.761629 0.026662 0.019110
83 0.206144 0.398290 0.029753 0.019110
83 0.204985 0.666834 0.030526 0.019110
300 0.749034 0.693990 0.032844 0.019110
126 0.484158 0.887101 0.034003 0.019110
2151 0.411128 0.498868 0.034776 0.019110
683 0.143740 0.607996 0.034776 0.019110
88 0.142002 0.789791 0.035935 0.019110
85 0.613408 0.534197 0.014297 0.019361
253 0.749614 0.715238 0.026275 0.019361
300 0.345247 0.635781 0.029753 0.019361
88 0.684312 0.857556 0.034003 0.019361
99 0.279946 0.784637 0.036708 0.019361
53 0.140456 0.346241 0.012751 0.019613
76 0.477975 0.581594 0.016229 0.019613
1575 0.205564 0.842092 0.019320 0.019613
252 0.744590 0.410611 0.028594 0.019613
83 0.412674 0.410862 0.031685 0.019613
62 0.816267 0.711089 0.032844 0.019613
88 0.548300 0.503897 0.034776 0.019613
83 0.813949 0.656022 0.035162 0.019613
88 0.414413 0.702037 0.035162 0.019613
83 0.748068 0.833040 0.036321 0.019613
57 0.143740 0.301484 0.037867 0.019613
53 0.070325 0.280236 0.012365 0.019864
300 0.681028 0.544506 0.028980 0.019864
300 0.815301 0.567387 0.029366 0.019864
88 0.683153 0.618180 0.030139 0.019864
83 0.547913 0.549283 0.030912 0.019864
67 0.279946 0.603847 0.032071 0.019864
88 0.074575 0.446191 0.038640 0.019864
1594 0.812017 0.181670 0.045209 0.019864
88 0.613794 0.373648 0.014297 0.020116
108 0.208849 0.743525 0.014297 0.020116
53 0.205757 0.504903 0.015070 0.020116
76 0.413253 0.328137 0.019706 0.020116
88 0.205757 0.377420 0.019706 0.020116
120 0.343895 0.781494 0.023184 0.020116
83 0.141229 0.491577 0.025889 0.020116
88 0.276468 0.734725 0.030526 0.020116
98 0.207110 0.721147 0.030912 0.020116
88 0.616113 0.625346 0.032844 0.020116
1396 0.817813 0.887855 0.037481 0.020116
757 0.412094 0.556450 0.038253 0.020116
83 0.480680 0.534448 0.026275 0.020367
300 0.207110 0.685064 0.027821 0.020367
127 0.750000 0.593035 0.037094 0.020367
356 0.410742 0.314433 0.041731 0.020367
87 0.476816 0.673875 0.027048 0.020619
300 0.613022 0.554438 0.028207 0.020619
1585 0.412674 0.617299 0.030912 0.020619
88 0.747682 0.813679 0.031685 0.020619
126 0.618238 0.807393 0.032457 0.020619
2203 0.210974 0.338698 0.037094 0.020619
1646 0.618045 0.604224 0.043663 0.020619
300 0.746136 0.388107 0.028594 0.020870
88 0.413253 0.289540 0.029753 0.020870
110 0.550425 0.885215 0.031298 0.020870
2616 0.142195 0.444933 0.037867 0.020870
119 0.072450 0.258989 0.015070 0.021121
83 0.342929 0.724918 0.033617 0.021121
95 0.411901 0.255972 0.034776 0.021121
83 0.270672 0.227056 0.035162 0.021121
83 0.278594 0.752577 0.035549 0.021121
3211 0.280139 0.686950 0.043277 0.021121
118 0.146059 0.546266 0.015456 0.021373
118 0.150889 0.850013 0.018934 0.021373
3735 0.411321 0.723032 0.029753 0.021373
79 0.144900 0.512824 0.036321 0.021373
90 0.814915 0.490194 0.040185 0.021373
3945 0.820518 0.868117 0.044436 0.021373
93 0.616306 0.472467 0.026275 0.021624
88 0.813176 0.432990 0.032071 0.021624
126 0.820518 0.753583 0.037481 0.021624
119 0.413640 0.349384 0.015070 0.021876
83 0.741113 0.231707 0.021638 0.021876
83 0.743624 0.539728 0.029753 0.021876
67 0.343702 0.259115 0.032071 0.021876
62 0.746909 0.289540 0.035549 0.021876
2203 0.681801 0.598064 0.036708 0.021876
769 0.075155 0.360950 0.039026 0.021876
119 0.275309 0.289163 0.015842 0.022127
300 0.207303 0.418154 0.025889 0.022127
83 0.681414 0.638169 0.029753 0.022127
83 0.676198 0.413125 0.035549 0.022127
2203 0.207303 0.827005 0.037481 0.022127
870 0.276468 0.414886 0.038253 0.022127
2489 0.479521 0.710837 0.040185 0.022127
68 0.825155 0.775836 0.008114 0.022379
85 0.680255 0.249811 0.021252 0.022379
118 0.755603 0.883958 0.022025 0.022379
87 0.684892 0.691853 0.023570 0.022379
83 0.614567 0.711466 0.027434 0.022379
98 0.274150 0.266658 0.032844 0.022379
268 0.545981 0.808775 0.033230 0.022379
127 0.616692 0.451471 0.040185 0.022379
1942 0.341577 0.178904 0.044822 0.022379
1575 0.812983 0.385969 0.019320 0.022630
58 0.476816 0.340709 0.023184 0.022630
1575 0.678130 0.794569 0.026275 0.022630
4164 0.745943 0.790546 0.029753 0.022630
92 0.676971 0.212723 0.031685 0.022630
87 0.608964 0.228061 0.031685 0.022630
1575 0.206530 0.357933 0.024343 0.022882
721 0.814335 0.845487 0.035162 0.022882
364 0.746716 0.767538 0.038253 0.022882
53 0.205564 0.765401 0.014683 0.023133
58 0.809699 0.526779 0.025116 0.023133
503 0.814142 0.409605 0.026275 0.023133
53 0.207496 0.254086 0.012365 0.023384
70 0.142968 0.656148 0.019320 0.023384
118 0.208655 0.230199 0.021638 0.023384
70 0.141036 0.880689 0.021638 0.023384
87 0.812983 0.231707 0.029366 0.023384
509 0.613215 0.675509 0.032457 0.023384
1157 0.541538 0.449208 0.033617 0.023384
83 0.682573 0.874654 0.033617 0.023384
2203 0.681221 0.776339 0.034003 0.023384
553 0.548879 0.529419 0.039799 0.023384
119 0.280332 0.807644 0.015070 0.023636
119 0.415572 0.787277 0.016615 0.023636
70 0.207689 0.791803 0.019706 0.023636
58 0.611283 0.510435 0.027821 0.023636
87 0.743238 0.312799 0.029753 0.023636
509 0.815108 0.620065 0.032844 0.023636
509 0.209428 0.628112 0.034003 0.023636
2203 0.812983 0.365099 0.034776 0.023636
685 0.276662 0.439276 0.035549 0.023636
721 0.411708 0.431732 0.037481 0.023636
870 0.276662 0.480764 0.041731 0.023636
76 0.412867 0.763264 0.029753 0.023887
868 0.412287 0.640307 0.032457 0.023887
2768 0.209042 0.157531 0.040958 0.023887
68 0.621329 0.830274 0.006955 0.024139
68 0.478941 0.364345 0.007342 0.024139
59 0.347759 0.570531 0.030912 0.024139
79 0.143161 0.280614 0.031298 0.024139
985 0.410162 0.232839 0.036708 0.024139
28 0.813369 0.304752 0.040958 0.024139
3806 0.415379 0.520744 0.041731 0.024139
3945 0.347759 0.861705 0.041731 0.024139
83 0.611090 0.396153 0.034389 0.024390
2853 0.360317 0.323234 0.035935 0.024390
401 0.744590 0.471587 0.038640 0.024390
68 0.152048 0.467941 0.011978 0.024642
119 0.346213 0.804375 0.018547 0.024642
107 0.342736 0.519236 0.019320 0.024642
2627 0.617079 0.648479 0.030912 0.024642
83 0.274730 0.523762 0.036321 0.024642
870 0.613408 0.351018 0.042890 0.024642
68 0.685665 0.232713 0.011978 0.024893
118 0.142968 0.322731 0.015456 0.024893
287 0.333849 0.368745 0.022411 0.024893
1396 0.353555 0.884209 0.046368 0.024893
68 0.423107 0.268293 0.012365 0.025145
111 0.481260 0.511441 0.014297 0.025145
2621 0.617465 0.865728 0.023957 0.025145
1880 0.478941 0.734222 0.024343 0.025145
58 0.678516 0.503646 0.025502 0.025145
83 0.344088 0.475484 0.034389 0.025145
104 0.277048 0.626603 0.034776 0.025145
28 0.346793 0.399547 0.039799 0.025145
60 0.542890 0.689590 0.013138 0.025396
70 0.075927 0.506538 0.025889 0.025396
95 0.344088 0.544506 0.034389 0.025396
126 0.482226 0.299849 0.034776 0.025396
58 0.745750 0.652502 0.023957 0.025647
28 0.210394 0.311541 0.040572 0.025647
126 0.483964 0.485165 0.034389 0.025899
2249 0.676971 0.345109 0.037094 0.025899
118 0.278594 0.580588 0.019320 0.026150
70 0.070518 0.233845 0.021252 0.026150
506 0.328632 0.345235 0.021252 0.026150
58 0.808153 0.276339 0.025116 0.026150
126 0.545209 0.402816 0.028594 0.026150
4038 0.482419 0.407091 0.032844 0.026150
268 0.278787 0.387729 0.034389 0.026150
1396 0.614567 0.738245 0.036708 0.026150
2351 0.411901 0.579583 0.037867 0.026150
4070 0.340997 0.154891 0.042890 0.026150
58 0.608578 0.268670 0.024730 0.026402
70 0.071870 0.302112 0.034776 0.026402
2846 0.810858 0.157279 0.042117 0.026402
1126 0.614567 0.765401 0.032071 0.026653
2627 0.214065 0.600704 0.034776 0.026653
1080 0.476236 0.784511 0.039026 0.026653
2056 0.476816 0.863088 0.035549 0.026905
2627 0.812403 0.592029 0.042890 0.026905
70 0.208655 0.528791 0.023184 0.027156
1880 0.075927 0.386975 0.026662 0.027156
118 0.212906 0.478627 0.019320 0.027408
1921 0.344861 0.660422 0.041345 0.027408
90 0.345440 0.596555 0.042504 0.027408
4124 0.205371 0.882952 0.043663 0.027408
567 0.480100 0.559970 0.035162 0.027659
2853 0.143354 0.632386 0.040958 0.027659
90 0.479134 0.273070 0.042504 0.027659
389 0.480487 0.626100 0.043663 0.027659
70 0.410162 0.473975 0.033617 0.028162
322 0.619011 0.579583 0.038640 0.028162
349 0.413447 0.667086 0.037094 0.028665
3298 0.683346 0.835303 0.041345 0.028665
564 0.477589 0.654136 0.036321 0.028916
68 0.549459 0.252200 0.007728 0.029168
313 0.814529 0.336937 0.034003 0.029168
567 0.545788 0.715615 0.036708 0.029168
870 0.345054 0.685316 0.037094 0.029419
104 0.344281 0.285014 0.039413 0.029419
1396 0.279753 0.711214 0.040958 0.029419
118 0.345054 0.234347 0.023957 0.029671
70 0.140649 0.367362 0.032457 0.029671
1831 0.207110 0.572165 0.031685 0.029922
3999 0.677357 0.371763 0.040185 0.029922
4089 0.681414 0.570279 0.034389 0.030173
1047 0.479907 0.814936 0.039413 0.030173
1824 0.541151 0.294820 0.034389 0.030425
1676 0.547527 0.765150 0.034776 0.030676
70 0.208849 0.281619 0.037481 0.030676
2379 0.746716 0.498491 0.042117 0.030928
4182 0.481066 0.456248 0.040185 0.031431
313 0.342736 0.429721 0.034776 0.031682
1126 0.142774 0.765401 0.039026 0.031682
4164 0.749227 0.739879 0.038640 0.031934
2955 0.543663 0.343098 0.037094 0.032437
4646 0.548686 0.574805 0.028594 0.032688
2621 0.819745 0.819336 0.028207 0.032939
4030 0.143161 0.734976 0.038253 0.033191
68 0.676584 0.748554 0.011592 0.033694
998 0.676391 0.296077 0.038253 0.033945
2468 0.071677 0.418657 0.027434 0.034197
1787 0.545788 0.478376 0.027434 0.034448
322 0.140070 0.419789 0.034389 0.034448
2896 0.545595 0.376540 0.039413 0.035454
4164 0.748068 0.438773 0.039413 0.036208
2616 0.074382 0.474604 0.040572 0.036963
3748 0.547141 0.626854 0.036321 0.038220
