246 0.690122 0.197745 0.045864 0.005827
246 0.627597 0.665569 0.041552 0.007601
92 0.209918 0.494046 0.027832 0.009628
101 0.283026 0.697998 0.042336 0.009628
207 0.831047 0.413605 0.017248 0.010894
207 0.419443 0.740436 0.018816 0.010894
207 0.695806 0.822017 0.019600 0.010894
92 0.765974 0.415505 0.029792 0.011148
92 0.277930 0.506461 0.029008 0.011654
207 0.693650 0.467824 0.019208 0.011908
207 0.557232 0.453129 0.020776 0.011908
92 0.625049 0.564353 0.026264 0.011908
57 0.491180 0.840765 0.032928 0.011908
207 0.832811 0.691158 0.018424 0.012161
207 0.897883 0.246643 0.021560 0.012414
101 0.211878 0.464150 0.052920 0.012668
92 0.764014 0.659362 0.036064 0.012921
128 0.913759 0.872815 0.011760 0.013175
52 0.207958 0.449455 0.028616 0.013175
128 0.837319 0.736889 0.010976 0.013428
57 0.634849 0.449329 0.028616 0.013428
56 0.483536 0.251077 0.015288 0.013681
85 0.626029 0.245503 0.018032 0.013681
56 0.415915 0.537370 0.020384 0.013681
56 0.350451 0.461236 0.022736 0.013935
56 0.212858 0.800101 0.016464 0.014188
76 0.768326 0.875095 0.021952 0.014188
56 0.906703 0.695212 0.025872 0.014188
52 0.627989 0.368888 0.036064 0.014188
287 0.278322 0.330251 0.043904 0.014441
128 0.413367 0.365341 0.011368 0.014695
85 0.484516 0.872308 0.019600 0.014695
56 0.280870 0.346592 0.024696 0.014695
52 0.827715 0.524576 0.032536 0.014948
102 0.903959 0.435647 0.050176 0.014948
85 0.208546 0.643780 0.018032 0.015201
85 0.146413 0.411198 0.020776 0.015201
85 0.208546 0.433747 0.021952 0.015201
85 0.841043 0.872308 0.023128 0.015201
57 0.840455 0.430707 0.037632 0.015201
85 0.415327 0.417912 0.017640 0.015455
64 0.275970 0.896504 0.021952 0.015455
85 0.417287 0.823157 0.022344 0.015708
52 0.208350 0.269572 0.035672 0.015708
64 0.414543 0.465670 0.019992 0.016215
64 0.349471 0.558399 0.021560 0.016215
52 0.557820 0.470991 0.033712 0.016215
56 0.836731 0.841272 0.019992 0.016468
56 0.279694 0.823030 0.022344 0.016468
57 0.628577 0.200025 0.049000 0.016468
56 0.763034 0.310362 0.017640 0.016722
85 0.557036 0.554598 0.020384 0.016722
88 0.559192 0.255891 0.023912 0.016722
91 0.272442 0.247276 0.036064 0.016722
57 0.844767 0.200405 0.038416 0.016722
85 0.209722 0.252217 0.018032 0.016975
85 0.902783 0.632506 0.019600 0.016975
85 0.765974 0.376362 0.021952 0.016975
64 0.278910 0.445782 0.023128 0.016975
64 0.211878 0.415125 0.024696 0.016975
91 0.137397 0.261084 0.037240 0.016975
861 0.693258 0.735115 0.038808 0.016975
1173 0.554488 0.358627 0.041160 0.016975
88 0.694826 0.782366 0.019208 0.017228
76 0.485496 0.391690 0.019992 0.017228
91 0.206194 0.541171 0.038416 0.017228
683 0.645629 0.792754 0.038416 0.017228
81 0.903763 0.572333 0.039592 0.017228
85 0.831047 0.505067 0.021168 0.017482
300 0.418855 0.840005 0.030968 0.017482
287 0.351235 0.324170 0.046256 0.017482
127 0.900039 0.340638 0.047824 0.017482
85 0.696198 0.613377 0.018816 0.017735
85 0.277342 0.658982 0.021560 0.017735
120 0.628773 0.550291 0.023520 0.017735
547 0.350451 0.878642 0.039200 0.017735
1173 0.143081 0.452749 0.042336 0.017735
85 0.351039 0.580568 0.021560 0.017988
85 0.631125 0.491386 0.023520 0.017988
57 0.843199 0.754370 0.030576 0.017988
683 0.850647 0.796428 0.039200 0.017988
85 0.280282 0.466937 0.020384 0.018242
85 0.348099 0.203192 0.021168 0.018242
62 0.416699 0.594122 0.022736 0.018242
85 0.904547 0.759818 0.023128 0.018242
120 0.412583 0.295668 0.023912 0.018242
88 0.416307 0.703066 0.034496 0.018242
91 0.277930 0.571067 0.035280 0.018242
81 0.627597 0.411705 0.041552 0.018242
85 0.899843 0.361160 0.022344 0.018495
64 0.696982 0.485052 0.025872 0.018495
91 0.413759 0.229415 0.037240 0.018495
88 0.764798 0.269318 0.016464 0.018748
85 0.211290 0.205979 0.019600 0.018748
64 0.766758 0.730175 0.026656 0.018748
81 0.903175 0.715227 0.039984 0.018748
98 0.482948 0.630352 0.047040 0.018748
117 0.348099 0.829111 0.017248 0.019002
120 0.487456 0.775399 0.025480 0.019002
300 0.626225 0.263111 0.034104 0.019002
88 0.898471 0.204586 0.042336 0.019002
88 0.557428 0.415759 0.018032 0.019255
110 0.625245 0.531796 0.029792 0.019255
110 0.694434 0.505701 0.030184 0.019255
52 0.555272 0.572587 0.035672 0.019255
1173 0.412191 0.248036 0.040376 0.019255
107 0.907683 0.857233 0.023912 0.019508
88 0.762446 0.525082 0.037632 0.019508
81 0.694238 0.526856 0.043120 0.019508
120 0.209722 0.476564 0.024304 0.019762
66 0.207370 0.693945 0.025088 0.019762
70 0.350647 0.896377 0.028616 0.019762
127 0.902195 0.614137 0.041944 0.019762
118 0.217562 0.769318 0.014112 0.020015
119 0.771462 0.892957 0.021952 0.020015
300 0.557428 0.277046 0.029792 0.020015
88 0.139553 0.700279 0.023520 0.020269
300 0.278714 0.679757 0.031360 0.020269
127 0.213250 0.787433 0.050176 0.020269
88 0.345943 0.422473 0.016072 0.020522
66 0.414935 0.346466 0.026264 0.020522
91 0.761074 0.616544 0.035672 0.020522
91 0.484320 0.711300 0.038024 0.020522
683 0.767346 0.204839 0.045080 0.020522
88 0.555272 0.804408 0.019208 0.020775
83 0.764014 0.288574 0.032928 0.020775
88 0.832223 0.372181 0.036848 0.020775
88 0.276754 0.842159 0.039984 0.020775
2595 0.696002 0.837091 0.040376 0.020775
85 0.554292 0.203066 0.024304 0.021029
88 0.141513 0.314796 0.032928 0.021029
1173 0.483144 0.731822 0.038024 0.021029
98 0.554488 0.594756 0.040376 0.021029
1173 0.558604 0.782493 0.044688 0.021029
300 0.842023 0.891437 0.045472 0.021029
51 0.694826 0.320750 0.031752 0.021282
88 0.486280 0.859640 0.043512 0.021282
98 0.827323 0.542184 0.045864 0.021282
683 0.212270 0.818596 0.046648 0.021282
68 0.559388 0.823537 0.006272 0.021535
83 0.279890 0.805549 0.037632 0.021535
300 0.766562 0.395870 0.038024 0.021535
88 0.835163 0.775906 0.041944 0.021535
683 0.485104 0.650494 0.049000 0.021535
91 0.761858 0.709400 0.036456 0.021789
95 0.278714 0.864201 0.037632 0.021789
87 0.629165 0.619204 0.039200 0.021789
3731 0.761662 0.225994 0.043120 0.021789
683 0.348099 0.345072 0.043904 0.021789
108 0.766562 0.352800 0.018424 0.022042
76 0.480596 0.267925 0.029008 0.022042
300 0.278518 0.488092 0.038024 0.022042
87 0.487260 0.754877 0.038416 0.022042
683 0.211878 0.350013 0.040376 0.022042
287 0.140141 0.803268 0.045864 0.022042
81 0.899647 0.297694 0.038416 0.022295
683 0.485104 0.205979 0.044296 0.022295
117 0.625441 0.510641 0.016856 0.022549
110 0.835555 0.249937 0.034104 0.022549
57 0.701294 0.570687 0.038416 0.022549
104 0.908271 0.592222 0.041552 0.022549
126 0.489024 0.797188 0.049000 0.022549
83 0.556056 0.841652 0.027048 0.022802
57 0.423951 0.377755 0.033320 0.022802
83 0.140141 0.749683 0.033320 0.022802
300 0.906899 0.781353 0.034888 0.022802
67 0.766170 0.330378 0.037240 0.022802
88 0.766758 0.832278 0.042336 0.022802
67 0.841043 0.222954 0.042728 0.022802
126 0.281850 0.736509 0.043120 0.022802
88 0.416503 0.401191 0.038024 0.023055
356 0.485496 0.372055 0.047432 0.023055
3621 0.833007 0.147327 0.054880 0.023055
300 0.903567 0.652901 0.031360 0.023309
95 0.206194 0.371928 0.036064 0.023309
683 0.907291 0.678237 0.043512 0.023309
870 0.696002 0.685077 0.043512 0.023309
4032 0.347903 0.808715 0.045864 0.023309
870 0.765190 0.247276 0.047040 0.023309
92 0.908075 0.739169 0.026264 0.023562
83 0.765190 0.562833 0.032928 0.023562
83 0.556056 0.433620 0.035672 0.023562
87 0.208350 0.592982 0.037240 0.023562
83 0.141121 0.432480 0.032928 0.023816
78 0.696002 0.889536 0.034888 0.023816
51 0.210114 0.744616 0.043120 0.023816
271 0.561936 0.889790 0.045864 0.023816
1005 0.484320 0.475804 0.046648 0.023816
111 0.910231 0.836711 0.026656 0.024069
83 0.832615 0.392323 0.040768 0.024069
88 0.840063 0.859260 0.046256 0.024069
3603 0.484516 0.823284 0.051744 0.024069
68 0.285966 0.884723 0.005880 0.024322
83 0.897687 0.227008 0.031360 0.024322
699 0.624657 0.284773 0.032536 0.024322
83 0.415719 0.721307 0.041160 0.024322
300 0.694826 0.634406 0.041944 0.024322
126 0.838495 0.714973 0.050176 0.024322
300 0.902195 0.383456 0.033320 0.024576
88 0.629753 0.468837 0.037240 0.024576
83 0.347511 0.441475 0.039592 0.024576
104 0.897687 0.322143 0.040768 0.024576
3603 0.628969 0.815936 0.051352 0.024576
108 0.833399 0.482138 0.017248 0.024829
88 0.833007 0.646567 0.032928 0.024829
83 0.898079 0.454776 0.037632 0.024829
1375 0.762642 0.502914 0.047432 0.024829
356 0.764994 0.858120 0.054488 0.024829
68 0.776950 0.544844 0.007056 0.025082
119 0.693846 0.346719 0.029792 0.025082
83 0.692670 0.802762 0.036064 0.025082
88 0.696786 0.596022 0.036456 0.025082
67 0.838103 0.455916 0.041552 0.025082
119 0.347315 0.854573 0.020384 0.025336
300 0.353783 0.603750 0.038808 0.025336
88 0.560172 0.681024 0.039984 0.025336
88 0.486280 0.347859 0.040376 0.025336
932 0.418071 0.862174 0.042728 0.025336
870 0.901215 0.518368 0.044688 0.025336
96 0.284398 0.393463 0.049784 0.025336
107 0.762446 0.640360 0.022736 0.025589
58 0.140729 0.476184 0.024304 0.025589
87 0.413563 0.272739 0.029008 0.025589
87 0.630733 0.389283 0.035280 0.025589
83 0.833007 0.670509 0.038416 0.025589
28 0.834183 0.281860 0.041552 0.025589
1489 0.138965 0.829111 0.042728 0.025589
1645 0.137593 0.208893 0.047040 0.025589
3603 0.416503 0.206866 0.051352 0.025589
2616 0.281654 0.760451 0.053704 0.025589
83 0.694826 0.447428 0.041944 0.025842
752 0.205802 0.229035 0.043120 0.025842
88 0.348491 0.485939 0.043120 0.025842
3731 0.693454 0.659995 0.044688 0.025842
3603 0.484516 0.322017 0.055664 0.025842
84 0.485888 0.508614 0.037240 0.026096
2203 0.695414 0.372055 0.040768 0.026096
1157 0.138769 0.640613 0.040768 0.026096
752 0.484712 0.890930 0.047432 0.026096
93 0.767738 0.808715 0.033320 0.026349
119 0.627793 0.644667 0.028616 0.026602
58 0.278126 0.712820 0.028616 0.026602
51 0.347511 0.630479 0.034888 0.026602
4556 0.832419 0.172156 0.045864 0.026602
119 0.348687 0.657208 0.019992 0.026856
2203 0.832027 0.595642 0.045080 0.026856
1646 0.558604 0.655435 0.049392 0.026856
119 0.209722 0.324424 0.021168 0.027109
88 0.696002 0.425640 0.033320 0.027363
88 0.628381 0.348366 0.041552 0.027363
126 0.490200 0.568533 0.046648 0.027363
68 0.277146 0.783506 0.007056 0.027616
74 0.415523 0.489106 0.028224 0.027616
88 0.629165 0.223081 0.036848 0.027616
3802 0.209526 0.565873 0.044296 0.027616
126 0.418267 0.515201 0.049392 0.027616
119 0.764406 0.784140 0.018816 0.027869
2597 0.764210 0.591335 0.031752 0.027869
1251 0.349863 0.712440 0.033320 0.027869
870 0.698942 0.758804 0.049392 0.027869
3584 0.486084 0.446922 0.058016 0.027869
721 0.345551 0.262858 0.030968 0.028123
2597 0.766954 0.436407 0.037240 0.028123
88 0.282242 0.367748 0.041552 0.028123
1129 0.139161 0.237269 0.043120 0.028123
58 0.627401 0.429693 0.030184 0.028376
932 0.273226 0.271852 0.050960 0.028376
1880 0.900627 0.886369 0.030968 0.028629
2259 0.141905 0.288954 0.040768 0.028629
53 0.692670 0.863441 0.018816 0.028883
509 0.346139 0.400051 0.041552 0.028883
126 0.418071 0.319737 0.043512 0.028883
4146 0.210310 0.513048 0.045080 0.028883
1579 0.908271 0.808209 0.047824 0.028883
70 0.901411 0.411578 0.025480 0.029136
3642 0.692670 0.256017 0.046256 0.029136
446 0.556252 0.303902 0.046256 0.029136
3025 0.143473 0.888523 0.039200 0.029389
685 0.700118 0.712186 0.045472 0.029389
1251 0.204822 0.890550 0.050568 0.029389
111 0.207370 0.717634 0.021168 0.029643
59 0.768326 0.754117 0.039200 0.029643
126 0.835163 0.566380 0.039592 0.029643
395 0.557036 0.229161 0.047824 0.029643
68 0.209918 0.391943 0.006664 0.029896
1375 0.556644 0.864707 0.047040 0.029896
1715 0.350059 0.684064 0.054096 0.029896
58 0.691102 0.547631 0.029792 0.030149
126 0.145237 0.545604 0.038024 0.030149
1880 0.207566 0.667342 0.027048 0.030403
510 0.142493 0.776539 0.045864 0.030403
70 0.344571 0.230682 0.022736 0.030656
68 0.141513 0.724601 0.006272 0.030910
119 0.765190 0.681784 0.020384 0.030910
70 0.898667 0.272359 0.027832 0.030910
1220 0.414543 0.763618 0.036456 0.030910
752 0.415523 0.442868 0.047040 0.030910
2809 0.350059 0.742083 0.047040 0.030910
119 0.483536 0.418166 0.029400 0.031163
121 0.418071 0.616798 0.051352 0.031163
70 0.903567 0.546998 0.023520 0.031416
1575 0.831831 0.621991 0.028224 0.031416
3868 0.558604 0.708639 0.032144 0.031416
509 0.835947 0.346086 0.041944 0.031416
70 0.140729 0.611097 0.022736 0.031923
78 0.482752 0.296681 0.034888 0.031923
68 0.547824 0.889156 0.033320 0.032176
4604 0.281458 0.596402 0.056448 0.032430
2627 0.349275 0.370028 0.035280 0.032683
2844 0.629949 0.687738 0.047824 0.032683
101 0.211682 0.294908 0.036848 0.032936
577 0.558800 0.334431 0.043512 0.032936
119 0.210310 0.621865 0.019208 0.033190
1575 0.691298 0.399417 0.027832 0.033190
2266 0.838691 0.822017 0.049784 0.033190
1831 0.485300 0.537624 0.040768 0.033443
3984 0.135633 0.858880 0.042336 0.033443
3631 0.692866 0.291361 0.044296 0.033443
4020 0.413563 0.888270 0.050176 0.033443
2591 0.140337 0.580061 0.035280 0.034203
1831 0.625833 0.588422 0.038808 0.034203
75 0.559976 0.498100 0.027832 0.034457
96 0.352607 0.512288 0.048216 0.034457
3868 0.627009 0.721687 0.034104 0.034710
2627 0.836535 0.315176 0.037632 0.034963
1251 0.421403 0.677983 0.048608 0.035470
505 0.482164 0.229921 0.039984 0.035723
1229 0.344963 0.776539 0.032928 0.035977
2143 0.623677 0.317456 0.044688 0.035977
3768 0.139945 0.672789 0.044688 0.036230
2844 0.692474 0.221561 0.046648 0.036230
4020 0.274010 0.305168 0.037632 0.036737
3581 0.626813 0.846339 0.053312 0.036737
3649 0.415915 0.794274 0.041552 0.036990
813 0.490592 0.601976 0.051352 0.037497
1229 0.556448 0.385229 0.045080 0.037750
3649 0.142101 0.383329 0.035672 0.038004
3649 0.630733 0.882062 0.043904 0.038257
322 0.554684 0.622625 0.033712 0.038764
68 0.284398 0.418292 0.007448 0.039017
3649 0.484124 0.680897 0.039984 0.039270
681 0.418463 0.641753 0.042728 0.039524
3532 0.143865 0.344439 0.041552 0.039777
1921 0.902783 0.483025 0.041552 0.039777
68 0.361819 0.539270 0.011760 0.040284
68 0.420423 0.562959 0.008232 0.040537
3649 0.143473 0.507221 0.040768 0.040537
2354 0.276754 0.629592 0.040768 0.041044
2591 0.346923 0.297188 0.041552 0.041551
47 0.561936 0.522929 0.024696 0.042057
3649 0.277930 0.215353 0.038416 0.042564
3419 0.768914 0.468710 0.041160 0.042564
3649 0.281654 0.535470 0.038024 0.043324
3510 0.208350 0.847986 0.040376 0.044084
3649 0.556252 0.747656 0.042336 0.044591
3649 0.631517 0.762478 0.044688 0.046871
