246 0.067229 0.243476 0.024696 0.005067
92 0.258330 0.657841 0.024304 0.008867
92 0.124657 0.666582 0.028224 0.009121
92 0.463740 0.719914 0.029008 0.009374
92 0.732066 0.217760 0.029400 0.009374
92 0.597413 0.409932 0.025872 0.009628
207 0.051548 0.703699 0.018424 0.010388
207 0.322815 0.582468 0.018424 0.010641
101 0.797726 0.722447 0.048608 0.010894
207 0.324187 0.235115 0.018032 0.011148
207 0.258330 0.355333 0.016464 0.011401
92 0.460604 0.605143 0.025872 0.011401
128 0.594865 0.442361 0.011368 0.011654
57 0.059388 0.742589 0.027048 0.011654
92 0.666013 0.367874 0.030576 0.011654
207 0.051744 0.478465 0.018816 0.011908
207 0.460800 0.395237 0.019992 0.012161
92 0.597609 0.551812 0.029400 0.012161
207 0.327127 0.456676 0.019208 0.012414
102 0.461584 0.324677 0.042728 0.012414
101 0.194042 0.414112 0.050960 0.012414
88 0.393179 0.716747 0.013328 0.012668
52 0.324775 0.269318 0.034104 0.012668
207 0.393571 0.756651 0.020384 0.012921
207 0.391023 0.547251 0.019992 0.013175
102 0.666405 0.670383 0.045472 0.013175
52 0.794198 0.708006 0.031360 0.013428
598 0.393767 0.859767 0.043512 0.013428
101 0.597609 0.714340 0.052920 0.013428
52 0.394355 0.796301 0.033712 0.013681
88 0.391219 0.512795 0.020384 0.014188
91 0.254410 0.708893 0.032928 0.014188
91 0.796354 0.801115 0.034104 0.014188
91 0.254998 0.833418 0.030184 0.014441
81 0.257546 0.394857 0.035280 0.014441
52 0.664641 0.430073 0.037240 0.014441
287 0.259310 0.782746 0.043512 0.014441
698 0.324775 0.629592 0.023128 0.014695
300 0.392395 0.845199 0.025872 0.014695
52 0.729518 0.575627 0.030576 0.014695
65 0.395923 0.810489 0.034496 0.014695
56 0.325951 0.251837 0.038808 0.014695
57 0.733634 0.860400 0.045080 0.014695
85 0.326539 0.646694 0.019600 0.014948
64 0.598981 0.285153 0.025088 0.014948
52 0.527048 0.682417 0.030184 0.014948
52 0.594669 0.697492 0.032144 0.015201
91 0.391219 0.443881 0.032928 0.015201
1173 0.187181 0.195592 0.034888 0.015201
85 0.257938 0.456423 0.018816 0.015455
85 0.052724 0.622625 0.019992 0.015455
85 0.391219 0.626298 0.017248 0.015708
85 0.258918 0.643527 0.019208 0.015708
86 0.803998 0.733722 0.032144 0.015708
91 0.660329 0.793007 0.032536 0.015708
52 0.053900 0.637700 0.033320 0.015708
52 0.461780 0.618951 0.035280 0.015708
81 0.052724 0.374968 0.036456 0.015708
547 0.328107 0.852293 0.036848 0.015708
85 0.122697 0.607170 0.015680 0.015961
85 0.465504 0.479985 0.019208 0.015961
64 0.463152 0.817456 0.019992 0.015961
120 0.527832 0.627439 0.020776 0.015961
72 0.457468 0.251457 0.025088 0.015961
60 0.121129 0.386749 0.029008 0.015961
110 0.259114 0.626425 0.029008 0.015961
91 0.797530 0.846846 0.032536 0.015961
52 0.053704 0.758424 0.037632 0.015961
56 0.053508 0.199519 0.038024 0.015961
287 0.525480 0.719914 0.043512 0.015961
85 0.800078 0.246516 0.018816 0.016215
120 0.461388 0.311882 0.020384 0.016215
300 0.324383 0.351913 0.023912 0.016215
91 0.120345 0.432987 0.035280 0.016215
52 0.731870 0.499367 0.038416 0.016215
88 0.254606 0.320623 0.016856 0.016468
85 0.597609 0.683937 0.017640 0.016468
52 0.051940 0.562833 0.036456 0.016468
1006 0.664837 0.513175 0.043120 0.016468
85 0.797334 0.689384 0.021168 0.016722
683 0.201686 0.268558 0.029400 0.016722
91 0.593493 0.787433 0.031360 0.016722
91 0.459428 0.834051 0.034496 0.016722
287 0.397099 0.239929 0.043120 0.016722
117 0.796746 0.265391 0.016072 0.016975
85 0.731282 0.756144 0.016856 0.016975
120 0.393375 0.196225 0.019208 0.016975
721 0.067621 0.260324 0.025480 0.016975
91 0.733242 0.358627 0.031752 0.016975
81 0.123089 0.365721 0.034496 0.016975
98 0.735986 0.879782 0.034888 0.016975
52 0.796354 0.549911 0.038808 0.016975
85 0.665033 0.556625 0.017640 0.017228
91 0.121521 0.729161 0.032928 0.017228
91 0.256174 0.279199 0.034104 0.017228
287 0.532928 0.334431 0.042728 0.017228
85 0.325167 0.333038 0.018424 0.017482
85 0.395139 0.826831 0.018816 0.017482
64 0.596629 0.426526 0.021952 0.017482
83 0.386711 0.527363 0.028616 0.017482
120 0.187377 0.700025 0.015680 0.017735
85 0.730498 0.558652 0.022344 0.017735
65 0.466484 0.415505 0.031360 0.017735
252 0.123873 0.746643 0.033712 0.017735
88 0.125833 0.765898 0.036064 0.017735
91 0.795570 0.440588 0.036456 0.017735
85 0.188946 0.361414 0.018032 0.017988
300 0.595061 0.480998 0.028224 0.017988
65 0.264014 0.583354 0.035672 0.017988
88 0.661701 0.875982 0.036064 0.017988
88 0.051352 0.283633 0.039984 0.017988
1022 0.256370 0.850646 0.042336 0.017988
98 0.729126 0.593489 0.043904 0.017988
99 0.324579 0.285913 0.045472 0.017988
120 0.666601 0.655435 0.019208 0.018242
60 0.253822 0.415505 0.025480 0.018242
1173 0.528812 0.428300 0.040768 0.018495
111 0.527636 0.667089 0.019600 0.018748
64 0.662289 0.302255 0.023128 0.018748
300 0.324775 0.694705 0.030184 0.018748
1173 0.734222 0.379022 0.036848 0.018748
88 0.259114 0.871928 0.016464 0.019002
83 0.390239 0.733595 0.026264 0.019002
88 0.260290 0.560552 0.036064 0.019002
68 0.057428 0.602230 0.007448 0.019255
88 0.320463 0.198632 0.020776 0.019255
92 0.797530 0.564986 0.022344 0.019255
120 0.189338 0.533063 0.024304 0.019255
88 0.734026 0.831518 0.041160 0.019255
107 0.732066 0.846846 0.018424 0.019508
88 0.526264 0.199772 0.019992 0.019508
85 0.600157 0.303648 0.021168 0.019508
120 0.124657 0.649227 0.023520 0.019508
300 0.663857 0.576007 0.031752 0.019508
60 0.051548 0.395617 0.032536 0.019508
99 0.796158 0.285660 0.042336 0.019508
118 0.732850 0.259184 0.009016 0.019762
88 0.323599 0.419813 0.015288 0.019762
83 0.460212 0.268812 0.032928 0.019762
253 0.532340 0.879909 0.033712 0.019762
110 0.465896 0.460350 0.034104 0.019762
88 0.597217 0.535723 0.020776 0.020015
72 0.051156 0.724474 0.034888 0.020015
4564 0.053900 0.168609 0.035672 0.020015
87 0.187966 0.338992 0.034104 0.020269
85 0.797138 0.610210 0.020776 0.020522
683 0.325951 0.566380 0.030968 0.020522
285 0.324187 0.372561 0.035280 0.020522
87 0.463544 0.738662 0.036456 0.020522
1173 0.664445 0.384723 0.038416 0.020522
331 0.393963 0.665949 0.039984 0.020522
98 0.522148 0.701926 0.043120 0.020522
119 0.255978 0.436027 0.016464 0.020775
111 0.797334 0.752724 0.021168 0.020775
503 0.053312 0.776032 0.022736 0.020775
91 0.529988 0.407145 0.032928 0.020775
683 0.123677 0.510261 0.039592 0.020775
88 0.049392 0.439954 0.015680 0.021029
88 0.733046 0.200025 0.018816 0.021029
92 0.666405 0.448569 0.020384 0.021029
83 0.326735 0.438434 0.035672 0.021029
126 0.194434 0.652014 0.036848 0.021029
344 0.325951 0.804028 0.037240 0.021029
300 0.057036 0.798835 0.024696 0.021282
300 0.666797 0.349126 0.027440 0.021282
88 0.122697 0.323537 0.035280 0.021282
2595 0.257938 0.374462 0.035280 0.021282
1762 0.121129 0.300988 0.036064 0.021282
88 0.799294 0.366861 0.038416 0.021282
2489 0.395727 0.220167 0.043512 0.021282
300 0.599569 0.324424 0.028616 0.021535
83 0.321639 0.219027 0.033320 0.021535
83 0.461388 0.701165 0.033712 0.021535
91 0.663857 0.491639 0.034104 0.021535
2595 0.188162 0.285153 0.034496 0.021535
68 0.051548 0.304155 0.037240 0.021535
683 0.734810 0.307195 0.042728 0.021535
123 0.054880 0.580948 0.018816 0.021789
122 0.798510 0.225234 0.032928 0.021789
83 0.256370 0.339245 0.032928 0.021789
118 0.596433 0.592222 0.011368 0.022042
76 0.528224 0.609704 0.018424 0.022042
51 0.594277 0.569927 0.034496 0.022042
683 0.257546 0.200025 0.036848 0.022042
4119 0.060368 0.857993 0.043904 0.022042
126 0.531948 0.645934 0.044688 0.022042
2489 0.463348 0.526856 0.047824 0.022042
83 0.051156 0.459843 0.033320 0.022295
86 0.058996 0.222194 0.036456 0.022295
683 0.533908 0.355967 0.041552 0.022295
68 0.469816 0.803775 0.005880 0.022549
1083 0.594473 0.808082 0.026264 0.022549
252 0.795766 0.390803 0.037632 0.022549
683 0.054880 0.684951 0.037632 0.022549
95 0.394355 0.777173 0.037632 0.022549
83 0.798706 0.509881 0.038024 0.022549
2833 0.258526 0.730048 0.040376 0.022549
4284 0.057036 0.834178 0.040376 0.022549
1173 0.730694 0.476945 0.041552 0.022549
61 0.800862 0.201672 0.025872 0.022802
81 0.120933 0.221941 0.031752 0.022802
88 0.598197 0.459590 0.036064 0.022802
83 0.726186 0.695972 0.040376 0.022802
68 0.464132 0.663922 0.007840 0.023055
68 0.059976 0.417659 0.011760 0.023055
83 0.116425 0.244616 0.027440 0.023055
300 0.125833 0.834938 0.029008 0.023055
83 0.189142 0.427540 0.034888 0.023055
300 0.121129 0.626678 0.036064 0.023055
2595 0.123481 0.343932 0.039200 0.023055
126 0.599765 0.832151 0.039200 0.023055
2710 0.397099 0.266658 0.039984 0.023055
2354 0.597217 0.878262 0.041160 0.023055
88 0.466484 0.680897 0.042336 0.023055
683 0.463348 0.376615 0.043120 0.023055
1173 0.799098 0.530910 0.044296 0.023055
2189 0.064681 0.877249 0.044688 0.023055
58 0.731086 0.404104 0.022736 0.023309
300 0.463544 0.501393 0.033320 0.023309
932 0.597217 0.855333 0.038024 0.023309
370 0.189926 0.310109 0.040376 0.023309
126 0.534496 0.523689 0.040376 0.023309
126 0.126813 0.809476 0.040376 0.023309
68 0.190906 0.482518 0.008624 0.023562
126 0.733830 0.644667 0.035280 0.023562
87 0.529008 0.221814 0.038024 0.023562
127 0.052920 0.326704 0.039200 0.023562
683 0.665425 0.724474 0.040376 0.023562
68 0.323599 0.308589 0.007448 0.023816
107 0.256762 0.605777 0.018032 0.023816
3735 0.459820 0.291107 0.028224 0.023816
300 0.390827 0.642767 0.032928 0.023816
88 0.798902 0.489232 0.039200 0.023816
870 0.664053 0.771472 0.042336 0.023816
287 0.129557 0.862174 0.045080 0.023816
2489 0.533908 0.500633 0.050176 0.023816
68 0.802038 0.590448 0.010192 0.024069
92 0.731674 0.516722 0.021560 0.024069
111 0.734222 0.454142 0.022736 0.024069
1295 0.390631 0.574994 0.031752 0.024069
3906 0.394355 0.874715 0.037632 0.024069
3731 0.661505 0.747276 0.041944 0.024069
2489 0.189338 0.722954 0.044688 0.024069
111 0.119757 0.200152 0.018424 0.024322
107 0.462172 0.437801 0.021168 0.024322
95 0.460016 0.783886 0.034104 0.024322
87 0.666993 0.632632 0.034888 0.024322
70 0.733634 0.777046 0.036456 0.024322
126 0.736574 0.428933 0.038416 0.024322
685 0.329871 0.779326 0.038808 0.024322
126 0.532928 0.772485 0.041944 0.024322
68 0.736182 0.539777 0.009408 0.024576
92 0.463740 0.638333 0.020384 0.024576
126 0.189534 0.875475 0.034888 0.024576
126 0.669737 0.324677 0.038024 0.024576
685 0.396315 0.326957 0.039984 0.024576
2846 0.191886 0.588675 0.040376 0.024576
1646 0.260486 0.537243 0.047432 0.024576
91 0.531948 0.836458 0.047824 0.024576
2489 0.530968 0.314289 0.049000 0.024576
126 0.462368 0.200152 0.035672 0.024829
752 0.259898 0.479098 0.039984 0.024829
1880 0.465896 0.551431 0.026264 0.025082
675 0.188358 0.246643 0.038024 0.025082
119 0.123873 0.407905 0.018032 0.025336
120 0.599373 0.732202 0.028224 0.025336
1251 0.254802 0.256651 0.031360 0.025336
509 0.258330 0.299721 0.032928 0.025336
105 0.327911 0.510261 0.040376 0.025336
96 0.599177 0.235622 0.043512 0.025336
2489 0.666209 0.849253 0.047432 0.025336
120 0.526656 0.288447 0.030968 0.025589
2249 0.392395 0.465037 0.036848 0.025589
76 0.457664 0.873828 0.020776 0.025842
76 0.524500 0.261718 0.021952 0.025842
379 0.188946 0.508487 0.040768 0.025842
870 0.800666 0.463137 0.046648 0.025842
70 0.795570 0.665695 0.023128 0.026096
1083 0.797922 0.779199 0.027048 0.026096
95 0.664053 0.260324 0.036848 0.026096
1914 0.528224 0.857487 0.038808 0.026096
68 0.670717 0.471751 0.010192 0.026349
70 0.118581 0.267545 0.022344 0.026349
70 0.120149 0.533063 0.024696 0.026349
2822 0.730302 0.617684 0.040768 0.026349
1295 0.124069 0.788067 0.018424 0.026602
58 0.526264 0.471117 0.022344 0.026602
87 0.669737 0.202559 0.030184 0.026602
2479 0.326735 0.607677 0.030968 0.026602
4348 0.324383 0.875222 0.034104 0.026602
28 0.053312 0.352040 0.040768 0.026602
1646 0.799686 0.340385 0.043904 0.026602
119 0.666601 0.231062 0.030968 0.026856
344 0.326343 0.723081 0.040376 0.026856
68 0.530772 0.449835 0.007056 0.027109
51 0.733046 0.234989 0.032928 0.027109
2036 0.190318 0.677857 0.040376 0.027109
1295 0.190514 0.810742 0.020384 0.027363
58 0.660329 0.409678 0.025480 0.027363
1831 0.191102 0.560932 0.036456 0.027363
71 0.737358 0.281986 0.040768 0.027363
105 0.127597 0.560172 0.045080 0.027363
68 0.531752 0.247910 0.009800 0.027616
111 0.725598 0.672536 0.014112 0.027616
721 0.119561 0.456929 0.036848 0.027616
3945 0.398667 0.353560 0.043120 0.027616
4619 0.188750 0.782240 0.048216 0.027616
3078 0.799882 0.416392 0.052920 0.027616
1295 0.186201 0.752724 0.023520 0.027869
616 0.324971 0.829364 0.036064 0.028123
3999 0.393767 0.492399 0.041944 0.028123
87 0.529400 0.744109 0.027048 0.028376
3153 0.804586 0.866988 0.031752 0.028376
4371 0.052724 0.146567 0.034888 0.028629
95 0.055664 0.659615 0.039984 0.028629
717 0.460996 0.227895 0.047040 0.028629
68 0.534104 0.591842 0.009016 0.028883
1295 0.459820 0.855333 0.024304 0.028883
70 0.323207 0.481885 0.024696 0.028883
1251 0.324579 0.398531 0.037632 0.028883
2794 0.191102 0.457056 0.045864 0.028883
68 0.461388 0.754624 0.025872 0.029136
712 0.255978 0.758677 0.027440 0.029136
71 0.597217 0.617051 0.038808 0.029136
4604 0.189926 0.845326 0.044296 0.029136
4595 0.530968 0.382696 0.045864 0.029136
2833 0.798118 0.638333 0.047824 0.029136
1880 0.122109 0.484419 0.027048 0.029389
1087 0.801254 0.824677 0.039200 0.029389
111 0.327519 0.671016 0.030968 0.029643
1396 0.398079 0.384089 0.042728 0.029896
784 0.188946 0.388143 0.045472 0.029896
1880 0.600353 0.353560 0.027048 0.030149
3906 0.324775 0.751077 0.037240 0.030149
68 0.668169 0.533570 0.008232 0.030403
2173 0.186201 0.220421 0.033712 0.030403
68 0.605057 0.258044 0.010584 0.030656
1831 0.731282 0.806055 0.035672 0.030656
4564 0.596629 0.762731 0.037632 0.030656
1827 0.260094 0.805929 0.046648 0.030910
4528 0.052136 0.502787 0.029792 0.031163
1831 0.462956 0.583608 0.039200 0.031163
1831 0.600157 0.388523 0.039200 0.031670
4604 0.600745 0.509881 0.054488 0.031670
68 0.664641 0.686344 0.006664 0.031923
2591 0.660721 0.816570 0.034104 0.031923
322 0.796942 0.314543 0.040768 0.032176
4619 0.734026 0.333291 0.048216 0.032176
4189 0.598393 0.206233 0.041160 0.032430
68 0.329283 0.534963 0.007840 0.032683
4640 0.596433 0.655435 0.047432 0.032936
68 0.127401 0.580314 0.008624 0.033190
998 0.390827 0.413479 0.035280 0.033443
68 0.461584 0.344185 0.009800 0.033696
1502 0.664249 0.603876 0.031752 0.033696
4619 0.392395 0.601850 0.047040 0.033696
2100 0.395335 0.296428 0.048216 0.033950
4708 0.054488 0.536483 0.041552 0.034203
1998 0.192082 0.622118 0.036848 0.034710
1286 0.253626 0.680263 0.032144 0.034963
2191 0.728930 0.725994 0.031752 0.035723
998 0.254998 0.226501 0.036456 0.036483
707 0.394747 0.692298 0.036848 0.037243
3649 0.531752 0.804915 0.042728 0.038510
68 0.679341 0.278693 0.010976 0.040537
3711 0.529792 0.557892 0.043512 0.042057
2962 0.120345 0.697238 0.039200 0.042564
