246 0.117045 0.486459 0.022727 0.005568
169 0.317614 0.808023 0.015530 0.005821
172 0.376894 0.353075 0.006818 0.006581
92 0.380871 0.833966 0.017803 0.007087
92 0.830492 0.289420 0.023864 0.008352
172 0.516288 0.519109 0.009091 0.009618
92 0.764205 0.310807 0.026136 0.009618
92 0.830114 0.469628 0.026136 0.009871
92 0.241856 0.656922 0.029924 0.009871
162 0.442803 0.672994 0.016667 0.010124
92 0.764015 0.352316 0.025758 0.010124
52 0.105114 0.616426 0.028409 0.010377
92 0.236742 0.771450 0.030303 0.010630
1810 0.299811 0.771577 0.017045 0.010883
207 0.369886 0.471653 0.019318 0.010883
207 0.365720 0.687674 0.017803 0.011136
207 0.171591 0.424450 0.018939 0.011136
207 0.437879 0.300557 0.017424 0.011896
207 0.303409 0.346874 0.018182 0.011896
52 0.425947 0.878891 0.026136 0.011896
52 0.366477 0.568590 0.027652 0.011896
52 0.101136 0.839155 0.033333 0.011896
128 0.371212 0.250823 0.008333 0.012149
207 0.636174 0.406479 0.017803 0.012149
207 0.106818 0.322703 0.018182 0.012149
207 0.302083 0.580359 0.018561 0.012149
120 0.835038 0.377752 0.016288 0.012402
300 0.246591 0.565806 0.018939 0.012402
207 0.106439 0.782713 0.018939 0.012402
81 0.171591 0.204885 0.033333 0.012402
207 0.702462 0.401417 0.017803 0.012655
207 0.635038 0.600861 0.018561 0.012655
207 0.499621 0.698304 0.018939 0.012655
56 0.835227 0.317515 0.012121 0.012908
207 0.432386 0.647811 0.020076 0.012908
207 0.635795 0.842192 0.020833 0.012908
52 0.300000 0.820172 0.033333 0.012908
120 0.833144 0.523285 0.019318 0.013414
52 0.171970 0.506074 0.031818 0.013414
64 0.378220 0.806125 0.014015 0.013667
123 0.831818 0.303467 0.031061 0.013667
52 0.368561 0.485953 0.031818 0.013667
56 0.239015 0.412933 0.014394 0.013921
57 0.242235 0.291192 0.018561 0.013921
52 0.570076 0.276259 0.021970 0.013921
52 0.171591 0.269932 0.031061 0.013921
683 0.181818 0.636168 0.031818 0.013921
121 0.382576 0.822577 0.027273 0.014174
52 0.105303 0.875475 0.031818 0.014174
52 0.239962 0.669451 0.032197 0.014174
499 0.435606 0.660845 0.037121 0.014174
300 0.234659 0.580992 0.020076 0.014427
98 0.632197 0.497469 0.040152 0.014427
128 0.164394 0.836750 0.009091 0.014680
683 0.119129 0.474057 0.028409 0.014680
52 0.635606 0.482156 0.029545 0.014680
52 0.107386 0.380916 0.032955 0.014680
98 0.366288 0.582131 0.037879 0.014680
881 0.302083 0.731081 0.031439 0.014933
56 0.301515 0.599468 0.037121 0.014933
98 0.105303 0.630347 0.037121 0.014933
85 0.634280 0.708681 0.017803 0.015186
110 0.235985 0.228803 0.027273 0.015186
52 0.168750 0.597317 0.034470 0.015186
85 0.366667 0.765756 0.014394 0.015439
57 0.436932 0.686535 0.039773 0.015439
68 0.242045 0.645153 0.017424 0.015692
87 0.350947 0.857758 0.021591 0.015692
111 0.101326 0.584662 0.030682 0.015692
52 0.106818 0.566439 0.031818 0.015692
91 0.235417 0.494052 0.032197 0.015692
1214 0.167992 0.649456 0.032955 0.015692
81 0.165341 0.561377 0.038258 0.015692
85 0.836742 0.646292 0.011364 0.015945
120 0.637121 0.447861 0.019697 0.015945
81 0.305682 0.385092 0.031061 0.015945
52 0.365341 0.730575 0.034470 0.015945
287 0.239394 0.533915 0.038636 0.015945
85 0.107576 0.417616 0.011364 0.016198
85 0.427652 0.866869 0.014394 0.016198
88 0.634280 0.566692 0.018561 0.016198
73 0.838068 0.750443 0.026894 0.016198
91 0.767235 0.416603 0.030682 0.016198
683 0.833333 0.609719 0.037121 0.016198
88 0.432765 0.612883 0.016288 0.016452
85 0.769508 0.645027 0.018561 0.016452
81 0.174621 0.440774 0.029545 0.016452
98 0.427273 0.893318 0.034848 0.016452
683 0.177841 0.729056 0.035227 0.016452
52 0.503409 0.211212 0.035606 0.016452
52 0.239583 0.601240 0.035985 0.016452
85 0.769697 0.541888 0.012121 0.016705
110 0.238636 0.324728 0.028788 0.016705
52 0.166288 0.690205 0.033333 0.016705
88 0.435038 0.264110 0.013258 0.016958
300 0.431439 0.760947 0.030303 0.016958
683 0.180682 0.544039 0.031061 0.016958
85 0.834659 0.508226 0.014015 0.017211
85 0.835795 0.566945 0.014015 0.017211
85 0.169886 0.780056 0.016288 0.017211
88 0.364962 0.651987 0.017045 0.017211
870 0.380492 0.866616 0.026136 0.017211
52 0.106818 0.434574 0.028788 0.017211
85 0.301326 0.685016 0.012500 0.017464
88 0.106439 0.259555 0.013636 0.017464
107 0.166477 0.762212 0.015530 0.017464
81 0.766098 0.453176 0.030682 0.017464
91 0.105871 0.364338 0.031439 0.017464
88 0.304735 0.548089 0.033712 0.017464
1002 0.434848 0.320046 0.045455 0.017464
85 0.435606 0.373576 0.011364 0.017717
721 0.114583 0.500633 0.025379 0.017717
83 0.102841 0.766768 0.031439 0.017970
88 0.237121 0.711086 0.031818 0.017970
300 0.303788 0.417489 0.034091 0.017970
2595 0.504924 0.507593 0.034091 0.017970
127 0.703409 0.444824 0.035606 0.017970
87 0.166667 0.800557 0.031061 0.018223
598 0.703409 0.315110 0.035606 0.018223
98 0.570265 0.295368 0.036742 0.018223
77 0.106061 0.822956 0.026515 0.018476
129 0.504545 0.735383 0.027273 0.018476
85 0.107765 0.602506 0.027652 0.018476
88 0.104545 0.749304 0.028030 0.018476
88 0.368939 0.434194 0.031061 0.018476
126 0.498485 0.890028 0.033333 0.018476
113 0.166288 0.745001 0.037121 0.018476
85 0.430303 0.743609 0.010606 0.018729
76 0.237500 0.308023 0.018939 0.018729
83 0.365152 0.670716 0.028788 0.018729
99 0.706250 0.461149 0.035227 0.018729
300 0.634470 0.725766 0.024242 0.018983
300 0.702273 0.521260 0.031061 0.018983
683 0.503977 0.583523 0.039773 0.018983
85 0.303598 0.397874 0.011742 0.019236
85 0.833902 0.360162 0.014015 0.019236
60 0.171023 0.225513 0.014773 0.019236
85 0.637311 0.464946 0.015530 0.019236
88 0.499432 0.662870 0.015530 0.019236
85 0.238258 0.547709 0.016667 0.019236
83 0.302462 0.565173 0.030682 0.019236
120 0.703409 0.263351 0.016667 0.019489
300 0.242045 0.882941 0.028788 0.019489
53 0.767424 0.434827 0.011364 0.019742
88 0.170644 0.388256 0.017045 0.019742
86 0.169886 0.819286 0.018561 0.019742
300 0.499242 0.774234 0.031061 0.019742
88 0.637311 0.369527 0.033712 0.019742
104 0.768939 0.471526 0.035606 0.019742
683 0.433902 0.782587 0.042045 0.019742
119 0.351894 0.875348 0.012121 0.019995
86 0.309470 0.642496 0.024242 0.019995
3829 0.382955 0.848772 0.028788 0.019995
83 0.237121 0.728803 0.031818 0.019995
83 0.369508 0.454442 0.035227 0.019995
88 0.301894 0.311567 0.016667 0.020248
69 0.844508 0.689446 0.021591 0.020248
122 0.634659 0.620349 0.029167 0.020248
300 0.301326 0.704126 0.029167 0.020248
83 0.107197 0.278917 0.031061 0.020248
88 0.635606 0.804100 0.036364 0.020248
113 0.236742 0.458365 0.038636 0.020248
83 0.168371 0.408504 0.039773 0.020248
53 0.238068 0.476462 0.011742 0.020501
60 0.171402 0.461023 0.020076 0.020501
4064 0.356250 0.811314 0.023864 0.020501
88 0.632197 0.864465 0.024242 0.020501
91 0.766098 0.690838 0.029167 0.020501
3731 0.635795 0.548595 0.039015 0.020501
111 0.767614 0.560364 0.014773 0.020754
66 0.767235 0.747153 0.019318 0.020754
503 0.238636 0.861807 0.020455 0.020754
3735 0.766856 0.273349 0.022348 0.020754
300 0.436742 0.393318 0.026515 0.020754
51 0.301326 0.887876 0.031439 0.020754
121 0.764394 0.294356 0.033333 0.020754
83 0.303030 0.329537 0.033333 0.020754
85 0.568750 0.256517 0.014015 0.021007
60 0.636174 0.639458 0.014015 0.021007
85 0.367614 0.552392 0.017045 0.021007
83 0.434848 0.283093 0.030303 0.021007
300 0.365341 0.783979 0.031439 0.021007
769 0.436553 0.574412 0.032955 0.021007
83 0.501136 0.681979 0.035606 0.021007
3760 0.299621 0.791319 0.041667 0.021007
119 0.703788 0.482410 0.015152 0.021260
105 0.501894 0.716781 0.040152 0.021260
68 0.106439 0.854341 0.005303 0.021514
85 0.500379 0.754619 0.015152 0.021514
85 0.701515 0.501519 0.017424 0.021514
91 0.379356 0.888509 0.019318 0.021514
3799 0.351136 0.837636 0.029545 0.021514
83 0.637121 0.823462 0.031818 0.021514
88 0.703220 0.365604 0.034470 0.021514
1214 0.108333 0.341559 0.036364 0.021514
111 0.238068 0.246520 0.017803 0.021767
117 0.766856 0.769932 0.020833 0.021767
83 0.434848 0.630473 0.031818 0.021767
127 0.635606 0.885345 0.036364 0.021767
1579 0.374053 0.209820 0.037500 0.021767
83 0.635417 0.585421 0.037500 0.021767
331 0.106061 0.701595 0.037879 0.021767
111 0.104924 0.888003 0.017424 0.022020
88 0.838258 0.816629 0.029545 0.022020
87 0.238258 0.371172 0.031061 0.022020
91 0.166667 0.670843 0.031818 0.022020
76 0.635606 0.661984 0.033333 0.022020
83 0.701136 0.384080 0.034848 0.022020
126 0.838068 0.705011 0.035985 0.022020
3731 0.106818 0.240825 0.039394 0.022020
60 0.166856 0.580106 0.015530 0.022273
92 0.105871 0.801063 0.018561 0.022273
120 0.638068 0.247785 0.020833 0.022273
2677 0.767235 0.367755 0.023864 0.022273
58 0.363068 0.744875 0.028409 0.022273
554 0.831250 0.424956 0.029167 0.022273
83 0.639205 0.389269 0.035985 0.022273
3455 0.704545 0.180208 0.037121 0.022273
68 0.767992 0.581245 0.007955 0.022526
111 0.107576 0.396735 0.015909 0.022526
88 0.571780 0.211972 0.026136 0.022526
126 0.371780 0.232220 0.037500 0.022526
95 0.836364 0.628448 0.031818 0.022779
600 0.236174 0.789927 0.041288 0.022779
87 0.766288 0.605037 0.027273 0.023032
364 0.301515 0.752594 0.038636 0.023032
118 0.240341 0.209567 0.020833 0.023285
552 0.835795 0.237914 0.026136 0.023285
95 0.636742 0.427234 0.034091 0.023285
1579 0.505303 0.536320 0.036364 0.023285
2833 0.168561 0.858264 0.038636 0.023285
111 0.171023 0.521007 0.019318 0.023538
1676 0.186364 0.175778 0.030303 0.023538
1251 0.303409 0.471400 0.033333 0.023538
121 0.766856 0.628069 0.033712 0.023538
1251 0.105871 0.679954 0.033712 0.023538
325 0.185985 0.151228 0.035606 0.023538
58 0.241856 0.396229 0.036742 0.023538
3779 0.836364 0.731334 0.040909 0.023538
95 0.767235 0.528221 0.032955 0.023791
1189 0.306061 0.268287 0.042424 0.023791
68 0.835985 0.770058 0.009091 0.024045
111 0.167803 0.613642 0.021212 0.024045
91 0.702462 0.216021 0.031439 0.024045
75 0.839205 0.588079 0.032197 0.024045
95 0.639015 0.217540 0.034091 0.024045
331 0.304356 0.494179 0.041288 0.024045
90 0.174621 0.485067 0.043182 0.024045
685 0.507955 0.344723 0.037879 0.024298
1921 0.637500 0.345735 0.037879 0.024298
883 0.503409 0.561883 0.043939 0.024298
111 0.166477 0.705771 0.016288 0.024551
111 0.300758 0.839661 0.020455 0.024551
78 0.834280 0.335991 0.032197 0.024551
95 0.108333 0.455454 0.034091 0.024551
79 0.108712 0.546064 0.037121 0.024551
3515 0.152462 0.152113 0.025379 0.024804
4164 0.705303 0.158694 0.036364 0.024804
69 0.374242 0.530119 0.016667 0.025057
111 0.241667 0.623007 0.020455 0.025057
3019 0.768561 0.394963 0.033333 0.025057
870 0.238258 0.514427 0.036364 0.025057
68 0.432955 0.703366 0.006818 0.025310
68 0.304735 0.863579 0.009470 0.025310
2154 0.237879 0.271577 0.034091 0.025310
2143 0.834091 0.793976 0.040909 0.025310
1364 0.305871 0.291825 0.041288 0.025310
1559 0.239773 0.840294 0.044697 0.025310
53 0.104924 0.521260 0.014394 0.025563
111 0.836932 0.667046 0.019318 0.025563
1921 0.173106 0.341053 0.034091 0.025563
2379 0.304167 0.243103 0.037121 0.025563
111 0.107765 0.302455 0.019318 0.025816
1921 0.367424 0.603898 0.034091 0.025816
2220 0.503977 0.323969 0.035985 0.025816
1396 0.507197 0.457099 0.040909 0.025816
53 0.236364 0.433688 0.014394 0.026069
111 0.369129 0.505062 0.018561 0.026069
71 0.370076 0.709061 0.031818 0.026069
554 0.831439 0.489117 0.033333 0.026069
28 0.174432 0.312706 0.042045 0.026069
119 0.301326 0.666667 0.014773 0.026322
781 0.498106 0.828904 0.032576 0.026322
870 0.173106 0.367249 0.034848 0.026322
1774 0.768182 0.668945 0.034848 0.026322
870 0.366856 0.629967 0.036742 0.026322
111 0.170833 0.285877 0.016667 0.026576
118 0.432955 0.722475 0.025758 0.026576
28 0.703598 0.288914 0.040530 0.026576
96 0.708523 0.240825 0.041288 0.026576
90 0.171402 0.247153 0.041288 0.026576
1354 0.767803 0.246773 0.026515 0.026829
90 0.705114 0.423690 0.037500 0.026829
118 0.305871 0.618704 0.018561 0.027082
1251 0.438636 0.246773 0.034091 0.027335
28 0.371970 0.309542 0.040152 0.027335
28 0.436553 0.418881 0.041288 0.027335
70 0.167803 0.882182 0.020455 0.027588
3153 0.834280 0.398001 0.026136 0.027588
2152 0.439394 0.525816 0.037121 0.027588
28 0.638068 0.283093 0.040530 0.027588
28 0.506061 0.265123 0.040909 0.027588
28 0.497538 0.799418 0.042045 0.027588
4301 0.503977 0.641104 0.036742 0.027841
1977 0.767992 0.332321 0.039773 0.027841
77 0.310606 0.364465 0.046212 0.027841
1251 0.435795 0.552392 0.031439 0.028094
2379 0.505682 0.399266 0.040909 0.028094
3945 0.508333 0.429891 0.042424 0.028094
3153 0.836174 0.545178 0.032955 0.028347
4528 0.504356 0.483169 0.033712 0.028347
1250 0.435417 0.599342 0.035985 0.028347
60 0.571591 0.233232 0.012121 0.028600
111 0.244697 0.689825 0.031818 0.028600
4501 0.507197 0.295242 0.043939 0.028600
68 0.235985 0.750949 0.006818 0.028853
53 0.635038 0.686535 0.014015 0.029107
3038 0.635038 0.781448 0.035227 0.029107
3455 0.638258 0.166287 0.035606 0.029360
3145 0.504356 0.370413 0.026136 0.029613
3906 0.701705 0.340167 0.034470 0.029866
111 0.237121 0.346115 0.022727 0.030119
1087 0.235606 0.815616 0.031818 0.030119
111 0.504545 0.234118 0.019697 0.030372
4263 0.633144 0.521387 0.032955 0.030372
3448 0.834280 0.447988 0.034470 0.030372
3327 0.427083 0.840926 0.026894 0.030625
3327 0.502841 0.165275 0.031439 0.030878
3448 0.833902 0.265502 0.034470 0.030878
3327 0.369129 0.340673 0.035227 0.030878
2924 0.639394 0.751202 0.040909 0.031384
3366 0.368750 0.372944 0.035227 0.031638
707 0.104735 0.724753 0.037500 0.031638
3468 0.436742 0.450645 0.037879 0.031638
4089 0.440341 0.215009 0.042803 0.031638
998 0.107386 0.654518 0.031439 0.031891
998 0.303977 0.444571 0.029924 0.032650
3327 0.435795 0.483422 0.033712 0.032903
973 0.766856 0.719691 0.023864 0.033156
3381 0.767424 0.499114 0.022727 0.033409
4263 0.107008 0.214882 0.033712 0.033409
3145 0.303409 0.214756 0.024242 0.033662
3327 0.496212 0.858390 0.031061 0.033662
313 0.367614 0.407618 0.034470 0.033662
1286 0.500379 0.611870 0.033333 0.034169
68 0.370455 0.274741 0.006818 0.034675
1969 0.429167 0.808023 0.033333 0.034675
4263 0.635606 0.317008 0.035606 0.034675
707 0.304356 0.520754 0.039773 0.034675
3327 0.434848 0.347001 0.031061 0.035940
