101 0.782163 0.765442 0.026835 0.007657
128 0.782163 0.823252 0.008682 0.008423
92 0.274270 0.430704 0.028414 0.008423
56 0.777822 0.881572 0.013418 0.009188
92 0.625296 0.717203 0.030387 0.009188
52 0.744081 0.802833 0.024073 0.009444
101 0.776243 0.634635 0.032360 0.009444
92 0.268942 0.881317 0.030387 0.009699
92 0.134964 0.434533 0.025257 0.009954
120 0.779006 0.777182 0.014207 0.010209
207 0.689424 0.649056 0.018153 0.010209
93 0.203828 0.536498 0.028808 0.010209
207 0.755525 0.450995 0.016180 0.010720
207 0.689424 0.267739 0.016575 0.010720
63 0.630032 0.592649 0.033544 0.010720
52 0.777427 0.754594 0.018942 0.010975
92 0.411405 0.219372 0.030387 0.010975
128 0.742897 0.754977 0.006709 0.011230
85 0.626283 0.655947 0.014207 0.011230
52 0.463694 0.806023 0.018942 0.011230
52 0.772691 0.590352 0.023678 0.011230
207 0.481058 0.584865 0.018153 0.011485
499 0.554459 0.386549 0.041831 0.011485
56 0.603197 0.318275 0.011444 0.011741
88 0.901736 0.862430 0.013418 0.011741
91 0.779400 0.811894 0.022889 0.011741
92 0.891673 0.423175 0.028019 0.011741
52 0.686069 0.360133 0.029597 0.011741
101 0.900552 0.762379 0.044199 0.011741
88 0.691200 0.816871 0.009077 0.011996
52 0.203236 0.619576 0.027624 0.011996
88 0.772099 0.604390 0.018548 0.012251
91 0.463496 0.765697 0.021705 0.012251
52 0.410024 0.412966 0.030781 0.012251
88 0.740726 0.635656 0.011050 0.012506
85 0.742699 0.741833 0.011050 0.012506
98 0.463694 0.820955 0.024467 0.012506
52 0.687451 0.535605 0.026835 0.012506
56 0.202644 0.773099 0.015391 0.012762
60 0.776440 0.854262 0.016180 0.012762
120 0.343331 0.314446 0.017364 0.012762
120 0.410813 0.446912 0.019732 0.012762
52 0.897593 0.713629 0.034333 0.012762
88 0.687253 0.437340 0.014601 0.013017
56 0.757893 0.520801 0.023283 0.013017
861 0.691594 0.776289 0.036701 0.013017
85 0.635162 0.340480 0.010655 0.013272
56 0.687845 0.329760 0.016575 0.013272
207 0.692778 0.849923 0.020916 0.013272
52 0.269732 0.443083 0.034333 0.013272
52 0.622534 0.642420 0.035912 0.013272
68 0.776638 0.617534 0.007103 0.013527
111 0.467837 0.793389 0.013812 0.013527
88 0.757301 0.413859 0.014996 0.013527
88 0.626283 0.467458 0.014996 0.013527
76 0.553473 0.208142 0.017758 0.013527
52 0.412194 0.736728 0.025651 0.013527
52 0.894041 0.436064 0.034333 0.013527
1003 0.463102 0.126468 0.035912 0.013527
101 0.274665 0.230092 0.053670 0.013527
88 0.689029 0.227922 0.014207 0.013783
683 0.498027 0.747575 0.027624 0.013783
85 0.631807 0.857708 0.012628 0.014038
88 0.476717 0.386039 0.014996 0.014038
120 0.272297 0.868173 0.020521 0.014038
113 0.479282 0.667050 0.042226 0.014038
76 0.272691 0.304237 0.020521 0.014293
126 0.465864 0.778458 0.020916 0.014293
87 0.777032 0.725370 0.022889 0.014293
52 0.893449 0.608218 0.026046 0.014293
335 0.138713 0.669985 0.037490 0.014293
56 0.413575 0.640633 0.041042 0.014293
60 0.740726 0.787774 0.011050 0.014548
52 0.410024 0.504211 0.032360 0.014548
91 0.622928 0.526161 0.035122 0.014548
91 0.268745 0.629275 0.036306 0.014548
85 0.689227 0.520163 0.014601 0.014803
76 0.136938 0.724094 0.018153 0.014803
83 0.739345 0.654160 0.020126 0.014803
60 0.892463 0.450740 0.028019 0.014803
1415 0.340371 0.374426 0.033544 0.014803
68 0.135359 0.317126 0.026046 0.015059
65 0.899961 0.573890 0.027230 0.015059
98 0.685280 0.550919 0.039858 0.015059
88 0.688437 0.617152 0.014601 0.015314
88 0.626085 0.798622 0.015391 0.015314
117 0.136148 0.396886 0.016575 0.015314
88 0.339582 0.565084 0.029597 0.015314
501 0.134964 0.812660 0.033149 0.015314
126 0.203236 0.856559 0.033938 0.015314
88 0.412391 0.185681 0.015785 0.015569
87 0.742699 0.726263 0.023678 0.015569
2885 0.774862 0.689510 0.026440 0.015569
501 0.339779 0.465416 0.032360 0.015569
98 0.894238 0.625447 0.034728 0.015569
127 0.624309 0.228816 0.048145 0.015569
85 0.690805 0.740429 0.016180 0.015824
120 0.273086 0.318785 0.020521 0.015824
1022 0.135359 0.482134 0.037096 0.015824
101 0.343725 0.625064 0.048145 0.015824
699 0.741515 0.769142 0.018942 0.016080
120 0.625691 0.759188 0.020916 0.016080
302 0.343133 0.503190 0.031176 0.016080
52 0.759077 0.554747 0.031176 0.016080
91 0.340568 0.783180 0.031571 0.016080
113 0.270324 0.768887 0.038674 0.016080
113 0.476519 0.257147 0.040647 0.016080
98 0.757103 0.571593 0.042226 0.016080
85 0.275651 0.417815 0.016969 0.016335
253 0.272494 0.644972 0.024862 0.016335
886 0.742305 0.617662 0.026835 0.016335
721 0.767561 0.293772 0.029203 0.016335
127 0.626283 0.608474 0.047356 0.016335
68 0.903907 0.746172 0.007498 0.016590
85 0.760063 0.537136 0.014207 0.016590
95 0.775454 0.872256 0.024467 0.016590
52 0.618785 0.259188 0.028414 0.016590
501 0.274270 0.381189 0.033149 0.016590
1002 0.552881 0.496554 0.044988 0.016590
60 0.479676 0.683767 0.013023 0.016845
85 0.206196 0.604900 0.015391 0.016845
76 0.340371 0.296835 0.016180 0.016845
253 0.342541 0.635018 0.023678 0.016845
126 0.496646 0.804237 0.029597 0.016845
91 0.476914 0.503063 0.031176 0.016845
251 0.891673 0.517866 0.032755 0.016845
1867 0.561563 0.721286 0.033938 0.016845
113 0.136543 0.339204 0.037885 0.016845
3022 0.140884 0.541858 0.038674 0.016845
2489 0.497040 0.787519 0.033544 0.017101
2543 0.135754 0.706611 0.038674 0.017101
2189 0.552289 0.320699 0.039858 0.017101
85 0.779400 0.740174 0.010260 0.017356
85 0.621350 0.244002 0.013812 0.017356
1871 0.604578 0.301685 0.017364 0.017356
2595 0.342541 0.739153 0.034728 0.017356
98 0.683899 0.379786 0.040253 0.017356
287 0.276440 0.477795 0.046172 0.017356
85 0.207182 0.403905 0.012628 0.017611
60 0.271705 0.850817 0.016969 0.017611
83 0.902723 0.877106 0.031965 0.017611
501 0.341160 0.800536 0.034333 0.017611
98 0.203433 0.635145 0.039858 0.017611
2193 0.140292 0.601200 0.043804 0.017611
85 0.136938 0.378765 0.014996 0.017866
300 0.692384 0.757529 0.024073 0.017866
4033 0.773086 0.647524 0.025257 0.017866
253 0.274862 0.260847 0.025651 0.017866
87 0.824388 0.486728 0.027624 0.017866
83 0.689029 0.633486 0.029992 0.017866
76 0.617403 0.211843 0.030387 0.017866
68 0.272099 0.751659 0.033544 0.017866
85 0.687845 0.345202 0.014207 0.018121
85 0.894633 0.590735 0.014996 0.018121
85 0.482636 0.705079 0.014996 0.018121
76 0.893646 0.557300 0.023283 0.018121
88 0.896803 0.729071 0.026440 0.018121
91 0.821429 0.283691 0.031176 0.018121
88 0.272889 0.560618 0.031965 0.018121
83 0.623915 0.483538 0.032360 0.018121
335 0.562352 0.650204 0.035517 0.018121
91 0.407459 0.322103 0.031965 0.018377
91 0.412983 0.700613 0.032755 0.018377
126 0.205604 0.681725 0.034728 0.018377
98 0.271113 0.459418 0.037096 0.018377
1830 0.551500 0.369576 0.037490 0.018377
88 0.341160 0.861664 0.037490 0.018377
98 0.615825 0.277437 0.038279 0.018377
119 0.900552 0.697167 0.015785 0.018632
66 0.623323 0.623150 0.022494 0.018632
83 0.410024 0.203803 0.027624 0.018632
83 0.687056 0.455717 0.029203 0.018632
300 0.624112 0.672154 0.030387 0.018632
91 0.341160 0.680832 0.031965 0.018632
87 0.204025 0.500383 0.033938 0.018632
115 0.626875 0.842649 0.034333 0.018632
726 0.778019 0.707249 0.025651 0.018887
83 0.134767 0.686575 0.028019 0.018887
87 0.411997 0.429556 0.028414 0.018887
122 0.272691 0.710311 0.030781 0.018887
91 0.338990 0.357836 0.032360 0.018887
978 0.755722 0.378509 0.032360 0.018887
1415 0.340174 0.697805 0.032360 0.018887
757 0.768153 0.274885 0.034333 0.018887
91 0.136346 0.235069 0.035122 0.018887
978 0.410418 0.395865 0.036306 0.018887
68 0.477111 0.236600 0.037096 0.018887
683 0.204420 0.789689 0.037885 0.018887
98 0.412391 0.754722 0.040253 0.018887
300 0.483031 0.724732 0.028414 0.019142
83 0.275059 0.241577 0.033149 0.019142
54 0.552881 0.188744 0.033938 0.019142
83 0.692186 0.833206 0.035517 0.019142
85 0.826756 0.533435 0.014207 0.019398
111 0.466654 0.748086 0.015391 0.019398
92 0.895225 0.534967 0.017758 0.019398
60 0.414562 0.657223 0.017758 0.019398
300 0.338990 0.237366 0.024467 0.019398
58 0.202447 0.754722 0.024467 0.019398
91 0.204815 0.482899 0.032360 0.019398
91 0.892068 0.269270 0.034333 0.019398
85 0.342739 0.604262 0.012234 0.019653
978 0.741713 0.593287 0.021705 0.019653
92 0.690016 0.666539 0.024073 0.019653
4260 0.339384 0.838566 0.025257 0.019653
122 0.134964 0.276289 0.028414 0.019653
1185 0.274270 0.399821 0.032360 0.019653
4260 0.634964 0.300026 0.033938 0.019653
126 0.416140 0.717841 0.036701 0.019653
52 0.689621 0.681853 0.039069 0.019653
85 0.272494 0.209801 0.012234 0.019908
60 0.270324 0.787902 0.014996 0.019908
92 0.689424 0.698571 0.021310 0.019908
87 0.206985 0.424706 0.031965 0.019908
68 0.482833 0.651608 0.033544 0.019908
99 0.140489 0.417305 0.042620 0.019908
76 0.777230 0.837289 0.015391 0.020163
88 0.893844 0.346478 0.016575 0.020163
76 0.338990 0.877106 0.018153 0.020163
2750 0.634175 0.319423 0.032360 0.020163
2489 0.273481 0.340097 0.038674 0.020163
3177 0.557222 0.575932 0.040253 0.020163
126 0.274270 0.688234 0.046567 0.020163
88 0.138122 0.792751 0.034728 0.020419
126 0.143054 0.255487 0.036701 0.020419
2489 0.414365 0.466054 0.039463 0.020419
60 0.476717 0.211970 0.014996 0.020674
60 0.134570 0.358984 0.014996 0.020674
253 0.482439 0.522078 0.023283 0.020674
642 0.895028 0.497575 0.023678 0.020674
642 0.823402 0.213757 0.024073 0.020674
126 0.487372 0.568019 0.035517 0.020674
126 0.343331 0.394717 0.036306 0.020674
2189 0.557814 0.477157 0.039858 0.020674
126 0.414562 0.619576 0.041436 0.020674
111 0.779795 0.795048 0.012628 0.020929
60 0.269337 0.728688 0.014601 0.020929
91 0.134767 0.830015 0.028019 0.020929
3157 0.898777 0.804747 0.033544 0.020929
126 0.207577 0.311128 0.034728 0.020929
2346 0.498027 0.127106 0.037096 0.020929
126 0.414957 0.487749 0.038279 0.020929
126 0.344515 0.718989 0.040253 0.020929
85 0.271507 0.806151 0.017364 0.021184
1256 0.551894 0.304620 0.031965 0.021184
126 0.201657 0.234176 0.033938 0.021184
683 0.413970 0.544793 0.034728 0.021184
251 0.821429 0.237749 0.035122 0.021184
126 0.277230 0.361536 0.037490 0.021184
126 0.137135 0.878382 0.039069 0.021184
111 0.208169 0.461970 0.018548 0.021440
2683 0.135951 0.500766 0.028019 0.021440
122 0.482044 0.190148 0.031965 0.021440
3022 0.691792 0.398162 0.044988 0.021440
2489 0.202447 0.839969 0.046567 0.021440
726 0.741910 0.704058 0.026835 0.021695
83 0.478295 0.403905 0.032360 0.021695
122 0.481847 0.603752 0.033938 0.021695
1185 0.340963 0.819678 0.034728 0.021695
104 0.757695 0.211970 0.041042 0.021695
709 0.135359 0.459673 0.030781 0.021950
76 0.342147 0.583716 0.030781 0.021950
1185 0.341160 0.483410 0.035912 0.021950
1301 0.687845 0.477540 0.038674 0.021950
886 0.622731 0.382338 0.043410 0.021950
60 0.475533 0.275778 0.016575 0.022205
726 0.773481 0.668326 0.022099 0.022205
78 0.690213 0.724732 0.027624 0.022205
3290 0.495659 0.825549 0.031571 0.022205
1126 0.272297 0.607325 0.033938 0.022205
4084 0.900947 0.849030 0.034728 0.022205
273 0.338792 0.259188 0.035122 0.022205
91 0.412391 0.374553 0.035517 0.022205
1894 0.139503 0.523609 0.036701 0.022205
3735 0.628453 0.876850 0.042226 0.022205
2489 0.414957 0.596861 0.049329 0.022205
119 0.136543 0.745278 0.018942 0.022460
83 0.686069 0.249362 0.026440 0.022460
4129 0.498224 0.156202 0.032755 0.022460
83 0.751776 0.432874 0.033149 0.022460
126 0.137530 0.649566 0.035912 0.022460
2822 0.552684 0.284329 0.039858 0.022460
1880 0.549132 0.432619 0.042226 0.022460
60 0.133386 0.296452 0.014996 0.022716
111 0.137135 0.211460 0.019337 0.022716
54 0.744278 0.820189 0.020521 0.022716
4260 0.340371 0.544283 0.024862 0.022716
282 0.496843 0.765824 0.030781 0.022716
324 0.552289 0.455972 0.036701 0.022716
3778 0.625296 0.781394 0.039069 0.022716
119 0.745264 0.845074 0.013023 0.022971
2259 0.741713 0.676876 0.028019 0.022971
51 0.899961 0.675089 0.031176 0.022971
4119 0.482833 0.545431 0.037490 0.022971
870 0.894830 0.247065 0.039858 0.022971
117 0.686069 0.287009 0.019337 0.023226
126 0.205209 0.358729 0.033149 0.023226
4132 0.479874 0.458780 0.037885 0.023226
870 0.479479 0.872767 0.038674 0.023226
121 0.205801 0.519525 0.040647 0.023226
113 0.761247 0.189510 0.042620 0.023226
119 0.826559 0.515059 0.016180 0.023481
2540 0.559392 0.745789 0.031176 0.023481
721 0.270916 0.830781 0.033544 0.023481
1384 0.205209 0.384380 0.040253 0.023481
74 0.757103 0.472307 0.023283 0.023737
721 0.559787 0.698443 0.033544 0.023737
95 0.411010 0.524630 0.036701 0.023737
2593 0.627861 0.819806 0.025257 0.023992
126 0.627269 0.576570 0.031176 0.023992
4260 0.340371 0.446146 0.037490 0.023992
2346 0.205998 0.556917 0.041042 0.023992
1232 0.691002 0.597499 0.045777 0.023992
4245 0.563141 0.673558 0.045777 0.023992
70 0.204617 0.445763 0.032755 0.024247
3290 0.195541 0.876340 0.039069 0.024247
1762 0.139305 0.770419 0.043410 0.024247
1189 0.625099 0.426110 0.044199 0.024247
886 0.757695 0.399311 0.048934 0.024247
68 0.829913 0.429301 0.007103 0.024502
76 0.686661 0.312404 0.029992 0.024502
51 0.827940 0.372894 0.031571 0.024502
2203 0.688437 0.190914 0.034333 0.024502
486 0.560576 0.600306 0.041436 0.024502
1575 0.687253 0.212226 0.021705 0.024758
1157 0.338792 0.520546 0.030387 0.024758
1827 0.554065 0.260720 0.038674 0.024758
118 0.896606 0.474987 0.023678 0.025013
2674 0.760063 0.157478 0.041042 0.025013
685 0.623520 0.403012 0.044199 0.025013
316 0.627664 0.506126 0.048540 0.025013
60 0.480268 0.624426 0.015785 0.025268
2593 0.203433 0.704313 0.031176 0.025268
4129 0.205209 0.336269 0.039463 0.025268
978 0.621744 0.358984 0.039858 0.025268
4119 0.274270 0.282925 0.040253 0.025268
4129 0.204617 0.584099 0.043804 0.025268
4727 0.555841 0.552323 0.034333 0.025523
4068 0.408248 0.240429 0.039069 0.025523
316 0.342344 0.281011 0.046961 0.025523
111 0.411997 0.678535 0.022099 0.025778
119 0.828335 0.399056 0.029203 0.025778
28 0.757695 0.322231 0.044199 0.025778
316 0.344712 0.334227 0.044594 0.025778
3298 0.343725 0.762251 0.044988 0.025778
2599 0.271507 0.664370 0.029992 0.026034
4132 0.201460 0.213119 0.037490 0.026034
3843 0.893844 0.322869 0.037885 0.026034
1411 0.139897 0.624809 0.038279 0.026034
2346 0.205998 0.259061 0.044199 0.026034
3668 0.899961 0.828994 0.045383 0.026034
127 0.622139 0.191169 0.046961 0.026034
1197 0.480466 0.480475 0.039069 0.026289
4132 0.204420 0.285733 0.041831 0.026289
706 0.559590 0.625574 0.033149 0.026544
4132 0.273086 0.583461 0.039463 0.026544
4122 0.478493 0.364727 0.039858 0.026544
4068 0.479874 0.432874 0.041042 0.026544
975 0.757498 0.133486 0.043804 0.026544
1251 0.687253 0.421006 0.032755 0.026799
313 0.340174 0.419474 0.034728 0.026799
1297 0.552881 0.405692 0.038674 0.026799
1562 0.343528 0.214267 0.041436 0.026799
1774 0.135556 0.855156 0.043804 0.026799
4132 0.412194 0.267483 0.040647 0.027055
1804 0.825572 0.306406 0.039463 0.027310
1804 0.896212 0.370214 0.041831 0.027310
28 0.479282 0.302833 0.045383 0.027310
101 0.203631 0.730219 0.032360 0.027565
3138 0.625099 0.735069 0.037096 0.027565
1995 0.411800 0.345584 0.045383 0.027565
2599 0.340766 0.657095 0.028808 0.027820
1018 0.686464 0.498469 0.040647 0.028076
1831 0.625493 0.697677 0.037096 0.028331
1502 0.205604 0.657478 0.039463 0.028586
119 0.553473 0.227795 0.026440 0.028841
1251 0.623520 0.453165 0.035517 0.028841
313 0.754538 0.352221 0.037096 0.029096
282 0.199290 0.813680 0.043410 0.029096
75 0.831097 0.560490 0.029992 0.029607
1921 0.479479 0.847371 0.032360 0.029607
1018 0.624901 0.547728 0.046961 0.029607
53 0.757301 0.499872 0.018153 0.029862
4646 0.898579 0.778841 0.022099 0.029862
2959 0.894041 0.401097 0.037490 0.029862
4252 0.686464 0.572103 0.038279 0.029862
296 0.897790 0.650077 0.033149 0.030117
350 0.553670 0.341246 0.037096 0.030117
62 0.692186 0.872511 0.033149 0.030373
313 0.476717 0.336013 0.035517 0.030373
1018 0.563931 0.771950 0.043410 0.030373
2891 0.894041 0.295048 0.031965 0.030628
282 0.411997 0.570444 0.041042 0.030628
870 0.691594 0.798622 0.043804 0.030628
2829 0.137530 0.574145 0.046172 0.030883
1984 0.272889 0.534712 0.037490 0.031138
1126 0.413378 0.295304 0.038279 0.031649
4196 0.825572 0.264548 0.046567 0.031904
4541 0.552684 0.523099 0.039069 0.033435
1921 0.892463 0.217841 0.033544 0.033946
78 0.756117 0.243874 0.035517 0.034967
2959 0.826164 0.341501 0.045383 0.035733
296 0.826559 0.460949 0.034333 0.039306
