169 0.140361 0.275757 0.011386 0.004579
169 0.215548 0.680234 0.010208 0.005088
169 0.682568 0.679344 0.009815 0.005851
128 0.261680 0.439328 0.012956 0.006614
92 0.055163 0.306283 0.024735 0.007632
92 0.400275 0.711778 0.028661 0.008649
92 0.258736 0.336937 0.022772 0.008904
92 0.537102 0.808954 0.035336 0.009158
196 0.195132 0.757695 0.016490 0.009412
92 0.536317 0.233783 0.032195 0.009667
207 0.330192 0.501781 0.015705 0.009921
92 0.057715 0.450394 0.027483 0.009921
207 0.333137 0.732129 0.014527 0.010176
129 0.273066 0.491987 0.023950 0.010176
92 0.672556 0.373060 0.029839 0.010430
207 0.606596 0.549606 0.015705 0.010939
92 0.466431 0.420631 0.028269 0.010939
120 0.263644 0.427118 0.016097 0.011193
196 0.198272 0.720682 0.016490 0.011193
205 0.199843 0.772068 0.028269 0.011193
102 0.194935 0.440346 0.038084 0.011193
56 0.260306 0.285296 0.008638 0.011447
85 0.605811 0.302595 0.014920 0.011447
52 0.465646 0.258586 0.030624 0.011447
88 0.401453 0.862376 0.013742 0.011702
56 0.673930 0.341516 0.008245 0.011956
56 0.131331 0.402569 0.012171 0.011956
128 0.535925 0.771941 0.014134 0.011956
183 0.199843 0.783516 0.033765 0.012211
56 0.332155 0.823073 0.011779 0.012465
52 0.328033 0.260621 0.024735 0.012465
64 0.743816 0.729077 0.010601 0.012719
64 0.673537 0.427118 0.017668 0.012719
183 0.200628 0.734292 0.033765 0.012974
85 0.334315 0.858815 0.015312 0.013228
172 0.133294 0.329306 0.013742 0.013483
56 0.744601 0.280209 0.033373 0.013483
52 0.607185 0.819512 0.033373 0.013483
52 0.603455 0.590053 0.035336 0.013483
52 0.536906 0.740524 0.034158 0.013737
56 0.671574 0.464004 0.035728 0.013737
56 0.333726 0.540702 0.012564 0.013991
52 0.537102 0.522895 0.027483 0.013991
64 0.742049 0.264818 0.012564 0.014246
62 0.058108 0.774358 0.018060 0.014246
56 0.604633 0.380056 0.036121 0.014246
85 0.333137 0.595904 0.014527 0.014500
85 0.606007 0.654414 0.015312 0.014500
85 0.537495 0.509158 0.016490 0.014500
120 0.266784 0.613966 0.016883 0.014500
62 0.603455 0.804248 0.021201 0.014500
91 0.470750 0.840117 0.032195 0.014500
81 0.057322 0.340244 0.035336 0.014500
66 0.257754 0.298652 0.014527 0.014755
110 0.397919 0.271687 0.024735 0.014755
110 0.403416 0.581786 0.025520 0.014755
85 0.744209 0.225261 0.013742 0.015009
120 0.676678 0.541720 0.016097 0.015009
85 0.672949 0.283770 0.017275 0.015009
64 0.674519 0.326253 0.018846 0.015009
287 0.471928 0.877766 0.042403 0.015009
287 0.677267 0.496947 0.043188 0.015009
85 0.195328 0.802595 0.017668 0.015263
91 0.463879 0.321292 0.031802 0.015263
91 0.741461 0.664971 0.032587 0.015263
102 0.263644 0.628084 0.042010 0.015263
120 0.264429 0.552150 0.019238 0.015518
120 0.469768 0.658484 0.020024 0.015518
110 0.400471 0.723607 0.021201 0.015518
123 0.609148 0.856398 0.031802 0.015518
287 0.403416 0.472780 0.042010 0.015518
123 0.605418 0.620198 0.014920 0.015772
66 0.742835 0.347494 0.015705 0.015772
64 0.536710 0.698804 0.020416 0.015772
110 0.537299 0.820656 0.020809 0.015772
60 0.610130 0.837955 0.027483 0.015772
287 0.472320 0.518698 0.040832 0.015772
287 0.471928 0.712033 0.043973 0.015772
56 0.057911 0.815187 0.014527 0.016026
76 0.539066 0.858433 0.024342 0.016026
120 0.058697 0.402569 0.026305 0.016026
98 0.464861 0.273340 0.032980 0.016026
113 0.402042 0.878530 0.036121 0.016026
287 0.678838 0.605571 0.040832 0.016026
85 0.466431 0.242686 0.016490 0.016281
91 0.400275 0.802086 0.031017 0.016281
2151 0.672360 0.214195 0.033373 0.016281
91 0.602866 0.362249 0.033373 0.016281
56 0.741657 0.366319 0.033765 0.016281
84 0.403612 0.741796 0.036906 0.016281
91 0.399882 0.534597 0.027876 0.016535
110 0.463486 0.339227 0.028661 0.016535
300 0.606007 0.674510 0.028661 0.016535
91 0.191402 0.329560 0.029446 0.016535
683 0.403416 0.489061 0.034158 0.016535
88 0.533765 0.359196 0.014527 0.016790
88 0.327051 0.468074 0.015705 0.016790
88 0.061052 0.752735 0.017668 0.016790
85 0.327444 0.244594 0.010993 0.017044
88 0.331567 0.691046 0.013742 0.017044
56 0.057715 0.489061 0.014134 0.017044
85 0.400864 0.653396 0.017275 0.017044
117 0.740675 0.774230 0.020024 0.017044
88 0.744209 0.712414 0.030232 0.017044
91 0.465842 0.468710 0.031017 0.017044
127 0.607774 0.637115 0.040047 0.017044
118 0.408127 0.617146 0.011386 0.017298
120 0.400079 0.254134 0.015705 0.017298
85 0.535925 0.216103 0.013349 0.017553
85 0.743227 0.578352 0.015705 0.017553
66 0.330978 0.557746 0.018060 0.017553
91 0.669219 0.262656 0.026305 0.017553
110 0.744405 0.245485 0.025128 0.017807
547 0.331174 0.352836 0.035728 0.017807
110 0.602277 0.220682 0.023557 0.018062
1415 0.469572 0.694861 0.032195 0.018062
84 0.400667 0.235945 0.034943 0.018062
85 0.192776 0.451539 0.023557 0.018316
110 0.536710 0.417451 0.029054 0.018316
98 0.534747 0.539303 0.034550 0.018316
113 0.535139 0.377003 0.036906 0.018316
85 0.672163 0.730221 0.010993 0.018570
92 0.538869 0.678581 0.017668 0.018570
88 0.609148 0.514755 0.018453 0.018570
110 0.672556 0.410455 0.026698 0.018570
300 0.335296 0.875986 0.026698 0.018570
300 0.332548 0.616001 0.028269 0.018570
683 0.537299 0.398245 0.038084 0.018570
82 0.401060 0.286823 0.042010 0.018570
88 0.258147 0.247520 0.016097 0.018825
117 0.672752 0.445943 0.018453 0.018825
110 0.397527 0.216739 0.024735 0.018825
300 0.605222 0.317985 0.024735 0.018825
60 0.606400 0.601374 0.027091 0.018825
83 0.534943 0.839735 0.028661 0.018825
88 0.606596 0.788349 0.035336 0.018825
76 0.534747 0.469982 0.018060 0.019079
88 0.197095 0.590817 0.036906 0.019079
1002 0.129957 0.385525 0.045544 0.019079
68 0.674912 0.358942 0.005497 0.019334
85 0.400079 0.352582 0.011779 0.019334
83 0.807224 0.305520 0.029839 0.019334
91 0.058304 0.630628 0.033373 0.019334
769 0.539066 0.577461 0.037691 0.019334
76 0.464664 0.378657 0.020809 0.019588
88 0.538477 0.558509 0.032587 0.019588
91 0.058304 0.533834 0.033373 0.019588
92 0.604633 0.395574 0.015705 0.019842
76 0.602866 0.262783 0.021594 0.019842
87 0.399097 0.334012 0.027091 0.019842
249 0.673930 0.631900 0.027091 0.019842
1415 0.399882 0.454592 0.035728 0.019842
2198 0.676090 0.389977 0.041618 0.019842
85 0.538280 0.307174 0.014920 0.020097
88 0.195720 0.376367 0.020809 0.020097
87 0.266588 0.595650 0.028269 0.020097
98 0.324499 0.277156 0.034158 0.020097
331 0.197291 0.645001 0.035728 0.020097
88 0.061249 0.684940 0.036906 0.020097
85 0.540243 0.753498 0.012564 0.020351
85 0.472124 0.723989 0.013742 0.020351
66 0.057322 0.288985 0.021201 0.020351
62 0.541421 0.875604 0.032195 0.020351
3778 0.606203 0.342915 0.035336 0.020351
64 0.060463 0.709107 0.018060 0.020605
109 0.259914 0.269779 0.036121 0.020605
109 0.400864 0.394175 0.038477 0.020605
127 0.054378 0.575553 0.044366 0.020605
68 0.681782 0.481302 0.007460 0.020860
117 0.400471 0.674637 0.016490 0.020860
76 0.265607 0.533706 0.017668 0.020860
3157 0.328229 0.372424 0.032195 0.020860
126 0.472124 0.564996 0.033373 0.020860
68 0.409109 0.635335 0.007067 0.021114
117 0.394386 0.373060 0.012956 0.021114
83 0.607185 0.533325 0.023950 0.021114
1195 0.195917 0.663826 0.034550 0.021114
76 0.467413 0.639786 0.016097 0.021369
300 0.189439 0.471636 0.027876 0.021369
3172 0.474872 0.801323 0.034943 0.021369
88 0.132116 0.453574 0.038084 0.021369
1999 0.746172 0.326380 0.039654 0.021369
83 0.329603 0.485500 0.031017 0.021623
109 0.333530 0.805775 0.036514 0.021623
82 0.406949 0.597431 0.046722 0.021623
119 0.059874 0.321801 0.016097 0.021877
322 0.196309 0.534724 0.025128 0.021877
91 0.468983 0.677436 0.032587 0.021877
127 0.193561 0.424065 0.034550 0.021877
316 0.472909 0.823200 0.049863 0.021877
119 0.603062 0.416815 0.014134 0.022132
107 0.054181 0.264437 0.018846 0.022132
685 0.327837 0.394175 0.032195 0.022132
70 0.053789 0.383236 0.032980 0.022132
3806 0.471928 0.858942 0.036906 0.022132
3799 0.403023 0.845968 0.039654 0.022132
1502 0.671967 0.585347 0.024735 0.022386
51 0.673930 0.750954 0.029446 0.022386
78 0.265018 0.475452 0.032195 0.022386
1063 0.328426 0.225134 0.045151 0.022386
127 0.058108 0.792928 0.045544 0.022386
53 0.741657 0.557746 0.012564 0.022641
83 0.329015 0.711651 0.020416 0.022641
83 0.602081 0.241287 0.030232 0.022641
121 0.536121 0.660265 0.036514 0.022641
126 0.330978 0.329178 0.032980 0.022895
109 0.332548 0.521750 0.033765 0.022895
3996 0.402827 0.821674 0.039262 0.022895
121 0.261680 0.317731 0.042010 0.022895
127 0.612485 0.873060 0.046329 0.022895
111 0.744013 0.620834 0.017275 0.023149
117 0.058304 0.553422 0.019238 0.023149
83 0.467413 0.359323 0.028661 0.023149
90 0.059089 0.359323 0.032587 0.023149
95 0.803691 0.279954 0.034550 0.023149
126 0.198272 0.249682 0.037691 0.023149
978 0.123282 0.292419 0.040047 0.023149
109 0.402434 0.695625 0.040047 0.023149
1646 0.607774 0.765581 0.047114 0.023149
1720 0.330192 0.673111 0.027483 0.023404
121 0.332155 0.577461 0.032980 0.023404
88 0.605222 0.435004 0.038084 0.023404
1946 0.470554 0.778682 0.038869 0.023404
68 0.405575 0.441491 0.006282 0.023658
76 0.056144 0.509667 0.026698 0.023658
58 0.607185 0.284788 0.034158 0.023658
2143 0.131527 0.425210 0.036906 0.023658
58 0.745583 0.600992 0.037691 0.023658
720 0.400079 0.417705 0.032980 0.023912
720 0.674715 0.561435 0.033373 0.023912
120 0.402238 0.309718 0.023165 0.024167
970 0.190616 0.224752 0.024735 0.024167
87 0.746172 0.412236 0.030232 0.024167
71 0.200628 0.846731 0.031410 0.024167
401 0.328229 0.419868 0.035336 0.024167
1129 0.195917 0.697660 0.035336 0.024167
3778 0.264429 0.573264 0.037299 0.024167
3165 0.807813 0.256042 0.038084 0.024167
683 0.195720 0.871152 0.040440 0.024167
119 0.062819 0.731875 0.018060 0.024421
277 0.059678 0.470364 0.036906 0.024421
119 0.742442 0.387560 0.023557 0.024676
126 0.744994 0.531544 0.034943 0.024676
2548 0.402238 0.512719 0.038869 0.024676
117 0.194543 0.400916 0.020024 0.024930
1880 0.538673 0.603918 0.024342 0.024930
108 0.264821 0.510557 0.027876 0.024930
54 0.263251 0.382727 0.025520 0.025184
91 0.263447 0.452684 0.036906 0.025184
3778 0.190616 0.353472 0.038869 0.025184
353 0.124656 0.317349 0.042795 0.025184
316 0.745190 0.645001 0.043188 0.025184
62 0.607381 0.569575 0.032195 0.025439
111 0.053985 0.836301 0.016883 0.025693
118 0.262662 0.408420 0.022772 0.025693
726 0.055752 0.426991 0.032195 0.025693
120 0.743424 0.440219 0.032587 0.025693
58 0.539458 0.492623 0.033765 0.025693
28 0.192580 0.194734 0.038869 0.025693
74 0.538673 0.719919 0.025128 0.025948
3435 0.672360 0.657339 0.033373 0.025948
1406 0.332548 0.752480 0.037691 0.025948
28 0.604829 0.194607 0.041225 0.025948
121 0.462309 0.219155 0.023950 0.026202
74 0.742246 0.749809 0.024735 0.026202
58 0.468394 0.401806 0.032195 0.026202
95 0.332155 0.839608 0.037691 0.026202
4079 0.197684 0.620580 0.038084 0.026711
3435 0.124460 0.253879 0.030624 0.026965
28 0.330389 0.194353 0.039654 0.026965
1990 0.541618 0.789112 0.044366 0.026965
118 0.405771 0.763292 0.015312 0.027220
4037 0.259717 0.356271 0.030232 0.027220
2145 0.532784 0.284152 0.035336 0.027474
3205 0.468002 0.750827 0.028269 0.027728
3758 0.194543 0.824472 0.038084 0.027983
110 0.674519 0.305393 0.027483 0.028237
2379 0.329800 0.445561 0.040047 0.028237
577 0.333137 0.780081 0.040440 0.028237
249 0.124068 0.224370 0.032980 0.028491
3338 0.468198 0.541084 0.034943 0.028491
102 0.060071 0.600483 0.046329 0.028746
68 0.476835 0.624523 0.009815 0.029000
1530 0.533765 0.254643 0.023950 0.029000
870 0.193757 0.308064 0.035728 0.029000
68 0.402434 0.778046 0.016490 0.029255
296 0.328033 0.302849 0.021594 0.029255
1921 0.192383 0.277919 0.029839 0.029255
51 0.056930 0.240524 0.030624 0.029255
119 0.674715 0.777156 0.013742 0.029509
1129 0.740283 0.498855 0.034943 0.029509
1170 0.676875 0.519461 0.036121 0.029509
68 0.747546 0.301323 0.006282 0.029763
121 0.746172 0.793055 0.047507 0.029763
1087 0.399097 0.558128 0.027876 0.030018
2143 0.462701 0.298397 0.034158 0.030018
2143 0.669022 0.240651 0.038477 0.030018
1607 0.743620 0.688629 0.036121 0.030527
1232 0.607774 0.489061 0.047899 0.030781
1984 0.257362 0.222335 0.034158 0.031035
1984 0.194935 0.563470 0.039654 0.031035
1771 0.543777 0.634699 0.040047 0.031035
83 0.535532 0.442763 0.014920 0.031290
1087 0.467609 0.494785 0.029054 0.031544
4345 0.060660 0.657466 0.039654 0.031799
4252 0.601296 0.460697 0.037299 0.032053
1560 0.742049 0.471381 0.040832 0.032053
1170 0.671771 0.703256 0.032980 0.032307
1505 0.806832 0.225261 0.034550 0.032307
1871 0.535925 0.334393 0.034550 0.032307
1505 0.469965 0.442254 0.040047 0.032816
68 0.262662 0.646909 0.007067 0.033070
322 0.612093 0.742305 0.035336 0.034088
1505 0.466824 0.594632 0.032195 0.034342
4116 0.135257 0.353981 0.034943 0.036378
3510 0.331370 0.644365 0.034550 0.037649
