92 0.741667 0.188813 0.018182 0.007087
297 0.474053 0.248038 0.016288 0.008099
120 0.505303 0.392053 0.013636 0.009618
64 0.243939 0.483169 0.015152 0.009618
52 0.245076 0.362946 0.024242 0.010630
128 0.691667 0.405594 0.012121 0.010883
85 0.504545 0.337763 0.016667 0.010883
207 0.559470 0.275753 0.017424 0.010883
207 0.427841 0.496963 0.020076 0.010883
52 0.426705 0.845229 0.027652 0.010883
57 0.508902 0.288535 0.016288 0.011136
52 0.823485 0.648190 0.028030 0.011136
92 0.828977 0.764110 0.030682 0.011136
207 0.359659 0.250949 0.018561 0.011390
207 0.625379 0.542015 0.018939 0.011390
207 0.825000 0.371172 0.020455 0.011390
207 0.363447 0.531511 0.019318 0.011643
207 0.229356 0.664895 0.020076 0.011643
207 0.560795 0.790433 0.024621 0.011643
52 0.689962 0.478360 0.027652 0.011643
98 0.424242 0.857504 0.040152 0.011643
56 0.162121 0.404328 0.012879 0.011896
128 0.566667 0.826247 0.015152 0.011896
120 0.163068 0.627310 0.017045 0.011896
207 0.625379 0.414072 0.018182 0.012149
207 0.558902 0.522906 0.019318 0.012149
207 0.759848 0.437611 0.019697 0.012149
52 0.359091 0.633004 0.025000 0.012149
52 0.758902 0.565173 0.029167 0.012149
2489 0.504356 0.406732 0.030682 0.012149
128 0.824432 0.455201 0.010985 0.012402
64 0.215720 0.427866 0.019318 0.012402
207 0.824621 0.528347 0.020455 0.012402
85 0.243371 0.513035 0.014015 0.012655
207 0.426136 0.747659 0.019697 0.012655
85 0.246212 0.351936 0.013636 0.012908
207 0.758523 0.741458 0.018561 0.012908
64 0.360985 0.309922 0.019697 0.012908
64 0.242424 0.319666 0.016667 0.013161
85 0.427273 0.830423 0.021212 0.013161
85 0.625947 0.630347 0.018561 0.013414
88 0.216098 0.413187 0.021591 0.013414
52 0.359280 0.344343 0.028409 0.013414
60 0.214962 0.398886 0.008712 0.013667
91 0.772348 0.254872 0.022727 0.013667
81 0.243561 0.435333 0.025758 0.013667
57 0.633523 0.456846 0.026136 0.013667
107 0.210227 0.329916 0.015909 0.013921
88 0.760985 0.883194 0.019697 0.013921
207 0.627462 0.751076 0.020076 0.013921
101 0.562500 0.557707 0.056061 0.013921
128 0.292992 0.400152 0.007955 0.014174
85 0.827462 0.862440 0.017045 0.014427
83 0.216288 0.499747 0.017424 0.014427
85 0.692235 0.464819 0.018561 0.014427
52 0.492803 0.205138 0.029545 0.014427
81 0.557955 0.631359 0.036364 0.014427
287 0.295833 0.229689 0.043939 0.014427
83 0.243371 0.449253 0.022348 0.014680
88 0.212689 0.295115 0.023106 0.014680
1415 0.892803 0.608960 0.046212 0.014680
85 0.759659 0.550620 0.020833 0.014933
120 0.359470 0.881422 0.022727 0.014933
113 0.692045 0.417742 0.036364 0.014933
81 0.227083 0.699443 0.039015 0.014933
73 0.562500 0.215009 0.043182 0.014933
64 0.885795 0.402936 0.019318 0.015186
85 0.760038 0.829157 0.019318 0.015186
85 0.492424 0.190078 0.020455 0.015186
85 0.824811 0.633511 0.020833 0.015186
76 0.504735 0.274108 0.026894 0.015186
81 0.160606 0.528980 0.037879 0.015186
300 0.243182 0.527588 0.022727 0.015439
62 0.891098 0.805745 0.024621 0.015439
56 0.560417 0.364338 0.035227 0.015439
73 0.628220 0.587067 0.043561 0.015439
56 0.161553 0.515059 0.012500 0.015692
88 0.160417 0.665148 0.018561 0.015692
92 0.160038 0.477094 0.019318 0.015692
88 0.242235 0.302202 0.022348 0.015692
58 0.215341 0.347001 0.023106 0.015692
56 0.559848 0.541382 0.033333 0.015692
98 0.825379 0.826373 0.034091 0.015692
56 0.226894 0.684637 0.034848 0.015692
91 0.558523 0.343457 0.035227 0.015692
91 0.291667 0.214882 0.035606 0.015692
89 0.892045 0.478866 0.037879 0.015692
56 0.888447 0.443812 0.014773 0.015945
1006 0.695644 0.761706 0.038258 0.015945
98 0.242803 0.377120 0.027273 0.016198
1891 0.907386 0.233106 0.028409 0.016198
91 0.357765 0.794482 0.029924 0.016198
113 0.820455 0.469754 0.040152 0.016198
85 0.425758 0.615667 0.018939 0.016452
85 0.559470 0.672108 0.023485 0.016452
91 0.155871 0.309415 0.026136 0.016452
56 0.160038 0.570109 0.032955 0.016452
98 0.356629 0.647304 0.038258 0.016452
85 0.693371 0.242470 0.012500 0.016705
111 0.217803 0.442673 0.014394 0.016705
107 0.214773 0.384713 0.015909 0.016705
335 0.217992 0.481397 0.026136 0.016705
285 0.756818 0.365224 0.027273 0.016705
683 0.571402 0.262465 0.035985 0.016705
111 0.246023 0.496963 0.013258 0.016958
88 0.822159 0.336750 0.015530 0.016958
129 0.895265 0.669577 0.020076 0.016958
66 0.293371 0.382055 0.021591 0.016958
66 0.158712 0.386864 0.021970 0.016958
64 0.225189 0.191471 0.024621 0.016958
1989 0.773674 0.215515 0.027652 0.016958
683 0.835417 0.515439 0.038258 0.016958
118 0.509280 0.303467 0.013258 0.017211
66 0.888258 0.651987 0.020455 0.017211
126 0.214394 0.364971 0.021970 0.017211
66 0.558902 0.378385 0.022348 0.017211
91 0.159280 0.460390 0.029167 0.017211
111 0.243182 0.335232 0.013636 0.017464
2894 0.212311 0.256770 0.028409 0.017464
98 0.824242 0.662491 0.038636 0.017464
117 0.244318 0.417363 0.013636 0.017717
85 0.361364 0.328271 0.016667 0.017717
88 0.556439 0.487218 0.016667 0.017717
88 0.359470 0.841053 0.018182 0.017717
88 0.289394 0.612250 0.019697 0.017717
88 0.558523 0.754746 0.020076 0.017717
85 0.292803 0.440142 0.020455 0.017717
83 0.826326 0.748924 0.032197 0.017717
98 0.758712 0.580106 0.039394 0.017717
683 0.635227 0.526955 0.040152 0.017717
88 0.425758 0.461023 0.016667 0.017970
88 0.758333 0.710580 0.016667 0.017970
85 0.229545 0.734371 0.016667 0.017970
53 0.626515 0.768033 0.018182 0.017970
981 0.907386 0.213743 0.022348 0.017970
120 0.426136 0.786510 0.024242 0.017970
91 0.160795 0.421286 0.029924 0.017970
88 0.625568 0.714250 0.015530 0.018223
120 0.425758 0.540116 0.021970 0.018223
699 0.180492 0.212351 0.022348 0.018223
683 0.640341 0.854214 0.027652 0.018223
359 0.506061 0.252594 0.030303 0.018223
2833 0.503598 0.356872 0.031439 0.018223
91 0.290720 0.566439 0.031439 0.018223
300 0.826705 0.879524 0.032955 0.018223
127 0.164773 0.793470 0.043939 0.018223
85 0.563447 0.398254 0.013258 0.018476
57 0.633902 0.213490 0.024621 0.018476
721 0.771780 0.272969 0.025379 0.018476
300 0.227273 0.753860 0.032576 0.018476
81 0.160227 0.585548 0.036364 0.018476
108 0.228977 0.715768 0.017045 0.018729
78 0.211553 0.315110 0.021591 0.018729
2002 0.775189 0.237408 0.032197 0.018729
2489 0.358523 0.600861 0.039015 0.018729
68 0.430114 0.579980 0.009470 0.018983
70 0.504545 0.376234 0.014394 0.018983
88 0.359470 0.214250 0.015152 0.018983
85 0.359470 0.618198 0.015152 0.018983
126 0.218371 0.461276 0.017803 0.018983
118 0.891098 0.461529 0.019318 0.018983
85 0.360038 0.708808 0.019318 0.018983
76 0.293371 0.649329 0.020076 0.018983
123 0.161364 0.734118 0.020455 0.018983
88 0.293561 0.519742 0.032576 0.018983
98 0.821402 0.595166 0.034470 0.018983
98 0.690530 0.494685 0.038636 0.018983
108 0.163636 0.546950 0.017424 0.019236
88 0.360038 0.496330 0.020076 0.019236
76 0.160606 0.754746 0.025000 0.019236
300 0.560227 0.418628 0.031061 0.019236
91 0.889015 0.692736 0.034091 0.019236
2726 0.440341 0.129587 0.035227 0.019236
91 0.557008 0.588459 0.035985 0.019236
2193 0.693939 0.192609 0.038636 0.019236
113 0.160417 0.712984 0.040530 0.019236
60 0.695076 0.287902 0.012879 0.019489
87 0.742803 0.206657 0.020455 0.019489
88 0.290909 0.362313 0.023485 0.019489
108 0.156818 0.266894 0.031061 0.019489
64 0.890909 0.336750 0.031061 0.019489
300 0.560985 0.690078 0.032576 0.019489
300 0.425947 0.633384 0.032955 0.019489
2595 0.360038 0.667553 0.033712 0.019489
83 0.360606 0.752341 0.036364 0.019489
88 0.629167 0.398254 0.037879 0.019489
88 0.422917 0.715262 0.016288 0.019742
107 0.244697 0.467730 0.017424 0.019742
647 0.211932 0.278157 0.020833 0.019742
117 0.888447 0.562642 0.021591 0.019742
2590 0.887879 0.786636 0.025758 0.019742
2751 0.639773 0.132878 0.027273 0.019742
870 0.827841 0.712731 0.042045 0.019742
88 0.758144 0.403316 0.015530 0.019995
2844 0.473295 0.269425 0.027652 0.019995
91 0.695644 0.744495 0.032955 0.019995
300 0.627273 0.647811 0.033333 0.019995
2203 0.628030 0.340800 0.037879 0.019995
68 0.432765 0.260947 0.007197 0.020248
60 0.160038 0.326753 0.010227 0.020248
92 0.357576 0.862313 0.016667 0.020248
88 0.225758 0.629967 0.018182 0.020248
119 0.626326 0.833460 0.029167 0.020248
83 0.759091 0.421919 0.029545 0.020248
2266 0.241477 0.256138 0.030682 0.020248
98 0.357197 0.360668 0.032576 0.020248
91 0.359848 0.414072 0.033333 0.020248
70 0.217235 0.518729 0.015530 0.020501
120 0.561174 0.568843 0.021591 0.020501
120 0.425758 0.216781 0.023485 0.020501
83 0.888826 0.736396 0.026136 0.020501
120 0.893182 0.823716 0.028788 0.020501
83 0.357765 0.233738 0.029167 0.020501
356 0.292235 0.630853 0.042045 0.020501
118 0.165909 0.776259 0.018939 0.020754
1880 0.246402 0.395343 0.019318 0.020754
1083 0.440720 0.156163 0.023864 0.020754
51 0.821591 0.574791 0.028788 0.020754
300 0.760417 0.846874 0.030682 0.020754
95 0.826894 0.847127 0.033333 0.020754
98 0.489962 0.223994 0.035985 0.020754
83 0.360795 0.515566 0.036742 0.020754
633 0.422917 0.413566 0.038258 0.020754
98 0.885985 0.317641 0.038636 0.020754
1765 0.296591 0.259681 0.041667 0.020754
68 0.507765 0.321058 0.006439 0.021007
66 0.822159 0.391673 0.023864 0.021007
268 0.760038 0.299038 0.032955 0.021007
95 0.823295 0.615161 0.032955 0.021007
122 0.423295 0.596684 0.033712 0.021007
978 0.761364 0.599468 0.034091 0.021007
83 0.824242 0.355480 0.037121 0.021007
83 0.624053 0.733612 0.038258 0.021007
870 0.760227 0.321311 0.039394 0.021007
1894 0.297917 0.311567 0.032955 0.021260
322 0.183712 0.235383 0.034848 0.021260
870 0.627841 0.693495 0.037500 0.021260
252 0.557765 0.443559 0.029167 0.021514
83 0.561364 0.772336 0.034091 0.021514
83 0.760227 0.727537 0.035606 0.021514
83 0.422917 0.732599 0.035985 0.021514
91 0.163258 0.345609 0.040909 0.021514
66 0.888636 0.713996 0.018182 0.021767
58 0.557576 0.610985 0.021212 0.021767
503 0.627273 0.377373 0.022727 0.021767
88 0.824053 0.733991 0.023106 0.021767
2218 0.774432 0.194887 0.033712 0.021767
83 0.426894 0.479372 0.035606 0.021767
83 0.230682 0.649456 0.037121 0.021767
96 0.362879 0.269805 0.043182 0.021767
111 0.292614 0.420780 0.018561 0.022020
87 0.759848 0.785497 0.028030 0.022020
757 0.760795 0.618704 0.035985 0.022020
395 0.761932 0.868514 0.041288 0.022020
68 0.628220 0.788155 0.007955 0.022273
1880 0.475758 0.291825 0.018182 0.022273
119 0.361553 0.728929 0.029167 0.022273
62 0.559659 0.650215 0.034470 0.022273
3325 0.294886 0.335358 0.036742 0.022273
2742 0.360985 0.774487 0.038636 0.022273
92 0.821212 0.413693 0.020455 0.022526
51 0.160985 0.364591 0.029545 0.022526
76 0.628598 0.194761 0.033712 0.022526
685 0.763447 0.638952 0.033712 0.022526
2193 0.829356 0.781448 0.034470 0.022526
109 0.425758 0.559732 0.040909 0.022526
3731 0.625947 0.670843 0.042045 0.022526
85 0.892992 0.357631 0.013258 0.022779
111 0.423485 0.809922 0.018182 0.022779
253 0.563636 0.712984 0.028030 0.022779
59 0.697159 0.388003 0.031439 0.022779
2914 0.293182 0.542901 0.037121 0.022779
3078 0.562689 0.735257 0.045833 0.022779
68 0.743182 0.228170 0.006818 0.023032
118 0.700379 0.592382 0.022727 0.023032
95 0.561553 0.299291 0.035227 0.023032
126 0.696402 0.337763 0.038258 0.023032
109 0.426326 0.240319 0.040530 0.023032
68 0.764583 0.533030 0.009470 0.023285
118 0.629167 0.235130 0.013636 0.023285
58 0.559659 0.322956 0.025379 0.023285
685 0.760795 0.344470 0.033712 0.023285
509 0.825000 0.317641 0.035606 0.023285
59 0.829924 0.436851 0.035606 0.023285
87 0.162121 0.497342 0.037879 0.023285
95 0.425758 0.767401 0.037879 0.023285
1989 0.693750 0.697292 0.043561 0.023285
118 0.627083 0.476462 0.026894 0.023538
83 0.557197 0.505821 0.036364 0.023538
2218 0.695455 0.364338 0.037879 0.023538
2224 0.162500 0.442293 0.039394 0.023538
316 0.161553 0.647051 0.046591 0.023538
60 0.692614 0.614528 0.012500 0.023791
51 0.826136 0.806378 0.026515 0.023791
3356 0.613447 0.134903 0.026894 0.023791
509 0.424053 0.365477 0.037500 0.023791
2193 0.757955 0.761832 0.041667 0.023791
55 0.889773 0.269425 0.031818 0.024045
59 0.762500 0.483295 0.035606 0.024045
59 0.764394 0.808276 0.037121 0.024045
1251 0.758902 0.386991 0.035227 0.024298
76 0.626326 0.566692 0.039773 0.024298
76 0.561364 0.810175 0.040152 0.024298
3381 0.242614 0.280562 0.017803 0.024551
1575 0.626136 0.356998 0.024242 0.024551
93 0.560606 0.193242 0.026515 0.024551
3411 0.414015 0.131739 0.032576 0.024551
3322 0.696591 0.668565 0.039394 0.024551
2193 0.822159 0.550620 0.039773 0.024551
2887 0.641477 0.158821 0.041288 0.024551
3435 0.290720 0.589218 0.032955 0.024804
3078 0.562879 0.467477 0.052273 0.024804
1251 0.360417 0.193242 0.032197 0.025057
981 0.361932 0.688307 0.042045 0.025057
122 0.425000 0.282966 0.032576 0.025310
3504 0.820833 0.159200 0.033333 0.025310
95 0.425758 0.193116 0.037121 0.025310
74 0.886742 0.382814 0.014394 0.025563
119 0.625000 0.611870 0.019697 0.025563
51 0.889962 0.629841 0.029167 0.025563
2627 0.426894 0.340040 0.038636 0.025563
1189 0.761742 0.664515 0.042424 0.025563
68 0.704167 0.785118 0.009848 0.025816
119 0.293561 0.672741 0.021970 0.025816
78 0.160795 0.288281 0.026136 0.025816
87 0.761364 0.509491 0.031818 0.025816
51 0.761742 0.461149 0.037121 0.025816
401 0.425758 0.876234 0.039394 0.025816
4301 0.228220 0.575044 0.042803 0.025816
2002 0.697727 0.722855 0.044697 0.025816
96 0.363258 0.551253 0.048485 0.025816
1880 0.294318 0.462794 0.025758 0.026069
3735 0.162121 0.607568 0.030303 0.026069
685 0.425947 0.389395 0.034470 0.026069
2264 0.821780 0.136042 0.037500 0.026069
95 0.423864 0.520248 0.040909 0.026069
505 0.691098 0.641357 0.018561 0.026322
119 0.360606 0.575297 0.027273 0.026322
2822 0.692235 0.545938 0.042803 0.026322
1364 0.759091 0.689952 0.043939 0.026322
119 0.562500 0.238041 0.025758 0.026576
2286 0.890720 0.425335 0.038258 0.026576
53 0.822159 0.493040 0.014015 0.026829
119 0.889583 0.587193 0.019318 0.026829
76 0.626894 0.436598 0.038636 0.026829
96 0.561364 0.873956 0.039394 0.026829
313 0.628409 0.316123 0.043182 0.026829
111 0.891856 0.292458 0.017803 0.027082
95 0.691288 0.572893 0.035606 0.027082
73 0.627462 0.812326 0.038258 0.027082
111 0.292235 0.192989 0.021591 0.027588
28 0.825379 0.258542 0.040909 0.027588
28 0.427841 0.309162 0.047348 0.027588
969 0.694697 0.519109 0.029545 0.027841
2627 0.824811 0.291066 0.035985 0.027841
1444 0.160417 0.687168 0.036742 0.027841
3338 0.696023 0.313591 0.037500 0.027841
3254 0.358902 0.818021 0.038258 0.027841
3383 0.295833 0.285497 0.038636 0.027841
28 0.628030 0.286510 0.043939 0.027841
68 0.623864 0.499241 0.006818 0.028094
1871 0.698485 0.265502 0.031061 0.028347
3448 0.688826 0.218932 0.033712 0.028347
3999 0.359848 0.470767 0.043939 0.028347
44 0.230682 0.547709 0.043939 0.028347
59 0.826515 0.230195 0.037879 0.028600
4263 0.423485 0.658188 0.038636 0.028600
3945 0.424811 0.436978 0.042803 0.028600
53 0.622727 0.874209 0.015152 0.028853
68 0.627652 0.258289 0.010606 0.029107
119 0.360417 0.289041 0.016288 0.029360
111 0.224621 0.215895 0.019697 0.029360
1115 0.292614 0.492787 0.033712 0.029360
2264 0.890909 0.503670 0.040909 0.029360
74 0.889773 0.760314 0.018182 0.030372
3418 0.227841 0.145786 0.039015 0.030372
87 0.819318 0.199696 0.034848 0.030878
1921 0.825758 0.687168 0.035606 0.030878
53 0.689962 0.441534 0.014773 0.031131
118 0.560227 0.848013 0.023485 0.031131
1921 0.425000 0.688307 0.037879 0.032144
998 0.228220 0.604910 0.037500 0.033915
998 0.361742 0.387876 0.037121 0.034675
1142 0.891477 0.535434 0.039015 0.034675
2249 0.360795 0.439256 0.043561 0.035687
