101 0.126343 0.427801 0.043990 0.011482
101 0.521739 0.892832 0.053197 0.012526
128 0.517903 0.390223 0.010742 0.012874
101 0.712532 0.180063 0.054220 0.014266
297 0.127877 0.262004 0.040921 0.015310
129 0.435550 0.515484 0.028133 0.015658
92 0.323018 0.899443 0.036317 0.017397
101 0.131714 0.586465 0.051662 0.018441
60 0.704859 0.515310 0.040921 0.018789
101 0.227110 0.520877 0.052174 0.018789
92 0.319949 0.770181 0.035294 0.019137
101 0.614578 0.593076 0.043478 0.019137
91 0.709207 0.657620 0.034271 0.019485
92 0.125831 0.498782 0.032737 0.019833
52 0.705115 0.850209 0.036317 0.019833
81 0.515090 0.373869 0.036829 0.019833
64 0.519182 0.512178 0.026598 0.020181
86 0.523529 0.127349 0.044501 0.020181
113 0.704348 0.868128 0.046036 0.020181
102 0.128389 0.810021 0.052174 0.020181
120 0.126854 0.788622 0.021483 0.020529
83 0.321228 0.809847 0.037852 0.020529
68 0.321739 0.785491 0.008184 0.021225
56 0.807673 0.431976 0.021483 0.021225
60 0.421228 0.669276 0.039386 0.021225
49 0.230435 0.583159 0.015857 0.021573
76 0.227877 0.496521 0.032225 0.021573
64 0.228900 0.440153 0.033248 0.021573
92 0.515601 0.488866 0.036829 0.021573
113 0.226854 0.406402 0.037340 0.021573
55 0.808184 0.411273 0.043990 0.021573
166 0.625064 0.158142 0.017391 0.021921
56 0.420716 0.783751 0.025064 0.021921
76 0.520205 0.574287 0.033760 0.021921
92 0.801790 0.659534 0.036317 0.021921
52 0.805627 0.557585 0.037852 0.021921
93 0.325064 0.205811 0.045524 0.021921
55 0.229412 0.750348 0.048593 0.021921
91 0.420972 0.607168 0.033760 0.022269
76 0.125575 0.711552 0.037340 0.022269
93 0.616113 0.709116 0.042455 0.022269
126 0.514578 0.669798 0.046036 0.022269
68 0.230179 0.701983 0.006138 0.022617
60 0.421483 0.497738 0.043990 0.022617
56 0.519437 0.188587 0.021995 0.022965
64 0.612020 0.355950 0.021995 0.022965
55 0.326598 0.835421 0.044501 0.022965
55 0.712788 0.126653 0.047570 0.022965
547 0.321995 0.679193 0.048593 0.022965
52 0.613555 0.648747 0.042455 0.023312
56 0.801023 0.831246 0.020460 0.023660
56 0.809974 0.122825 0.020972 0.023660
56 0.126854 0.635699 0.023529 0.023660
107 0.319693 0.235560 0.027621 0.023660
57 0.329156 0.263396 0.031202 0.023660
57 0.234015 0.812109 0.035294 0.023660
57 0.232225 0.725470 0.035806 0.023660
85 0.803836 0.685108 0.037340 0.023660
119 0.420205 0.448678 0.018926 0.024008
120 0.228133 0.351253 0.021483 0.024008
251 0.126343 0.287578 0.041944 0.024008
74 0.418926 0.725122 0.026598 0.024356
72 0.800767 0.780793 0.044501 0.024356
95 0.520460 0.696938 0.050639 0.024356
53 0.707928 0.889527 0.022506 0.024704
91 0.614578 0.765658 0.034271 0.024704
78 0.520460 0.847425 0.038363 0.024704
93 0.616880 0.272965 0.042967 0.024704
83 0.222506 0.305150 0.038875 0.025052
98 0.319437 0.284621 0.043478 0.025052
85 0.227621 0.231907 0.028645 0.025400
78 0.614322 0.565936 0.033760 0.025400
85 0.130179 0.860299 0.034271 0.025400
51 0.422506 0.421886 0.040921 0.025400
259 0.132225 0.557933 0.049616 0.025400
66 0.518926 0.872999 0.033248 0.025748
88 0.228900 0.381698 0.043478 0.025748
55 0.521483 0.414405 0.046547 0.025748
1173 0.321228 0.424843 0.050128 0.025748
83 0.803581 0.299756 0.030691 0.026096
87 0.322506 0.484864 0.035294 0.026096
126 0.615857 0.886047 0.046036 0.026096
72 0.126854 0.656750 0.048082 0.026096
74 0.613811 0.735908 0.035806 0.026444
127 0.800767 0.803410 0.045524 0.026444
88 0.706394 0.720251 0.046036 0.026444
60 0.128900 0.471294 0.014322 0.026792
85 0.424041 0.808803 0.028645 0.026792
110 0.521995 0.752436 0.034271 0.026792
110 0.127621 0.736430 0.038363 0.026792
93 0.422762 0.323765 0.041432 0.026792
62 0.228133 0.333855 0.041944 0.026792
55 0.713811 0.487648 0.049616 0.026792
68 0.807417 0.457203 0.008696 0.027140
119 0.231969 0.677801 0.019949 0.027140
69 0.524297 0.345859 0.026598 0.027140
91 0.618414 0.221990 0.033760 0.027140
74 0.522251 0.724078 0.035806 0.027140
86 0.714322 0.207029 0.041432 0.027140
70 0.422506 0.259221 0.047059 0.027140
85 0.322762 0.607342 0.025575 0.027488
85 0.801790 0.888135 0.027110 0.027488
316 0.709974 0.683890 0.053197 0.027488
53 0.519437 0.820807 0.015857 0.027836
76 0.613043 0.193459 0.043478 0.027836
107 0.708696 0.154315 0.029156 0.028184
88 0.423018 0.696416 0.042967 0.028184
89 0.130946 0.685282 0.043990 0.028184
118 0.421739 0.231733 0.012788 0.028532
88 0.519693 0.600905 0.045013 0.028532
1173 0.614578 0.463118 0.045524 0.028532
1415 0.422251 0.163883 0.051662 0.028532
118 0.799233 0.856472 0.017903 0.028880
115 0.128133 0.447982 0.040409 0.028880
118 0.419693 0.357516 0.020972 0.029576
92 0.616368 0.615344 0.029668 0.029576
83 0.413043 0.472686 0.040409 0.029576
1435 0.131714 0.891267 0.043478 0.029576
1821 0.418926 0.639353 0.047059 0.029576
85 0.520205 0.270007 0.021483 0.029923
119 0.323018 0.513222 0.021995 0.029923
107 0.802302 0.753305 0.025064 0.029923
85 0.231969 0.611343 0.030179 0.029923
87 0.129156 0.765136 0.039386 0.029923
88 0.227110 0.204593 0.042967 0.029923
126 0.234527 0.893180 0.044501 0.029923
88 0.613043 0.129262 0.049616 0.030271
501 0.320205 0.456159 0.038875 0.030619
87 0.708951 0.824983 0.040921 0.030619
2748 0.707161 0.753305 0.047570 0.030619
68 0.810486 0.270877 0.011765 0.030967
107 0.322251 0.740605 0.027621 0.030967
58 0.126598 0.232603 0.031202 0.030967
87 0.424041 0.197460 0.034783 0.030967
62 0.614322 0.331072 0.043990 0.030967
111 0.420716 0.128740 0.024041 0.031315
58 0.128900 0.607864 0.033760 0.031315
60 0.417903 0.385699 0.019437 0.031663
92 0.804604 0.528010 0.026598 0.031663
87 0.229923 0.467815 0.033248 0.031663
87 0.321739 0.352992 0.037852 0.031663
68 0.419949 0.292102 0.040921 0.031663
68 0.128133 0.829506 0.010742 0.032011
53 0.614066 0.537578 0.017903 0.032011
4260 0.804604 0.628740 0.026598 0.032011
119 0.419949 0.543841 0.034783 0.032011
4064 0.127621 0.132220 0.038363 0.032011
126 0.810997 0.381350 0.039386 0.032011
81 0.317903 0.583159 0.046547 0.032011
53 0.614578 0.299408 0.026087 0.032359
75 0.711765 0.277488 0.039386 0.032359
71 0.326854 0.547495 0.039898 0.032359
53 0.521228 0.159708 0.020460 0.032707
87 0.707928 0.588379 0.038875 0.032707
68 0.422506 0.887787 0.009207 0.033055
87 0.808951 0.494259 0.045524 0.033055
110 0.615345 0.250696 0.034783 0.033751
121 0.801790 0.715901 0.035294 0.033751
3735 0.808184 0.196242 0.034783 0.034099
109 0.616880 0.389005 0.043990 0.034099
121 0.612276 0.678845 0.028645 0.034795
3735 0.129156 0.526444 0.036317 0.034795
58 0.323785 0.388831 0.035806 0.035143
3735 0.321739 0.711030 0.040921 0.035143
971 0.703581 0.629610 0.062916 0.035143
121 0.421995 0.755045 0.039898 0.035491
121 0.319949 0.170668 0.028133 0.035839
2885 0.317903 0.643528 0.032225 0.035839
119 0.121739 0.169276 0.033760 0.035839
121 0.706650 0.784273 0.033248 0.036186
121 0.708184 0.549408 0.037340 0.036186
118 0.808440 0.153967 0.023018 0.036534
3735 0.228900 0.269659 0.032225 0.036882
1646 0.518414 0.314196 0.060870 0.036882
465 0.611765 0.500870 0.045013 0.037230
541 0.224552 0.173452 0.047059 0.037230
717 0.810486 0.236430 0.052685 0.037230
1917 0.228133 0.647878 0.043990 0.037578
1189 0.614834 0.849687 0.050128 0.037578
1385 0.129668 0.365866 0.052685 0.037926
87 0.520460 0.541754 0.035294 0.038274
70 0.124808 0.197982 0.036829 0.038274
3735 0.323018 0.135351 0.040409 0.038274
3670 0.229156 0.552888 0.045013 0.038274
1385 0.613811 0.430063 0.051151 0.038274
83 0.706394 0.447112 0.023529 0.038970
4483 0.613811 0.804280 0.034783 0.039318
1827 0.320972 0.866910 0.035294 0.039318
1799 0.124297 0.401009 0.038875 0.039318
1392 0.520205 0.790014 0.049105 0.040014
2083 0.709207 0.364475 0.050639 0.040014
3754 0.707161 0.405358 0.033248 0.040362
1799 0.320460 0.313848 0.046547 0.040362
1256 0.707417 0.321329 0.032737 0.040710
4429 0.804092 0.340118 0.047059 0.040710
505 0.224041 0.135351 0.026598 0.041058
1827 0.225064 0.779054 0.035806 0.041058
3995 0.124552 0.325331 0.041432 0.041058
3984 0.511253 0.642310 0.050639 0.041058
53 0.706905 0.246347 0.022506 0.041754
1584 0.806394 0.591858 0.034271 0.042450
1827 0.515601 0.449722 0.033760 0.044189
1575 0.413555 0.584725 0.049616 0.044885
4058 0.419437 0.846033 0.053197 0.044885
437 0.226343 0.855080 0.048593 0.045581
47 0.525575 0.219555 0.035294 0.061239
