128 0.868720 0.901261 0.011885 0.009804
128 0.359535 0.650910 0.009184 0.010504
101 0.158023 0.782563 0.051324 0.010504
101 0.359265 0.584209 0.042139 0.010854
101 0.563479 0.623775 0.050783 0.010854
101 0.769854 0.160189 0.059427 0.012955
128 0.770935 0.201155 0.010805 0.013655
101 0.360076 0.538690 0.052404 0.013655
91 0.462183 0.629027 0.035116 0.017857
52 0.156402 0.803396 0.040519 0.017857
248 0.668017 0.775210 0.052404 0.018908
49 0.260130 0.870273 0.016748 0.019258
861 0.466775 0.830707 0.050783 0.019258
1810 0.669098 0.802171 0.023231 0.019608
92 0.666667 0.603116 0.035656 0.019958
81 0.772285 0.183999 0.036197 0.019958
91 0.772015 0.566877 0.036737 0.020308
248 0.259860 0.381653 0.062669 0.020308
57 0.159914 0.714811 0.031334 0.020658
76 0.155051 0.824405 0.031334 0.020658
91 0.357915 0.167892 0.042680 0.020658
102 0.562669 0.828431 0.053485 0.021008
56 0.256888 0.159839 0.021070 0.021359
56 0.257158 0.546394 0.022690 0.021359
91 0.666937 0.259629 0.032955 0.021359
88 0.359535 0.828256 0.044841 0.021359
68 0.771745 0.481793 0.011345 0.021709
120 0.562129 0.804622 0.026472 0.021709
76 0.864668 0.203081 0.043760 0.021709
85 0.357645 0.858368 0.032415 0.022059
76 0.259589 0.775560 0.039438 0.022409
113 0.256888 0.295168 0.056726 0.022409
81 0.356834 0.633929 0.038358 0.022759
57 0.873852 0.736695 0.036197 0.023109
92 0.664506 0.899510 0.037817 0.023109
52 0.772015 0.360819 0.046461 0.023459
85 0.863587 0.875350 0.036197 0.023810
76 0.150999 0.429272 0.039438 0.023810
120 0.260400 0.800070 0.027012 0.024510
85 0.565370 0.417192 0.036197 0.024860
92 0.866018 0.439951 0.036737 0.024860
88 0.262291 0.895483 0.043760 0.024860
84 0.664776 0.873424 0.050243 0.024860
56 0.357915 0.563375 0.052404 0.025210
108 0.773366 0.451856 0.021070 0.025560
56 0.769854 0.544293 0.050783 0.025560
60 0.666937 0.441176 0.016748 0.025910
88 0.468395 0.193627 0.028093 0.025910
126 0.155051 0.265406 0.050783 0.025910
119 0.568882 0.259279 0.020529 0.026261
85 0.566721 0.896884 0.029173 0.026261
1810 0.260130 0.412290 0.035116 0.026261
95 0.565100 0.517332 0.045381 0.026261
126 0.361426 0.291492 0.048622 0.026261
117 0.466775 0.358543 0.022690 0.026611
91 0.769044 0.133754 0.034036 0.026611
95 0.257158 0.221989 0.052944 0.026611
52 0.148568 0.162115 0.055105 0.026611
72 0.258779 0.605042 0.061588 0.026611
120 0.768233 0.796043 0.016207 0.026961
52 0.465424 0.133578 0.039438 0.026961
83 0.861967 0.677171 0.040519 0.027311
93 0.870881 0.324580 0.049703 0.027311
2180 0.357915 0.803571 0.050243 0.027311
68 0.360076 0.602066 0.013506 0.027661
57 0.776877 0.506478 0.033495 0.027661
57 0.264452 0.318452 0.035116 0.027661
93 0.259319 0.570203 0.045381 0.027661
1435 0.668828 0.705882 0.038898 0.028011
83 0.463263 0.800420 0.043760 0.028011
56 0.668017 0.470938 0.048082 0.028011
72 0.150999 0.403011 0.056726 0.028011
122 0.464884 0.390581 0.037277 0.028361
83 0.863317 0.763480 0.045381 0.028361
64 0.462453 0.425070 0.032415 0.028711
88 0.871421 0.134104 0.034576 0.028711
52 0.155862 0.456933 0.045921 0.028711
126 0.667747 0.372549 0.046461 0.028711
600 0.153701 0.689076 0.048082 0.028711
1809 0.160184 0.893557 0.064290 0.028711
85 0.866018 0.616422 0.029173 0.029062
83 0.252026 0.346814 0.042680 0.029062
85 0.770665 0.387955 0.030794 0.029412
95 0.152080 0.602941 0.043760 0.029412
55 0.869800 0.360994 0.050783 0.029412
119 0.159373 0.852766 0.023771 0.029762
88 0.667477 0.533438 0.025392 0.029762
118 0.676121 0.500875 0.026472 0.029762
111 0.360886 0.319853 0.028093 0.029762
96 0.869260 0.520483 0.045381 0.029762
88 0.666667 0.132178 0.055105 0.029762
325 0.353863 0.679797 0.058347 0.029762
68 0.566991 0.856443 0.007023 0.030112
68 0.870070 0.231793 0.011345 0.030112
119 0.463533 0.706933 0.025932 0.030112
111 0.466234 0.771709 0.025932 0.030112
107 0.152350 0.568627 0.028093 0.030112
51 0.767423 0.762605 0.038358 0.030112
126 0.565100 0.381653 0.052944 0.030112
119 0.260670 0.748775 0.023231 0.030462
88 0.568341 0.191352 0.030254 0.030462
74 0.358725 0.431548 0.036737 0.030462
51 0.568612 0.229517 0.040519 0.030462
98 0.463263 0.162640 0.045921 0.030462
62 0.868179 0.587360 0.046461 0.030462
113 0.863857 0.709559 0.050783 0.030462
111 0.766613 0.680322 0.030254 0.030812
87 0.361156 0.392332 0.039438 0.031162
87 0.772555 0.420343 0.039978 0.031162
111 0.258779 0.442577 0.033495 0.031513
111 0.148838 0.129902 0.036197 0.031513
87 0.262291 0.717087 0.042680 0.031513
55 0.466775 0.233543 0.047542 0.031513
95 0.669098 0.739846 0.049163 0.031513
107 0.154781 0.228992 0.053485 0.031513
53 0.866018 0.555847 0.022690 0.031863
123 0.259589 0.642332 0.028633 0.031863
126 0.463533 0.734419 0.041059 0.031863
68 0.259860 0.519258 0.009724 0.032213
85 0.150999 0.191877 0.025392 0.032213
88 0.261750 0.677171 0.028633 0.032213
126 0.771475 0.322129 0.047542 0.032213
108 0.355213 0.360294 0.049163 0.032213
600 0.767963 0.647759 0.049163 0.032213
111 0.462453 0.319153 0.033495 0.032563
87 0.260940 0.186099 0.042139 0.032563
4032 0.466234 0.856968 0.043220 0.032563
83 0.562669 0.299020 0.024311 0.032913
51 0.670178 0.574930 0.043760 0.032913
4038 0.467045 0.891282 0.054565 0.033263
68 0.564290 0.728641 0.011345 0.033613
85 0.665856 0.668768 0.031875 0.033613
119 0.864127 0.648634 0.024311 0.033964
119 0.360346 0.888480 0.025932 0.033964
107 0.667747 0.842612 0.030254 0.033964
126 0.866829 0.841562 0.045921 0.033964
4082 0.259049 0.485819 0.047002 0.033964
326 0.669098 0.295343 0.056726 0.033964
2151 0.560508 0.553571 0.047002 0.034314
1083 0.765802 0.887605 0.048082 0.034314
3956 0.564019 0.346989 0.051864 0.034314
118 0.562129 0.486520 0.019989 0.034664
123 0.870610 0.172444 0.031875 0.034664
1353 0.465964 0.547094 0.039438 0.034664
126 0.155051 0.488971 0.043220 0.034664
83 0.662615 0.164916 0.026472 0.035014
2162 0.463263 0.671218 0.058887 0.035014
58 0.666667 0.410889 0.034576 0.035364
4052 0.763641 0.280637 0.051324 0.035364
316 0.262561 0.837360 0.061588 0.035364
1579 0.358725 0.132353 0.054025 0.035714
1799 0.157212 0.751926 0.041059 0.036765
109 0.566721 0.451506 0.050783 0.036765
121 0.356834 0.466036 0.034036 0.037115
3945 0.564830 0.698179 0.052404 0.037115
121 0.866288 0.292892 0.038358 0.037465
121 0.665586 0.632878 0.038898 0.037465
107 0.253377 0.129727 0.032415 0.038165
96 0.465964 0.460259 0.045921 0.038165
2351 0.762561 0.843662 0.048082 0.038866
1473 0.863047 0.483368 0.057807 0.038866
68 0.155592 0.525210 0.009724 0.039216
3041 0.664236 0.336485 0.057807 0.039216
83 0.255538 0.256478 0.027012 0.039566
1799 0.562669 0.591562 0.032955 0.040266
1354 0.559427 0.657038 0.049163 0.040266
83 0.459751 0.501225 0.024851 0.040966
62 0.869530 0.259454 0.045921 0.041317
745 0.149649 0.305497 0.038898 0.041667
3019 0.769044 0.609244 0.042680 0.042717
2032 0.861156 0.800770 0.059427 0.042717
83 0.148568 0.353291 0.023771 0.043417
1297 0.360076 0.765406 0.041599 0.043417
1917 0.562129 0.774860 0.038358 0.044118
420 0.356294 0.256303 0.048082 0.044118
4166 0.461372 0.591036 0.050783 0.044118
1480 0.765532 0.723915 0.058347 0.045168
296 0.357374 0.718137 0.036197 0.045518
3019 0.155592 0.645833 0.051864 0.045868
1834 0.353323 0.211485 0.062669 0.046919
47 0.364938 0.494223 0.037277 0.047269
1827 0.458131 0.276436 0.039978 0.050070
1827 0.865748 0.401085 0.041599 0.050070
3446 0.769314 0.237220 0.050783 0.051471
3095 0.665856 0.220238 0.059968 0.053922
1126 0.569692 0.142332 0.042680 0.057773
