101 0.688715 0.332514 0.053456 0.011236
101 0.586933 0.449965 0.047516 0.011587
101 0.487581 0.901334 0.048596 0.012640
101 0.262959 0.279670 0.053996 0.012992
52 0.688715 0.900456 0.045896 0.014396
861 0.056156 0.257198 0.050756 0.014396
52 0.374190 0.162044 0.036717 0.016503
52 0.472732 0.296348 0.039417 0.016854
56 0.483261 0.850597 0.015119 0.017907
91 0.483801 0.827598 0.039957 0.018961
56 0.584773 0.509480 0.022678 0.020365
57 0.474622 0.320225 0.026998 0.020365
84 0.472732 0.693469 0.042657 0.020365
85 0.772408 0.160288 0.026458 0.020716
56 0.574514 0.380442 0.026998 0.020716
91 0.585853 0.616046 0.036717 0.020716
60 0.587743 0.699438 0.015659 0.021067
91 0.578564 0.352879 0.038337 0.021770
88 0.477322 0.662921 0.039957 0.021770
57 0.682235 0.125527 0.031857 0.022121
57 0.483261 0.591117 0.032397 0.022121
132 0.790497 0.815309 0.025918 0.023174
56 0.262689 0.250000 0.045896 0.023174
95 0.380400 0.607268 0.043737 0.023525
547 0.574784 0.251931 0.044816 0.023525
95 0.375810 0.194347 0.047516 0.023525
83 0.471922 0.463132 0.032397 0.023876
83 0.778348 0.580407 0.035097 0.023876
55 0.789147 0.687851 0.045896 0.023876
252 0.056425 0.403792 0.051296 0.023876
87 0.688445 0.879038 0.039957 0.024228
88 0.586123 0.761412 0.042657 0.024930
88 0.679806 0.434515 0.046436 0.024930
91 0.774838 0.127107 0.038877 0.025281
87 0.687635 0.742275 0.042657 0.025281
126 0.774028 0.307409 0.036177 0.025632
90 0.484341 0.876931 0.042117 0.025632
132 0.470572 0.227879 0.028618 0.025983
88 0.374460 0.454003 0.041577 0.025983
88 0.777538 0.228406 0.026998 0.026334
111 0.375810 0.221910 0.025918 0.026685
118 0.375810 0.305829 0.028078 0.026685
58 0.474082 0.567065 0.030238 0.026685
87 0.587473 0.891503 0.037797 0.026685
87 0.783747 0.436798 0.039417 0.026685
111 0.385799 0.890976 0.024298 0.027037
76 0.781587 0.372015 0.032937 0.027037
83 0.680616 0.632198 0.037257 0.027037
75 0.683045 0.403090 0.033477 0.027388
126 0.784827 0.655197 0.035097 0.027388
113 0.681156 0.500702 0.046976 0.027388
113 0.582343 0.685393 0.046976 0.027388
68 0.475972 0.426966 0.011339 0.028090
166 0.374460 0.127809 0.019978 0.028090
72 0.672786 0.241924 0.037797 0.028090
66 0.379320 0.672402 0.029698 0.028792
76 0.482721 0.797051 0.035637 0.028792
87 0.474082 0.265098 0.043197 0.028792
118 0.686015 0.853055 0.030778 0.029143
3735 0.781587 0.339888 0.039417 0.029494
76 0.572354 0.319347 0.034557 0.029846
68 0.680076 0.466468 0.039417 0.029846
113 0.783747 0.787044 0.050216 0.029846
111 0.474892 0.493680 0.027538 0.030197
2707 0.382829 0.852177 0.030238 0.030197
90 0.675756 0.300913 0.041577 0.030197
113 0.465443 0.197683 0.048596 0.030197
328 0.581533 0.582338 0.044276 0.030548
278 0.063985 0.379038 0.056695 0.030548
111 0.479212 0.724017 0.026458 0.030899
126 0.379590 0.533357 0.041037 0.030899
3784 0.791037 0.850421 0.047516 0.030899
2083 0.474352 0.391327 0.049136 0.031250
1419 0.056965 0.132900 0.051296 0.031250
60 0.681425 0.531952 0.021598 0.031601
121 0.683855 0.596910 0.039417 0.031601
127 0.677916 0.271067 0.051296 0.031601
107 0.677376 0.204354 0.025378 0.033006
126 0.576134 0.170822 0.046436 0.033357
2083 0.782127 0.405723 0.050216 0.033357
2820 0.476242 0.527388 0.046436 0.033708
1799 0.783747 0.886938 0.053456 0.033708
404 0.380670 0.745435 0.060475 0.033708
58 0.382559 0.780372 0.030778 0.034059
71 0.374190 0.333743 0.044276 0.034059
2323 0.058855 0.171524 0.049676 0.034059
3687 0.373650 0.420471 0.050756 0.034059
120 0.273218 0.299157 0.033477 0.034410
2083 0.686825 0.709972 0.048596 0.034410
3045 0.072084 0.442767 0.050216 0.034410
83 0.379050 0.638869 0.020518 0.034761
316 0.384989 0.818294 0.061555 0.034761
1686 0.381479 0.569522 0.058855 0.035112
316 0.471112 0.129565 0.064255 0.035112
118 0.686015 0.565133 0.032937 0.035463
126 0.787797 0.505442 0.041037 0.035463
2885 0.790767 0.721559 0.036177 0.035815
90 0.576674 0.414326 0.048596 0.035815
3754 0.573164 0.213659 0.037257 0.036166
81 0.688175 0.779670 0.048056 0.036166
68 0.381479 0.705407 0.011339 0.036517
69 0.792387 0.761938 0.024298 0.036517
3800 0.775648 0.191713 0.053456 0.036517
2083 0.587473 0.851124 0.053996 0.036517
68 0.580454 0.477001 0.044276 0.036868
3258 0.788337 0.614993 0.047516 0.036868
778 0.262419 0.214361 0.059395 0.036868
3754 0.782937 0.540379 0.025918 0.037219
1559 0.484341 0.761236 0.052916 0.037921
1455 0.267819 0.131320 0.057235 0.037921
119 0.589093 0.727353 0.024838 0.038272
68 0.581803 0.652914 0.042657 0.038272
296 0.785097 0.473315 0.028078 0.038624
3808 0.680346 0.360428 0.049676 0.038975
68 0.580994 0.545295 0.010799 0.039326
107 0.692765 0.817065 0.024838 0.039326
69 0.474622 0.169417 0.024838 0.039677
366 0.470842 0.357795 0.041037 0.040028
3045 0.372030 0.262640 0.044276 0.040730
1267 0.062095 0.337079 0.063715 0.040730
71 0.267279 0.173982 0.045356 0.041081
505 0.680346 0.668188 0.038877 0.041433
3882 0.376620 0.491573 0.039417 0.041433
1880 0.680076 0.165906 0.029698 0.041784
296 0.575864 0.133251 0.029698 0.043890
68 0.575594 0.286517 0.012959 0.044242
730 0.479212 0.629565 0.037257 0.044242
3084 0.059665 0.295295 0.058855 0.044242
976 0.775378 0.267381 0.037797 0.046699
264 0.373920 0.378336 0.039417 0.046699
241 0.056156 0.216994 0.049676 0.049860
282 0.585583 0.804600 0.049136 0.052317
