128 0.876104 0.616650 0.012693 0.010963
128 0.461369 0.571600 0.012141 0.011305
101 0.250828 0.492634 0.053532 0.013703
101 0.149007 0.729017 0.051876 0.014388
57 0.674393 0.843268 0.034216 0.015416
128 0.571468 0.733128 0.011589 0.015759
52 0.144592 0.577938 0.039735 0.015759
101 0.563190 0.195615 0.052428 0.016444
92 0.767660 0.755053 0.033113 0.017129
57 0.258278 0.543679 0.034216 0.017814
101 0.253587 0.753854 0.049117 0.018157
92 0.563466 0.468654 0.033113 0.018499
101 0.145143 0.599178 0.054084 0.018499
92 0.770971 0.162384 0.033113 0.019185
56 0.250552 0.733128 0.044150 0.019185
57 0.353753 0.295820 0.036424 0.019527
92 0.461369 0.712059 0.039735 0.019527
120 0.349062 0.275437 0.023731 0.019870
120 0.147627 0.620932 0.012693 0.020212
56 0.141004 0.350976 0.029249 0.020212
83 0.354857 0.801131 0.035320 0.020212
91 0.138521 0.291709 0.037528 0.020212
126 0.149558 0.786057 0.039735 0.020212
117 0.154525 0.811237 0.018764 0.020555
93 0.776766 0.554985 0.043598 0.021240
117 0.671634 0.428400 0.026490 0.021583
93 0.246413 0.282460 0.048013 0.021583
56 0.458609 0.690819 0.048565 0.021583
91 0.873620 0.799246 0.039735 0.021925
117 0.774558 0.836074 0.018212 0.022268
117 0.251656 0.353374 0.026490 0.022268
66 0.562086 0.301644 0.028146 0.022268
634 0.143488 0.473964 0.034216 0.022268
81 0.458057 0.554471 0.037528 0.022268
91 0.671909 0.714457 0.038079 0.022268
83 0.666115 0.861083 0.046358 0.022268
66 0.243653 0.230901 0.036976 0.022610
85 0.667494 0.222850 0.035872 0.022953
83 0.564294 0.756595 0.044702 0.022953
126 0.665011 0.195101 0.045254 0.022953
83 0.147351 0.863652 0.048565 0.023296
83 0.458333 0.757965 0.039183 0.023638
120 0.139625 0.435081 0.019868 0.023981
118 0.360375 0.749914 0.019868 0.023981
92 0.347130 0.500856 0.035320 0.023981
72 0.145419 0.836245 0.044702 0.023981
127 0.145419 0.150051 0.053532 0.023981
91 0.567881 0.862795 0.035320 0.024323
95 0.666943 0.315348 0.044702 0.024323
117 0.564294 0.410415 0.024834 0.024666
85 0.136865 0.179514 0.026490 0.024666
56 0.871413 0.294621 0.060706 0.024666
68 0.460541 0.733299 0.009382 0.025009
113 0.871413 0.591984 0.050773 0.025351
108 0.463024 0.662384 0.017660 0.025694
1810 0.774007 0.625043 0.027042 0.025694
547 0.564570 0.271840 0.046358 0.025694
83 0.874172 0.345152 0.047461 0.025694
104 0.463300 0.789997 0.044702 0.026036
88 0.350717 0.475334 0.027042 0.026379
64 0.459161 0.394827 0.027594 0.026379
92 0.346026 0.324597 0.030905 0.026379
60 0.356236 0.656218 0.039183 0.026379
62 0.871965 0.195444 0.040839 0.026379
61 0.460817 0.493148 0.050773 0.026379
98 0.136313 0.374786 0.054084 0.026721
111 0.565397 0.577424 0.033664 0.027064
118 0.240894 0.262076 0.020419 0.027407
111 0.353477 0.623501 0.029249 0.027407
88 0.772075 0.365365 0.026490 0.027749
107 0.134106 0.123844 0.028698 0.027749
87 0.674945 0.282802 0.038631 0.027749
85 0.463852 0.816375 0.028146 0.028092
76 0.251104 0.628640 0.033113 0.028092
111 0.876104 0.558068 0.033664 0.028092
78 0.674117 0.681398 0.034768 0.028092
87 0.247517 0.172319 0.038079 0.028092
60 0.460541 0.633779 0.045806 0.028092
2423 0.872241 0.865707 0.059051 0.028092
495 0.346854 0.222679 0.072296 0.028092
109 0.140177 0.325283 0.048565 0.028434
68 0.355684 0.776293 0.013797 0.028777
85 0.143488 0.547105 0.022075 0.028777
107 0.252208 0.599520 0.026490 0.028777
119 0.568985 0.643371 0.026490 0.028777
110 0.459713 0.465570 0.043046 0.028777
2151 0.456402 0.285714 0.049669 0.028777
888 0.242274 0.464543 0.052980 0.028777
83 0.251656 0.777835 0.019868 0.029120
504 0.772075 0.692703 0.026490 0.029462
88 0.667770 0.612196 0.047461 0.029462
3865 0.570088 0.828366 0.064018 0.029462
85 0.455850 0.357485 0.029801 0.029805
95 0.562914 0.447413 0.044150 0.030147
119 0.872792 0.165810 0.031457 0.030832
113 0.668874 0.822885 0.046358 0.030832
119 0.874724 0.769613 0.029801 0.031175
126 0.253035 0.701096 0.044702 0.031175
1250 0.560706 0.165296 0.047461 0.031175
68 0.260210 0.859712 0.008278 0.031860
119 0.668598 0.454779 0.024834 0.031860
111 0.771523 0.276293 0.035320 0.031860
51 0.251932 0.519527 0.042494 0.031860
62 0.350717 0.250942 0.043598 0.031860
4032 0.453366 0.128983 0.045806 0.031860
126 0.876104 0.688421 0.045806 0.031860
55 0.667770 0.127612 0.048565 0.031860
119 0.250000 0.378554 0.020971 0.032203
85 0.565673 0.673518 0.028698 0.032203
111 0.668874 0.252484 0.029801 0.032203
119 0.768488 0.862282 0.038079 0.032203
51 0.568709 0.615622 0.044702 0.032203
78 0.358168 0.721309 0.036424 0.032545
95 0.356512 0.688421 0.041943 0.032545
1562 0.775662 0.589072 0.052428 0.032545
118 0.871413 0.226105 0.027594 0.032888
58 0.565121 0.708804 0.033113 0.032888
60 0.883554 0.311751 0.036424 0.032888
970 0.764349 0.780062 0.051876 0.032888
119 0.459989 0.161871 0.027042 0.033231
119 0.354857 0.857314 0.035320 0.033231
121 0.775662 0.522268 0.038079 0.033231
3865 0.142108 0.259164 0.050221 0.033916
119 0.458885 0.525865 0.028146 0.034258
119 0.246137 0.569373 0.035320 0.034258
62 0.777594 0.488181 0.045254 0.034258
59 0.459713 0.426002 0.039735 0.034601
113 0.350166 0.359198 0.046909 0.034601
680 0.873344 0.436108 0.034768 0.034943
72 0.558223 0.331278 0.042494 0.034943
2395 0.566225 0.546763 0.045254 0.034943
66 0.771523 0.242035 0.033113 0.035286
1174 0.241170 0.134806 0.039735 0.035286
68 0.772903 0.446043 0.017108 0.035629
119 0.876380 0.471737 0.034216 0.035629
4132 0.147903 0.656732 0.051876 0.035629
3307 0.148731 0.754368 0.061258 0.035629
87 0.141832 0.403734 0.041943 0.035971
119 0.670254 0.749229 0.035872 0.036314
3669 0.780077 0.723193 0.053532 0.036314
1977 0.671082 0.535800 0.056291 0.036314
2223 0.777042 0.662042 0.047461 0.036656
2033 0.136865 0.510277 0.058499 0.036656
1385 0.456954 0.209832 0.059603 0.036656
68 0.872792 0.261048 0.014901 0.036999
1197 0.669978 0.499144 0.052980 0.036999
2162 0.357616 0.830079 0.059603 0.036999
1831 0.243929 0.320486 0.046358 0.037342
978 0.564294 0.129839 0.050221 0.037684
2191 0.258278 0.663755 0.041943 0.038027
4132 0.460541 0.602090 0.052428 0.038027
3313 0.346302 0.400308 0.057947 0.038027
60 0.249448 0.196300 0.033113 0.038369
1799 0.457506 0.248030 0.037528 0.039054
4132 0.352649 0.542994 0.052980 0.039054
2413 0.767936 0.408016 0.061258 0.039054
87 0.873896 0.126927 0.033664 0.039397
1935 0.668598 0.356800 0.062362 0.039397
2193 0.873620 0.831449 0.033113 0.039740
2108 0.668046 0.396540 0.057947 0.040082
3307 0.673841 0.576910 0.046358 0.040425
2887 0.559051 0.789997 0.050773 0.040425
83 0.669702 0.786571 0.023731 0.041110
3375 0.247517 0.426173 0.057947 0.041110
1799 0.455574 0.318088 0.039183 0.041453
2338 0.663079 0.158787 0.052428 0.041453
2887 0.135762 0.221137 0.060706 0.041453
53 0.670254 0.651422 0.023731 0.042138
268 0.347682 0.440733 0.040839 0.042138
2061 0.254415 0.817575 0.055188 0.042138
2060 0.145971 0.695958 0.062362 0.042138
322 0.560706 0.377527 0.050773 0.042480
1879 0.769592 0.128983 0.046909 0.043508
69 0.353753 0.182597 0.024283 0.043851
3338 0.564570 0.507879 0.047461 0.044193
2349 0.561258 0.229017 0.052980 0.044193
47 0.466611 0.839500 0.031457 0.045564
1856 0.773455 0.801473 0.033664 0.045564
2822 0.875000 0.648510 0.051325 0.047276
4318 0.871137 0.726276 0.067881 0.047276
2161 0.770143 0.327167 0.062362 0.047962
1851 0.768764 0.201268 0.058499 0.049675
3294 0.343543 0.135320 0.061258 0.050702
969 0.873344 0.517814 0.050221 0.053100
1827 0.873620 0.388832 0.046358 0.053443
3216 0.347682 0.582905 0.043046 0.053786
