246 0.184444 0.398227 0.040000 0.004965
246 0.705556 0.776773 0.043333 0.006738
162 0.400833 0.475709 0.020556 0.009574
128 0.713889 0.296809 0.012222 0.010638
56 0.393611 0.860638 0.018333 0.010638
169 0.501111 0.532801 0.031111 0.010993
101 0.607222 0.745390 0.045556 0.011348
101 0.709722 0.676064 0.043889 0.011702
101 0.495000 0.182624 0.044444 0.012057
101 0.603889 0.226596 0.044444 0.012766
101 0.711944 0.893972 0.049444 0.012766
188 0.710278 0.693794 0.022778 0.013121
205 0.504444 0.513830 0.030000 0.013475
92 0.185833 0.536170 0.035000 0.013475
172 0.816667 0.295213 0.025556 0.013830
132 0.814444 0.585106 0.023333 0.014184
101 0.919444 0.267376 0.043333 0.014184
52 0.912500 0.861170 0.037222 0.014539
55 0.287500 0.285993 0.043889 0.014539
57 0.923333 0.570922 0.035556 0.014894
132 0.604722 0.892730 0.023889 0.015248
52 0.183889 0.755851 0.033333 0.015248
57 0.819167 0.668794 0.035000 0.015603
297 0.183889 0.484397 0.042222 0.015603
52 0.917778 0.375355 0.032222 0.015957
132 0.498889 0.284397 0.024444 0.016312
209 0.293611 0.823582 0.011667 0.016667
52 0.391111 0.673227 0.041111 0.016667
110 0.496111 0.160638 0.021111 0.017021
132 0.715556 0.364184 0.022222 0.017021
1810 0.186389 0.428014 0.022778 0.017021
91 0.604167 0.620567 0.032778 0.017021
60 0.912778 0.732979 0.033333 0.017021
132 0.925278 0.180674 0.027222 0.017376
55 0.818056 0.320745 0.042778 0.017376
81 0.602500 0.358156 0.036111 0.017730
91 0.488889 0.892376 0.031111 0.018085
1810 0.185556 0.514184 0.024444 0.018440
57 0.396944 0.400709 0.032778 0.018440
81 0.912222 0.715248 0.040000 0.018440
81 0.601667 0.488830 0.042222 0.018794
132 0.708056 0.716667 0.019444 0.019149
56 0.817778 0.166667 0.021111 0.019149
134 0.494444 0.306383 0.022222 0.019149
132 0.397500 0.551418 0.026111 0.019149
168 0.925556 0.282624 0.027778 0.019149
132 0.292778 0.255142 0.025556 0.019504
56 0.603056 0.407447 0.021667 0.019858
168 0.825278 0.192199 0.025000 0.019858
88 0.806944 0.799468 0.020556 0.020213
1365 0.313889 0.744858 0.027778 0.020213
495 0.918889 0.449823 0.040000 0.020213
192 0.282222 0.856028 0.024444 0.020567
69 0.607500 0.854255 0.026111 0.020567
77 0.495000 0.713121 0.037778 0.020567
55 0.814167 0.610638 0.042778 0.020567
117 0.912778 0.687411 0.018889 0.020922
85 0.604167 0.457270 0.026111 0.020922
113 0.811667 0.562234 0.041111 0.020922
118 0.395556 0.613475 0.012222 0.021277
66 0.814444 0.379078 0.024444 0.021277
83 0.707500 0.496454 0.035000 0.021277
111 0.711389 0.522163 0.025000 0.021631
4034 0.915278 0.423227 0.040556 0.021631
55 0.495833 0.334574 0.041667 0.021631
88 0.395000 0.151596 0.043333 0.021631
85 0.602500 0.763475 0.021667 0.021986
111 0.392778 0.735461 0.024444 0.021986
126 0.280000 0.652482 0.028889 0.021986
83 0.278611 0.558865 0.031667 0.021986
57 0.497778 0.403546 0.033333 0.021986
83 0.812778 0.277660 0.036667 0.021986
88 0.813056 0.465603 0.038333 0.021986
718 0.515000 0.241667 0.026667 0.022340
185 0.498611 0.492021 0.032778 0.022340
91 0.820833 0.144504 0.033889 0.022340
203 0.290556 0.798050 0.034444 0.022340
88 0.601944 0.294858 0.038333 0.022340
76 0.912778 0.474468 0.027778 0.022695
86 0.493889 0.806028 0.035556 0.022695
113 0.183056 0.453191 0.040556 0.022695
83 0.596944 0.513298 0.033889 0.023050
57 0.719444 0.240248 0.034444 0.023050
90 0.601111 0.717553 0.037778 0.023050
111 0.393056 0.178014 0.025000 0.023404
90 0.704722 0.652837 0.037222 0.023404
98 0.918333 0.398227 0.042222 0.023404
113 0.710278 0.337943 0.042778 0.023404
113 0.281389 0.227305 0.047222 0.023404
111 0.491667 0.623936 0.023333 0.023759
111 0.282778 0.588121 0.024444 0.023759
120 0.496944 0.133156 0.028333 0.023759
88 0.183889 0.597340 0.040000 0.023759
77 0.816389 0.891667 0.040556 0.023759
135 0.282778 0.879787 0.026667 0.024113
76 0.599722 0.380496 0.031667 0.024113
77 0.393333 0.887589 0.032222 0.024113
74 0.287222 0.166667 0.033333 0.024113
98 0.182500 0.784043 0.040556 0.024113
113 0.599722 0.873759 0.040556 0.024113
127 0.822778 0.400355 0.048889 0.024113
118 0.605278 0.430496 0.016111 0.024823
118 0.907500 0.763121 0.026111 0.024823
148 0.190556 0.850355 0.027778 0.024823
76 0.493333 0.428014 0.028889 0.024823
113 0.391389 0.526241 0.036111 0.024823
87 0.391389 0.429787 0.037222 0.024823
1282 0.606944 0.109929 0.042778 0.024823
127 0.816389 0.864716 0.056111 0.025177
111 0.713333 0.149291 0.023333 0.025532
60 0.193889 0.310638 0.026667 0.025532
92 0.278611 0.345745 0.029444 0.025532
72 0.181111 0.663121 0.034444 0.025532
90 0.917500 0.239716 0.036111 0.025532
88 0.184167 0.818085 0.039444 0.025532
118 0.286944 0.133511 0.015000 0.025887
72 0.598611 0.198404 0.036111 0.025887
68 0.816667 0.250355 0.006667 0.026241
87 0.601944 0.325887 0.030556 0.026241
85 0.186389 0.726064 0.019444 0.026596
87 0.185278 0.342021 0.030556 0.026596
74 0.492222 0.559043 0.033333 0.026596
547 0.605278 0.648759 0.040556 0.026596
4034 0.275833 0.445213 0.041667 0.026596
82 0.195556 0.284929 0.052222 0.026596
51 0.395000 0.765603 0.035556 0.026950
2083 0.918056 0.349291 0.039444 0.026950
127 0.609167 0.134752 0.043889 0.026950
68 0.493056 0.870745 0.008333 0.027305
166 0.185833 0.887057 0.020556 0.027305
127 0.284722 0.369326 0.050556 0.027305
118 0.185278 0.370213 0.015000 0.027660
4260 0.188611 0.565248 0.028333 0.027660
87 0.392778 0.645390 0.028889 0.027660
107 0.284167 0.311348 0.030556 0.027660
87 0.603889 0.168794 0.032222 0.027660
56 0.286111 0.106028 0.044444 0.027660
119 0.288611 0.201950 0.028333 0.028014
74 0.816389 0.223936 0.031667 0.028014
254 0.810556 0.698050 0.035556 0.028014
1811 0.706389 0.807447 0.030556 0.028369
2083 0.492222 0.684752 0.040000 0.028369
2083 0.184444 0.693617 0.042222 0.028369
3769 0.602500 0.833333 0.043889 0.028369
83 0.278333 0.711879 0.033333 0.028723
62 0.494444 0.744858 0.034444 0.028723
1256 0.918333 0.314184 0.028889 0.029078
1256 0.490000 0.653191 0.030000 0.029078
51 0.499444 0.109929 0.034444 0.029078
2083 0.917222 0.627305 0.046667 0.029078
53 0.491944 0.461170 0.020556 0.029433
111 0.823056 0.115780 0.026111 0.029433
4486 0.923889 0.117553 0.027778 0.029433
717 0.711389 0.465071 0.047222 0.029433
717 0.603333 0.588121 0.053333 0.029433
69 0.719722 0.317021 0.025000 0.029787
118 0.712222 0.591489 0.026667 0.029787
3754 0.919444 0.209574 0.028889 0.029787
1256 0.916111 0.599645 0.030000 0.029787
77 0.716111 0.214539 0.033333 0.029787
2479 0.283333 0.620567 0.035556 0.029787
330 0.283889 0.680319 0.028889 0.030142
119 0.393333 0.793972 0.024444 0.030496
2820 0.487778 0.838298 0.044444 0.030496
2305 0.915556 0.830851 0.048889 0.030496
60 0.913056 0.887589 0.018333 0.031206
718 0.815278 0.348936 0.033889 0.031206
1551 0.602222 0.549645 0.034444 0.031206
87 0.395833 0.584752 0.036111 0.031206
1787 0.810556 0.729078 0.036667 0.031206
717 0.188056 0.631915 0.047222 0.031206
68 0.709167 0.428369 0.008333 0.031915
121 0.703611 0.620213 0.032778 0.031915
1551 0.916944 0.507624 0.027222 0.032270
2264 0.806111 0.829965 0.040000 0.032270
4700 0.921667 0.152660 0.043333 0.032270
4166 0.392778 0.369326 0.048889 0.032979
121 0.490833 0.773759 0.028333 0.033333
121 0.812222 0.638652 0.028889 0.033333
330 0.814167 0.498582 0.030556 0.033333
84 0.287222 0.481738 0.032222 0.033688
717 0.918333 0.540957 0.050000 0.033688
4646 0.912778 0.792908 0.030000 0.034043
1917 0.601667 0.682270 0.035556 0.034043
1193 0.707222 0.558156 0.040000 0.034043
975 0.389167 0.331206 0.041667 0.034043
1099 0.709167 0.853546 0.043889 0.034043
1880 0.710833 0.182447 0.028333 0.034397
64 0.713889 0.273936 0.032222 0.034397
846 0.709444 0.394504 0.050000 0.034397
78 0.393333 0.502128 0.027778 0.034752
78 0.915000 0.663830 0.033333 0.034752
981 0.812500 0.432270 0.037222 0.034752
60 0.396389 0.448404 0.027222 0.035106
2233 0.713889 0.116135 0.041111 0.035106
3229 0.807500 0.767553 0.049444 0.035106
1193 0.279722 0.522695 0.036111 0.035461
1831 0.397778 0.209220 0.040000 0.035461
1137 0.281667 0.406383 0.041111 0.035461
366 0.393889 0.839184 0.046667 0.035816
3754 0.602778 0.796454 0.030000 0.036170
322 0.392500 0.291135 0.040556 0.036170
68 0.493611 0.208688 0.007222 0.036525
121 0.491389 0.591135 0.031667 0.036879
4166 0.190556 0.246809 0.042222 0.036879
296 0.393333 0.704255 0.024444 0.037589
1880 0.493889 0.374113 0.026667 0.037589
1544 0.393056 0.248759 0.047222 0.037943
3754 0.186667 0.153191 0.028889 0.038298
4163 0.185278 0.114184 0.032778 0.038298
47 0.709167 0.742021 0.028333 0.038652
1799 0.391389 0.114716 0.040556 0.038652
78 0.813611 0.536170 0.033889 0.039007
3160 0.600278 0.261348 0.041667 0.039716
47 0.195278 0.197695 0.033889 0.047163
