101 0.557127 0.656545 0.048966 0.010471
169 0.865343 0.831588 0.040805 0.012216
173 0.248640 0.122862 0.036997 0.012565
101 0.859630 0.319546 0.054407 0.012914
136 0.458651 0.791972 0.031556 0.013264
193 0.353645 0.897208 0.033732 0.015009
120 0.883025 0.785340 0.017410 0.015358
101 0.662133 0.494939 0.056583 0.015358
49 0.659684 0.895288 0.021219 0.016754
120 0.164581 0.263351 0.017954 0.017103
129 0.456746 0.176963 0.025571 0.017452
188 0.660773 0.370332 0.029924 0.017452
203 0.147987 0.314834 0.040261 0.017452
56 0.346844 0.428447 0.024483 0.017801
192 0.661861 0.799825 0.028836 0.017801
52 0.244831 0.552705 0.040261 0.018499
52 0.859630 0.702792 0.042437 0.018499
162 0.354189 0.655846 0.021763 0.018848
92 0.654788 0.347993 0.033188 0.018848
57 0.763602 0.365445 0.035365 0.018848
134 0.351741 0.875742 0.020131 0.019546
193 0.248368 0.145026 0.033188 0.019895
129 0.253264 0.604363 0.024483 0.020593
92 0.658868 0.779930 0.033732 0.020593
91 0.347116 0.128272 0.035909 0.020593
92 0.856366 0.619372 0.036997 0.020593
117 0.144450 0.474695 0.022307 0.020942
52 0.248912 0.840489 0.041893 0.020942
55 0.758705 0.479232 0.047334 0.020942
52 0.858814 0.271728 0.045158 0.021291
81 0.553319 0.362478 0.045702 0.021291
76 0.654788 0.321815 0.036453 0.021640
65 0.150979 0.559860 0.036453 0.021640
55 0.763330 0.682024 0.045702 0.021640
117 0.348205 0.606457 0.026115 0.021990
92 0.162677 0.244852 0.031556 0.021990
52 0.763330 0.650436 0.041349 0.021990
65 0.352013 0.241710 0.042437 0.021990
85 0.250272 0.855148 0.019587 0.022339
57 0.251360 0.396510 0.029380 0.022339
148 0.143090 0.212914 0.030468 0.022339
57 0.251088 0.788482 0.035365 0.022339
91 0.762786 0.747295 0.035909 0.022339
52 0.344396 0.295288 0.040261 0.022339
134 0.140098 0.291274 0.020131 0.022688
135 0.668934 0.823211 0.025571 0.022688
49 0.451850 0.434904 0.019042 0.023037
132 0.659956 0.393368 0.022851 0.023037
55 0.452938 0.854799 0.041893 0.023037
55 0.556311 0.714834 0.045158 0.023037
55 0.350653 0.705061 0.047334 0.023037
76 0.448041 0.152007 0.027748 0.023386
57 0.148259 0.409948 0.033188 0.023386
252 0.658868 0.547120 0.040261 0.023386
117 0.247280 0.430366 0.021219 0.023735
92 0.881393 0.766492 0.027203 0.023735
52 0.450490 0.128447 0.040261 0.023735
55 0.451306 0.468761 0.044070 0.023735
132 0.760609 0.194590 0.025027 0.024084
52 0.660773 0.671379 0.037541 0.024084
56 0.555495 0.856894 0.021763 0.024433
52 0.140098 0.615358 0.039717 0.024433
168 0.863711 0.816579 0.024483 0.024782
68 0.555767 0.521640 0.009249 0.025480
60 0.344396 0.629843 0.020675 0.025480
83 0.345212 0.679058 0.036453 0.025480
553 0.551687 0.203665 0.053319 0.025480
84 0.757345 0.843979 0.034820 0.025829
127 0.144450 0.854101 0.054951 0.025829
60 0.247008 0.454625 0.023939 0.026178
74 0.141458 0.345026 0.028292 0.026178
113 0.553319 0.335951 0.044614 0.026178
56 0.859630 0.295288 0.022851 0.026527
135 0.461915 0.816405 0.028292 0.026527
83 0.552503 0.386736 0.040805 0.026527
113 0.757617 0.167888 0.042982 0.026527
113 0.860990 0.167888 0.052775 0.026527
68 0.661589 0.293368 0.007617 0.026876
68 0.453482 0.269634 0.011425 0.026876
91 0.450218 0.325829 0.035365 0.026876
110 0.349021 0.731414 0.035365 0.026876
84 0.348205 0.756894 0.039173 0.026876
67 0.349293 0.269284 0.040261 0.026876
72 0.756529 0.317801 0.042982 0.026876
56 0.139826 0.161431 0.047878 0.026876
53 0.350381 0.811867 0.021763 0.027225
1365 0.377312 0.843630 0.034276 0.027225
51 0.145539 0.830017 0.036453 0.027225
88 0.245919 0.682723 0.036997 0.027225
88 0.453754 0.772426 0.044614 0.027225
55 0.759521 0.782199 0.046790 0.027225
76 0.448313 0.297557 0.031556 0.027574
1261 0.862622 0.391972 0.044070 0.027923
88 0.857182 0.425829 0.045158 0.027923
88 0.557943 0.679581 0.048422 0.027923
2083 0.859630 0.891449 0.053319 0.027923
126 0.653428 0.133508 0.047878 0.028272
93 0.144995 0.129145 0.036453 0.028621
72 0.452394 0.645026 0.040805 0.028621
84 0.142002 0.528796 0.041349 0.028621
55 0.658324 0.522164 0.054407 0.028621
111 0.856910 0.528272 0.026115 0.028970
83 0.551959 0.549564 0.038629 0.028970
1406 0.347388 0.501396 0.039717 0.028970
55 0.144723 0.802967 0.046790 0.028970
76 0.353373 0.783246 0.021219 0.029319
107 0.245375 0.225480 0.023939 0.029319
87 0.763058 0.624084 0.033188 0.029319
84 0.861534 0.498080 0.042982 0.029319
127 0.763874 0.344154 0.063112 0.029319
119 0.858814 0.595637 0.023395 0.029668
88 0.555495 0.231937 0.027203 0.029668
253 0.557671 0.457417 0.033732 0.029668
107 0.858814 0.678185 0.028836 0.030017
67 0.147987 0.584991 0.040261 0.030017
84 0.455386 0.699127 0.043526 0.030017
547 0.761425 0.811518 0.046246 0.030017
87 0.250000 0.814834 0.034276 0.030366
88 0.448585 0.355497 0.042982 0.030366
132 0.856638 0.199651 0.032100 0.030716
87 0.662405 0.608377 0.034276 0.030716
111 0.449674 0.539442 0.027748 0.031065
1406 0.244559 0.293368 0.034276 0.031065
338 0.553591 0.272775 0.049510 0.031065
119 0.140370 0.190227 0.025027 0.031414
84 0.345484 0.210122 0.042437 0.031414
119 0.761697 0.256370 0.023939 0.031763
1406 0.554135 0.130716 0.039717 0.031763
58 0.452122 0.205759 0.043526 0.031763
87 0.248096 0.523560 0.031556 0.032112
68 0.347661 0.403141 0.040261 0.032112
126 0.563928 0.886213 0.044070 0.032112
107 0.139826 0.643106 0.025027 0.032461
2151 0.657508 0.425480 0.048422 0.032810
127 0.456474 0.672251 0.055495 0.032810
107 0.554679 0.491972 0.024483 0.033159
76 0.245103 0.575742 0.031012 0.033159
88 0.758705 0.443805 0.044070 0.033159
99 0.659412 0.208901 0.044614 0.033159
92 0.659140 0.640838 0.024483 0.033508
3322 0.659140 0.863525 0.034276 0.033508
68 0.555767 0.305061 0.040805 0.033508
119 0.247824 0.260908 0.026659 0.033857
107 0.654788 0.263351 0.026659 0.033857
107 0.450762 0.612740 0.027748 0.033857
51 0.860446 0.563874 0.039717 0.033857
113 0.557943 0.778185 0.041893 0.033857
562 0.248368 0.718848 0.046246 0.033857
53 0.558760 0.635253 0.020675 0.034206
2598 0.452394 0.579058 0.024483 0.034206
107 0.449946 0.239965 0.027203 0.034555
107 0.345484 0.325131 0.028292 0.034555
366 0.557943 0.819023 0.041893 0.034555
51 0.759521 0.224433 0.044614 0.034904
366 0.142274 0.448517 0.047334 0.034904
2286 0.554951 0.164223 0.051143 0.035253
68 0.665941 0.240838 0.007617 0.035602
127 0.664853 0.576963 0.060936 0.035602
107 0.756529 0.289878 0.025571 0.035951
111 0.248096 0.483246 0.028292 0.035951
70 0.142546 0.679407 0.034820 0.035951
121 0.141730 0.377836 0.039717 0.035951
1065 0.349293 0.571728 0.056583 0.036300
3754 0.248368 0.885340 0.036453 0.036649
1799 0.758161 0.711518 0.049510 0.036649
4166 0.562024 0.745724 0.052231 0.036649
111 0.761697 0.508901 0.025027 0.036998
2191 0.459739 0.884817 0.039173 0.036998
1914 0.248368 0.754625 0.041893 0.036998
485 0.663221 0.707504 0.043526 0.036998
3218 0.754081 0.884817 0.053319 0.036998
68 0.859086 0.644154 0.043526 0.037347
69 0.864799 0.136300 0.050598 0.037347
119 0.139282 0.505061 0.028292 0.037696
2111 0.241567 0.325480 0.048966 0.038045
3800 0.453210 0.740140 0.055495 0.038045
95 0.760881 0.546597 0.042982 0.038394
1799 0.652612 0.461431 0.044070 0.038394
70 0.347933 0.362129 0.034276 0.038743
4402 0.660773 0.746771 0.044070 0.038743
1256 0.856366 0.864572 0.039173 0.039092
2111 0.346028 0.532984 0.050054 0.039092
3690 0.554407 0.422513 0.027203 0.039442
69 0.146083 0.884468 0.027748 0.039791
87 0.859086 0.239965 0.041349 0.040140
1065 0.247552 0.365620 0.052231 0.040140
2783 0.451306 0.504538 0.046246 0.040838
69 0.767682 0.140663 0.031556 0.041187
420 0.858270 0.464747 0.053863 0.041536
368 0.241295 0.190052 0.047334 0.042234
81 0.658052 0.170681 0.042982 0.042583
1316 0.144995 0.716230 0.045158 0.042583
4301 0.448857 0.400000 0.048966 0.042583
3800 0.760065 0.405759 0.058760 0.042932
3283 0.860174 0.353403 0.030468 0.043630
1132 0.759793 0.588482 0.047334 0.044677
68 0.859358 0.731937 0.011425 0.045375
753 0.249456 0.645375 0.050598 0.046073
505 0.555495 0.591798 0.029380 0.047120
2179 0.344668 0.168935 0.060392 0.047469
68 0.345212 0.465271 0.013602 0.048866
47 0.150163 0.756545 0.034820 0.057592
