126 0.744209 0.678194 0.038443 0.016695
88 0.754559 0.787564 0.022671 0.017376
979 0.742484 0.629302 0.034993 0.019761
83 0.692213 0.648893 0.014293 0.020102
76 0.693691 0.609710 0.020207 0.020784
121 0.692952 0.628450 0.024643 0.020784
70 0.664367 0.807666 0.027600 0.020784
316 0.668063 0.693867 0.045835 0.020784
1173 0.489404 0.637479 0.030557 0.021124
1083 0.755298 0.765077 0.031050 0.021465
501 0.489897 0.675980 0.035485 0.021806
438 0.701084 0.793526 0.040907 0.023169
1585 0.755791 0.740034 0.026121 0.024532
373 0.664120 0.672061 0.034007 0.026917
988 0.703302 0.761840 0.035485 0.028620
2683 0.742977 0.600852 0.032035 0.029642
1535 0.743470 0.653833 0.037950 0.030664
