128 0.427951 0.393363 0.010731 0.008987
56 0.693153 0.805047 0.015841 0.011753
128 0.114205 0.383166 0.011753 0.013481
173 0.705161 0.244901 0.035769 0.013481
101 0.213592 0.365192 0.048033 0.014172
188 0.410833 0.431732 0.031681 0.014518
101 0.409555 0.841514 0.052632 0.015555
132 0.114716 0.565157 0.024016 0.017974
57 0.800971 0.441065 0.033214 0.017974
192 0.412110 0.859143 0.032192 0.018320
101 0.310680 0.385413 0.047011 0.018666
91 0.213848 0.807985 0.032192 0.019011
91 0.212570 0.447459 0.033725 0.019011
162 0.115483 0.300035 0.025549 0.019357
60 0.109862 0.275320 0.022483 0.019703
81 0.699029 0.361390 0.031681 0.019703
55 0.607818 0.870895 0.044456 0.019703
81 0.798671 0.241618 0.036791 0.020048
56 0.216147 0.853958 0.018396 0.020394
164 0.711293 0.261493 0.025549 0.020394
499 0.598365 0.535258 0.056208 0.020394
56 0.409044 0.508814 0.020950 0.020740
91 0.111139 0.690287 0.033214 0.020740
57 0.114461 0.212236 0.033725 0.020740
91 0.308636 0.529208 0.035769 0.020740
113 0.792540 0.771517 0.037813 0.020740
120 0.697752 0.548047 0.020950 0.021085
91 0.506898 0.602489 0.029637 0.021431
92 0.697752 0.496371 0.033214 0.021431
76 0.697496 0.382475 0.026571 0.021777
57 0.114972 0.404943 0.032703 0.021777
76 0.108585 0.469927 0.034236 0.021777
132 0.410833 0.453163 0.025549 0.022122
91 0.506387 0.386796 0.031681 0.022122
81 0.109862 0.632907 0.039857 0.022122
499 0.601942 0.470446 0.056208 0.022122
85 0.117527 0.933806 0.029637 0.022468
111 0.799438 0.335983 0.022994 0.022814
88 0.694430 0.744556 0.039857 0.022814
55 0.792284 0.685448 0.040368 0.022814
91 0.602964 0.292603 0.026571 0.023159
113 0.507409 0.167473 0.045989 0.023159
93 0.427951 0.376426 0.028104 0.023505
91 0.307103 0.207397 0.029637 0.023505
132 0.307614 0.709990 0.029637 0.023505
55 0.504599 0.778431 0.038324 0.023505
77 0.217936 0.828897 0.041390 0.023505
55 0.213592 0.311441 0.040879 0.024196
79 0.314768 0.283788 0.041901 0.024196
88 0.791518 0.828725 0.022483 0.024542
91 0.696730 0.445385 0.032192 0.024542
55 0.407511 0.484100 0.046500 0.024542
132 0.210271 0.575527 0.029126 0.024888
107 0.505876 0.743519 0.029637 0.024888
91 0.602453 0.350156 0.034747 0.024888
88 0.602453 0.735396 0.028615 0.025233
55 0.409555 0.702212 0.039346 0.025233
88 0.308380 0.409782 0.040368 0.025233
76 0.305825 0.929831 0.029126 0.025579
83 0.404701 0.668510 0.032703 0.025579
93 0.798416 0.574490 0.035258 0.025579
52 0.213337 0.726927 0.036280 0.025579
84 0.695452 0.470792 0.036791 0.025579
55 0.798416 0.368476 0.037302 0.025579
135 0.416709 0.881265 0.022994 0.025925
78 0.306592 0.438818 0.030659 0.025925
66 0.507154 0.717767 0.032192 0.025925
113 0.211293 0.549775 0.039346 0.025925
111 0.693919 0.678189 0.028615 0.026270
60 0.696730 0.651573 0.030148 0.026270
66 0.406490 0.566194 0.033214 0.026270
60 0.407001 0.726581 0.038324 0.026270
84 0.207971 0.246803 0.038835 0.026270
111 0.605263 0.894400 0.019928 0.026616
98 0.212059 0.756481 0.041901 0.026616
118 0.790751 0.918424 0.017885 0.026962
76 0.210526 0.384376 0.033725 0.026962
119 0.112417 0.758209 0.017374 0.027307
113 0.309402 0.880919 0.044456 0.027307
98 0.791773 0.745420 0.045478 0.027307
88 0.306336 0.656412 0.022994 0.027653
111 0.212570 0.277221 0.026571 0.027653
60 0.603475 0.706360 0.021461 0.027999
118 0.503832 0.524542 0.022483 0.027999
108 0.410066 0.535258 0.024016 0.027999
74 0.507154 0.891289 0.033214 0.027999
72 0.400613 0.814552 0.038835 0.027999
95 0.607563 0.922053 0.042923 0.027999
111 0.791518 0.655375 0.025549 0.028344
111 0.506132 0.451089 0.030148 0.028344
95 0.408278 0.338057 0.035769 0.028344
87 0.410066 0.786381 0.036280 0.028344
113 0.306592 0.682337 0.040879 0.028344
51 0.697241 0.524888 0.038324 0.028690
111 0.215381 0.786381 0.020950 0.029036
51 0.789218 0.860698 0.031170 0.029036
68 0.514819 0.823194 0.011753 0.029381
166 0.705927 0.578465 0.014819 0.029381
120 0.509709 0.195472 0.015841 0.029381
87 0.601942 0.678016 0.027593 0.029381
62 0.797649 0.512444 0.040879 0.029381
118 0.602197 0.648462 0.016863 0.029727
78 0.212826 0.416523 0.035258 0.029727
126 0.604497 0.808849 0.041901 0.029727
99 0.601686 0.318700 0.042412 0.029727
74 0.209760 0.173695 0.030148 0.030073
122 0.507409 0.856377 0.035769 0.030073
88 0.799693 0.209644 0.039857 0.030073
110 0.209504 0.339094 0.035769 0.030418
127 0.410833 0.754926 0.047011 0.030418
111 0.698263 0.417387 0.025038 0.030764
1810 0.112417 0.797615 0.025549 0.030764
83 0.111139 0.659696 0.028104 0.030764
63 0.790240 0.889043 0.038324 0.031110
316 0.693408 0.713101 0.056208 0.031110
118 0.407256 0.307812 0.013286 0.031455
111 0.509198 0.806429 0.024016 0.031801
68 0.308125 0.844452 0.034747 0.031801
52 0.111906 0.360180 0.035769 0.031801
643 0.599898 0.499136 0.038835 0.031801
127 0.409811 0.594539 0.044967 0.031801
316 0.507665 0.356377 0.052632 0.031801
111 0.793306 0.715347 0.019928 0.032147
72 0.690342 0.836675 0.037813 0.032147
757 0.111906 0.829761 0.052121 0.032147
68 0.310935 0.905289 0.007665 0.032492
53 0.506898 0.922226 0.016352 0.032492
4345 0.307358 0.618389 0.039346 0.032492
724 0.603219 0.844452 0.047522 0.032492
85 0.692642 0.915140 0.021972 0.032838
87 0.601942 0.616834 0.029637 0.032838
85 0.215125 0.694608 0.029637 0.032838
4064 0.112161 0.725717 0.038324 0.032838
126 0.603219 0.224853 0.040368 0.032838
1415 0.508431 0.418078 0.045989 0.032838
2435 0.217680 0.922745 0.047011 0.032838
118 0.216403 0.882129 0.018906 0.033184
47 0.428717 0.892499 0.024527 0.033184
123 0.112161 0.440028 0.025038 0.033184
72 0.504343 0.227100 0.037813 0.033184
87 0.411344 0.173522 0.038835 0.033184
83 0.110884 0.326823 0.022483 0.033529
68 0.112672 0.499136 0.007665 0.033875
53 0.791773 0.799170 0.018906 0.033875
123 0.406490 0.274801 0.024016 0.033875
121 0.796372 0.544418 0.028104 0.033875
62 0.801226 0.271863 0.038835 0.034221
83 0.797138 0.304874 0.027593 0.034566
87 0.112417 0.246111 0.030659 0.034566
64 0.702351 0.295541 0.033214 0.034566
47 0.422841 0.909955 0.028104 0.034912
87 0.797649 0.477532 0.030659 0.034912
64 0.307103 0.175078 0.036791 0.034912
366 0.799693 0.173695 0.039857 0.034912
1834 0.601431 0.385932 0.043945 0.034912
3192 0.404446 0.633080 0.047522 0.034912
1579 0.213592 0.485482 0.049055 0.034912
4455 0.306847 0.749568 0.051610 0.034912
118 0.114972 0.538196 0.028615 0.035258
121 0.699796 0.171794 0.031170 0.035258
79 0.217169 0.520913 0.040879 0.035258
107 0.698774 0.330971 0.025038 0.035603
2144 0.695197 0.620290 0.046500 0.035603
110 0.310169 0.356205 0.028615 0.036295
788 0.113950 0.862599 0.032703 0.036295
121 0.210015 0.210854 0.026571 0.036640
3192 0.690087 0.780159 0.040368 0.036640
53 0.308891 0.314725 0.019928 0.036986
2748 0.109351 0.602834 0.042923 0.037331
87 0.509709 0.265468 0.030148 0.038023
68 0.508942 0.491186 0.034747 0.038023
1047 0.506132 0.681300 0.055697 0.038023
71 0.706183 0.212236 0.040879 0.038714
3172 0.508942 0.641894 0.053143 0.040097
3663 0.601431 0.775493 0.040879 0.040442
3199 0.209249 0.657968 0.060807 0.041134
68 0.602964 0.259938 0.037813 0.041479
69 0.703117 0.875562 0.026571 0.042171
1193 0.207716 0.615278 0.042412 0.042171
4646 0.600664 0.426374 0.030148 0.042516
4532 0.505110 0.560145 0.048544 0.042516
4289 0.109351 0.175769 0.049055 0.043208
58 0.505621 0.307121 0.028104 0.044590
4528 0.407256 0.226409 0.028615 0.044936
959 0.114461 0.899758 0.045989 0.045627
4196 0.798927 0.405634 0.041390 0.045973
4402 0.307869 0.239371 0.043434 0.045973
957 0.601175 0.569478 0.043434 0.047356
3513 0.794584 0.617352 0.036791 0.049084
4359 0.305570 0.575700 0.047011 0.052195
957 0.597343 0.182337 0.044967 0.054269
47 0.311191 0.796232 0.025549 0.056343
47 0.314768 0.475976 0.034747 0.066367
