246 0.370361 0.577847 0.044433 0.005573
129 0.583377 0.809822 0.025091 0.010449
128 0.275222 0.670324 0.010978 0.011494
101 0.670936 0.698711 0.046524 0.011843
101 0.771563 0.579589 0.046001 0.012539
101 0.468374 0.577151 0.048092 0.012539
120 0.891270 0.368164 0.019864 0.014629
129 0.276006 0.364159 0.023001 0.015674
52 0.368270 0.639847 0.033978 0.018112
65 0.778097 0.863811 0.040251 0.018112
129 0.873758 0.872692 0.023523 0.018460
56 0.866179 0.195751 0.020910 0.018809
203 0.874020 0.425810 0.028228 0.019157
57 0.476215 0.552943 0.033455 0.019157
84 0.868531 0.891850 0.049660 0.019157
92 0.769211 0.125392 0.039205 0.019505
56 0.571093 0.833333 0.029796 0.019854
65 0.275222 0.400383 0.035024 0.019854
81 0.274961 0.654998 0.035546 0.019854
81 0.571615 0.795716 0.040251 0.019854
92 0.891009 0.351097 0.024569 0.020202
56 0.861735 0.323755 0.023523 0.020550
91 0.569263 0.443225 0.031364 0.020550
55 0.766597 0.154824 0.045478 0.020550
91 0.571615 0.730756 0.029796 0.020899
91 0.160481 0.215604 0.034501 0.020899
122 0.773915 0.889237 0.039205 0.020899
92 0.769733 0.346917 0.041296 0.020899
113 0.568479 0.472658 0.039205 0.021595
88 0.576581 0.890456 0.023001 0.021944
76 0.371668 0.731975 0.030319 0.021944
88 0.376372 0.760536 0.030319 0.021944
162 0.468897 0.122431 0.035546 0.021944
52 0.567956 0.387147 0.036069 0.021944
92 0.169367 0.644897 0.039728 0.021944
57 0.164401 0.156392 0.032933 0.022292
57 0.870622 0.807036 0.035024 0.022292
126 0.769472 0.672936 0.047047 0.022292
134 0.872713 0.401776 0.017250 0.022640
121 0.473863 0.889760 0.050706 0.022640
88 0.274699 0.740160 0.025614 0.022989
57 0.376634 0.866597 0.037114 0.022989
56 0.669367 0.128004 0.017250 0.023337
120 0.166492 0.547719 0.017250 0.023337
1810 0.770518 0.835423 0.023001 0.023337
64 0.361735 0.125914 0.025091 0.023337
64 0.572661 0.636538 0.027705 0.023337
93 0.772870 0.602752 0.041296 0.023337
66 0.573968 0.859979 0.027182 0.023685
91 0.773131 0.487635 0.030319 0.023685
91 0.864349 0.301289 0.036069 0.023685
91 0.572922 0.666144 0.031364 0.024033
57 0.374804 0.541797 0.033455 0.024033
55 0.362258 0.242250 0.034501 0.024033
83 0.765813 0.762800 0.032410 0.024382
95 0.374804 0.889237 0.039728 0.024382
88 0.669106 0.396552 0.021955 0.024730
107 0.473079 0.802334 0.021955 0.024730
83 0.666754 0.857018 0.030842 0.024730
83 0.259801 0.341170 0.039728 0.024730
65 0.868792 0.626437 0.043910 0.024730
81 0.771040 0.737896 0.043910 0.024730
56 0.269472 0.814525 0.044433 0.024730
76 0.667538 0.633925 0.030319 0.025078
57 0.267642 0.227099 0.034501 0.025078
547 0.675118 0.758272 0.044433 0.025078
76 0.863304 0.267154 0.029796 0.025775
67 0.871145 0.656566 0.041296 0.025775
84 0.671458 0.722571 0.035024 0.026123
91 0.265551 0.200453 0.035546 0.026123
56 0.364088 0.373912 0.045478 0.026123
111 0.772608 0.460118 0.020910 0.026472
74 0.864611 0.496865 0.029273 0.026820
52 0.274699 0.593696 0.037114 0.026820
113 0.163095 0.433473 0.043910 0.026820
84 0.471249 0.828631 0.038160 0.027168
111 0.362520 0.271508 0.023523 0.027517
76 0.158390 0.182341 0.030319 0.027517
76 0.862781 0.849356 0.031887 0.027517
72 0.860167 0.750435 0.036069 0.027517
166 0.286461 0.559387 0.019864 0.027865
85 0.769995 0.797283 0.025091 0.027865
111 0.466545 0.473354 0.025614 0.027865
83 0.565604 0.325670 0.034501 0.027865
67 0.275222 0.428770 0.039205 0.027865
113 0.863042 0.586207 0.041819 0.027865
51 0.164140 0.403866 0.037637 0.028213
95 0.274438 0.626785 0.037637 0.028213
51 0.474386 0.863288 0.040251 0.028213
52 0.670413 0.525078 0.042342 0.028213
107 0.671197 0.787879 0.026137 0.028561
110 0.165447 0.464298 0.035024 0.028561
85 0.771824 0.514281 0.026660 0.028910
93 0.366963 0.338036 0.038683 0.028910
70 0.271302 0.530651 0.039728 0.028910
111 0.168845 0.705677 0.025091 0.029258
111 0.470204 0.729711 0.025614 0.029258
66 0.367747 0.514455 0.030842 0.029258
113 0.170413 0.772901 0.039728 0.029258
111 0.569263 0.417799 0.024046 0.029606
111 0.672243 0.885928 0.030319 0.029606
52 0.172765 0.739986 0.032933 0.029606
83 0.173549 0.885928 0.034501 0.029606
84 0.365917 0.429641 0.040774 0.029606
118 0.567956 0.577151 0.018296 0.029955
92 0.368008 0.607976 0.025091 0.030303
87 0.370622 0.705503 0.033455 0.030303
88 0.168061 0.578022 0.041296 0.030303
126 0.867747 0.130094 0.041819 0.030303
89 0.571354 0.604145 0.048092 0.030303
107 0.264245 0.497388 0.031887 0.030651
117 0.570831 0.360327 0.023001 0.031000
127 0.868008 0.776559 0.059070 0.031000
134 0.464715 0.144897 0.028228 0.031348
70 0.159174 0.127133 0.032933 0.031348
107 0.867486 0.170324 0.041296 0.031348
119 0.363826 0.403170 0.023001 0.031696
51 0.170936 0.615291 0.036592 0.031696
254 0.573706 0.765413 0.045478 0.031696
938 0.167799 0.808603 0.057501 0.031696
119 0.864872 0.688610 0.021432 0.032045
119 0.267381 0.463602 0.023523 0.032045
119 0.468113 0.602926 0.025614 0.032741
70 0.275484 0.886451 0.035546 0.032741
51 0.372452 0.673633 0.036069 0.032741
86 0.573183 0.212121 0.037114 0.032741
89 0.768165 0.418321 0.042342 0.032741
98 0.359122 0.301985 0.049137 0.032741
118 0.768949 0.317834 0.014637 0.033090
85 0.468897 0.343260 0.027182 0.033090
70 0.261631 0.162835 0.035024 0.033090
1435 0.771302 0.556426 0.041296 0.033090
55 0.371668 0.802682 0.047047 0.033090
118 0.667799 0.156740 0.020387 0.033438
118 0.567172 0.501219 0.024046 0.033438
1829 0.467852 0.392198 0.042865 0.033438
3687 0.273131 0.703936 0.051751 0.033438
53 0.769733 0.706897 0.022478 0.033786
85 0.360690 0.200104 0.023001 0.033786
126 0.766336 0.240857 0.046001 0.033786
60 0.274177 0.849878 0.021432 0.034134
121 0.170674 0.670150 0.038160 0.034134
90 0.370361 0.836991 0.050706 0.034134
68 0.672765 0.819749 0.010455 0.034483
76 0.669106 0.559735 0.036592 0.034831
69 0.874281 0.557471 0.023523 0.035179
111 0.769995 0.278823 0.026137 0.035179
110 0.266336 0.310171 0.040251 0.035179
126 0.566911 0.173981 0.041296 0.035179
53 0.564820 0.251132 0.027705 0.035528
3735 0.165447 0.512365 0.035024 0.035528
107 0.863042 0.722919 0.025091 0.035876
113 0.163356 0.308777 0.042342 0.035876
68 0.572922 0.543887 0.042865 0.035876
53 0.668322 0.674155 0.024569 0.036573
98 0.861474 0.527168 0.049137 0.036573
3799 0.668845 0.488854 0.046524 0.037269
2598 0.260847 0.128875 0.029273 0.037618
2347 0.464976 0.247649 0.045478 0.037618
68 0.667277 0.198015 0.010978 0.037966
121 0.768165 0.376872 0.030842 0.038314
3984 0.561160 0.697492 0.050706 0.038662
68 0.569786 0.289272 0.011500 0.039359
366 0.562990 0.134970 0.043910 0.039359
1022 0.265813 0.272553 0.050706 0.039359
121 0.360429 0.162313 0.035024 0.039707
3984 0.761631 0.638802 0.048092 0.039707
1432 0.367486 0.474747 0.055410 0.039707
68 0.177731 0.846743 0.010455 0.040404
47 0.880293 0.449321 0.026137 0.040404
322 0.470465 0.646465 0.052274 0.040404
68 0.867224 0.229014 0.012546 0.040752
322 0.470204 0.772727 0.048615 0.040752
3799 0.664663 0.357715 0.051751 0.041101
1880 0.461579 0.197318 0.047047 0.041449
4166 0.766597 0.196796 0.053842 0.041797
3882 0.273393 0.780042 0.033455 0.042146
83 0.663617 0.241379 0.022478 0.043887
68 0.672504 0.597875 0.010978 0.044235
1125 0.469158 0.689133 0.030842 0.044235
3338 0.163879 0.358934 0.038160 0.044932
3338 0.162311 0.261407 0.037114 0.046325
3739 0.667538 0.442355 0.033455 0.048763
3035 0.468636 0.518809 0.037114 0.049808
975 0.468374 0.433647 0.044956 0.050853
47 0.467852 0.294845 0.031364 0.053988
3739 0.665447 0.306339 0.035546 0.060954
