246 0.546277 0.312856 0.044681 0.009615
209 0.260106 0.793091 0.008511 0.009972
209 0.458777 0.716168 0.014362 0.009972
209 0.370745 0.857372 0.010638 0.011040
209 0.368617 0.869836 0.014894 0.011040
56 0.359574 0.715990 0.017021 0.011752
173 0.364894 0.845442 0.028723 0.012108
209 0.259043 0.804309 0.018085 0.012464
200 0.151596 0.133369 0.022340 0.012464
209 0.365691 0.886930 0.013298 0.013889
92 0.650798 0.401175 0.031383 0.014601
57 0.562234 0.496261 0.032979 0.014601
297 0.746543 0.283654 0.042021 0.014601
196 0.360638 0.790242 0.019149 0.014957
76 0.282713 0.841168 0.021809 0.014957
92 0.544149 0.155271 0.035106 0.014957
196 0.149202 0.508903 0.021809 0.015670
57 0.556915 0.572650 0.028723 0.015670
173 0.252128 0.780271 0.034043 0.015670
101 0.555585 0.631054 0.045213 0.015670
128 0.664628 0.727030 0.018617 0.016026
58 0.695213 0.801460 0.029787 0.016026
132 0.458777 0.702279 0.022872 0.017094
58 0.490426 0.683048 0.027660 0.017094
57 0.656383 0.501781 0.031915 0.017094
101 0.157181 0.702813 0.053723 0.017450
132 0.458511 0.481125 0.021277 0.017806
76 0.689894 0.778668 0.020213 0.018162
188 0.457181 0.461360 0.033511 0.018162
120 0.552394 0.551282 0.028191 0.018519
101 0.663830 0.891026 0.050000 0.018519
76 0.481915 0.662927 0.020213 0.018875
209 0.253457 0.820157 0.011170 0.019231
55 0.246277 0.299501 0.041489 0.019231
76 0.448936 0.408654 0.030851 0.019587
148 0.262500 0.758547 0.029255 0.019943
91 0.753723 0.565171 0.034043 0.019943
861 0.038564 0.367343 0.038830 0.020299
101 0.257979 0.741631 0.054255 0.020299
52 0.249202 0.171652 0.042021 0.020655
55 0.546011 0.182692 0.042021 0.020655
55 0.550798 0.405627 0.047340 0.020655
148 0.140160 0.155805 0.034574 0.021011
85 0.745213 0.345442 0.030851 0.021368
52 0.558245 0.809829 0.038830 0.021368
101 0.455053 0.642094 0.050532 0.021368
2223 0.387500 0.811432 0.027128 0.021724
52 0.355851 0.770121 0.042553 0.021724
55 0.649202 0.329594 0.047340 0.021724
58 0.282447 0.860399 0.022340 0.022080
91 0.550266 0.375000 0.033511 0.022080
55 0.357447 0.562322 0.042553 0.022080
56 0.656915 0.709402 0.050000 0.022080
2223 0.587234 0.865919 0.029787 0.022436
91 0.451330 0.434651 0.034574 0.022436
91 0.749734 0.438568 0.038830 0.022436
86 0.460904 0.890135 0.030319 0.023148
55 0.558245 0.680556 0.043085 0.023504
91 0.247872 0.371261 0.037234 0.023860
88 0.346011 0.149038 0.037766 0.023860
81 0.446277 0.312500 0.038298 0.023860
113 0.139096 0.304309 0.043085 0.023860
52 0.146011 0.646724 0.035638 0.024217
132 0.139628 0.331197 0.036702 0.024217
4109 0.654521 0.869302 0.045213 0.024217
51 0.745479 0.196937 0.031383 0.024929
132 0.147074 0.110933 0.027128 0.025285
77 0.357447 0.628917 0.041489 0.025641
118 0.248404 0.477920 0.017021 0.026353
85 0.249734 0.646011 0.022872 0.026353
77 0.446277 0.144231 0.035106 0.026353
87 0.556383 0.839387 0.040426 0.026353
126 0.647872 0.267094 0.042553 0.026353
66 0.348404 0.182158 0.025532 0.026709
127 0.353457 0.207799 0.050532 0.026709
110 0.253457 0.718305 0.034574 0.027066
51 0.554787 0.528134 0.038298 0.027066
87 0.246543 0.271724 0.045213 0.027066
95 0.555319 0.473291 0.047872 0.027066
119 0.144947 0.386218 0.025000 0.027422
111 0.249734 0.571759 0.026064 0.027422
72 0.142287 0.457799 0.037766 0.027422
119 0.756117 0.772080 0.021809 0.027778
111 0.654521 0.606838 0.025000 0.027778
83 0.555585 0.653134 0.027128 0.027778
88 0.656649 0.574430 0.031383 0.027778
121 0.452660 0.863248 0.032979 0.027778
1174 0.757447 0.809117 0.041489 0.027778
81 0.244947 0.147080 0.042021 0.027778
84 0.244415 0.544516 0.042021 0.027778
70 0.454255 0.808048 0.046809 0.027778
118 0.148670 0.580662 0.019681 0.028134
3045 0.055319 0.543269 0.042553 0.028134
88 0.545745 0.288818 0.027660 0.028490
76 0.446809 0.337963 0.034043 0.028490
51 0.141489 0.358974 0.035106 0.028490
67 0.352128 0.238960 0.036170 0.028490
62 0.455585 0.835470 0.036702 0.028490
111 0.747872 0.370905 0.025532 0.028846
76 0.448138 0.212073 0.032447 0.028846
90 0.451330 0.614494 0.039894 0.028846
83 0.447606 0.552528 0.042021 0.028846
85 0.754787 0.711538 0.020213 0.029202
83 0.738564 0.257123 0.039894 0.029202
278 0.046809 0.479701 0.047872 0.029202
127 0.143085 0.485399 0.051064 0.029202
3735 0.457713 0.582799 0.042021 0.029558
87 0.357447 0.740741 0.029787 0.029915
1811 0.656117 0.838319 0.040957 0.029915
1342 0.037234 0.164174 0.047872 0.029915
119 0.746543 0.225962 0.022872 0.030271
92 0.554521 0.782229 0.022872 0.030271
107 0.454787 0.778668 0.026596 0.030271
87 0.558245 0.749110 0.046277 0.030271
60 0.756649 0.885684 0.023936 0.030627
83 0.344681 0.424501 0.030851 0.030627
104 0.753989 0.508903 0.043085 0.030627
77 0.357447 0.503561 0.045745 0.030627
107 0.144947 0.423433 0.022872 0.031339
1758 0.447606 0.248575 0.042021 0.031339
107 0.447606 0.283654 0.022872 0.031695
2590 0.547872 0.343839 0.028723 0.031695
83 0.345213 0.342771 0.036170 0.031695
126 0.648138 0.159010 0.039894 0.031695
70 0.650532 0.233974 0.028723 0.032051
58 0.245213 0.114672 0.032979 0.032051
87 0.756383 0.742877 0.042553 0.032051
2726 0.750266 0.407407 0.046277 0.032051
68 0.350532 0.310363 0.012766 0.032407
85 0.355585 0.657585 0.022872 0.032407
69 0.148670 0.280449 0.023936 0.032407
119 0.653457 0.296118 0.023936 0.032407
76 0.246809 0.239494 0.027660 0.032407
366 0.443883 0.114494 0.045213 0.032407
2083 0.545479 0.259081 0.051596 0.032407
85 0.354787 0.534188 0.019149 0.032764
76 0.651330 0.637464 0.027128 0.032764
107 0.448936 0.179309 0.022340 0.033120
411 0.744415 0.314993 0.050532 0.033120
171 0.154787 0.678775 0.028723 0.033476
366 0.248670 0.511752 0.047340 0.033476
119 0.754521 0.592415 0.022872 0.033832
2288 0.753457 0.475427 0.049468 0.034188
119 0.656649 0.752671 0.031383 0.034544
268 0.047606 0.509793 0.043085 0.034544
3754 0.347074 0.273860 0.027128 0.034900
87 0.250000 0.446403 0.029787 0.035969
3754 0.449468 0.517628 0.031915 0.035969
3754 0.254255 0.684295 0.032979 0.035969
4132 0.744947 0.113426 0.044149 0.035969
316 0.349734 0.116987 0.050532 0.035969
58 0.353723 0.690705 0.034043 0.036681
127 0.756117 0.532585 0.044149 0.036681
4431 0.551862 0.440527 0.045213 0.037037
744 0.557181 0.715100 0.045213 0.037037
652 0.552394 0.604701 0.048404 0.037037
2223 0.652394 0.474715 0.049468 0.037037
296 0.250000 0.409188 0.026596 0.037749
3754 0.453191 0.743946 0.034043 0.037749
296 0.248670 0.203704 0.029255 0.038462
68 0.142553 0.618768 0.019149 0.038818
3754 0.353457 0.595976 0.033511 0.038818
121 0.650532 0.674858 0.038298 0.039174
2323 0.040426 0.245014 0.044681 0.039174
3813 0.136968 0.244658 0.047340 0.039174
296 0.743351 0.157229 0.029255 0.039530
1990 0.755851 0.632657 0.048936 0.039530
577 0.541755 0.216346 0.049468 0.039530
3084 0.039096 0.400997 0.045213 0.039886
3322 0.752660 0.675392 0.028723 0.040242
1534 0.143617 0.544694 0.044681 0.040242
1419 0.039096 0.201033 0.050532 0.040242
3032 0.651596 0.435897 0.048936 0.040598
296 0.450000 0.372685 0.032979 0.040954
730 0.355585 0.465100 0.037766 0.041311
241 0.040426 0.284900 0.046809 0.041311
448 0.646011 0.195869 0.050532 0.041311
577 0.244415 0.334758 0.051596 0.041311
1267 0.042553 0.441774 0.052128 0.041667
2338 0.656383 0.367521 0.056383 0.042023
2820 0.543085 0.118768 0.044681 0.042379
3264 0.655851 0.538640 0.052128 0.042379
3294 0.644681 0.120548 0.056383 0.042379
2913 0.037766 0.333689 0.044681 0.042735
3338 0.039628 0.119302 0.050532 0.042735
68 0.758777 0.849893 0.016489 0.044516
3136 0.350000 0.386040 0.035106 0.045584
730 0.250798 0.607372 0.040957 0.046652
4336 0.138298 0.200321 0.050000 0.047365
