169 0.667905 0.290368 0.035013 0.011909
101 0.651724 0.369002 0.042971 0.012960
76 0.457294 0.812084 0.033952 0.013660
56 0.147745 0.310858 0.017507 0.014361
101 0.147745 0.266025 0.046154 0.014361
162 0.662069 0.646585 0.023342 0.015412
92 0.559416 0.825919 0.034483 0.015412
297 0.453050 0.219089 0.039257 0.015762
203 0.761804 0.312434 0.025464 0.016112
92 0.560743 0.750263 0.036074 0.016112
101 0.850663 0.236778 0.051459 0.016112
56 0.851989 0.216287 0.021220 0.016462
101 0.755438 0.167601 0.049867 0.016462
120 0.455968 0.699124 0.021751 0.016813
297 0.852255 0.403853 0.051459 0.016813
52 0.456233 0.793170 0.038196 0.017163
168 0.668435 0.274256 0.018037 0.017513
56 0.550928 0.513485 0.022812 0.017513
57 0.363926 0.644483 0.038196 0.018214
297 0.143501 0.203152 0.041910 0.018214
68 0.461008 0.827496 0.006366 0.018564
132 0.661008 0.224343 0.024403 0.018564
76 0.251459 0.354641 0.032891 0.018564
297 0.154907 0.813135 0.037135 0.018564
56 0.554377 0.184238 0.021220 0.018914
52 0.659682 0.871454 0.046154 0.018914
120 0.349072 0.412434 0.021220 0.019264
56 0.454111 0.609282 0.024403 0.019264
76 0.354642 0.664273 0.031300 0.019264
91 0.760743 0.613135 0.039257 0.019264
134 0.758621 0.292820 0.021220 0.019615
56 0.346950 0.466550 0.032891 0.019615
91 0.149337 0.751313 0.036605 0.019615
56 0.853316 0.347636 0.020690 0.019965
157 0.860212 0.420140 0.024934 0.019965
92 0.450663 0.405429 0.036605 0.019965
55 0.659947 0.695096 0.047745 0.019965
65 0.669496 0.823292 0.047745 0.019965
84 0.763660 0.678634 0.049337 0.019965
52 0.349602 0.686515 0.037135 0.020315
55 0.760212 0.553765 0.044562 0.020315
66 0.655703 0.388616 0.030769 0.020665
64 0.854642 0.158144 0.036074 0.020665
88 0.456233 0.771804 0.045623 0.020665
91 0.148011 0.488616 0.038196 0.021016
52 0.553846 0.532750 0.041379 0.021016
1006 0.559682 0.773730 0.046684 0.021016
91 0.150663 0.625744 0.033952 0.021366
56 0.553050 0.460946 0.020690 0.021716
119 0.355703 0.622767 0.024934 0.021716
113 0.455968 0.719440 0.047215 0.021716
126 0.258621 0.782487 0.051459 0.021716
56 0.654642 0.492294 0.020159 0.022067
60 0.661273 0.772504 0.022812 0.022067
88 0.360477 0.902452 0.028117 0.022067
57 0.262334 0.721716 0.032361 0.022067
65 0.571618 0.852364 0.045093 0.022067
92 0.756764 0.784939 0.027056 0.022417
85 0.260477 0.803853 0.032891 0.022417
251 0.454377 0.244483 0.041910 0.022417
113 0.855703 0.642382 0.045623 0.022417
68 0.145623 0.463923 0.012202 0.022767
107 0.458355 0.851313 0.024403 0.022767
132 0.355172 0.569002 0.027056 0.022767
91 0.451724 0.297548 0.038727 0.022767
67 0.568700 0.876182 0.042440 0.022767
55 0.259416 0.663222 0.045623 0.022767
1810 0.451194 0.270753 0.022812 0.023117
52 0.558621 0.901576 0.039257 0.023117
52 0.345093 0.294221 0.041910 0.023117
67 0.157294 0.555867 0.041910 0.023117
67 0.667109 0.848687 0.050398 0.023117
127 0.759947 0.457093 0.057825 0.023117
68 0.147215 0.578459 0.013263 0.023468
85 0.454377 0.505954 0.024934 0.023468
72 0.454111 0.874781 0.041379 0.023468
55 0.761804 0.839405 0.043501 0.023468
93 0.761538 0.530123 0.046154 0.023468
127 0.457560 0.192820 0.056764 0.023468
82 0.358621 0.774431 0.050928 0.023818
66 0.153050 0.871278 0.033422 0.024168
85 0.854907 0.131173 0.035544 0.024168
76 0.654642 0.623643 0.036074 0.024168
66 0.651724 0.201576 0.037666 0.024168
84 0.856233 0.749737 0.042440 0.024168
88 0.258621 0.901751 0.042971 0.024168
73 0.352255 0.184764 0.044562 0.024168
120 0.757029 0.190193 0.021220 0.024518
69 0.863660 0.624518 0.026525 0.024518
111 0.658621 0.793695 0.029178 0.024518
88 0.757560 0.399650 0.042440 0.024518
1341 0.253316 0.446585 0.042971 0.024518
127 0.558886 0.312434 0.054642 0.024518
111 0.661008 0.713660 0.022281 0.024869
81 0.761273 0.760420 0.043501 0.025219
86 0.461804 0.560420 0.044032 0.025219
119 0.262069 0.828897 0.021220 0.025569
55 0.658355 0.316813 0.044562 0.025569
127 0.558621 0.160245 0.054111 0.025569
127 0.658355 0.411033 0.055172 0.025569
84 0.853050 0.321541 0.039257 0.025919
95 0.359151 0.877408 0.043501 0.025919
316 0.153581 0.839580 0.048276 0.025919
88 0.453050 0.381261 0.023342 0.026270
119 0.853050 0.536077 0.023342 0.026270
718 0.586472 0.657268 0.027056 0.026270
111 0.763130 0.702452 0.030239 0.026270
122 0.658355 0.751138 0.039257 0.026270
58 0.854111 0.723468 0.041379 0.026270
118 0.146950 0.439229 0.023342 0.026620
66 0.853050 0.695972 0.030769 0.026620
74 0.853316 0.566025 0.036605 0.026620
83 0.657825 0.667951 0.038196 0.026620
87 0.759947 0.482312 0.039788 0.026620
60 0.348541 0.351313 0.045623 0.026620
718 0.781698 0.260420 0.028117 0.026970
111 0.453581 0.531524 0.028647 0.026970
132 0.251724 0.269527 0.031300 0.026970
74 0.249867 0.209982 0.036074 0.026970
62 0.655968 0.517163 0.037666 0.026970
68 0.668700 0.721541 0.006897 0.027320
119 0.351194 0.517338 0.023342 0.027320
119 0.152785 0.721891 0.023342 0.027320
107 0.852255 0.508231 0.024934 0.027320
78 0.555438 0.490718 0.029708 0.027320
78 0.454642 0.350613 0.033952 0.027320
74 0.353846 0.490718 0.033952 0.027320
72 0.446950 0.170403 0.039788 0.027671
87 0.760212 0.222242 0.042440 0.027671
547 0.459151 0.639054 0.047215 0.027671
166 0.251459 0.297723 0.016976 0.028021
118 0.754642 0.511734 0.028117 0.028021
119 0.757825 0.812609 0.028117 0.028021
74 0.554642 0.286515 0.034483 0.028021
883 0.558621 0.800701 0.037135 0.028021
51 0.254642 0.330998 0.042440 0.028021
88 0.558355 0.593345 0.045093 0.028021
121 0.560477 0.729247 0.049337 0.028021
127 0.854907 0.295271 0.052520 0.028021
70 0.762334 0.733275 0.035013 0.028371
87 0.658090 0.249212 0.039788 0.028371
76 0.137931 0.137828 0.040318 0.028371
70 0.151194 0.693695 0.040318 0.028371
51 0.148276 0.289492 0.042971 0.028371
126 0.656233 0.438354 0.047745 0.028371
118 0.553316 0.208406 0.022281 0.028722
107 0.353581 0.748161 0.023873 0.028722
85 0.351194 0.438529 0.029708 0.028722
51 0.355703 0.597198 0.040849 0.028722
1795 0.759151 0.864098 0.043501 0.028722
98 0.454377 0.588091 0.047215 0.028722
2598 0.652785 0.136427 0.031300 0.029072
78 0.143767 0.166550 0.033952 0.029072
1365 0.587268 0.242207 0.038196 0.029072
118 0.551989 0.375131 0.027056 0.029422
74 0.758090 0.431173 0.033952 0.029422
51 0.855968 0.480210 0.039788 0.029422
58 0.151194 0.600000 0.042440 0.029422
72 0.551989 0.136953 0.044032 0.029422
113 0.349867 0.542907 0.045093 0.029422
541 0.245358 0.179335 0.051459 0.029422
68 0.152785 0.899299 0.010610 0.029772
119 0.759947 0.894046 0.020690 0.029772
107 0.655968 0.344483 0.028117 0.029772
87 0.561538 0.624343 0.039788 0.029772
132 0.857294 0.670053 0.029708 0.030123
87 0.250928 0.242382 0.040318 0.030123
86 0.559416 0.402802 0.045093 0.030123
254 0.857029 0.783187 0.047215 0.030123
119 0.252255 0.383012 0.029178 0.030473
74 0.558621 0.700350 0.029708 0.030473
107 0.663395 0.896497 0.033422 0.030473
107 0.449867 0.137303 0.026525 0.030823
1365 0.379045 0.136602 0.035544 0.030823
53 0.453050 0.903503 0.032891 0.031173
437 0.149337 0.781611 0.050398 0.031173
53 0.458090 0.746760 0.019629 0.032224
83 0.653581 0.546760 0.023342 0.032224
122 0.853581 0.187391 0.038196 0.032224
3735 0.754642 0.138354 0.038727 0.032224
121 0.854907 0.596147 0.038727 0.032224
2748 0.854377 0.858844 0.046154 0.032224
4375 0.450133 0.477058 0.051459 0.032224
83 0.344032 0.320315 0.024934 0.032574
119 0.144297 0.335377 0.040318 0.032574
2555 0.251989 0.548687 0.047745 0.032574
1197 0.256233 0.628546 0.049867 0.032574
92 0.146154 0.408757 0.034483 0.032925
1354 0.654377 0.468651 0.047215 0.032925
68 0.253050 0.474781 0.011671 0.033275
3735 0.148011 0.374606 0.043501 0.033275
53 0.550928 0.435026 0.032361 0.033625
53 0.448806 0.326270 0.024403 0.033975
3735 0.254111 0.416637 0.043501 0.033975
95 0.347745 0.220490 0.046154 0.033975
118 0.849337 0.375131 0.026525 0.034326
85 0.852255 0.892820 0.032361 0.034326
1879 0.849602 0.449912 0.037666 0.034676
718 0.255438 0.691419 0.034483 0.035026
87 0.556499 0.342557 0.036074 0.035026
509 0.555968 0.559194 0.037135 0.035377
47 0.771088 0.328897 0.027056 0.035727
87 0.759947 0.369177 0.036605 0.035727
366 0.245623 0.143433 0.050928 0.036077
1584 0.257825 0.755692 0.032891 0.036778
107 0.651459 0.168827 0.027586 0.037128
577 0.357294 0.805954 0.046154 0.037128
121 0.348011 0.383538 0.035013 0.037828
485 0.259682 0.868827 0.038727 0.038179
2191 0.763395 0.582312 0.039257 0.038179
4310 0.141645 0.238004 0.046684 0.038879
1584 0.153846 0.657093 0.036074 0.039229
458 0.348011 0.261996 0.056233 0.039229
2794 0.356499 0.841156 0.050928 0.039580
1443 0.852520 0.264974 0.055172 0.039580
1788 0.252255 0.508932 0.053581 0.039930
1831 0.454642 0.441331 0.035013 0.041331
1598 0.854907 0.821716 0.040849 0.043433
1917 0.453316 0.670403 0.049337 0.043433
3675 0.149867 0.524694 0.053581 0.043433
3136 0.656499 0.588266 0.034483 0.043783
3375 0.255703 0.589667 0.048806 0.044483
2179 0.757294 0.646235 0.056764 0.044834
47 0.363395 0.709457 0.042440 0.055692
