246 0.111842 0.839777 0.040526 0.006966
209 0.324737 0.729014 0.010526 0.010449
101 0.410000 0.638802 0.047368 0.012539
101 0.311842 0.184779 0.038421 0.012887
101 0.612632 0.606061 0.045263 0.013236
190 0.320000 0.710031 0.021053 0.014281
101 0.709474 0.542494 0.043158 0.014977
56 0.312632 0.808603 0.020000 0.015674
101 0.221579 0.207419 0.052632 0.015674
76 0.308421 0.883664 0.028421 0.016022
120 0.443158 0.832114 0.015789 0.016719
93 0.417632 0.740683 0.044737 0.017067
204 0.412895 0.855625 0.019474 0.018460
76 0.311842 0.632706 0.026842 0.018460
1002 0.327895 0.685301 0.037895 0.018460
193 0.401842 0.878091 0.033158 0.018809
92 0.315526 0.257750 0.037368 0.018809
76 0.711579 0.286137 0.030526 0.019157
92 0.806579 0.746256 0.037368 0.019157
56 0.609737 0.819575 0.018421 0.019505
91 0.715000 0.221700 0.032105 0.019854
52 0.803684 0.775688 0.031579 0.020202
91 0.810526 0.301985 0.033684 0.020202
86 0.423421 0.125392 0.042632 0.020202
56 0.314211 0.360676 0.021053 0.020550
92 0.440789 0.814350 0.024737 0.020899
92 0.608158 0.743295 0.034211 0.020899
113 0.418421 0.193661 0.042105 0.020899
101 0.312105 0.660745 0.053684 0.020899
117 0.615789 0.158830 0.020000 0.022292
85 0.813947 0.522466 0.028947 0.022292
89 0.809474 0.642982 0.043158 0.022292
85 0.706316 0.840648 0.027368 0.022640
52 0.310526 0.546325 0.041053 0.022640
93 0.417632 0.786660 0.041579 0.022640
1345 0.610000 0.841693 0.042105 0.022640
74 0.801842 0.801811 0.026842 0.022989
91 0.613421 0.436085 0.037368 0.022989
113 0.213421 0.719610 0.037368 0.022989
66 0.216316 0.572100 0.023158 0.023337
55 0.316053 0.124521 0.048947 0.023337
127 0.224474 0.253396 0.055263 0.023337
76 0.413158 0.330547 0.027368 0.023685
74 0.709474 0.630442 0.028421 0.023685
1173 0.806053 0.676071 0.046842 0.023685
56 0.609737 0.583072 0.051053 0.023685
108 0.813947 0.233891 0.016316 0.024033
118 0.308158 0.829154 0.025789 0.024033
118 0.705526 0.785789 0.011053 0.024382
120 0.711053 0.597353 0.017895 0.024382
76 0.111842 0.400383 0.025789 0.024730
91 0.705789 0.659526 0.028421 0.024730
85 0.217105 0.450017 0.019474 0.025078
56 0.519474 0.159875 0.042105 0.025078
126 0.704474 0.726924 0.043684 0.025078
108 0.516842 0.470045 0.018947 0.025427
55 0.115789 0.616336 0.045263 0.025427
68 0.219474 0.698711 0.007368 0.025775
66 0.116842 0.165796 0.024211 0.025775
1173 0.217105 0.315918 0.042632 0.025775
285 0.612368 0.797980 0.051053 0.025775
642 0.611579 0.772379 0.038947 0.026123
108 0.116579 0.304424 0.012105 0.026472
66 0.310263 0.517938 0.024737 0.026472
88 0.707368 0.431209 0.040000 0.026472
1799 0.308684 0.785092 0.041579 0.026472
547 0.315000 0.456984 0.045789 0.026472
66 0.316053 0.206722 0.026842 0.026820
91 0.516316 0.443225 0.029474 0.026820
87 0.517368 0.769592 0.032632 0.026820
77 0.220526 0.279171 0.036842 0.026820
90 0.415526 0.765413 0.039474 0.026820
55 0.314737 0.425810 0.044211 0.026820
93 0.616316 0.660223 0.045263 0.026820
127 0.321053 0.232846 0.061053 0.026820
66 0.217105 0.393591 0.024737 0.027168
111 0.514211 0.665622 0.031579 0.027168
87 0.220526 0.542668 0.037895 0.027168
88 0.413684 0.567398 0.043158 0.027168
118 0.513421 0.530303 0.015263 0.027517
85 0.119737 0.227099 0.025789 0.027865
88 0.615263 0.507489 0.028421 0.027865
78 0.705526 0.759317 0.036316 0.027865
547 0.115789 0.373737 0.037895 0.027865
88 0.118421 0.338210 0.038947 0.027865
547 0.707895 0.568791 0.043158 0.027865
61 0.520263 0.335946 0.040526 0.028213
85 0.802632 0.871473 0.029474 0.028561
1083 0.817632 0.384883 0.032105 0.028561
119 0.521053 0.184779 0.025263 0.028910
86 0.416053 0.478753 0.030000 0.028910
119 0.703421 0.814873 0.031053 0.028910
3735 0.709737 0.870603 0.035263 0.028910
62 0.218158 0.513932 0.037368 0.028910
1005 0.514737 0.702369 0.042105 0.028910
366 0.309474 0.756357 0.043158 0.028910
118 0.805789 0.617903 0.022105 0.029258
84 0.115263 0.580982 0.044211 0.029258
111 0.412632 0.662313 0.031579 0.029606
87 0.315789 0.487113 0.034737 0.029606
1375 0.510263 0.636886 0.046842 0.029606
118 0.417895 0.220132 0.016842 0.029955
70 0.519474 0.307210 0.028421 0.029955
127 0.226579 0.418669 0.065789 0.029955
118 0.307368 0.386451 0.021053 0.030303
111 0.220789 0.227621 0.025789 0.030303
1585 0.609737 0.869558 0.038421 0.030303
1083 0.616842 0.401428 0.040000 0.030303
87 0.415789 0.408743 0.040000 0.030303
132 0.211579 0.750958 0.032632 0.030651
107 0.317105 0.158481 0.033158 0.030651
87 0.216053 0.629397 0.036316 0.030651
71 0.514737 0.559387 0.038947 0.030651
1821 0.612368 0.270986 0.045789 0.030651
127 0.223947 0.597353 0.059474 0.030651
119 0.616053 0.189307 0.025789 0.031000
85 0.116053 0.431557 0.024737 0.031348
111 0.217632 0.130268 0.030000 0.031348
3338 0.511579 0.846743 0.036842 0.031348
98 0.810789 0.490944 0.038421 0.031696
2820 0.215000 0.667189 0.044737 0.031696
87 0.516579 0.501219 0.033158 0.032045
120 0.616053 0.306513 0.039474 0.032045
111 0.810000 0.550505 0.029474 0.032393
3286 0.520263 0.269767 0.047895 0.032393
4068 0.515789 0.874608 0.035789 0.032741
4440 0.520263 0.734936 0.043684 0.032741
355 0.808421 0.459073 0.046316 0.032741
2748 0.810000 0.587600 0.046316 0.032741
68 0.314737 0.606235 0.011579 0.033090
107 0.311316 0.570707 0.030000 0.033090
93 0.521053 0.126611 0.033684 0.033090
121 0.518947 0.370080 0.038947 0.033090
3735 0.611053 0.547370 0.041053 0.033090
366 0.313947 0.293800 0.046842 0.033090
127 0.127895 0.195402 0.062105 0.033438
60 0.712105 0.312261 0.016842 0.033786
121 0.612105 0.630965 0.031579 0.033786
3984 0.508158 0.599617 0.040526 0.033786
126 0.816579 0.418495 0.047895 0.033786
264 0.114737 0.506966 0.048421 0.033786
3032 0.225526 0.872344 0.059474 0.033786
58 0.816316 0.162835 0.031579 0.034483
509 0.813684 0.270115 0.034737 0.034483
2885 0.707895 0.397945 0.035789 0.034483
870 0.114737 0.543887 0.048421 0.034483
2098 0.516842 0.226924 0.054737 0.034483
1584 0.711316 0.512017 0.031053 0.034831
1354 0.612368 0.233020 0.042632 0.034831
105 0.223158 0.481714 0.043158 0.034831
3738 0.812632 0.126785 0.053684 0.034831
64 0.813684 0.203239 0.032632 0.035179
126 0.119211 0.688088 0.047895 0.035179
1917 0.310526 0.857193 0.042105 0.035528
2748 0.414211 0.262626 0.044211 0.035528
3229 0.409474 0.606235 0.054737 0.035876
121 0.410526 0.445489 0.030526 0.036224
81 0.411053 0.300244 0.042105 0.036224
68 0.714211 0.259143 0.046316 0.036224
53 0.418684 0.157611 0.021579 0.036573
58 0.115000 0.465169 0.032105 0.036573
1799 0.312105 0.329502 0.041053 0.036921
120 0.615789 0.131487 0.047368 0.037269
975 0.111316 0.811912 0.052105 0.037618
83 0.112105 0.774121 0.017895 0.037966
2277 0.120789 0.269941 0.048947 0.038314
613 0.710789 0.475096 0.052105 0.038314
975 0.110526 0.869035 0.053684 0.038314
90 0.215000 0.179206 0.053158 0.038662
68 0.517105 0.407001 0.010000 0.040056
4397 0.608684 0.468478 0.032105 0.040404
2223 0.115526 0.131313 0.042632 0.040404
3145 0.512368 0.811041 0.034211 0.041449
1699 0.111842 0.733020 0.054211 0.041449
1827 0.806842 0.712992 0.029474 0.041797
3338 0.717105 0.187043 0.044737 0.041797
4429 0.701842 0.695228 0.048947 0.041797
3266 0.707895 0.359457 0.053684 0.041797
485 0.213947 0.789794 0.034211 0.042146
4402 0.214211 0.832637 0.043158 0.042842
4429 0.408158 0.369209 0.048947 0.043191
577 0.111579 0.649077 0.052632 0.044235
2264 0.414211 0.708812 0.044211 0.045280
1438 0.415000 0.525078 0.033158 0.045629
1827 0.215789 0.356148 0.029474 0.047719
1128 0.813421 0.344653 0.041579 0.049808
2438 0.712895 0.136712 0.046842 0.049808
1297 0.612895 0.704110 0.040526 0.050505
4316 0.614737 0.357018 0.044211 0.050853
47 0.807368 0.832114 0.034737 0.057123
