162 0.432802 0.495350 0.022399 0.012401
101 0.424838 0.889080 0.050274 0.013090
56 0.427327 0.682053 0.014435 0.014468
52 0.515679 0.892181 0.039821 0.014468
56 0.044550 0.626593 0.015431 0.015157
172 0.618218 0.558388 0.015928 0.015157
92 0.327526 0.683948 0.029866 0.015501
120 0.700846 0.844299 0.020906 0.015846
188 0.434545 0.750947 0.024888 0.015846
172 0.429069 0.590251 0.019910 0.016190
92 0.138626 0.695143 0.035341 0.016535
101 0.231956 0.715811 0.048780 0.016535
297 0.608512 0.832759 0.041314 0.016879
57 0.238676 0.636927 0.026381 0.017224
56 0.702837 0.868584 0.017919 0.017568
101 0.611996 0.248192 0.043305 0.017568
56 0.423345 0.729762 0.021404 0.018257
113 0.709557 0.660696 0.036336 0.018601
113 0.426580 0.246125 0.038825 0.018946
56 0.234694 0.232518 0.015431 0.019290
297 0.709557 0.354116 0.043305 0.019290
132 0.434793 0.769032 0.019413 0.019635
55 0.233449 0.667585 0.050772 0.019979
52 0.517919 0.141750 0.038328 0.020324
113 0.700597 0.825870 0.041314 0.020324
132 0.425834 0.581812 0.022399 0.020668
64 0.041563 0.179814 0.026381 0.020668
57 0.619960 0.438512 0.032354 0.020668
101 0.614236 0.170513 0.043803 0.020668
83 0.231956 0.545126 0.030861 0.021013
76 0.329517 0.509990 0.031857 0.021013
92 0.519164 0.261109 0.032852 0.021357
69 0.058985 0.349466 0.021404 0.021702
91 0.231458 0.851016 0.034843 0.021702
81 0.328771 0.629177 0.036336 0.021702
81 0.701344 0.769032 0.038825 0.021702
55 0.702588 0.747675 0.040319 0.021702
91 0.045794 0.530141 0.032852 0.022046
91 0.234196 0.395109 0.036336 0.022046
52 0.232454 0.317258 0.036834 0.022046
127 0.045794 0.324492 0.058736 0.022046
56 0.139622 0.166896 0.016426 0.022391
66 0.521653 0.628832 0.023892 0.022391
132 0.517919 0.428350 0.025386 0.022391
66 0.233698 0.738719 0.028372 0.022391
77 0.615480 0.522735 0.038328 0.022391
1002 0.608014 0.770410 0.056247 0.022391
56 0.517422 0.775233 0.056247 0.022391
166 0.154057 0.524974 0.017422 0.022735
88 0.707566 0.598002 0.024390 0.022735
88 0.332255 0.569411 0.026381 0.022735
92 0.329766 0.314502 0.039323 0.022735
118 0.041563 0.686359 0.018417 0.023080
91 0.520159 0.747675 0.033848 0.023080
86 0.042807 0.736652 0.036834 0.023080
504 0.070184 0.141578 0.020906 0.023424
132 0.613987 0.552876 0.026381 0.023424
118 0.706819 0.890114 0.016924 0.024113
111 0.037581 0.759904 0.026381 0.024113
92 0.038576 0.240785 0.032354 0.024113
52 0.231707 0.495694 0.035341 0.024113
75 0.049776 0.303824 0.038825 0.024113
84 0.140617 0.287633 0.044301 0.024113
316 0.230463 0.826042 0.057740 0.024113
85 0.610254 0.890286 0.028870 0.024457
91 0.520657 0.684292 0.032852 0.024457
110 0.136635 0.877885 0.033350 0.024457
91 0.612245 0.699793 0.033848 0.024457
81 0.233947 0.520324 0.036834 0.024457
55 0.429318 0.299518 0.039323 0.024457
55 0.618467 0.195487 0.040319 0.024457
127 0.615231 0.294006 0.044798 0.024457
118 0.427825 0.546676 0.014435 0.024802
111 0.232454 0.571133 0.028870 0.024802
66 0.330762 0.138477 0.031359 0.024802
78 0.426332 0.176714 0.032354 0.024802
83 0.136137 0.597313 0.036336 0.024802
127 0.333499 0.163279 0.049776 0.024802
76 0.423345 0.521357 0.030363 0.025146
89 0.044301 0.458319 0.046789 0.025146
82 0.043803 0.814158 0.049776 0.025146
118 0.043554 0.432656 0.014435 0.025491
132 0.144848 0.471581 0.028870 0.025491
84 0.705575 0.499483 0.035341 0.025491
98 0.228223 0.341371 0.043305 0.025491
119 0.430065 0.702549 0.020906 0.025835
76 0.137382 0.851016 0.023892 0.025835
111 0.043305 0.373924 0.024888 0.025835
302 0.330762 0.712194 0.043305 0.025835
316 0.040319 0.852050 0.054754 0.025835
119 0.521404 0.484327 0.020408 0.026180
107 0.421354 0.851533 0.020408 0.026180
107 0.040567 0.788839 0.022399 0.026180
111 0.330015 0.193593 0.031857 0.026180
90 0.040567 0.711333 0.042310 0.026180
98 0.519164 0.165346 0.044798 0.026180
85 0.427327 0.325353 0.024390 0.026524
72 0.330513 0.338443 0.030861 0.026524
113 0.516177 0.401137 0.033848 0.026524
124 0.703335 0.468998 0.037830 0.026524
127 0.518168 0.558560 0.046789 0.026524
111 0.140866 0.315536 0.029866 0.026869
72 0.516675 0.534964 0.031857 0.026869
60 0.708810 0.412677 0.033848 0.026869
86 0.717023 0.219428 0.038328 0.026869
118 0.136137 0.818636 0.022399 0.027213
117 0.042558 0.404926 0.023395 0.027213
88 0.519910 0.372546 0.025386 0.027213
85 0.236685 0.467275 0.028372 0.027213
111 0.611000 0.629521 0.028372 0.027213
118 0.519164 0.831898 0.019910 0.027558
119 0.143106 0.377540 0.021404 0.027558
85 0.234196 0.285911 0.025386 0.027558
251 0.327526 0.773338 0.038825 0.027558
53 0.705077 0.684981 0.021404 0.027902
51 0.138377 0.790734 0.033848 0.027902
127 0.230961 0.763865 0.046789 0.027902
66 0.615480 0.271443 0.024390 0.028247
92 0.423594 0.214606 0.025884 0.028247
87 0.615729 0.410610 0.033848 0.028247
83 0.327028 0.447468 0.033848 0.028247
55 0.332006 0.224940 0.038825 0.028247
118 0.614236 0.462797 0.020906 0.028591
85 0.703086 0.715639 0.023395 0.028591
87 0.142608 0.496211 0.034345 0.028591
259 0.707566 0.531347 0.043305 0.028591
107 0.231458 0.692732 0.019910 0.028936
91 0.326282 0.842232 0.030363 0.028936
87 0.141364 0.348949 0.036834 0.028936
77 0.143106 0.141233 0.040319 0.028936
126 0.139373 0.757837 0.040816 0.028936
118 0.705326 0.440751 0.014933 0.029280
53 0.233201 0.257148 0.017422 0.029280
60 0.426083 0.268171 0.020906 0.029280
83 0.325535 0.655012 0.026879 0.029280
107 0.519910 0.508095 0.023395 0.029625
90 0.614485 0.145022 0.037332 0.029625
107 0.141364 0.406648 0.022897 0.029969
55 0.425585 0.822770 0.033848 0.029969
327 0.330015 0.256114 0.044798 0.029969
1415 0.230214 0.143472 0.048283 0.029969
117 0.330513 0.602825 0.020906 0.030313
111 0.230961 0.173958 0.026879 0.030313
86 0.143604 0.229073 0.041314 0.030313
107 0.616227 0.223390 0.020906 0.030658
1880 0.233947 0.796762 0.026879 0.031002
68 0.706570 0.631416 0.034345 0.031002
264 0.604281 0.860834 0.039821 0.031002
51 0.332504 0.287117 0.032852 0.031347
75 0.715530 0.280916 0.040319 0.031347
119 0.428323 0.354805 0.022399 0.031691
107 0.520159 0.653462 0.031857 0.031691
58 0.232952 0.206683 0.032852 0.031691
66 0.138875 0.437823 0.032852 0.031691
51 0.523892 0.455047 0.033350 0.031691
111 0.234196 0.368068 0.023395 0.032036
87 0.429567 0.433862 0.030861 0.032036
4109 0.516675 0.233379 0.047785 0.032036
118 0.140119 0.193248 0.020408 0.032380
264 0.327526 0.740958 0.038825 0.032380
93 0.429816 0.657940 0.040319 0.032380
98 0.708561 0.248708 0.044301 0.032380
123 0.518915 0.801412 0.019413 0.032725
70 0.428571 0.468309 0.031857 0.032725
107 0.332006 0.482260 0.023892 0.033069
87 0.515928 0.868068 0.029368 0.033069
485 0.235192 0.608336 0.043305 0.033069
1607 0.326033 0.541509 0.043803 0.033069
2707 0.044052 0.596796 0.027377 0.033414
53 0.425087 0.147089 0.020906 0.033758
1375 0.134893 0.727523 0.047785 0.033758
252 0.331259 0.415949 0.032354 0.034103
68 0.044798 0.657423 0.033848 0.034103
264 0.708064 0.383913 0.047287 0.034792
4440 0.524639 0.719428 0.049776 0.034792
68 0.700100 0.797795 0.036336 0.035136
264 0.326779 0.805029 0.040319 0.035136
492 0.426580 0.620048 0.041812 0.035136
83 0.709557 0.184464 0.021404 0.035481
1811 0.516675 0.199104 0.031857 0.035825
492 0.614734 0.598863 0.041812 0.036169
485 0.524141 0.594041 0.044798 0.036169
3192 0.137133 0.565277 0.040319 0.036514
1879 0.610254 0.803307 0.042807 0.036514
2138 0.042558 0.562177 0.046292 0.036514
504 0.138377 0.630210 0.042807 0.036858
2423 0.327028 0.878574 0.042807 0.036858
2423 0.616227 0.329831 0.044798 0.036858
366 0.234196 0.433517 0.048283 0.036858
121 0.039821 0.209783 0.033848 0.037203
3735 0.714535 0.148123 0.038328 0.037203
107 0.614983 0.497244 0.025386 0.037547
3800 0.613240 0.664657 0.045794 0.037547
3669 0.141364 0.666552 0.045794 0.037892
2334 0.520906 0.296590 0.052265 0.037892
53 0.133897 0.263693 0.025884 0.038236
1879 0.713539 0.318464 0.039323 0.038925
2059 0.424838 0.394764 0.048283 0.039270
266 0.039572 0.879952 0.035341 0.039614
3786 0.707317 0.566311 0.039821 0.039959
505 0.328273 0.378746 0.024390 0.040303
3741 0.043803 0.497933 0.044798 0.041681
3989 0.609009 0.372546 0.056247 0.045126
2841 0.607765 0.735274 0.045794 0.045815
973 0.512693 0.339304 0.034843 0.046848
47 0.047038 0.259731 0.037332 0.053738
