91 0.081214 0.697960 0.021277 0.012102
65 0.812662 0.653354 0.023871 0.012102
113 0.783861 0.542012 0.024390 0.013485
90 0.811105 0.557400 0.018682 0.013831
122 0.788791 0.655775 0.021796 0.014869
53 0.809808 0.542185 0.017125 0.015906
88 0.749611 0.321577 0.023352 0.015906
91 0.743383 0.222337 0.024390 0.015906
88 0.104048 0.324689 0.025428 0.017289
107 0.785418 0.558956 0.018163 0.018326
53 0.808770 0.670297 0.012974 0.020401
60 0.789829 0.675138 0.013492 0.020401
1003 0.742865 0.196404 0.048262 0.022130
1214 0.792164 0.516943 0.042034 0.022822
501 0.795018 0.626210 0.043591 0.024205
1746 0.744162 0.356674 0.041515 0.024550
2613 0.792164 0.486687 0.043072 0.024550
119 0.148417 0.551867 0.015568 0.025588
70 0.106642 0.381224 0.028542 0.026625
559 0.744421 0.292877 0.035807 0.027663
1746 0.100156 0.351314 0.046705 0.027663
70 0.751946 0.392981 0.025947 0.028008
3964 0.143228 0.524723 0.042553 0.028008
4572 0.100675 0.301003 0.044629 0.028700
109 0.084847 0.569502 0.036845 0.029046
4012 0.078879 0.670470 0.041515 0.029046
1365 0.796316 0.597165 0.044110 0.029046
2578 0.095226 0.226314 0.053451 0.029391
3665 0.742865 0.257607 0.039958 0.029737
113 0.081214 0.599066 0.042034 0.034232
2795 0.082771 0.638485 0.044110 0.034924
70 0.083809 0.540111 0.024390 0.038036
2944 0.098080 0.261929 0.037364 0.049447
