128 0.550839 0.563165 0.009872 0.009269
128 0.379566 0.668383 0.011846 0.010299
128 0.476061 0.809990 0.010365 0.011329
92 0.760612 0.232921 0.033564 0.012702
188 0.202616 0.387745 0.022211 0.014075
297 0.381787 0.882767 0.046890 0.014075
56 0.592053 0.579128 0.019250 0.014418
57 0.595755 0.520082 0.027641 0.014418
126 0.592053 0.595091 0.036032 0.014761
81 0.083662 0.322691 0.033070 0.015105
81 0.470632 0.794885 0.038993 0.015448
101 0.287266 0.180913 0.049358 0.015791
188 0.577986 0.766392 0.031589 0.016135
101 0.474334 0.889118 0.050346 0.016478
297 0.747285 0.726227 0.044423 0.016821
101 0.193485 0.886543 0.044423 0.016821
132 0.575765 0.786818 0.021224 0.017164
81 0.377345 0.652592 0.030109 0.017164
196 0.666584 0.381050 0.020237 0.017851
85 0.550592 0.479918 0.024186 0.017851
92 0.748026 0.793683 0.035044 0.017851
120 0.130800 0.459149 0.019743 0.018194
52 0.117473 0.412976 0.025666 0.018538
72 0.593040 0.537418 0.030109 0.018881
52 0.664363 0.212324 0.039487 0.018881
52 0.093040 0.684174 0.034057 0.019224
52 0.568361 0.304840 0.036032 0.019224
132 0.202122 0.410402 0.021224 0.019567
76 0.548865 0.546344 0.025666 0.019567
92 0.282823 0.473910 0.029615 0.019567
52 0.382527 0.780467 0.033564 0.019567
192 0.101925 0.481634 0.023198 0.019911
55 0.122655 0.301064 0.034057 0.019911
85 0.551333 0.520597 0.021718 0.020254
93 0.085143 0.397013 0.032083 0.020254
85 0.380800 0.602300 0.035044 0.020254
126 0.379566 0.727257 0.042448 0.020254
52 0.473100 0.734638 0.038006 0.020597
52 0.654985 0.682286 0.038500 0.020941
92 0.129319 0.444216 0.025666 0.021284
501 0.591313 0.500515 0.031589 0.021284
51 0.118213 0.392551 0.030109 0.021627
1173 0.594028 0.479746 0.037019 0.021627
113 0.282330 0.595091 0.037512 0.021627
81 0.282330 0.727600 0.039487 0.021627
52 0.188549 0.732750 0.041461 0.021627
87 0.593534 0.561277 0.027147 0.021970
86 0.571323 0.675592 0.048865 0.021970
88 0.283810 0.848095 0.026654 0.022314
81 0.377345 0.136801 0.041955 0.022314
126 0.284304 0.704943 0.043435 0.022314
192 0.659921 0.709921 0.029615 0.022657
76 0.093287 0.861311 0.029615 0.022657
66 0.655479 0.653278 0.032577 0.022657
55 0.286772 0.398901 0.040474 0.022657
52 0.095262 0.804840 0.034551 0.023000
65 0.576012 0.245280 0.037512 0.023000
121 0.084403 0.378476 0.039487 0.023000
127 0.101925 0.588912 0.045903 0.023000
120 0.286278 0.257123 0.018756 0.023344
88 0.120928 0.365946 0.018756 0.023344
117 0.287019 0.330244 0.019250 0.023344
66 0.082428 0.301064 0.024679 0.023344
135 0.753208 0.849640 0.026654 0.023344
64 0.197680 0.174047 0.033070 0.023344
113 0.651777 0.861998 0.045903 0.023344
166 0.481244 0.705630 0.016782 0.023687
120 0.091807 0.883453 0.025666 0.023687
193 0.200148 0.781497 0.027147 0.023687
57 0.663129 0.567285 0.031096 0.023687
1173 0.593781 0.634226 0.031589 0.023687
55 0.476061 0.227772 0.043929 0.023687
82 0.670286 0.183488 0.048371 0.023687
127 0.292942 0.677137 0.055775 0.023687
120 0.194965 0.467903 0.015795 0.024030
166 0.108588 0.771026 0.016782 0.024030
55 0.194965 0.568143 0.037512 0.024030
55 0.191264 0.813938 0.040967 0.024030
53 0.282330 0.618091 0.018756 0.024373
57 0.292695 0.235324 0.030602 0.024373
66 0.095508 0.654823 0.031096 0.024373
150 0.668065 0.733780 0.036032 0.024373
56 0.750740 0.667010 0.017769 0.024717
66 0.192251 0.288019 0.031096 0.024717
65 0.103159 0.535874 0.034551 0.024717
77 0.384748 0.202197 0.041955 0.024717
72 0.473100 0.639890 0.042942 0.024717
718 0.217917 0.357020 0.025173 0.025403
72 0.750247 0.612427 0.036525 0.025403
55 0.657700 0.770683 0.043929 0.025403
127 0.480750 0.449708 0.056269 0.025403
135 0.102912 0.506179 0.023198 0.025747
117 0.097236 0.197906 0.023692 0.025747
55 0.659427 0.499313 0.039487 0.025747
88 0.757157 0.427051 0.023692 0.026090
204 0.203110 0.758325 0.024186 0.026090
117 0.750000 0.821833 0.031096 0.026090
88 0.661402 0.466873 0.032577 0.026090
107 0.650049 0.885342 0.038500 0.026090
55 0.382034 0.299348 0.045410 0.026090
66 0.096002 0.138517 0.032083 0.026433
127 0.556022 0.498284 0.040967 0.026433
107 0.381293 0.405081 0.023198 0.026777
66 0.192498 0.704772 0.030602 0.026777
127 0.754689 0.635771 0.054294 0.026777
68 0.098470 0.738586 0.012340 0.027120
110 0.096742 0.563508 0.034551 0.027120
60 0.477295 0.254205 0.041461 0.027120
83 0.381293 0.501716 0.041955 0.027120
70 0.082922 0.349125 0.027641 0.027463
127 0.102665 0.166838 0.053307 0.027463
58 0.379319 0.469447 0.028134 0.027806
547 0.758885 0.463955 0.040967 0.027806
127 0.659921 0.586852 0.051333 0.027806
68 0.194965 0.637487 0.010859 0.028150
166 0.105133 0.258153 0.016782 0.028150
95 0.096002 0.835908 0.036032 0.028150
699 0.757651 0.392722 0.042448 0.028150
62 0.286278 0.755235 0.042448 0.028150
84 0.571570 0.212667 0.040474 0.028493
60 0.096002 0.224511 0.021224 0.028836
78 0.383514 0.235496 0.036525 0.028836
95 0.471619 0.767937 0.037019 0.028836
118 0.653751 0.832647 0.013327 0.029180
111 0.380059 0.751287 0.024679 0.029180
87 0.195459 0.669241 0.032577 0.029180
87 0.657206 0.619808 0.035044 0.029180
124 0.662389 0.276176 0.036525 0.029180
115 0.192991 0.440954 0.039487 0.029180
126 0.379319 0.374013 0.041955 0.029180
118 0.751974 0.692413 0.015301 0.029523
166 0.576012 0.442156 0.017769 0.029523
93 0.195706 0.139719 0.034057 0.029523
51 0.657206 0.534157 0.040967 0.029523
67 0.574038 0.275661 0.041461 0.029523
60 0.545656 0.586165 0.015301 0.029866
78 0.283317 0.570031 0.031589 0.029866
99 0.284304 0.505149 0.047384 0.029866
107 0.096989 0.709406 0.024186 0.030553
99 0.574531 0.143666 0.042448 0.030553
2489 0.378578 0.698078 0.045410 0.030553
119 0.379566 0.628905 0.021718 0.030896
111 0.756663 0.304154 0.027641 0.030896
78 0.281589 0.651905 0.032083 0.030896
90 0.386969 0.436320 0.039487 0.030896
2479 0.286032 0.789907 0.046890 0.030896
85 0.196446 0.532612 0.029615 0.031239
119 0.475814 0.572091 0.029615 0.031239
87 0.098223 0.620151 0.034551 0.031239
75 0.480503 0.480089 0.044916 0.031239
107 0.660415 0.312393 0.024679 0.031583
70 0.569348 0.374700 0.036032 0.031926
84 0.474827 0.378476 0.037512 0.031926
75 0.569102 0.733093 0.041461 0.031926
53 0.567868 0.706145 0.019250 0.032269
92 0.379072 0.806728 0.024679 0.032269
68 0.380059 0.267250 0.009872 0.032612
107 0.752715 0.582733 0.023692 0.032612
1584 0.286772 0.816512 0.031589 0.032612
51 0.287266 0.209921 0.033564 0.032612
113 0.472359 0.607106 0.042448 0.032612
3956 0.284304 0.297975 0.047384 0.032956
90 0.567374 0.409028 0.038006 0.033299
53 0.656960 0.801579 0.021718 0.033642
107 0.568115 0.337110 0.025666 0.033642
1827 0.118707 0.332303 0.028134 0.033642
119 0.193731 0.498627 0.022211 0.033986
87 0.476061 0.418297 0.033070 0.033986
126 0.194225 0.254892 0.039980 0.033986
3956 0.476061 0.339856 0.047878 0.034329
107 0.192251 0.847751 0.022211 0.035359
118 0.278628 0.538105 0.028134 0.035359
70 0.659427 0.350326 0.038500 0.035359
76 0.281589 0.882424 0.041955 0.035359
126 0.378825 0.573807 0.042942 0.035359
68 0.476802 0.143495 0.016782 0.035702
846 0.189783 0.600069 0.048865 0.035702
60 0.744571 0.884998 0.020237 0.036389
119 0.281343 0.366289 0.030602 0.036389
4310 0.744817 0.759698 0.040474 0.036389
1193 0.752468 0.544113 0.041955 0.036389
71 0.386723 0.846378 0.039980 0.036732
63 0.194965 0.320632 0.036525 0.037075
58 0.569595 0.178510 0.037512 0.037075
1418 0.565153 0.874356 0.045410 0.037075
53 0.473100 0.673704 0.021224 0.037418
83 0.664610 0.243220 0.024186 0.037418
121 0.384255 0.165980 0.034057 0.037418
718 0.283317 0.437350 0.033564 0.037762
918 0.565153 0.830415 0.048371 0.037762
121 0.475321 0.292997 0.035538 0.038105
2479 0.667325 0.145898 0.045410 0.039135
1584 0.380553 0.537075 0.037512 0.039478
83 0.473593 0.187092 0.025173 0.039821
322 0.761352 0.148301 0.044916 0.041195
4310 0.281836 0.143838 0.046397 0.041195
3675 0.472113 0.845863 0.041955 0.041881
83 0.753949 0.502060 0.025173 0.042225
2709 0.659427 0.423618 0.040474 0.043254
1827 0.375864 0.338998 0.038006 0.043598
975 0.758144 0.191040 0.043435 0.043598
2850 0.760365 0.346378 0.054788 0.044628
997 0.473346 0.527806 0.044423 0.046344
2692 0.195459 0.212496 0.040474 0.047374
1358 0.755183 0.264504 0.047384 0.047717
