101 0.348256 0.549808 0.049974 0.011494
101 0.543988 0.609021 0.052056 0.011494
209 0.652264 0.502612 0.012493 0.011843
91 0.776419 0.160745 0.025508 0.012887
101 0.446642 0.904389 0.047892 0.012887
101 0.837585 0.905782 0.051015 0.012887
128 0.444820 0.260188 0.014055 0.013236
101 0.145757 0.762278 0.057262 0.013584
101 0.341749 0.297283 0.058824 0.013584
196 0.150963 0.776907 0.026028 0.014977
203 0.647319 0.486764 0.034878 0.015674
56 0.833941 0.885754 0.019781 0.016022
56 0.545029 0.723441 0.023946 0.016022
57 0.450547 0.855451 0.036960 0.016022
335 0.139250 0.212470 0.049453 0.016719
92 0.741801 0.235980 0.039563 0.017764
101 0.251171 0.661964 0.055700 0.017764
92 0.640812 0.274817 0.040604 0.018112
123 0.775117 0.142982 0.018740 0.018460
192 0.153045 0.599269 0.031234 0.018460
92 0.146278 0.712121 0.042686 0.019157
113 0.841489 0.143678 0.047371 0.019854
64 0.745966 0.617207 0.034357 0.020202
52 0.741541 0.258098 0.039042 0.020202
77 0.747788 0.568443 0.039042 0.020202
57 0.448464 0.367816 0.040083 0.020202
56 0.745185 0.588819 0.024466 0.020550
64 0.644716 0.527517 0.028631 0.020550
92 0.643155 0.620167 0.033837 0.020550
93 0.349037 0.570010 0.041124 0.020550
55 0.343831 0.506270 0.042166 0.020550
52 0.641593 0.827238 0.038001 0.020899
52 0.445341 0.310693 0.039042 0.020899
92 0.835242 0.590735 0.040083 0.020899
4034 0.835242 0.840125 0.040083 0.020899
171 0.747788 0.816963 0.029672 0.021247
117 0.147059 0.805643 0.024466 0.021595
132 0.742582 0.693138 0.025508 0.021595
91 0.342530 0.316266 0.033316 0.021595
92 0.838626 0.281087 0.038522 0.021595
120 0.348777 0.898119 0.023946 0.021944
64 0.349297 0.595089 0.034357 0.021944
52 0.642374 0.424765 0.038522 0.021944
547 0.644716 0.300418 0.042166 0.021944
52 0.443519 0.237722 0.042686 0.021944
88 0.640812 0.778649 0.043727 0.021944
91 0.644716 0.551028 0.038001 0.022292
113 0.737376 0.872518 0.042166 0.022292
126 0.346174 0.800766 0.044768 0.022292
56 0.145237 0.658656 0.056221 0.022292
55 0.341489 0.248868 0.038522 0.022640
77 0.838626 0.861895 0.041645 0.022640
55 0.545809 0.557123 0.046330 0.022640
84 0.543988 0.355799 0.046851 0.022640
88 0.546330 0.834552 0.029672 0.022989
57 0.747267 0.503309 0.032795 0.022989
57 0.842009 0.377569 0.036960 0.022989
91 0.249610 0.715778 0.039042 0.022989
86 0.840187 0.720655 0.043727 0.022989
113 0.244925 0.833507 0.044248 0.022989
88 0.248829 0.809997 0.027069 0.023337
547 0.645237 0.708986 0.044248 0.023337
88 0.643415 0.370254 0.027069 0.023685
91 0.243883 0.266109 0.036960 0.023685
77 0.741281 0.792407 0.043727 0.023685
68 0.254555 0.572797 0.007288 0.024033
119 0.744404 0.643156 0.020822 0.024033
120 0.445601 0.184082 0.022905 0.024033
132 0.248308 0.860850 0.029151 0.024033
110 0.340968 0.272901 0.033316 0.024033
86 0.145757 0.287530 0.042686 0.024033
120 0.837324 0.564263 0.020302 0.024382
91 0.342530 0.383142 0.038522 0.024382
52 0.444300 0.392894 0.039042 0.024382
125 0.445341 0.837339 0.051536 0.024382
120 0.546590 0.174330 0.018740 0.024730
117 0.246486 0.551550 0.027590 0.024730
76 0.344352 0.412226 0.032795 0.024730
113 0.836804 0.539359 0.044248 0.024730
68 0.746226 0.452456 0.009891 0.025078
113 0.544508 0.503309 0.042686 0.025078
148 0.455492 0.280913 0.032275 0.025427
76 0.742322 0.479450 0.034357 0.025427
105 0.448204 0.525775 0.054138 0.025427
4034 0.743623 0.392546 0.038001 0.025775
111 0.442738 0.780390 0.026549 0.026123
90 0.441957 0.876872 0.038522 0.026123
57 0.142374 0.415012 0.042166 0.026123
83 0.541124 0.445315 0.043207 0.026123
57 0.445601 0.210206 0.043727 0.026123
60 0.641853 0.801115 0.023946 0.026472
132 0.740760 0.900731 0.024987 0.026472
113 0.242582 0.146290 0.042686 0.026472
84 0.546330 0.862069 0.048412 0.026472
68 0.542166 0.414664 0.013014 0.026820
56 0.140292 0.145071 0.021343 0.026820
60 0.444300 0.547719 0.023425 0.026820
56 0.543988 0.146465 0.023946 0.026820
111 0.544508 0.627830 0.027069 0.026820
85 0.836804 0.688088 0.029672 0.026820
110 0.346694 0.875827 0.035398 0.026820
72 0.250130 0.633751 0.042166 0.026820
4130 0.444820 0.639673 0.050495 0.026820
718 0.671265 0.451062 0.027590 0.027168
92 0.543207 0.474051 0.028631 0.027168
111 0.547892 0.893417 0.031754 0.027168
113 0.741801 0.666144 0.040604 0.027517
85 0.247527 0.370254 0.031754 0.027865
78 0.742582 0.285266 0.033837 0.027865
74 0.349558 0.624173 0.033837 0.027865
87 0.640552 0.647510 0.033837 0.027865
1415 0.346434 0.771508 0.047371 0.027865
110 0.837324 0.468304 0.038001 0.028213
85 0.147579 0.537966 0.039042 0.028213
126 0.344612 0.475967 0.042686 0.028213
107 0.147579 0.683734 0.027590 0.028561
87 0.642634 0.856844 0.033837 0.028561
77 0.838365 0.775340 0.042166 0.028561
2151 0.836283 0.308952 0.051536 0.028561
60 0.543467 0.529258 0.020822 0.028910
66 0.834982 0.615987 0.032275 0.028910
87 0.645757 0.208116 0.039042 0.028910
107 0.742842 0.426332 0.028110 0.029258
87 0.249349 0.602926 0.038522 0.029258
84 0.445081 0.492511 0.043727 0.029258
78 0.446903 0.810345 0.030713 0.029606
111 0.544508 0.382619 0.031234 0.029606
118 0.147319 0.477360 0.034357 0.029606
90 0.142634 0.736503 0.042686 0.029606
127 0.647840 0.181644 0.053618 0.029606
111 0.348777 0.526994 0.023946 0.029955
85 0.446122 0.604667 0.027069 0.029955
111 0.145757 0.568443 0.029151 0.029955
81 0.446382 0.343434 0.044248 0.029955
127 0.146538 0.312435 0.059865 0.029955
119 0.249610 0.782828 0.021343 0.030303
60 0.644977 0.395507 0.024987 0.030303
72 0.839146 0.406304 0.044768 0.030303
81 0.443519 0.426506 0.044768 0.030303
73 0.644196 0.675897 0.049453 0.030303
68 0.838105 0.439568 0.008329 0.030651
53 0.837585 0.750610 0.020822 0.030651
111 0.246486 0.238593 0.026549 0.030651
74 0.247788 0.684779 0.032275 0.030651
87 0.246226 0.205852 0.037480 0.030651
118 0.544768 0.285441 0.020302 0.031000
74 0.641853 0.150993 0.032275 0.031000
74 0.246746 0.301115 0.036439 0.031000
87 0.246226 0.483978 0.038522 0.031000
107 0.445341 0.459770 0.023425 0.031348
85 0.347736 0.735284 0.024987 0.031348
51 0.145757 0.446534 0.041645 0.031348
53 0.243623 0.175026 0.023946 0.031696
111 0.245705 0.399687 0.029151 0.031696
87 0.546070 0.253396 0.035398 0.031696
87 0.144456 0.342564 0.042166 0.031696
2233 0.742061 0.765413 0.046330 0.031696
135 0.149401 0.629049 0.033316 0.032045
1385 0.345914 0.659700 0.049453 0.032045
81 0.838365 0.176419 0.041124 0.032393
721 0.539823 0.699930 0.045809 0.032393
110 0.343571 0.445838 0.038522 0.032741
366 0.743363 0.538140 0.043727 0.032741
3767 0.648100 0.893069 0.062467 0.032741
118 0.139250 0.176071 0.019261 0.033090
107 0.543467 0.583246 0.026028 0.033090
3956 0.839407 0.247823 0.051536 0.033090
68 0.148360 0.833507 0.011452 0.033438
746 0.833420 0.810867 0.053097 0.033438
83 0.837585 0.209857 0.030193 0.033786
296 0.643675 0.243121 0.032795 0.034134
2820 0.737376 0.845698 0.047371 0.034134
53 0.142634 0.510101 0.023946 0.034483
366 0.542686 0.322710 0.046330 0.034483
552 0.448464 0.747649 0.051536 0.034483
1876 0.246746 0.748520 0.041645 0.034831
1755 0.443259 0.716475 0.052577 0.034831
366 0.834982 0.654302 0.043727 0.035179
118 0.240500 0.520724 0.031234 0.035528
1831 0.255336 0.892720 0.046330 0.035528
47 0.746226 0.316440 0.031754 0.035876
83 0.833941 0.503309 0.026028 0.036224
746 0.744144 0.361721 0.049453 0.036573
883 0.546590 0.665099 0.049974 0.036573
1831 0.349037 0.697840 0.036960 0.037269
3769 0.743363 0.203588 0.048933 0.037269
87 0.446122 0.150993 0.042686 0.037966
121 0.245185 0.337861 0.040604 0.038314
492 0.643155 0.588297 0.044248 0.039011
1799 0.839407 0.343086 0.039042 0.039707
625 0.547371 0.754789 0.042166 0.039707
730 0.245185 0.441484 0.046851 0.040752
1917 0.641072 0.334552 0.048412 0.040752
3984 0.333941 0.352839 0.049453 0.041101
296 0.143415 0.381400 0.035919 0.042494
1476 0.741541 0.728840 0.046330 0.042842
1917 0.641853 0.742424 0.046851 0.042842
1373 0.544248 0.797457 0.045289 0.043539
2649 0.347215 0.842041 0.048933 0.043539
47 0.447944 0.570010 0.040083 0.045629
2615 0.338626 0.156217 0.044248 0.045629
1373 0.443779 0.676594 0.040083 0.047022
1396 0.142374 0.252699 0.051536 0.047719
2889 0.341489 0.208116 0.045809 0.055381
47 0.147059 0.875827 0.031754 0.072100
