57 0.255373 0.855756 0.046946 0.018008
92 0.539027 0.517302 0.054299 0.020480
1415 0.094457 0.476871 0.075792 0.027895
119 0.542138 0.769244 0.041290 0.029308
88 0.675339 0.503178 0.069005 0.030367
1810 0.099548 0.321681 0.038462 0.032486
120 0.105486 0.781427 0.058258 0.033192
56 0.539310 0.738701 0.017534 0.033898
91 0.822398 0.843397 0.052036 0.034251
120 0.104638 0.183616 0.026018 0.034605
76 0.099265 0.732168 0.031109 0.035664
259 0.817308 0.425671 0.102941 0.035664
115 0.092760 0.592691 0.072398 0.037076
1005 0.246041 0.901306 0.080317 0.037076
66 0.234729 0.296787 0.032805 0.038489
1579 0.818439 0.689795 0.082579 0.038489
1927 0.234163 0.704802 0.088235 0.038842
56 0.687217 0.858051 0.027149 0.040254
111 0.677885 0.305438 0.031109 0.040254
83 0.527149 0.284781 0.047511 0.040607
91 0.820419 0.645304 0.063914 0.040607
77 0.106618 0.632945 0.055995 0.041314
251 0.095023 0.840042 0.048643 0.041667
2499 0.818722 0.543432 0.072964 0.041667
107 0.821833 0.287782 0.041855 0.042373
110 0.095588 0.146540 0.050905 0.043079
111 0.683541 0.754944 0.032240 0.043785
91 0.682127 0.799435 0.066742 0.043785
118 0.690894 0.899188 0.039027 0.044138
370 0.829186 0.736229 0.089367 0.044492
88 0.091346 0.424965 0.076357 0.044845
85 0.824943 0.895833 0.028846 0.045198
91 0.235860 0.539195 0.071267 0.046610
120 0.240667 0.392302 0.031109 0.047316
70 0.238122 0.339866 0.041855 0.047669
93 0.543552 0.692620 0.072398 0.049082
971 0.401867 0.567620 0.076357 0.049082
126 0.677319 0.627825 0.059389 0.049435
512 0.096154 0.898658 0.105204 0.049435
126 0.100679 0.527542 0.055430 0.050847
798 0.532805 0.899894 0.067873 0.051201
485 0.247738 0.587041 0.078054 0.051201
562 0.394231 0.389301 0.085973 0.051201
401 0.386029 0.683263 0.072964 0.052260
702 0.239253 0.646363 0.084842 0.052613
90 0.094457 0.681850 0.085973 0.052966
107 0.538462 0.154484 0.047511 0.053319
3786 0.815894 0.484463 0.075226 0.053672
1476 0.390837 0.236405 0.082579 0.054025
438 0.814197 0.231815 0.100113 0.054025
296 0.828620 0.778778 0.041855 0.054732
3754 0.822115 0.596398 0.040158 0.055791
1424 0.393100 0.627648 0.064480 0.057556
4343 0.392251 0.446857 0.083145 0.058263
2144 0.235011 0.243997 0.083145 0.058616
1465 0.390271 0.825918 0.090498 0.058616
88 0.398473 0.890890 0.028846 0.060028
1090 0.388857 0.749117 0.080882 0.062500
768 0.395362 0.308263 0.069005 0.062853
2890 0.534785 0.635417 0.052602 0.063206
1782 0.539027 0.573446 0.114253 0.063559
1891 0.809106 0.155191 0.087670 0.064619
3136 0.679581 0.690855 0.061652 0.065325
1548 0.393100 0.161194 0.095023 0.065325
505 0.387443 0.510240 0.083710 0.066384
2191 0.690328 0.564266 0.080882 0.067797
1871 0.667986 0.241879 0.067873 0.068503
68 0.546946 0.215925 0.026018 0.068856
1109 0.679864 0.442973 0.058824 0.068856
2715 0.667986 0.373764 0.072398 0.068856
1506 0.242081 0.160134 0.082579 0.068856
619 0.536482 0.832451 0.084276 0.071681
3032 0.544400 0.451271 0.065045 0.072034
84 0.824095 0.364407 0.058824 0.072740
4084 0.093043 0.256003 0.049208 0.074859
2918 0.673643 0.169845 0.081448 0.084040
2915 0.225679 0.471045 0.082579 0.086158
3381 0.534502 0.359816 0.080317 0.093220
314 0.240950 0.787959 0.055430 0.105579
