246 0.728480 0.823850 0.046237 0.004770
246 0.730939 0.712947 0.043286 0.005792
56 0.549680 0.300852 0.015248 0.012947
209 0.186424 0.172402 0.015740 0.012947
128 0.744958 0.177342 0.015248 0.013969
173 0.182489 0.157922 0.036399 0.013969
56 0.460649 0.442249 0.021151 0.014310
92 0.265125 0.836627 0.033448 0.014651
128 0.080177 0.541567 0.014757 0.015332
101 0.078947 0.560988 0.048697 0.015332
162 0.737088 0.837479 0.027054 0.015673
120 0.661830 0.754514 0.012297 0.016014
129 0.461141 0.822317 0.019183 0.016014
92 0.637973 0.608688 0.033448 0.016014
128 0.731185 0.686882 0.013281 0.016354
92 0.174127 0.905622 0.032464 0.016354
92 0.360551 0.273595 0.031481 0.017036
92 0.633055 0.855537 0.031481 0.017036
92 0.659370 0.734412 0.019183 0.017376
81 0.730202 0.669336 0.030989 0.017376
57 0.363748 0.681772 0.030989 0.017717
68 0.731923 0.885520 0.008854 0.018399
192 0.636252 0.878876 0.023119 0.018739
55 0.454009 0.850937 0.033448 0.018739
64 0.636252 0.792164 0.025086 0.019080
132 0.184702 0.190460 0.026070 0.019080
57 0.552878 0.515673 0.027545 0.019421
91 0.738318 0.438671 0.036399 0.019421
57 0.550418 0.906303 0.027545 0.019761
65 0.465322 0.242249 0.035416 0.019761
166 0.277668 0.570187 0.017216 0.020102
86 0.364240 0.781431 0.044761 0.020102
135 0.638465 0.900852 0.015740 0.020443
57 0.365224 0.436457 0.025086 0.020443
76 0.643876 0.257922 0.027545 0.020443
126 0.357846 0.750596 0.045745 0.020443
120 0.640925 0.470698 0.017708 0.020784
193 0.165027 0.243101 0.029021 0.020784
91 0.078701 0.383135 0.038367 0.020784
547 0.731923 0.862181 0.039351 0.020784
91 0.455239 0.664055 0.033940 0.021124
52 0.265371 0.681431 0.037875 0.021124
55 0.550910 0.687394 0.042302 0.021465
119 0.550418 0.881772 0.019675 0.021806
81 0.746188 0.158773 0.029513 0.021806
91 0.073291 0.739693 0.034432 0.021806
91 0.174619 0.767632 0.034432 0.021806
81 0.172651 0.504940 0.036399 0.021806
83 0.728234 0.907666 0.038859 0.021806
1002 0.646335 0.160818 0.057059 0.021806
118 0.454993 0.907496 0.019675 0.022147
86 0.368913 0.303066 0.038367 0.022147
55 0.458682 0.697615 0.038859 0.022147
553 0.548697 0.624020 0.047713 0.022147
88 0.266847 0.367632 0.025086 0.022487
91 0.266601 0.258603 0.033448 0.022487
52 0.172651 0.636116 0.037383 0.022487
52 0.174619 0.526065 0.040334 0.022487
120 0.176586 0.318058 0.020659 0.022828
67 0.464584 0.271039 0.039843 0.022828
64 0.079685 0.163543 0.028529 0.023169
85 0.742253 0.202726 0.029513 0.023169
88 0.648303 0.191652 0.041318 0.023509
76 0.550418 0.229472 0.030497 0.024191
91 0.076488 0.872743 0.035908 0.024191
547 0.079193 0.586201 0.039351 0.024191
113 0.077718 0.414821 0.045253 0.024191
95 0.363502 0.168313 0.043286 0.024532
74 0.078210 0.843101 0.029513 0.024872
88 0.079439 0.807325 0.030989 0.024872
72 0.549680 0.468654 0.038859 0.024872
547 0.742007 0.263543 0.039843 0.024872
76 0.454747 0.796934 0.032956 0.025213
88 0.076734 0.473765 0.025578 0.025554
83 0.358337 0.245826 0.034924 0.025554
61 0.736104 0.607325 0.042794 0.025554
134 0.163797 0.218739 0.019675 0.025894
88 0.458190 0.600681 0.027054 0.025894
104 0.178062 0.352641 0.041318 0.025894
89 0.360305 0.603066 0.042794 0.025894
51 0.548697 0.858433 0.033940 0.026235
119 0.360551 0.867462 0.021643 0.026576
1406 0.551648 0.556048 0.033940 0.026576
2596 0.265125 0.332879 0.036399 0.026576
72 0.358583 0.576491 0.036399 0.026576
108 0.360551 0.505792 0.019675 0.026917
74 0.267339 0.435605 0.032956 0.026917
1415 0.363994 0.408007 0.045253 0.026917
55 0.643876 0.536627 0.037383 0.027257
123 0.643876 0.228790 0.022627 0.027598
87 0.547959 0.195400 0.031481 0.027598
86 0.175848 0.380409 0.032956 0.027598
72 0.261436 0.741908 0.036891 0.027598
2150 0.179046 0.671721 0.040334 0.027598
66 0.736596 0.580239 0.023119 0.027939
68 0.646335 0.279898 0.008854 0.028279
92 0.261436 0.709540 0.028037 0.028279
87 0.551402 0.655707 0.028529 0.028279
110 0.545745 0.784497 0.033940 0.028279
127 0.551156 0.494889 0.046729 0.028279
85 0.637236 0.667802 0.017216 0.028620
110 0.635760 0.697445 0.032956 0.028620
105 0.550910 0.716525 0.046237 0.028620
75 0.561485 0.331175 0.050664 0.028620
53 0.359075 0.808688 0.017708 0.028961
85 0.360305 0.902385 0.029021 0.028961
83 0.262912 0.539182 0.034924 0.028961
85 0.644860 0.398978 0.027545 0.029302
70 0.457206 0.376491 0.041810 0.029302
111 0.177570 0.740204 0.023610 0.029642
74 0.178308 0.807666 0.030005 0.029642
76 0.458190 0.163714 0.035908 0.029642
126 0.454009 0.767462 0.038367 0.029642
127 0.646581 0.364736 0.044761 0.029642
111 0.361535 0.367973 0.028529 0.029983
86 0.555337 0.163203 0.040334 0.029983
71 0.267585 0.769336 0.050172 0.029983
111 0.455976 0.881942 0.024594 0.030324
78 0.739302 0.498637 0.031481 0.030324
84 0.179292 0.875809 0.042794 0.030324
127 0.552878 0.362351 0.053123 0.030324
87 0.359813 0.838501 0.031972 0.030664
68 0.546975 0.750085 0.010821 0.031005
107 0.362764 0.540886 0.041810 0.031005
316 0.075996 0.773935 0.053615 0.031005
119 0.742991 0.233731 0.023119 0.031346
107 0.075750 0.228620 0.032464 0.031346
83 0.073783 0.617547 0.032464 0.031687
84 0.076242 0.263543 0.039351 0.031687
3984 0.073783 0.901533 0.038367 0.032027
126 0.265371 0.650085 0.038859 0.032027
53 0.075258 0.442760 0.026562 0.032368
2476 0.264879 0.904089 0.037875 0.032368
68 0.457698 0.415503 0.040826 0.032368
68 0.459174 0.472913 0.008362 0.032709
64 0.456714 0.636797 0.031972 0.032709
53 0.362518 0.335775 0.025578 0.033049
70 0.741761 0.300000 0.031481 0.033049
126 0.642400 0.501533 0.041318 0.033390
107 0.454993 0.338842 0.027545 0.033731
87 0.177078 0.284668 0.033448 0.033731
1354 0.636744 0.641056 0.044761 0.033731
58 0.175357 0.470528 0.029021 0.034072
51 0.268077 0.404770 0.038367 0.034072
69 0.559764 0.395741 0.025578 0.034412
70 0.362764 0.471039 0.029021 0.034412
68 0.545499 0.820273 0.012789 0.035094
64 0.079685 0.516695 0.032464 0.035094
2709 0.175848 0.704770 0.035908 0.035094
93 0.268815 0.466610 0.044761 0.035094
121 0.078701 0.196252 0.055091 0.035434
107 0.548697 0.436627 0.028037 0.035775
2599 0.265617 0.808007 0.032464 0.035775
2286 0.549680 0.586712 0.041810 0.036116
2598 0.363502 0.209199 0.023610 0.036797
70 0.645106 0.440716 0.027054 0.037138
1584 0.177570 0.563032 0.033448 0.037138
4189 0.731923 0.791312 0.043286 0.037138
914 0.174373 0.604940 0.046729 0.037138
53 0.456468 0.203066 0.026562 0.037479
121 0.177816 0.841567 0.033940 0.037479
3984 0.353173 0.718569 0.043286 0.037479
4166 0.456468 0.729131 0.049188 0.037479
1691 0.738318 0.547189 0.055091 0.037479
648 0.266109 0.612095 0.029513 0.037819
1387 0.076242 0.663543 0.046237 0.037819
119 0.735612 0.643612 0.035908 0.038160
2820 0.359075 0.648722 0.044270 0.038160
726 0.268569 0.219250 0.040334 0.038501
53 0.736842 0.470698 0.019675 0.039182
726 0.456960 0.567462 0.038367 0.039182
1104 0.268323 0.865588 0.043778 0.039182
3283 0.264142 0.296082 0.035416 0.039523
1387 0.644614 0.327768 0.041810 0.039523
2178 0.077718 0.302215 0.058042 0.039523
68 0.266355 0.504600 0.010330 0.040204
2083 0.549926 0.271039 0.045253 0.040545
121 0.632563 0.825894 0.027545 0.040886
119 0.458682 0.303407 0.029021 0.041227
1917 0.074029 0.704429 0.044761 0.041908
1827 0.637973 0.571721 0.032464 0.042249
3899 0.265863 0.172572 0.035908 0.042589
975 0.075996 0.347700 0.047713 0.043271
3887 0.736104 0.348893 0.051648 0.043612
1897 0.729956 0.747530 0.039351 0.044293
3899 0.453763 0.520784 0.042794 0.046678
1270 0.738810 0.399319 0.042302 0.049063
47 0.180275 0.415673 0.039843 0.065417
