128 0.754847 0.228287 0.007653 0.008022
120 0.795408 0.573247 0.016327 0.014301
76 0.325255 0.529822 0.016837 0.014649
55 0.324490 0.515347 0.025510 0.016393
1173 0.794133 0.527904 0.026020 0.018486
122 0.750000 0.247994 0.025510 0.020230
64 0.751786 0.211545 0.017857 0.020579
92 0.795663 0.554412 0.021939 0.021277
58 0.325510 0.553540 0.025510 0.023021
87 0.698724 0.370073 0.014796 0.025811
56 0.712500 0.356296 0.023980 0.026160
3025 0.709184 0.292292 0.031633 0.028601
60 0.790561 0.216254 0.013776 0.029299
60 0.786224 0.288455 0.015306 0.029299
91 0.748214 0.312871 0.031122 0.029299
3435 0.709439 0.327520 0.034184 0.029997
2379 0.790306 0.185037 0.036735 0.031043
3500 0.786224 0.252354 0.033673 0.035926
47 0.759439 0.269445 0.022959 0.053366
