101 0.371774 0.900106 0.046774 0.011256
188 0.480108 0.676574 0.025806 0.011607
64 0.877419 0.483292 0.021505 0.011959
101 0.162903 0.183785 0.047312 0.012311
188 0.285484 0.784383 0.025806 0.012663
101 0.172043 0.604115 0.047312 0.013014
101 0.472312 0.279634 0.044624 0.013366
120 0.607796 0.636827 0.019892 0.013718
146 0.784677 0.783152 0.027419 0.013718
101 0.172849 0.541857 0.048925 0.013718
200 0.277688 0.188006 0.032796 0.014421
101 0.574194 0.580549 0.049462 0.014421
196 0.278226 0.566303 0.024194 0.014773
101 0.677419 0.545902 0.047312 0.014773
101 0.679839 0.852972 0.055376 0.014773
101 0.472581 0.790011 0.044086 0.015477
52 0.372581 0.758881 0.030108 0.015828
101 0.780914 0.674112 0.053226 0.015828
52 0.870699 0.864580 0.038172 0.016180
56 0.577151 0.842948 0.024194 0.016532
196 0.279032 0.901337 0.025806 0.016532
101 0.276613 0.768906 0.058602 0.016884
56 0.372849 0.473268 0.020968 0.017939
88 0.881720 0.213507 0.022581 0.018291
56 0.675538 0.466409 0.023118 0.018291
132 0.284946 0.802321 0.025806 0.018291
92 0.606183 0.620999 0.026344 0.018642
135 0.788441 0.798101 0.018817 0.018994
92 0.872312 0.816039 0.034946 0.018994
92 0.874731 0.884277 0.036559 0.018994
55 0.676882 0.317270 0.049462 0.018994
56 0.779301 0.202075 0.022043 0.019346
148 0.176882 0.619944 0.032258 0.019346
52 0.474462 0.167956 0.038172 0.019346
92 0.162903 0.205769 0.040860 0.019698
55 0.774462 0.828350 0.041398 0.019698
56 0.782258 0.748329 0.019355 0.020049
113 0.371774 0.594970 0.041398 0.020049
83 0.473656 0.838199 0.037634 0.020401
113 0.274731 0.687654 0.039785 0.020401
56 0.372581 0.878298 0.019355 0.021104
2223 0.903763 0.439325 0.027957 0.021104
91 0.372043 0.857193 0.032258 0.021104
52 0.579032 0.744636 0.035484 0.021104
55 0.370699 0.134717 0.044624 0.021104
118 0.681989 0.802497 0.011290 0.021456
76 0.270430 0.249912 0.026882 0.021456
55 0.680376 0.500352 0.046774 0.021456
52 0.274462 0.522336 0.030645 0.021808
57 0.174194 0.366514 0.032258 0.021808
126 0.366398 0.275062 0.041398 0.021808
52 0.779032 0.277348 0.030108 0.022160
56 0.677957 0.747098 0.021505 0.022511
88 0.170968 0.469574 0.025806 0.022511
76 0.369355 0.157228 0.027957 0.022511
76 0.675538 0.599367 0.031720 0.022511
1406 0.478495 0.860359 0.038710 0.022511
120 0.375806 0.447239 0.017204 0.022863
56 0.776882 0.327295 0.021505 0.022863
66 0.369624 0.224235 0.026344 0.022863
76 0.677957 0.448294 0.029032 0.022863
132 0.478495 0.698030 0.030108 0.022863
77 0.581989 0.823250 0.038172 0.022863
168 0.880645 0.903623 0.031183 0.023215
57 0.681989 0.163911 0.033871 0.023215
52 0.372581 0.806542 0.038710 0.023215
168 0.784946 0.692051 0.026882 0.023567
92 0.370699 0.699789 0.034946 0.023567
57 0.583602 0.233732 0.036022 0.023567
88 0.577957 0.423496 0.030108 0.023918
52 0.679032 0.697854 0.034409 0.023918
84 0.172312 0.692930 0.039247 0.023918
55 0.168817 0.311643 0.039785 0.023918
55 0.168011 0.135772 0.043548 0.023918
56 0.372043 0.650369 0.052688 0.023918
57 0.172312 0.813753 0.040323 0.024270
76 0.474194 0.766444 0.027957 0.024622
87 0.273656 0.360183 0.039785 0.024622
95 0.676882 0.374604 0.040860 0.024622
127 0.480645 0.330637 0.061290 0.024622
132 0.374194 0.620999 0.023656 0.024974
111 0.879839 0.615723 0.029570 0.024974
88 0.473656 0.526029 0.037634 0.024974
1002 0.371237 0.305487 0.054301 0.024974
68 0.581720 0.448118 0.013978 0.025325
1261 0.780376 0.174464 0.037097 0.025325
57 0.478226 0.190468 0.033871 0.025677
72 0.777688 0.650193 0.037097 0.025677
98 0.373118 0.831340 0.038710 0.025677
55 0.880914 0.317446 0.043548 0.025677
55 0.579570 0.177453 0.049462 0.025677
88 0.372312 0.572283 0.033871 0.026029
132 0.270430 0.714386 0.034409 0.026029
55 0.475806 0.228632 0.041935 0.026029
88 0.168011 0.899402 0.045699 0.026029
107 0.470968 0.591101 0.021505 0.026381
98 0.676882 0.724059 0.045161 0.026381
327 0.476075 0.562610 0.051075 0.026381
119 0.475000 0.501231 0.024194 0.026732
107 0.371237 0.670946 0.018817 0.027084
56 0.575538 0.600950 0.027419 0.027084
85 0.375000 0.779986 0.028495 0.027084
83 0.574194 0.476961 0.036559 0.027436
90 0.270968 0.744988 0.038710 0.027436
98 0.776344 0.303904 0.040860 0.027436
66 0.472849 0.306191 0.027419 0.027788
78 0.880645 0.342772 0.033333 0.027788
90 0.673925 0.829230 0.036022 0.027788
87 0.275806 0.873549 0.037634 0.027788
126 0.884677 0.284031 0.038172 0.027788
77 0.784409 0.492613 0.038710 0.027788
1002 0.164785 0.399050 0.063978 0.027788
66 0.878763 0.545550 0.027419 0.028139
72 0.470430 0.617306 0.035484 0.028139
132 0.266398 0.177453 0.032796 0.028491
88 0.373925 0.387091 0.046774 0.028491
55 0.172849 0.725818 0.046774 0.028491
127 0.377419 0.249560 0.063441 0.028491
91 0.476075 0.354555 0.034946 0.028843
98 0.573925 0.767499 0.039247 0.028843
2134 0.580376 0.353148 0.050000 0.028843
85 0.683333 0.668132 0.022581 0.029195
2223 0.289247 0.129265 0.031183 0.029195
68 0.678763 0.777172 0.040323 0.029195
98 0.273656 0.547485 0.040860 0.029195
85 0.782527 0.522336 0.023118 0.029546
110 0.173925 0.791066 0.032796 0.029546
296 0.579032 0.795287 0.033333 0.029546
88 0.872581 0.725994 0.044086 0.029546
110 0.677419 0.523215 0.035484 0.029898
62 0.678495 0.870383 0.035484 0.029898
4064 0.475000 0.472212 0.036022 0.029898
87 0.873118 0.841892 0.038710 0.029898
95 0.781452 0.590222 0.034946 0.030250
869 0.166667 0.231094 0.039785 0.030250
81 0.877957 0.375132 0.035484 0.030601
250 0.782258 0.427893 0.044086 0.030601
2748 0.576882 0.868273 0.047312 0.030601
2083 0.171774 0.870032 0.048925 0.030601
121 0.680108 0.899578 0.054839 0.030601
110 0.164785 0.160394 0.031720 0.030953
978 0.783333 0.396060 0.044086 0.030953
2083 0.878495 0.691171 0.048387 0.030953
1261 0.679032 0.138058 0.038710 0.031305
118 0.372581 0.498417 0.024731 0.031657
69 0.283333 0.665494 0.024731 0.031657
118 0.778495 0.354379 0.020430 0.032008
3754 0.473387 0.809884 0.034946 0.032008
1435 0.782796 0.559796 0.040860 0.032008
2083 0.274462 0.634365 0.051075 0.032008
107 0.472312 0.253605 0.024194 0.032360
87 0.782796 0.616250 0.036559 0.032360
121 0.573118 0.206648 0.030108 0.032712
366 0.474194 0.738832 0.043011 0.032712
111 0.677419 0.341189 0.024731 0.033064
70 0.376613 0.419979 0.029570 0.033064
87 0.475806 0.141400 0.035484 0.033064
2083 0.580108 0.710869 0.048387 0.033064
505 0.166398 0.841189 0.028495 0.033415
485 0.276882 0.405206 0.045161 0.033767
107 0.676075 0.570348 0.026344 0.034119
86 0.577957 0.138058 0.036559 0.034119
1256 0.274462 0.601653 0.037097 0.034119
87 0.376075 0.729335 0.037097 0.034119
107 0.269355 0.221245 0.026882 0.034471
126 0.682258 0.281041 0.043011 0.034471
2338 0.171774 0.756595 0.043548 0.034471
366 0.679839 0.635948 0.048925 0.034471
118 0.575806 0.897467 0.031183 0.034822
330 0.678226 0.414175 0.032796 0.034822
121 0.168280 0.338903 0.037634 0.034822
296 0.873118 0.790714 0.031183 0.035174
68 0.777151 0.725994 0.045699 0.035174
366 0.880914 0.585473 0.042473 0.035526
2820 0.371237 0.539395 0.047849 0.035526
3283 0.773656 0.895005 0.030108 0.036229
62 0.880376 0.409603 0.032796 0.036229
293 0.475538 0.392895 0.019892 0.036581
293 0.576882 0.271192 0.021505 0.036581
3735 0.577419 0.511783 0.038710 0.036581
3283 0.781183 0.142631 0.031183 0.036933
366 0.583333 0.676926 0.039785 0.036933
981 0.782258 0.459198 0.041935 0.036933
53 0.474462 0.652480 0.024194 0.037285
3754 0.872849 0.754133 0.033871 0.037285
126 0.277419 0.486810 0.038710 0.037285
90 0.576075 0.552234 0.048925 0.037285
2083 0.273656 0.328174 0.050538 0.037285
90 0.170161 0.576152 0.051075 0.037285
2363 0.273118 0.450053 0.045161 0.037636
121 0.876882 0.509321 0.036559 0.037988
1579 0.173925 0.661801 0.047849 0.038340
1827 0.774462 0.855083 0.027419 0.038692
58 0.369086 0.189237 0.036022 0.038692
68 0.789516 0.755540 0.048925 0.038692
3192 0.270161 0.839078 0.044624 0.039043
3229 0.876882 0.251143 0.051613 0.040098
47 0.883602 0.179916 0.037097 0.040450
1917 0.168817 0.266796 0.044086 0.041154
3740 0.474731 0.891312 0.043011 0.041505
505 0.266667 0.289131 0.026882 0.042209
2970 0.574731 0.308477 0.038710 0.042209
2970 0.476344 0.431586 0.039785 0.042209
296 0.678226 0.241998 0.038172 0.042912
2913 0.578495 0.382518 0.036559 0.043264
798 0.674194 0.199965 0.046237 0.043264
2356 0.882527 0.139641 0.046774 0.043616
1578 0.167204 0.434752 0.048387 0.043616
1796 0.776613 0.244988 0.042473 0.044671
4086 0.170699 0.510200 0.051075 0.045375
505 0.871237 0.657756 0.030645 0.047837
1578 0.369086 0.344882 0.050000 0.052409
