173 0.389011 0.409634 0.031868 0.009142
169 0.289011 0.871660 0.031868 0.010549
92 0.287912 0.681610 0.030769 0.010900
169 0.496429 0.441456 0.024725 0.011603
101 0.811264 0.572257 0.042308 0.012307
200 0.709341 0.743671 0.032967 0.013361
101 0.804396 0.782173 0.047253 0.013713
128 0.201923 0.491034 0.009341 0.014416
101 0.601099 0.308544 0.047253 0.015120
101 0.394780 0.286217 0.054396 0.015471
56 0.284341 0.472398 0.022527 0.015823
92 0.490934 0.660513 0.039011 0.015823
91 0.429121 0.332630 0.026374 0.016174
57 0.491484 0.160865 0.030220 0.016526
91 0.705220 0.192686 0.032418 0.016878
86 0.291758 0.701125 0.036264 0.017581
101 0.288462 0.794655 0.050549 0.017581
56 0.598077 0.408052 0.023626 0.017932
52 0.491209 0.892932 0.041758 0.017932
83 0.799725 0.888537 0.030220 0.018284
52 0.492308 0.583333 0.046154 0.018284
101 0.493956 0.729606 0.051648 0.018284
91 0.812912 0.335267 0.031319 0.018636
52 0.488187 0.272328 0.035714 0.018636
168 0.292308 0.852672 0.020879 0.018987
85 0.703022 0.450422 0.025824 0.018987
81 0.908242 0.845640 0.035165 0.018987
57 0.815934 0.622539 0.030769 0.019339
193 0.704670 0.723980 0.032418 0.019691
84 0.705495 0.855134 0.035165 0.019691
81 0.488187 0.558368 0.036813 0.019691
91 0.284341 0.581575 0.039011 0.019691
81 0.597527 0.432841 0.048901 0.019691
49 0.184890 0.700774 0.012637 0.020394
168 0.494505 0.423347 0.028571 0.020394
193 0.385165 0.432138 0.034066 0.020394
91 0.812912 0.225035 0.034615 0.020394
91 0.701374 0.694972 0.032418 0.020745
55 0.190110 0.384845 0.046154 0.020745
132 0.603022 0.203586 0.026923 0.021097
148 0.276099 0.888537 0.034615 0.021097
57 0.496429 0.393460 0.039011 0.021097
126 0.909066 0.215190 0.040110 0.021097
88 0.191758 0.356188 0.043956 0.021097
55 0.704121 0.376582 0.047802 0.021097
1365 0.734615 0.112342 0.031868 0.021449
757 0.426374 0.309248 0.032967 0.021449
88 0.704121 0.570148 0.042308 0.021449
76 0.283242 0.421589 0.029121 0.021800
81 0.193132 0.513361 0.045604 0.021800
66 0.704670 0.219233 0.026923 0.022152
66 0.187637 0.297644 0.026923 0.022152
134 0.396978 0.367089 0.025824 0.022504
91 0.285165 0.447257 0.036264 0.022504
55 0.292033 0.166667 0.042308 0.022504
82 0.491209 0.336322 0.043956 0.022855
83 0.186813 0.540260 0.045055 0.022855
56 0.599451 0.632208 0.023077 0.023207
120 0.912363 0.616385 0.023626 0.023207
193 0.402198 0.389944 0.034066 0.023207
83 0.811264 0.114979 0.034615 0.023207
88 0.194505 0.445851 0.042857 0.023207
66 0.808242 0.442862 0.028571 0.023558
77 0.493681 0.861287 0.030220 0.023558
56 0.191758 0.474508 0.051648 0.023558
66 0.908242 0.648734 0.020879 0.023910
107 0.908516 0.680731 0.037912 0.023910
84 0.597253 0.328762 0.038462 0.023910
126 0.911538 0.400141 0.041758 0.023910
111 0.598626 0.836674 0.023626 0.024262
134 0.393407 0.796941 0.026374 0.024262
76 0.599451 0.455345 0.027473 0.024613
83 0.281868 0.347750 0.035165 0.024613
77 0.491209 0.821730 0.035165 0.024613
88 0.392582 0.170534 0.043407 0.024613
68 0.195055 0.816632 0.006593 0.024965
718 0.317582 0.820148 0.021978 0.024965
120 0.908791 0.776547 0.025275 0.024965
83 0.594780 0.804677 0.032418 0.024965
77 0.708516 0.343003 0.036813 0.024965
90 0.598901 0.277250 0.040659 0.024965
77 0.492033 0.367968 0.042308 0.024965
91 0.189286 0.571906 0.042308 0.024965
95 0.393407 0.563819 0.042857 0.024965
83 0.905220 0.516174 0.029121 0.025316
110 0.704121 0.541842 0.034615 0.025316
204 0.402473 0.769691 0.034615 0.025316
118 0.813736 0.548875 0.014286 0.026020
66 0.290110 0.109001 0.027473 0.026020
76 0.597802 0.603727 0.028571 0.026020
126 0.906319 0.715541 0.037912 0.026020
501 0.180769 0.268284 0.045055 0.026020
98 0.282418 0.273207 0.050549 0.026020
88 0.908242 0.810302 0.041758 0.026371
111 0.284341 0.246835 0.028022 0.026723
107 0.395055 0.666491 0.023077 0.027075
68 0.603297 0.770394 0.006593 0.027426
126 0.393407 0.598453 0.038462 0.027426
366 0.598077 0.697609 0.046703 0.027426
118 0.595604 0.657349 0.016484 0.027778
85 0.803846 0.752989 0.016484 0.027778
111 0.703297 0.888010 0.027473 0.027778
1415 0.814835 0.188643 0.048352 0.027778
76 0.700000 0.660338 0.030769 0.028129
76 0.394780 0.736287 0.031319 0.028129
126 0.809341 0.472925 0.031868 0.028129
77 0.703022 0.509494 0.042308 0.028129
87 0.808516 0.594409 0.033516 0.028481
77 0.291209 0.763186 0.035165 0.028481
127 0.291484 0.135900 0.045604 0.028481
1829 0.600824 0.488572 0.050000 0.028481
90 0.914011 0.287975 0.036813 0.028833
978 0.908242 0.322082 0.038462 0.028833
62 0.908242 0.886428 0.039560 0.028833
87 0.190934 0.735232 0.040110 0.028833
366 0.704670 0.279184 0.046703 0.028833
111 0.188736 0.844058 0.025824 0.029184
1880 0.189560 0.884494 0.027473 0.029184
327 0.393407 0.635549 0.045055 0.029184
127 0.703846 0.244374 0.043956 0.029536
92 0.490385 0.301512 0.021429 0.029887
706 0.805495 0.373242 0.042857 0.029887
118 0.804945 0.646976 0.023077 0.030239
3690 0.910989 0.441280 0.050549 0.030239
2083 0.600000 0.734880 0.053846 0.030239
111 0.803571 0.723453 0.023626 0.030591
327 0.389835 0.209740 0.048901 0.030591
2083 0.702473 0.313467 0.048901 0.030591
111 0.812637 0.149789 0.024176 0.030942
3735 0.906868 0.752110 0.033516 0.030942
90 0.488736 0.691983 0.041209 0.030942
1931 0.809341 0.683193 0.054945 0.030942
2904 0.814560 0.410162 0.041209 0.031294
846 0.187637 0.775844 0.048901 0.031294
1441 0.604396 0.117968 0.060440 0.031294
529 0.599176 0.569972 0.056593 0.031646
53 0.285165 0.735056 0.020879 0.031997
78 0.813462 0.296941 0.031319 0.031997
59 0.912912 0.476617 0.040110 0.031997
53 0.812363 0.263361 0.018132 0.032349
58 0.491758 0.521097 0.028571 0.032349
90 0.390385 0.251055 0.040110 0.032349
127 0.704945 0.473980 0.045055 0.032349
1999 0.485989 0.114979 0.048901 0.032349
1197 0.284615 0.547820 0.049451 0.032349
3281 0.912363 0.550633 0.050000 0.032349
1193 0.908791 0.589838 0.042857 0.032700
932 0.601923 0.882736 0.045604 0.032700
577 0.702747 0.413678 0.047253 0.032700
127 0.190934 0.324015 0.047802 0.032700
68 0.598901 0.237342 0.007692 0.033052
2707 0.193407 0.418073 0.032967 0.033052
268 0.185714 0.156118 0.036264 0.033052
1083 0.492582 0.792546 0.029121 0.033755
296 0.491209 0.620956 0.031868 0.033755
1387 0.284341 0.310830 0.044505 0.033755
1652 0.285714 0.613572 0.051648 0.033755
47 0.713736 0.771976 0.025275 0.034107
798 0.595879 0.370956 0.040110 0.034459
1476 0.491758 0.203586 0.040659 0.034459
2083 0.487637 0.757736 0.048901 0.034459
1642 0.393132 0.526195 0.064286 0.034810
1640 0.285714 0.652602 0.051648 0.035162
1132 0.803022 0.849508 0.057692 0.035162
864 0.912363 0.179852 0.043407 0.035513
4061 0.188462 0.115858 0.051648 0.035513
68 0.398626 0.700070 0.013736 0.035865
119 0.493407 0.239803 0.018681 0.035865
2885 0.800275 0.806259 0.030220 0.035865
918 0.808791 0.511603 0.036264 0.035865
577 0.287637 0.203235 0.043407 0.035865
975 0.596429 0.530415 0.046703 0.036217
1365 0.188736 0.235232 0.042308 0.037271
757 0.703022 0.161392 0.054396 0.037271
84 0.192582 0.193390 0.030220 0.037975
310 0.192308 0.611463 0.049451 0.037975
1020 0.396978 0.888889 0.050000 0.037975
36 0.910714 0.362869 0.053297 0.038678
4163 0.909341 0.249648 0.035165 0.039381
1917 0.284890 0.385021 0.041209 0.040084
1560 0.603022 0.164557 0.042308 0.040788
981 0.705769 0.814698 0.046703 0.040788
3032 0.285989 0.509142 0.054396 0.043601
296 0.395055 0.123242 0.027473 0.043952
3322 0.186813 0.659459 0.027473 0.046062
753 0.396429 0.476266 0.060989 0.046062
47 0.400275 0.830169 0.022527 0.046414
4069 0.702198 0.613924 0.035165 0.046414
47 0.504396 0.473629 0.029670 0.047820
3458 0.917582 0.131329 0.051648 0.054501
