56 0.117408 0.290496 0.016811 0.008672
112 0.858460 0.416407 0.020607 0.008672
95 0.858731 0.407215 0.018980 0.009018
56 0.876627 0.306798 0.013557 0.011446
126 0.146963 0.293618 0.023861 0.011446
113 0.855748 0.311134 0.021692 0.012487
115 0.117137 0.315297 0.023861 0.012487
95 0.118221 0.327263 0.023861 0.012834
108 0.119577 0.302636 0.015727 0.013528
127 0.149675 0.306105 0.026030 0.013528
53 0.857104 0.429240 0.015727 0.014221
91 0.639371 0.247485 0.028200 0.014221
108 0.879338 0.319806 0.011388 0.014568
87 0.150217 0.320326 0.026030 0.014915
125 0.841649 0.427680 0.023861 0.015262
88 0.637473 0.332293 0.023319 0.015956
1002 0.133134 0.212626 0.041757 0.016649
79 0.880152 0.412764 0.020607 0.017343
1902 0.851139 0.849116 0.033080 0.017343
55 0.132863 0.351717 0.039046 0.017343
76 0.893980 0.726500 0.018980 0.018384
120 0.891811 0.748873 0.015727 0.018730
978 0.854664 0.828824 0.027115 0.019077
504 0.863341 0.365765 0.041215 0.021852
3298 0.851139 0.866805 0.033080 0.022893
78 0.130423 0.402879 0.030911 0.023240
70 0.637202 0.388484 0.031453 0.024280
1746 0.632592 0.359348 0.047180 0.024974
3669 0.864696 0.388137 0.047180 0.026361
58 0.129610 0.375824 0.026030 0.026708
2223 0.864425 0.341485 0.041215 0.026708
3051 0.129881 0.271245 0.043926 0.027055
3032 0.866594 0.234998 0.049892 0.027402
123 0.896421 0.699965 0.015184 0.027749
485 0.879338 0.775581 0.036334 0.027749
1197 0.864967 0.279223 0.033623 0.028443
325 0.636659 0.306625 0.047722 0.031217
1427 0.640998 0.274367 0.042299 0.032605
4555 0.642896 0.220604 0.046095 0.033299
4532 0.131779 0.242109 0.046638 0.035380
