101 0.752334 0.243186 0.046162 0.010619
182 0.165975 0.214690 0.037344 0.010973
209 0.166494 0.232389 0.007261 0.011681
92 0.458247 0.280177 0.028527 0.015221
132 0.062759 0.658053 0.026971 0.016283
92 0.747666 0.494159 0.037863 0.016283
166 0.563278 0.780000 0.014523 0.016637
56 0.650415 0.701416 0.018672 0.017345
101 0.655342 0.222124 0.048237 0.017345
192 0.658714 0.260885 0.022822 0.017699
92 0.651193 0.612035 0.030602 0.017699
65 0.067687 0.461947 0.036826 0.017699
64 0.355031 0.739646 0.024378 0.018053
166 0.065353 0.895575 0.018672 0.018407
83 0.644969 0.850619 0.037863 0.018407
65 0.360737 0.843894 0.038900 0.018407
91 0.187500 0.146018 0.024378 0.018761
150 0.670902 0.279823 0.028527 0.018761
91 0.452801 0.824602 0.034232 0.018761
1002 0.748444 0.364425 0.061203 0.018761
56 0.553683 0.754336 0.017116 0.019115
64 0.553683 0.488850 0.023340 0.019115
91 0.745332 0.727080 0.032158 0.019115
92 0.552645 0.466195 0.032676 0.019115
56 0.453320 0.776106 0.014523 0.019469
162 0.172977 0.899292 0.025415 0.019469
92 0.357624 0.502478 0.035788 0.019469
93 0.358402 0.396283 0.045643 0.019469
56 0.257261 0.609558 0.019710 0.019823
65 0.560166 0.604956 0.034232 0.019823
72 0.250519 0.871504 0.037344 0.019823
1812 0.746888 0.699292 0.037344 0.020177
117 0.258558 0.267965 0.021266 0.020531
93 0.758299 0.263186 0.038382 0.020885
52 0.058091 0.511681 0.039419 0.020885
72 0.056535 0.843717 0.044606 0.020885
166 0.654305 0.329912 0.014004 0.021239
53 0.256743 0.893097 0.018672 0.021239
132 0.361255 0.696991 0.031639 0.021239
55 0.654046 0.364248 0.037344 0.021239
55 0.160788 0.511504 0.045643 0.021239
698 0.462915 0.341416 0.022303 0.021593
120 0.459284 0.517345 0.023340 0.021593
57 0.563278 0.201593 0.031120 0.021593
78 0.556535 0.521416 0.034232 0.021947
251 0.651971 0.638938 0.037344 0.021947
88 0.459544 0.170973 0.039419 0.021947
77 0.165975 0.729204 0.042531 0.021947
134 0.362293 0.710619 0.022303 0.022301
76 0.553683 0.179292 0.025415 0.022301
76 0.256224 0.730796 0.032158 0.022301
52 0.353475 0.891150 0.032676 0.022301
67 0.559388 0.629204 0.033714 0.022301
134 0.061722 0.671504 0.018672 0.022655
83 0.457988 0.456637 0.028008 0.022655
67 0.358143 0.867611 0.031639 0.022655
91 0.555498 0.361416 0.033195 0.022655
120 0.061981 0.178938 0.015041 0.023009
107 0.649378 0.801593 0.018672 0.023009
67 0.065353 0.486195 0.040456 0.023009
113 0.059647 0.156637 0.043568 0.023009
495 0.156380 0.858584 0.054461 0.023009
83 0.358662 0.197168 0.037863 0.023363
113 0.260892 0.121416 0.040456 0.023363
98 0.550311 0.891858 0.036307 0.023717
1365 0.381224 0.655929 0.030083 0.024071
55 0.558351 0.393628 0.034751 0.024071
55 0.754149 0.192566 0.036307 0.024071
84 0.356328 0.817699 0.039419 0.024071
72 0.253890 0.820885 0.042012 0.024071
642 0.450207 0.721416 0.042531 0.024071
126 0.456691 0.367788 0.043050 0.024071
76 0.255965 0.587080 0.034751 0.024425
113 0.059129 0.208673 0.041494 0.024425
55 0.063278 0.337522 0.045643 0.024425
121 0.647303 0.830265 0.045643 0.024425
56 0.160529 0.751150 0.024378 0.024779
251 0.453579 0.693097 0.033714 0.024779
83 0.354253 0.624779 0.041494 0.024779
113 0.257002 0.533451 0.042012 0.024779
127 0.556535 0.333805 0.042531 0.024779
126 0.360737 0.125310 0.043050 0.024779
108 0.161826 0.574336 0.014523 0.025133
66 0.556017 0.308496 0.022822 0.025133
91 0.658973 0.151681 0.030602 0.025133
113 0.053423 0.818584 0.042531 0.025133
93 0.458247 0.753982 0.037863 0.025487
86 0.170384 0.413628 0.034751 0.025841
68 0.064315 0.562124 0.009336 0.026195
119 0.455913 0.799292 0.022822 0.026195
108 0.653268 0.434867 0.017116 0.026549
85 0.259855 0.318053 0.022822 0.026549
76 0.059129 0.589204 0.031120 0.026549
107 0.558351 0.122124 0.029564 0.026903
78 0.259595 0.242124 0.032676 0.026903
376 0.185685 0.122832 0.037344 0.026903
81 0.256224 0.294867 0.038382 0.026903
1173 0.554201 0.233274 0.043050 0.026903
88 0.060944 0.273274 0.043050 0.026903
68 0.259595 0.560885 0.008817 0.027257
119 0.360477 0.267788 0.022822 0.027257
2598 0.158973 0.605841 0.027490 0.027257
78 0.357624 0.769027 0.032676 0.027257
1435 0.748703 0.463540 0.033714 0.027257
88 0.746629 0.793451 0.037863 0.027257
119 0.749741 0.862655 0.015041 0.027611
84 0.555239 0.575221 0.038900 0.027611
541 0.254668 0.402832 0.050830 0.027611
74 0.658454 0.124071 0.026452 0.027965
88 0.460062 0.544956 0.026971 0.027965
159 0.649896 0.309204 0.028008 0.027965
107 0.252593 0.848319 0.029046 0.027965
87 0.360996 0.333982 0.035270 0.027965
81 0.254409 0.706018 0.037863 0.027965
84 0.059129 0.434513 0.044606 0.027965
4402 0.454098 0.658584 0.046162 0.027965
85 0.752334 0.424779 0.019191 0.028319
91 0.453838 0.633628 0.028008 0.028319
84 0.257261 0.466903 0.039419 0.028319
119 0.557573 0.657522 0.020747 0.028673
118 0.351400 0.797345 0.021266 0.028673
87 0.552905 0.862832 0.025934 0.028673
4043 0.745851 0.828142 0.043568 0.028673
118 0.255705 0.759469 0.018672 0.029381
107 0.556535 0.690088 0.022822 0.029381
1282 0.254927 0.672743 0.048237 0.029381
118 0.553423 0.547611 0.017635 0.029735
111 0.754409 0.219469 0.020228 0.029735
85 0.065353 0.302655 0.024896 0.029735
118 0.162604 0.882832 0.026452 0.029735
53 0.052386 0.872566 0.028008 0.029735
1365 0.078579 0.624071 0.038900 0.029735
107 0.160529 0.635929 0.024378 0.030088
107 0.059129 0.535398 0.029046 0.030088
110 0.750519 0.392389 0.031120 0.030088
70 0.158973 0.666372 0.036826 0.030088
118 0.253631 0.636460 0.021784 0.030442
62 0.461618 0.432212 0.034232 0.030442
1534 0.750519 0.292743 0.040456 0.030442
2598 0.652490 0.466372 0.022822 0.030796
107 0.258558 0.432389 0.024378 0.030796
70 0.648081 0.540000 0.028527 0.030796
501 0.459284 0.255752 0.036826 0.030796
3754 0.056276 0.365487 0.038900 0.030796
2083 0.058869 0.757699 0.051349 0.030796
53 0.360477 0.526726 0.020747 0.031150
2599 0.187241 0.171681 0.023859 0.031150
71 0.753631 0.521062 0.035270 0.031150
3229 0.745073 0.763186 0.048237 0.031150
118 0.164160 0.380354 0.019191 0.031504
2598 0.056535 0.790265 0.024896 0.031504
75 0.165197 0.474159 0.038900 0.031504
1782 0.455135 0.887611 0.048237 0.031504
2894 0.755187 0.158407 0.048755 0.031504
68 0.562241 0.151504 0.007261 0.031858
62 0.361255 0.560708 0.036826 0.031858
71 0.755705 0.623363 0.038382 0.031858
366 0.158454 0.704779 0.046162 0.031858
118 0.748444 0.590619 0.012448 0.032212
118 0.644710 0.726549 0.022822 0.032212
51 0.460840 0.400177 0.032676 0.032212
2748 0.750000 0.559469 0.042531 0.032212
121 0.357624 0.366018 0.029564 0.032566
3735 0.255187 0.792743 0.035270 0.032920
501 0.359959 0.475752 0.037344 0.033274
1387 0.254927 0.504425 0.045124 0.033274
3735 0.459284 0.489735 0.034751 0.033628
1256 0.058351 0.727257 0.036826 0.033628
1579 0.656639 0.187080 0.042531 0.033628
2599 0.451504 0.852212 0.031639 0.034336
68 0.061981 0.124425 0.042012 0.034336
53 0.163382 0.447080 0.016598 0.034690
1547 0.745851 0.662655 0.046680 0.034690
68 0.752853 0.883009 0.044087 0.035044
2674 0.760373 0.122301 0.044606 0.035044
60 0.157158 0.824071 0.017635 0.035398
4253 0.460581 0.312920 0.045643 0.035398
1644 0.359180 0.163186 0.046162 0.035398
107 0.650934 0.502832 0.025934 0.035752
691 0.356587 0.594867 0.029564 0.035752
350 0.058610 0.402478 0.044606 0.036106
1443 0.649118 0.762478 0.047199 0.036106
53 0.062500 0.239469 0.018154 0.036460
87 0.164160 0.345664 0.031639 0.036460
3865 0.649637 0.674159 0.036826 0.036460
681 0.649637 0.882655 0.037863 0.036460
68 0.359180 0.300708 0.014004 0.037168
58 0.751815 0.328319 0.022303 0.037168
1814 0.156639 0.787788 0.042531 0.037168
2083 0.161307 0.306726 0.048755 0.037168
70 0.261411 0.156460 0.025934 0.037522
1365 0.358402 0.437699 0.040456 0.038584
2820 0.650415 0.583540 0.046680 0.038584
70 0.552386 0.724602 0.036307 0.038938
1443 0.159232 0.543009 0.047718 0.038938
1256 0.163122 0.266195 0.032676 0.040354
1365 0.460581 0.213982 0.039419 0.040708
1443 0.653786 0.399115 0.046162 0.040708
1917 0.359699 0.233274 0.040975 0.041062
1297 0.455654 0.593097 0.034751 0.041416
4397 0.549533 0.825310 0.037863 0.041416
322 0.259077 0.203540 0.039938 0.042478
1827 0.556795 0.272035 0.028527 0.042832
957 0.461359 0.132212 0.039938 0.042832
47 0.067946 0.693451 0.035270 0.043186
505 0.252075 0.364779 0.030083 0.046372
1129 0.552645 0.431504 0.037863 0.049558
