101 0.795177 0.228352 0.040466 0.008380
246 0.060144 0.833624 0.034922 0.008729
169 0.596452 0.637046 0.027716 0.010126
101 0.169069 0.484811 0.054324 0.010126
101 0.268847 0.510824 0.047672 0.011173
101 0.593681 0.778108 0.044346 0.011522
92 0.269124 0.880237 0.032705 0.011872
196 0.599778 0.883380 0.016630 0.012570
92 0.161585 0.741271 0.036031 0.012570
101 0.051829 0.315992 0.044900 0.012570
101 0.383592 0.884078 0.056541 0.012570
92 0.589523 0.531948 0.032705 0.012919
101 0.058481 0.477304 0.048226 0.013268
92 0.796009 0.513966 0.034368 0.013966
101 0.484756 0.766411 0.048226 0.013966
92 0.796840 0.679295 0.029379 0.014316
101 0.373337 0.251571 0.042683 0.014316
93 0.163803 0.639665 0.042683 0.014665
101 0.584812 0.138617 0.048780 0.014665
56 0.690133 0.358415 0.019956 0.015014
168 0.597838 0.619239 0.021619 0.016411
52 0.266630 0.424930 0.036585 0.016760
55 0.269678 0.818436 0.041574 0.016760
56 0.377217 0.828038 0.021619 0.017109
171 0.595067 0.551152 0.027162 0.017807
90 0.588137 0.756983 0.037694 0.018156
85 0.267738 0.629714 0.024390 0.018506
56 0.375831 0.268855 0.019956 0.018855
108 0.796840 0.734811 0.016075 0.019204
56 0.160477 0.336068 0.017184 0.019204
57 0.804047 0.851082 0.027162 0.019204
85 0.792683 0.178596 0.029933 0.019204
126 0.689856 0.741795 0.037140 0.019204
132 0.374723 0.162011 0.031042 0.019553
91 0.481153 0.194832 0.033259 0.019553
110 0.691242 0.379714 0.031042 0.019902
81 0.047949 0.263443 0.037140 0.019902
1365 0.613082 0.579609 0.029933 0.020251
111 0.692905 0.669518 0.024390 0.020601
55 0.796563 0.452689 0.037694 0.020601
81 0.691796 0.555691 0.038803 0.020601
166 0.284091 0.529504 0.008315 0.021299
148 0.592295 0.655552 0.029379 0.021299
132 0.590355 0.360161 0.029933 0.021299
91 0.378603 0.533694 0.034368 0.021299
91 0.796286 0.566515 0.034922 0.021299
88 0.795455 0.653806 0.037694 0.021299
77 0.477827 0.261348 0.038803 0.021299
55 0.695953 0.604923 0.048226 0.021299
126 0.796563 0.759777 0.033259 0.021648
88 0.268847 0.791550 0.039911 0.021648
55 0.696785 0.824372 0.042129 0.021648
88 0.062639 0.708101 0.044346 0.021648
113 0.372228 0.134777 0.053769 0.021648
83 0.692627 0.801501 0.032705 0.021997
77 0.589523 0.506110 0.038248 0.021997
120 0.063193 0.676676 0.018847 0.022346
91 0.584257 0.157821 0.034368 0.022346
88 0.377217 0.734637 0.034922 0.022346
1435 0.478936 0.315992 0.042129 0.022346
98 0.477273 0.345670 0.045455 0.022346
126 0.046840 0.197800 0.030488 0.022696
87 0.796563 0.826641 0.033259 0.022696
81 0.270510 0.659742 0.039911 0.022696
72 0.263581 0.484637 0.036031 0.023045
88 0.481153 0.644902 0.043237 0.023045
57 0.160754 0.141236 0.029933 0.023394
126 0.690687 0.301501 0.031042 0.023394
126 0.583703 0.235161 0.032151 0.023394
83 0.260532 0.332228 0.032151 0.023394
83 0.690410 0.405552 0.036031 0.023394
55 0.049335 0.340957 0.039911 0.023394
55 0.381098 0.562675 0.042683 0.023394
547 0.484479 0.506983 0.037694 0.023743
88 0.158537 0.842179 0.039911 0.023743
168 0.491685 0.783694 0.028825 0.024092
91 0.591186 0.431739 0.031596 0.024092
501 0.158259 0.712465 0.040466 0.024092
66 0.273282 0.150838 0.021064 0.024441
132 0.272450 0.172835 0.022727 0.024441
718 0.719789 0.431564 0.024945 0.024441
118 0.584812 0.108939 0.026608 0.024441
110 0.372228 0.226257 0.031596 0.024441
64 0.697339 0.850559 0.034368 0.024441
83 0.690133 0.579958 0.035477 0.024441
126 0.266630 0.603003 0.038803 0.024441
95 0.158259 0.308659 0.047118 0.024441
74 0.377494 0.342004 0.026608 0.024791
115 0.159091 0.574546 0.042129 0.024791
88 0.155765 0.271299 0.026608 0.025140
76 0.480599 0.572975 0.027716 0.025140
1365 0.293792 0.107193 0.032151 0.025140
57 0.055987 0.399092 0.034368 0.025140
83 0.264412 0.686453 0.035477 0.025140
91 0.380820 0.632682 0.038803 0.025140
55 0.378880 0.457751 0.043792 0.025140
113 0.584257 0.328561 0.045455 0.025140
85 0.691519 0.225384 0.020510 0.025489
718 0.396896 0.293820 0.029933 0.025489
1256 0.485865 0.846718 0.031596 0.025838
126 0.794623 0.153631 0.034922 0.025838
51 0.049889 0.227654 0.035477 0.025838
113 0.155765 0.107542 0.047672 0.025838
68 0.268570 0.303596 0.008315 0.026187
118 0.375554 0.430342 0.020510 0.026187
118 0.797672 0.873254 0.015521 0.026536
1415 0.797949 0.537360 0.042683 0.026536
84 0.479767 0.477479 0.033814 0.026885
85 0.592572 0.797137 0.019956 0.027235
83 0.150776 0.169344 0.032151 0.027235
88 0.792683 0.394902 0.035477 0.027235
90 0.479213 0.735684 0.039357 0.027235
78 0.796840 0.622381 0.028271 0.027584
501 0.153825 0.239700 0.039357 0.027584
2083 0.485310 0.876222 0.047118 0.027584
77 0.697339 0.519378 0.033259 0.028282
68 0.690410 0.330133 0.037140 0.028282
1282 0.162971 0.508554 0.047672 0.028282
87 0.265798 0.453911 0.037140 0.028631
978 0.594789 0.686103 0.037694 0.028631
118 0.474501 0.410440 0.025499 0.028980
90 0.378326 0.854923 0.038248 0.028980
85 0.475887 0.287011 0.018293 0.029330
83 0.160477 0.870461 0.018293 0.029330
111 0.690410 0.110335 0.023836 0.029330
118 0.049335 0.289804 0.029933 0.029330
268 0.159368 0.807612 0.037140 0.029330
3956 0.477273 0.442737 0.044346 0.029330
127 0.385255 0.367318 0.063193 0.029330
75 0.797949 0.422835 0.038248 0.030028
420 0.587306 0.265014 0.044900 0.030028
2083 0.381929 0.803073 0.053215 0.030028
1762 0.695122 0.146997 0.050998 0.030726
68 0.697616 0.879714 0.007206 0.031075
327 0.378603 0.772521 0.046563 0.031075
119 0.383038 0.702863 0.024390 0.031425
107 0.265521 0.391411 0.025499 0.031425
121 0.156596 0.367318 0.027162 0.031425
718 0.795177 0.482891 0.031596 0.031425
118 0.790188 0.212465 0.026053 0.031774
296 0.595344 0.860161 0.027716 0.031774
2904 0.800998 0.708275 0.037694 0.031774
327 0.264690 0.362954 0.043792 0.031774
68 0.494734 0.711941 0.008315 0.032123
83 0.793237 0.253142 0.018847 0.032123
718 0.049889 0.372730 0.033259 0.032472
1354 0.794346 0.289281 0.043237 0.032472
757 0.064024 0.754015 0.046009 0.032472
69 0.376386 0.110335 0.025499 0.032821
58 0.058481 0.549581 0.028271 0.032821
1762 0.270233 0.760475 0.049335 0.032821
53 0.794623 0.597242 0.018293 0.033170
70 0.794346 0.364001 0.026608 0.033170
718 0.265798 0.848115 0.037140 0.033520
87 0.480599 0.378317 0.031042 0.033869
115 0.055432 0.515538 0.043237 0.033869
1111 0.268016 0.273394 0.034922 0.034218
87 0.378049 0.399092 0.037694 0.034218
797 0.485033 0.811103 0.048780 0.034218
4039 0.482539 0.678771 0.051552 0.034218
3754 0.380266 0.595845 0.029933 0.034567
3735 0.062084 0.640887 0.036585 0.034567
1917 0.481984 0.539804 0.038248 0.034916
981 0.695953 0.483240 0.043792 0.034916
2172 0.047949 0.159218 0.052661 0.034916
83 0.158259 0.409043 0.020510 0.035265
78 0.589246 0.303596 0.028825 0.035265
1365 0.156319 0.203387 0.042129 0.035265
92 0.059867 0.867144 0.025499 0.035964
62 0.159645 0.608764 0.037694 0.035964
3754 0.592018 0.825768 0.027716 0.036313
731 0.801552 0.792598 0.046563 0.036313
1099 0.165466 0.451466 0.052661 0.036313
4064 0.381652 0.670566 0.039357 0.036662
4132 0.051275 0.114001 0.050443 0.036662
3687 0.793792 0.115049 0.050998 0.036662
1584 0.266075 0.566690 0.027716 0.037011
278 0.062084 0.797661 0.018847 0.038059
47 0.273559 0.194134 0.020510 0.038408
577 0.691796 0.638617 0.043237 0.038408
2714 0.686253 0.264316 0.045455 0.038408
4061 0.161308 0.771124 0.056541 0.038757
83 0.058481 0.593575 0.022727 0.039106
1880 0.373614 0.193436 0.026608 0.039106
119 0.161863 0.541376 0.035477 0.039455
2949 0.486696 0.612256 0.042129 0.039455
1099 0.058204 0.438024 0.047672 0.039455
2179 0.476718 0.228177 0.049889 0.039455
2208 0.267184 0.238827 0.046563 0.039804
1365 0.160200 0.675978 0.048780 0.039804
1354 0.268847 0.725559 0.048780 0.040503
1577 0.793792 0.327514 0.042129 0.041201
2191 0.595898 0.393855 0.043237 0.041201
577 0.378049 0.496159 0.047672 0.041201
1502 0.691796 0.189595 0.038803 0.041899
2191 0.485033 0.162011 0.042129 0.041899
1607 0.691242 0.776536 0.043237 0.041899
4166 0.586752 0.195705 0.050443 0.042249
296 0.594235 0.722067 0.024390 0.042598
4523 0.694013 0.703387 0.033259 0.042947
2179 0.589800 0.467528 0.057650 0.045391
3353 0.475333 0.120461 0.038248 0.046089
