209 0.651054 0.436007 0.015204 0.011263
128 0.369544 0.670137 0.018146 0.015358
132 0.652771 0.421672 0.026484 0.016724
196 0.084846 0.230887 0.022560 0.017406
92 0.178274 0.300171 0.033840 0.018089
57 0.282737 0.900512 0.035802 0.018771
129 0.091957 0.626962 0.022070 0.019113
81 0.370034 0.843686 0.039725 0.019113
92 0.178028 0.422014 0.028445 0.019454
120 0.646886 0.292491 0.020598 0.019795
101 0.461256 0.437884 0.052477 0.019795
92 0.079696 0.493003 0.032859 0.020137
57 0.653261 0.554437 0.035311 0.020137
81 0.555174 0.272867 0.040216 0.020137
81 0.086562 0.888908 0.033840 0.020819
52 0.081903 0.207679 0.039235 0.020819
129 0.560569 0.292491 0.027464 0.021160
52 0.277097 0.836177 0.043158 0.021160
57 0.370280 0.780375 0.032369 0.021502
92 0.552231 0.193003 0.039235 0.021502
55 0.742030 0.265017 0.043158 0.021502
92 0.742521 0.236177 0.033350 0.021843
52 0.645660 0.389761 0.033840 0.021843
55 0.084355 0.803754 0.051005 0.022526
55 0.082639 0.518771 0.051496 0.022526
64 0.461501 0.590614 0.024522 0.022867
126 0.181216 0.704266 0.050515 0.022867
76 0.085336 0.602730 0.035311 0.023208
92 0.275380 0.656314 0.039725 0.023208
120 0.740804 0.625768 0.020108 0.023549
76 0.645414 0.831911 0.030407 0.023549
81 0.362678 0.694027 0.040706 0.023549
57 0.650319 0.320819 0.031388 0.023891
57 0.747425 0.353584 0.034331 0.023891
93 0.085091 0.380546 0.035802 0.023891
83 0.266552 0.773379 0.038744 0.023891
64 0.270721 0.159727 0.025503 0.024573
66 0.086562 0.829522 0.028936 0.024915
81 0.183668 0.872867 0.039725 0.025597
88 0.366846 0.615529 0.042178 0.025597
56 0.740804 0.430546 0.045611 0.025597
56 0.266062 0.594027 0.046591 0.025597
88 0.269495 0.557338 0.023051 0.025939
76 0.371751 0.866212 0.035311 0.025939
115 0.466896 0.778157 0.041197 0.025939
88 0.086317 0.774573 0.025503 0.026280
76 0.363413 0.719283 0.031388 0.026280
81 0.178274 0.735324 0.031878 0.026280
83 0.187102 0.899147 0.036783 0.026280
56 0.362923 0.652389 0.042178 0.026280
55 0.084600 0.415188 0.043649 0.026280
77 0.745218 0.600853 0.043649 0.026280
83 0.461991 0.745051 0.031388 0.026621
65 0.746690 0.708532 0.036783 0.026621
84 0.266062 0.306485 0.042668 0.026621
1002 0.365375 0.363481 0.059833 0.026621
166 0.657185 0.773549 0.021579 0.026962
108 0.646395 0.895734 0.022560 0.026962
285 0.557626 0.685836 0.049044 0.026962
1003 0.364640 0.754096 0.064247 0.026962
504 0.579696 0.841297 0.025503 0.027304
1415 0.645905 0.703413 0.051005 0.027304
81 0.270966 0.345222 0.034821 0.027645
98 0.267778 0.438396 0.048063 0.027645
84 0.179009 0.450853 0.036292 0.027986
58 0.178764 0.487031 0.040706 0.027986
126 0.463708 0.666212 0.050515 0.027986
60 0.180481 0.629181 0.027464 0.028328
76 0.267533 0.409044 0.041687 0.028328
547 0.557381 0.518259 0.046591 0.028328
111 0.365620 0.200000 0.026974 0.028669
85 0.555174 0.439590 0.030407 0.028669
52 0.085336 0.576792 0.038254 0.028669
302 0.557626 0.755631 0.040216 0.028669
548 0.265571 0.275768 0.033840 0.029352
86 0.371260 0.506143 0.038254 0.029352
52 0.182688 0.842833 0.036783 0.029693
4034 0.742766 0.572526 0.037764 0.029693
60 0.462236 0.370137 0.042668 0.029693
66 0.458558 0.404437 0.029426 0.030034
119 0.646641 0.858532 0.020108 0.030375
119 0.368563 0.539420 0.022070 0.030375
91 0.267778 0.187543 0.034331 0.030375
166 0.088279 0.262799 0.016675 0.030717
87 0.647867 0.734983 0.031388 0.031058
87 0.367337 0.470819 0.036292 0.031058
84 0.361942 0.326109 0.038254 0.031058
95 0.745463 0.531911 0.040216 0.031058
58 0.084846 0.654437 0.042178 0.031058
118 0.742521 0.893174 0.020598 0.031399
98 0.740559 0.325597 0.045120 0.031399
111 0.745709 0.294710 0.024031 0.031741
74 0.737616 0.782765 0.029426 0.031741
1644 0.461501 0.708362 0.051005 0.031741
113 0.461501 0.856655 0.042178 0.032082
121 0.469103 0.890785 0.045611 0.032082
85 0.742521 0.202901 0.026484 0.032423
72 0.081658 0.349659 0.034821 0.032423
51 0.647131 0.804949 0.037764 0.032423
75 0.183178 0.561945 0.042668 0.032423
118 0.372732 0.895563 0.021579 0.032765
110 0.739088 0.737543 0.036292 0.032765
58 0.274644 0.375768 0.043158 0.032765
118 0.463953 0.557850 0.014713 0.033106
98 0.174841 0.232253 0.044630 0.033106
117 0.556155 0.373720 0.020598 0.033447
548 0.555174 0.643345 0.030407 0.033447
2593 0.641981 0.666894 0.033350 0.033447
117 0.649338 0.354096 0.019617 0.033788
123 0.175331 0.199147 0.023051 0.033788
87 0.647131 0.519625 0.033840 0.033788
51 0.368073 0.437372 0.039725 0.033788
1157 0.557136 0.721331 0.048063 0.033788
119 0.550025 0.407850 0.030897 0.034130
110 0.086562 0.859386 0.036783 0.034130
89 0.180481 0.527645 0.042178 0.034130
83 0.182688 0.800853 0.023051 0.034471
1078 0.364640 0.579693 0.053458 0.034471
51 0.368808 0.816382 0.038254 0.034812
87 0.741540 0.859727 0.039235 0.034812
68 0.086317 0.547611 0.012751 0.035154
117 0.181952 0.600853 0.025503 0.035154
118 0.561550 0.335666 0.028445 0.035154
118 0.640510 0.582765 0.035311 0.035836
70 0.555910 0.555119 0.035802 0.035836
107 0.270476 0.624232 0.024031 0.036177
2191 0.285189 0.867918 0.049534 0.036177
85 0.368073 0.397099 0.025012 0.036519
107 0.552967 0.161945 0.025012 0.037201
87 0.462727 0.521672 0.035802 0.037201
62 0.184404 0.765358 0.040216 0.037201
1827 0.455370 0.284642 0.035802 0.037543
71 0.276361 0.687031 0.040706 0.037543
1607 0.738597 0.394198 0.046101 0.037543
3956 0.267288 0.521502 0.049044 0.037543
552 0.559833 0.793515 0.054438 0.037543
117 0.178274 0.158874 0.025993 0.037884
417 0.363168 0.164334 0.055419 0.037884
83 0.644679 0.209556 0.025993 0.038908
83 0.175331 0.268601 0.026974 0.038908
509 0.085336 0.694369 0.036292 0.039249
127 0.746199 0.817577 0.048553 0.039932
254 0.645414 0.629181 0.050025 0.039932
1435 0.743747 0.495904 0.043649 0.040273
1917 0.273909 0.805802 0.046591 0.040273
58 0.465669 0.815188 0.030897 0.040614
296 0.743992 0.164164 0.032369 0.040956
60 0.746935 0.451706 0.029426 0.041980
85 0.368563 0.241468 0.036783 0.041980
2750 0.555419 0.601536 0.049534 0.041980
268 0.364885 0.287372 0.036292 0.042321
2750 0.265571 0.232423 0.046591 0.042321
1831 0.561305 0.887884 0.040706 0.042662
55 0.463217 0.245563 0.044630 0.042662
4053 0.263364 0.736007 0.050025 0.042662
2257 0.465179 0.330717 0.047572 0.043003
68 0.554684 0.223720 0.008828 0.044027
2305 0.085581 0.310068 0.048553 0.044027
119 0.552722 0.484642 0.032369 0.045051
680 0.645660 0.479863 0.036783 0.045051
1547 0.083619 0.733618 0.053458 0.045392
121 0.461746 0.628157 0.030897 0.046758
68 0.270231 0.473379 0.009809 0.047099
2191 0.183668 0.666724 0.047572 0.047440
1387 0.643453 0.165870 0.045120 0.047782
1917 0.645169 0.259556 0.041687 0.048123
3959 0.178519 0.389249 0.045120 0.048123
1917 0.079941 0.168430 0.046101 0.048805
4431 0.739333 0.670137 0.046591 0.049488
975 0.175086 0.338225 0.046101 0.050512
1387 0.459539 0.477986 0.048063 0.050853
1827 0.077734 0.456485 0.039725 0.051536
47 0.461010 0.179352 0.024522 0.065870
