246 0.288599 0.443321 0.041411 0.006278
101 0.391871 0.309731 0.042434 0.013952
91 0.581544 0.808685 0.033231 0.015696
64 0.581800 0.840251 0.023517 0.016045
92 0.188906 0.571155 0.032209 0.016393
92 0.382669 0.805546 0.033231 0.017091
92 0.576943 0.897803 0.031186 0.017440
101 0.090746 0.760377 0.055726 0.017440
92 0.481595 0.645797 0.032720 0.017789
91 0.285276 0.620858 0.028630 0.018137
92 0.775051 0.425881 0.031697 0.018137
166 0.296268 0.894489 0.016871 0.018486
57 0.584356 0.676491 0.029652 0.018486
49 0.098160 0.207185 0.018405 0.019533
52 0.581033 0.356819 0.032209 0.019533
91 0.774796 0.491803 0.035276 0.020230
91 0.682004 0.194105 0.034765 0.020579
91 0.384202 0.759156 0.034254 0.021277
101 0.284254 0.675794 0.053170 0.021277
57 0.490798 0.568190 0.033742 0.021625
120 0.673313 0.554412 0.020450 0.021974
56 0.583845 0.187653 0.016360 0.022323
120 0.289366 0.245553 0.018405 0.022323
56 0.196063 0.520056 0.019939 0.022323
92 0.777863 0.198465 0.034254 0.022323
52 0.765337 0.894315 0.036810 0.022323
52 0.584356 0.164981 0.037832 0.022323
64 0.094836 0.418905 0.025051 0.023021
698 0.196575 0.497384 0.029141 0.023021
76 0.188906 0.830485 0.030164 0.023021
55 0.484918 0.830136 0.039366 0.023021
93 0.095603 0.394140 0.041922 0.023021
132 0.290900 0.308511 0.027607 0.023369
52 0.767894 0.624172 0.027607 0.023369
91 0.383947 0.691489 0.032720 0.023369
101 0.094581 0.548134 0.050102 0.023369
120 0.674847 0.743286 0.014315 0.023718
108 0.684560 0.165330 0.019427 0.023718
91 0.197342 0.305895 0.030675 0.023718
83 0.191462 0.278165 0.034254 0.024067
84 0.764571 0.822288 0.037321 0.024067
98 0.578732 0.555459 0.040900 0.024067
86 0.679959 0.610220 0.043967 0.024067
252 0.383691 0.781130 0.048569 0.024067
83 0.671012 0.490408 0.029141 0.024416
83 0.287832 0.130799 0.035787 0.024416
91 0.194785 0.464946 0.036810 0.024416
121 0.672802 0.891873 0.044990 0.024416
56 0.387526 0.328741 0.017382 0.024765
81 0.486196 0.430241 0.037832 0.024765
83 0.391871 0.162365 0.038344 0.024765
52 0.489519 0.168818 0.037321 0.025113
85 0.769683 0.600105 0.011759 0.025462
110 0.094836 0.523369 0.033231 0.025462
53 0.581288 0.642135 0.016360 0.025811
111 0.189162 0.768399 0.026585 0.025811
85 0.581288 0.457796 0.025562 0.026160
698 0.194530 0.343390 0.033231 0.026160
57 0.099438 0.129229 0.042434 0.026160
83 0.281442 0.792117 0.035276 0.026509
98 0.766360 0.649459 0.038855 0.026509
107 0.583589 0.295605 0.023006 0.026857
316 0.768405 0.794384 0.055215 0.026857
118 0.583333 0.615277 0.025562 0.027206
74 0.389315 0.365539 0.026074 0.027206
1261 0.487474 0.539937 0.040389 0.027206
76 0.486196 0.326648 0.030675 0.027555
88 0.093814 0.573945 0.046524 0.027555
85 0.580266 0.864318 0.021472 0.027904
111 0.781442 0.130101 0.028119 0.027904
85 0.675613 0.579700 0.028119 0.027904
113 0.387014 0.543251 0.036810 0.028253
132 0.386247 0.572027 0.026074 0.028601
118 0.195041 0.856993 0.026074 0.028601
1406 0.778119 0.400767 0.031697 0.028601
60 0.187628 0.740844 0.035787 0.028601
126 0.193763 0.179979 0.047035 0.028601
88 0.285787 0.735787 0.020450 0.028950
62 0.382157 0.894489 0.032209 0.028950
51 0.681748 0.352459 0.034254 0.028950
87 0.778630 0.224625 0.026585 0.029299
366 0.772751 0.525985 0.040389 0.029299
118 0.582311 0.213987 0.017382 0.029648
53 0.191718 0.886467 0.018405 0.029648
107 0.574642 0.749390 0.029652 0.029648
84 0.579243 0.780433 0.035787 0.029648
1435 0.580521 0.528950 0.037321 0.029648
2083 0.285020 0.701604 0.048569 0.029648
88 0.089980 0.818975 0.029652 0.029997
2596 0.288088 0.589815 0.031186 0.029997
85 0.484918 0.793338 0.021984 0.030345
111 0.581800 0.486397 0.023517 0.030345
74 0.094070 0.445937 0.027607 0.030345
90 0.283487 0.649634 0.035276 0.030345
60 0.393661 0.196896 0.037832 0.030345
75 0.198364 0.635682 0.043967 0.030345
77 0.584356 0.429020 0.035787 0.030694
68 0.785276 0.250610 0.013292 0.031043
118 0.672546 0.864144 0.021984 0.031043
91 0.389059 0.394663 0.030675 0.031043
98 0.286043 0.865539 0.046524 0.031043
68 0.290389 0.760377 0.009202 0.031392
118 0.188650 0.548657 0.024540 0.031392
87 0.097648 0.241716 0.032720 0.031392
869 0.777607 0.288804 0.038855 0.031392
88 0.673824 0.771189 0.042945 0.031392
53 0.673569 0.640216 0.019939 0.031740
111 0.676125 0.314440 0.029141 0.031740
87 0.771984 0.761249 0.032720 0.031740
77 0.582822 0.585455 0.041922 0.031740
68 0.673824 0.462853 0.014315 0.032089
66 0.194530 0.604116 0.028119 0.032089
87 0.096370 0.322637 0.034254 0.032089
366 0.773262 0.460760 0.041411 0.032089
254 0.291922 0.516917 0.041922 0.032089
111 0.485685 0.857517 0.020450 0.032438
85 0.486196 0.356993 0.025562 0.032438
87 0.290900 0.273282 0.032720 0.032438
88 0.388548 0.512557 0.032720 0.032438
126 0.096626 0.648587 0.039877 0.032438
1354 0.378579 0.835891 0.040389 0.032438
62 0.196575 0.253401 0.035276 0.033136
123 0.194274 0.217300 0.020450 0.033484
111 0.671524 0.672131 0.028119 0.033484
1435 0.487474 0.399372 0.040389 0.033484
53 0.381135 0.864493 0.017894 0.033833
119 0.392127 0.472794 0.021472 0.033833
83 0.089724 0.884025 0.023006 0.033833
3735 0.675358 0.526160 0.036810 0.033833
1880 0.190695 0.801535 0.031697 0.034182
95 0.486708 0.891350 0.040900 0.034531
119 0.484663 0.755494 0.020450 0.034880
2885 0.767382 0.684339 0.028630 0.034880
3754 0.189928 0.673875 0.032209 0.034880
90 0.087935 0.733868 0.036810 0.034880
2599 0.583333 0.392222 0.034765 0.035228
87 0.587168 0.135856 0.037321 0.035228
1476 0.191207 0.708580 0.040900 0.035228
4252 0.486708 0.138123 0.037832 0.035577
82 0.586401 0.328915 0.053170 0.035577
758 0.770194 0.167771 0.054703 0.035577
1666 0.669479 0.713115 0.050613 0.035926
83 0.485685 0.461109 0.019427 0.036275
3984 0.376278 0.725497 0.043967 0.036275
553 0.394939 0.136031 0.047546 0.036275
126 0.490542 0.252703 0.041411 0.036624
3741 0.773773 0.368155 0.045501 0.036624
68 0.099693 0.848622 0.009202 0.036972
330 0.287065 0.215556 0.030164 0.036972
3089 0.292434 0.173352 0.046012 0.037670
81 0.482106 0.720091 0.035787 0.038019
3735 0.489775 0.293512 0.036810 0.038019
1584 0.091002 0.611441 0.027607 0.038368
1787 0.091513 0.783048 0.034765 0.038368
2191 0.588701 0.257238 0.037321 0.038716
119 0.682771 0.380188 0.020961 0.039065
3283 0.484663 0.506278 0.027607 0.039414
1871 0.676892 0.232473 0.049080 0.039414
3771 0.192740 0.376526 0.054192 0.039414
3283 0.288088 0.555807 0.025051 0.040112
3166 0.679959 0.279212 0.053170 0.040112
577 0.382157 0.655040 0.046524 0.040460
1700 0.387014 0.435298 0.052147 0.040460
1356 0.485429 0.681025 0.041411 0.040809
2254 0.772239 0.724625 0.048569 0.040809
2599 0.195297 0.425881 0.032720 0.041158
1443 0.684049 0.134984 0.054192 0.041158
2590 0.288599 0.479770 0.030164 0.041507
1584 0.093047 0.489885 0.036810 0.041507
121 0.390593 0.230555 0.030675 0.041856
121 0.091769 0.361353 0.033231 0.041856
1917 0.779908 0.321067 0.041411 0.042204
4090 0.283487 0.829090 0.034254 0.043251
1584 0.383436 0.612487 0.024540 0.043948
1947 0.770450 0.565051 0.040900 0.043948
1802 0.673824 0.425009 0.033742 0.044297
674 0.760736 0.860307 0.036810 0.044995
322 0.582566 0.716777 0.051636 0.045344
2918 0.095348 0.283397 0.045501 0.045692
626 0.288599 0.353680 0.037321 0.046041
488 0.095348 0.172131 0.048569 0.047088
976 0.493098 0.210324 0.036299 0.047436
296 0.484407 0.612313 0.030164 0.047785
2017 0.667434 0.821939 0.051636 0.049180
3818 0.286554 0.400593 0.053681 0.049180
90 0.388292 0.276945 0.046524 0.050227
3095 0.192485 0.140216 0.048569 0.050924
2727 0.090491 0.691489 0.053170 0.051273
