81 0.569787 0.146509 0.037556 0.012341
91 0.719451 0.162377 0.027466 0.015867
120 0.483464 0.173131 0.019619 0.016925
88 0.912276 0.152856 0.026345 0.017278
91 0.334641 0.118477 0.029148 0.017630
85 0.190583 0.140162 0.020179 0.017983
93 0.799608 0.144746 0.038677 0.017983
126 0.417321 0.147391 0.037556 0.019746
66 0.422926 0.107722 0.022982 0.020099
83 0.389294 0.194817 0.027466 0.020099
66 0.797646 0.096615 0.025785 0.020451
107 0.423487 0.129760 0.033072 0.020451
553 0.189462 0.119358 0.048206 0.020804
91 0.267096 0.168547 0.033072 0.021157
89 0.873318 0.196051 0.036996 0.021157
109 0.570348 0.128350 0.037556 0.021862
643 0.790078 0.162553 0.038677 0.021862
2601 0.417881 0.170839 0.039798 0.022214
58 0.420964 0.191819 0.026906 0.022567
119 0.870796 0.178244 0.020740 0.022920
70 0.482904 0.152151 0.027466 0.022920
60 0.540078 0.199224 0.017377 0.023272
70 0.190863 0.164845 0.037556 0.023625
87 0.867152 0.154795 0.031390 0.024683
249 0.720291 0.112130 0.039238 0.024683
978 0.190022 0.095205 0.049327 0.024683
1020 0.633128 0.150740 0.051009 0.025035
64 0.334641 0.095557 0.029148 0.025388
4440 0.914238 0.129584 0.051570 0.025740
2489 0.485987 0.098378 0.049327 0.026093
981 0.640415 0.097144 0.051009 0.026446
107 0.569507 0.169252 0.026906 0.026798
121 0.796244 0.121827 0.025224 0.027151
1083 0.268498 0.141749 0.044843 0.027504
512 0.271300 0.114951 0.058296 0.027504
699 0.908632 0.103667 0.040359 0.028914
3780 0.481783 0.126587 0.049888 0.028914
1041 0.632567 0.177362 0.054372 0.028914
1052 0.633408 0.123590 0.056054 0.029267
1396 0.720852 0.187236 0.053812 0.030324
2822 0.795123 0.186530 0.056614 0.030324
2155 0.721132 0.138047 0.047646 0.032793
68 0.545684 0.168900 0.008408 0.036671
