246 0.542373 0.875808 0.042615 0.006805
92 0.540678 0.888908 0.030508 0.012589
101 0.080630 0.671997 0.047942 0.012930
56 0.630508 0.683055 0.017433 0.013950
101 0.451090 0.457469 0.042131 0.014631
57 0.730266 0.361007 0.027119 0.016332
120 0.356416 0.677611 0.018402 0.016672
101 0.263923 0.241579 0.044552 0.017013
56 0.077966 0.491494 0.027119 0.017353
56 0.178450 0.470568 0.018886 0.017693
91 0.453511 0.727628 0.032446 0.018033
57 0.086199 0.690541 0.033898 0.018033
1173 0.108717 0.199388 0.031477 0.018374
698 0.261743 0.312011 0.031477 0.018374
56 0.358354 0.434161 0.017433 0.019054
92 0.449637 0.848248 0.032446 0.019054
91 0.542131 0.705342 0.030508 0.019735
76 0.627845 0.817795 0.025666 0.020075
91 0.719855 0.851140 0.034383 0.020075
49 0.078450 0.159238 0.014528 0.020415
92 0.449637 0.626404 0.027603 0.020415
91 0.264407 0.340252 0.031961 0.020415
91 0.627603 0.875978 0.028087 0.020755
120 0.541646 0.435182 0.017918 0.021096
49 0.083293 0.139163 0.019370 0.021096
91 0.727119 0.265737 0.031477 0.021096
93 0.266344 0.880912 0.035835 0.021096
56 0.718160 0.746172 0.037772 0.021096
1810 0.542615 0.677101 0.020823 0.021776
66 0.355206 0.352501 0.031477 0.021776
91 0.177240 0.621640 0.032930 0.021776
55 0.721308 0.879551 0.034383 0.021776
120 0.263923 0.659238 0.015496 0.022116
166 0.092494 0.541170 0.016465 0.022116
92 0.635351 0.181865 0.033898 0.022116
91 0.541889 0.492685 0.032930 0.022457
204 0.084262 0.237326 0.026150 0.022797
91 0.725666 0.521436 0.029540 0.022797
88 0.357869 0.323239 0.025182 0.023137
76 0.078692 0.847567 0.028571 0.023137
278 0.541889 0.858966 0.036804 0.023477
92 0.632930 0.482477 0.031961 0.023818
82 0.633898 0.663831 0.044552 0.023818
68 0.356659 0.592889 0.007264 0.024158
120 0.265133 0.175740 0.021792 0.024158
91 0.633172 0.364240 0.032446 0.024158
1173 0.177240 0.735794 0.037772 0.024158
1002 0.632688 0.511569 0.053753 0.024158
91 0.540678 0.298061 0.036320 0.024498
121 0.266828 0.858115 0.048426 0.024498
119 0.264407 0.552059 0.022276 0.024838
55 0.454479 0.557843 0.040194 0.024838
495 0.261985 0.586594 0.054237 0.025179
51 0.542857 0.523137 0.031961 0.025519
56 0.449153 0.436713 0.042131 0.025519
55 0.082324 0.296529 0.043584 0.025519
55 0.083777 0.577918 0.044552 0.025519
117 0.079419 0.878870 0.026150 0.025859
66 0.079419 0.364580 0.029056 0.026199
92 0.262228 0.683736 0.032446 0.026199
51 0.265133 0.526199 0.033414 0.026199
91 0.174576 0.325451 0.035351 0.026199
95 0.358354 0.143416 0.036804 0.026199
95 0.358838 0.457469 0.036804 0.026199
61 0.544794 0.764716 0.042615 0.026199
134 0.085230 0.258251 0.020339 0.026540
119 0.541404 0.549166 0.021308 0.026540
88 0.080630 0.468527 0.025666 0.026540
159 0.086683 0.519564 0.027119 0.026540
98 0.629056 0.794148 0.037772 0.026540
88 0.634867 0.261483 0.024213 0.026880
88 0.173850 0.251616 0.025182 0.026880
60 0.539467 0.142395 0.044552 0.026880
1810 0.541162 0.329023 0.026634 0.027220
85 0.358354 0.170126 0.027119 0.027220
85 0.267554 0.798911 0.027603 0.027220
501 0.176271 0.766247 0.038741 0.027220
88 0.455206 0.790235 0.030024 0.027560
111 0.543584 0.466145 0.021792 0.027901
92 0.179419 0.798571 0.024697 0.027901
76 0.176271 0.447431 0.036804 0.027901
70 0.452300 0.822559 0.032930 0.028241
3735 0.266102 0.832086 0.033414 0.028241
547 0.453269 0.267608 0.042615 0.028241
757 0.539952 0.831745 0.049395 0.028241
88 0.541646 0.231371 0.024697 0.028581
88 0.356174 0.785471 0.019855 0.028921
52 0.450847 0.341443 0.035835 0.028921
2595 0.727361 0.332256 0.036804 0.028921
109 0.357627 0.409833 0.041162 0.028921
96 0.359322 0.563627 0.041646 0.028921
127 0.081840 0.391800 0.052300 0.028921
123 0.630266 0.635590 0.016949 0.029262
111 0.172639 0.406601 0.022760 0.029262
119 0.540678 0.612113 0.022760 0.029262
74 0.545036 0.269139 0.032446 0.029262
62 0.723245 0.775094 0.036320 0.029262
83 0.079903 0.768459 0.022276 0.029602
68 0.542857 0.204491 0.008717 0.029942
118 0.447942 0.481797 0.022276 0.029942
74 0.635109 0.336169 0.029540 0.029942
2476 0.176755 0.878190 0.039709 0.029942
2600 0.173366 0.222865 0.044552 0.029942
1895 0.722276 0.717251 0.046973 0.029942
77 0.451332 0.403028 0.036804 0.030282
87 0.359564 0.654985 0.031477 0.030623
75 0.268765 0.766928 0.035835 0.030623
1083 0.266344 0.422593 0.041646 0.030623
126 0.543099 0.358455 0.037288 0.030963
2489 0.356174 0.494216 0.044068 0.030963
437 0.450847 0.760973 0.046489 0.030963
119 0.451332 0.875468 0.019370 0.031303
107 0.450121 0.371895 0.019855 0.031303
119 0.623487 0.846546 0.025666 0.031303
2253 0.632688 0.401837 0.043099 0.031303
58 0.268039 0.495747 0.043099 0.031303
121 0.544310 0.795679 0.035835 0.031643
62 0.542615 0.577748 0.036320 0.031984
1093 0.352542 0.245662 0.050363 0.031984
118 0.541889 0.170977 0.022276 0.032324
88 0.451574 0.225247 0.024697 0.032664
85 0.727361 0.637632 0.030024 0.032664
1214 0.729782 0.299422 0.041646 0.032664
119 0.357869 0.203641 0.024213 0.033004
95 0.265860 0.463253 0.038741 0.033004
4377 0.357869 0.709425 0.040678 0.033345
1645 0.720339 0.558693 0.044068 0.033345
63 0.362470 0.622150 0.044068 0.033685
68 0.357385 0.378020 0.012591 0.034025
71 0.454237 0.517183 0.039709 0.034025
4260 0.172639 0.187819 0.043099 0.034025
699 0.450847 0.190541 0.044552 0.034025
63 0.087409 0.646819 0.048910 0.034025
1020 0.718886 0.819326 0.050847 0.034025
2395 0.452785 0.660599 0.035835 0.034365
970 0.535835 0.738857 0.036320 0.034365
3665 0.725182 0.230180 0.038257 0.034365
121 0.728571 0.432800 0.031477 0.034706
2255 0.728814 0.192923 0.049395 0.034706
1358 0.629298 0.752807 0.031477 0.035046
1020 0.626877 0.717421 0.050847 0.035046
58 0.176029 0.497618 0.027603 0.035726
2396 0.357385 0.289044 0.051332 0.035726
3051 0.631477 0.594080 0.037772 0.036067
2255 0.730751 0.398095 0.046489 0.036067
979 0.173123 0.149371 0.046973 0.036067
74 0.176029 0.290065 0.027603 0.036407
4185 0.455448 0.697346 0.042131 0.036407
1579 0.261259 0.214359 0.040194 0.036747
1099 0.079903 0.428717 0.037772 0.037428
1644 0.358838 0.746342 0.046489 0.038448
90 0.076998 0.610242 0.049395 0.038448
123 0.356174 0.529432 0.018886 0.038789
721 0.173123 0.365771 0.036320 0.038789
1159 0.356416 0.871385 0.040678 0.038789
333 0.177240 0.703981 0.046489 0.038789
1584 0.178692 0.660939 0.032930 0.039129
653 0.725666 0.595441 0.031477 0.039469
3032 0.181598 0.543212 0.048426 0.039809
3698 0.260048 0.273733 0.050363 0.039809
718 0.634140 0.146308 0.033414 0.040150
1193 0.260775 0.145968 0.039225 0.040150
322 0.730024 0.146308 0.042131 0.040150
1562 0.544068 0.649200 0.050847 0.040150
83 0.631719 0.296529 0.024697 0.041170
718 0.077966 0.329534 0.032930 0.041170
1880 0.082567 0.730861 0.024697 0.041511
4052 0.541646 0.400817 0.049879 0.041511
3675 0.723245 0.679823 0.040194 0.042191
4532 0.629298 0.548826 0.044068 0.042191
718 0.450847 0.594250 0.032930 0.043212
83 0.355206 0.824430 0.020823 0.043552
83 0.449153 0.304525 0.024697 0.044913
1197 0.176998 0.586254 0.041162 0.044913
1917 0.261259 0.621130 0.040194 0.045253
3808 0.264407 0.728989 0.042615 0.045253
1145 0.637046 0.218101 0.040194 0.045594
1917 0.078692 0.814223 0.041162 0.045594
2850 0.453269 0.150221 0.053269 0.045934
2560 0.727845 0.484008 0.043584 0.046614
3394 0.180630 0.840422 0.037772 0.046955
4316 0.263923 0.384144 0.047458 0.046955
2056 0.633656 0.445219 0.045036 0.050017
