169 0.599778 0.717771 0.028825 0.008903
101 0.592018 0.324608 0.054324 0.008903
101 0.911308 0.886396 0.044346 0.012108
182 0.805710 0.635506 0.034922 0.013177
101 0.593681 0.734509 0.043237 0.013177
92 0.592572 0.523148 0.035477 0.014245
209 0.183204 0.592593 0.013858 0.014957
205 0.705654 0.670050 0.026608 0.015313
101 0.705931 0.892984 0.052661 0.015313
57 0.603381 0.889601 0.029379 0.015670
196 0.699834 0.173433 0.024945 0.016382
91 0.185698 0.840812 0.032151 0.016382
196 0.281596 0.766026 0.023282 0.017094
205 0.818182 0.651531 0.031042 0.018162
132 0.275499 0.814103 0.021064 0.018519
52 0.381375 0.233618 0.038803 0.018519
57 0.701497 0.297187 0.032705 0.018875
101 0.474224 0.313925 0.039357 0.018875
111 0.699834 0.818376 0.027162 0.019231
57 0.907428 0.176994 0.031042 0.019231
57 0.811253 0.278490 0.038248 0.019231
52 0.275776 0.742521 0.044900 0.019231
101 0.805710 0.566595 0.061530 0.019231
56 0.699002 0.537571 0.024390 0.019587
148 0.180710 0.429665 0.035477 0.019587
57 0.395787 0.888177 0.032151 0.019943
91 0.698725 0.232550 0.034922 0.019943
92 0.272450 0.371439 0.036031 0.019943
52 0.904102 0.319801 0.043237 0.019943
120 0.800998 0.859152 0.023282 0.020299
83 0.477550 0.691061 0.048226 0.020299
56 0.804324 0.169160 0.024390 0.020655
168 0.597838 0.696581 0.024945 0.020655
66 0.594235 0.816239 0.026608 0.020655
52 0.272727 0.341524 0.039911 0.020655
119 0.708426 0.791132 0.021064 0.021011
132 0.180432 0.448184 0.021619 0.021011
55 0.382206 0.259793 0.050443 0.021011
55 0.802106 0.674145 0.044346 0.021368
55 0.598392 0.756410 0.047118 0.021368
84 0.182650 0.890491 0.040466 0.021724
126 0.693736 0.449430 0.036031 0.022080
84 0.184867 0.721510 0.043792 0.022080
55 0.176829 0.365385 0.047672 0.022080
91 0.482262 0.383725 0.032151 0.022436
132 0.189302 0.573362 0.022727 0.022792
55 0.182650 0.782407 0.041574 0.022792
55 0.801552 0.886040 0.045455 0.022792
1173 0.591741 0.454416 0.046009 0.022792
718 0.199002 0.521902 0.023282 0.023148
56 0.170455 0.276531 0.028271 0.023148
126 0.478936 0.238426 0.033259 0.023148
132 0.276053 0.205128 0.031042 0.023504
126 0.173503 0.339031 0.035477 0.023504
92 0.804324 0.482550 0.036585 0.023504
91 0.906596 0.505342 0.037140 0.023504
127 0.605044 0.838675 0.060421 0.023504
642 0.901608 0.202457 0.042683 0.023860
111 0.801829 0.746439 0.024945 0.024217
118 0.480322 0.488782 0.021619 0.024573
91 0.383592 0.370192 0.033259 0.024573
67 0.807095 0.836360 0.043237 0.024573
88 0.907705 0.347400 0.049335 0.024573
111 0.802106 0.424145 0.026608 0.024929
56 0.381098 0.470976 0.019401 0.025285
1834 0.476996 0.134081 0.042683 0.025285
132 0.274113 0.599003 0.038248 0.025641
2151 0.805432 0.196225 0.041020 0.025641
2151 0.271341 0.462607 0.046009 0.025641
52 0.182373 0.696937 0.047672 0.025641
60 0.905211 0.823896 0.015521 0.025997
111 0.907151 0.373219 0.029379 0.026353
76 0.698448 0.508547 0.034368 0.026353
88 0.905488 0.576923 0.040466 0.026353
1799 0.181264 0.865741 0.042129 0.026353
2748 0.699279 0.764957 0.046009 0.026353
1834 0.275222 0.884972 0.048226 0.026353
53 0.484756 0.776175 0.020510 0.026709
85 0.269401 0.313925 0.021064 0.026709
83 0.586475 0.428241 0.034368 0.026709
88 0.377217 0.102742 0.042683 0.026709
88 0.481153 0.587073 0.043237 0.026709
77 0.384146 0.444444 0.034368 0.027066
83 0.582871 0.215812 0.036031 0.027066
86 0.487805 0.746795 0.038803 0.027066
83 0.381929 0.645655 0.039911 0.027066
72 0.385532 0.727920 0.041574 0.027066
126 0.169623 0.185541 0.043237 0.027066
72 0.480322 0.803419 0.044900 0.027066
111 0.484479 0.715990 0.025499 0.027422
113 0.389135 0.823896 0.047672 0.027422
366 0.277162 0.850605 0.047672 0.027422
166 0.595067 0.347222 0.022727 0.027778
718 0.829823 0.593305 0.028825 0.027778
111 0.909091 0.680912 0.032151 0.027778
83 0.270787 0.436254 0.039357 0.027778
84 0.585920 0.102564 0.039911 0.027778
2820 0.595898 0.863960 0.042129 0.027778
327 0.696508 0.844017 0.047118 0.027778
1827 0.614745 0.651531 0.027716 0.028134
76 0.476996 0.290064 0.029379 0.028134
110 0.801275 0.542557 0.034922 0.028134
90 0.695676 0.870905 0.041020 0.028134
68 0.478659 0.265670 0.021619 0.028490
118 0.698725 0.561966 0.023836 0.028490
148 0.275499 0.793091 0.031042 0.028490
2151 0.900776 0.102564 0.042129 0.028490
58 0.271619 0.141560 0.028825 0.028846
978 0.906042 0.711004 0.040466 0.028846
118 0.379712 0.172721 0.015521 0.029202
76 0.173226 0.250000 0.030488 0.029202
126 0.379989 0.571225 0.036031 0.029202
132 0.694845 0.728454 0.036031 0.029558
1799 0.376386 0.336004 0.043237 0.029558
148 0.185976 0.751781 0.036031 0.029915
87 0.381929 0.209046 0.036585 0.029915
1002 0.902439 0.472222 0.057650 0.029915
111 0.389135 0.759081 0.032151 0.030271
366 0.476441 0.523326 0.040466 0.030271
55 0.908259 0.613426 0.049335 0.030271
1002 0.694568 0.267628 0.059867 0.030271
119 0.595621 0.624288 0.021619 0.030627
118 0.376663 0.499288 0.023836 0.030627
68 0.391075 0.795228 0.034922 0.030627
90 0.587306 0.298789 0.041574 0.030627
316 0.911031 0.741453 0.046009 0.030627
495 0.803215 0.774573 0.060976 0.030627
64 0.699002 0.200321 0.039911 0.030983
88 0.271064 0.538996 0.039911 0.030983
68 0.905488 0.407051 0.012749 0.031339
76 0.698448 0.697650 0.029933 0.031339
66 0.800443 0.142806 0.032151 0.031339
718 0.593958 0.785434 0.033814 0.031695
327 0.804047 0.453526 0.044900 0.031695
87 0.185698 0.666311 0.033259 0.032051
122 0.909645 0.439103 0.034368 0.032051
259 0.695399 0.104345 0.041574 0.032051
68 0.802938 0.510684 0.049335 0.032051
3912 0.803769 0.393875 0.049889 0.032051
113 0.270787 0.567486 0.050443 0.032407
327 0.696508 0.478811 0.051552 0.032407
3754 0.176552 0.393162 0.032705 0.032764
87 0.480322 0.459046 0.037140 0.032764
121 0.481430 0.659544 0.040466 0.032764
118 0.804047 0.805377 0.023836 0.033120
2709 0.593126 0.592058 0.035477 0.033120
121 0.274945 0.675036 0.036585 0.033120
2697 0.801275 0.359865 0.038248 0.033120
2697 0.476441 0.169516 0.037140 0.033476
366 0.475887 0.105057 0.044900 0.033476
2820 0.271064 0.107728 0.047672 0.033832
2083 0.477273 0.556090 0.048780 0.034544
2726 0.382206 0.538818 0.048226 0.034900
53 0.392461 0.855235 0.023282 0.035256
3984 0.486142 0.881588 0.035477 0.035256
113 0.272727 0.173967 0.047672 0.035256
981 0.177106 0.303953 0.048226 0.035256
3786 0.687639 0.139779 0.052661 0.035256
3912 0.695953 0.417913 0.054878 0.035256
3912 0.175443 0.148682 0.057095 0.035256
87 0.275222 0.714744 0.038248 0.035613
2697 0.695122 0.381054 0.043237 0.035613
2744 0.382206 0.608974 0.049335 0.035613
1159 0.484756 0.835470 0.055987 0.035613
47 0.180155 0.485933 0.025499 0.035969
68 0.182650 0.217593 0.013858 0.036325
3754 0.696785 0.642806 0.033259 0.036325
3912 0.483370 0.206909 0.046563 0.036325
1666 0.583980 0.181268 0.047118 0.036325
87 0.380820 0.139423 0.035477 0.036681
2697 0.268847 0.240741 0.039911 0.037037
3942 0.595898 0.552707 0.050998 0.037037
107 0.803492 0.108084 0.032705 0.037393
3754 0.482816 0.626781 0.028825 0.037749
90 0.908814 0.861467 0.043792 0.037749
577 0.182927 0.811610 0.048780 0.037749
2697 0.171563 0.107194 0.038248 0.038462
385 0.268570 0.501068 0.044900 0.038462
971 0.480322 0.347044 0.041574 0.038818
577 0.906042 0.647258 0.044900 0.038818
3912 0.271619 0.281873 0.057650 0.038818
47 0.182650 0.471154 0.026053 0.039174
552 0.905765 0.243056 0.028825 0.039530
577 0.799335 0.709936 0.045455 0.039530
1796 0.694568 0.599359 0.049889 0.039886
3754 0.184867 0.621973 0.030488 0.040242
2295 0.389967 0.685719 0.051552 0.040242
1476 0.903825 0.288462 0.042683 0.040598
68 0.904933 0.779380 0.011641 0.041667
1827 0.589523 0.491097 0.030488 0.042023
1075 0.904656 0.139957 0.049889 0.042735
121 0.268570 0.400463 0.034922 0.043091
1587 0.585089 0.140491 0.039357 0.043091
296 0.381652 0.404558 0.029379 0.043447
3192 0.590909 0.390670 0.037694 0.043447
296 0.479490 0.417913 0.033259 0.043803
3136 0.587860 0.256766 0.034922 0.044160
2669 0.903271 0.542379 0.052661 0.044160
577 0.377772 0.298967 0.048226 0.044516
3136 0.274390 0.633547 0.036585 0.044872
2884 0.696508 0.335114 0.048226 0.045584
1075 0.808481 0.238426 0.050443 0.045940
2884 0.804324 0.314993 0.052106 0.048789
