128 0.498611 0.673502 0.011667 0.011769
209 0.397778 0.399073 0.018889 0.013552
101 0.708056 0.756776 0.053889 0.013552
200 0.502222 0.177068 0.036667 0.014622
101 0.918611 0.567939 0.049444 0.015335
188 0.491111 0.603959 0.034444 0.016049
188 0.494444 0.231098 0.028889 0.016405
101 0.706944 0.509986 0.052778 0.016405
132 0.920000 0.326498 0.024444 0.016762
56 0.605556 0.134451 0.021111 0.017118
83 0.601944 0.896576 0.036111 0.017118
162 0.400556 0.197040 0.027778 0.018188
166 0.713333 0.773181 0.017778 0.018545
56 0.601667 0.615371 0.020000 0.018902
188 0.191111 0.425999 0.027778 0.018902
132 0.812778 0.894793 0.027778 0.019258
101 0.916667 0.384094 0.051111 0.019258
92 0.603056 0.447753 0.037222 0.019615
88 0.604167 0.878745 0.040556 0.019971
92 0.287778 0.145863 0.041111 0.019971
91 0.813611 0.363588 0.035000 0.020328
91 0.188889 0.260164 0.036667 0.020328
88 0.394722 0.708809 0.037222 0.020328
91 0.814444 0.174929 0.037778 0.020328
66 0.489167 0.347004 0.027222 0.020685
57 0.288333 0.391583 0.028889 0.020685
60 0.490278 0.857347 0.030556 0.020685
92 0.603056 0.318117 0.036111 0.020685
148 0.712222 0.245364 0.037778 0.020685
56 0.187500 0.169223 0.026111 0.021041
120 0.287778 0.363588 0.026667 0.021041
56 0.286944 0.566690 0.022778 0.021398
56 0.706389 0.835235 0.028333 0.021398
132 0.710556 0.221826 0.031111 0.021398
64 0.390278 0.579708 0.019444 0.021755
93 0.603611 0.361448 0.036111 0.021755
55 0.394444 0.643545 0.044444 0.021755
132 0.500000 0.156919 0.027778 0.022111
1173 0.603056 0.382668 0.040556 0.022111
55 0.491389 0.281384 0.041667 0.022111
84 0.194167 0.743046 0.041667 0.022468
101 0.194444 0.613588 0.054444 0.022468
1415 0.601944 0.832739 0.037222 0.022825
55 0.488056 0.457917 0.045000 0.022825
88 0.705000 0.892653 0.046667 0.022825
88 0.603611 0.709700 0.047222 0.022825
203 0.396944 0.380350 0.033889 0.023181
91 0.189167 0.515514 0.037222 0.023181
88 0.603611 0.502318 0.045000 0.023181
91 0.916667 0.760699 0.036667 0.023538
203 0.492222 0.575963 0.037778 0.023538
88 0.810556 0.743581 0.045556 0.023538
55 0.488056 0.829173 0.048333 0.023538
91 0.491667 0.526213 0.033333 0.023894
91 0.188889 0.364658 0.036667 0.023894
127 0.492222 0.369650 0.046667 0.023894
118 0.286944 0.589872 0.016111 0.024251
120 0.813611 0.414408 0.029444 0.024251
132 0.182500 0.452568 0.032778 0.024251
72 0.598889 0.338088 0.036667 0.024251
113 0.915278 0.303138 0.042778 0.024251
55 0.914444 0.659772 0.043333 0.024251
547 0.192222 0.197753 0.043333 0.024608
115 0.598333 0.593260 0.044444 0.024608
55 0.191389 0.638909 0.051667 0.024608
126 0.490556 0.431883 0.041111 0.024964
83 0.601944 0.194900 0.029444 0.025321
70 0.600833 0.637839 0.030556 0.025321
91 0.288611 0.503388 0.037222 0.025321
81 0.810000 0.806170 0.040000 0.025321
547 0.705556 0.676712 0.043333 0.025321
118 0.393889 0.810628 0.017778 0.025678
85 0.290000 0.195078 0.020000 0.025678
132 0.191667 0.883381 0.022222 0.025678
55 0.285278 0.420471 0.051667 0.025678
885 0.604167 0.858060 0.052778 0.025678
111 0.918056 0.833987 0.028333 0.026034
132 0.490278 0.626070 0.030556 0.026034
76 0.394167 0.783345 0.031667 0.026034
132 0.490833 0.256598 0.032778 0.026034
51 0.813889 0.389622 0.034444 0.026034
83 0.284444 0.888195 0.035556 0.026034
77 0.492500 0.551177 0.038333 0.026034
132 0.710278 0.268902 0.025000 0.026391
76 0.284444 0.759629 0.034444 0.026391
86 0.817500 0.287268 0.032778 0.026748
2149 0.815556 0.147111 0.041111 0.026748
52 0.394167 0.347896 0.043889 0.026748
98 0.288056 0.170292 0.048333 0.026748
88 0.707778 0.647646 0.044444 0.027104
84 0.697222 0.528531 0.046667 0.027104
77 0.193889 0.588267 0.034444 0.027461
62 0.817222 0.233060 0.036667 0.027461
126 0.287778 0.655670 0.040000 0.027461
84 0.810278 0.509807 0.045000 0.027461
192 0.389722 0.420114 0.031667 0.027817
83 0.910556 0.889800 0.034444 0.027817
77 0.818056 0.205064 0.037222 0.027817
88 0.917222 0.439729 0.040000 0.027817
1579 0.912222 0.249643 0.048889 0.027817
1601 0.913333 0.863766 0.056667 0.027817
83 0.489444 0.797611 0.032222 0.028174
84 0.389722 0.549750 0.033889 0.028174
2710 0.813611 0.537981 0.040556 0.028174
68 0.290556 0.858060 0.011111 0.028531
90 0.912500 0.359486 0.040556 0.028531
91 0.806111 0.611270 0.043333 0.028531
2411 0.603611 0.565264 0.048333 0.028531
121 0.814722 0.259451 0.037222 0.028887
77 0.188333 0.139979 0.040000 0.028887
118 0.394444 0.286377 0.014444 0.029244
85 0.190278 0.392653 0.027222 0.029244
83 0.390833 0.221113 0.037222 0.029244
148 0.493056 0.200428 0.039444 0.029244
111 0.286944 0.306526 0.028333 0.029601
77 0.709722 0.191690 0.039444 0.029601
3735 0.605278 0.779066 0.045000 0.029601
111 0.193333 0.767832 0.027778 0.029957
90 0.702500 0.734665 0.041667 0.029957
108 0.920833 0.147468 0.020556 0.030314
1827 0.524444 0.105385 0.028889 0.030314
135 0.393333 0.448466 0.030000 0.030314
64 0.493056 0.652104 0.036111 0.030314
83 0.909444 0.630706 0.037778 0.030314
68 0.811389 0.680813 0.008333 0.030670
68 0.499444 0.765692 0.008889 0.030670
51 0.289167 0.337375 0.038333 0.030670
87 0.395556 0.144437 0.040000 0.030670
1706 0.600556 0.224679 0.045556 0.030670
2748 0.916667 0.472183 0.046667 0.030670
553 0.391667 0.107347 0.055556 0.030670
87 0.810556 0.776926 0.034444 0.031027
78 0.705278 0.807953 0.037222 0.031027
72 0.185556 0.334344 0.042222 0.031027
74 0.288889 0.829886 0.038889 0.031384
87 0.810833 0.871255 0.041667 0.031384
126 0.400833 0.887304 0.043889 0.031384
68 0.705278 0.451676 0.017222 0.031740
60 0.397778 0.167083 0.036667 0.031740
90 0.703333 0.481990 0.042222 0.031740
69 0.920833 0.280314 0.025000 0.032097
2151 0.393611 0.480029 0.042778 0.032097
119 0.284722 0.789408 0.025000 0.032454
76 0.806667 0.836840 0.030000 0.032454
1870 0.602222 0.472361 0.043333 0.032454
327 0.816389 0.113944 0.046111 0.032454
366 0.187222 0.481990 0.051111 0.032454
1579 0.913056 0.541904 0.052778 0.032454
121 0.491667 0.886591 0.034444 0.032810
1799 0.913333 0.728959 0.042222 0.032810
366 0.488333 0.402639 0.051111 0.032810
107 0.601111 0.290478 0.026667 0.033167
126 0.487778 0.696683 0.036667 0.033167
87 0.395556 0.317582 0.041111 0.033167
72 0.186667 0.233060 0.048889 0.033167
846 0.810000 0.643545 0.048889 0.033167
717 0.603889 0.533345 0.053333 0.033167
107 0.606389 0.109486 0.028333 0.033524
79 0.708056 0.371255 0.032778 0.033524
4775 0.604444 0.261412 0.048889 0.033524
53 0.706111 0.342546 0.021111 0.033880
1787 0.814444 0.443830 0.036667 0.033880
126 0.922222 0.179922 0.050000 0.033880
68 0.602778 0.809914 0.012222 0.034237
1456 0.287500 0.622325 0.047222 0.034237
68 0.601667 0.164408 0.015556 0.034950
3097 0.915833 0.508916 0.050556 0.034950
1456 0.918611 0.115193 0.056111 0.034950
68 0.708889 0.704529 0.007778 0.035307
118 0.706111 0.861270 0.023333 0.035663
3754 0.286944 0.231633 0.028333 0.036020
74 0.393889 0.608951 0.036667 0.036020
366 0.184722 0.110021 0.046111 0.036020
717 0.811389 0.714515 0.055000 0.036020
3754 0.918889 0.214337 0.032222 0.036377
121 0.287778 0.726106 0.036667 0.036377
87 0.394722 0.253923 0.037222 0.036377
3754 0.491667 0.492689 0.031111 0.036733
1799 0.390000 0.514444 0.046667 0.036733
113 0.189444 0.842546 0.047778 0.036733
3770 0.918333 0.596469 0.048889 0.036733
718 0.492500 0.315442 0.036111 0.037447
3754 0.287500 0.688659 0.032778 0.037803
2709 0.914167 0.406919 0.042778 0.037803
2191 0.199722 0.712019 0.039444 0.038160
577 0.190556 0.670649 0.050000 0.038160
4039 0.184722 0.296362 0.047222 0.038516
1760 0.490278 0.733417 0.042778 0.038873
464 0.706389 0.115371 0.058333 0.038873
296 0.288056 0.271398 0.036111 0.039230
577 0.392222 0.679743 0.042222 0.039230
1159 0.813889 0.574893 0.051111 0.039230
3754 0.285556 0.111091 0.030000 0.039586
1799 0.283611 0.535842 0.042778 0.039586
976 0.602222 0.742867 0.036667 0.039943
577 0.912778 0.692582 0.045556 0.039943
119 0.809722 0.481455 0.033889 0.040656
1827 0.602222 0.415656 0.032222 0.041013
988 0.707500 0.560984 0.047222 0.041369
4086 0.190000 0.804030 0.050000 0.042439
1456 0.395000 0.850214 0.053333 0.042796
577 0.284722 0.463802 0.048333 0.043153
4483 0.915556 0.801712 0.034444 0.043509
416 0.708056 0.156919 0.049444 0.043509
47 0.712778 0.405136 0.033333 0.044936
47 0.705833 0.299394 0.028333 0.045292
976 0.603333 0.675285 0.038889 0.045292
296 0.190000 0.555100 0.032222 0.046006
1460 0.810556 0.325071 0.046667 0.046006
4069 0.394722 0.746612 0.039444 0.046719
4708 0.708056 0.608060 0.045000 0.048502
