246 0.183605 0.487362 0.033689 0.004272
101 0.707748 0.444108 0.044357 0.010324
172 0.928972 0.128159 0.012914 0.014240
92 0.393880 0.700783 0.034250 0.015308
3690 0.919147 0.427554 0.022459 0.016376
596 0.509264 0.185475 0.025828 0.016376
52 0.474172 0.137059 0.028636 0.016376
92 0.813869 0.751869 0.034250 0.017800
92 0.187254 0.829299 0.037619 0.018156
57 0.399775 0.817373 0.030320 0.018512
55 0.921112 0.768601 0.042111 0.019224
55 0.710837 0.570132 0.050533 0.019580
168 0.195677 0.464578 0.024144 0.019936
52 0.283829 0.893200 0.038742 0.019936
91 0.391915 0.182449 0.037058 0.020292
55 0.188939 0.315949 0.048849 0.020292
56 0.488770 0.554290 0.021898 0.020648
57 0.921673 0.578498 0.024144 0.020648
126 0.473049 0.113208 0.026390 0.020648
57 0.711117 0.741189 0.030882 0.020648
55 0.183885 0.585440 0.047726 0.021004
57 0.608928 0.707369 0.030882 0.021360
91 0.186412 0.559986 0.034812 0.021360
113 0.601909 0.326451 0.050533 0.021360
93 0.511510 0.136169 0.030320 0.021716
52 0.389107 0.576540 0.041550 0.021716
85 0.919989 0.194375 0.018529 0.022072
91 0.186412 0.888216 0.033689 0.022072
91 0.283829 0.315771 0.035373 0.022072
52 0.605278 0.571378 0.035935 0.022072
88 0.604155 0.867569 0.040427 0.022072
98 0.600786 0.594874 0.049410 0.022072
56 0.708591 0.240121 0.024705 0.022428
52 0.814430 0.856711 0.035373 0.022428
56 0.393880 0.676931 0.051095 0.022428
52 0.186412 0.443930 0.040427 0.022784
166 0.611735 0.893022 0.017406 0.023140
85 0.601067 0.809363 0.026390 0.023140
88 0.604997 0.227305 0.039865 0.023140
81 0.286637 0.535956 0.039865 0.023140
111 0.495227 0.708081 0.026951 0.023496
81 0.816395 0.886436 0.039304 0.023496
52 0.816115 0.507298 0.039865 0.023496
84 0.600505 0.152367 0.040988 0.023496
81 0.282706 0.259167 0.044357 0.023496
259 0.184166 0.150231 0.047165 0.023496
107 0.920270 0.601816 0.023582 0.023852
132 0.603032 0.354753 0.031443 0.023852
76 0.598259 0.515664 0.033127 0.023852
76 0.918866 0.634923 0.033127 0.023852
88 0.815272 0.599324 0.042673 0.023852
126 0.277372 0.340869 0.046042 0.023852
95 0.711398 0.629227 0.047165 0.023852
87 0.286637 0.865433 0.033127 0.024208
76 0.812184 0.725525 0.034250 0.024208
259 0.600505 0.379850 0.052218 0.024208
88 0.510387 0.160733 0.019090 0.024564
83 0.816957 0.247597 0.039304 0.024564
56 0.820045 0.187077 0.043234 0.024564
104 0.606120 0.755963 0.044357 0.024564
55 0.491297 0.608936 0.044919 0.024564
132 0.928411 0.114276 0.030882 0.024920
76 0.185851 0.775721 0.032566 0.024920
83 0.474453 0.187433 0.014599 0.025276
118 0.489332 0.577430 0.012914 0.025632
121 0.468557 0.158775 0.023021 0.025632
4252 0.284391 0.723745 0.040988 0.025632
98 0.809657 0.532218 0.051656 0.025632
68 0.193431 0.253293 0.010668 0.025988
88 0.393599 0.347099 0.029197 0.026344
87 0.921673 0.288003 0.038742 0.026344
85 0.712802 0.536312 0.025267 0.026700
87 0.393880 0.606444 0.034250 0.026700
88 0.918304 0.738875 0.039865 0.026700
55 0.391072 0.445176 0.044357 0.026700
85 0.605278 0.617302 0.022459 0.027056
119 0.401460 0.723389 0.024705 0.027056
74 0.188097 0.855821 0.029197 0.027056
1435 0.282145 0.505518 0.037619 0.027056
87 0.188658 0.381986 0.038181 0.027056
88 0.488209 0.369883 0.039865 0.027056
83 0.183605 0.286579 0.043796 0.027056
76 0.706906 0.883410 0.025828 0.027412
91 0.707748 0.349769 0.033127 0.027412
76 0.281864 0.287113 0.035935 0.027412
2411 0.708310 0.312389 0.040988 0.027412
77 0.711398 0.214845 0.046042 0.027412
77 0.189781 0.676931 0.046042 0.027412
119 0.391915 0.318263 0.025828 0.027768
76 0.709152 0.110360 0.029197 0.027768
92 0.184728 0.411534 0.030320 0.027768
83 0.809096 0.349235 0.034812 0.027768
327 0.392757 0.380918 0.049972 0.027768
111 0.489893 0.820399 0.026390 0.028124
118 0.711960 0.684407 0.033689 0.028124
3735 0.286917 0.801531 0.034812 0.028124
77 0.922235 0.483268 0.035373 0.028124
87 0.392476 0.515664 0.038181 0.028124
88 0.286356 0.190637 0.048287 0.028124
95 0.389107 0.250801 0.049410 0.028124
68 0.817799 0.693841 0.010668 0.028480
85 0.185289 0.706657 0.020213 0.028480
53 0.604716 0.840513 0.023582 0.028480
126 0.816957 0.156639 0.031443 0.028480
330 0.817518 0.317017 0.031443 0.028836
58 0.396687 0.794411 0.033127 0.028836
126 0.603593 0.442684 0.044919 0.028836
127 0.612016 0.780883 0.051656 0.028836
118 0.710556 0.144179 0.014037 0.029192
53 0.920831 0.552154 0.019090 0.029192
85 0.813026 0.480954 0.022459 0.029192
126 0.184447 0.225703 0.040988 0.029192
2083 0.920831 0.257387 0.043796 0.029192
366 0.708871 0.184051 0.046603 0.029192
85 0.602751 0.545212 0.019652 0.029548
85 0.284952 0.472232 0.021898 0.029548
92 0.391072 0.547704 0.025267 0.029548
107 0.487367 0.466180 0.026951 0.029548
91 0.188097 0.806515 0.038181 0.029548
87 0.489332 0.404236 0.039865 0.029548
2083 0.399214 0.882342 0.053902 0.029548
118 0.919708 0.880384 0.020213 0.029904
77 0.713083 0.650409 0.042673 0.029904
706 0.602190 0.651121 0.047726 0.029904
2083 0.812465 0.446422 0.052779 0.029904
68 0.709994 0.849235 0.009545 0.030260
119 0.492420 0.850659 0.022459 0.030260
77 0.287198 0.441972 0.039865 0.030260
81 0.490174 0.785511 0.044919 0.030260
2083 0.489893 0.680847 0.045480 0.030260
76 0.706906 0.508722 0.035935 0.030616
51 0.814711 0.380384 0.034812 0.030972
126 0.918024 0.399608 0.034812 0.030972
720 0.919147 0.668387 0.040427 0.030972
68 0.492701 0.496974 0.011791 0.031328
53 0.710275 0.713777 0.023582 0.031328
1256 0.491297 0.224279 0.026951 0.031328
84 0.493262 0.881808 0.033127 0.031328
3786 0.183324 0.186899 0.048849 0.031328
107 0.814430 0.666251 0.024144 0.031684
119 0.490455 0.435564 0.026390 0.031684
2904 0.606682 0.682271 0.039865 0.031684
84 0.180517 0.117658 0.042111 0.031684
3665 0.705783 0.379672 0.043796 0.031684
58 0.389949 0.149875 0.030882 0.032040
58 0.599102 0.299395 0.037058 0.032040
1435 0.709433 0.598434 0.039865 0.032040
90 0.707748 0.416162 0.040988 0.032040
366 0.286917 0.609826 0.042673 0.032040
1415 0.287479 0.159487 0.049410 0.032040
1893 0.284952 0.689035 0.033127 0.032396
254 0.709994 0.772873 0.036496 0.032752
62 0.819483 0.220007 0.039865 0.032752
254 0.284672 0.374155 0.040427 0.032752
87 0.283268 0.229797 0.040988 0.033108
95 0.183605 0.649875 0.041550 0.033108
702 0.814149 0.778213 0.037058 0.033464
4431 0.184728 0.617302 0.044919 0.033464
1570 0.918304 0.325739 0.047726 0.033464
83 0.391634 0.412780 0.023021 0.033820
3754 0.185851 0.741723 0.029197 0.033820
2083 0.490174 0.257031 0.048287 0.034176
1666 0.284672 0.833037 0.049410 0.034176
76 0.490736 0.525988 0.031443 0.034532
118 0.921954 0.519580 0.031443 0.035244
2590 0.185289 0.524564 0.032566 0.035244
3813 0.917181 0.364365 0.042111 0.035244
1256 0.397249 0.850125 0.032004 0.035600
505 0.390511 0.643289 0.035373 0.035600
4064 0.393880 0.287113 0.038742 0.035956
2820 0.389669 0.115878 0.044919 0.035956
83 0.283549 0.570666 0.023582 0.036312
4260 0.602471 0.411178 0.026951 0.036312
2820 0.599663 0.265219 0.046042 0.036312
1559 0.816957 0.636169 0.047165 0.036312
505 0.483998 0.740655 0.038181 0.036668
366 0.918024 0.227305 0.042673 0.036668
4431 0.387704 0.220363 0.042111 0.037024
389 0.285514 0.410822 0.047726 0.037024
1137 0.916339 0.802599 0.044919 0.037380
1615 0.816676 0.282307 0.047726 0.037736
296 0.710837 0.471520 0.030320 0.038092
744 0.180517 0.349235 0.048849 0.038448
60 0.290848 0.759879 0.030320 0.038804
1470 0.601909 0.482556 0.051656 0.038804
1075 0.922796 0.158419 0.047726 0.039160
2820 0.393599 0.759345 0.050533 0.039160
744 0.386019 0.481666 0.051095 0.039160
577 0.490455 0.642755 0.045480 0.039516
1559 0.919147 0.450516 0.047165 0.039516
3754 0.491016 0.293877 0.035373 0.040228
3754 0.283268 0.118904 0.036496 0.040584
1787 0.709152 0.808651 0.037058 0.040940
63 0.818360 0.416340 0.054464 0.041652
1796 0.813307 0.817907 0.043234 0.042364
1309 0.922515 0.703987 0.047165 0.042364
36 0.818080 0.119794 0.050533 0.042364
296 0.600505 0.119616 0.029759 0.042720
2191 0.497473 0.336419 0.047165 0.043432
717 0.708029 0.277679 0.053902 0.043432
87 0.917743 0.844607 0.035373 0.043788
650 0.281864 0.647383 0.046042 0.043788
1115 0.599663 0.193129 0.034812 0.045924
2191 0.818641 0.567996 0.046042 0.048772
