209 0.173235 0.133778 0.012589 0.006320
246 0.677887 0.355162 0.054187 0.008778
128 0.263547 0.130091 0.019157 0.011587
101 0.881500 0.688027 0.047619 0.012289
209 0.376847 0.556531 0.013684 0.012640
101 0.883142 0.868153 0.048714 0.013694
188 0.793924 0.705056 0.032293 0.014747
101 0.271757 0.626931 0.050903 0.015098
128 0.267105 0.116397 0.017515 0.015801
56 0.172687 0.769663 0.020252 0.016854
204 0.176245 0.121313 0.030651 0.017205
92 0.261631 0.270541 0.040504 0.018610
52 0.160920 0.386236 0.039409 0.019663
92 0.165025 0.624649 0.039956 0.019663
91 0.682266 0.538799 0.035577 0.020014
91 0.682813 0.731566 0.035577 0.020014
91 0.158456 0.274579 0.035577 0.020365
126 0.365079 0.440660 0.043788 0.020365
204 0.377942 0.539853 0.027915 0.020716
57 0.890805 0.189080 0.032293 0.020716
52 0.579912 0.757198 0.043240 0.020716
57 0.581554 0.431531 0.032293 0.021067
85 0.270115 0.570576 0.036672 0.021067
91 0.883142 0.595857 0.036672 0.021067
98 0.683087 0.706461 0.045977 0.021067
55 0.883415 0.819874 0.047072 0.021067
52 0.883689 0.386060 0.041051 0.021419
65 0.371100 0.120611 0.044882 0.021419
57 0.166119 0.535463 0.034483 0.021770
76 0.577723 0.631671 0.035577 0.021770
126 0.577449 0.459270 0.048166 0.021770
881 0.476738 0.850597 0.036125 0.022823
127 0.884784 0.571103 0.051998 0.022823
49 0.262178 0.148174 0.020799 0.023174
132 0.790914 0.727879 0.030651 0.023174
93 0.888342 0.887465 0.044882 0.023525
953 0.681992 0.613588 0.048166 0.023525
56 0.577449 0.193469 0.024083 0.023876
56 0.168035 0.851299 0.020799 0.024228
66 0.782704 0.166959 0.031746 0.024228
91 0.365627 0.314782 0.039409 0.024228
953 0.470443 0.165555 0.048714 0.024228
2423 0.375479 0.753687 0.052545 0.024228
56 0.786262 0.301966 0.023536 0.024579
85 0.687192 0.813202 0.029009 0.024579
66 0.575260 0.380267 0.030651 0.024579
113 0.373290 0.679073 0.043788 0.024579
68 0.588944 0.481917 0.008758 0.024930
66 0.361795 0.252985 0.030651 0.024930
92 0.680350 0.754389 0.040504 0.024930
55 0.265463 0.214712 0.049261 0.024930
66 0.884236 0.546348 0.031199 0.025281
66 0.577997 0.551966 0.032841 0.025281
76 0.470717 0.353230 0.036125 0.025281
120 0.364258 0.181004 0.027915 0.025632
1002 0.678708 0.274754 0.064587 0.025632
68 0.582923 0.602879 0.013136 0.025983
77 0.886700 0.407303 0.038314 0.025983
95 0.581828 0.781601 0.049261 0.025983
113 0.676245 0.120787 0.049808 0.025983
86 0.794745 0.652739 0.052545 0.025983
69 0.381773 0.653265 0.025725 0.026334
88 0.785167 0.234726 0.027915 0.026334
89 0.165572 0.747367 0.047619 0.026334
118 0.574986 0.219452 0.019157 0.026685
118 0.785441 0.854986 0.020799 0.026685
85 0.785167 0.406952 0.031199 0.026685
88 0.683634 0.644312 0.033935 0.026685
85 0.582923 0.728230 0.033935 0.026685
325 0.374658 0.882022 0.048714 0.026685
55 0.579639 0.662570 0.051450 0.026685
66 0.157088 0.212956 0.030651 0.027037
85 0.785441 0.586201 0.032841 0.027037
95 0.787630 0.794066 0.042693 0.027037
87 0.884236 0.356742 0.036672 0.027388
127 0.575807 0.405197 0.040504 0.027388
52 0.582923 0.812851 0.042693 0.027388
127 0.581828 0.577247 0.053640 0.027388
88 0.473454 0.202072 0.030651 0.027739
107 0.363437 0.281426 0.039409 0.027739
74 0.883142 0.716819 0.041051 0.027739
119 0.160646 0.414677 0.020252 0.028090
58 0.274220 0.885183 0.027367 0.028090
66 0.166119 0.682584 0.032293 0.028090
115 0.878489 0.665730 0.049261 0.028090
501 0.882047 0.516678 0.044335 0.028441
1173 0.883689 0.479459 0.049808 0.028441
66 0.163930 0.563904 0.032293 0.028792
74 0.271757 0.707163 0.034483 0.028792
58 0.785167 0.822331 0.034483 0.028792
74 0.371100 0.587079 0.038314 0.028792
2590 0.683634 0.879565 0.038314 0.028792
68 0.578818 0.255091 0.011494 0.029143
111 0.264641 0.242100 0.027915 0.029143
111 0.784620 0.617451 0.029009 0.029143
107 0.159551 0.241397 0.042146 0.029143
87 0.166119 0.652212 0.043240 0.029143
82 0.278051 0.854108 0.050356 0.029143
88 0.680898 0.239817 0.026273 0.029494
1083 0.886426 0.159761 0.046524 0.029494
85 0.266831 0.180653 0.031199 0.029846
88 0.480569 0.883603 0.044882 0.029846
259 0.471538 0.505442 0.059661 0.029846
53 0.783525 0.681531 0.024631 0.030197
118 0.265463 0.371664 0.014231 0.030548
88 0.269568 0.535288 0.033388 0.030548
88 0.680350 0.426440 0.033935 0.030548
87 0.269568 0.601650 0.038862 0.030548
1415 0.273946 0.816538 0.051998 0.030548
67 0.373290 0.153441 0.048166 0.030899
111 0.884784 0.842521 0.024631 0.031250
117 0.582102 0.838659 0.029009 0.031250
121 0.784893 0.883251 0.040504 0.031250
53 0.784893 0.372191 0.022989 0.031601
1455 0.682813 0.786166 0.066229 0.031601
118 0.162014 0.880442 0.027367 0.031952
111 0.785167 0.435920 0.029009 0.031952
264 0.678982 0.473139 0.050903 0.031952
118 0.471538 0.383427 0.018062 0.032303
85 0.273125 0.774228 0.027367 0.032303
110 0.164204 0.597963 0.041598 0.032303
1747 0.782978 0.272472 0.054187 0.032303
83 0.573892 0.291959 0.020252 0.032654
1296 0.680350 0.845330 0.047072 0.032654
111 0.879858 0.440660 0.027915 0.033006
121 0.166667 0.713659 0.034483 0.033357
1435 0.786809 0.762816 0.041051 0.033357
88 0.157909 0.355162 0.046524 0.033357
411 0.677614 0.511412 0.056924 0.033357
71 0.267926 0.400105 0.058566 0.033357
2177 0.365079 0.216819 0.065681 0.033357
118 0.782430 0.205407 0.019157 0.033708
53 0.678708 0.149930 0.021894 0.033708
68 0.267378 0.338132 0.042146 0.033708
53 0.473727 0.424333 0.022441 0.034059
71 0.268199 0.298982 0.047072 0.034059
51 0.685276 0.678371 0.038314 0.034410
1187 0.474275 0.679073 0.044335 0.034410
4284 0.375205 0.784761 0.048714 0.034410
98 0.368911 0.509656 0.043788 0.034761
126 0.886152 0.791257 0.050356 0.034761
4285 0.372469 0.852001 0.057471 0.034761
2471 0.880952 0.127107 0.055282 0.035112
2707 0.161193 0.502985 0.037767 0.035463
1353 0.367542 0.470681 0.043240 0.035463
126 0.475096 0.543013 0.045977 0.035463
53 0.374384 0.622542 0.020799 0.035815
54 0.579639 0.516854 0.047072 0.035815
1587 0.785714 0.484551 0.051998 0.035815
118 0.477011 0.281074 0.031199 0.036166
121 0.785441 0.336201 0.032841 0.036166
126 0.888342 0.278617 0.044882 0.036166
121 0.784072 0.514923 0.037767 0.036868
53 0.779420 0.555829 0.032841 0.037219
121 0.474001 0.313378 0.038314 0.037570
2233 0.477011 0.721383 0.042146 0.037570
1697 0.363437 0.402212 0.060208 0.037570
2590 0.679529 0.391503 0.033388 0.038624
121 0.881773 0.751756 0.035030 0.038624
121 0.272578 0.740871 0.039409 0.038624
3778 0.576902 0.695225 0.051450 0.038624
1666 0.467707 0.239115 0.057471 0.038624
81 0.883689 0.321980 0.043240 0.039326
1359 0.376574 0.816713 0.058019 0.039326
83 0.267652 0.660639 0.024083 0.039677
4328 0.474548 0.125176 0.056924 0.039677
83 0.472085 0.635183 0.025725 0.040028
1279 0.478927 0.761587 0.052545 0.042135
92 0.680077 0.314080 0.026820 0.042486
4328 0.679803 0.582338 0.055829 0.042486
322 0.784620 0.132198 0.051998 0.043188
957 0.264641 0.497367 0.054187 0.043188
58 0.471812 0.461728 0.036125 0.043539
3353 0.162562 0.460323 0.042693 0.044242
653 0.373837 0.718574 0.048166 0.045295
1480 0.882868 0.630091 0.050356 0.045295
2161 0.677614 0.201896 0.056924 0.045646
3184 0.157635 0.315836 0.047072 0.045997
4528 0.266284 0.446629 0.037767 0.048455
3414 0.363437 0.358146 0.054735 0.049157
753 0.885605 0.232093 0.060208 0.049157
3514 0.167761 0.807935 0.051998 0.049860
520 0.478106 0.812149 0.046524 0.050562
2473 0.577723 0.340414 0.068418 0.051615
2017 0.477559 0.588308 0.054187 0.054424
47 0.586481 0.867978 0.041051 0.054775
2473 0.161193 0.174333 0.061850 0.055126
48 0.583470 0.140625 0.040504 0.067065
