169 0.386189 0.274966 0.040921 0.011628
128 0.090537 0.323016 0.021483 0.011970
188 0.375448 0.297709 0.027621 0.011970
101 0.189003 0.520520 0.050639 0.012312
162 0.683120 0.750171 0.030179 0.012654
92 0.484655 0.712380 0.033248 0.013680
132 0.297954 0.806943 0.020972 0.014022
128 0.677238 0.129275 0.013299 0.014364
57 0.489258 0.793434 0.030179 0.014364
146 0.582353 0.173906 0.025064 0.014706
196 0.389770 0.549932 0.025575 0.015732
196 0.487468 0.172196 0.023529 0.016074
200 0.289770 0.178181 0.033248 0.016416
52 0.669821 0.666211 0.039386 0.016416
101 0.673657 0.150821 0.054220 0.016416
132 0.376726 0.314637 0.020972 0.017100
101 0.281330 0.299419 0.048082 0.017442
132 0.288491 0.162449 0.028645 0.017784
57 0.775959 0.831737 0.032737 0.017784
92 0.092839 0.793776 0.035294 0.017784
60 0.672634 0.549077 0.036829 0.018126
101 0.767008 0.670999 0.054731 0.018468
101 0.089514 0.502565 0.053197 0.018810
120 0.770588 0.538988 0.019949 0.019152
64 0.671100 0.112004 0.030691 0.019494
56 0.772634 0.560876 0.019949 0.019836
57 0.586189 0.797538 0.035806 0.019836
56 0.578772 0.681601 0.045524 0.019836
56 0.579284 0.424590 0.023018 0.020178
57 0.773657 0.327120 0.027110 0.020178
57 0.188235 0.300787 0.033760 0.020178
166 0.673913 0.769494 0.013811 0.020520
168 0.387212 0.261628 0.030691 0.020520
83 0.384655 0.798222 0.032737 0.020520
148 0.280307 0.200752 0.035806 0.020520
55 0.485678 0.649624 0.046547 0.020862
91 0.191560 0.541382 0.037340 0.021204
65 0.290537 0.666040 0.034783 0.021546
65 0.387980 0.404754 0.042455 0.021546
117 0.288235 0.609439 0.023018 0.021888
132 0.578005 0.523940 0.024552 0.021888
117 0.383376 0.346785 0.025064 0.021888
52 0.382864 0.459302 0.037340 0.021888
56 0.088491 0.481874 0.045013 0.021888
547 0.485422 0.458960 0.047059 0.021888
86 0.677238 0.254446 0.048082 0.021888
2748 0.677749 0.854651 0.050128 0.021888
98 0.479795 0.148940 0.048082 0.022230
113 0.282609 0.483584 0.046547 0.022572
93 0.197187 0.728112 0.047570 0.022572
55 0.676215 0.528215 0.042967 0.022914
55 0.195396 0.756669 0.047059 0.022914
119 0.580563 0.703488 0.022506 0.023256
87 0.388747 0.861491 0.039898 0.023256
87 0.773913 0.808311 0.037852 0.023598
88 0.486701 0.857387 0.033248 0.023940
52 0.770588 0.356019 0.037340 0.023940
501 0.483887 0.772914 0.039898 0.023940
55 0.382097 0.117647 0.047059 0.023940
55 0.672890 0.447674 0.048593 0.023940
86 0.285678 0.323871 0.049616 0.023940
117 0.480563 0.308653 0.023018 0.024282
127 0.771100 0.717681 0.047570 0.024282
495 0.478005 0.281293 0.061893 0.024282
68 0.580563 0.397743 0.009207 0.024624
117 0.577749 0.369015 0.023018 0.024624
84 0.281586 0.375855 0.048593 0.024624
118 0.772634 0.853454 0.016880 0.024966
85 0.674680 0.306943 0.028645 0.024966
52 0.382097 0.147572 0.038875 0.024966
55 0.581841 0.738885 0.048593 0.024966
55 0.772379 0.617476 0.051151 0.024966
66 0.767008 0.692886 0.028133 0.025308
135 0.583376 0.197674 0.029156 0.025308
76 0.482609 0.585670 0.030179 0.025650
67 0.291304 0.692373 0.039386 0.025650
52 0.672890 0.472811 0.047570 0.025650
166 0.297954 0.860807 0.016880 0.025992
91 0.085166 0.234952 0.034271 0.025992
137 0.677238 0.733584 0.034783 0.025992
67 0.387212 0.432969 0.041944 0.025992
111 0.196675 0.823016 0.027110 0.026334
66 0.574680 0.311389 0.028133 0.026334
83 0.483376 0.516929 0.039898 0.026334
52 0.284399 0.718194 0.042967 0.026676
87 0.676726 0.603454 0.035806 0.027018
115 0.186957 0.195451 0.040409 0.027018
828 0.573402 0.458447 0.042967 0.027018
118 0.770588 0.584986 0.020972 0.027702
117 0.086957 0.127052 0.024552 0.027702
718 0.293606 0.120896 0.028645 0.027702
83 0.669821 0.499829 0.037340 0.027702
4109 0.089770 0.729651 0.052685 0.027702
718 0.395908 0.222982 0.029668 0.028044
111 0.281330 0.404241 0.030691 0.028044
118 0.283120 0.508379 0.017903 0.028386
718 0.107417 0.639364 0.023529 0.028386
87 0.291304 0.828488 0.042455 0.028386
547 0.186445 0.124316 0.048593 0.028386
1644 0.082097 0.412620 0.052685 0.028386
68 0.674680 0.380643 0.014322 0.028728
119 0.771867 0.784200 0.018414 0.028728
111 0.187468 0.378933 0.029156 0.028728
98 0.284910 0.639877 0.047059 0.028728
85 0.287724 0.576436 0.029156 0.029070
55 0.578005 0.237859 0.045013 0.029070
127 0.674169 0.277189 0.046036 0.029070
98 0.379795 0.376710 0.049616 0.029070
166 0.485422 0.203146 0.017391 0.029412
85 0.583632 0.617989 0.028645 0.029412
1365 0.409207 0.583447 0.033760 0.029412
76 0.190793 0.662107 0.034783 0.029412
93 0.584399 0.649795 0.039386 0.029412
95 0.772123 0.383037 0.040409 0.029412
638 0.478261 0.420999 0.045013 0.029412
127 0.582097 0.336525 0.051151 0.029412
66 0.285166 0.782319 0.033248 0.029754
68 0.481330 0.488372 0.010230 0.030096
85 0.280818 0.267784 0.020460 0.030096
82 0.092839 0.302668 0.049616 0.030096
108 0.085166 0.344220 0.020972 0.030438
60 0.189770 0.442715 0.025575 0.030438
87 0.190026 0.410910 0.035294 0.030438
70 0.481330 0.612688 0.037852 0.030438
126 0.088235 0.381498 0.045524 0.030438
127 0.676726 0.573700 0.049105 0.030438
3956 0.195652 0.857216 0.052685 0.030438
66 0.385166 0.666211 0.031714 0.030780
76 0.279028 0.237004 0.038363 0.030780
107 0.769821 0.645862 0.026598 0.031122
119 0.098721 0.860123 0.020460 0.031464
77 0.580051 0.492134 0.038875 0.031464
53 0.280307 0.353796 0.026598 0.031806
1644 0.381074 0.703317 0.049105 0.031806
107 0.286957 0.751026 0.027621 0.032148
78 0.581586 0.557114 0.033760 0.032148
1365 0.697187 0.701436 0.038875 0.032148
81 0.577494 0.590629 0.042967 0.032148
83 0.385166 0.734952 0.021483 0.032832
119 0.089003 0.606019 0.025575 0.032832
119 0.089770 0.525992 0.026087 0.032832
118 0.769054 0.162449 0.020972 0.033516
4109 0.767008 0.246238 0.050639 0.033516
83 0.668798 0.414159 0.024041 0.034200
107 0.383120 0.486662 0.030691 0.034200
121 0.582097 0.769494 0.033760 0.034200
366 0.383376 0.633379 0.049616 0.034200
2678 0.478517 0.379617 0.053708 0.034200
119 0.087212 0.158516 0.024041 0.034542
1387 0.383887 0.768639 0.050639 0.034542
119 0.478517 0.338577 0.028133 0.034884
2685 0.091560 0.269836 0.038875 0.034884
1365 0.489003 0.744186 0.053197 0.034884
118 0.484399 0.119870 0.031714 0.035226
2395 0.670588 0.184850 0.037852 0.035226
121 0.192072 0.695793 0.038363 0.035226
71 0.290793 0.543263 0.043478 0.035226
126 0.675192 0.222811 0.045013 0.035226
123 0.484399 0.556430 0.025575 0.035568
58 0.192839 0.631327 0.032737 0.035568
2395 0.095141 0.766587 0.043990 0.035910
744 0.382097 0.831566 0.053197 0.035910
92 0.670332 0.639535 0.029156 0.036252
58 0.186445 0.233413 0.031202 0.036594
718 0.575448 0.272743 0.033760 0.037278
68 0.187212 0.266758 0.008184 0.037620
83 0.769565 0.462038 0.026087 0.037620
718 0.482353 0.680575 0.029668 0.037620
577 0.484910 0.826265 0.048082 0.037620
1538 0.770844 0.754104 0.051151 0.037620
330 0.770588 0.421683 0.035294 0.038304
83 0.378261 0.180746 0.026087 0.038646
2114 0.768286 0.204685 0.051151 0.038646
2896 0.084910 0.202120 0.056266 0.038988
2674 0.674425 0.349350 0.051662 0.039330
83 0.182609 0.159371 0.025575 0.039672
718 0.194118 0.788304 0.035294 0.039672
70 0.380563 0.527018 0.045013 0.040356
3789 0.189770 0.493331 0.054220 0.040698
2114 0.091049 0.695109 0.056266 0.040698
83 0.087980 0.449384 0.024552 0.041040
87 0.772890 0.124487 0.035806 0.041040
2820 0.768542 0.294973 0.045524 0.041382
3032 0.482353 0.248119 0.053197 0.041382
2674 0.097954 0.824555 0.051662 0.041724
681 0.773402 0.507182 0.043990 0.043092
997 0.583120 0.842168 0.041944 0.043434
2836 0.182353 0.341313 0.048593 0.043776
1917 0.089770 0.568399 0.050639 0.044460
322 0.284399 0.449213 0.057289 0.044802
3216 0.187468 0.586183 0.044501 0.047196
1598 0.674425 0.815834 0.041432 0.048906
47 0.574680 0.130814 0.026087 0.057798
