209 0.277634 0.702460 0.006715 0.005975
209 0.276601 0.693849 0.005682 0.006327
209 0.067407 0.702460 0.008781 0.007381
209 0.068698 0.710545 0.006198 0.008084
209 0.067407 0.722496 0.009814 0.008787
209 0.278667 0.712830 0.007748 0.009139
209 0.753616 0.906327 0.013430 0.009490
101 0.567924 0.796309 0.045971 0.010193
101 0.371643 0.599121 0.048037 0.010896
173 0.670455 0.871705 0.028926 0.011248
101 0.272986 0.199649 0.038740 0.011248
179 0.767045 0.873286 0.013430 0.011599
182 0.668130 0.602988 0.033574 0.011599
132 0.568698 0.607030 0.022727 0.011951
173 0.575413 0.851142 0.028926 0.012302
101 0.569990 0.206854 0.047004 0.012302
66 0.073605 0.819508 0.023244 0.013005
190 0.746901 0.892091 0.023760 0.013357
101 0.468233 0.860281 0.054236 0.013708
164 0.672004 0.885764 0.017562 0.014060
196 0.179494 0.458348 0.019112 0.015466
65 0.762913 0.702636 0.032025 0.015466
196 0.079804 0.657118 0.019112 0.015817
56 0.176136 0.872583 0.016529 0.016520
52 0.567407 0.537258 0.027376 0.017223
52 0.174587 0.761863 0.030992 0.017223
65 0.664256 0.737961 0.032025 0.017223
56 0.567149 0.288928 0.016529 0.017575
134 0.572572 0.863796 0.016012 0.017926
132 0.274277 0.328471 0.016529 0.017926
91 0.175620 0.192794 0.029959 0.017926
56 0.072314 0.835501 0.020661 0.018278
92 0.663481 0.362039 0.034607 0.018278
132 0.276601 0.807557 0.018079 0.018629
76 0.564824 0.270826 0.028409 0.018629
56 0.766012 0.131810 0.019628 0.018981
55 0.177428 0.564851 0.039773 0.018981
76 0.294421 0.248682 0.022727 0.019332
77 0.372934 0.669420 0.036157 0.019332
92 0.371643 0.536907 0.037707 0.019332
57 0.181302 0.352548 0.027893 0.019684
91 0.469783 0.401406 0.028409 0.019684
56 0.077221 0.255360 0.021178 0.020035
65 0.076446 0.497188 0.026860 0.020035
91 0.075155 0.319332 0.031508 0.020035
84 0.471333 0.613884 0.038740 0.020035
166 0.378357 0.716696 0.016012 0.020387
148 0.274019 0.310018 0.029442 0.020387
120 0.272727 0.219508 0.017562 0.020738
74 0.272211 0.734446 0.022727 0.020738
57 0.275310 0.521793 0.025826 0.020738
162 0.665031 0.486292 0.027376 0.020738
185 0.276860 0.679965 0.029959 0.020738
1173 0.270145 0.831107 0.041322 0.020738
113 0.174329 0.587170 0.042872 0.020738
67 0.663740 0.760281 0.030992 0.021090
52 0.176136 0.436907 0.033058 0.021090
52 0.074380 0.550088 0.037190 0.021090
2223 0.779442 0.840070 0.024793 0.021793
52 0.659866 0.782425 0.034607 0.021793
134 0.662190 0.617399 0.016529 0.022144
168 0.649535 0.900000 0.021178 0.022144
107 0.471333 0.873638 0.023244 0.022144
58 0.297779 0.271880 0.032541 0.022144
642 0.469008 0.306327 0.035124 0.022144
55 0.075413 0.352373 0.037190 0.022144
91 0.470558 0.470650 0.028926 0.022496
76 0.659607 0.511775 0.029959 0.022496
67 0.762138 0.726538 0.030475 0.022496
74 0.370868 0.848330 0.025826 0.022847
110 0.370868 0.872935 0.026860 0.022847
77 0.567924 0.772056 0.029442 0.022847
77 0.179752 0.705624 0.033058 0.022847
84 0.757231 0.676801 0.034091 0.022847
57 0.370868 0.690861 0.034091 0.022847
547 0.177686 0.676098 0.038223 0.022847
70 0.661415 0.831459 0.041839 0.022847
83 0.371901 0.895079 0.043388 0.022847
2599 0.589618 0.820387 0.020145 0.023199
83 0.563791 0.378910 0.030475 0.023199
185 0.069473 0.686467 0.031508 0.023199
1406 0.761880 0.578910 0.034091 0.023199
2599 0.683626 0.569596 0.023244 0.023550
84 0.658833 0.714060 0.036674 0.023550
85 0.473140 0.809842 0.023760 0.023902
76 0.766271 0.255185 0.025310 0.023902
74 0.566632 0.411599 0.025826 0.023902
171 0.665289 0.538489 0.026860 0.023902
76 0.072056 0.196134 0.028409 0.023902
547 0.274793 0.598243 0.034091 0.023902
88 0.370868 0.442179 0.037190 0.023902
1261 0.375000 0.510721 0.037190 0.023902
72 0.074897 0.600351 0.042355 0.023902
92 0.269628 0.860633 0.020661 0.024253
2223 0.390754 0.134095 0.028409 0.024253
2223 0.689824 0.852900 0.029442 0.024253
1005 0.074897 0.864148 0.052686 0.024253
134 0.470300 0.533568 0.017045 0.024605
76 0.271178 0.649736 0.028926 0.024956
251 0.471591 0.280316 0.033058 0.024956
70 0.471074 0.900000 0.035124 0.024956
74 0.568957 0.321617 0.027376 0.025308
87 0.568698 0.589807 0.029959 0.025308
87 0.374225 0.374692 0.031508 0.025308
3735 0.470041 0.839367 0.035124 0.025308
76 0.172779 0.842004 0.024277 0.025659
67 0.078254 0.524253 0.034607 0.025659
95 0.177169 0.375571 0.036157 0.025659
113 0.666839 0.231459 0.038223 0.025659
85 0.762655 0.484710 0.020145 0.026011
132 0.662448 0.259754 0.032541 0.026011
95 0.372417 0.822144 0.035124 0.026011
1406 0.471849 0.673814 0.036674 0.026011
77 0.665806 0.459754 0.039256 0.026011
2599 0.095300 0.751318 0.021178 0.026362
86 0.374483 0.186819 0.028926 0.026362
98 0.172521 0.787170 0.037190 0.026362
316 0.664514 0.334446 0.048037 0.026362
107 0.755682 0.778910 0.023760 0.026714
74 0.667614 0.135677 0.033574 0.026714
68 0.280733 0.621265 0.008781 0.027065
88 0.178461 0.290510 0.025310 0.027065
87 0.569215 0.710896 0.025826 0.027065
56 0.073864 0.172056 0.043388 0.027065
107 0.658316 0.806327 0.024277 0.027417
72 0.759556 0.423550 0.038740 0.027417
84 0.072056 0.466784 0.040806 0.027417
85 0.569731 0.503515 0.023760 0.027768
111 0.470816 0.637786 0.030475 0.027768
1282 0.764721 0.196309 0.049070 0.027768
68 0.177686 0.611951 0.008264 0.028120
119 0.274019 0.762390 0.017045 0.028120
66 0.175103 0.138137 0.025826 0.028120
113 0.271178 0.783128 0.034091 0.028120
1585 0.469267 0.333919 0.034607 0.028120
53 0.371384 0.218102 0.016529 0.028471
57 0.272727 0.180844 0.036157 0.028471
127 0.476498 0.589279 0.051136 0.028471
85 0.175103 0.731810 0.020661 0.028822
2598 0.474948 0.173989 0.021178 0.028822
87 0.470816 0.567663 0.030475 0.028822
496 0.177944 0.491740 0.051136 0.028822
70 0.762138 0.545343 0.028409 0.029174
107 0.076446 0.573286 0.024793 0.029525
2677 0.471591 0.505800 0.027893 0.029525
111 0.472107 0.137083 0.028926 0.029525
70 0.759298 0.806327 0.043388 0.029525
4260 0.176395 0.225308 0.043905 0.029525
87 0.177686 0.409666 0.034091 0.029877
126 0.372934 0.791740 0.036157 0.029877
2083 0.662448 0.685589 0.043905 0.029877
107 0.764205 0.389807 0.025310 0.030228
981 0.177169 0.259402 0.045455 0.030228
68 0.567407 0.350264 0.008781 0.030580
119 0.758006 0.754130 0.019112 0.030580
91 0.566374 0.442004 0.026343 0.030580
111 0.371901 0.250439 0.028926 0.030580
2598 0.762138 0.516344 0.020145 0.030931
1101 0.662965 0.427417 0.023244 0.030931
119 0.764979 0.363445 0.023760 0.030931
978 0.074638 0.138489 0.039773 0.030931
541 0.566890 0.178559 0.051136 0.030931
58 0.178719 0.642355 0.041322 0.031283
81 0.762655 0.227592 0.045971 0.031283
119 0.470558 0.242179 0.021694 0.031634
118 0.171746 0.896309 0.027376 0.031634
120 0.271694 0.892091 0.036157 0.031634
316 0.373967 0.411951 0.049587 0.031634
78 0.178461 0.327417 0.030475 0.031986
98 0.565341 0.561511 0.033574 0.031986
4064 0.471074 0.208963 0.034091 0.031986
365 0.176653 0.529525 0.047521 0.031986
127 0.180527 0.165729 0.053202 0.031986
3664 0.469525 0.781019 0.037190 0.032337
268 0.467975 0.743058 0.030992 0.033040
2599 0.072831 0.893497 0.030992 0.033040
79 0.667872 0.209139 0.034091 0.033040
2610 0.665031 0.392970 0.037707 0.033040
109 0.076705 0.232337 0.042872 0.033040
118 0.764205 0.288752 0.024277 0.033392
90 0.367510 0.568541 0.047004 0.033392
322 0.569473 0.892443 0.047004 0.033743
118 0.764979 0.158875 0.020661 0.034446
1811 0.269628 0.406327 0.040289 0.034446
2083 0.566374 0.679965 0.040806 0.034798
4489 0.070764 0.394200 0.048554 0.034798
4440 0.571539 0.745167 0.043905 0.035149
53 0.074380 0.633568 0.021694 0.035501
53 0.757748 0.458172 0.030992 0.035501
4109 0.267820 0.441652 0.041839 0.035501
1640 0.758523 0.646573 0.042872 0.035501
366 0.564824 0.647452 0.037707 0.035852
2748 0.370868 0.483304 0.043388 0.035852
121 0.665548 0.169772 0.031508 0.036555
1387 0.564050 0.243585 0.044421 0.036555
1652 0.758523 0.608612 0.044938 0.036907
2714 0.360795 0.758699 0.045971 0.036907
68 0.076705 0.285413 0.010847 0.037258
107 0.074380 0.791213 0.025826 0.037258
505 0.368285 0.298946 0.026860 0.037610
379 0.568182 0.475044 0.043388 0.037610
366 0.565857 0.142882 0.040806 0.038313
1126 0.471074 0.706503 0.036157 0.038664
368 0.473657 0.369420 0.043388 0.038664
3322 0.470300 0.435677 0.030475 0.039016
4090 0.764205 0.328822 0.033574 0.039016
1373 0.662707 0.298243 0.042355 0.040422
1949 0.075155 0.433568 0.045971 0.041125
1256 0.661415 0.655360 0.033574 0.041828
2191 0.278926 0.484359 0.036157 0.042179
2083 0.372417 0.339367 0.045455 0.043234
3173 0.272986 0.143761 0.053202 0.044991
2916 0.370868 0.633568 0.037190 0.045343
1695 0.268595 0.562214 0.048554 0.045343
47 0.278926 0.347803 0.024793 0.050967
