169 0.077036 0.746627 0.023403 0.009339
128 0.446124 0.361467 0.014627 0.011069
169 0.074110 0.418021 0.025353 0.011415
101 0.166017 0.216361 0.042418 0.011415
101 0.712823 0.723452 0.043881 0.011415
101 0.164798 0.874265 0.047782 0.012798
128 0.074598 0.803182 0.008776 0.013144
128 0.070453 0.461432 0.009264 0.013144
120 0.189420 0.353857 0.015115 0.013144
101 0.164310 0.423037 0.040956 0.013144
128 0.071916 0.299723 0.011214 0.013490
49 0.535105 0.585092 0.012189 0.013490
101 0.351536 0.207887 0.035105 0.013836
101 0.068503 0.317191 0.047294 0.013836
168 0.073866 0.405915 0.024866 0.014182
92 0.710385 0.840021 0.032179 0.014182
297 0.252804 0.710654 0.042418 0.014182
57 0.259142 0.855586 0.033642 0.014874
120 0.096538 0.569699 0.018528 0.015220
168 0.076060 0.734521 0.022428 0.016257
196 0.070941 0.526288 0.022916 0.016257
129 0.634812 0.235559 0.019503 0.016603
196 0.070453 0.180906 0.019990 0.016603
101 0.163579 0.705984 0.045344 0.016603
49 0.253535 0.190937 0.014627 0.017987
134 0.536811 0.829817 0.018528 0.017987
204 0.536080 0.816845 0.019015 0.018333
92 0.095807 0.552923 0.021941 0.018333
85 0.722818 0.487029 0.030717 0.018679
297 0.352023 0.147008 0.041931 0.018679
126 0.627255 0.453303 0.045344 0.019025
101 0.253291 0.689208 0.045344 0.019025
76 0.348610 0.261155 0.031204 0.019370
148 0.066309 0.763404 0.032179 0.019370
101 0.442955 0.377032 0.052170 0.019370
120 0.624086 0.622795 0.022428 0.019716
57 0.351292 0.375822 0.034617 0.019716
127 0.441248 0.561224 0.040956 0.019716
251 0.253535 0.769457 0.040956 0.019716
126 0.345929 0.597198 0.042418 0.019716
117 0.620917 0.818748 0.021941 0.020062
88 0.622867 0.795572 0.025841 0.020062
66 0.439298 0.540989 0.029254 0.020062
91 0.627743 0.398132 0.033642 0.020062
91 0.064603 0.878935 0.036568 0.020062
65 0.170892 0.576617 0.037543 0.020062
126 0.532423 0.524732 0.043881 0.020062
66 0.343979 0.684711 0.027791 0.020408
92 0.249634 0.635593 0.029254 0.020408
92 0.623354 0.705465 0.033642 0.020408
52 0.163091 0.625562 0.035592 0.020408
718 0.189664 0.733656 0.021453 0.020754
83 0.066309 0.646489 0.032179 0.020754
122 0.533398 0.271186 0.033155 0.020754
91 0.627011 0.550329 0.034130 0.020754
81 0.443442 0.282947 0.042418 0.020754
92 0.187226 0.336735 0.021453 0.021100
81 0.712823 0.741093 0.035105 0.021100
52 0.067772 0.786406 0.037055 0.021100
85 0.348367 0.400726 0.037543 0.021100
108 0.628474 0.501730 0.020478 0.021792
134 0.442955 0.415254 0.020965 0.021792
120 0.253535 0.609651 0.022428 0.021792
76 0.628961 0.214978 0.028279 0.021792
82 0.168454 0.274473 0.050219 0.021792
120 0.350561 0.281563 0.021453 0.022138
132 0.445636 0.744379 0.028279 0.022138
55 0.446124 0.471809 0.040956 0.022138
56 0.067284 0.480284 0.019503 0.022484
66 0.714529 0.700277 0.030717 0.022484
91 0.341541 0.898824 0.034617 0.022484
91 0.438323 0.901937 0.036080 0.022484
93 0.254266 0.384815 0.041443 0.022484
166 0.451731 0.617779 0.019015 0.022829
56 0.709654 0.821169 0.019990 0.022829
55 0.716724 0.676582 0.038030 0.022829
77 0.166260 0.801107 0.038030 0.022829
108 0.626767 0.572639 0.019990 0.023175
718 0.551195 0.782601 0.020965 0.023175
134 0.446368 0.757350 0.023891 0.023175
88 0.253291 0.531823 0.024866 0.023175
85 0.067284 0.818921 0.029254 0.023175
55 0.353730 0.308371 0.039493 0.023175
55 0.255241 0.560879 0.040468 0.023175
88 0.344954 0.658769 0.040468 0.023175
547 0.722818 0.534936 0.043393 0.023175
111 0.068503 0.671394 0.025841 0.023521
132 0.069722 0.245936 0.026329 0.023521
66 0.719649 0.562435 0.030229 0.023521
92 0.251097 0.586475 0.033155 0.023867
91 0.627743 0.478208 0.033642 0.023867
55 0.536811 0.249914 0.040956 0.023867
127 0.167967 0.524559 0.043393 0.023867
127 0.170161 0.906088 0.051682 0.023867
56 0.341297 0.843307 0.018528 0.024213
4652 0.533886 0.690073 0.039980 0.024213
119 0.251585 0.875649 0.017552 0.024559
67 0.168942 0.600311 0.035592 0.024559
52 0.068016 0.442926 0.039493 0.024559
127 0.448318 0.170010 0.051195 0.024559
118 0.252072 0.443445 0.011702 0.024905
718 0.094344 0.701833 0.019015 0.024905
66 0.163579 0.447250 0.028766 0.024905
113 0.439785 0.872363 0.039980 0.024905
119 0.722087 0.510031 0.020478 0.025251
55 0.534373 0.870460 0.034130 0.025251
87 0.346904 0.463680 0.035592 0.025251
83 0.249634 0.898132 0.039005 0.025251
81 0.714042 0.647354 0.039493 0.025251
68 0.251097 0.216534 0.014627 0.025597
66 0.444905 0.149775 0.030717 0.025597
84 0.164066 0.550329 0.039493 0.025597
89 0.253047 0.466966 0.039980 0.025597
85 0.445880 0.307333 0.023891 0.025943
111 0.165529 0.889139 0.025841 0.025943
110 0.723062 0.315289 0.036080 0.025943
88 0.065822 0.902975 0.042906 0.025943
117 0.444417 0.260118 0.019990 0.026288
118 0.535349 0.718782 0.022428 0.026288
4129 0.718186 0.619855 0.044856 0.026288
90 0.163823 0.854376 0.045831 0.026288
68 0.533398 0.747319 0.011702 0.026634
88 0.629693 0.338464 0.025841 0.026634
72 0.716480 0.589934 0.036568 0.026634
62 0.625305 0.599274 0.037543 0.026634
60 0.713067 0.764960 0.040468 0.026634
127 0.167235 0.472328 0.043881 0.026634
85 0.533886 0.606710 0.023403 0.026980
87 0.067284 0.382394 0.031204 0.027326
68 0.533642 0.438603 0.014139 0.027672
166 0.442955 0.785195 0.018040 0.027672
119 0.618723 0.842961 0.022428 0.027672
204 0.442955 0.399862 0.029742 0.027672
74 0.629205 0.370114 0.032667 0.027672
121 0.068016 0.628848 0.048269 0.027672
107 0.161872 0.648046 0.022428 0.028018
66 0.251341 0.243687 0.027791 0.028018
64 0.163091 0.184884 0.031692 0.028018
55 0.627255 0.650467 0.040468 0.028018
126 0.724525 0.256486 0.040956 0.028018
111 0.161872 0.827741 0.027304 0.028364
68 0.707947 0.862158 0.012677 0.028710
76 0.626280 0.531477 0.040468 0.028710
2555 0.440029 0.843480 0.044369 0.028710
119 0.350073 0.491871 0.022428 0.029056
53 0.536080 0.635593 0.018040 0.029402
118 0.066309 0.506572 0.022428 0.029402
74 0.068016 0.599965 0.029742 0.029402
66 0.251585 0.834486 0.033155 0.029402
78 0.449293 0.232964 0.034617 0.029402
68 0.535592 0.301626 0.010239 0.029747
83 0.616529 0.901072 0.024866 0.029747
1827 0.529498 0.898651 0.038030 0.029747
126 0.722087 0.460394 0.039980 0.029747
70 0.164798 0.680906 0.029254 0.030093
108 0.713798 0.794708 0.040956 0.030093
2476 0.534130 0.375822 0.041443 0.030093
83 0.342516 0.741612 0.019990 0.030439
83 0.534130 0.464891 0.038518 0.030439
64 0.443930 0.340194 0.032667 0.030785
58 0.724525 0.186268 0.036080 0.030785
126 0.534617 0.183846 0.040468 0.030785
64 0.069478 0.273954 0.029742 0.031131
85 0.534861 0.408509 0.031204 0.031131
3754 0.063871 0.851263 0.031204 0.031131
718 0.623111 0.676582 0.034130 0.031131
501 0.629693 0.150467 0.038518 0.031131
77 0.069478 0.151851 0.039493 0.031131
107 0.068259 0.214978 0.026329 0.031477
253 0.535592 0.152369 0.033642 0.031477
63 0.346904 0.870806 0.039493 0.031477
78 0.534130 0.664476 0.033642 0.031823
702 0.627743 0.262193 0.036568 0.031823
1788 0.440761 0.810619 0.051682 0.032169
121 0.442223 0.681079 0.032179 0.032515
3735 0.537055 0.217226 0.036568 0.032515
68 0.252560 0.414389 0.039005 0.032515
366 0.161872 0.773089 0.042906 0.032515
58 0.162847 0.301799 0.027304 0.032861
87 0.166992 0.501038 0.032667 0.032861
109 0.725500 0.152715 0.043881 0.032861
710 0.250366 0.280353 0.045344 0.032861
58 0.351780 0.232791 0.029742 0.033207
752 0.441004 0.650986 0.044369 0.033207
3956 0.249147 0.662746 0.045831 0.033207
2292 0.619941 0.869941 0.046319 0.033207
74 0.163091 0.153753 0.024866 0.033552
68 0.723306 0.284504 0.037543 0.033552
896 0.346173 0.814943 0.037055 0.033898
3948 0.253047 0.739191 0.035105 0.034590
63 0.352023 0.711173 0.044856 0.034590
1723 0.618966 0.768246 0.047294 0.034590
83 0.437104 0.714113 0.025841 0.034936
47 0.545588 0.843826 0.029254 0.034936
1365 0.711604 0.899862 0.045344 0.034936
119 0.347392 0.430993 0.038518 0.035282
629 0.346904 0.565375 0.035592 0.035628
296 0.629205 0.426496 0.025841 0.035974
90 0.159434 0.393635 0.048757 0.035974
92 0.630912 0.185403 0.024378 0.036666
1584 0.346904 0.627810 0.028766 0.036666
3948 0.252804 0.801453 0.030717 0.036666
577 0.344222 0.778796 0.041931 0.037011
83 0.718186 0.347285 0.023403 0.037357
1584 0.533886 0.497406 0.027304 0.037357
121 0.251828 0.353857 0.031692 0.037357
3737 0.249391 0.317364 0.045344 0.037703
4310 0.348367 0.180042 0.043393 0.038395
1584 0.624817 0.732273 0.034617 0.038741
4132 0.721843 0.384988 0.043393 0.038741
3958 0.160653 0.244033 0.051195 0.039087
2774 0.533398 0.561916 0.054608 0.039779
3691 0.344466 0.528537 0.052170 0.040816
1827 0.439542 0.503978 0.034617 0.041508
379 0.250366 0.501211 0.043393 0.041508
1917 0.064846 0.345209 0.040956 0.042892
3216 0.718430 0.424421 0.045344 0.042892
2876 0.253779 0.156693 0.053145 0.042892
1104 0.535105 0.341058 0.042418 0.044275
1317 0.722574 0.220685 0.035105 0.044967
1827 0.345685 0.343826 0.038030 0.044967
2943 0.627986 0.301453 0.040956 0.045313
47 0.451243 0.435144 0.026816 0.045659
47 0.455631 0.192148 0.037543 0.047388
47 0.452462 0.578865 0.037055 0.048080
