246 0.583241 0.601642 0.033739 0.006636
246 0.371128 0.415997 0.040929 0.007684
169 0.886338 0.892595 0.034845 0.011526
120 0.287334 0.498079 0.018252 0.011876
205 0.909845 0.878798 0.030973 0.012574
120 0.918971 0.824310 0.016040 0.013273
162 0.176162 0.850157 0.022677 0.013273
92 0.270741 0.668879 0.027102 0.013971
76 0.826327 0.832868 0.018805 0.014321
192 0.900719 0.127838 0.022677 0.014670
56 0.163993 0.865700 0.017146 0.015019
58 0.831858 0.848236 0.026549 0.015019
91 0.275442 0.817324 0.028761 0.015368
101 0.269358 0.600594 0.049779 0.015718
83 0.476493 0.791303 0.032633 0.016416
135 0.900996 0.146001 0.021018 0.016766
57 0.583241 0.325882 0.032633 0.016766
92 0.370575 0.480615 0.035398 0.016766
148 0.483407 0.580859 0.029867 0.017464
55 0.271294 0.761090 0.042588 0.017464
91 0.587113 0.572651 0.032633 0.017813
101 0.689436 0.690360 0.053650 0.017813
1002 0.578540 0.545232 0.065265 0.018163
56 0.163717 0.642508 0.017699 0.018512
134 0.797013 0.875131 0.018805 0.018512
148 0.774613 0.888404 0.023783 0.018512
52 0.789270 0.306497 0.034292 0.018512
52 0.688330 0.247118 0.042588 0.018512
56 0.890763 0.535802 0.018252 0.018861
171 0.799779 0.816626 0.023230 0.018861
113 0.690265 0.867272 0.038717 0.018861
49 0.479812 0.401502 0.012721 0.019211
92 0.919248 0.808418 0.019912 0.019211
92 0.285951 0.482885 0.023230 0.019211
57 0.489215 0.890150 0.033739 0.019211
185 0.902102 0.859762 0.036504 0.019211
83 0.586560 0.855746 0.031527 0.019560
57 0.168695 0.535452 0.038717 0.019560
117 0.798396 0.602689 0.016040 0.019909
91 0.692478 0.748341 0.029867 0.019909
166 0.481195 0.617534 0.017699 0.020258
132 0.693031 0.887880 0.022124 0.020258
120 0.478153 0.243626 0.016040 0.020608
132 0.793142 0.864303 0.034292 0.020608
55 0.481195 0.835313 0.040929 0.020608
81 0.167035 0.728606 0.036504 0.020957
56 0.157633 0.328502 0.024336 0.021306
65 0.798396 0.248865 0.040376 0.021306
88 0.477876 0.688439 0.017699 0.021656
120 0.479812 0.809990 0.020465 0.021656
76 0.478429 0.763535 0.024336 0.021656
89 0.376106 0.847014 0.040929 0.021656
64 0.368363 0.210793 0.024336 0.022005
162 0.894358 0.363081 0.026549 0.022005
76 0.793142 0.791652 0.027655 0.022005
55 0.268252 0.283619 0.040929 0.022354
55 0.692478 0.631505 0.040929 0.022354
56 0.584347 0.697345 0.016040 0.022703
66 0.268529 0.623647 0.024889 0.022703
76 0.584900 0.508034 0.025996 0.022703
111 0.373064 0.603039 0.025996 0.022703
83 0.685564 0.501048 0.032633 0.022703
76 0.369746 0.275236 0.029314 0.023053
127 0.270741 0.645477 0.039270 0.023053
88 0.371681 0.382815 0.039823 0.023053
77 0.586283 0.225987 0.040929 0.023053
93 0.693584 0.598323 0.042035 0.023053
83 0.887998 0.384736 0.032633 0.023402
119 0.166206 0.886133 0.019358 0.023751
92 0.688883 0.777157 0.027102 0.023751
76 0.475664 0.524275 0.028761 0.023751
91 0.477600 0.554663 0.033739 0.023751
1415 0.369469 0.346140 0.048673 0.023751
51 0.157633 0.201362 0.035398 0.024101
60 0.258850 0.170800 0.019912 0.024450
86 0.378319 0.575096 0.033186 0.024799
75 0.276272 0.733322 0.040376 0.024799
93 0.169524 0.830423 0.044801 0.024799
60 0.793418 0.626965 0.016040 0.025148
126 0.267146 0.367447 0.045354 0.025148
55 0.272400 0.541739 0.048119 0.025148
552 0.591814 0.829549 0.058628 0.025148
87 0.167312 0.753929 0.031527 0.025498
77 0.689989 0.350157 0.038164 0.025498
126 0.593197 0.802131 0.044801 0.025498
84 0.157356 0.134300 0.047013 0.025498
118 0.370299 0.815927 0.022677 0.025847
85 0.376383 0.707999 0.024889 0.025847
111 0.155973 0.163116 0.028761 0.025847
77 0.588219 0.665386 0.042588 0.025847
67 0.796184 0.278903 0.033739 0.026196
111 0.370299 0.306671 0.022677 0.026546
74 0.373617 0.745023 0.029314 0.026546
76 0.474281 0.137967 0.031527 0.026546
3258 0.276825 0.790954 0.052544 0.026895
53 0.793142 0.462103 0.016593 0.027244
111 0.590155 0.884387 0.027655 0.027244
68 0.896571 0.684422 0.011062 0.027593
107 0.892423 0.652288 0.025996 0.027593
76 0.789823 0.398009 0.028761 0.027593
571 0.159569 0.616661 0.045907 0.027593
118 0.163440 0.666783 0.016040 0.027943
87 0.896847 0.296367 0.033739 0.028292
72 0.155144 0.481488 0.035951 0.028292
2748 0.795077 0.662417 0.041482 0.028292
84 0.799226 0.539469 0.043142 0.028292
55 0.164270 0.703283 0.043142 0.028292
4429 0.372235 0.883165 0.046460 0.028292
85 0.266593 0.248341 0.022124 0.028641
76 0.891316 0.717953 0.030420 0.028991
87 0.368639 0.247468 0.033739 0.028991
84 0.475111 0.321516 0.038717 0.028991
127 0.165376 0.509431 0.055310 0.028991
107 0.792865 0.728606 0.022677 0.029340
107 0.689712 0.661544 0.023230 0.029340
2151 0.581582 0.366050 0.041482 0.029340
1282 0.687500 0.538247 0.047566 0.029340
111 0.584347 0.440971 0.025996 0.029689
118 0.793418 0.433287 0.027102 0.029689
2707 0.479812 0.653336 0.028208 0.029689
70 0.156250 0.299860 0.034845 0.029689
1375 0.360619 0.134300 0.046460 0.029689
69 0.700221 0.841774 0.026549 0.030038
60 0.887721 0.331121 0.030973 0.030038
2885 0.271018 0.846315 0.035398 0.030038
51 0.374723 0.508208 0.035951 0.030038
84 0.683352 0.275934 0.038164 0.030038
68 0.794524 0.369019 0.012721 0.030388
118 0.584071 0.258645 0.028761 0.030388
84 0.788717 0.212889 0.044248 0.030388
111 0.792588 0.570381 0.027655 0.030737
119 0.160122 0.409710 0.029314 0.030737
118 0.895188 0.752707 0.029314 0.030737
109 0.688330 0.319944 0.039270 0.030737
1799 0.683628 0.719176 0.043142 0.030737
121 0.374447 0.540866 0.030973 0.031086
88 0.893805 0.510479 0.039823 0.031086
2710 0.362832 0.179183 0.047566 0.031436
1762 0.375277 0.642683 0.049226 0.031436
126 0.691648 0.425603 0.037058 0.031785
107 0.580752 0.480265 0.027655 0.032134
81 0.261338 0.137443 0.038164 0.032483
2338 0.482854 0.862207 0.047566 0.032483
119 0.891040 0.615438 0.029867 0.032833
3735 0.269635 0.403074 0.037058 0.032833
107 0.159292 0.445162 0.028761 0.033182
2083 0.786781 0.178309 0.047013 0.033182
485 0.165100 0.578589 0.044801 0.033881
2489 0.369469 0.452847 0.048673 0.033881
121 0.690265 0.568984 0.030973 0.034230
118 0.582688 0.725987 0.018252 0.034579
53 0.690819 0.807719 0.018805 0.034579
83 0.265763 0.439923 0.025996 0.034579
107 0.268529 0.575096 0.025996 0.034579
2748 0.158739 0.371813 0.045354 0.034579
119 0.157633 0.230527 0.022124 0.034928
2748 0.891593 0.223192 0.046460 0.034928
82 0.476493 0.173245 0.059181 0.034928
68 0.796737 0.759518 0.010509 0.035278
53 0.583241 0.291827 0.018252 0.035278
107 0.790653 0.340028 0.025996 0.035278
464 0.581305 0.140238 0.056416 0.035278
3948 0.687777 0.389452 0.034845 0.035627
121 0.795077 0.693853 0.027102 0.035976
53 0.889381 0.785540 0.027655 0.036326
366 0.269635 0.704855 0.039270 0.036326
1373 0.476493 0.491443 0.040376 0.036326
296 0.272677 0.882117 0.029867 0.036675
87 0.685564 0.217604 0.037058 0.037024
1799 0.583518 0.399756 0.038717 0.037373
866 0.892146 0.578589 0.044248 0.037373
121 0.890487 0.259867 0.032080 0.037723
2748 0.683628 0.137967 0.045354 0.037723
2083 0.892146 0.474153 0.044248 0.038072
68 0.376936 0.783095 0.032633 0.038421
1502 0.373617 0.675515 0.033739 0.038421
90 0.473451 0.210793 0.046460 0.038771
2338 0.268252 0.326406 0.046460 0.038771
981 0.792035 0.504890 0.049779 0.038771
4775 0.478706 0.448131 0.049226 0.039818
121 0.683905 0.173769 0.033739 0.040168
1427 0.586836 0.633252 0.030973 0.040517
3747 0.478706 0.727908 0.032633 0.040517
366 0.889104 0.434684 0.042588 0.040866
416 0.579923 0.185994 0.051438 0.041565
296 0.165100 0.794970 0.027102 0.041914
47 0.902931 0.169752 0.034845 0.041914
68 0.687500 0.468390 0.014381 0.042613
1256 0.791759 0.140063 0.034845 0.042613
2191 0.481195 0.283619 0.036504 0.042613
4410 0.474281 0.369892 0.051438 0.042613
107 0.155420 0.267726 0.026549 0.042962
3381 0.588496 0.769822 0.030973 0.046105
48 0.269358 0.207649 0.036504 0.049249
