91 0.729974 0.653793 0.021189 0.012414
91 0.661240 0.666034 0.025323 0.013448
91 0.696124 0.807931 0.020672 0.015172
55 0.320672 0.811034 0.032558 0.016552
88 0.731266 0.696034 0.023773 0.016897
4032 0.728165 0.674310 0.036176 0.018966
1052 0.696124 0.789310 0.026873 0.019310
76 0.319897 0.830000 0.023773 0.020000
664 0.662274 0.683621 0.037726 0.021034
58 0.324806 0.852759 0.030491 0.021379
3032 0.662791 0.622069 0.036693 0.022069
1765 0.744186 0.747586 0.035142 0.022759
4416 0.644703 0.821724 0.034625 0.023448
383 0.692248 0.768276 0.036693 0.023448
2223 0.663049 0.646897 0.032041 0.024138
3296 0.646512 0.793793 0.033075 0.024138
2108 0.726357 0.633448 0.040827 0.025517
1935 0.730233 0.603448 0.037209 0.026207
1438 0.662016 0.706724 0.035142 0.026552
1401 0.747028 0.778621 0.031525 0.028276
