861 0.440264 0.706742 0.037335 0.013416
56 0.287191 0.621259 0.018380 0.013760
101 0.838024 0.370485 0.059736 0.015824
188 0.072659 0.120055 0.032740 0.017200
92 0.728604 0.409357 0.045376 0.017200
200 0.402355 0.754386 0.047674 0.017200
101 0.179782 0.220502 0.060885 0.017200
56 0.176910 0.849157 0.020678 0.017544
101 0.726881 0.499656 0.060310 0.017544
101 0.396898 0.151187 0.066628 0.017544
57 0.182079 0.166667 0.037909 0.019608
193 0.393165 0.736670 0.038484 0.019608
302 0.438254 0.687994 0.036760 0.019952
56 0.729179 0.809254 0.028145 0.020296
57 0.727743 0.854661 0.035612 0.020984
162 0.182366 0.735466 0.033889 0.021328
92 0.072947 0.841417 0.043653 0.021328
101 0.183228 0.781562 0.065480 0.021328
76 0.174038 0.145683 0.040207 0.021672
55 0.614302 0.391297 0.049971 0.021672
56 0.392016 0.280702 0.024698 0.022016
57 0.839747 0.318541 0.036760 0.022016
88 0.836014 0.452356 0.037335 0.022016
92 0.286617 0.211730 0.042504 0.022360
92 0.837450 0.701238 0.048248 0.022360
113 0.179782 0.759374 0.059736 0.022360
56 0.176623 0.123151 0.028145 0.022704
66 0.834865 0.800138 0.033889 0.022704
88 0.289489 0.675267 0.047099 0.022704
861 0.393739 0.493292 0.047674 0.022704
55 0.285468 0.365325 0.048248 0.022704
113 0.174038 0.800138 0.064331 0.022704
64 0.180069 0.475576 0.035037 0.023048
76 0.284032 0.158067 0.038484 0.023048
92 0.616025 0.452184 0.045376 0.023048
60 0.068352 0.524424 0.048248 0.023048
49 0.616887 0.885793 0.022975 0.023392
52 0.070649 0.866873 0.043653 0.023392
55 0.070936 0.495528 0.045376 0.023736
81 0.835152 0.209322 0.047099 0.023736
76 0.726881 0.831785 0.041930 0.024080
76 0.285468 0.754558 0.042504 0.024424
57 0.291786 0.777606 0.043653 0.024424
82 0.291212 0.416065 0.057438 0.024424
88 0.725732 0.266942 0.043079 0.024768
2710 0.837163 0.882009 0.045376 0.024768
64 0.067490 0.397489 0.033889 0.025112
861 0.615451 0.508600 0.046525 0.025112
302 0.506031 0.507568 0.050546 0.025112
248 0.178059 0.709838 0.051694 0.025112
98 0.067490 0.891469 0.059161 0.025112
65 0.726594 0.883041 0.039058 0.025456
52 0.613728 0.154111 0.043079 0.025456
93 0.399196 0.439628 0.049397 0.025456
83 0.176910 0.889577 0.049397 0.025456
68 0.180069 0.868421 0.009765 0.025800
126 0.838599 0.852597 0.043653 0.025800
115 0.835439 0.393361 0.048823 0.025800
166 0.632682 0.280014 0.017806 0.026144
76 0.726881 0.351737 0.037335 0.026488
76 0.178920 0.368593 0.041930 0.026488
113 0.068926 0.716718 0.055141 0.026488
302 0.612579 0.478672 0.058013 0.026488
66 0.280586 0.276918 0.026996 0.026832
56 0.837163 0.639491 0.053418 0.026832
86 0.288914 0.804094 0.043653 0.027176
104 0.508616 0.601823 0.046525 0.027176
98 0.283745 0.831613 0.059736 0.027176
132 0.068926 0.144823 0.032165 0.027520
86 0.513785 0.624355 0.032740 0.027520
72 0.610856 0.214310 0.039632 0.027520
126 0.286330 0.339525 0.040781 0.027520
81 0.179207 0.341245 0.044802 0.027520
81 0.505457 0.415205 0.048248 0.027520
302 0.397473 0.468180 0.057438 0.027520
86 0.730040 0.686791 0.041356 0.027864
88 0.619472 0.578775 0.044227 0.027864
72 0.393452 0.412625 0.051694 0.027864
107 0.834865 0.292398 0.046525 0.028208
91 0.726594 0.655315 0.048248 0.028208
68 0.508616 0.852597 0.009765 0.028552
74 0.504021 0.245442 0.031591 0.028552
327 0.289202 0.888029 0.061459 0.028552
81 0.726307 0.325421 0.041930 0.028896
87 0.070362 0.625215 0.047674 0.029240
49 0.504882 0.724114 0.020678 0.029584
76 0.285181 0.391469 0.038484 0.029584
67 0.074383 0.177503 0.046525 0.029584
111 0.286330 0.856381 0.030442 0.029928
85 0.070936 0.815445 0.031591 0.029928
91 0.509190 0.653423 0.038484 0.029928
87 0.723722 0.294978 0.040207 0.029928
77 0.072947 0.368249 0.043653 0.029928
67 0.618036 0.126075 0.048248 0.029928
2596 0.615164 0.425353 0.050546 0.029928
74 0.392016 0.126935 0.035037 0.030272
91 0.504021 0.275198 0.039632 0.030272
77 0.180356 0.444444 0.047099 0.030272
327 0.725732 0.786722 0.062608 0.030272
74 0.177771 0.583247 0.030442 0.030616
91 0.616025 0.772790 0.038484 0.030616
642 0.502872 0.475576 0.045376 0.030616
77 0.072372 0.655659 0.044802 0.030960
127 0.188972 0.614379 0.067777 0.030960
85 0.071223 0.242690 0.027570 0.031304
72 0.066628 0.745958 0.047099 0.031304
126 0.508903 0.750774 0.049397 0.031304
501 0.502010 0.537152 0.055141 0.031304
127 0.844342 0.825765 0.062033 0.031304
92 0.395175 0.253526 0.028719 0.031648
84 0.070936 0.466804 0.048823 0.031648
68 0.284032 0.183867 0.012062 0.031992
741 0.505169 0.820605 0.037335 0.031992
87 0.179495 0.646543 0.045376 0.031992
88 0.396324 0.307706 0.047099 0.031992
113 0.396037 0.885621 0.056864 0.031992
60 0.841183 0.229102 0.028145 0.032336
91 0.726594 0.384245 0.041356 0.032336
110 0.071223 0.687650 0.042504 0.032336
58 0.507754 0.882869 0.041356 0.032680
51 0.506893 0.384761 0.043079 0.032680
110 0.505169 0.441864 0.044227 0.032680
111 0.727168 0.625387 0.026422 0.033024
92 0.398334 0.853113 0.026996 0.033024
107 0.612005 0.183695 0.030442 0.033024
118 0.177484 0.828345 0.034463 0.033024
90 0.832567 0.345717 0.046525 0.033024
85 0.506605 0.128139 0.027570 0.033368
111 0.727168 0.752838 0.033314 0.033368
70 0.287478 0.560372 0.037335 0.033712
126 0.073521 0.590987 0.051694 0.033712
127 0.292648 0.307534 0.058013 0.033712
107 0.723435 0.473340 0.032740 0.034400
91 0.724296 0.518404 0.044802 0.034400
125 0.837737 0.423805 0.049971 0.034400
1644 0.727743 0.437908 0.057438 0.034400
127 0.622631 0.244238 0.062033 0.034400
53 0.728030 0.718438 0.024698 0.034744
123 0.284607 0.128827 0.028145 0.034744
71 0.840034 0.727038 0.041930 0.034744
93 0.294945 0.596663 0.044227 0.034744
126 0.183515 0.548160 0.053418 0.034744
118 0.179207 0.680599 0.025273 0.035432
90 0.176335 0.194530 0.045951 0.035432
264 0.504595 0.567423 0.053418 0.035432
119 0.288627 0.646371 0.022401 0.035776
2710 0.612866 0.614379 0.055141 0.035776
68 0.835727 0.261610 0.012636 0.036120
53 0.287191 0.527520 0.020678 0.036120
107 0.835152 0.671483 0.027570 0.036464
111 0.836588 0.604059 0.029294 0.036464
691 0.398909 0.613003 0.040781 0.036464
3896 0.612579 0.738906 0.056864 0.036464
691 0.836875 0.179739 0.039058 0.036808
769 0.506893 0.690402 0.047674 0.037152
107 0.066341 0.556416 0.030442 0.037496
107 0.285181 0.487616 0.031591 0.037496
4375 0.838311 0.566735 0.051120 0.037496
53 0.070936 0.781218 0.022401 0.037840
83 0.611143 0.357069 0.024124 0.037840
1365 0.726020 0.556244 0.050546 0.037840
3674 0.505744 0.167011 0.037335 0.038184
691 0.728030 0.182147 0.046525 0.038184
90 0.284032 0.447368 0.049971 0.038184
3813 0.616312 0.650671 0.056289 0.038184
1174 0.613441 0.852769 0.052843 0.038528
2138 0.726594 0.593395 0.055141 0.038528
4440 0.511200 0.784314 0.057438 0.038528
83 0.399770 0.648951 0.029868 0.038872
4435 0.503446 0.207602 0.056864 0.039560
83 0.395750 0.173375 0.028719 0.039904
4166 0.614015 0.808394 0.064331 0.039904
111 0.394314 0.332129 0.035037 0.040248
691 0.502298 0.347953 0.038484 0.040248
4112 0.835152 0.488304 0.056289 0.040248
971 0.505169 0.309598 0.063756 0.040592
3814 0.394601 0.578431 0.056289 0.041624
81 0.066916 0.212590 0.043079 0.041968
111 0.835439 0.528036 0.033889 0.042656
121 0.178920 0.508944 0.041930 0.043000
4116 0.616312 0.543000 0.047099 0.043000
121 0.069787 0.432405 0.033889 0.044032
3192 0.615164 0.318885 0.047099 0.044032
1679 0.176910 0.304954 0.065480 0.044376
3526 0.836014 0.768146 0.056864 0.044720
648 0.068064 0.282422 0.037335 0.045408
3307 0.176623 0.405745 0.064905 0.045752
2257 0.397186 0.215686 0.051120 0.046096
4166 0.070936 0.329721 0.058013 0.046440
2305 0.401206 0.381665 0.061459 0.046440
68 0.614302 0.693842 0.009765 0.046784
4166 0.838886 0.132095 0.063756 0.046784
3526 0.287478 0.245786 0.049971 0.047816
282 0.178346 0.255418 0.052269 0.049192
1584 0.726881 0.136223 0.035037 0.052976
1917 0.285181 0.715342 0.047674 0.053320
2191 0.724009 0.225490 0.040781 0.054008
4116 0.400057 0.530788 0.052269 0.055040
47 0.398621 0.792570 0.034463 0.067423
