246 0.243106 0.732888 0.060777 0.004449
246 0.754643 0.256160 0.037141 0.007871
128 0.756050 0.151266 0.018571 0.010267
128 0.781373 0.715264 0.015194 0.012320
169 0.783343 0.490760 0.043894 0.013005
120 0.858469 0.797912 0.020822 0.013347
92 0.858188 0.867385 0.034890 0.013347
92 0.688801 0.891342 0.029263 0.014031
113 0.753799 0.328200 0.038829 0.014374
119 0.907710 0.869097 0.019133 0.014716
56 0.753799 0.184120 0.018571 0.015058
92 0.805571 0.270705 0.035453 0.015058
52 0.752954 0.295003 0.040518 0.015058
52 0.671356 0.876454 0.048396 0.015058
166 0.894485 0.586071 0.018571 0.015400
98 0.854249 0.853354 0.043894 0.015400
297 0.561902 0.706879 0.048959 0.015400
287 0.758582 0.414784 0.040518 0.015743
101 0.564434 0.854723 0.064153 0.016085
118 0.856218 0.768652 0.016320 0.016427
56 0.861283 0.890828 0.025324 0.016427
69 0.813731 0.382444 0.022510 0.016769
91 0.807259 0.415982 0.032077 0.016769
91 0.908272 0.853012 0.036016 0.016769
88 0.859032 0.752738 0.038829 0.016769
127 0.809229 0.366016 0.042769 0.016769
64 0.752673 0.137064 0.028700 0.017454
120 0.133089 0.347536 0.032077 0.017454
101 0.244513 0.476215 0.069218 0.017454
52 0.857625 0.836413 0.033765 0.017796
110 0.906866 0.835387 0.035453 0.017796
87 0.857907 0.881759 0.032077 0.018138
91 0.909961 0.778063 0.033765 0.018138
109 0.910805 0.796201 0.038829 0.018138
81 0.807541 0.399213 0.040518 0.018138
110 0.860439 0.783710 0.033765 0.018480
101 0.353405 0.872005 0.069781 0.018480
168 0.785031 0.475873 0.029263 0.018823
91 0.752673 0.311602 0.030951 0.018823
83 0.859595 0.733915 0.033202 0.018823
68 0.862690 0.714750 0.037141 0.018823
127 0.907147 0.884155 0.040518 0.018823
52 0.556837 0.468686 0.050084 0.018823
118 0.801632 0.307666 0.020822 0.019165
70 0.806978 0.175565 0.033765 0.019165
68 0.808104 0.350616 0.036016 0.019507
122 0.753236 0.166496 0.036579 0.019507
113 0.804727 0.156229 0.039392 0.019507
52 0.669387 0.689083 0.046708 0.019507
92 0.456106 0.837611 0.046708 0.019507
92 0.137029 0.798255 0.048959 0.019507
92 0.777715 0.899555 0.049522 0.019507
52 0.348340 0.631246 0.050647 0.019507
56 0.669668 0.569131 0.024761 0.019849
56 0.133371 0.366530 0.029263 0.019849
56 0.559370 0.510951 0.032639 0.019849
56 0.560777 0.444387 0.028700 0.020192
64 0.910805 0.758556 0.028700 0.020192
168 0.653067 0.901780 0.037704 0.020534
113 0.134496 0.597536 0.063028 0.020534
120 0.669105 0.544319 0.030388 0.020876
101 0.245639 0.654860 0.068092 0.020876
118 0.748171 0.202601 0.016320 0.021218
70 0.908554 0.815195 0.030951 0.021218
58 0.906303 0.901780 0.030951 0.021218
55 0.883512 0.226899 0.060777 0.021218
126 0.668261 0.398186 0.054586 0.021561
101 0.660383 0.180869 0.070343 0.021561
56 0.134496 0.213039 0.030388 0.022245
76 0.805290 0.136037 0.031514 0.022245
47 0.865785 0.900068 0.033202 0.022587
88 0.806697 0.251540 0.042206 0.022587
52 0.349184 0.172827 0.046708 0.022587
126 0.240293 0.530801 0.052898 0.022587
117 0.353405 0.749658 0.024761 0.022930
66 0.907428 0.716804 0.030951 0.022930
56 0.454136 0.817420 0.033765 0.022930
91 0.564997 0.682238 0.048396 0.022930
52 0.560495 0.245893 0.051773 0.022930
52 0.242544 0.558350 0.051773 0.022930
126 0.458920 0.371492 0.059088 0.022930
113 0.562465 0.661875 0.053461 0.023272
52 0.879854 0.564339 0.054586 0.023272
126 0.344401 0.477070 0.057400 0.023272
78 0.754643 0.394764 0.031514 0.023614
51 0.809510 0.287988 0.039955 0.023614
52 0.347496 0.728782 0.048959 0.023614
55 0.137873 0.493326 0.054024 0.023614
55 0.561339 0.273956 0.054586 0.023614
55 0.569781 0.799624 0.057963 0.023614
120 0.456669 0.521218 0.029826 0.023956
52 0.349184 0.418891 0.052335 0.023956
81 0.561339 0.491102 0.053461 0.023956
127 0.572594 0.899384 0.068092 0.023956
120 0.882949 0.687714 0.021384 0.024298
55 0.460326 0.549452 0.051773 0.024298
83 0.907710 0.740931 0.024761 0.024641
272 0.808948 0.447296 0.035453 0.024641
55 0.248734 0.603696 0.054024 0.024641
60 0.667417 0.484257 0.056275 0.024641
66 0.666573 0.792094 0.038829 0.024983
58 0.757175 0.347878 0.043331 0.024983
60 0.880698 0.377652 0.054024 0.024983
111 0.754361 0.370294 0.024198 0.025325
60 0.237198 0.898015 0.026449 0.025325
1810 0.244513 0.757016 0.029826 0.025325
4252 0.570906 0.137235 0.036579 0.025325
57 0.461452 0.139630 0.043894 0.025325
91 0.459482 0.291581 0.050084 0.025325
499 0.458075 0.209446 0.060777 0.025325
58 0.805571 0.196954 0.033202 0.025667
83 0.348340 0.650068 0.047271 0.025667
87 0.673607 0.855749 0.050647 0.025667
52 0.137029 0.521732 0.055712 0.025667
127 0.461733 0.261978 0.061339 0.025667
108 0.461452 0.431554 0.031514 0.026010
66 0.562746 0.876112 0.038267 0.026010
83 0.345808 0.534223 0.042206 0.026010
91 0.458357 0.793292 0.042206 0.026010
57 0.133934 0.573580 0.056275 0.026010
316 0.141812 0.772074 0.075408 0.026010
76 0.346370 0.704141 0.044457 0.026352
57 0.884918 0.294490 0.047833 0.026352
87 0.567530 0.602841 0.050084 0.026352
68 0.668824 0.425394 0.011818 0.026694
94 0.757456 0.273785 0.032639 0.026694
52 0.776027 0.772416 0.048396 0.026694
98 0.238323 0.583162 0.061339 0.026694
64 0.248171 0.672656 0.041643 0.027036
64 0.564716 0.391342 0.045582 0.027036
57 0.673607 0.205168 0.049522 0.027036
88 0.351716 0.241102 0.060777 0.027036
55 0.463703 0.401608 0.066404 0.027036
252 0.348340 0.676934 0.050647 0.027379
52 0.776027 0.695072 0.051773 0.027379
110 0.242262 0.630219 0.046708 0.027721
91 0.777153 0.664784 0.050647 0.027721
88 0.347214 0.806810 0.057400 0.027721
71 0.810073 0.326489 0.044457 0.028063
91 0.245639 0.242642 0.047833 0.028063
98 0.780248 0.800137 0.047833 0.028063
76 0.242262 0.177447 0.042206 0.028405
88 0.880698 0.443361 0.059651 0.028405
66 0.456669 0.235455 0.039955 0.028747
85 0.458920 0.629535 0.034328 0.029090
66 0.453292 0.494353 0.041080 0.029090
272 0.256050 0.303730 0.051773 0.029090
52 0.878165 0.354723 0.057963 0.029090
88 0.777153 0.595996 0.063028 0.029090
87 0.139280 0.654346 0.044457 0.029432
83 0.666292 0.454825 0.050647 0.029432
81 0.349747 0.606776 0.052335 0.029432
52 0.457231 0.863792 0.053461 0.029432
85 0.859032 0.814682 0.024198 0.029774
296 0.805008 0.225017 0.026449 0.029774
107 0.244232 0.385181 0.027012 0.029774
111 0.672200 0.759582 0.034328 0.029774
118 0.874789 0.529261 0.036579 0.029774
118 0.452167 0.894079 0.036579 0.029774
135 0.246764 0.271903 0.042206 0.029774
547 0.140124 0.863279 0.049522 0.029774
88 0.882105 0.478439 0.054586 0.030116
68 0.345808 0.504278 0.014069 0.030459
119 0.670512 0.660335 0.024198 0.030459
84 0.562465 0.768480 0.045582 0.030459
88 0.131964 0.463210 0.068092 0.030459
118 0.669949 0.594798 0.018571 0.030801
68 0.346652 0.391513 0.019133 0.030801
118 0.130557 0.550308 0.034890 0.030801
60 0.884356 0.498631 0.035453 0.030801
117 0.882386 0.324264 0.028137 0.031143
123 0.667980 0.629192 0.028137 0.031143
3003 0.753236 0.232204 0.042206 0.031143
98 0.349184 0.777036 0.061339 0.031143
88 0.243669 0.830424 0.063028 0.031143
67 0.142656 0.186345 0.063590 0.031143
76 0.453011 0.698494 0.047271 0.031485
122 0.562183 0.421116 0.050647 0.031828
123 0.778559 0.835729 0.029826 0.032170
2677 0.880698 0.619439 0.034890 0.032170
59 0.568936 0.630732 0.057400 0.032170
88 0.132527 0.284394 0.069218 0.032170
118 0.453573 0.730835 0.027012 0.032512
107 0.350310 0.892026 0.027575 0.032512
111 0.562183 0.538501 0.037141 0.032512
74 0.458638 0.763689 0.043894 0.032512
118 0.242544 0.416838 0.018008 0.032854
53 0.135059 0.624572 0.023635 0.032854
68 0.244513 0.798084 0.044457 0.032854
118 0.356500 0.358830 0.041080 0.033196
68 0.345808 0.144422 0.018571 0.033539
123 0.561058 0.182409 0.032639 0.033539
111 0.247327 0.211841 0.034328 0.033539
90 0.238042 0.450376 0.049522 0.033539
70 0.133934 0.895277 0.052898 0.033539
53 0.562465 0.574778 0.018571 0.033881
107 0.245076 0.786961 0.029826 0.033881
85 0.779403 0.738706 0.033765 0.033881
121 0.671075 0.821869 0.042206 0.033881
86 0.571750 0.360541 0.052898 0.033881
4440 0.356500 0.447981 0.063590 0.034223
119 0.562183 0.216804 0.024761 0.034565
68 0.880135 0.535079 0.031514 0.034565
107 0.568655 0.829055 0.033202 0.034565
118 0.125774 0.394079 0.035453 0.034565
268 0.776027 0.631246 0.046145 0.034565
3735 0.349747 0.843600 0.048959 0.034908
87 0.462015 0.462355 0.059651 0.034908
53 0.881261 0.190965 0.025886 0.035592
74 0.246764 0.704312 0.044457 0.035592
4310 0.566123 0.735455 0.054024 0.035592
87 0.137591 0.320671 0.056837 0.035592
281 0.136466 0.737166 0.057963 0.035592
81 0.245639 0.351814 0.051210 0.036277
119 0.135059 0.249658 0.040518 0.036619
121 0.669949 0.515229 0.042206 0.036619
2726 0.877040 0.656913 0.070343 0.036619
259 0.666292 0.323409 0.056275 0.036961
562 0.772932 0.522930 0.059088 0.037645
3754 0.459764 0.666838 0.051773 0.037988
68 0.243669 0.143908 0.057400 0.037988
72 0.874508 0.409651 0.051773 0.038330
268 0.879854 0.262320 0.053461 0.038672
2707 0.353123 0.207050 0.037704 0.039014
1773 0.351716 0.323238 0.066404 0.039357
322 0.133371 0.428816 0.064153 0.039699
1039 0.130557 0.145448 0.067530 0.039699
2167 0.775464 0.561773 0.048396 0.040041
62 0.780529 0.872519 0.046145 0.040726
90 0.659820 0.149384 0.047833 0.040726
4775 0.139280 0.831451 0.051210 0.040726
2983 0.458075 0.173511 0.064153 0.041068
1385 0.669949 0.241615 0.064716 0.041068
3145 0.242262 0.866359 0.052335 0.041410
74 0.881261 0.151780 0.047271 0.042094
1831 0.668542 0.281656 0.050647 0.042437
296 0.243669 0.500856 0.036016 0.042779
219 0.669949 0.722793 0.050084 0.043121
813 0.352842 0.568446 0.064153 0.044490
1505 0.353967 0.279090 0.047271 0.045517
3786 0.665729 0.365332 0.054024 0.046201
219 0.456387 0.332307 0.055149 0.046543
219 0.561621 0.317591 0.054024 0.048597
3889 0.137029 0.695243 0.071469 0.048939
219 0.454418 0.589665 0.050084 0.049966
