128 0.828717 0.463001 0.009045 0.008147
56 0.875919 0.700441 0.018655 0.011202
169 0.195591 0.594026 0.033917 0.012220
92 0.322781 0.367447 0.029395 0.015275
188 0.076880 0.735913 0.042962 0.015614
196 0.410119 0.439409 0.022046 0.015954
52 0.870831 0.594535 0.025438 0.015954
162 0.741945 0.885098 0.026569 0.015954
117 0.878180 0.634420 0.018655 0.016293
56 0.871114 0.550068 0.018089 0.016633
196 0.306388 0.126443 0.024873 0.016633
57 0.879593 0.508316 0.038440 0.016633
52 0.872527 0.445689 0.027699 0.016972
93 0.324760 0.306857 0.042397 0.016972
85 0.732900 0.902071 0.035613 0.017312
108 0.823912 0.478615 0.017524 0.017651
91 0.074618 0.896470 0.033917 0.017651
81 0.825042 0.446707 0.028830 0.018330
188 0.859808 0.728106 0.040701 0.018330
64 0.845958 0.775628 0.041266 0.019009
92 0.076880 0.681263 0.042962 0.019009
499 0.185415 0.201629 0.055399 0.019009
102 0.637083 0.161066 0.063313 0.019348
101 0.190220 0.400034 0.062747 0.020027
56 0.523460 0.723354 0.021481 0.020367
126 0.825325 0.582145 0.040701 0.020367
56 0.186829 0.480482 0.023177 0.020706
87 0.875353 0.490326 0.027699 0.020706
86 0.281232 0.280550 0.039005 0.020706
84 0.842001 0.836219 0.045789 0.020706
91 0.276993 0.263408 0.026003 0.021724
77 0.829847 0.625933 0.033917 0.021724
91 0.824194 0.560251 0.023742 0.022064
95 0.872809 0.467923 0.031656 0.022064
88 0.522894 0.836558 0.042962 0.022064
56 0.404183 0.252546 0.026003 0.022403
92 0.631430 0.504752 0.048615 0.022403
119 0.873092 0.653598 0.014132 0.022743
88 0.520350 0.271385 0.044658 0.022743
76 0.319107 0.264087 0.020916 0.023082
85 0.277558 0.179905 0.030526 0.023082
91 0.635953 0.593686 0.032787 0.023082
113 0.190786 0.766124 0.044658 0.023082
101 0.192199 0.345893 0.047484 0.023082
132 0.853872 0.752376 0.037875 0.023422
98 0.186546 0.261541 0.039570 0.023422
60 0.272753 0.303462 0.015263 0.023761
52 0.824760 0.606925 0.033917 0.023761
121 0.874505 0.614732 0.036179 0.023761
92 0.630865 0.783435 0.040701 0.023761
53 0.320520 0.387814 0.015828 0.024100
118 0.872809 0.528004 0.016959 0.024100
72 0.322499 0.285981 0.033352 0.024100
56 0.519503 0.553632 0.027134 0.024440
83 0.184568 0.129667 0.042397 0.024440
166 0.298191 0.152240 0.018655 0.024779
74 0.275862 0.331466 0.030526 0.024779
120 0.520350 0.401731 0.031091 0.024779
110 0.187111 0.322301 0.037309 0.024779
88 0.321368 0.212322 0.037875 0.024779
87 0.636800 0.287678 0.040136 0.024779
107 0.191634 0.851494 0.041832 0.024779
92 0.518372 0.340292 0.046354 0.024779
127 0.197852 0.896979 0.054268 0.024779
83 0.844262 0.194501 0.041266 0.025119
126 0.732617 0.834352 0.048615 0.025119
56 0.402487 0.165139 0.024873 0.025458
171 0.082250 0.708248 0.029960 0.025458
120 0.740249 0.773761 0.034483 0.025458
132 0.189090 0.796164 0.034483 0.025458
90 0.230921 0.534453 0.037875 0.025458
83 0.736574 0.643075 0.041832 0.025458
77 0.078293 0.538527 0.045789 0.025458
72 0.187677 0.874576 0.049746 0.025458
75 0.845110 0.894942 0.049746 0.025458
108 0.871114 0.573659 0.019220 0.025798
88 0.278689 0.384929 0.023742 0.025798
87 0.850480 0.315343 0.043527 0.025798
166 0.853024 0.416667 0.018089 0.026137
98 0.301300 0.629158 0.042962 0.026137
62 0.322781 0.409708 0.028265 0.026477
168 0.193047 0.577393 0.028830 0.026477
126 0.741097 0.354718 0.048615 0.026477
101 0.849067 0.391378 0.065574 0.026477
68 0.824477 0.501867 0.006218 0.026816
91 0.189655 0.457400 0.039005 0.026816
64 0.298474 0.442125 0.039570 0.026816
83 0.400791 0.722505 0.040701 0.026816
117 0.232052 0.506449 0.020916 0.027155
111 0.296495 0.657162 0.027699 0.027155
56 0.071509 0.567210 0.029960 0.027155
87 0.740814 0.250170 0.043527 0.027155
56 0.519220 0.426171 0.022046 0.027495
123 0.320803 0.239817 0.023177 0.027495
76 0.403053 0.502546 0.035048 0.027495
132 0.083098 0.757128 0.036179 0.027495
81 0.066987 0.295485 0.048050 0.027495
52 0.633974 0.355567 0.050311 0.027495
119 0.274731 0.206721 0.021481 0.027834
120 0.632843 0.840462 0.033352 0.027834
98 0.274449 0.358113 0.039005 0.027834
77 0.308366 0.836049 0.044658 0.027834
547 0.846806 0.133741 0.058790 0.027834
84 0.635953 0.753564 0.062182 0.027834
83 0.824477 0.686864 0.023177 0.028174
91 0.302148 0.744569 0.031091 0.028174
91 0.072923 0.439070 0.037309 0.028174
83 0.404183 0.785981 0.045223 0.028174
127 0.521481 0.241174 0.046919 0.028174
55 0.184850 0.291242 0.054268 0.028513
111 0.828434 0.535132 0.020916 0.028853
76 0.189090 0.655974 0.031091 0.028853
74 0.302996 0.870163 0.032787 0.028853
107 0.402487 0.861677 0.035048 0.028853
366 0.873092 0.683469 0.042397 0.028853
58 0.276993 0.238289 0.030526 0.029192
55 0.072357 0.788187 0.059921 0.029192
86 0.311193 0.601663 0.043527 0.029532
127 0.411532 0.415648 0.058790 0.029532
52 0.520633 0.702648 0.046354 0.029871
1406 0.847654 0.230143 0.046919 0.029871
55 0.071792 0.167006 0.057660 0.029871
1174 0.520068 0.863883 0.057660 0.029871
117 0.636235 0.385098 0.024308 0.030210
107 0.072357 0.814834 0.037309 0.030210
74 0.736857 0.582315 0.037875 0.030210
120 0.192199 0.424644 0.023742 0.030550
60 0.304692 0.805838 0.029395 0.030550
88 0.738270 0.719280 0.033917 0.030550
86 0.310062 0.776477 0.041266 0.030889
127 0.081967 0.870502 0.062182 0.030889
68 0.401922 0.692804 0.007914 0.031229
87 0.736857 0.749491 0.043527 0.031229
55 0.630017 0.220978 0.057094 0.031229
83 0.066987 0.319586 0.039005 0.031568
113 0.293951 0.537169 0.048615 0.031568
68 0.735726 0.613374 0.013002 0.031908
123 0.070661 0.469450 0.027134 0.031908
92 0.072075 0.846911 0.032222 0.031908
132 0.299039 0.568907 0.032787 0.031908
91 0.742510 0.325187 0.037875 0.031908
74 0.070661 0.197556 0.040701 0.031908
76 0.629452 0.135438 0.051441 0.031908
78 0.734878 0.862016 0.048615 0.032247
119 0.403901 0.320774 0.026569 0.032587
72 0.402205 0.386286 0.045789 0.032587
66 0.633691 0.321283 0.033917 0.032926
87 0.516959 0.462492 0.037875 0.032926
121 0.520068 0.625764 0.039570 0.032926
547 0.406162 0.754073 0.054833 0.032926
69 0.309497 0.511541 0.026569 0.033265
87 0.518655 0.663272 0.042397 0.033265
68 0.187111 0.823489 0.048615 0.033265
68 0.825325 0.654956 0.012436 0.033605
117 0.074336 0.133910 0.028830 0.033605
2596 0.740814 0.217074 0.039005 0.033605
121 0.842001 0.805669 0.039005 0.033605
119 0.404466 0.189749 0.020916 0.033944
55 0.513567 0.136456 0.053703 0.033944
366 0.838327 0.868635 0.056529 0.033944
119 0.633126 0.723184 0.026003 0.034284
77 0.527134 0.526137 0.051441 0.034623
2599 0.324194 0.336558 0.032222 0.034963
118 0.520350 0.753055 0.032222 0.034963
68 0.846523 0.164291 0.011871 0.035302
111 0.189938 0.233198 0.022612 0.035302
107 0.403335 0.353360 0.037875 0.035302
127 0.518937 0.488798 0.042962 0.035302
70 0.404748 0.891718 0.044093 0.035302
1584 0.322499 0.186185 0.027699 0.035642
92 0.517241 0.210625 0.032787 0.035642
93 0.408423 0.136286 0.044658 0.035642
4166 0.514132 0.891548 0.086490 0.035642
87 0.071792 0.264087 0.038440 0.035981
104 0.639344 0.535132 0.039570 0.036320
83 0.631713 0.188391 0.024308 0.036660
68 0.403901 0.228615 0.007349 0.036999
121 0.299039 0.472335 0.040701 0.036999
62 0.077445 0.508316 0.047484 0.036999
2489 0.737140 0.803971 0.052007 0.036999
3735 0.631995 0.255940 0.046354 0.037339
509 0.406162 0.582994 0.039005 0.037678
51 0.404466 0.288018 0.042397 0.037678
111 0.066139 0.354039 0.030526 0.038018
83 0.737140 0.450781 0.031656 0.038018
60 0.071227 0.228445 0.033917 0.038018
118 0.075749 0.600645 0.028265 0.038357
107 0.401639 0.468771 0.031091 0.038697
119 0.188525 0.734555 0.034483 0.038697
107 0.515546 0.172267 0.032787 0.039036
83 0.737705 0.543449 0.028265 0.039375
254 0.741097 0.140530 0.041832 0.039375
3283 0.737988 0.181772 0.032222 0.040394
107 0.186546 0.622369 0.035048 0.040394
1282 0.190220 0.692634 0.055964 0.040394
2748 0.517524 0.592159 0.059356 0.040394
127 0.639627 0.557026 0.046919 0.040733
121 0.518089 0.371181 0.036744 0.041073
62 0.191634 0.372539 0.041832 0.041073
90 0.847654 0.353530 0.044658 0.041073
2983 0.185698 0.167006 0.048050 0.041412
111 0.745336 0.288018 0.024308 0.041752
51 0.633126 0.814834 0.042962 0.042430
4122 0.401357 0.623727 0.057660 0.042430
717 0.401074 0.657332 0.058225 0.042430
3984 0.732617 0.680244 0.040701 0.045485
322 0.069813 0.397658 0.061617 0.045825
51 0.519503 0.304141 0.042962 0.046164
322 0.631995 0.424983 0.070096 0.046164
1887 0.630017 0.471317 0.052572 0.046504
681 0.630865 0.683299 0.041832 0.046843
505 0.401357 0.541752 0.058790 0.046843
68 0.303279 0.883741 0.070661 0.047183
1113 0.074053 0.649016 0.049746 0.047522
68 0.634257 0.878649 0.009045 0.047862
1887 0.630865 0.636286 0.057660 0.048540
1140 0.521481 0.797183 0.049180 0.049219
1917 0.404183 0.822471 0.049746 0.050916
3136 0.739683 0.497794 0.046919 0.051935
3740 0.846806 0.273252 0.057660 0.055669
2191 0.306670 0.701969 0.055964 0.056348
3901 0.740814 0.402749 0.050311 0.058045
