169 0.666667 0.307679 0.030769 0.011999
188 0.449288 0.394755 0.032479 0.014741
68 0.429060 0.498800 0.005698 0.017141
196 0.344729 0.653068 0.022792 0.017141
196 0.237037 0.528282 0.023932 0.017141
120 0.223932 0.838704 0.023932 0.017484
92 0.667236 0.500000 0.045584 0.018169
92 0.450427 0.369729 0.047293 0.018169
56 0.555556 0.418924 0.021652 0.018512
83 0.423077 0.517998 0.030199 0.018512
52 0.474929 0.489201 0.031339 0.018512
196 0.785185 0.609359 0.026211 0.018855
66 0.424217 0.479945 0.025641 0.019883
55 0.445299 0.549537 0.050712 0.019883
56 0.664387 0.610387 0.021652 0.020226
56 0.453276 0.261056 0.023362 0.020226
192 0.668946 0.523826 0.031909 0.020569
101 0.228775 0.731574 0.063248 0.020569
171 0.346439 0.855331 0.028490 0.021255
55 0.231339 0.552965 0.053561 0.021255
128 0.128205 0.280939 0.015954 0.021598
95 0.474929 0.509599 0.039316 0.021598
52 0.127066 0.164381 0.042165 0.021598
52 0.558405 0.286767 0.045584 0.021598
120 0.335897 0.395955 0.021083 0.021940
132 0.347293 0.212547 0.025641 0.021940
74 0.659259 0.835962 0.031909 0.022283
119 0.657265 0.901268 0.029060 0.022626
168 0.670655 0.289681 0.029630 0.022626
132 0.880912 0.872815 0.030769 0.022626
55 0.665812 0.588618 0.050712 0.022626
171 0.680627 0.211690 0.035897 0.022969
2596 0.376923 0.686836 0.038177 0.022969
55 0.436752 0.875557 0.045014 0.023312
120 0.114815 0.810593 0.022222 0.023654
74 0.334758 0.726603 0.032479 0.024340
56 0.221937 0.866130 0.055271 0.024340
88 0.562393 0.179294 0.044444 0.024683
84 0.546724 0.865615 0.051852 0.024683
547 0.449288 0.899897 0.058689 0.024683
2596 0.591168 0.702948 0.037037 0.025026
91 0.113390 0.892869 0.041026 0.025026
52 0.452137 0.166781 0.042735 0.025026
92 0.118519 0.517998 0.025071 0.025369
120 0.554416 0.578677 0.027350 0.025369
132 0.455271 0.418752 0.019373 0.025711
117 0.662678 0.876757 0.019373 0.025711
85 0.232479 0.179465 0.028490 0.025711
134 0.875783 0.892184 0.029630 0.025711
66 0.225356 0.679637 0.030199 0.025711
57 0.562108 0.347446 0.035897 0.025711
51 0.224786 0.782825 0.046154 0.025711
55 0.231054 0.430751 0.047293 0.025711
83 0.441880 0.847275 0.052991 0.025711
98 0.122792 0.188378 0.056410 0.025711
66 0.659829 0.743572 0.031909 0.026054
88 0.885185 0.538224 0.043875 0.026054
52 0.882906 0.690435 0.049573 0.026054
113 0.890883 0.236202 0.054131 0.026054
193 0.552137 0.769798 0.036467 0.026397
76 0.665527 0.429722 0.038746 0.026397
95 0.663248 0.674666 0.050142 0.026740
117 0.883191 0.828420 0.028490 0.027083
118 0.219943 0.891670 0.026211 0.027425
87 0.663533 0.805794 0.042735 0.027768
118 0.339316 0.820706 0.011966 0.028111
107 0.225926 0.706891 0.038177 0.028111
72 0.110826 0.784368 0.047293 0.028111
126 0.129345 0.215632 0.050142 0.028111
77 0.557265 0.669181 0.050142 0.028111
82 0.121368 0.548166 0.061538 0.028111
119 0.341026 0.555194 0.018803 0.028454
166 0.457265 0.457148 0.019943 0.028454
66 0.125071 0.306308 0.032479 0.028454
91 0.888604 0.263113 0.045014 0.028454
166 0.131054 0.135413 0.020513 0.028797
113 0.442735 0.737744 0.055840 0.028797
82 0.559544 0.639013 0.062678 0.028797
66 0.888319 0.171752 0.031909 0.029482
87 0.333618 0.791567 0.042735 0.029482
86 0.779487 0.634556 0.045584 0.029482
74 0.451282 0.296366 0.031909 0.029825
74 0.550997 0.802365 0.031909 0.029825
66 0.115100 0.755057 0.041026 0.029825
134 0.337607 0.241687 0.022222 0.030168
51 0.339316 0.525540 0.038177 0.030168
124 0.339886 0.369558 0.045014 0.030168
121 0.668661 0.862530 0.070085 0.030168
118 0.766952 0.701920 0.026211 0.030511
85 0.887464 0.614844 0.029060 0.030511
74 0.779487 0.252143 0.031909 0.030511
61 0.891168 0.508570 0.038746 0.030511
77 0.884046 0.796538 0.051852 0.030511
204 0.554416 0.742715 0.027350 0.031196
92 0.443875 0.707405 0.031909 0.031196
74 0.884615 0.723517 0.034758 0.031196
66 0.454131 0.138156 0.036467 0.031539
60 0.226781 0.459719 0.049003 0.031539
124 0.771510 0.891670 0.050142 0.031539
92 0.118234 0.678608 0.034758 0.031882
122 0.672080 0.141755 0.045014 0.031882
3624 0.379772 0.167809 0.045014 0.031882
92 0.551852 0.608159 0.030199 0.032225
107 0.775783 0.494001 0.031339 0.032225
70 0.336752 0.625986 0.055840 0.032225
1415 0.119373 0.610216 0.056410 0.032225
1415 0.117379 0.848132 0.058120 0.032225
121 0.227635 0.492115 0.038177 0.032568
126 0.886610 0.393726 0.055840 0.032568
264 0.331339 0.893898 0.058689 0.032568
3624 0.926211 0.845732 0.043875 0.032911
127 0.676353 0.773569 0.075214 0.033253
70 0.117664 0.579020 0.033618 0.033596
3526 0.706268 0.244772 0.046154 0.033596
105 0.454701 0.628043 0.052422 0.033596
126 0.774359 0.728145 0.053561 0.033596
63 0.233903 0.812821 0.058689 0.033596
117 0.342450 0.135927 0.028490 0.033939
87 0.662963 0.713233 0.042735 0.033939
109 0.891738 0.139698 0.055840 0.033939
366 0.553276 0.384813 0.059259 0.033939
85 0.116239 0.644498 0.028490 0.034282
60 0.443020 0.769798 0.022222 0.034625
107 0.453276 0.199177 0.021083 0.034967
135 0.668661 0.554337 0.027920 0.034967
58 0.126496 0.252314 0.035328 0.034967
547 0.122222 0.393212 0.057550 0.034967
53 0.670940 0.175694 0.018803 0.035310
111 0.230199 0.210319 0.034188 0.035310
76 0.773789 0.577134 0.041026 0.035310
123 0.667521 0.398354 0.024501 0.035653
111 0.222792 0.749057 0.025071 0.035653
65 0.552707 0.895612 0.054701 0.035996
123 0.556125 0.316078 0.020513 0.036339
53 0.884330 0.757628 0.020513 0.036339
4260 0.778917 0.176551 0.036467 0.036339
78 0.774929 0.667981 0.041026 0.036682
111 0.776923 0.213918 0.024501 0.037024
107 0.336467 0.589475 0.024501 0.037367
70 0.887179 0.475660 0.033048 0.037367
127 0.342735 0.757799 0.065527 0.037367
2151 0.783191 0.139870 0.055271 0.037710
118 0.554986 0.255571 0.026211 0.038053
70 0.448718 0.236030 0.046154 0.038053
2791 0.228205 0.588104 0.063248 0.038053
95 0.561254 0.216832 0.050142 0.038738
83 0.776923 0.814878 0.031339 0.039081
53 0.547578 0.837333 0.031909 0.039424
68 0.892308 0.206719 0.010256 0.039767
53 0.778917 0.289338 0.022792 0.039767
107 0.338462 0.334076 0.019373 0.040110
107 0.662963 0.640898 0.031339 0.040110
83 0.232764 0.299280 0.026781 0.040453
4064 0.777778 0.329791 0.052422 0.040453
81 0.777493 0.370586 0.052991 0.040453
1799 0.233618 0.141412 0.051282 0.040795
83 0.120798 0.431779 0.026211 0.041481
3665 0.440171 0.813336 0.054131 0.041481
1644 0.556410 0.450291 0.057550 0.041481
2103 0.886040 0.305794 0.060399 0.041824
107 0.773219 0.854474 0.026211 0.042167
82 0.121083 0.714604 0.064387 0.042167
83 0.232479 0.390984 0.023932 0.043538
83 0.777493 0.410525 0.026781 0.043538
84 0.343020 0.485430 0.035328 0.043881
4038 0.881766 0.655125 0.057550 0.043881
1917 0.552422 0.543538 0.046154 0.044224
3665 0.777493 0.453205 0.055271 0.044566
322 0.566382 0.144326 0.074074 0.044566
68 0.662963 0.468118 0.016524 0.044909
83 0.554986 0.493486 0.028490 0.044909
53 0.441026 0.667638 0.030769 0.044909
3665 0.118519 0.480802 0.055840 0.044909
322 0.342165 0.288138 0.062108 0.045595
1917 0.225926 0.345218 0.045014 0.047309
3901 0.230769 0.254371 0.052422 0.047309
3901 0.773504 0.771169 0.058689 0.047652
121 0.449003 0.335962 0.039886 0.048680
3624 0.441311 0.586562 0.062108 0.048680
1279 0.226496 0.639870 0.059829 0.049023
68 0.780912 0.535482 0.011966 0.050051
3665 0.881766 0.573877 0.055271 0.050737
1584 0.888034 0.350874 0.037037 0.052451
1579 0.337322 0.436579 0.052422 0.053137
2718 0.882336 0.435379 0.057550 0.053480
68 0.125071 0.346075 0.010826 0.054508
47 0.676068 0.345218 0.033618 0.075420
