246 0.420626 0.610730 0.055338 0.005142
129 0.220514 0.262427 0.046395 0.015427
128 0.210173 0.768769 0.022359 0.016112
92 0.745109 0.588790 0.046954 0.019541
57 0.326160 0.897326 0.048631 0.019541
91 0.637507 0.824991 0.053102 0.019541
92 0.215763 0.226088 0.048072 0.020226
251 0.423980 0.657525 0.046395 0.020569
101 0.104248 0.707576 0.058692 0.020569
92 0.422303 0.596332 0.047513 0.020912
92 0.638625 0.360130 0.049748 0.020912
62 0.098938 0.857731 0.036892 0.021255
120 0.216322 0.404011 0.030184 0.021598
92 0.102292 0.782482 0.043600 0.021598
302 0.421465 0.712547 0.058133 0.021598
56 0.540805 0.356531 0.038569 0.021940
55 0.322527 0.837847 0.054779 0.021940
118 0.207658 0.818821 0.022918 0.022283
251 0.533538 0.535996 0.059810 0.022283
68 0.311906 0.627185 0.021241 0.022969
120 0.318614 0.386527 0.033538 0.022969
92 0.531861 0.892012 0.046395 0.023312
81 0.213807 0.246829 0.051984 0.023312
81 0.529625 0.511484 0.058692 0.023312
89 0.418111 0.860644 0.049189 0.023654
92 0.636669 0.534967 0.050307 0.023654
88 0.317216 0.194206 0.063164 0.023654
91 0.746227 0.512856 0.046954 0.023997
92 0.849357 0.696949 0.047513 0.023997
248 0.852990 0.239973 0.062605 0.023997
120 0.426495 0.465033 0.026831 0.024340
56 0.211012 0.715118 0.027390 0.024683
88 0.099776 0.832362 0.029625 0.024683
60 0.532700 0.182208 0.059251 0.025026
88 0.216322 0.317278 0.060369 0.025026
501 0.106205 0.434008 0.057015 0.025369
293 0.109279 0.466404 0.025154 0.025711
122 0.636948 0.679979 0.047513 0.025711
91 0.530743 0.776997 0.048631 0.025711
84 0.422582 0.769455 0.049189 0.025711
259 0.211291 0.688550 0.059251 0.025711
111 0.216881 0.343846 0.039128 0.026054
115 0.633594 0.894412 0.048631 0.026054
91 0.426775 0.342475 0.049748 0.026054
91 0.534936 0.155297 0.052543 0.026054
86 0.325601 0.783510 0.054220 0.026397
107 0.212968 0.532396 0.029067 0.026740
69 0.542761 0.209119 0.039128 0.026740
86 0.640861 0.738087 0.047513 0.026740
76 0.529067 0.484059 0.048631 0.026740
1214 0.640022 0.847789 0.063723 0.026740
1415 0.214366 0.429208 0.068753 0.026740
91 0.850475 0.454405 0.046395 0.027083
127 0.320850 0.327220 0.063723 0.027083
88 0.635271 0.766198 0.060928 0.027425
53 0.429849 0.440692 0.025713 0.027768
64 0.104528 0.724889 0.035774 0.027768
547 0.105646 0.805451 0.053661 0.027768
68 0.534656 0.334076 0.056456 0.027768
88 0.529346 0.455091 0.062605 0.027768
68 0.749860 0.268769 0.013974 0.028111
107 0.638066 0.871443 0.028508 0.028111
76 0.637228 0.582791 0.038010 0.028111
84 0.742873 0.811450 0.044718 0.028111
89 0.208776 0.839561 0.051984 0.028111
88 0.315260 0.562564 0.054779 0.028111
111 0.420347 0.797566 0.036892 0.029140
88 0.217440 0.199691 0.048072 0.029140
252 0.855226 0.309736 0.050307 0.029140
87 0.323086 0.719061 0.050307 0.029140
1268 0.423421 0.570963 0.051984 0.029140
91 0.642538 0.159068 0.054220 0.029482
96 0.640022 0.652040 0.059251 0.029482
121 0.102012 0.884813 0.070989 0.029482
3157 0.847121 0.345732 0.055338 0.029825
1083 0.532979 0.634042 0.056456 0.029825
127 0.434321 0.211690 0.082728 0.029825
107 0.429011 0.409325 0.028508 0.030168
86 0.433762 0.240658 0.048072 0.030168
89 0.214366 0.559136 0.053102 0.030168
978 0.858301 0.884813 0.066518 0.030168
84 0.210732 0.458862 0.046954 0.030511
88 0.743432 0.700549 0.059251 0.030511
2601 0.747065 0.892527 0.060928 0.030511
111 0.320850 0.811450 0.041364 0.030854
58 0.321409 0.653068 0.060369 0.030854
91 0.851873 0.382756 0.049189 0.031196
107 0.636948 0.554679 0.030743 0.031539
1083 0.745388 0.339390 0.058692 0.031539
55 0.429290 0.155639 0.070430 0.031539
552 0.428172 0.740487 0.076020 0.031539
74 0.106484 0.755399 0.039687 0.031882
87 0.319732 0.359445 0.049189 0.031882
1157 0.424818 0.630271 0.051425 0.031882
253 0.853270 0.622729 0.055338 0.031882
63 0.324483 0.529140 0.057574 0.031882
2255 0.428172 0.890470 0.067077 0.031882
87 0.219676 0.791909 0.050307 0.032225
107 0.210173 0.744429 0.027949 0.032568
118 0.534936 0.240487 0.043600 0.032568
1083 0.637228 0.463661 0.050307 0.032568
96 0.323086 0.301166 0.065959 0.032568
247 0.748463 0.303737 0.057015 0.032911
4164 0.316098 0.223517 0.063164 0.032911
3256 0.534097 0.806993 0.065400 0.032911
111 0.214366 0.622729 0.034097 0.033253
3687 0.635271 0.329277 0.064282 0.033253
3025 0.640022 0.801337 0.067077 0.033253
2885 0.532420 0.302537 0.068753 0.033253
885 0.850196 0.761742 0.061487 0.033596
3664 0.323365 0.451834 0.062046 0.033596
53 0.634433 0.709290 0.030184 0.034282
1831 0.214645 0.590847 0.054779 0.034625
3624 0.320011 0.868186 0.066518 0.034625
2677 0.745668 0.617072 0.036892 0.034967
111 0.532700 0.385327 0.040246 0.034967
552 0.427893 0.684265 0.044159 0.034967
58 0.752096 0.158039 0.046395 0.034967
121 0.218278 0.284882 0.054220 0.034967
1083 0.854667 0.275283 0.062605 0.034967
3025 0.749301 0.778882 0.065400 0.034967
121 0.320850 0.752314 0.046954 0.035310
60 0.749301 0.191978 0.032979 0.035653
3353 0.319452 0.417552 0.049748 0.035653
87 0.429011 0.188893 0.054220 0.035653
4727 0.636948 0.617758 0.056456 0.035653
4058 0.416993 0.831334 0.063723 0.035653
2677 0.425377 0.275111 0.041364 0.035996
3665 0.319452 0.162324 0.067636 0.035996
327 0.531302 0.277511 0.067636 0.035996
88 0.853549 0.846418 0.038010 0.036339
626 0.425098 0.496743 0.044159 0.036339
599 0.216601 0.376071 0.057574 0.036339
3077 0.637786 0.392869 0.061487 0.036339
1035 0.320570 0.681865 0.062046 0.036339
4700 0.635271 0.428180 0.063164 0.036339
60 0.643935 0.279225 0.034656 0.036682
68 0.647568 0.288824 0.067636 0.036682
2707 0.532700 0.424066 0.042482 0.037024
3624 0.849357 0.418409 0.066518 0.037367
1978 0.530464 0.602331 0.074902 0.037710
87 0.858860 0.159239 0.056456 0.038053
2264 0.216042 0.656839 0.054220 0.038396
1949 0.753214 0.232259 0.058692 0.038738
492 0.110676 0.306993 0.059251 0.038738
3027 0.858580 0.581419 0.065959 0.039081
4538 0.313583 0.490401 0.054779 0.039424
1317 0.213248 0.874871 0.050866 0.039767
3984 0.208776 0.162839 0.054220 0.039767
82 0.649804 0.244772 0.064282 0.039767
4166 0.430688 0.375900 0.062046 0.040110
3152 0.318893 0.596160 0.051984 0.040453
646 0.525713 0.566507 0.053102 0.040795
3073 0.745668 0.657868 0.059251 0.041138
3818 0.430688 0.535310 0.064282 0.041481
3375 0.427613 0.308708 0.072666 0.041481
3100 0.852432 0.536510 0.054779 0.041824
663 0.642538 0.199863 0.056456 0.041824
1871 0.744830 0.848817 0.057574 0.041824
4741 0.858860 0.728145 0.064282 0.041824
353 0.746227 0.476517 0.067077 0.041824
3322 0.106484 0.215975 0.045277 0.042509
4116 0.319173 0.261742 0.036892 0.042852
1999 0.106205 0.262427 0.068195 0.043538
1076 0.753773 0.431265 0.060928 0.043881
2061 0.215204 0.495886 0.053661 0.044224
1229 0.854947 0.202434 0.058692 0.044224
1897 0.741196 0.742715 0.063723 0.044224
3419 0.748183 0.379499 0.051984 0.044566
1281 0.637786 0.500171 0.061487 0.044566
2727 0.852711 0.660096 0.048631 0.044909
1827 0.106764 0.170038 0.076020 0.045252
3792 0.111515 0.352245 0.064282 0.045595
1778 0.106205 0.670381 0.052543 0.046966
3145 0.106205 0.398183 0.054779 0.046966
3680 0.749581 0.554508 0.067077 0.046966
3038 0.852711 0.803908 0.059810 0.047309
1281 0.534377 0.848132 0.054779 0.050051
3404 0.851873 0.491087 0.053661 0.050394
