196 0.376494 0.700652 0.022197 0.014418
129 0.814456 0.704085 0.027319 0.014418
126 0.339215 0.773429 0.037564 0.014418
64 0.398406 0.784415 0.022766 0.015105
92 0.811611 0.629591 0.034149 0.015105
108 0.340068 0.790766 0.016505 0.016135
56 0.480080 0.374700 0.019920 0.017508
120 0.340922 0.803982 0.021628 0.017851
128 0.258680 0.668383 0.019920 0.018538
132 0.385885 0.140062 0.027319 0.018538
172 0.379624 0.159286 0.035287 0.018538
85 0.913204 0.392207 0.029027 0.018881
55 0.482356 0.181085 0.052931 0.018881
91 0.373933 0.305012 0.031873 0.019567
92 0.147126 0.706317 0.048378 0.019567
57 0.261525 0.908685 0.036995 0.019911
93 0.817302 0.323035 0.043256 0.019911
55 0.400968 0.748026 0.043825 0.019911
56 0.369095 0.908857 0.027888 0.020254
91 0.398122 0.799519 0.025612 0.020597
117 0.292544 0.695675 0.018213 0.020941
64 0.917758 0.214384 0.030165 0.020941
102 0.596756 0.401819 0.054069 0.020941
166 0.374217 0.723653 0.015367 0.021284
120 0.482641 0.500515 0.025043 0.021284
56 0.480080 0.718503 0.029027 0.021284
92 0.696927 0.540680 0.043825 0.021284
55 0.375071 0.186749 0.052362 0.021284
56 0.260387 0.172159 0.021059 0.021627
56 0.809619 0.379162 0.025612 0.021627
132 0.145703 0.874185 0.038702 0.021627
111 0.478657 0.909372 0.029596 0.021970
57 0.487763 0.560247 0.036426 0.021970
60 0.703756 0.216958 0.042686 0.021970
85 0.400398 0.767079 0.022197 0.022314
272 0.521343 0.140405 0.042117 0.022657
56 0.916335 0.507896 0.028458 0.023000
85 0.372225 0.352386 0.033011 0.023000
90 0.287422 0.717302 0.033011 0.023000
90 0.516221 0.776691 0.038702 0.023000
56 0.146841 0.336080 0.025043 0.023344
84 0.483495 0.888088 0.046101 0.023344
88 0.813603 0.438895 0.023335 0.023687
85 0.811895 0.685719 0.034718 0.023687
91 0.256118 0.794027 0.035287 0.024030
171 0.153956 0.727257 0.030165 0.024373
88 0.698634 0.612942 0.043825 0.024373
126 0.256972 0.581703 0.047240 0.024373
60 0.252419 0.885685 0.024474 0.024717
88 0.916335 0.898043 0.036426 0.024717
52 0.810188 0.657055 0.044963 0.024717
113 0.143995 0.847237 0.046670 0.024717
56 0.149118 0.610539 0.023904 0.025060
91 0.917188 0.755407 0.031303 0.025060
64 0.373079 0.328699 0.034718 0.025060
272 0.401537 0.837796 0.041548 0.025060
98 0.596187 0.382939 0.052931 0.025060
126 0.145987 0.454514 0.046101 0.025403
113 0.369949 0.574837 0.038702 0.025747
91 0.480649 0.698764 0.039271 0.025747
547 0.376779 0.477686 0.054639 0.025747
98 0.696357 0.511843 0.047240 0.026090
126 0.374217 0.377961 0.050655 0.026090
85 0.915766 0.239616 0.018213 0.026777
120 0.264371 0.468246 0.018782 0.026777
118 0.810472 0.881222 0.028458 0.026777
87 0.256403 0.644353 0.036995 0.026777
132 0.372225 0.606248 0.038702 0.026777
127 0.378486 0.279780 0.044394 0.026777
117 0.516221 0.749571 0.017075 0.027120
120 0.480933 0.633196 0.021628 0.027120
107 0.143426 0.215929 0.037564 0.027463
52 0.595902 0.357020 0.042117 0.027463
95 0.918042 0.573464 0.038702 0.027806
89 0.595618 0.261071 0.047240 0.027806
56 0.916619 0.368005 0.022197 0.028150
66 0.375071 0.255064 0.033011 0.028150
4429 0.340353 0.750944 0.037564 0.028493
118 0.696927 0.720563 0.030165 0.028836
91 0.146557 0.315482 0.038133 0.028836
77 0.377063 0.677652 0.041548 0.028836
118 0.921457 0.307072 0.014798 0.029180
123 0.482925 0.406969 0.025612 0.029180
83 0.810188 0.606763 0.029027 0.029180
3984 0.915481 0.871610 0.032442 0.029523
95 0.373079 0.444902 0.042686 0.029523
85 0.258964 0.360968 0.027319 0.029866
69 0.150825 0.826982 0.030734 0.030209
68 0.700626 0.690354 0.046670 0.030209
547 0.484633 0.278750 0.050655 0.030209
85 0.593625 0.324408 0.025043 0.030896
87 0.811042 0.355647 0.038702 0.030896
68 0.808480 0.895125 0.049516 0.031239
60 0.700057 0.439753 0.026181 0.031583
111 0.256403 0.391006 0.033580 0.031583
83 0.255265 0.268452 0.036995 0.031583
88 0.811611 0.535530 0.037564 0.031583
111 0.694935 0.866632 0.034149 0.031926
70 0.480080 0.438551 0.036995 0.031926
51 0.148264 0.146756 0.042686 0.031926
95 0.478657 0.243220 0.044394 0.031926
111 0.704041 0.242705 0.029596 0.032269
60 0.804212 0.771198 0.026181 0.032612
70 0.481218 0.309818 0.033580 0.032612
76 0.253557 0.858050 0.036995 0.032612
121 0.480364 0.473395 0.034149 0.032956
71 0.263517 0.330587 0.060330 0.032956
316 0.595618 0.294370 0.051793 0.033299
119 0.260956 0.194301 0.027888 0.033642
74 0.138019 0.760041 0.033580 0.033642
2707 0.810188 0.504634 0.034718 0.033642
74 0.476380 0.825609 0.038702 0.034329
127 0.923734 0.341229 0.050085 0.034329
121 0.141719 0.794885 0.036426 0.034672
4082 0.918042 0.606419 0.045532 0.034672
68 0.260102 0.613972 0.045532 0.034672
1435 0.375925 0.414521 0.050655 0.034672
2748 0.698634 0.899760 0.057484 0.035015
111 0.917758 0.679883 0.030165 0.035359
93 0.262094 0.147099 0.038133 0.035359
1435 0.917473 0.541538 0.048947 0.035359
111 0.482072 0.668383 0.028458 0.035702
121 0.478088 0.857878 0.043256 0.035702
77 0.152533 0.676279 0.050085 0.035702
118 0.814172 0.257981 0.019920 0.036045
111 0.482356 0.209234 0.025612 0.036045
1877 0.147126 0.904051 0.051793 0.036045
87 0.813034 0.223138 0.038133 0.036389
90 0.811326 0.291452 0.042686 0.036389
121 0.696073 0.833505 0.043256 0.036389
68 0.919465 0.644181 0.009676 0.036732
119 0.144849 0.182458 0.032442 0.036732
4700 0.703756 0.319773 0.058623 0.036732
4486 0.705748 0.281497 0.031873 0.037075
505 0.912066 0.838139 0.054069 0.037418
68 0.702903 0.407140 0.010245 0.037762
328 0.810757 0.473052 0.051793 0.037762
366 0.256688 0.765534 0.056915 0.037762
111 0.150256 0.282355 0.028458 0.038105
93 0.371941 0.881394 0.034718 0.038105
78 0.373648 0.549262 0.038133 0.038448
1755 0.256403 0.824579 0.047240 0.038448
51 0.917473 0.273773 0.034149 0.038792
70 0.145134 0.245280 0.045532 0.038792
4284 0.807342 0.813079 0.057484 0.038792
68 0.375925 0.508754 0.008537 0.039135
68 0.808196 0.737041 0.010245 0.039135
1579 0.479795 0.345348 0.048947 0.039135
118 0.705748 0.364401 0.033011 0.039478
124 0.260387 0.303639 0.040410 0.039478
2894 0.148549 0.491074 0.063745 0.039478
1755 0.261241 0.505836 0.047809 0.040165
2489 0.146841 0.420357 0.058054 0.040165
3735 0.811042 0.574665 0.040979 0.040508
3754 0.257541 0.235153 0.048378 0.040508
4260 0.482925 0.534157 0.048378 0.040508
1282 0.258964 0.434260 0.058054 0.040508
71 0.702903 0.748369 0.058054 0.040508
1316 0.258964 0.545657 0.048947 0.040851
93 0.150256 0.578956 0.037564 0.041538
1578 0.805065 0.847408 0.054069 0.041538
119 0.147980 0.638517 0.031873 0.041881
2904 0.701764 0.481634 0.047809 0.041881
4252 0.372225 0.218675 0.056915 0.041881
1444 0.918042 0.722108 0.045532 0.042225
118 0.597040 0.227085 0.034149 0.042911
1316 0.912635 0.472022 0.038133 0.043254
2727 0.146272 0.375386 0.046670 0.043598
47 0.813887 0.408514 0.035287 0.043941
51 0.481218 0.596979 0.041548 0.043941
1444 0.698634 0.650704 0.048378 0.044971
1607 0.143142 0.533642 0.055208 0.044971
730 0.371372 0.641778 0.041548 0.045657
2669 0.911497 0.794542 0.057484 0.046344
1115 0.700057 0.577068 0.044394 0.046687
68 0.593625 0.430484 0.009106 0.047374
1304 0.917473 0.425506 0.040979 0.047717
768 0.696927 0.796087 0.041548 0.049434
