200 0.315895 0.750773 0.036021 0.009962
169 0.751572 0.517520 0.025729 0.010649
129 0.651229 0.814840 0.032018 0.013054
200 0.198685 0.521299 0.039451 0.013397
101 0.524300 0.600653 0.070898 0.015459
196 0.196398 0.469083 0.024585 0.016146
196 0.197256 0.804363 0.025157 0.016146
193 0.528874 0.701305 0.038879 0.016146
101 0.195826 0.596530 0.072613 0.016146
92 0.853345 0.178805 0.042882 0.016833
168 0.752430 0.502061 0.022870 0.017520
196 0.753002 0.429749 0.024014 0.017863
148 0.314180 0.765716 0.032590 0.017863
92 0.746141 0.780488 0.040023 0.017863
168 0.195254 0.331158 0.031447 0.018550
92 0.641509 0.691171 0.046884 0.018550
93 0.077187 0.848506 0.052601 0.018550
132 0.069468 0.883717 0.038308 0.018894
132 0.313036 0.735486 0.030303 0.019924
85 0.743282 0.887324 0.038879 0.019924
92 0.859634 0.616970 0.045169 0.019924
52 0.638651 0.116798 0.056032 0.019924
120 0.744997 0.864995 0.027444 0.020611
92 0.188107 0.308142 0.044597 0.020611
166 0.412236 0.888183 0.018296 0.020955
148 0.417095 0.865510 0.031447 0.020955
64 0.639794 0.429577 0.034305 0.020955
132 0.751286 0.338372 0.030875 0.021299
167 0.201544 0.500515 0.032590 0.021299
57 0.648942 0.242357 0.042310 0.021642
52 0.746712 0.730161 0.049171 0.021642
52 0.524585 0.435761 0.053173 0.021642
204 0.535163 0.682240 0.027444 0.021986
120 0.302459 0.882515 0.028588 0.021986
92 0.407947 0.634146 0.049743 0.021986
64 0.409949 0.821195 0.044597 0.022329
52 0.070898 0.541223 0.049171 0.022329
91 0.410520 0.793542 0.036592 0.022673
64 0.526301 0.487461 0.037164 0.022673
85 0.407947 0.843696 0.039451 0.022673
92 0.527158 0.540364 0.045740 0.022673
56 0.529731 0.859670 0.028016 0.023016
57 0.863636 0.338887 0.042882 0.023016
64 0.305603 0.566128 0.041738 0.023360
91 0.305317 0.463243 0.041166 0.023703
57 0.078902 0.323428 0.044597 0.023703
4252 0.118353 0.863277 0.028588 0.024047
91 0.857347 0.550326 0.039451 0.024047
57 0.307033 0.397458 0.042310 0.024047
92 0.745283 0.148746 0.042882 0.024047
81 0.526872 0.836482 0.050886 0.024047
52 0.409377 0.577465 0.052601 0.024047
55 0.071469 0.253521 0.054889 0.024047
499 0.853917 0.249055 0.062321 0.024047
499 0.409377 0.707317 0.068611 0.024047
56 0.525443 0.118344 0.032018 0.024390
52 0.296741 0.118688 0.050314 0.024390
60 0.184105 0.117657 0.053745 0.024390
547 0.858491 0.859670 0.057747 0.024390
56 0.074042 0.389557 0.029160 0.024734
272 0.333905 0.698042 0.050314 0.024734
52 0.410520 0.515974 0.053745 0.024734
126 0.194683 0.620577 0.056604 0.025077
83 0.741567 0.121264 0.044597 0.025421
57 0.417953 0.242528 0.045740 0.025421
55 0.746141 0.176572 0.062893 0.025421
4252 0.561750 0.635005 0.032590 0.025764
85 0.526301 0.513397 0.039451 0.025764
272 0.773013 0.463586 0.050314 0.025764
98 0.743282 0.754208 0.051458 0.025764
98 0.638937 0.139299 0.053173 0.025764
52 0.189823 0.282549 0.053745 0.025764
88 0.069182 0.152868 0.029731 0.026108
120 0.640366 0.302645 0.033162 0.026108
110 0.192396 0.572312 0.045169 0.026108
70 0.301887 0.859155 0.052601 0.026108
83 0.853917 0.735658 0.047456 0.026451
98 0.852487 0.675198 0.056032 0.026451
134 0.414808 0.156991 0.024585 0.026795
57 0.311893 0.210237 0.045169 0.026795
61 0.192682 0.752319 0.052601 0.026795
77 0.646369 0.879938 0.046312 0.027138
61 0.186964 0.177430 0.051458 0.027138
120 0.194111 0.781518 0.030303 0.027482
66 0.854202 0.120234 0.033162 0.027482
88 0.525443 0.230161 0.044597 0.027482
98 0.521155 0.460666 0.054317 0.027482
55 0.639794 0.402954 0.060606 0.027482
68 0.855632 0.883030 0.010863 0.027825
126 0.307890 0.830471 0.038308 0.027825
76 0.637793 0.489007 0.040595 0.027825
55 0.193253 0.546376 0.051458 0.027825
61 0.076615 0.796462 0.057176 0.027825
55 0.642081 0.592065 0.060606 0.027825
56 0.640366 0.333219 0.025157 0.028169
120 0.408519 0.351426 0.031447 0.028169
85 0.743568 0.701821 0.031447 0.028169
95 0.409663 0.383373 0.052030 0.028169
117 0.193253 0.368774 0.027444 0.028513
72 0.067467 0.179148 0.049171 0.028513
113 0.744425 0.310031 0.049171 0.028513
95 0.853917 0.831158 0.052030 0.028513
56 0.858491 0.436276 0.028016 0.028856
66 0.408519 0.183099 0.034877 0.028856
547 0.750429 0.641532 0.052030 0.029200
111 0.193825 0.648231 0.029731 0.029543
120 0.308462 0.661628 0.033734 0.029543
120 0.854488 0.404328 0.034877 0.029543
70 0.525157 0.371007 0.047456 0.029543
95 0.748714 0.607695 0.047456 0.029543
61 0.304174 0.633803 0.054889 0.029543
91 0.409377 0.450876 0.045740 0.029887
547 0.529160 0.341635 0.058891 0.029887
119 0.526015 0.885606 0.040023 0.030230
98 0.406232 0.604603 0.055460 0.030230
124 0.644082 0.621608 0.047456 0.030574
81 0.640080 0.793026 0.053173 0.030574
1435 0.744711 0.578667 0.057747 0.030574
127 0.415380 0.212813 0.058891 0.030574
77 0.646083 0.557197 0.049171 0.030917
127 0.410806 0.765029 0.056604 0.030917
111 0.857633 0.763483 0.030875 0.031261
70 0.183819 0.145139 0.040595 0.031261
74 0.072613 0.767262 0.043453 0.031261
87 0.299314 0.182927 0.044025 0.031261
87 0.193539 0.441944 0.044025 0.031261
70 0.747284 0.670045 0.045740 0.031261
81 0.638937 0.457918 0.049743 0.031604
93 0.533448 0.806424 0.040023 0.031948
95 0.524300 0.304878 0.051458 0.031948
1613 0.075186 0.119031 0.065752 0.031948
60 0.188965 0.682583 0.058891 0.032291
52 0.749571 0.402095 0.056032 0.032635
86 0.866495 0.644796 0.048599 0.032978
95 0.641509 0.757815 0.050314 0.032978
85 0.523156 0.402095 0.032018 0.033322
64 0.075472 0.734627 0.052601 0.033322
121 0.749285 0.252319 0.057747 0.033322
87 0.749571 0.368945 0.042310 0.033665
95 0.296455 0.148059 0.050886 0.033665
1435 0.854202 0.800069 0.057176 0.033665
166 0.198399 0.833219 0.021727 0.034009
121 0.746998 0.842494 0.053173 0.034009
121 0.076615 0.825661 0.059463 0.034009
253 0.301315 0.498626 0.060606 0.034009
1420 0.746141 0.809344 0.054889 0.034352
127 0.862779 0.308485 0.061750 0.034352
272 0.298170 0.279457 0.061178 0.034696
85 0.406232 0.542769 0.031447 0.035040
51 0.858491 0.372724 0.052030 0.035040
87 0.409663 0.484885 0.041738 0.035383
126 0.074328 0.697527 0.043453 0.035383
126 0.307604 0.532291 0.044597 0.035383
254 0.643225 0.169873 0.046884 0.035383
69 0.756146 0.282721 0.028016 0.035727
1435 0.642081 0.721745 0.054889 0.035727
107 0.405374 0.415665 0.040023 0.036414
74 0.303316 0.597046 0.040595 0.036414
70 0.190966 0.717966 0.044597 0.036414
51 0.640938 0.272759 0.051458 0.036414
76 0.186106 0.248884 0.037164 0.036757
1435 0.523442 0.269495 0.057747 0.036757
118 0.294454 0.243559 0.038879 0.037101
2134 0.299886 0.314668 0.056604 0.037101
1420 0.407090 0.276366 0.052601 0.037444
3234 0.301887 0.432669 0.066324 0.037444
562 0.524585 0.197183 0.056604 0.037788
127 0.857633 0.153212 0.060606 0.037788
90 0.522870 0.571110 0.046312 0.038131
481 0.408805 0.125558 0.059463 0.038131
366 0.304746 0.799210 0.062893 0.038818
3687 0.073185 0.358124 0.064037 0.038818
121 0.072327 0.571968 0.047456 0.039162
118 0.853917 0.471487 0.033734 0.039505
83 0.070326 0.613363 0.038879 0.039505
68 0.857633 0.702164 0.013722 0.039849
121 0.407090 0.316386 0.046884 0.039849
68 0.193253 0.403813 0.016009 0.040192
2983 0.854202 0.213329 0.057176 0.040536
2820 0.851630 0.514600 0.061178 0.040536
789 0.526872 0.769151 0.063465 0.040536
118 0.637793 0.367743 0.029160 0.040879
81 0.184677 0.211783 0.046884 0.040879
47 0.760435 0.538131 0.027444 0.041566
118 0.642653 0.661457 0.028588 0.041566
62 0.641795 0.842838 0.042882 0.041566
2983 0.408519 0.671762 0.053173 0.041566
118 0.519726 0.153212 0.035449 0.042597
118 0.070898 0.422879 0.037736 0.042597
4252 0.068897 0.287015 0.060034 0.042941
126 0.074042 0.506870 0.056604 0.044315
2103 0.188107 0.875472 0.066324 0.044315
47 0.536306 0.724322 0.036592 0.045002
289 0.074042 0.659739 0.066895 0.045002
1584 0.073471 0.466163 0.036021 0.046032
744 0.742424 0.212813 0.061178 0.046376
68 0.067467 0.217279 0.010292 0.047063
1115 0.638937 0.211783 0.045169 0.047750
4116 0.303316 0.356750 0.041738 0.049124
