246 0.850802 0.576923 0.064719 0.006554
61 0.687572 0.880476 0.033792 0.010693
128 0.071879 0.153156 0.015464 0.014488
120 0.161798 0.474129 0.024628 0.015523
108 0.680412 0.894101 0.010309 0.015868
56 0.851661 0.798551 0.018328 0.015868
188 0.070447 0.498448 0.048110 0.016557
91 0.211340 0.388927 0.022910 0.017592
91 0.163803 0.566230 0.027491 0.017592
110 0.164662 0.645222 0.033792 0.018282
60 0.888316 0.205933 0.026346 0.018627
65 0.214204 0.369093 0.034364 0.019317
57 0.306701 0.624008 0.039519 0.020007
92 0.070447 0.175923 0.040092 0.020007
101 0.851947 0.462573 0.070447 0.020007
60 0.341924 0.651432 0.030928 0.020352
77 0.217068 0.433253 0.035510 0.020697
92 0.635166 0.841325 0.036655 0.020697
148 0.304983 0.712832 0.041810 0.021042
88 0.739118 0.859779 0.041810 0.021042
56 0.210767 0.352535 0.021764 0.021387
91 0.742268 0.283201 0.040092 0.021387
91 0.742268 0.642463 0.035510 0.021732
87 0.631157 0.902208 0.038946 0.021732
85 0.164948 0.519834 0.019473 0.022077
76 0.158648 0.454984 0.028637 0.022077
64 0.071306 0.552259 0.039519 0.022077
92 0.851947 0.484132 0.040664 0.022422
55 0.163517 0.349948 0.050974 0.022422
101 0.293528 0.602449 0.069301 0.022422
108 0.630298 0.879959 0.017755 0.022766
203 0.192153 0.741635 0.038373 0.022766
109 0.161512 0.593825 0.042383 0.023111
126 0.294387 0.897033 0.049255 0.023111
111 0.883734 0.227665 0.021764 0.023456
119 0.164089 0.542946 0.025773 0.023456
92 0.520905 0.695067 0.044101 0.023456
76 0.517755 0.301656 0.035510 0.023801
126 0.209622 0.484477 0.036655 0.023801
52 0.517755 0.132287 0.045819 0.023801
101 0.070447 0.387202 0.075601 0.023801
88 0.408362 0.539496 0.029782 0.024146
91 0.852234 0.177647 0.033219 0.024146
95 0.162085 0.499483 0.040092 0.024146
81 0.633162 0.537772 0.049828 0.024146
85 0.519187 0.835633 0.037228 0.024491
148 0.851661 0.259572 0.044674 0.024491
84 0.071019 0.835288 0.054983 0.024491
55 0.073883 0.204726 0.059565 0.024491
111 0.337629 0.674198 0.024628 0.025181
52 0.071592 0.713522 0.056128 0.025181
92 0.209908 0.509486 0.024628 0.025526
132 0.852806 0.280786 0.033219 0.025526
91 0.408076 0.209383 0.037228 0.025526
101 0.744559 0.264919 0.065292 0.025526
132 0.300401 0.734564 0.036082 0.025871
132 0.070733 0.521732 0.038373 0.025871
70 0.205899 0.413418 0.039519 0.025871
91 0.852234 0.344257 0.043528 0.026216
83 0.066151 0.472922 0.048683 0.026216
121 0.214490 0.646085 0.050974 0.026216
52 0.521764 0.865816 0.057274 0.026216
118 0.212486 0.619352 0.026346 0.026561
88 0.742554 0.403415 0.028064 0.026561
64 0.073883 0.132287 0.041237 0.026561
120 0.634307 0.319420 0.029210 0.026906
122 0.162658 0.374957 0.030928 0.026906
2022 0.684994 0.861159 0.034364 0.027251
81 0.295246 0.199207 0.049828 0.027251
55 0.296392 0.782511 0.058992 0.027251
101 0.189576 0.227837 0.067583 0.027251
90 0.208763 0.536392 0.039519 0.027596
120 0.738832 0.167816 0.026346 0.027941
88 0.633162 0.677303 0.033792 0.027941
83 0.401203 0.686271 0.038373 0.027941
55 0.402921 0.353398 0.061283 0.027941
68 0.159794 0.432218 0.009164 0.028286
126 0.403207 0.850638 0.035510 0.028286
110 0.294674 0.576751 0.040664 0.028286
52 0.519187 0.525699 0.050974 0.028286
60 0.300974 0.432735 0.050974 0.028631
547 0.189290 0.136081 0.057847 0.028631
85 0.300687 0.356157 0.033219 0.029320
87 0.071019 0.610383 0.046964 0.029320
127 0.195876 0.821490 0.056128 0.029320
166 0.192153 0.326319 0.029210 0.029665
123 0.521478 0.232149 0.031501 0.029665
88 0.849656 0.894101 0.031501 0.029665
87 0.186999 0.164539 0.040664 0.029665
77 0.855956 0.547430 0.045246 0.029665
72 0.632589 0.246637 0.046392 0.029665
63 0.215636 0.590893 0.046392 0.029665
121 0.214777 0.458779 0.048110 0.029665
123 0.520619 0.555191 0.024055 0.030010
117 0.851947 0.740773 0.025773 0.030010
74 0.067010 0.413763 0.040092 0.030010
110 0.743700 0.236806 0.040664 0.030010
2917 0.743127 0.710072 0.041810 0.030010
98 0.520905 0.894274 0.047537 0.030010
52 0.402635 0.656951 0.048110 0.030010
2150 0.407216 0.464126 0.058419 0.030010
68 0.069301 0.444291 0.010309 0.030355
51 0.211054 0.562608 0.039519 0.030355
110 0.298683 0.134184 0.049828 0.030355
52 0.636884 0.712660 0.050401 0.030355
1158 0.519759 0.807692 0.034937 0.030700
111 0.737400 0.742842 0.036082 0.030700
95 0.516609 0.160573 0.051546 0.030700
55 0.743414 0.205933 0.056128 0.031045
111 0.298683 0.463091 0.026919 0.031390
118 0.189003 0.892204 0.027491 0.031390
70 0.160080 0.620731 0.034937 0.031390
553 0.513173 0.375819 0.065292 0.031390
113 0.064433 0.322870 0.052119 0.031735
247 0.631157 0.404277 0.053837 0.031735
127 0.081042 0.579510 0.067010 0.031735
1003 0.734822 0.682304 0.067583 0.031735
68 0.067583 0.684546 0.012600 0.032080
76 0.632589 0.216799 0.036082 0.032080
87 0.633162 0.605554 0.039519 0.032080
74 0.634307 0.745947 0.040664 0.032080
72 0.183276 0.197827 0.050401 0.032080
66 0.520046 0.494998 0.042383 0.032425
120 0.298683 0.166092 0.022337 0.032770
77 0.637743 0.814246 0.047537 0.032770
74 0.850515 0.314419 0.048110 0.032770
1579 0.523196 0.665229 0.058992 0.032770
1427 0.065006 0.864264 0.071592 0.032770
85 0.071879 0.358399 0.032646 0.033115
92 0.400057 0.882028 0.032646 0.033115
1039 0.229095 0.690238 0.065292 0.033115
120 0.302119 0.541566 0.024628 0.033805
95 0.635166 0.779234 0.044674 0.033805
87 0.740263 0.136599 0.048683 0.033805
3047 0.740836 0.483270 0.055556 0.033805
107 0.851947 0.515178 0.033792 0.034150
126 0.406930 0.428251 0.038373 0.034150
111 0.738832 0.520869 0.025200 0.034495
4260 0.516896 0.458089 0.037228 0.034495
69 0.076460 0.292687 0.023482 0.034840
111 0.296678 0.228872 0.028637 0.034840
58 0.405498 0.281649 0.040092 0.034840
95 0.518900 0.587961 0.050401 0.034840
119 0.851947 0.773715 0.022337 0.035185
126 0.633448 0.140048 0.044674 0.035185
325 0.063001 0.893756 0.054983 0.035185
74 0.184708 0.790100 0.038373 0.035529
59 0.642325 0.567954 0.052119 0.035529
2423 0.404353 0.135219 0.059565 0.035874
1158 0.403780 0.317868 0.033219 0.036219
76 0.634880 0.287168 0.038373 0.036909
2280 0.071592 0.648155 0.060710 0.037254
4260 0.740263 0.605899 0.038373 0.037599
2151 0.518900 0.629700 0.056128 0.037599
1908 0.737686 0.832528 0.061856 0.037599
47 0.307274 0.751811 0.030355 0.038289
4162 0.851375 0.611763 0.049828 0.038289
675 0.070160 0.799241 0.049828 0.038634
339 0.743414 0.564677 0.060710 0.038634
111 0.634593 0.180924 0.030928 0.038979
87 0.188144 0.856502 0.034937 0.039324
2061 0.520332 0.772335 0.049828 0.039324
3322 0.739691 0.365988 0.055556 0.039324
107 0.403207 0.621766 0.038946 0.039669
68 0.639462 0.642290 0.017755 0.040014
47 0.169817 0.402553 0.024628 0.040014
2191 0.738832 0.890824 0.045819 0.040359
68 0.518900 0.269058 0.009164 0.040704
2218 0.851661 0.705933 0.054983 0.041049
401 0.518900 0.337185 0.056128 0.041049
2218 0.853666 0.427561 0.056701 0.041049
1039 0.399771 0.386168 0.068729 0.041049
720 0.521191 0.733701 0.046964 0.041394
51 0.408362 0.246809 0.042383 0.042428
51 0.301833 0.503105 0.045819 0.042428
366 0.300687 0.317868 0.061856 0.042428
4497 0.292096 0.818386 0.065292 0.042428
363 0.403780 0.174888 0.057274 0.042773
69 0.407789 0.888237 0.071019 0.042773
2959 0.294674 0.861504 0.063574 0.043118
1534 0.293242 0.394101 0.064147 0.043118
922 0.632302 0.441877 0.060710 0.043463
339 0.518614 0.417040 0.061283 0.043463
691 0.402921 0.579855 0.062428 0.043463
2218 0.853093 0.144015 0.055556 0.044498
51 0.519473 0.195757 0.042383 0.045188
119 0.292669 0.269231 0.042383 0.045188
2022 0.737686 0.443774 0.056128 0.045188
325 0.401775 0.771990 0.067010 0.045533
1427 0.400057 0.721283 0.077320 0.045533
2195 0.632016 0.359262 0.065865 0.046568
3323 0.741695 0.322180 0.067583 0.046913
3840 0.401775 0.815626 0.073883 0.047258
890 0.405212 0.503277 0.046392 0.047603
4166 0.851661 0.382373 0.067583 0.048637
1460 0.743127 0.786651 0.050974 0.050017
4166 0.851947 0.659883 0.061283 0.050362
1158 0.066724 0.246809 0.053265 0.050707
937 0.064433 0.754743 0.078465 0.052432
1460 0.634593 0.495688 0.053837 0.057951
4166 0.847365 0.848568 0.065865 0.060711
47 0.190435 0.271645 0.034937 0.067954
