101 0.535571 0.480591 0.044177 0.010993
52 0.493402 0.358983 0.037866 0.013054
120 0.493402 0.435589 0.022949 0.015115
88 0.182444 0.832704 0.039013 0.015802
205 0.296041 0.477843 0.058520 0.015802
188 0.726908 0.864136 0.044750 0.016146
55 0.540448 0.358811 0.042456 0.016833
101 0.185026 0.891618 0.071715 0.017520
120 0.399025 0.599279 0.026965 0.018207
203 0.629375 0.714703 0.044750 0.018207
68 0.540161 0.407764 0.009753 0.018550
91 0.539013 0.441773 0.037292 0.018550
1002 0.890132 0.431639 0.036145 0.018894
88 0.400459 0.808142 0.047045 0.019581
81 0.494836 0.394710 0.036145 0.019924
101 0.851119 0.255239 0.068273 0.019924
56 0.844234 0.234799 0.025818 0.020268
56 0.731497 0.660941 0.020654 0.020611
56 0.846816 0.176056 0.024096 0.020955
127 0.413941 0.856235 0.077453 0.020955
1002 0.653184 0.574373 0.053356 0.021299
162 0.498853 0.377018 0.029260 0.021642
67 0.542169 0.388698 0.040161 0.021642
88 0.291165 0.886980 0.047619 0.021986
55 0.843087 0.117485 0.057946 0.021986
55 0.842513 0.771384 0.056799 0.022329
90 0.491107 0.480247 0.040161 0.022673
81 0.733219 0.115768 0.051635 0.022673
66 0.620482 0.776881 0.037292 0.023016
57 0.624211 0.828066 0.041308 0.023016
58 0.541882 0.424768 0.046472 0.023016
88 0.075731 0.194950 0.049340 0.023016
113 0.397303 0.355376 0.059094 0.023016
91 0.179002 0.767090 0.043603 0.023360
1435 0.842800 0.886980 0.061962 0.023360
107 0.492255 0.456544 0.024096 0.024047
64 0.402467 0.508416 0.036145 0.024047
88 0.511474 0.614909 0.051061 0.024047
642 0.507172 0.765373 0.051635 0.024047
55 0.730063 0.476469 0.055651 0.024047
1810 0.509180 0.793370 0.029260 0.024390
85 0.845668 0.861731 0.032129 0.024390
87 0.397877 0.833219 0.045324 0.024390
1002 0.767929 0.762109 0.049914 0.024390
66 0.621056 0.661972 0.036145 0.024734
88 0.843373 0.744074 0.048193 0.024734
193 0.723752 0.837513 0.049914 0.024734
64 0.405049 0.118688 0.035571 0.025077
91 0.293173 0.279801 0.047045 0.025077
126 0.076018 0.306596 0.049914 0.025077
62 0.497131 0.416695 0.039587 0.025421
2596 0.661216 0.261079 0.044177 0.025421
88 0.184165 0.350395 0.047045 0.025421
64 0.399312 0.749055 0.036718 0.025764
2596 0.880952 0.284267 0.041882 0.025764
77 0.850832 0.836311 0.060815 0.025764
119 0.510614 0.866541 0.028686 0.026451
2596 0.774240 0.188423 0.041882 0.026451
1799 0.537292 0.464273 0.041882 0.026451
91 0.182731 0.611645 0.044177 0.026451
91 0.183592 0.508245 0.047045 0.026451
68 0.404475 0.201992 0.021801 0.026795
89 0.841652 0.679148 0.059667 0.026795
132 0.721744 0.887839 0.041308 0.027138
107 0.510614 0.841807 0.047045 0.027138
166 0.516638 0.338715 0.017785 0.027482
60 0.547332 0.370319 0.028686 0.027482
76 0.620769 0.231707 0.044750 0.027825
186 0.301492 0.424425 0.047619 0.027825
91 0.074297 0.434730 0.047619 0.027825
2150 0.508606 0.697698 0.053356 0.028169
51 0.508032 0.819134 0.048766 0.028513
127 0.627940 0.688939 0.063683 0.028513
66 0.510040 0.586740 0.040161 0.028856
78 0.623064 0.336654 0.047045 0.028856
88 0.401033 0.175541 0.048193 0.028856
84 0.842226 0.574373 0.049340 0.028856
85 0.405336 0.146170 0.026965 0.029200
122 0.620195 0.506012 0.045898 0.029543
86 0.847963 0.470457 0.047045 0.029887
87 0.512335 0.119375 0.052783 0.029887
135 0.297476 0.456544 0.029260 0.030230
70 0.183018 0.151151 0.044750 0.030230
180 0.080321 0.591549 0.049340 0.030230
104 0.076018 0.376846 0.051061 0.030230
2596 0.621343 0.749227 0.053930 0.030230
91 0.293460 0.216077 0.070568 0.030230
60 0.185600 0.181896 0.024670 0.030574
53 0.187034 0.120405 0.028686 0.030574
93 0.627367 0.366884 0.040734 0.030917
122 0.733219 0.687049 0.042456 0.030917
91 0.290878 0.345586 0.044750 0.030917
85 0.294320 0.816386 0.035571 0.031261
91 0.397590 0.717451 0.047045 0.031261
70 0.510614 0.304706 0.042456 0.031604
1263 0.293460 0.248712 0.051061 0.031604
91 0.517785 0.885950 0.078600 0.031604
118 0.074297 0.405531 0.031555 0.031948
117 0.844808 0.397630 0.032702 0.031948
51 0.618761 0.857953 0.046472 0.031948
126 0.729489 0.544658 0.052209 0.031948
51 0.621056 0.120405 0.053356 0.031948
127 0.630235 0.804878 0.079748 0.032291
74 0.842513 0.321024 0.036145 0.032635
76 0.729776 0.633975 0.039013 0.032635
104 0.402754 0.479389 0.052783 0.032635
91 0.072863 0.506699 0.053930 0.032978
3956 0.843087 0.148746 0.061388 0.032978
204 0.729489 0.810890 0.034997 0.033322
122 0.405909 0.537444 0.038439 0.033322
1811 0.736087 0.240295 0.053930 0.033322
77 0.626506 0.474236 0.058520 0.033322
1114 0.402180 0.882343 0.063110 0.033322
127 0.627940 0.881656 0.068273 0.034009
87 0.624785 0.399863 0.052783 0.034352
99 0.400746 0.571625 0.060241 0.034352
107 0.509466 0.554620 0.039013 0.034696
126 0.516064 0.195981 0.057946 0.034696
4109 0.736374 0.279114 0.061388 0.034696
547 0.846816 0.608210 0.063110 0.034696
53 0.620195 0.304019 0.026391 0.035727
58 0.621916 0.154586 0.042456 0.035727
122 0.398451 0.780144 0.048766 0.035727
118 0.843947 0.204912 0.027539 0.036070
126 0.740677 0.313638 0.059667 0.036414
1083 0.621056 0.440227 0.047619 0.036757
1891 0.184739 0.575919 0.048193 0.036757
1834 0.290304 0.312779 0.064257 0.036757
83 0.077453 0.122982 0.033276 0.037101
107 0.509466 0.270010 0.035571 0.037101
1905 0.179002 0.541738 0.064257 0.037101
2432 0.286288 0.732394 0.065404 0.037101
1935 0.404188 0.322913 0.072863 0.037101
62 0.845095 0.711611 0.050488 0.037444
53 0.399598 0.386293 0.020080 0.038131
53 0.844234 0.504122 0.025818 0.038131
4440 0.187608 0.737375 0.076879 0.038131
53 0.619048 0.540536 0.025244 0.038818
135 0.069134 0.625043 0.039587 0.038818
752 0.076592 0.338887 0.057946 0.038818
350 0.178428 0.860357 0.065404 0.038818
1999 0.399885 0.631742 0.073437 0.039162
121 0.731784 0.508588 0.044177 0.039505
83 0.733505 0.439711 0.032702 0.039849
428 0.292886 0.855376 0.071715 0.040536
2885 0.844521 0.803332 0.052783 0.040879
2220 0.184165 0.386293 0.063110 0.040879
2598 0.512335 0.228787 0.033276 0.041223
4260 0.179002 0.803847 0.039013 0.041223
1699 0.181583 0.474064 0.071715 0.041223
53 0.728055 0.723634 0.028686 0.041566
3883 0.074584 0.473205 0.051635 0.041566
83 0.402180 0.236345 0.026391 0.041910
2579 0.293173 0.641360 0.066552 0.041910
376 0.078313 0.273789 0.071715 0.042597
1879 0.506598 0.733597 0.045898 0.042941
119 0.837636 0.543112 0.036718 0.043284
53 0.841939 0.359498 0.025818 0.043628
83 0.734366 0.149261 0.033276 0.043628
1111 0.075731 0.232394 0.057372 0.043628
4397 0.072576 0.545517 0.040734 0.043971
1354 0.082329 0.656647 0.031555 0.044315
2426 0.292025 0.686190 0.072289 0.044315
68 0.857143 0.645654 0.009180 0.045002
68 0.731211 0.397630 0.013196 0.045002
121 0.624211 0.194950 0.043603 0.045002
1223 0.180436 0.429577 0.047619 0.045002
653 0.401033 0.278942 0.059667 0.045345
2809 0.294033 0.127104 0.071715 0.046032
2269 0.185026 0.225180 0.061388 0.046376
1282 0.736087 0.353315 0.066552 0.046376
4397 0.177567 0.648574 0.038439 0.046719
3526 0.621916 0.625902 0.063110 0.046719
1834 0.514917 0.519409 0.074010 0.046719
1158 0.290878 0.174682 0.061962 0.047063
4091 0.075731 0.161972 0.067699 0.047063
1854 0.399025 0.677946 0.068273 0.047063
322 0.186460 0.266747 0.074584 0.047063
1354 0.301492 0.597561 0.030407 0.048437
4240 0.291452 0.381141 0.059667 0.048437
4361 0.294033 0.776537 0.069421 0.048437
1575 0.176707 0.316043 0.049340 0.050155
1827 0.515204 0.656132 0.079174 0.050842
296 0.512909 0.160941 0.042456 0.051185
3136 0.730350 0.589316 0.057372 0.051872
957 0.171256 0.695981 0.056799 0.052903
47 0.404475 0.422707 0.034423 0.075919
47 0.292312 0.524390 0.038439 0.092408
47 0.081469 0.746822 0.052783 0.144967
