246 0.299002 0.378897 0.055751 0.006852
169 0.068075 0.437479 0.041080 0.011648
128 0.865904 0.448784 0.019366 0.017129
64 0.071303 0.760363 0.033451 0.017472
173 0.409918 0.218054 0.035798 0.017472
57 0.072183 0.654334 0.039906 0.018499
173 0.308392 0.610483 0.045188 0.019185
204 0.300763 0.286228 0.028756 0.019527
132 0.756162 0.653477 0.031103 0.019527
57 0.409624 0.345495 0.039906 0.020212
56 0.862089 0.192874 0.023474 0.020555
57 0.317488 0.729359 0.042254 0.020555
162 0.309272 0.398595 0.030516 0.020898
57 0.762324 0.878383 0.049296 0.021240
297 0.410505 0.803015 0.051056 0.021240
1002 0.445423 0.186879 0.043427 0.021583
65 0.317195 0.812778 0.052230 0.021583
56 0.055458 0.122473 0.026408 0.022268
101 0.069542 0.639431 0.066315 0.022268
132 0.070716 0.875128 0.034624 0.022953
1002 0.339789 0.564919 0.049296 0.023296
101 0.299002 0.505995 0.065141 0.023296
132 0.648474 0.703494 0.030516 0.023638
56 0.188380 0.436280 0.031690 0.023638
90 0.794014 0.511648 0.038732 0.023638
98 0.193662 0.876841 0.053991 0.023638
55 0.752347 0.681569 0.057512 0.023638
168 0.068662 0.421377 0.041080 0.023981
55 0.402876 0.270641 0.060446 0.023981
101 0.416667 0.875642 0.063380 0.023981
76 0.644953 0.793594 0.035211 0.024323
57 0.653756 0.874101 0.048122 0.024323
56 0.060153 0.285029 0.025235 0.024666
83 0.517606 0.244604 0.039906 0.024666
52 0.188967 0.722165 0.046948 0.024666
98 0.745305 0.316204 0.051643 0.024666
132 0.868838 0.534601 0.034624 0.025009
91 0.071596 0.782631 0.037559 0.025009
132 0.529930 0.482700 0.029343 0.025351
185 0.871479 0.657417 0.039906 0.025351
52 0.528462 0.744090 0.042840 0.025351
56 0.404343 0.121788 0.025822 0.025694
56 0.863263 0.626756 0.035211 0.025694
81 0.637031 0.194073 0.042840 0.025694
57 0.759390 0.218739 0.044601 0.025694
98 0.526995 0.769955 0.053991 0.025694
117 0.798415 0.486468 0.024061 0.026036
76 0.867371 0.876670 0.029343 0.026036
162 0.066901 0.230558 0.030516 0.026036
148 0.068075 0.458376 0.039906 0.026036
87 0.301643 0.527921 0.043427 0.026036
101 0.866784 0.607057 0.065728 0.026036
134 0.294601 0.309866 0.030516 0.026379
134 0.309566 0.631209 0.031103 0.026379
83 0.634977 0.220452 0.037559 0.026379
547 0.870305 0.826139 0.056338 0.026379
76 0.057805 0.257280 0.033451 0.026721
81 0.518192 0.218568 0.042254 0.026721
98 0.306925 0.784173 0.051643 0.026721
98 0.637911 0.406304 0.053991 0.026721
52 0.309272 0.872388 0.055164 0.027064
117 0.105634 0.347379 0.028169 0.027407
83 0.857981 0.359712 0.042254 0.027407
113 0.752347 0.626927 0.049296 0.027407
76 0.408744 0.740836 0.034624 0.027749
113 0.523768 0.455807 0.045188 0.027749
166 0.533157 0.710517 0.024061 0.028092
90 0.101819 0.375128 0.038146 0.028092
107 0.193075 0.754025 0.041080 0.028092
87 0.191901 0.649880 0.042254 0.028092
499 0.182218 0.249058 0.059272 0.028092
68 0.869425 0.849092 0.012324 0.028434
134 0.406397 0.238267 0.019366 0.028434
134 0.865610 0.682939 0.039906 0.028434
98 0.065728 0.518499 0.056338 0.028434
117 0.636444 0.278863 0.027582 0.028777
87 0.746772 0.191161 0.046362 0.028777
126 0.410211 0.769442 0.049296 0.028777
52 0.751467 0.449126 0.052230 0.028777
120 0.291667 0.197157 0.022300 0.029120
171 0.200998 0.817575 0.036972 0.029120
65 0.076291 0.806612 0.045775 0.029120
86 0.074237 0.489380 0.046362 0.029120
113 0.863850 0.507194 0.050469 0.029120
127 0.761737 0.775094 0.061033 0.029120
101 0.062207 0.312264 0.066901 0.029120
87 0.647300 0.732100 0.043427 0.029462
68 0.068955 0.577938 0.048709 0.029462
98 0.631749 0.308325 0.052230 0.029462
60 0.517312 0.190134 0.053404 0.029462
118 0.642312 0.564406 0.034624 0.029805
87 0.181045 0.337958 0.039319 0.029805
86 0.200704 0.849777 0.042254 0.029805
72 0.523768 0.581877 0.048709 0.029805
52 0.862089 0.424974 0.055164 0.029805
127 0.538732 0.611682 0.070423 0.029805
76 0.406103 0.558753 0.038732 0.030147
87 0.521714 0.157588 0.042254 0.030147
66 0.178110 0.274580 0.029930 0.030490
119 0.303404 0.700411 0.031690 0.030490
76 0.636150 0.165639 0.036385 0.030490
253 0.531690 0.869647 0.050469 0.030490
127 0.186913 0.305413 0.061620 0.030490
76 0.304871 0.755053 0.036972 0.030832
78 0.531397 0.832134 0.044014 0.031518
123 0.745305 0.122816 0.030516 0.031860
123 0.748533 0.377184 0.031103 0.032203
74 0.752641 0.559781 0.039319 0.032203
68 0.642899 0.597807 0.052230 0.032203
85 0.637617 0.336588 0.028756 0.032545
123 0.529049 0.644570 0.031103 0.032545
107 0.752641 0.710003 0.035798 0.032545
68 0.528169 0.516444 0.048122 0.032545
127 0.194836 0.369476 0.066901 0.032545
84 0.191021 0.576567 0.039319 0.032888
107 0.867371 0.720110 0.039906 0.032888
77 0.762031 0.808153 0.051056 0.032888
118 0.521420 0.391059 0.028756 0.033231
68 0.408157 0.526550 0.014671 0.033573
119 0.406984 0.450154 0.028756 0.033573
166 0.410505 0.594039 0.033451 0.033573
107 0.526115 0.549846 0.038146 0.033573
107 0.646127 0.764303 0.042254 0.033573
86 0.753228 0.286742 0.047535 0.033573
111 0.860915 0.390716 0.028169 0.033916
111 0.517312 0.273210 0.029930 0.033916
111 0.063087 0.544193 0.032277 0.033916
111 0.747653 0.341727 0.035211 0.033916
76 0.865610 0.753854 0.036385 0.033916
118 0.406690 0.152107 0.023474 0.034258
107 0.187793 0.470709 0.038732 0.034258
124 0.518779 0.125043 0.049296 0.034258
121 0.655810 0.857828 0.074531 0.034258
85 0.864143 0.164954 0.026408 0.034601
118 0.743545 0.249229 0.032864 0.034601
69 0.873826 0.477390 0.037559 0.034601
107 0.404343 0.380096 0.039906 0.034601
110 0.188380 0.542480 0.039906 0.034601
90 0.294894 0.476704 0.046362 0.034601
4039 0.640552 0.441761 0.056925 0.034601
67 0.314554 0.841213 0.057512 0.034601
53 0.526995 0.800274 0.026995 0.034943
92 0.751174 0.744090 0.036385 0.034943
3526 0.330986 0.234498 0.043427 0.035286
124 0.405223 0.415382 0.045188 0.035286
77 0.650528 0.825111 0.063967 0.035286
87 0.520246 0.356286 0.036972 0.035629
90 0.525822 0.679000 0.051643 0.035629
99 0.418134 0.708804 0.054577 0.035629
122 0.411092 0.667181 0.044014 0.035971
90 0.064261 0.611339 0.046362 0.035971
68 0.639378 0.254368 0.048709 0.035971
87 0.058099 0.160158 0.049296 0.035971
95 0.412852 0.630867 0.056925 0.035971
87 0.644073 0.531004 0.038146 0.036314
68 0.524648 0.427886 0.048122 0.036314
69 0.197477 0.506509 0.031103 0.036656
119 0.750880 0.594553 0.039319 0.036656
1435 0.636444 0.374272 0.055751 0.036656
51 0.305751 0.666324 0.043427 0.036999
51 0.289906 0.127441 0.048122 0.036999
63 0.299883 0.163755 0.058685 0.036999
121 0.746772 0.157760 0.038146 0.037342
107 0.174589 0.126584 0.041667 0.037342
107 0.644660 0.633265 0.036972 0.038027
90 0.862676 0.573484 0.044601 0.038369
92 0.644660 0.671977 0.039319 0.038712
124 0.189847 0.616136 0.047535 0.038712
70 0.058099 0.199897 0.048122 0.038712
70 0.191608 0.787770 0.052230 0.038712
4039 0.859448 0.230901 0.060446 0.039054
118 0.072770 0.842583 0.037559 0.039397
119 0.747653 0.414697 0.038732 0.039397
77 0.193955 0.404419 0.055751 0.039397
70 0.175469 0.167181 0.048122 0.039740
92 0.190434 0.689277 0.036972 0.040425
496 0.064554 0.688249 0.073944 0.040425
3754 0.866491 0.793080 0.060446 0.041110
366 0.861502 0.127270 0.063380 0.041453
107 0.406690 0.488523 0.031690 0.041795
4452 0.299883 0.438335 0.063380 0.042138
121 0.755282 0.846180 0.049296 0.042480
1917 0.636444 0.128469 0.051056 0.043165
365 0.069542 0.731415 0.065141 0.043165
2983 0.178991 0.210175 0.046948 0.043508
4310 0.413439 0.841041 0.060446 0.044536
68 0.858568 0.324084 0.015258 0.045221
730 0.522887 0.314320 0.045775 0.046934
47 0.301056 0.336588 0.034038 0.048304
296 0.644953 0.487153 0.028169 0.049332
296 0.862676 0.276636 0.035211 0.051730
3216 0.401408 0.308667 0.056338 0.052758
