128 0.733122 0.505474 0.017888 0.015395
57 0.526544 0.873418 0.047894 0.018474
120 0.331506 0.635135 0.027121 0.018816
93 0.515291 0.369826 0.060012 0.019843
98 0.508944 0.890694 0.062320 0.020185
113 0.847086 0.744099 0.058857 0.020527
91 0.240046 0.332877 0.039238 0.021211
65 0.331795 0.703729 0.043855 0.021895
56 0.847952 0.478789 0.025967 0.023606
499 0.847663 0.233493 0.058857 0.023606
64 0.624351 0.487513 0.039238 0.023948
56 0.632141 0.662846 0.023658 0.024290
92 0.733122 0.605542 0.042123 0.024632
120 0.851125 0.720322 0.031160 0.024974
52 0.733122 0.160281 0.052510 0.024974
91 0.056838 0.454328 0.038661 0.025316
85 0.511541 0.788744 0.047894 0.025659
108 0.327755 0.575094 0.028852 0.026001
251 0.055972 0.484605 0.054241 0.026343
65 0.063185 0.270099 0.057126 0.026343
119 0.627813 0.361957 0.024235 0.027369
52 0.845643 0.452959 0.052510 0.027369
111 0.843335 0.155491 0.030583 0.027711
3053 0.510675 0.669004 0.046163 0.027711
92 0.512695 0.697058 0.050202 0.027711
91 0.240335 0.728361 0.040969 0.028053
64 0.512695 0.761546 0.040969 0.028053
56 0.736007 0.483750 0.027121 0.028738
120 0.845066 0.538659 0.034045 0.029080
127 0.640508 0.724769 0.062320 0.029080
117 0.627813 0.851693 0.024235 0.029764
120 0.734276 0.528395 0.028275 0.029764
88 0.512118 0.589976 0.034045 0.029764
113 0.506347 0.436709 0.050202 0.029764
76 0.733122 0.843654 0.035199 0.030106
65 0.244951 0.569620 0.055972 0.030106
293 0.063474 0.515395 0.034622 0.030448
91 0.624351 0.515053 0.039238 0.030448
90 0.514426 0.848443 0.053664 0.030790
85 0.630698 0.634622 0.030006 0.031475
122 0.327755 0.464933 0.043855 0.031475
111 0.728505 0.127780 0.032891 0.031817
74 0.845355 0.126753 0.042701 0.031817
72 0.628390 0.694663 0.058857 0.031817
126 0.510098 0.817482 0.063474 0.031817
316 0.731391 0.880773 0.066359 0.031817
122 0.626370 0.882997 0.043278 0.032159
72 0.726774 0.362299 0.054818 0.032159
89 0.625216 0.201334 0.059435 0.032501
87 0.844489 0.507355 0.038661 0.032843
1262 0.399019 0.170031 0.043278 0.032843
118 0.622331 0.168149 0.019042 0.033185
85 0.847374 0.264967 0.032891 0.033185
117 0.326313 0.735375 0.037507 0.033185
77 0.740623 0.233151 0.049048 0.033185
1416 0.624928 0.400103 0.057703 0.033185
56 0.238892 0.440130 0.025389 0.033869
68 0.509810 0.130174 0.049048 0.033869
111 0.737161 0.763599 0.030583 0.034211
117 0.056261 0.308074 0.037507 0.034554
95 0.326024 0.430722 0.053087 0.034896
60 0.502597 0.467841 0.023081 0.035238
123 0.848817 0.576120 0.030006 0.035580
1083 0.742643 0.728361 0.043855 0.035580
58 0.510098 0.165412 0.038084 0.035922
124 0.326313 0.498974 0.040969 0.035922
71 0.739469 0.396853 0.051356 0.036264
70 0.323716 0.606911 0.057703 0.036948
3175 0.843047 0.880773 0.048471 0.037290
2748 0.731679 0.324153 0.060012 0.037290
1338 0.140796 0.730585 0.071552 0.037290
83 0.841027 0.410537 0.028275 0.037633
85 0.848817 0.651728 0.031160 0.037633
4440 0.245817 0.774547 0.057703 0.037633
85 0.326024 0.390181 0.033468 0.037975
87 0.847086 0.688505 0.054241 0.037975
127 0.849394 0.805337 0.075014 0.038317
118 0.846797 0.774034 0.030583 0.038659
58 0.237738 0.684742 0.039238 0.038659
51 0.512695 0.301232 0.047894 0.038659
62 0.849683 0.613924 0.047894 0.039343
95 0.239758 0.604687 0.051356 0.039343
127 0.514714 0.726822 0.053087 0.039343
2748 0.625793 0.131543 0.064051 0.039343
92 0.509521 0.401300 0.043855 0.039685
78 0.327467 0.281560 0.042123 0.040369
124 0.241200 0.644885 0.047317 0.040369
3322 0.055972 0.182347 0.057703 0.040369
118 0.507213 0.341259 0.021927 0.040712
480 0.139065 0.689873 0.062320 0.040712
1005 0.739181 0.642320 0.076168 0.040712
117 0.327755 0.541225 0.025389 0.041054
51 0.627813 0.327232 0.042701 0.041396
3177 0.397576 0.132569 0.053087 0.041396
107 0.733410 0.195347 0.032314 0.041738
121 0.236584 0.511803 0.042701 0.041738
107 0.736584 0.807219 0.040969 0.042080
104 0.235430 0.478447 0.045009 0.042080
4344 0.625216 0.242730 0.062897 0.042080
366 0.626947 0.597160 0.061743 0.042764
370 0.510675 0.509579 0.063474 0.042764
2167 0.505482 0.210400 0.057703 0.043106
106 0.333237 0.239309 0.054818 0.043449
2983 0.850837 0.193808 0.059435 0.043449
1396 0.627525 0.550291 0.060589 0.044133
745 0.514714 0.632569 0.040392 0.044475
1834 0.734853 0.570647 0.065205 0.044475
821 0.734853 0.447485 0.062897 0.045159
3175 0.511541 0.552001 0.055972 0.045501
108 0.056261 0.357680 0.058280 0.045501
370 0.843912 0.844509 0.065205 0.045501
108 0.329198 0.775573 0.047894 0.046528
717 0.843624 0.366404 0.051933 0.046528
2298 0.623485 0.287718 0.059435 0.047212
691 0.507213 0.257954 0.066936 0.047212
1109 0.623774 0.814403 0.049625 0.047554
1999 0.055972 0.229046 0.091171 0.047554
2599 0.740335 0.686110 0.045009 0.048238
3338 0.240335 0.283100 0.061743 0.048922
1267 0.057415 0.407458 0.067513 0.049264
1827 0.059435 0.135477 0.071552 0.049949
1999 0.329775 0.669518 0.074437 0.049949
2715 0.627813 0.764967 0.065782 0.050633
4484 0.236295 0.383168 0.043278 0.051317
1598 0.729948 0.279336 0.057703 0.051659
2249 0.137911 0.773691 0.064628 0.052343
3906 0.135892 0.816114 0.061743 0.055080
2889 0.624928 0.442012 0.063474 0.055423
3434 0.844489 0.314403 0.055972 0.056791
2293 0.142239 0.645056 0.065205 0.062607
47 0.324005 0.333732 0.038661 0.070133
