246 0.675014 0.477281 0.050086 0.006540
209 0.120322 0.236317 0.017271 0.008606
128 0.350892 0.766265 0.017847 0.012392
173 0.788140 0.821170 0.037997 0.013425
101 0.336212 0.158520 0.058722 0.016179
101 0.565343 0.546816 0.065630 0.016179
92 0.226252 0.188468 0.042602 0.016867
101 0.341393 0.891222 0.067933 0.017212
90 0.158895 0.199484 0.028785 0.017556
92 0.228267 0.498451 0.046632 0.017900
101 0.119459 0.640275 0.065055 0.017900
92 0.899827 0.780895 0.043754 0.018244
101 0.678469 0.458692 0.062752 0.018244
101 0.231146 0.801377 0.066206 0.018589
698 0.566494 0.523408 0.039148 0.018933
55 0.227979 0.720310 0.052965 0.018933
91 0.453368 0.894148 0.037421 0.019621
126 0.120610 0.849742 0.050086 0.019621
57 0.229706 0.889501 0.039148 0.019966
55 0.335348 0.386403 0.053541 0.020310
77 0.115141 0.150602 0.043754 0.020998
192 0.341969 0.686747 0.043754 0.021343
129 0.570236 0.380551 0.038572 0.021687
104 0.123201 0.871773 0.042602 0.021687
113 0.669545 0.118933 0.055268 0.021687
92 0.338227 0.206540 0.044329 0.022031
52 0.562752 0.402754 0.047784 0.022031
52 0.345135 0.748365 0.050086 0.022031
101 0.232297 0.743890 0.063903 0.022031
90 0.385147 0.272806 0.036845 0.022375
117 0.386874 0.250602 0.016120 0.023408
86 0.455671 0.278485 0.031664 0.023408
57 0.236039 0.548365 0.037997 0.023408
297 0.676742 0.808434 0.052389 0.023752
56 0.566206 0.860069 0.020150 0.024441
110 0.386010 0.661102 0.029361 0.024441
98 0.119747 0.893804 0.064479 0.024441
132 0.120035 0.219966 0.028210 0.024785
113 0.342832 0.812392 0.053541 0.024785
166 0.117444 0.556110 0.019574 0.025129
56 0.226828 0.121170 0.027634 0.025473
76 0.118020 0.743890 0.037997 0.025473
91 0.784974 0.150775 0.039724 0.025473
53 0.387450 0.639415 0.014968 0.025818
117 0.160334 0.176764 0.020150 0.025818
120 0.564767 0.169019 0.024180 0.026162
4252 0.830743 0.787608 0.032239 0.026162
52 0.336788 0.619277 0.042602 0.026162
126 0.565055 0.617212 0.045481 0.026162
126 0.453656 0.528399 0.050662 0.026162
499 0.566494 0.693287 0.061025 0.026162
1341 0.899539 0.678313 0.045481 0.026506
52 0.678469 0.619793 0.046632 0.026506
1173 0.229419 0.211532 0.055843 0.026506
132 0.345711 0.836489 0.033967 0.026850
110 0.453080 0.374355 0.040299 0.027194
272 0.270294 0.668330 0.052389 0.027194
499 0.674439 0.433219 0.061600 0.027194
86 0.792458 0.584509 0.038572 0.027539
91 0.895222 0.346299 0.040299 0.027539
88 0.228555 0.524441 0.025331 0.027883
66 0.111111 0.525129 0.035694 0.027883
66 0.677317 0.645955 0.036269 0.027883
126 0.453080 0.221859 0.052965 0.027883
53 0.674151 0.142169 0.017271 0.028227
119 0.905872 0.702582 0.024755 0.028227
85 0.900691 0.645439 0.029361 0.028227
57 0.464306 0.801033 0.040875 0.028227
60 0.338803 0.514974 0.044329 0.028227
113 0.336788 0.327022 0.050662 0.028227
66 0.785262 0.884509 0.037997 0.028571
81 0.562752 0.359552 0.048935 0.028571
118 0.452216 0.831670 0.022453 0.028916
85 0.674439 0.355938 0.029361 0.028916
83 0.450201 0.632358 0.040299 0.028916
77 0.231721 0.281583 0.043178 0.028916
78 0.119459 0.333735 0.042026 0.029260
90 0.343120 0.866954 0.049511 0.029260
166 0.674727 0.248537 0.016120 0.029604
85 0.899252 0.413769 0.031088 0.029604
95 0.453368 0.252324 0.044329 0.029604
53 0.567070 0.763339 0.024180 0.029948
76 0.896949 0.882788 0.042602 0.029948
72 0.895509 0.581928 0.047784 0.029948
113 0.897237 0.551291 0.051238 0.029948
95 0.228843 0.642513 0.055843 0.029948
109 0.792170 0.617900 0.050662 0.030293
1002 0.782959 0.121515 0.062176 0.030293
118 0.341393 0.546127 0.017271 0.030637
123 0.113414 0.612909 0.023028 0.030637
123 0.115717 0.261446 0.027634 0.030637
51 0.452216 0.559552 0.046632 0.030637
87 0.223374 0.345783 0.048359 0.030637
60 0.113414 0.586919 0.043754 0.030981
60 0.451353 0.303098 0.021877 0.031325
88 0.339954 0.486231 0.042026 0.031325
104 0.900115 0.811188 0.045481 0.031325
118 0.787277 0.724957 0.020150 0.031670
118 0.219919 0.614458 0.029937 0.031670
135 0.344847 0.716695 0.033391 0.031670
132 0.225676 0.314974 0.040299 0.031670
83 0.560161 0.431325 0.048359 0.031670
118 0.563615 0.885542 0.026482 0.032014
87 0.672136 0.178485 0.040875 0.032014
122 0.564767 0.832530 0.048359 0.032014
70 0.338227 0.179690 0.035118 0.032358
95 0.111687 0.123924 0.048359 0.032358
88 0.681347 0.552496 0.051238 0.032358
132 0.120322 0.396730 0.028785 0.032702
71 0.790155 0.753356 0.036269 0.032702
2134 0.228843 0.420482 0.052389 0.032702
126 0.680196 0.883821 0.055843 0.032702
134 0.785262 0.844062 0.028785 0.033046
78 0.229994 0.866265 0.039724 0.033391
88 0.452504 0.668330 0.040299 0.033391
113 0.118883 0.364028 0.052389 0.033391
541 0.335636 0.127883 0.052965 0.033391
69 0.349453 0.787263 0.036845 0.033735
121 0.786701 0.551463 0.043178 0.033735
51 0.679908 0.590017 0.046056 0.033735
252 0.564767 0.463511 0.047208 0.034079
118 0.668394 0.213425 0.023028 0.034423
1607 0.892343 0.215491 0.057571 0.034423
2134 0.565343 0.239759 0.052965 0.034768
87 0.455959 0.776076 0.059873 0.034768
68 0.566782 0.796213 0.014393 0.035112
83 0.119171 0.662995 0.027634 0.035112
87 0.789580 0.689157 0.053541 0.035112
118 0.785838 0.426678 0.034542 0.035456
87 0.894934 0.447676 0.043178 0.035456
272 0.564479 0.204647 0.061600 0.035456
272 0.225676 0.383993 0.064479 0.035456
60 0.336788 0.356282 0.023028 0.035800
108 0.454231 0.741824 0.025331 0.035800
88 0.784974 0.235628 0.024755 0.036145
123 0.226252 0.578141 0.025331 0.036145
119 0.561888 0.498279 0.027634 0.036145
92 0.338227 0.297935 0.033967 0.036145
127 0.905009 0.613253 0.062176 0.036145
480 0.455959 0.867298 0.064479 0.036145
68 0.786989 0.261274 0.019574 0.036489
111 0.894934 0.517384 0.028210 0.036489
81 0.452792 0.338726 0.048935 0.036489
2182 0.452504 0.494320 0.061025 0.036489
111 0.559873 0.324441 0.031664 0.036833
492 0.229706 0.249053 0.051813 0.036833
1999 0.674439 0.284509 0.060449 0.036833
119 0.784686 0.651291 0.034542 0.037177
2134 0.678181 0.324269 0.057571 0.037177
1282 0.334485 0.418244 0.061025 0.037177
253 0.567070 0.128227 0.046056 0.037522
83 0.892631 0.254561 0.023604 0.038210
63 0.457110 0.594836 0.051813 0.038554
2496 0.895797 0.125990 0.054116 0.038554
90 0.232585 0.770568 0.057571 0.038898
62 0.784686 0.514286 0.043754 0.039243
119 0.339090 0.448881 0.040299 0.039931
121 0.898676 0.847160 0.048359 0.039931
1935 0.122913 0.825129 0.070812 0.039931
92 0.563328 0.725818 0.035118 0.040275
119 0.446747 0.406024 0.040299 0.040275
81 0.677029 0.682444 0.050662 0.040275
118 0.453656 0.707057 0.020725 0.040620
83 0.784398 0.297418 0.025907 0.040620
83 0.676454 0.767986 0.027634 0.040620
4164 0.783823 0.340275 0.061600 0.040964
4310 0.675590 0.847160 0.055843 0.041308
68 0.679620 0.724096 0.010938 0.041652
2983 0.674151 0.394148 0.047208 0.041997
1193 0.116292 0.709466 0.058722 0.041997
577 0.224237 0.157315 0.059298 0.041997
1856 0.775475 0.386575 0.051813 0.042685
4086 0.111111 0.488812 0.062176 0.042685
119 0.898964 0.476248 0.035118 0.043029
1286 0.784974 0.190361 0.047784 0.043373
2983 0.564479 0.655250 0.050086 0.043718
4461 0.896949 0.382616 0.062176 0.043718
268 0.450489 0.187091 0.051238 0.044406
4523 0.891767 0.171256 0.056419 0.044406
2045 0.120035 0.781239 0.065055 0.045783
68 0.782959 0.470912 0.011514 0.046127
81 0.116292 0.299139 0.049511 0.046127
2714 0.442429 0.447849 0.056995 0.046127
2191 0.225389 0.826678 0.039724 0.047160
68 0.339666 0.588296 0.012666 0.047504
119 0.330743 0.233391 0.052389 0.047504
3665 0.568509 0.577281 0.058146 0.048193
1316 0.676742 0.512392 0.054692 0.049225
3219 0.450201 0.133735 0.052965 0.050602
4116 0.563040 0.283649 0.041451 0.052324
4116 0.232009 0.462478 0.050662 0.053356
2191 0.896661 0.744062 0.037421 0.054733
2191 0.114277 0.438726 0.045481 0.055422
4693 0.892631 0.301033 0.040875 0.058864
