128 0.292590 0.471478 0.012252 0.008935
169 0.290257 0.889347 0.041424 0.011684
92 0.071762 0.278522 0.038506 0.013402
297 0.294632 0.574914 0.045508 0.013746
188 0.182614 0.119244 0.040840 0.014433
205 0.297550 0.871134 0.052509 0.014433
56 0.071470 0.503952 0.020420 0.014777
101 0.181447 0.701203 0.054842 0.014777
188 0.513711 0.118385 0.036756 0.016151
2177 0.329638 0.829038 0.037340 0.016838
120 0.620770 0.201375 0.025671 0.017182
120 0.510793 0.626632 0.026254 0.017526
57 0.191074 0.395361 0.039090 0.017526
150 0.625729 0.885911 0.051925 0.017869
56 0.732789 0.516323 0.023337 0.018900
52 0.075263 0.366495 0.044341 0.018900
101 0.625146 0.412543 0.060093 0.018900
89 0.287631 0.215120 0.050175 0.019244
101 0.516628 0.882131 0.057760 0.019244
56 0.511960 0.437973 0.021587 0.019588
56 0.732205 0.402577 0.023337 0.019588
57 0.518378 0.548454 0.033256 0.019931
55 0.403151 0.318900 0.052509 0.019931
62 0.289090 0.398110 0.033256 0.020275
57 0.184364 0.329381 0.045508 0.020275
49 0.738040 0.726117 0.018670 0.020619
55 0.623979 0.360997 0.044924 0.020962
192 0.617853 0.863402 0.045508 0.020962
88 0.731622 0.803093 0.026838 0.021306
101 0.735998 0.300344 0.058926 0.021306
118 0.291424 0.337629 0.019253 0.021649
56 0.182030 0.806014 0.026838 0.021649
92 0.071470 0.645361 0.042590 0.021993
85 0.513711 0.459278 0.025088 0.022337
76 0.732497 0.449656 0.034422 0.022337
66 0.731622 0.537285 0.036173 0.022337
52 0.625146 0.335567 0.041424 0.022337
81 0.732205 0.495361 0.049008 0.022337
89 0.401109 0.186770 0.051925 0.022337
56 0.176196 0.679897 0.052509 0.022337
91 0.838973 0.876632 0.039673 0.022680
126 0.290548 0.728522 0.045508 0.022680
55 0.729872 0.472509 0.051342 0.022680
185 0.296383 0.849656 0.040840 0.023024
64 0.844224 0.442612 0.025671 0.023368
66 0.731622 0.277491 0.030338 0.023711
76 0.511669 0.605670 0.039673 0.023711
65 0.850642 0.558591 0.042007 0.023711
52 0.846558 0.607045 0.043174 0.023711
91 0.072929 0.164261 0.039673 0.024055
57 0.623687 0.430241 0.044341 0.024055
67 0.849475 0.582818 0.044341 0.024055
113 0.509043 0.255670 0.046091 0.024055
60 0.181739 0.510137 0.022754 0.024399
52 0.072929 0.557904 0.045508 0.024399
113 0.846266 0.531443 0.049592 0.024399
76 0.181447 0.270103 0.036173 0.024742
72 0.510793 0.382302 0.040257 0.025086
113 0.289090 0.454124 0.049592 0.025086
85 0.291715 0.282474 0.022170 0.025430
85 0.069428 0.881787 0.025671 0.025430
70 0.509918 0.525430 0.031505 0.025430
81 0.731039 0.425430 0.044341 0.025430
126 0.070887 0.233333 0.044924 0.025430
68 0.734247 0.624570 0.013419 0.025773
68 0.734539 0.826976 0.018670 0.025773
118 0.293466 0.785911 0.018670 0.026117
118 0.186114 0.723711 0.019837 0.026117
60 0.069720 0.259450 0.040257 0.026117
57 0.615811 0.720619 0.060093 0.026117
86 0.073512 0.738316 0.036173 0.026460
91 0.846266 0.162371 0.037923 0.026460
83 0.731330 0.853436 0.042590 0.026460
83 0.286173 0.191924 0.044924 0.026460
72 0.840723 0.668213 0.045508 0.026460
95 0.294049 0.812543 0.053676 0.026460
87 0.622812 0.310653 0.037923 0.026804
92 0.071179 0.452749 0.028005 0.027148
86 0.628938 0.456873 0.038506 0.027148
127 0.843057 0.834192 0.046674 0.027148
91 0.511960 0.753952 0.036756 0.027491
76 0.180863 0.580756 0.037340 0.027491
88 0.401692 0.293814 0.047258 0.027491
87 0.733664 0.196220 0.048425 0.027491
83 0.291715 0.549141 0.049008 0.027491
84 0.075846 0.620275 0.054842 0.027491
122 0.844224 0.468900 0.044341 0.027835
89 0.184072 0.750344 0.060093 0.027835
60 0.070595 0.338144 0.022170 0.028179
83 0.620187 0.550515 0.040840 0.028179
87 0.182322 0.488316 0.041424 0.028179
52 0.846849 0.314433 0.042590 0.028179
2555 0.513127 0.828522 0.047258 0.028179
109 0.183489 0.779725 0.051925 0.028179
85 0.183197 0.209794 0.029172 0.028522
77 0.293466 0.160653 0.039673 0.028522
87 0.846266 0.283333 0.042590 0.028522
132 0.512835 0.282474 0.024504 0.028866
68 0.180280 0.242955 0.040840 0.028866
123 0.069137 0.768213 0.028588 0.029210
68 0.402275 0.124914 0.046091 0.029210
119 0.294632 0.524055 0.024504 0.029553
85 0.296383 0.624399 0.026838 0.029553
66 0.513419 0.857388 0.035006 0.029553
51 0.072637 0.668041 0.044924 0.029553
98 0.070595 0.391065 0.058343 0.029553
92 0.292007 0.757560 0.029755 0.029897
95 0.403442 0.569244 0.048425 0.029897
2748 0.292590 0.310481 0.054259 0.029897
111 0.400817 0.880241 0.036173 0.030584
85 0.514877 0.687973 0.026254 0.030928
107 0.623687 0.387285 0.030338 0.030928
86 0.849183 0.415120 0.030922 0.030928
132 0.507293 0.147079 0.049592 0.030928
132 0.180863 0.145017 0.051342 0.030928
127 0.518961 0.410653 0.062427 0.030928
119 0.510502 0.574399 0.029172 0.031271
126 0.402567 0.721134 0.051342 0.031271
2590 0.731622 0.166667 0.038506 0.031615
67 0.072929 0.799141 0.044341 0.031959
2748 0.621062 0.750000 0.057760 0.031959
118 0.400233 0.540893 0.022170 0.032302
111 0.733081 0.881100 0.037923 0.032302
1083 0.403734 0.691065 0.040840 0.032302
2471 0.838973 0.779381 0.057176 0.032302
51 0.292882 0.492612 0.043174 0.032646
127 0.735123 0.565120 0.053676 0.032646
1418 0.846849 0.382474 0.046091 0.032990
107 0.514002 0.352749 0.024504 0.033333
111 0.291424 0.656186 0.032089 0.033333
316 0.287340 0.599828 0.075263 0.033333
68 0.620478 0.519244 0.011085 0.033677
68 0.070303 0.528522 0.015753 0.033677
1880 0.514002 0.318900 0.032672 0.033677
107 0.728705 0.594502 0.032672 0.033677
107 0.845391 0.637113 0.032672 0.033677
91 0.625438 0.615808 0.039673 0.033677
691 0.515753 0.493814 0.044341 0.033677
101 0.292590 0.129210 0.047258 0.033677
95 0.182905 0.419931 0.048425 0.033677
127 0.852100 0.697938 0.065928 0.033677
82 0.079930 0.480928 0.059510 0.034021
883 0.619312 0.650172 0.050758 0.034364
2820 0.619603 0.584880 0.053676 0.034364
121 0.293757 0.366323 0.040257 0.035052
83 0.731914 0.655670 0.040257 0.035052
69 0.516919 0.231787 0.022170 0.035395
85 0.180863 0.611168 0.023337 0.035395
111 0.070887 0.418041 0.030922 0.035395
121 0.402859 0.157560 0.034422 0.035395
2144 0.403151 0.263058 0.050175 0.035395
366 0.845391 0.131787 0.051342 0.035395
1083 0.513711 0.724055 0.041424 0.035739
4084 0.513711 0.792440 0.055426 0.035739
111 0.408110 0.388316 0.028588 0.036426
85 0.175904 0.878351 0.029755 0.036426
83 0.182030 0.647595 0.028005 0.036770
119 0.286173 0.426976 0.039090 0.036770
918 0.841015 0.345533 0.068261 0.036770
53 0.614936 0.489347 0.039673 0.037113
3741 0.509335 0.657216 0.049008 0.037457
68 0.075846 0.306873 0.010502 0.037801
111 0.184656 0.454983 0.033256 0.037801
83 0.626021 0.826460 0.033839 0.037801
111 0.623979 0.275601 0.034422 0.037801
3192 0.404026 0.472165 0.047258 0.037801
322 0.074387 0.129210 0.058926 0.037801
69 0.851517 0.502234 0.025088 0.038144
1099 0.623104 0.686770 0.052509 0.038144
1444 0.734247 0.328866 0.047258 0.038488
2237 0.406068 0.801375 0.050175 0.038488
1088 0.735414 0.128179 0.058926 0.038488
2273 0.296383 0.693814 0.061844 0.039175
1498 0.400233 0.219072 0.050175 0.039519
90 0.623979 0.175773 0.055426 0.039519
4312 0.400817 0.760137 0.056009 0.040550
2820 0.182322 0.178351 0.057760 0.040550
121 0.618145 0.786770 0.036756 0.040893
3624 0.403151 0.350859 0.063011 0.041237
111 0.403734 0.503608 0.024504 0.041581
2237 0.182905 0.545876 0.051925 0.041581
121 0.070887 0.703780 0.036756 0.041924
2237 0.402859 0.604124 0.046091 0.041924
1373 0.621937 0.235052 0.046674 0.041924
1382 0.403734 0.429038 0.029172 0.042955
626 0.845099 0.200344 0.039090 0.043299
1170 0.620187 0.131959 0.043174 0.043986
957 0.400233 0.845189 0.044341 0.044330
268 0.287631 0.249656 0.051342 0.044330
2155 0.182322 0.362543 0.055426 0.044674
68 0.738040 0.371478 0.010502 0.045361
3984 0.068261 0.196048 0.046674 0.046392
1286 0.731330 0.692268 0.047258 0.046392
3741 0.844224 0.738144 0.065344 0.048110
365 0.841307 0.243471 0.058343 0.049141
4316 0.399942 0.651890 0.055426 0.050172
976 0.511669 0.186426 0.047841 0.051203
68 0.185823 0.843643 0.013419 0.052921
2949 0.733372 0.238316 0.049008 0.053952
2191 0.732789 0.760825 0.044341 0.055670
47 0.083722 0.834880 0.041424 0.074570
