128 0.848844 0.564942 0.025945 0.011309
52 0.382967 0.582419 0.033841 0.011995
68 0.429498 0.643077 0.011844 0.014051
128 0.839538 0.814085 0.029893 0.014051
61 0.384377 0.648903 0.043429 0.014051
162 0.851946 0.890336 0.026509 0.014393
64 0.554146 0.503770 0.020869 0.015079
101 0.739143 0.473612 0.064862 0.015079
162 0.527637 0.894277 0.027637 0.015422
90 0.441906 0.711618 0.032149 0.015422
91 0.552171 0.519191 0.028201 0.015764
113 0.432882 0.627142 0.042301 0.015764
162 0.738015 0.728239 0.033277 0.016450
55 0.389453 0.542666 0.042301 0.016792
162 0.645798 0.423920 0.032713 0.017135
60 0.434856 0.608979 0.037225 0.017135
101 0.838973 0.830877 0.064862 0.017478
177 0.654822 0.404387 0.034969 0.018506
64 0.434574 0.577622 0.026509 0.018849
117 0.445572 0.692426 0.016920 0.019534
92 0.398195 0.832591 0.047377 0.019534
92 0.076424 0.744859 0.049069 0.019534
101 0.073886 0.909356 0.069938 0.019534
92 0.194867 0.548321 0.050197 0.019877
192 0.742527 0.634339 0.037789 0.020562
92 0.749013 0.292838 0.046249 0.020905
118 0.083192 0.809630 0.011844 0.021590
76 0.525099 0.180260 0.039481 0.021933
81 0.840102 0.720356 0.053582 0.021933
92 0.307389 0.262337 0.048505 0.022276
126 0.523689 0.483036 0.059222 0.022276
55 0.075296 0.851782 0.064862 0.022276
57 0.302312 0.683687 0.038353 0.022618
55 0.731246 0.783413 0.060350 0.022618
111 0.385223 0.563228 0.023689 0.022961
109 0.383249 0.667752 0.040045 0.022961
58 0.431472 0.662611 0.043993 0.022961
52 0.523407 0.325051 0.048505 0.022961
142 0.616187 0.443112 0.029893 0.023304
76 0.829949 0.910212 0.045685 0.023304
52 0.637902 0.192598 0.054146 0.023304
113 0.297236 0.812200 0.057530 0.023304
52 0.082628 0.502056 0.060350 0.023304
113 0.517484 0.611378 0.061478 0.023304
56 0.842076 0.548321 0.062042 0.023304
127 0.087704 0.615147 0.070502 0.023304
68 0.434292 0.587217 0.036097 0.023646
76 0.505076 0.909013 0.038917 0.023646
55 0.189509 0.769877 0.051889 0.023646
55 0.848280 0.442255 0.055274 0.023646
88 0.419910 0.174092 0.025381 0.023989
91 0.190355 0.742632 0.044557 0.023989
52 0.850254 0.285812 0.056966 0.023989
60 0.296390 0.783756 0.059222 0.023989
56 0.628032 0.680775 0.032149 0.024332
62 0.303723 0.463845 0.034405 0.024332
91 0.298082 0.753770 0.050197 0.024332
86 0.638748 0.552947 0.054710 0.024332
55 0.622391 0.839273 0.063734 0.024674
2273 0.380711 0.629369 0.037225 0.025017
76 0.296954 0.607779 0.037789 0.025017
91 0.402425 0.769877 0.049069 0.025017
55 0.736041 0.491261 0.057530 0.025017
113 0.417936 0.198252 0.059786 0.025017
121 0.382967 0.601439 0.033841 0.025360
126 0.083192 0.642906 0.054710 0.025360
66 0.082346 0.590987 0.043993 0.025703
84 0.182177 0.833962 0.053017 0.025703
127 0.740553 0.262851 0.041737 0.026045
66 0.189227 0.688828 0.042301 0.026045
55 0.856176 0.253941 0.049633 0.026045
81 0.619007 0.778615 0.056966 0.026045
102 0.742809 0.372858 0.065426 0.026045
88 0.392273 0.907814 0.068246 0.026045
66 0.747603 0.234578 0.038917 0.026388
132 0.518895 0.636909 0.041737 0.026388
87 0.516638 0.809630 0.058658 0.026388
52 0.074168 0.788725 0.059222 0.026388
111 0.526791 0.426319 0.032713 0.026731
88 0.197970 0.619260 0.032713 0.026731
197 0.608855 0.467101 0.038917 0.026731
91 0.205866 0.182659 0.047377 0.026731
91 0.524253 0.454764 0.050197 0.026731
77 0.203328 0.275531 0.054710 0.026731
55 0.077270 0.764565 0.064298 0.026731
547 0.745347 0.521761 0.054710 0.027073
166 0.424140 0.518849 0.019177 0.027416
65 0.535251 0.264907 0.051889 0.027416
84 0.416808 0.330021 0.053017 0.027416
95 0.311901 0.327622 0.054146 0.027416
68 0.731246 0.814599 0.055838 0.027416
51 0.514664 0.872687 0.058094 0.027759
113 0.202482 0.211960 0.062042 0.027759
95 0.729272 0.880055 0.056402 0.028101
119 0.523125 0.586189 0.029893 0.028444
85 0.516638 0.777416 0.039481 0.028444
110 0.199944 0.406614 0.046813 0.028444
127 0.531021 0.202707 0.067118 0.028444
118 0.849126 0.312371 0.026509 0.029130
70 0.437112 0.551234 0.030457 0.029130
118 0.849408 0.586189 0.037225 0.029130
132 0.419346 0.225326 0.037789 0.029130
127 0.188663 0.715045 0.060350 0.029130
1810 0.420756 0.147704 0.034969 0.029472
83 0.850818 0.180260 0.045685 0.029472
83 0.730118 0.752570 0.049069 0.029472
87 0.420756 0.439685 0.049633 0.029472
83 0.618725 0.806374 0.049633 0.029472
1197 0.519741 0.703564 0.063734 0.029472
85 0.420192 0.295236 0.038353 0.029815
91 0.089114 0.435572 0.043993 0.030158
110 0.196277 0.520219 0.049633 0.030158
92 0.297518 0.904215 0.033277 0.030500
66 0.296390 0.866861 0.043429 0.030500
84 0.733785 0.559459 0.053017 0.030500
77 0.733503 0.907300 0.056966 0.030500
67 0.531303 0.295922 0.057530 0.030500
111 0.637902 0.373544 0.040609 0.030843
98 0.741117 0.347156 0.056402 0.030843
86 0.210660 0.148389 0.056966 0.030843
127 0.855894 0.340987 0.072758 0.030843
57 0.862098 0.149931 0.045685 0.031186
84 0.525381 0.235607 0.047941 0.031186
83 0.630570 0.520391 0.048505 0.031186
72 0.628032 0.619088 0.059222 0.031186
127 0.077270 0.827108 0.066554 0.031186
107 0.728708 0.846127 0.027073 0.031528
1435 0.624647 0.747087 0.056966 0.031528
1435 0.201918 0.343729 0.060914 0.031528
68 0.293006 0.838759 0.017484 0.031871
74 0.520869 0.554318 0.046813 0.031871
72 0.306543 0.403187 0.055838 0.031871
127 0.312747 0.433687 0.073886 0.031871
88 0.093063 0.148047 0.059786 0.032214
68 0.201918 0.376114 0.011280 0.032557
1435 0.312183 0.294551 0.054710 0.032557
88 0.848280 0.512337 0.030457 0.032899
111 0.417090 0.361206 0.035533 0.032899
121 0.636210 0.264907 0.043993 0.032899
83 0.633672 0.301576 0.045685 0.032899
88 0.847434 0.376285 0.063734 0.032899
85 0.312183 0.229095 0.034405 0.033242
85 0.845178 0.652330 0.042301 0.033242
135 0.738297 0.660898 0.042865 0.033242
385 0.181049 0.903530 0.066554 0.033242
68 0.627750 0.485607 0.018049 0.033585
85 0.630006 0.709047 0.041737 0.033585
115 0.747039 0.318369 0.050197 0.033585
107 0.070784 0.881768 0.027637 0.034270
92 0.637902 0.222413 0.033841 0.034270
85 0.642414 0.152159 0.039481 0.034270
68 0.529611 0.150960 0.051889 0.034613
85 0.202200 0.306374 0.033277 0.034955
3984 0.289622 0.717272 0.052453 0.034955
1435 0.842640 0.689513 0.055274 0.034955
1456 0.402707 0.801234 0.064298 0.034955
74 0.404117 0.740747 0.046813 0.035298
328 0.094755 0.186943 0.062042 0.035298
107 0.526227 0.349554 0.029329 0.035641
111 0.089397 0.301576 0.037789 0.035641
85 0.302876 0.535298 0.039481 0.035641
85 0.087140 0.522790 0.034405 0.035984
111 0.843486 0.410041 0.038917 0.035984
3735 0.082628 0.676662 0.045685 0.035984
121 0.517202 0.838074 0.054146 0.035984
53 0.203046 0.243660 0.027073 0.036326
47 0.406655 0.879712 0.042865 0.036326
64 0.838973 0.790610 0.049069 0.036326
268 0.398477 0.855723 0.051325 0.036326
272 0.080090 0.563057 0.068810 0.036326
3984 0.178229 0.868574 0.062042 0.036669
83 0.835025 0.749486 0.027637 0.037012
2707 0.847152 0.477382 0.041737 0.037012
2820 0.632544 0.338417 0.059222 0.037354
1381 0.178229 0.802433 0.068810 0.037354
53 0.627750 0.655757 0.028201 0.038040
107 0.304569 0.575908 0.030457 0.038040
1579 0.092499 0.226354 0.059786 0.038040
3665 0.092781 0.266792 0.060350 0.038040
3526 0.748731 0.195682 0.055838 0.038382
119 0.620417 0.869602 0.037225 0.038725
1579 0.740835 0.443283 0.060350 0.038725
53 0.628314 0.585504 0.028201 0.039411
107 0.415116 0.475840 0.029329 0.039411
107 0.618725 0.899760 0.029329 0.039411
3526 0.194867 0.653358 0.062606 0.039411
118 0.756063 0.154387 0.035533 0.040096
3754 0.419064 0.401131 0.046249 0.040096
2555 0.309363 0.194140 0.053582 0.040096
107 0.308517 0.365319 0.025945 0.040439
366 0.419910 0.261138 0.058094 0.040439
2423 0.310209 0.155929 0.063170 0.040439
2820 0.298082 0.647019 0.058094 0.041124
121 0.303723 0.497430 0.051325 0.041467
3124 0.073886 0.709561 0.063170 0.041467
3664 0.520305 0.738691 0.068246 0.041467
1022 0.192893 0.482351 0.068810 0.041467
368 0.740553 0.400103 0.069938 0.041467
53 0.840384 0.620288 0.032713 0.041809
681 0.834743 0.862063 0.051889 0.042152
1282 0.734067 0.698595 0.062606 0.042838
118 0.852792 0.217786 0.033841 0.043523
87 0.088832 0.469671 0.058094 0.043523
68 0.416526 0.481323 0.064862 0.044208
70 0.522561 0.394448 0.051325 0.044551
70 0.198252 0.444140 0.051325 0.044551
3375 0.517202 0.666895 0.059786 0.044551
1115 0.195995 0.580363 0.052453 0.044894
4089 0.089961 0.344928 0.064862 0.046950
322 0.738015 0.603153 0.067118 0.047293
1527 0.090243 0.396333 0.057530 0.055175
