246 0.630121 0.745342 0.049625 0.005521
128 0.294287 0.199793 0.015003 0.010352
128 0.197057 0.889924 0.016734 0.013803
101 0.840739 0.714286 0.062320 0.014493
92 0.068090 0.724810 0.050779 0.017598
56 0.301789 0.881297 0.027698 0.017943
101 0.402770 0.486888 0.064628 0.018634
52 0.736007 0.619048 0.052510 0.019324
120 0.187536 0.907005 0.028852 0.019669
120 0.508656 0.338509 0.035199 0.020014
52 0.407098 0.885438 0.051356 0.020014
56 0.631275 0.899758 0.030006 0.020359
56 0.736007 0.568668 0.025967 0.020704
92 0.297750 0.800552 0.045009 0.020704
91 0.841893 0.663561 0.046163 0.020704
92 0.846509 0.281056 0.050779 0.021049
91 0.405655 0.638199 0.050779 0.021049
76 0.739181 0.866805 0.034622 0.021394
91 0.626659 0.654589 0.046163 0.021394
101 0.076168 0.875776 0.064628 0.021394
98 0.403924 0.906487 0.066936 0.021394
120 0.178304 0.290373 0.028852 0.021739
57 0.627813 0.423913 0.040392 0.021739
92 0.623197 0.182022 0.047317 0.021739
2151 0.737161 0.896653 0.053664 0.022429
127 0.188979 0.771739 0.064051 0.022429
91 0.404212 0.725155 0.047894 0.023119
52 0.513849 0.596446 0.058280 0.023119
55 0.073860 0.819703 0.065782 0.023119
57 0.409117 0.662181 0.041546 0.023464
91 0.185805 0.800207 0.047317 0.023464
76 0.290537 0.753623 0.047894 0.023464
66 0.181189 0.826950 0.041546 0.023810
92 0.182631 0.527778 0.052510 0.023810
60 0.843912 0.832471 0.052510 0.023810
52 0.180035 0.625776 0.053087 0.023810
126 0.069821 0.236888 0.055395 0.023810
55 0.520773 0.680297 0.055972 0.023810
113 0.521062 0.806936 0.062320 0.023810
113 0.070975 0.479124 0.065782 0.023810
1810 0.846509 0.526915 0.027698 0.024155
57 0.072995 0.365769 0.047894 0.024155
91 0.401039 0.213596 0.048471 0.024155
118 0.845355 0.857660 0.013849 0.024500
81 0.622908 0.319013 0.057126 0.024500
107 0.740912 0.842305 0.030006 0.024845
52 0.399308 0.614217 0.051933 0.024845
121 0.528275 0.901311 0.065205 0.024845
91 0.846509 0.344375 0.048471 0.025535
91 0.738027 0.747067 0.048471 0.025535
52 0.507213 0.174258 0.053087 0.025535
91 0.183497 0.685818 0.046163 0.025880
91 0.295153 0.643375 0.049048 0.025880
81 0.181477 0.177191 0.055972 0.025880
56 0.401904 0.463251 0.062897 0.025880
56 0.184651 0.876294 0.063474 0.025880
66 0.184651 0.749482 0.040392 0.026225
92 0.287074 0.333333 0.046740 0.026225
91 0.631275 0.720842 0.050779 0.026225
1214 0.629256 0.623879 0.053664 0.026225
92 0.182343 0.465666 0.047317 0.026570
91 0.843912 0.598516 0.049048 0.026570
91 0.739469 0.374741 0.045586 0.026915
91 0.523081 0.781573 0.046740 0.026915
68 0.188979 0.852139 0.006347 0.027260
118 0.302654 0.905280 0.017888 0.027260
88 0.849683 0.800035 0.027121 0.027260
1002 0.737738 0.342478 0.074437 0.027260
68 0.300923 0.773982 0.007501 0.027605
118 0.513560 0.621118 0.024235 0.027605
62 0.622043 0.484127 0.033468 0.027605
89 0.517023 0.646308 0.049625 0.027605
91 0.067513 0.582816 0.050779 0.027605
88 0.286786 0.425466 0.064628 0.027605
88 0.508367 0.273982 0.066936 0.027605
1435 0.291979 0.364217 0.049625 0.027950
1415 0.404212 0.751035 0.067513 0.027950
98 0.070110 0.337647 0.068667 0.027950
74 0.736872 0.719807 0.038084 0.028295
84 0.841316 0.736715 0.045009 0.028295
91 0.182054 0.356453 0.053664 0.028295
91 0.071841 0.658213 0.045586 0.028640
316 0.395845 0.180987 0.065782 0.028640
85 0.295441 0.824707 0.036930 0.028986
85 0.511541 0.365424 0.042123 0.028986
84 0.625505 0.810214 0.048471 0.028986
82 0.632429 0.872671 0.051933 0.028986
93 0.624062 0.550380 0.052510 0.028986
92 0.403924 0.856625 0.042701 0.029331
87 0.628390 0.455314 0.047317 0.029331
87 0.523658 0.873879 0.049048 0.029331
1083 0.739469 0.687543 0.055972 0.029331
87 0.740046 0.594203 0.047894 0.029676
1114 0.629256 0.686680 0.057126 0.029676
127 0.846797 0.215321 0.062897 0.029676
66 0.844489 0.185128 0.044432 0.030021
91 0.289671 0.179262 0.047317 0.030021
4431 0.399308 0.787267 0.062320 0.030021
259 0.518465 0.711008 0.065205 0.030021
92 0.734564 0.542788 0.036930 0.030366
84 0.731391 0.506901 0.047894 0.030366
77 0.511541 0.566943 0.049048 0.030366
259 0.292845 0.609731 0.060589 0.030366
53 0.514714 0.538130 0.025389 0.030711
60 0.069821 0.307971 0.054241 0.030711
53 0.841893 0.691166 0.020773 0.031056
119 0.738315 0.478951 0.025967 0.031056
89 0.291114 0.531746 0.044432 0.031056
91 0.511829 0.395790 0.049625 0.031056
109 0.633583 0.846791 0.050779 0.031056
268 0.737450 0.775880 0.046163 0.031401
1415 0.071552 0.545376 0.070398 0.031401
85 0.847952 0.247757 0.034045 0.031746
74 0.184074 0.656660 0.038084 0.031746
88 0.406520 0.430814 0.046740 0.032091
77 0.516734 0.466011 0.050202 0.032091
88 0.844201 0.409075 0.062320 0.032091
1303 0.846509 0.769496 0.063474 0.032436
60 0.294576 0.303485 0.031737 0.032781
85 0.180035 0.435645 0.033468 0.032781
123 0.296307 0.725500 0.035199 0.032781
76 0.397288 0.585059 0.042123 0.032781
107 0.072706 0.848171 0.031160 0.033126
84 0.733987 0.808489 0.042701 0.033126
1435 0.183497 0.495859 0.047317 0.033126
107 0.624639 0.209627 0.027121 0.033471
76 0.620889 0.347999 0.040392 0.033471
98 0.285920 0.395273 0.067513 0.033471
111 0.736295 0.307971 0.033468 0.034161
68 0.070687 0.751553 0.008656 0.034507
118 0.067224 0.508972 0.027121 0.034507
107 0.180900 0.596273 0.031737 0.034507
74 0.514137 0.505176 0.040392 0.034507
85 0.406232 0.824189 0.023081 0.034852
123 0.508656 0.205487 0.025967 0.034852
85 0.069244 0.446342 0.032314 0.034852
74 0.736584 0.236197 0.035199 0.034852
600 0.402193 0.549517 0.063474 0.034852
341 0.292268 0.462560 0.065205 0.034852
86 0.404501 0.144582 0.040392 0.035197
272 0.186959 0.717736 0.066936 0.035197
296 0.516157 0.432195 0.038661 0.035542
72 0.292556 0.498102 0.048471 0.035542
327 0.737738 0.411318 0.073283 0.035887
68 0.507790 0.143030 0.011541 0.036232
107 0.622908 0.287267 0.029429 0.036232
53 0.296884 0.857660 0.030583 0.036232
268 0.845066 0.310732 0.044432 0.036232
82 0.300346 0.274845 0.066359 0.036232
83 0.398442 0.514493 0.025967 0.036577
111 0.070110 0.900276 0.036353 0.036577
121 0.736295 0.272257 0.045009 0.036577
1579 0.072418 0.787785 0.055972 0.036577
328 0.182343 0.321601 0.069244 0.036577
3984 0.835545 0.631297 0.047317 0.036922
111 0.292556 0.146998 0.034622 0.037267
121 0.621177 0.516908 0.042123 0.037267
2748 0.180035 0.145273 0.062320 0.037267
87 0.514426 0.310732 0.059435 0.037612
380 0.738892 0.143375 0.067513 0.037612
62 0.512695 0.241546 0.052510 0.037957
4121 0.843047 0.373188 0.056549 0.038302
1834 0.846220 0.491891 0.059435 0.038302
340 0.627236 0.774500 0.063474 0.038302
53 0.519331 0.837129 0.027698 0.038647
4430 0.064628 0.696342 0.057703 0.038647
4052 0.735141 0.445135 0.066936 0.038647
126 0.403924 0.345928 0.040392 0.038992
2820 0.400750 0.692374 0.060589 0.038992
3800 0.071841 0.618875 0.066359 0.038992
1381 0.836988 0.565217 0.065205 0.039337
3786 0.517023 0.747757 0.058857 0.040028
121 0.179746 0.557108 0.036353 0.040373
70 0.842758 0.890442 0.043278 0.040373
3984 0.395845 0.391822 0.055395 0.040373
4344 0.405366 0.250690 0.064051 0.041063
272 0.849106 0.144755 0.065205 0.041063
85 0.623485 0.247412 0.034045 0.041408
70 0.074437 0.271567 0.041546 0.041408
2264 0.297750 0.573154 0.058857 0.041408
83 0.174553 0.211698 0.029429 0.041753
1740 0.070687 0.407695 0.070975 0.041753
1128 0.735718 0.652174 0.058857 0.042098
2614 0.625216 0.588509 0.045586 0.043823
4166 0.293710 0.232057 0.068090 0.043823
1193 0.733987 0.188061 0.049625 0.044168
1373 0.844489 0.451346 0.059435 0.044168
4166 0.625216 0.390269 0.072129 0.044859
296 0.185805 0.396135 0.040392 0.045549
604 0.072129 0.196515 0.062320 0.045894
1193 0.173976 0.256039 0.049048 0.046239
3354 0.068379 0.150104 0.058280 0.046929
4402 0.626082 0.147343 0.060012 0.046929
3153 0.404501 0.300035 0.049625 0.047274
1286 0.296018 0.682885 0.056549 0.050380
