188 0.752120 0.348562 0.029960 0.014890
101 0.730921 0.725550 0.062182 0.014890
203 0.313737 0.391540 0.053137 0.016244
132 0.412380 0.861591 0.028830 0.016920
90 0.328999 0.241624 0.032787 0.016920
117 0.334652 0.224535 0.019220 0.017936
56 0.298756 0.204230 0.027699 0.017936
57 0.519220 0.519628 0.037875 0.019289
92 0.623233 0.315567 0.048050 0.019966
132 0.750424 0.365651 0.029960 0.020643
101 0.077445 0.329442 0.059921 0.020643
113 0.843980 0.283926 0.054268 0.020981
101 0.514132 0.608799 0.066139 0.020981
132 0.309780 0.501692 0.037309 0.021320
192 0.295082 0.521658 0.041832 0.021320
134 0.425664 0.901861 0.030526 0.021658
56 0.731487 0.748562 0.035048 0.021658
92 0.408423 0.675127 0.048050 0.021658
57 0.628321 0.901692 0.050311 0.021997
56 0.626343 0.641963 0.036179 0.022335
113 0.841153 0.231980 0.055399 0.022673
57 0.739966 0.324535 0.042962 0.023012
113 0.735444 0.536379 0.056529 0.023012
126 0.298474 0.689340 0.058790 0.023012
113 0.297908 0.797293 0.061051 0.023012
113 0.401357 0.842640 0.061051 0.023012
52 0.409271 0.360914 0.050876 0.023350
92 0.841718 0.341963 0.052007 0.023350
92 0.188525 0.420305 0.050311 0.023689
52 0.836631 0.674788 0.054268 0.023689
52 0.625212 0.445685 0.058790 0.023689
132 0.740814 0.560914 0.035613 0.024027
126 0.838044 0.469543 0.058225 0.024027
52 0.079706 0.528088 0.058790 0.024027
132 0.735726 0.867005 0.032222 0.024365
57 0.845958 0.411844 0.045789 0.024365
76 0.840023 0.529611 0.048615 0.024365
113 0.730921 0.836548 0.058790 0.024365
55 0.516111 0.548054 0.059921 0.024704
55 0.742510 0.179188 0.060486 0.024704
113 0.187959 0.828934 0.061617 0.024704
52 0.301018 0.309645 0.051441 0.025042
55 0.302713 0.716413 0.058225 0.025042
85 0.623516 0.622504 0.042962 0.025381
118 0.629734 0.858206 0.037309 0.025719
57 0.193330 0.741117 0.046354 0.025719
86 0.195308 0.767174 0.053703 0.025719
81 0.297060 0.744839 0.057094 0.025719
1415 0.837761 0.815905 0.067835 0.025719
76 0.623799 0.469205 0.048050 0.026058
52 0.842001 0.260745 0.049180 0.026058
76 0.619559 0.829272 0.052007 0.026058
98 0.511588 0.291201 0.063313 0.026058
134 0.746467 0.229442 0.023177 0.026396
53 0.624647 0.883249 0.023742 0.026396
66 0.623799 0.264636 0.040136 0.026396
127 0.742227 0.419966 0.068966 0.026396
88 0.512436 0.900169 0.074053 0.026396
55 0.299322 0.279695 0.063878 0.026734
69 0.746184 0.512352 0.028265 0.027073
110 0.731769 0.704907 0.045789 0.027073
91 0.629169 0.416582 0.048615 0.027073
117 0.843132 0.555161 0.023177 0.027411
88 0.515263 0.385618 0.034483 0.027411
91 0.190503 0.794078 0.045223 0.027411
84 0.509045 0.737225 0.046919 0.027411
83 0.405031 0.646193 0.051441 0.027411
52 0.518372 0.264805 0.052007 0.027411
126 0.407292 0.285448 0.055964 0.027411
84 0.082815 0.690186 0.060486 0.027411
88 0.510458 0.632657 0.061051 0.027411
82 0.630300 0.495939 0.068966 0.027411
113 0.299322 0.478849 0.063878 0.027750
127 0.307236 0.176988 0.072923 0.027750
88 0.838044 0.847547 0.029960 0.028088
64 0.513850 0.769712 0.038440 0.028088
1174 0.195591 0.220135 0.064443 0.028088
118 0.191351 0.674112 0.016393 0.028426
68 0.622386 0.804061 0.016959 0.028426
66 0.187677 0.643993 0.042962 0.028426
75 0.197287 0.446024 0.063313 0.028426
127 0.299887 0.364129 0.063878 0.028426
553 0.405596 0.254822 0.068400 0.028426
135 0.296495 0.549069 0.035613 0.028765
83 0.081119 0.181218 0.046919 0.028765
127 0.190786 0.575804 0.063878 0.028765
107 0.515546 0.840271 0.028265 0.029103
69 0.405596 0.819289 0.041266 0.029103
76 0.407010 0.180372 0.044093 0.029103
85 0.303561 0.618274 0.044093 0.029103
127 0.190220 0.471743 0.061617 0.029103
127 0.626625 0.288325 0.063878 0.029103
85 0.193895 0.390355 0.030526 0.029442
134 0.412945 0.580880 0.031091 0.029442
86 0.839740 0.646870 0.041266 0.029442
86 0.633126 0.179526 0.045223 0.029442
68 0.300452 0.771066 0.055964 0.029442
68 0.195591 0.251777 0.009045 0.029780
76 0.083098 0.356007 0.047484 0.029780
1880 0.405879 0.885956 0.048615 0.029780
72 0.188525 0.549239 0.058225 0.029780
88 0.190503 0.896447 0.058790 0.029780
1415 0.628604 0.385448 0.065574 0.029780
118 0.624364 0.524365 0.024308 0.030118
86 0.523460 0.195093 0.053137 0.030118
84 0.516959 0.872589 0.059356 0.030118
127 0.407858 0.725381 0.061617 0.030118
95 0.840588 0.618782 0.067835 0.030118
134 0.741379 0.642978 0.026569 0.030457
107 0.408423 0.754992 0.028830 0.030457
85 0.084794 0.551946 0.042962 0.030457
76 0.735726 0.300846 0.044658 0.030457
111 0.196156 0.282910 0.036179 0.031134
74 0.730921 0.780034 0.048615 0.031134
74 0.304409 0.422335 0.049180 0.031134
88 0.622103 0.553299 0.065008 0.031134
68 0.072640 0.503384 0.023177 0.031472
51 0.410967 0.702707 0.049746 0.031472
122 0.513850 0.449915 0.050876 0.031472
72 0.080837 0.856684 0.053137 0.031472
88 0.406162 0.488494 0.062747 0.031472
119 0.301300 0.452284 0.028265 0.032149
98 0.403901 0.386971 0.062747 0.032149
68 0.511306 0.418274 0.024308 0.032487
118 0.295082 0.338071 0.028265 0.032487
111 0.619276 0.714890 0.036744 0.032826
68 0.410401 0.414382 0.052007 0.032826
119 0.407010 0.559729 0.029395 0.033164
119 0.082815 0.786125 0.033352 0.033164
119 0.735444 0.482910 0.033917 0.033164
85 0.837761 0.781387 0.040701 0.033164
51 0.740531 0.395939 0.052007 0.033164
51 0.083946 0.754653 0.053703 0.033164
68 0.841153 0.501861 0.057660 0.033164
104 0.631713 0.148900 0.062747 0.033164
111 0.189938 0.185618 0.047484 0.033503
107 0.191634 0.518443 0.027134 0.033841
87 0.624364 0.753299 0.053703 0.033841
127 0.628321 0.774958 0.080837 0.033841
123 0.514698 0.320643 0.031091 0.034179
108 0.840023 0.313875 0.032787 0.034179
107 0.737705 0.451269 0.033917 0.034179
111 0.079989 0.215398 0.035613 0.034179
111 0.074053 0.721658 0.046354 0.034179
107 0.081402 0.819797 0.032787 0.034856
83 0.735726 0.148054 0.048050 0.034856
1354 0.506218 0.706091 0.052572 0.034856
51 0.736574 0.587310 0.058790 0.034856
2489 0.832956 0.746024 0.065008 0.034856
119 0.734878 0.809475 0.030526 0.035195
118 0.089316 0.471743 0.037309 0.035195
1559 0.736292 0.894755 0.069531 0.035195
119 0.297343 0.822504 0.030526 0.035533
53 0.076880 0.890186 0.037309 0.035533
704 0.079141 0.658376 0.045223 0.035533
1435 0.083098 0.587648 0.059921 0.036210
2820 0.187111 0.709814 0.062182 0.036210
2423 0.193612 0.319120 0.058225 0.036548
107 0.513284 0.578849 0.027134 0.036887
107 0.297908 0.853976 0.030526 0.036887
119 0.403618 0.786971 0.037309 0.036887
87 0.410967 0.524365 0.054268 0.036887
68 0.409553 0.148393 0.057094 0.036887
366 0.623516 0.591371 0.063313 0.036887
119 0.734878 0.617936 0.040701 0.037225
62 0.518089 0.353976 0.051441 0.037225
59 0.412663 0.449746 0.055399 0.037225
72 0.298474 0.146531 0.057660 0.037225
68 0.081967 0.622504 0.012436 0.037563
119 0.840023 0.582234 0.030526 0.037563
366 0.298756 0.584264 0.060486 0.037563
53 0.182589 0.860914 0.033917 0.037902
53 0.516393 0.232657 0.027699 0.038240
121 0.514415 0.802538 0.044093 0.038240
691 0.090447 0.253299 0.057660 0.038240
401 0.405314 0.217766 0.062182 0.038240
2598 0.085076 0.149915 0.034483 0.038579
83 0.191351 0.150254 0.046919 0.038579
2555 0.193047 0.358376 0.054833 0.038579
68 0.409271 0.613029 0.011306 0.038917
2820 0.513850 0.486125 0.057660 0.038917
119 0.742510 0.205076 0.025438 0.039932
70 0.736009 0.671574 0.040701 0.040271
62 0.840588 0.442132 0.054268 0.040271
3754 0.081685 0.394247 0.052572 0.040609
1456 0.301583 0.655838 0.060486 0.040609
3754 0.620124 0.678003 0.055399 0.040948
3769 0.082250 0.435195 0.062747 0.041286
1639 0.082533 0.298477 0.066704 0.041286
1847 0.843697 0.198816 0.061617 0.041624
322 0.194743 0.613029 0.062747 0.041624
4431 0.835783 0.378173 0.065008 0.041624
4085 0.511871 0.669882 0.074053 0.041624
2599 0.626060 0.349915 0.042397 0.042640
68 0.300735 0.888832 0.016959 0.042978
1504 0.846523 0.151777 0.061617 0.043655
1796 0.403335 0.324704 0.057094 0.045685
68 0.741379 0.261760 0.013002 0.046362
69 0.193047 0.478680 0.041266 0.046362
2804 0.835218 0.706937 0.059356 0.048731
3796 0.836914 0.888325 0.067270 0.048731
3853 0.514980 0.153299 0.059921 0.050761
3526 0.627473 0.226227 0.067835 0.053130
