128 0.610209 0.483694 0.015081 0.013045
188 0.161833 0.391692 0.037123 0.014418
64 0.312935 0.354446 0.022622 0.014761
188 0.057135 0.404222 0.029582 0.015448
101 0.500290 0.589255 0.062065 0.015448
499 0.204466 0.322520 0.037703 0.016135
91 0.313515 0.369722 0.028422 0.016478
203 0.059455 0.169756 0.043503 0.016821
101 0.167923 0.662376 0.062065 0.016821
192 0.051914 0.235668 0.034223 0.017508
64 0.209107 0.679368 0.019142 0.018538
203 0.158643 0.371782 0.050464 0.018538
56 0.202436 0.285445 0.019722 0.018881
64 0.604698 0.130965 0.029582 0.019567
56 0.384861 0.336423 0.024942 0.019911
91 0.210557 0.698421 0.031323 0.020254
120 0.495940 0.635771 0.034803 0.020597
89 0.718387 0.891177 0.062065 0.020597
76 0.389791 0.500000 0.030162 0.020941
120 0.054234 0.549949 0.024942 0.021284
52 0.608759 0.652249 0.046984 0.021284
499 0.060325 0.328184 0.051044 0.021284
120 0.720128 0.331960 0.034223 0.021970
120 0.495360 0.157741 0.027842 0.022314
91 0.498260 0.835050 0.041763 0.022314
57 0.058005 0.768795 0.045244 0.022314
150 0.059165 0.257467 0.034803 0.022657
92 0.716937 0.163405 0.046404 0.022657
67 0.170824 0.837624 0.049304 0.022657
162 0.176624 0.493478 0.030742 0.023000
64 0.827726 0.314624 0.035963 0.023000
91 0.609919 0.845348 0.042343 0.023000
93 0.829466 0.291795 0.053364 0.023344
88 0.391241 0.132681 0.036543 0.023687
91 0.274072 0.574494 0.041183 0.023687
499 0.388921 0.276176 0.056265 0.023687
66 0.053364 0.350154 0.025522 0.024030
64 0.054814 0.793340 0.030742 0.024030
132 0.273492 0.412290 0.035383 0.024030
126 0.276102 0.829729 0.042923 0.024030
117 0.612239 0.866632 0.027262 0.024373
88 0.720418 0.702884 0.037123 0.024373
117 0.275522 0.209063 0.027842 0.024717
74 0.495940 0.811020 0.031323 0.025060
76 0.826856 0.232235 0.036543 0.025060
57 0.616009 0.497597 0.039443 0.025060
91 0.497100 0.294027 0.042923 0.025060
55 0.162413 0.552866 0.055684 0.025060
88 0.718677 0.517336 0.025522 0.025403
66 0.056265 0.526262 0.029002 0.025403
88 0.831497 0.652249 0.043503 0.025403
113 0.496230 0.485067 0.052784 0.025403
547 0.497390 0.134569 0.053944 0.025403
118 0.720128 0.869722 0.026102 0.025747
91 0.493910 0.368349 0.037703 0.026090
57 0.393852 0.595263 0.044084 0.026090
193 0.158353 0.761414 0.049884 0.026090
91 0.058005 0.647271 0.042923 0.026433
52 0.276102 0.659629 0.049884 0.026433
76 0.606439 0.674219 0.036543 0.026777
132 0.379930 0.838654 0.037123 0.026777
52 0.162703 0.863028 0.045824 0.026777
86 0.616879 0.817199 0.040023 0.027120
3019 0.315545 0.392722 0.032483 0.027463
63 0.208237 0.302094 0.045244 0.027463
84 0.057135 0.853072 0.045824 0.027463
3019 0.211427 0.722794 0.033063 0.027806
91 0.829756 0.846378 0.042343 0.027806
87 0.275522 0.631136 0.047564 0.027806
134 0.373840 0.855475 0.031903 0.028150
4555 0.428074 0.810848 0.035963 0.028150
87 0.716937 0.547545 0.046404 0.028150
83 0.276392 0.895297 0.046984 0.028150
126 0.605858 0.430827 0.048144 0.028150
77 0.059455 0.744250 0.049304 0.028150
82 0.721578 0.384827 0.055684 0.028150
56 0.495070 0.539478 0.026102 0.028493
92 0.714327 0.358908 0.030742 0.028493
78 0.278712 0.722451 0.046984 0.028493
91 0.832947 0.577583 0.047564 0.028493
88 0.721288 0.272056 0.049304 0.028493
72 0.162703 0.640748 0.050464 0.028493
547 0.168503 0.579986 0.051624 0.028493
117 0.167343 0.471335 0.029582 0.028836
83 0.386311 0.432200 0.048724 0.028836
2479 0.492169 0.860968 0.050464 0.028836
91 0.607019 0.155510 0.046984 0.029523
67 0.281903 0.509784 0.047564 0.029523
126 0.391821 0.706145 0.057425 0.029523
68 0.494200 0.459835 0.048724 0.029866
126 0.831206 0.174906 0.049884 0.029866
78 0.273782 0.184861 0.055684 0.029866
111 0.831787 0.819087 0.027842 0.030209
107 0.495650 0.565053 0.033063 0.030209
134 0.164733 0.207003 0.037123 0.030209
107 0.167633 0.892551 0.039443 0.030209
126 0.719838 0.412976 0.042923 0.030209
87 0.057715 0.496052 0.046984 0.030209
83 0.604408 0.365602 0.047564 0.030209
99 0.723608 0.604531 0.064385 0.030209
85 0.278132 0.271026 0.026102 0.030553
132 0.054524 0.429969 0.034803 0.030553
70 0.605568 0.460522 0.045244 0.030553
87 0.717517 0.842945 0.045244 0.030553
88 0.833527 0.455372 0.048724 0.030553
134 0.269142 0.433230 0.030162 0.030896
87 0.829176 0.711981 0.044664 0.030896
2710 0.826566 0.377961 0.047564 0.030896
87 0.164153 0.784930 0.041763 0.031239
88 0.500870 0.514075 0.049304 0.031239
327 0.275522 0.755064 0.059165 0.031239
132 0.161253 0.416409 0.042923 0.031583
78 0.166473 0.445932 0.045244 0.031583
88 0.500000 0.430827 0.049884 0.031583
119 0.168213 0.183831 0.026682 0.031926
76 0.496520 0.608479 0.032483 0.031926
110 0.276102 0.541195 0.041763 0.031926
68 0.275232 0.602643 0.053944 0.031926
119 0.608179 0.892551 0.029582 0.032269
70 0.055684 0.141778 0.032483 0.032269
87 0.275232 0.346035 0.049304 0.032269
85 0.170244 0.520254 0.034223 0.032612
134 0.156613 0.345520 0.038283 0.032612
1174 0.831497 0.880364 0.042343 0.032612
110 0.607889 0.704600 0.046404 0.032612
3234 0.495360 0.891006 0.056845 0.032612
72 0.156323 0.237556 0.062065 0.032956
118 0.717227 0.578613 0.026102 0.033299
74 0.829756 0.344147 0.037703 0.033299
1083 0.719838 0.639719 0.048724 0.033299
2151 0.390081 0.888946 0.059745 0.033299
69 0.393852 0.401648 0.029002 0.033642
119 0.388921 0.528665 0.034223 0.033642
87 0.165023 0.610367 0.046984 0.033642
127 0.060615 0.379334 0.050464 0.033642
111 0.831787 0.682286 0.033643 0.033986
381 0.716067 0.670958 0.056265 0.033986
127 0.170534 0.814109 0.056845 0.033986
121 0.054814 0.822520 0.030742 0.034329
691 0.829176 0.202884 0.035383 0.034329
1022 0.053074 0.678682 0.046984 0.034329
204 0.165603 0.736869 0.034223 0.034672
1455 0.608759 0.400103 0.057425 0.034672
68 0.277552 0.862685 0.013341 0.035015
68 0.716357 0.136286 0.013921 0.035015
504 0.498550 0.741504 0.037703 0.035015
126 0.613689 0.622382 0.053364 0.035015
119 0.830626 0.739959 0.031323 0.035359
111 0.717227 0.732063 0.034223 0.035359
4260 0.494200 0.397700 0.034803 0.035359
86 0.615139 0.257295 0.037703 0.035359
253 0.498260 0.261071 0.038283 0.035359
3735 0.055974 0.463268 0.043503 0.035359
1893 0.608759 0.224682 0.045824 0.035359
3669 0.501450 0.777377 0.048144 0.035359
1022 0.603248 0.188980 0.053364 0.035359
85 0.611079 0.548919 0.033063 0.035702
2707 0.718677 0.449022 0.040603 0.035702
119 0.053364 0.618950 0.040603 0.035702
4555 0.095708 0.199451 0.042923 0.035702
1893 0.054814 0.713869 0.041183 0.036045
2151 0.388051 0.628047 0.049884 0.036045
4064 0.054234 0.581703 0.049304 0.036732
366 0.385441 0.308102 0.059745 0.036732
53 0.274362 0.691727 0.024362 0.037075
83 0.609339 0.740302 0.027262 0.037418
121 0.828306 0.263817 0.033643 0.037418
81 0.274072 0.240817 0.050464 0.037418
127 0.616009 0.522829 0.068445 0.037762
316 0.385731 0.197734 0.069606 0.037762
53 0.495940 0.227429 0.025522 0.038105
725 0.719548 0.812049 0.051624 0.038105
3735 0.384571 0.741332 0.052204 0.038105
3735 0.715777 0.306214 0.047564 0.038448
1385 0.499130 0.667010 0.058585 0.038448
118 0.499130 0.188294 0.036543 0.038792
253 0.719258 0.484209 0.038283 0.038792
53 0.606439 0.295743 0.033063 0.039478
1193 0.385151 0.468589 0.044084 0.039821
561 0.384861 0.166667 0.050464 0.040165
53 0.160963 0.274631 0.030742 0.040508
83 0.389501 0.777892 0.031903 0.040508
3813 0.385441 0.365259 0.058585 0.040508
3229 0.608179 0.587024 0.063225 0.040508
1917 0.271752 0.309646 0.044664 0.041195
561 0.829756 0.139547 0.053944 0.041538
68 0.603248 0.333333 0.015081 0.041881
2320 0.279002 0.472709 0.058005 0.041881
490 0.717807 0.191383 0.050464 0.042225
68 0.387471 0.562993 0.015081 0.042568
219 0.718968 0.771026 0.046984 0.043254
4555 0.498550 0.706488 0.062065 0.043254
1126 0.829756 0.490045 0.045824 0.043598
268 0.493910 0.328699 0.048144 0.044284
2320 0.612529 0.780467 0.060325 0.044284
1422 0.831787 0.416752 0.052204 0.044628
3481 0.388631 0.239616 0.053364 0.045314
681 0.165603 0.147786 0.046984 0.045657
2412 0.832367 0.613972 0.052204 0.045657
3019 0.386311 0.668040 0.044084 0.046687
68 0.829466 0.780982 0.015081 0.047374
781 0.052494 0.886371 0.049304 0.048060
1128 0.719548 0.232578 0.048144 0.048404
3019 0.273782 0.146069 0.048724 0.048404
3306 0.278712 0.794542 0.050464 0.048404
3481 0.056555 0.294027 0.053944 0.049090
2056 0.827726 0.537933 0.058005 0.052866
