56 0.641193 0.910243 0.024432 0.010963
169 0.417045 0.602432 0.028409 0.011305
209 0.539489 0.653306 0.017614 0.013703
62 0.721307 0.907503 0.026705 0.013703
57 0.732670 0.805070 0.036932 0.013703
83 0.719318 0.876328 0.028409 0.015759
52 0.720170 0.859541 0.032386 0.015759
81 0.721591 0.843097 0.039773 0.015759
196 0.081818 0.826482 0.025000 0.016101
57 0.774148 0.903220 0.032386 0.016101
69 0.077841 0.461288 0.032955 0.016101
57 0.728977 0.764988 0.031818 0.016444
91 0.519034 0.144741 0.038068 0.016787
196 0.742330 0.205207 0.025568 0.017129
101 0.308523 0.904077 0.069318 0.017129
196 0.417045 0.500856 0.023864 0.017814
196 0.755114 0.660500 0.025000 0.017814
196 0.644602 0.611853 0.023295 0.018499
196 0.532955 0.671805 0.025000 0.018499
162 0.078409 0.327852 0.030682 0.018499
57 0.620455 0.195272 0.032955 0.018499
68 0.723295 0.892086 0.035227 0.018499
101 0.196875 0.451696 0.057386 0.018842
83 0.766477 0.831449 0.030682 0.019185
117 0.680114 0.857828 0.023864 0.019870
101 0.410511 0.350291 0.061932 0.020212
117 0.119318 0.143028 0.017045 0.020898
108 0.722727 0.823741 0.020455 0.020898
56 0.306534 0.334190 0.025568 0.020898
135 0.531534 0.895512 0.026705 0.021240
68 0.723864 0.748030 0.007955 0.021583
272 0.559943 0.601062 0.053977 0.021583
190 0.538352 0.635149 0.036932 0.021925
104 0.642898 0.893114 0.042614 0.021925
85 0.769034 0.783316 0.019886 0.022268
85 0.657955 0.194758 0.021591 0.022268
56 0.853977 0.257794 0.028409 0.022268
104 0.773295 0.741178 0.036364 0.022268
68 0.769034 0.809866 0.014205 0.022610
87 0.612500 0.176088 0.030682 0.022610
91 0.307386 0.574169 0.036364 0.022610
171 0.082670 0.390545 0.043750 0.022610
56 0.529545 0.811237 0.028409 0.023296
90 0.683523 0.879411 0.031818 0.023296
192 0.530398 0.874101 0.027841 0.023638
168 0.413636 0.587187 0.025000 0.023981
132 0.074148 0.178828 0.032386 0.023981
117 0.411932 0.190134 0.036364 0.023981
148 0.529830 0.571429 0.041477 0.023981
91 0.192045 0.300788 0.043182 0.023981
83 0.304545 0.467797 0.036364 0.024323
57 0.414489 0.898082 0.041477 0.024323
113 0.192045 0.355087 0.042045 0.024323
132 0.078693 0.507366 0.032386 0.024666
68 0.767330 0.717712 0.035795 0.024666
87 0.856250 0.900651 0.038636 0.024666
68 0.725000 0.785886 0.040909 0.024666
91 0.302557 0.314149 0.042614 0.024666
85 0.523580 0.546763 0.042614 0.024666
52 0.519602 0.364166 0.053977 0.024666
117 0.457386 0.527407 0.021591 0.025009
56 0.196307 0.470538 0.027841 0.025009
62 0.659943 0.170435 0.032386 0.025694
64 0.521023 0.525009 0.039773 0.025694
69 0.665909 0.144399 0.051136 0.025694
126 0.407386 0.254711 0.052273 0.025694
113 0.189489 0.246831 0.055114 0.025694
272 0.672159 0.642172 0.059091 0.025694
101 0.305114 0.790510 0.065909 0.025694
113 0.520739 0.389517 0.044886 0.026036
77 0.642045 0.838986 0.046591 0.026036
126 0.639205 0.728332 0.047727 0.026036
127 0.857386 0.874957 0.047727 0.026036
52 0.641193 0.515588 0.050568 0.026036
65 0.646023 0.455978 0.053409 0.026036
110 0.615625 0.219082 0.033523 0.026379
90 0.117330 0.164954 0.035795 0.026379
83 0.854261 0.804899 0.039205 0.026379
113 0.078409 0.479102 0.043182 0.026379
52 0.075852 0.801473 0.044886 0.026379
88 0.853125 0.447927 0.046023 0.026379
84 0.193750 0.794793 0.048864 0.026721
56 0.193466 0.601062 0.028977 0.027064
87 0.855966 0.735012 0.036932 0.027064
98 0.193182 0.897396 0.052273 0.027064
55 0.853693 0.829222 0.053977 0.027064
84 0.192330 0.219767 0.056250 0.027064
90 0.452273 0.553272 0.038636 0.027407
110 0.306250 0.764303 0.039773 0.027407
126 0.407102 0.761905 0.047159 0.027407
98 0.075284 0.569373 0.052841 0.027407
118 0.855398 0.285543 0.021023 0.027749
132 0.193466 0.383864 0.034659 0.027749
51 0.770739 0.880610 0.035795 0.027749
84 0.403693 0.371189 0.043750 0.027749
117 0.680114 0.267900 0.028409 0.028092
2885 0.765341 0.854745 0.029545 0.028092
60 0.856250 0.854745 0.030682 0.028092
126 0.612216 0.146626 0.034659 0.028092
119 0.724716 0.722165 0.034659 0.028092
113 0.193466 0.828023 0.058523 0.028092
166 0.751136 0.688249 0.021591 0.028777
88 0.193750 0.575197 0.025000 0.028777
127 0.744602 0.262419 0.049432 0.028777
127 0.857386 0.235012 0.052273 0.028777
120 0.191193 0.269442 0.031250 0.029120
132 0.746591 0.464371 0.038636 0.029120
90 0.677273 0.295478 0.042045 0.029120
52 0.739773 0.177629 0.046591 0.029120
120 0.414489 0.821514 0.026705 0.029462
77 0.530682 0.777321 0.045455 0.029462
68 0.853977 0.146968 0.046591 0.029462
72 0.853125 0.206578 0.052841 0.029462
134 0.070739 0.201953 0.025568 0.029805
68 0.303693 0.443303 0.015341 0.030147
118 0.744034 0.323398 0.023295 0.030147
58 0.744886 0.400822 0.039773 0.030147
83 0.074432 0.630353 0.040909 0.030147
87 0.080398 0.743577 0.043750 0.030490
98 0.075000 0.269784 0.048864 0.030490
272 0.331818 0.369133 0.051136 0.030490
66 0.075568 0.774923 0.035227 0.030832
84 0.633239 0.424803 0.044886 0.030832
2748 0.524432 0.748544 0.054545 0.030832
85 0.521591 0.454436 0.031818 0.031175
111 0.853409 0.585132 0.032955 0.031518
107 0.298011 0.213772 0.034659 0.031518
70 0.412216 0.796848 0.044886 0.031518
55 0.194034 0.629325 0.056250 0.031518
87 0.741193 0.290339 0.038068 0.031860
57 0.198580 0.696985 0.046023 0.031860
107 0.637216 0.548476 0.043750 0.032203
87 0.414773 0.471737 0.044318 0.032203
118 0.529261 0.839500 0.026705 0.032545
47 0.778693 0.763446 0.032386 0.032545
68 0.409375 0.287770 0.048295 0.032888
60 0.072727 0.892600 0.027273 0.033231
66 0.739205 0.148510 0.038636 0.033231
577 0.309943 0.867934 0.047159 0.033231
67 0.644886 0.485269 0.047727 0.033231
107 0.853409 0.176430 0.044318 0.033573
77 0.078693 0.299418 0.052841 0.033573
55 0.078693 0.661871 0.061932 0.033573
126 0.523011 0.230730 0.041477 0.033916
127 0.415625 0.438335 0.047159 0.033916
117 0.078693 0.858513 0.033523 0.034258
74 0.075568 0.540254 0.034091 0.034258
85 0.857102 0.551387 0.032386 0.034601
74 0.739489 0.233470 0.038068 0.034601
90 0.405114 0.320829 0.047727 0.034601
74 0.304830 0.413326 0.048295 0.034601
60 0.855114 0.663926 0.030682 0.034943
69 0.197159 0.329222 0.036364 0.034943
74 0.072443 0.240151 0.039205 0.034943
113 0.745455 0.432682 0.044318 0.034943
51 0.302557 0.150565 0.042614 0.035286
70 0.521023 0.299931 0.046591 0.035286
77 0.528125 0.422919 0.051705 0.035286
127 0.196307 0.187564 0.055114 0.035286
547 0.524432 0.267044 0.057955 0.035286
107 0.744318 0.594039 0.035227 0.035629
219 0.659091 0.225077 0.039773 0.035629
78 0.851136 0.484241 0.048864 0.035971
81 0.853125 0.519699 0.050568 0.036314
71 0.855966 0.416238 0.058523 0.036314
70 0.301136 0.246146 0.044318 0.037342
121 0.195170 0.541624 0.046023 0.037684
68 0.076136 0.596951 0.011364 0.038027
85 0.523864 0.329736 0.035227 0.038027
127 0.193750 0.763104 0.048864 0.038027
119 0.302273 0.178486 0.027273 0.038369
981 0.076420 0.424803 0.051705 0.038369
70 0.743182 0.629496 0.039773 0.038712
126 0.304830 0.690819 0.043750 0.038712
111 0.305114 0.281603 0.028409 0.039054
77 0.200284 0.505824 0.048295 0.039397
90 0.192614 0.421206 0.045455 0.040767
366 0.640057 0.696643 0.060795 0.040767
121 0.194602 0.663241 0.043750 0.041110
3231 0.851989 0.702295 0.053977 0.041110
571 0.304261 0.544022 0.055114 0.041110
1316 0.639205 0.806783 0.055682 0.041110
70 0.639489 0.583248 0.048295 0.041453
1282 0.407386 0.407845 0.059091 0.041453
1584 0.305398 0.608770 0.036932 0.041795
62 0.074148 0.357314 0.038068 0.041795
485 0.306534 0.502912 0.052841 0.041795
2598 0.523295 0.492806 0.039773 0.042138
1438 0.640341 0.763446 0.048864 0.042823
4061 0.409375 0.633950 0.065341 0.043508
69 0.864489 0.374443 0.027841 0.043851
81 0.851989 0.770812 0.048295 0.043851
118 0.198295 0.863481 0.037500 0.044193
1584 0.307670 0.731757 0.038068 0.044536
4084 0.406818 0.157588 0.057955 0.044536
268 0.409375 0.677115 0.044886 0.044878
4422 0.184091 0.157417 0.053409 0.044878
4422 0.192045 0.730558 0.055682 0.044878
119 0.404830 0.224049 0.039205 0.045221
1814 0.852557 0.624872 0.051705 0.045906
2820 0.740625 0.366050 0.059659 0.046249
3665 0.746023 0.556184 0.053409 0.048304
1877 0.741761 0.503255 0.044886 0.048647
1132 0.414489 0.726619 0.051705 0.048647
3032 0.307955 0.649538 0.061364 0.048647
1316 0.638636 0.384378 0.055682 0.049332
744 0.077557 0.705036 0.058523 0.049332
1579 0.412216 0.862110 0.058523 0.049675
1438 0.637216 0.336759 0.053977 0.050017
1598 0.524716 0.709147 0.055114 0.050017
1984 0.850284 0.330593 0.067614 0.050017
2191 0.527557 0.185509 0.060795 0.053100
3698 0.306534 0.826996 0.063068 0.060295
