128 0.053551 0.709847 0.011641 0.007810
129 0.206636 0.704414 0.036088 0.011205
101 0.101281 0.717997 0.047730 0.013243
91 0.101863 0.883871 0.029104 0.014261
129 0.058498 0.499321 0.027357 0.015280
64 0.329162 0.247878 0.029686 0.016978
101 0.056170 0.542954 0.044820 0.016978
57 0.293655 0.320034 0.036671 0.017317
120 0.199651 0.795586 0.029104 0.017657
192 0.204598 0.546689 0.033178 0.017657
88 0.420838 0.883022 0.029104 0.017997
85 0.101281 0.503565 0.034924 0.019015
92 0.199069 0.522581 0.041909 0.019015
91 0.055006 0.675552 0.027357 0.019355
91 0.870489 0.381664 0.035506 0.019694
126 0.286088 0.387776 0.043655 0.019694
203 0.317229 0.664177 0.050058 0.019694
64 0.053260 0.695246 0.025029 0.020034
76 0.101572 0.483192 0.029686 0.020374
81 0.304133 0.187776 0.050640 0.020374
120 0.334692 0.446689 0.029104 0.020713
196 0.087602 0.389304 0.021537 0.021392
83 0.329744 0.347878 0.028522 0.021392
91 0.103318 0.675552 0.030850 0.021392
72 0.284342 0.277759 0.035506 0.021732
98 0.335274 0.425127 0.036088 0.021732
57 0.111176 0.582343 0.043073 0.021732
57 0.320722 0.826146 0.043073 0.021732
64 0.416473 0.127165 0.038999 0.022071
91 0.757276 0.168761 0.039581 0.022411
88 0.653667 0.834295 0.039581 0.022411
120 0.102736 0.604924 0.023865 0.022750
52 0.416764 0.619185 0.051222 0.022750
56 0.284924 0.340747 0.056461 0.022750
132 0.310827 0.163328 0.027939 0.023090
126 0.052095 0.780306 0.030850 0.023090
57 0.662980 0.639728 0.040745 0.023090
92 0.421420 0.466214 0.041909 0.023090
67 0.110012 0.652632 0.041909 0.023090
88 0.201106 0.876570 0.027357 0.023430
92 0.412398 0.188964 0.044820 0.023430
127 0.318393 0.878268 0.060536 0.023430
66 0.052386 0.805433 0.023283 0.023769
56 0.651630 0.379796 0.023865 0.024109
117 0.199360 0.820883 0.023865 0.024109
83 0.054133 0.883701 0.030268 0.024109
66 0.057916 0.521392 0.032014 0.024109
95 0.105355 0.629711 0.040745 0.024109
92 0.077998 0.171986 0.045402 0.024109
76 0.332363 0.324618 0.026775 0.024448
53 0.102154 0.698642 0.020373 0.024788
69 0.877474 0.825976 0.026193 0.024788
122 0.052678 0.726486 0.034342 0.024788
70 0.103900 0.559423 0.038999 0.024788
108 0.537544 0.836333 0.027357 0.025127
127 0.323341 0.804075 0.062282 0.025127
166 0.084109 0.426995 0.022701 0.025467
58 0.059080 0.617487 0.043655 0.025467
90 0.050640 0.753820 0.030268 0.025806
95 0.102445 0.802716 0.038417 0.025806
89 0.100990 0.776061 0.037835 0.026146
83 0.757567 0.364516 0.042491 0.026146
108 0.057625 0.448557 0.029104 0.026486
57 0.429278 0.581324 0.047148 0.026486
56 0.075960 0.266723 0.029686 0.026825
125 0.332363 0.270119 0.039581 0.026825
166 0.312573 0.221053 0.025611 0.027165
1810 0.867579 0.439219 0.028522 0.027504
135 0.208382 0.569610 0.031432 0.027504
51 0.103900 0.828014 0.036671 0.027504
87 0.197614 0.348217 0.042491 0.027504
81 0.536671 0.680645 0.043073 0.027504
55 0.412980 0.288115 0.057625 0.027504
123 0.284633 0.255348 0.023283 0.027844
92 0.055006 0.477419 0.030850 0.027844
110 0.868743 0.852632 0.035506 0.027844
72 0.055297 0.561969 0.037253 0.027844
104 0.288999 0.365365 0.037835 0.027844
85 0.195867 0.450255 0.043655 0.027844
88 0.875728 0.706621 0.049476 0.027844
101 0.315774 0.753820 0.065774 0.027844
126 0.336729 0.297963 0.035506 0.028183
87 0.073341 0.294567 0.045402 0.028183
113 0.651339 0.447368 0.059371 0.028183
55 0.312864 0.690153 0.063446 0.028183
248 0.864959 0.410017 0.065192 0.028183
107 0.056170 0.590153 0.027357 0.028523
51 0.288708 0.412224 0.033760 0.028523
83 0.190047 0.240407 0.037835 0.028523
83 0.866123 0.881154 0.038417 0.028523
55 0.191211 0.270289 0.063446 0.028523
127 0.323632 0.634975 0.064028 0.028523
74 0.309662 0.851783 0.031432 0.028862
126 0.334692 0.399491 0.038417 0.028862
68 0.284924 0.301868 0.012224 0.029202
91 0.870780 0.634635 0.036088 0.029202
91 0.537544 0.767063 0.040163 0.029202
113 0.414144 0.677419 0.057625 0.029202
66 0.417637 0.707131 0.033178 0.029542
85 0.419965 0.645840 0.032014 0.029881
88 0.197322 0.168421 0.034924 0.029881
87 0.871653 0.735823 0.040163 0.029881
55 0.421420 0.403735 0.059371 0.029881
68 0.054424 0.856197 0.008731 0.030221
81 0.054133 0.832767 0.032596 0.030221
3984 0.330617 0.374024 0.036088 0.030221
55 0.310536 0.532428 0.059953 0.030560
92 0.870489 0.797793 0.035506 0.030900
52 0.081199 0.362479 0.058789 0.030900
91 0.876892 0.466723 0.061118 0.030900
68 0.415017 0.737861 0.012806 0.031239
66 0.649593 0.477419 0.038417 0.031239
83 0.071886 0.235314 0.038999 0.031239
98 0.200233 0.848896 0.054715 0.031239
120 0.760186 0.248217 0.023283 0.031919
4252 0.350116 0.490323 0.036671 0.031919
1039 0.056461 0.649915 0.041909 0.031919
2177 0.194412 0.610526 0.076834 0.031919
120 0.199942 0.419864 0.023865 0.032258
58 0.415891 0.318336 0.037835 0.032258
63 0.105064 0.855857 0.038999 0.032258
66 0.415891 0.219525 0.040163 0.032258
60 0.652212 0.312224 0.042491 0.032258
127 0.877474 0.767233 0.052969 0.032258
119 0.101281 0.529711 0.030268 0.032598
51 0.203143 0.770119 0.050058 0.032598
58 0.648719 0.564516 0.048312 0.032937
63 0.294237 0.439049 0.037835 0.033277
316 0.198196 0.648557 0.058789 0.033277
118 0.538417 0.566723 0.023283 0.033956
58 0.415600 0.770798 0.036088 0.033956
83 0.411816 0.252971 0.037835 0.033956
107 0.651339 0.711036 0.040745 0.033956
87 0.194994 0.136163 0.044237 0.033956
107 0.103609 0.455518 0.039581 0.034295
123 0.309371 0.133107 0.037835 0.034635
111 0.868743 0.209338 0.029686 0.034975
118 0.314319 0.602886 0.033760 0.034975
93 0.652503 0.349915 0.050058 0.034975
64 0.538708 0.324788 0.051804 0.034975
2151 0.419965 0.504075 0.055297 0.034975
56 0.646973 0.285399 0.069267 0.034975
66 0.312864 0.773514 0.036671 0.035314
121 0.074505 0.201698 0.038417 0.035314
107 0.313155 0.721732 0.029104 0.035654
92 0.536671 0.648727 0.032596 0.035654
126 0.760477 0.282343 0.043655 0.035654
111 0.198487 0.734635 0.031432 0.036333
84 0.197905 0.684211 0.052386 0.036672
127 0.540163 0.603905 0.055879 0.037012
68 0.082654 0.328014 0.018626 0.037351
256 0.872817 0.549406 0.055297 0.037351
66 0.196449 0.384211 0.034342 0.038370
121 0.412980 0.157725 0.041327 0.038370
124 0.313155 0.565874 0.044237 0.038370
98 0.535215 0.803226 0.048312 0.038370
68 0.869907 0.171986 0.013388 0.039049
119 0.654831 0.411715 0.026775 0.039049
3212 0.102445 0.745671 0.032596 0.039389
76 0.650757 0.673854 0.034924 0.039728
1435 0.075378 0.139728 0.056461 0.039728
975 0.864086 0.507980 0.075087 0.040068
4252 0.417346 0.434126 0.034924 0.040407
726 0.648137 0.607301 0.054133 0.041087
560 0.866123 0.348217 0.061700 0.041087
3435 0.416473 0.855008 0.056461 0.041426
671 0.746799 0.137182 0.064028 0.041426
671 0.525902 0.733447 0.066938 0.041426
1879 0.866414 0.302377 0.047148 0.042445
4402 0.869034 0.670968 0.064028 0.042784
3754 0.188009 0.204075 0.058207 0.043463
3754 0.409197 0.812224 0.061700 0.043463
118 0.653376 0.800849 0.038999 0.043803
1385 0.415600 0.363837 0.060536 0.043803
745 0.756985 0.209677 0.043655 0.044482
82 0.541618 0.416808 0.066938 0.044482
1834 0.872235 0.134295 0.065774 0.045161
3019 0.420256 0.544992 0.051222 0.045501
113 0.538417 0.526486 0.057043 0.045840
3405 0.862922 0.254499 0.066938 0.046520
3192 0.761350 0.327674 0.058207 0.046859
2820 0.195576 0.488795 0.060536 0.047878
60 0.646391 0.754499 0.043655 0.048217
744 0.190047 0.309508 0.068102 0.049236
68 0.646973 0.522581 0.020373 0.050255
85 0.535215 0.368251 0.052969 0.050594
2323 0.871362 0.594907 0.061700 0.052971
83 0.533760 0.470119 0.043073 0.056027
