92 0.916477 0.461670 0.030682 0.012266
92 0.466193 0.263373 0.038068 0.013629
52 0.793750 0.198978 0.042045 0.013629
92 0.353693 0.791652 0.041477 0.013969
188 0.471023 0.608348 0.031818 0.014651
196 0.359659 0.184668 0.025000 0.014991
127 0.918182 0.385179 0.035227 0.015332
127 0.271307 0.255877 0.056250 0.015673
56 0.915341 0.372232 0.019318 0.016014
52 0.878977 0.440375 0.027273 0.016014
120 0.223011 0.156388 0.023295 0.016354
196 0.688352 0.423169 0.025568 0.016354
127 0.598011 0.803748 0.036932 0.016354
98 0.876705 0.452811 0.037500 0.016354
52 0.460795 0.716525 0.042045 0.016354
92 0.356534 0.557922 0.034659 0.016695
101 0.464205 0.529302 0.052273 0.016695
64 0.915057 0.340375 0.023295 0.017036
91 0.915625 0.353663 0.023295 0.017036
64 0.709375 0.502896 0.025568 0.017036
110 0.323864 0.860988 0.027273 0.017036
81 0.597727 0.790460 0.030682 0.017036
64 0.375568 0.882624 0.027273 0.017376
65 0.883523 0.510903 0.032955 0.017376
52 0.916193 0.498296 0.035795 0.017376
101 0.132386 0.249574 0.055682 0.017376
60 0.915341 0.400000 0.031818 0.017717
92 0.577557 0.135945 0.042614 0.017717
128 0.578125 0.314651 0.015341 0.018058
53 0.912216 0.557240 0.016477 0.018058
128 0.466761 0.309199 0.018750 0.018058
115 0.219034 0.238671 0.034659 0.018058
120 0.882102 0.405451 0.019886 0.018399
56 0.222159 0.199659 0.022727 0.018399
88 0.896023 0.791482 0.034091 0.018399
60 0.879261 0.490460 0.019886 0.018739
113 0.911648 0.535775 0.030114 0.018739
92 0.465057 0.469165 0.040341 0.019080
101 0.241761 0.475298 0.050568 0.019080
196 0.579261 0.737819 0.022159 0.019421
83 0.263636 0.213799 0.035227 0.019421
52 0.575852 0.296934 0.038068 0.019421
98 0.453977 0.387905 0.050000 0.019421
88 0.122159 0.893015 0.032955 0.019761
68 0.378125 0.898978 0.011932 0.020102
166 0.582955 0.760647 0.018182 0.020102
85 0.916477 0.443782 0.022727 0.020102
85 0.595455 0.817888 0.023864 0.020102
85 0.878409 0.425724 0.029545 0.020102
98 0.451420 0.888416 0.046023 0.020102
120 0.557386 0.812947 0.015909 0.020443
166 0.354261 0.837479 0.018750 0.020443
119 0.320170 0.900170 0.021023 0.020443
69 0.330114 0.879727 0.022727 0.020443
98 0.657955 0.478705 0.027273 0.020443
171 0.363636 0.813969 0.030682 0.020443
124 0.884659 0.387394 0.032955 0.020443
64 0.358807 0.137990 0.035795 0.020443
98 0.891193 0.894037 0.047159 0.020443
56 0.575852 0.428790 0.027841 0.020784
90 0.393466 0.231516 0.034659 0.020784
120 0.917330 0.421806 0.017614 0.021124
88 0.793466 0.858944 0.025568 0.021124
132 0.134659 0.498296 0.022727 0.021465
132 0.130398 0.163373 0.030114 0.021465
148 0.131250 0.605963 0.031818 0.021465
75 0.882955 0.472743 0.037500 0.021465
81 0.243182 0.678194 0.038636 0.021465
83 0.878125 0.364566 0.019886 0.021806
87 0.880398 0.530153 0.024432 0.021806
171 0.680398 0.736286 0.033523 0.021806
123 0.221307 0.218910 0.021023 0.022147
111 0.219886 0.177342 0.027273 0.022147
132 0.355682 0.652981 0.031818 0.022147
92 0.682102 0.287053 0.041477 0.022147
166 0.687500 0.450767 0.019318 0.022487
120 0.901989 0.314140 0.027841 0.022487
272 0.816761 0.344463 0.050568 0.022487
98 0.123295 0.403748 0.056818 0.022487
98 0.789489 0.420954 0.047159 0.022828
272 0.275568 0.304089 0.050000 0.022828
121 0.239773 0.892164 0.060227 0.022828
117 0.168466 0.283475 0.023295 0.023169
88 0.465057 0.212947 0.025568 0.023169
70 0.222159 0.138330 0.032955 0.023169
88 0.897159 0.846337 0.044318 0.023169
272 0.607102 0.846678 0.048295 0.023169
56 0.682955 0.206303 0.025000 0.023509
132 0.249716 0.616184 0.027841 0.023509
66 0.658807 0.502044 0.030114 0.023509
91 0.790341 0.780068 0.039773 0.023509
148 0.796023 0.446848 0.040909 0.023509
90 0.165625 0.305451 0.041477 0.023509
68 0.219318 0.258944 0.005682 0.023850
117 0.397443 0.208518 0.021023 0.023850
117 0.718182 0.565247 0.022727 0.023850
119 0.914773 0.519932 0.023864 0.023850
132 0.471591 0.630324 0.028409 0.023850
70 0.913920 0.479727 0.036932 0.023850
117 0.682955 0.665247 0.022727 0.024191
56 0.685795 0.263543 0.027273 0.024191
132 0.798295 0.286371 0.031818 0.024191
58 0.267045 0.271721 0.034091 0.024191
148 0.133807 0.428109 0.041477 0.024191
113 0.129261 0.140545 0.048295 0.024191
65 0.799148 0.138160 0.050568 0.024191
119 0.268750 0.237138 0.022727 0.024532
70 0.555398 0.791823 0.030114 0.024532
91 0.464489 0.417376 0.034659 0.024532
92 0.462216 0.552300 0.042614 0.024532
84 0.239773 0.804089 0.053409 0.024532
68 0.881534 0.342930 0.032386 0.024872
85 0.359091 0.159966 0.038636 0.024872
63 0.274716 0.190971 0.041477 0.024872
81 0.898864 0.216184 0.043182 0.024872
55 0.127557 0.638671 0.055114 0.024872
90 0.716477 0.590119 0.042045 0.025213
77 0.357955 0.333220 0.047727 0.025213
1406 0.577557 0.500170 0.049432 0.025213
85 0.123011 0.765417 0.031250 0.025554
70 0.376420 0.862521 0.038068 0.025554
87 0.682386 0.822317 0.040909 0.025554
98 0.677841 0.688075 0.051136 0.025554
56 0.795455 0.690971 0.026136 0.025894
88 0.241193 0.538671 0.042614 0.025894
52 0.456534 0.865417 0.044886 0.025894
98 0.680114 0.367632 0.048864 0.025894
72 0.352557 0.739693 0.050568 0.025894
56 0.355114 0.362010 0.026136 0.026235
111 0.237784 0.827428 0.028977 0.026235
51 0.269318 0.170187 0.030682 0.026235
61 0.659943 0.524872 0.031250 0.026235
126 0.270170 0.141567 0.032386 0.026235
76 0.681250 0.178365 0.035227 0.026235
52 0.460227 0.365758 0.045455 0.026235
127 0.910227 0.162351 0.060227 0.026235
60 0.898011 0.870187 0.031250 0.026576
87 0.795170 0.309710 0.036932 0.026576
84 0.575000 0.563203 0.044318 0.026576
127 0.357102 0.763203 0.046023 0.026576
56 0.242045 0.702726 0.022727 0.026917
56 0.903409 0.142249 0.026136 0.026917
56 0.463352 0.661840 0.030114 0.026917
87 0.466193 0.579727 0.036932 0.026917
56 0.577557 0.245315 0.024432 0.027257
74 0.458807 0.745826 0.026705 0.027257
111 0.794034 0.540375 0.034659 0.027257
52 0.573580 0.646678 0.042614 0.027257
65 0.585795 0.589779 0.046591 0.027257
98 0.456818 0.772743 0.046591 0.027257
98 0.119034 0.813969 0.049432 0.027257
117 0.789489 0.805622 0.026705 0.027598
56 0.899716 0.681942 0.027841 0.027598
76 0.241193 0.650937 0.038068 0.027598
52 0.464489 0.289097 0.044886 0.027598
77 0.578693 0.398807 0.044886 0.027598
56 0.467045 0.243952 0.029545 0.027939
85 0.461932 0.336627 0.029545 0.027939
113 0.350852 0.626576 0.039205 0.027939
66 0.463920 0.142078 0.041477 0.027939
68 0.899148 0.820102 0.043750 0.027939
98 0.794886 0.834753 0.048864 0.027939
74 0.577273 0.340886 0.035227 0.028279
110 0.242330 0.449915 0.041477 0.028279
84 0.467330 0.443782 0.051705 0.028279
118 0.356250 0.389438 0.021591 0.028620
70 0.707386 0.482112 0.035227 0.028620
91 0.898295 0.620443 0.036364 0.028620
60 0.901136 0.191482 0.048864 0.028620
127 0.130682 0.743101 0.063636 0.028620
107 0.357386 0.709029 0.040909 0.029302
52 0.122443 0.792164 0.044886 0.029302
95 0.680966 0.313799 0.051705 0.029302
118 0.682955 0.233560 0.020455 0.029642
123 0.461080 0.692164 0.022159 0.029642
66 0.792898 0.258433 0.034659 0.029642
66 0.128409 0.348041 0.036364 0.029642
90 0.127273 0.224361 0.045455 0.029642
68 0.354830 0.680579 0.047159 0.029642
77 0.902841 0.649915 0.047727 0.029642
77 0.465057 0.805622 0.049432 0.029642
118 0.241761 0.731175 0.023295 0.029983
117 0.125568 0.377513 0.025000 0.029983
66 0.126136 0.715843 0.034091 0.029983
98 0.572727 0.370017 0.042045 0.029983
68 0.131250 0.195571 0.043182 0.029983
77 0.683523 0.396934 0.046591 0.029983
66 0.679545 0.792675 0.035227 0.030324
118 0.792330 0.717888 0.018750 0.030664
119 0.881534 0.551959 0.021023 0.030664
123 0.575852 0.274957 0.027841 0.030664
74 0.684943 0.341397 0.034659 0.030664
148 0.684659 0.715162 0.040909 0.030664
70 0.577273 0.711414 0.042045 0.030664
67 0.582386 0.618739 0.057955 0.030664
62 0.246307 0.417547 0.044886 0.031005
107 0.794602 0.227257 0.034659 0.031346
55 0.676136 0.767973 0.052273 0.031346
77 0.362500 0.498467 0.056818 0.031346
68 0.708807 0.526235 0.008523 0.031687
74 0.355682 0.273424 0.036364 0.031687
121 0.352273 0.305281 0.031818 0.032027
118 0.896307 0.713458 0.019886 0.032709
74 0.789205 0.394208 0.032955 0.032709
66 0.681818 0.634072 0.036364 0.032709
1302 0.791761 0.573424 0.057386 0.032709
85 0.351989 0.531687 0.025568 0.033049
85 0.456818 0.831175 0.030682 0.033049
107 0.578125 0.679898 0.034659 0.033049
1180 0.581534 0.529983 0.050568 0.033049
107 0.246023 0.348552 0.039773 0.034072
2820 0.125000 0.463032 0.056818 0.034072
111 0.903125 0.591652 0.024432 0.034412
118 0.578977 0.460647 0.021591 0.034753
83 0.897159 0.246337 0.027273 0.034753
89 0.244602 0.383305 0.047159 0.034753
562 0.570455 0.211925 0.051136 0.034753
67 0.800568 0.169336 0.051136 0.035434
268 0.790625 0.657411 0.036932 0.035775
1193 0.896307 0.284668 0.050568 0.035775
366 0.239205 0.774276 0.057955 0.035775
51 0.793750 0.477683 0.035227 0.036116
90 0.460795 0.500341 0.047727 0.036457
121 0.791193 0.511244 0.040341 0.037138
1609 0.125000 0.577002 0.055682 0.037138
4489 0.674716 0.852981 0.060795 0.037138
3192 0.234375 0.862010 0.046023 0.037479
562 0.465057 0.182964 0.051705 0.037479
366 0.571023 0.887905 0.055682 0.037479
1949 0.677841 0.887905 0.050000 0.038160
4260 0.128409 0.538842 0.035227 0.038501
51 0.791761 0.752470 0.041477 0.038501
1978 0.574716 0.168313 0.059659 0.038842
3215 0.785227 0.889267 0.039773 0.039523
3754 0.357670 0.593015 0.056250 0.039864
717 0.678693 0.147019 0.066477 0.039864
2555 0.357670 0.463203 0.052841 0.041227
2423 0.354545 0.422998 0.055682 0.041227
4252 0.124148 0.675980 0.049432 0.042930
1115 0.895455 0.756899 0.037500 0.043271
3258 0.237784 0.581090 0.057386 0.043271
2709 0.245170 0.505622 0.043750 0.044293
1140 0.123295 0.854003 0.046591 0.044634
1297 0.791477 0.614821 0.046591 0.053492
