92 0.242938 0.649035 0.042938 0.018263
56 0.887571 0.239490 0.024859 0.018608
57 0.140960 0.652653 0.031073 0.018608
91 0.355932 0.890937 0.047458 0.018952
55 0.456215 0.127671 0.049153 0.018952
92 0.246328 0.507236 0.042938 0.019297
64 0.569209 0.495865 0.031073 0.019986
55 0.463559 0.468298 0.051412 0.019986
92 0.348305 0.236733 0.045763 0.020675
55 0.461582 0.362164 0.048588 0.020675
55 0.354802 0.633701 0.050847 0.020675
92 0.355367 0.808580 0.045198 0.021020
120 0.777401 0.226740 0.028249 0.021365
52 0.674576 0.418332 0.038418 0.021365
93 0.784746 0.383873 0.053107 0.021365
55 0.463559 0.749311 0.049153 0.021709
56 0.897458 0.797381 0.026554 0.022054
56 0.887853 0.387491 0.022034 0.023088
56 0.245763 0.628015 0.023729 0.023088
88 0.350282 0.319607 0.028249 0.023088
55 0.568927 0.594762 0.051977 0.023432
52 0.244068 0.286699 0.040678 0.024121
81 0.353672 0.574776 0.047458 0.024121
64 0.677684 0.831323 0.029944 0.024466
81 0.890395 0.511199 0.044068 0.024466
98 0.893785 0.860269 0.054237 0.024466
85 0.782203 0.314266 0.029944 0.024810
64 0.135876 0.522054 0.034463 0.024810
61 0.141243 0.236733 0.049718 0.024810
91 0.779661 0.288249 0.040678 0.025155
118 0.681921 0.885252 0.020339 0.026189
91 0.246893 0.775327 0.041808 0.026189
81 0.244915 0.564438 0.043503 0.026189
113 0.455367 0.187112 0.054237 0.026189
66 0.464689 0.542557 0.034463 0.026533
76 0.459605 0.332357 0.035593 0.026533
66 0.244633 0.833391 0.036158 0.026533
81 0.459322 0.305479 0.044068 0.026533
76 0.134463 0.304618 0.039548 0.026878
84 0.132203 0.590110 0.042938 0.027223
91 0.676554 0.718987 0.044633 0.027223
83 0.460734 0.717609 0.045763 0.027223
1173 0.355650 0.828222 0.053672 0.027223
1002 0.243785 0.133184 0.058192 0.027223
76 0.351695 0.602343 0.042373 0.027567
84 0.887288 0.414025 0.044633 0.027912
83 0.890960 0.643177 0.045198 0.027912
52 0.673446 0.362336 0.046328 0.027912
2596 0.354237 0.668677 0.047458 0.027912
107 0.783616 0.575465 0.041808 0.028256
96 0.782768 0.129910 0.058192 0.028256
85 0.675706 0.390937 0.025989 0.028601
259 0.784463 0.733460 0.063842 0.028601
66 0.244915 0.892488 0.029944 0.028946
78 0.680791 0.858374 0.037288 0.028946
109 0.679944 0.654721 0.046893 0.028946
74 0.245763 0.747243 0.033898 0.029290
66 0.783051 0.605961 0.038418 0.029290
118 0.891243 0.570641 0.020904 0.029635
84 0.135028 0.782564 0.044068 0.029635
126 0.790960 0.809786 0.051977 0.029635
68 0.245763 0.863715 0.009040 0.029979
123 0.670621 0.177981 0.022599 0.029979
60 0.457910 0.247243 0.023164 0.029979
91 0.562712 0.132839 0.041808 0.029979
1415 0.456215 0.157305 0.053672 0.029979
85 0.246893 0.403170 0.025989 0.030324
91 0.566949 0.521365 0.037853 0.030324
87 0.462147 0.813232 0.042938 0.030324
88 0.354520 0.510338 0.044633 0.030324
547 0.564972 0.311854 0.045198 0.030324
88 0.136723 0.176430 0.049718 0.030324
95 0.570056 0.463818 0.054237 0.030324
113 0.244633 0.806685 0.055367 0.030324
85 0.889548 0.213473 0.025424 0.030669
87 0.457062 0.276533 0.041808 0.030669
91 0.356497 0.734838 0.044068 0.030669
122 0.672599 0.444693 0.044633 0.030669
126 0.565819 0.236906 0.048023 0.030669
74 0.347458 0.133701 0.035028 0.031013
119 0.887288 0.486216 0.036723 0.031013
91 0.462429 0.435562 0.038983 0.031013
127 0.786158 0.442798 0.055932 0.031013
70 0.457627 0.216230 0.029379 0.031358
76 0.250847 0.713473 0.033898 0.031358
67 0.787853 0.473294 0.045763 0.031358
1821 0.461017 0.649724 0.048588 0.031358
70 0.139831 0.718470 0.032203 0.031702
93 0.138701 0.889042 0.038983 0.031702
87 0.352542 0.543763 0.041808 0.031702
74 0.675989 0.689008 0.029944 0.032047
70 0.137288 0.207960 0.036158 0.032047
126 0.677119 0.591144 0.051412 0.032047
107 0.778814 0.410751 0.029944 0.032391
85 0.247458 0.480875 0.021469 0.032736
85 0.888701 0.359235 0.024859 0.032736
92 0.136158 0.751034 0.030508 0.032736
86 0.361299 0.702791 0.037853 0.032736
62 0.892938 0.538939 0.044633 0.033081
68 0.354520 0.291006 0.015254 0.033425
70 0.780226 0.199001 0.035028 0.033425
87 0.349435 0.261371 0.040113 0.033425
1083 0.564407 0.205548 0.040678 0.033425
127 0.466384 0.572881 0.059322 0.033425
68 0.564689 0.343556 0.016384 0.033770
87 0.137006 0.821158 0.038983 0.033770
1261 0.356497 0.473811 0.046328 0.033770
68 0.461017 0.686595 0.009040 0.034114
4079 0.899153 0.885768 0.057062 0.034114
107 0.670904 0.330806 0.026554 0.034459
1999 0.355085 0.859752 0.057062 0.034459
85 0.348305 0.208649 0.026554 0.034804
62 0.671186 0.210889 0.040678 0.035148
113 0.244915 0.376981 0.050282 0.035148
2748 0.353390 0.433494 0.054802 0.035148
92 0.464124 0.779979 0.032203 0.035493
84 0.575141 0.889214 0.041808 0.035493
69 0.251130 0.347691 0.020904 0.035837
88 0.680508 0.798070 0.050282 0.035837
119 0.565819 0.678670 0.034463 0.036182
111 0.779944 0.256720 0.026554 0.036527
118 0.781638 0.507581 0.026554 0.036527
77 0.788418 0.542729 0.045763 0.036527
4402 0.568362 0.559614 0.049718 0.036527
316 0.239266 0.313921 0.070621 0.036527
111 0.893785 0.676258 0.033898 0.036871
4064 0.894350 0.829256 0.055367 0.036871
92 0.136158 0.683666 0.025989 0.037216
2707 0.135028 0.394211 0.033898 0.037216
1375 0.138701 0.436595 0.052542 0.037216
2083 0.560734 0.169711 0.051412 0.037560
4260 0.350000 0.392833 0.032203 0.037905
4085 0.242090 0.206409 0.058192 0.037905
885 0.886723 0.182288 0.062712 0.037905
53 0.243503 0.537733 0.027119 0.038249
111 0.675706 0.620262 0.022599 0.038594
121 0.347458 0.168849 0.037288 0.038594
121 0.896045 0.605100 0.040678 0.038594
98 0.887571 0.451068 0.048588 0.038594
2553 0.575141 0.767746 0.059887 0.038594
83 0.564972 0.379566 0.025989 0.038939
111 0.669209 0.247588 0.029944 0.038939
83 0.789831 0.886802 0.030508 0.038939
111 0.778814 0.162130 0.036723 0.038939
2598 0.461017 0.882150 0.028249 0.039283
1415 0.137571 0.623363 0.049153 0.039283
60 0.138136 0.850965 0.025424 0.039628
1365 0.243503 0.252757 0.047458 0.039628
2151 0.350565 0.352688 0.051412 0.039628
83 0.246045 0.597864 0.029944 0.039972
1880 0.674859 0.291523 0.034463 0.040662
1587 0.463559 0.612336 0.046893 0.040662
3786 0.786723 0.774294 0.054802 0.040662
68 0.467797 0.849414 0.011299 0.041351
121 0.133051 0.270159 0.034463 0.041351
121 0.137288 0.555479 0.036158 0.041351
68 0.789548 0.847691 0.012994 0.042040
344 0.241243 0.168332 0.048588 0.042385
835 0.242938 0.445038 0.050847 0.042385
1559 0.575141 0.806857 0.055367 0.042385
2161 0.133616 0.139559 0.058192 0.042729
480 0.357627 0.773777 0.057627 0.043074
3136 0.668927 0.138008 0.038418 0.043763
81 0.244633 0.676947 0.047458 0.043763
1304 0.898870 0.717953 0.054237 0.045141
4085 0.889548 0.273260 0.054802 0.045486
83 0.783898 0.690041 0.025424 0.045830
121 0.784746 0.643866 0.032768 0.045830
3192 0.564972 0.272226 0.049718 0.046864
1320 0.573446 0.846657 0.062147 0.046864
1300 0.565537 0.424707 0.055367 0.047209
2598 0.569492 0.720193 0.027119 0.047553
3192 0.781638 0.352860 0.049153 0.047553
3684 0.465254 0.505169 0.057062 0.047553
1128 0.135311 0.481909 0.043503 0.047898
4318 0.462147 0.397140 0.056497 0.047898
1316 0.896893 0.766885 0.057062 0.047898
1502 0.888136 0.137836 0.044068 0.048243
3145 0.137288 0.347174 0.044068 0.049276
681 0.567797 0.635252 0.044068 0.049966
268 0.679096 0.759132 0.045198 0.050310
1354 0.885876 0.321158 0.044068 0.050999
2191 0.674576 0.548932 0.039548 0.057202
47 0.675424 0.491213 0.029944 0.067884
