246 0.887088 0.782924 0.050626 0.007605
128 0.786121 0.343588 0.013652 0.008987
101 0.452787 0.601106 0.053470 0.016592
101 0.563140 0.356377 0.047782 0.017283
120 0.663538 0.423263 0.026735 0.017629
92 0.337315 0.125821 0.050057 0.017974
56 0.122298 0.465088 0.018203 0.018320
192 0.230375 0.373833 0.039818 0.018320
297 0.122014 0.231421 0.048350 0.018320
120 0.338737 0.250605 0.023322 0.018666
92 0.558305 0.303664 0.047213 0.019011
55 0.451934 0.719495 0.048350 0.019011
120 0.445677 0.269962 0.024460 0.019357
57 0.567691 0.839959 0.038680 0.019357
56 0.230660 0.539060 0.018771 0.020394
101 0.558874 0.886450 0.063140 0.020394
83 0.120023 0.892845 0.046644 0.020740
92 0.774175 0.248877 0.054608 0.020740
120 0.775597 0.358970 0.023322 0.021085
2177 0.266496 0.330798 0.047213 0.021431
50 0.781570 0.383512 0.063709 0.021777
91 0.777019 0.649499 0.038680 0.022122
56 0.449090 0.581403 0.050626 0.022122
2177 0.445677 0.893190 0.067691 0.022122
120 0.450228 0.693916 0.026735 0.022468
91 0.664676 0.163498 0.039249 0.022814
92 0.665245 0.732112 0.041524 0.022814
56 0.554323 0.621846 0.025597 0.023505
76 0.662969 0.402351 0.033561 0.023505
91 0.231229 0.164535 0.043800 0.023505
56 0.776166 0.331835 0.050626 0.023505
91 0.884528 0.667300 0.045506 0.023851
82 0.235495 0.224507 0.053470 0.023851
91 0.557452 0.789146 0.043231 0.024196
66 0.664676 0.888870 0.039249 0.024542
499 0.888225 0.726754 0.064278 0.024542
85 0.341581 0.610439 0.024460 0.024888
56 0.554323 0.253197 0.032423 0.025233
91 0.666667 0.491704 0.038680 0.025233
126 0.338737 0.473211 0.044937 0.025579
85 0.450228 0.513481 0.023322 0.025925
135 0.229807 0.400104 0.028441 0.025925
66 0.232082 0.704286 0.038680 0.025925
91 0.668373 0.607501 0.040956 0.025925
57 0.453925 0.780332 0.040956 0.025925
78 0.668658 0.832008 0.040387 0.026270
53 0.557452 0.191670 0.022753 0.026616
118 0.553470 0.862599 0.022753 0.026616
91 0.773322 0.460595 0.044937 0.026616
89 0.553754 0.125648 0.050626 0.026616
72 0.341581 0.544763 0.039249 0.026962
87 0.450796 0.807812 0.050626 0.026962
127 0.240046 0.731075 0.061433 0.026962
85 0.557452 0.280159 0.021615 0.027307
1435 0.337884 0.640339 0.046644 0.027307
118 0.884243 0.486001 0.024460 0.027653
51 0.339875 0.227100 0.042662 0.027653
87 0.557167 0.817145 0.043800 0.027653
107 0.127133 0.743519 0.048350 0.027653
75 0.453072 0.480643 0.044937 0.027999
1435 0.555461 0.333391 0.046075 0.027999
115 0.339875 0.696336 0.050626 0.027999
126 0.452218 0.341514 0.044369 0.028344
87 0.236348 0.760111 0.048350 0.028344
553 0.664960 0.638438 0.050057 0.028344
85 0.233788 0.859488 0.025028 0.028690
76 0.445392 0.200311 0.037543 0.028690
51 0.666667 0.375907 0.044369 0.028690
84 0.121160 0.519703 0.044369 0.028690
2596 0.451934 0.751296 0.046075 0.028690
91 0.886519 0.605773 0.048350 0.028690
87 0.234073 0.672831 0.048350 0.028690
86 0.560580 0.375043 0.029010 0.029036
92 0.234073 0.888697 0.034699 0.029036
125 0.343003 0.725199 0.047782 0.029036
93 0.125427 0.440892 0.034699 0.029381
119 0.879977 0.886796 0.042093 0.029381
87 0.884243 0.459212 0.049488 0.029381
85 0.664960 0.705496 0.021615 0.029727
87 0.555745 0.724162 0.037543 0.029727
2555 0.335609 0.196682 0.045506 0.029727
88 0.668942 0.345316 0.050057 0.029727
88 0.780432 0.306256 0.053470 0.029727
85 0.559158 0.558763 0.021615 0.030073
77 0.127133 0.408054 0.042662 0.030073
642 0.120876 0.260456 0.049488 0.030073
73 0.125427 0.163325 0.056314 0.030073
95 0.887656 0.573280 0.058589 0.030073
119 0.230660 0.251988 0.030148 0.030418
76 0.121160 0.714138 0.030717 0.030418
76 0.449659 0.667128 0.034699 0.030418
118 0.659841 0.860698 0.035267 0.030418
87 0.123151 0.631870 0.042662 0.030418
90 0.123151 0.866920 0.048350 0.030418
127 0.562002 0.754580 0.048919 0.030418
123 0.558874 0.594193 0.022184 0.031110
117 0.667520 0.671621 0.026735 0.031110
98 0.339306 0.669893 0.055176 0.031110
126 0.667235 0.804528 0.051195 0.031455
126 0.884812 0.393363 0.056314 0.031801
111 0.556030 0.405980 0.032423 0.032147
107 0.444824 0.168510 0.026166 0.032838
2707 0.774175 0.539405 0.035267 0.032838
1392 0.449090 0.375907 0.051763 0.032838
85 0.777019 0.221569 0.032992 0.033184
53 0.449659 0.449533 0.021047 0.033529
87 0.230944 0.603353 0.043231 0.033529
88 0.342719 0.395956 0.043800 0.033529
59 0.453072 0.864673 0.048350 0.033529
2555 0.343857 0.801072 0.052901 0.033529
70 0.885097 0.511407 0.055745 0.033529
111 0.662685 0.269616 0.034130 0.033875
59 0.887941 0.854822 0.050057 0.033875
118 0.556314 0.222433 0.019340 0.034221
83 0.555176 0.687003 0.025028 0.034221
111 0.121445 0.595748 0.030148 0.034221
2707 0.666951 0.572935 0.036974 0.034221
2894 0.663254 0.195817 0.053470 0.034221
2748 0.232082 0.130487 0.059158 0.034221
328 0.663254 0.130487 0.069397 0.034221
127 0.349545 0.575873 0.059727 0.034566
1435 0.884243 0.542689 0.062002 0.034566
58 0.779010 0.273591 0.047213 0.034912
4033 0.552048 0.160214 0.059727 0.034912
504 0.337884 0.320256 0.030717 0.035603
121 0.556314 0.651746 0.032992 0.035603
118 0.222696 0.567577 0.040387 0.035949
90 0.233220 0.198410 0.051195 0.035949
83 0.444539 0.132561 0.026735 0.036295
111 0.770478 0.571898 0.035836 0.036295
3754 0.122867 0.131870 0.038680 0.036295
398 0.340728 0.512789 0.056883 0.036295
111 0.883390 0.756654 0.038680 0.036640
62 0.448521 0.834774 0.042662 0.036640
3231 0.228953 0.508469 0.054039 0.036640
4112 0.774460 0.682337 0.054039 0.036640
2423 0.340728 0.759074 0.059158 0.036640
250 0.884243 0.636709 0.059727 0.036640
504 0.555745 0.480643 0.022753 0.036986
58 0.235779 0.638956 0.039249 0.036986
126 0.342719 0.833564 0.054039 0.036986
3669 0.560296 0.518320 0.047782 0.037677
1691 0.882537 0.427411 0.065415 0.037677
107 0.883959 0.309713 0.032992 0.038023
121 0.447668 0.414103 0.034130 0.038023
53 0.120307 0.199274 0.027873 0.038368
1598 0.344141 0.878845 0.045506 0.038368
119 0.119738 0.491186 0.027873 0.038714
3089 0.664676 0.456101 0.056314 0.039060
3121 0.446530 0.548393 0.056883 0.039060
779 0.663823 0.234186 0.059158 0.039060
3338 0.664676 0.768579 0.046075 0.039751
3669 0.339875 0.358624 0.046075 0.040442
542 0.781001 0.412202 0.058020 0.040442
3526 0.339022 0.281714 0.052332 0.040788
3153 0.339306 0.158313 0.043800 0.041479
1457 0.120023 0.557553 0.050057 0.041479
3526 0.557452 0.444867 0.053470 0.041479
81 0.882821 0.274456 0.056883 0.041479
3338 0.776451 0.616142 0.045506 0.041825
1185 0.881399 0.701867 0.067691 0.041825
1170 0.121445 0.829934 0.046075 0.042862
975 0.886234 0.814552 0.058020 0.043208
1917 0.444539 0.237988 0.043800 0.043899
3754 0.223834 0.291912 0.044937 0.043899
3984 0.336462 0.435707 0.049488 0.044590
3741 0.239192 0.811960 0.060865 0.044936
3984 0.663254 0.307466 0.046644 0.045282
1305 0.764790 0.719495 0.063140 0.045973
68 0.126564 0.671275 0.011945 0.047701
3019 0.666951 0.529036 0.041524 0.048047
68 0.449659 0.625994 0.013083 0.049084
3019 0.774175 0.498617 0.047782 0.049430
1827 0.448237 0.306775 0.037543 0.050121
2591 0.119170 0.367611 0.046075 0.050121
47 0.127986 0.783788 0.027304 0.050812
1560 0.882537 0.228655 0.057452 0.052886
2560 0.886519 0.353785 0.066553 0.053578
1297 0.119454 0.307812 0.039818 0.054960
47 0.233504 0.439163 0.032423 0.078465
