128 0.040799 0.217585 0.027199 0.016421
92 0.628183 0.765310 0.044560 0.017790
196 0.060475 0.609134 0.030671 0.018132
57 0.403067 0.229388 0.043403 0.018132
57 0.857060 0.767191 0.045139 0.019501
92 0.054109 0.899418 0.044560 0.019843
56 0.287616 0.667978 0.028935 0.020869
64 0.731481 0.226651 0.040509 0.020869
83 0.393808 0.898050 0.045718 0.021211
126 0.846354 0.901813 0.050347 0.021211
92 0.514178 0.785323 0.044560 0.021553
128 0.627315 0.366062 0.013889 0.021895
64 0.047454 0.194663 0.040509 0.021895
57 0.745370 0.705098 0.040509 0.021895
57 0.849537 0.170031 0.043981 0.021895
56 0.734375 0.461683 0.027778 0.022237
192 0.056134 0.139412 0.033565 0.022237
91 0.729456 0.173965 0.036458 0.022237
85 0.726562 0.203558 0.036458 0.022580
91 0.499421 0.140609 0.045139 0.022580
91 0.175347 0.444577 0.041667 0.022922
57 0.293981 0.719979 0.043981 0.022922
91 0.504630 0.202532 0.040509 0.023264
91 0.627025 0.671912 0.043403 0.023264
132 0.399306 0.509921 0.034722 0.023606
273 0.432581 0.287718 0.046875 0.023948
251 0.848958 0.796442 0.052083 0.023948
120 0.283565 0.173794 0.028935 0.024632
87 0.388600 0.206808 0.038773 0.024974
90 0.210359 0.663360 0.039931 0.025316
98 0.734664 0.807732 0.054977 0.025316
55 0.624711 0.186452 0.061921 0.025316
56 0.282697 0.334246 0.031829 0.026001
126 0.513889 0.897366 0.059028 0.026001
108 0.508391 0.843825 0.027199 0.026343
88 0.395255 0.690558 0.048611 0.026343
101 0.172454 0.375470 0.070602 0.026343
56 0.177083 0.866918 0.028935 0.026685
76 0.286458 0.693124 0.040509 0.026685
273 0.092303 0.636333 0.044560 0.026685
148 0.177373 0.712966 0.045718 0.026685
55 0.393519 0.412932 0.060185 0.026685
117 0.217882 0.636504 0.024884 0.027027
76 0.629340 0.605713 0.037616 0.027027
87 0.056424 0.747007 0.052662 0.027027
87 0.512442 0.671741 0.045718 0.027711
88 0.511285 0.445946 0.049190 0.027711
101 0.175637 0.510434 0.064236 0.028053
88 0.627894 0.734348 0.026620 0.028395
56 0.174190 0.571844 0.032407 0.028395
52 0.391782 0.441498 0.043981 0.028395
91 0.629340 0.452617 0.042245 0.028738
83 0.390625 0.621964 0.046296 0.028738
1415 0.625579 0.482039 0.053241 0.028738
126 0.047743 0.240848 0.059606 0.028738
77 0.520255 0.869997 0.060185 0.028738
88 0.734954 0.605029 0.031250 0.029080
132 0.174479 0.737427 0.042245 0.029080
126 0.051505 0.820903 0.065972 0.029080
1002 0.631655 0.638214 0.068866 0.029080
120 0.625868 0.340746 0.032986 0.029422
83 0.842593 0.267875 0.047454 0.029422
113 0.625000 0.281218 0.059028 0.029422
118 0.173611 0.895142 0.037037 0.029764
87 0.167824 0.268902 0.046296 0.030106
118 0.735532 0.295758 0.021991 0.030448
77 0.181713 0.836640 0.049769 0.030448
127 0.065972 0.585186 0.064815 0.030448
127 0.062211 0.721690 0.065394 0.030448
101 0.289062 0.787376 0.067708 0.030448
118 0.843461 0.194321 0.021412 0.030790
135 0.057581 0.166610 0.043403 0.030790
148 0.396991 0.384879 0.045139 0.030790
88 0.171875 0.234690 0.047454 0.030790
126 0.395833 0.815429 0.039352 0.031132
118 0.394097 0.255217 0.026620 0.031475
84 0.730324 0.327061 0.047454 0.031475
363 0.735532 0.893260 0.052083 0.031475
58 0.390625 0.178242 0.053241 0.031475
249 0.626447 0.830311 0.060764 0.031475
72 0.843461 0.621793 0.053819 0.031817
95 0.624421 0.249743 0.048611 0.032159
98 0.736400 0.535751 0.052662 0.032159
1579 0.843171 0.143346 0.054398 0.032159
2423 0.626736 0.860759 0.059028 0.032159
1415 0.627894 0.703729 0.063657 0.032159
66 0.732639 0.435854 0.043981 0.032843
74 0.177083 0.767020 0.043981 0.032843
89 0.513021 0.553883 0.054977 0.032843
85 0.846065 0.235546 0.030093 0.033185
68 0.392650 0.591173 0.012153 0.033527
74 0.508970 0.367431 0.042245 0.033527
98 0.386574 0.144372 0.054398 0.033527
118 0.282118 0.365549 0.028356 0.033869
316 0.847512 0.740677 0.054977 0.034211
111 0.282697 0.519843 0.036458 0.034554
121 0.629051 0.569791 0.042824 0.034554
98 0.285301 0.853404 0.059028 0.034554
119 0.519097 0.702361 0.032407 0.034896
58 0.515914 0.637359 0.039931 0.034896
99 0.285012 0.243927 0.060764 0.034896
111 0.847801 0.391892 0.033565 0.035238
643 0.630787 0.794218 0.046296 0.035238
74 0.048900 0.690216 0.050347 0.035238
111 0.286748 0.600068 0.032986 0.035580
254 0.288484 0.405063 0.050347 0.035580
88 0.847512 0.533869 0.030671 0.035922
87 0.509549 0.812692 0.038773 0.035922
1778 0.848669 0.874615 0.050347 0.035922
72 0.053819 0.554738 0.056713 0.035922
2748 0.509549 0.478789 0.063079 0.035922
118 0.172454 0.307219 0.030093 0.036264
118 0.739005 0.778652 0.032407 0.036264
107 0.056713 0.517961 0.041667 0.036264
66 0.735532 0.640096 0.043981 0.036264
77 0.289352 0.305850 0.055556 0.036264
4165 0.627894 0.894629 0.061343 0.036264
53 0.170718 0.480842 0.024306 0.036606
1193 0.276042 0.145228 0.046296 0.036606
86 0.298032 0.817140 0.049769 0.036606
118 0.626736 0.309956 0.021991 0.036948
60 0.046296 0.392747 0.028935 0.036948
76 0.049769 0.354430 0.046296 0.036948
2542 0.734954 0.146083 0.049769 0.036948
77 0.179109 0.535751 0.054977 0.036948
111 0.506366 0.173623 0.028935 0.037290
118 0.175926 0.602976 0.028935 0.037290
127 0.294850 0.271468 0.060764 0.037290
70 0.738426 0.676702 0.046296 0.037633
107 0.728299 0.398905 0.048032 0.037633
68 0.287616 0.639241 0.053241 0.037975
1455 0.737847 0.740848 0.065972 0.037975
111 0.627315 0.214335 0.028935 0.038659
111 0.286458 0.890352 0.041667 0.038659
90 0.167824 0.342627 0.050926 0.038659
87 0.730613 0.259836 0.051505 0.038659
68 0.846354 0.657544 0.009838 0.039001
117 0.511863 0.331509 0.031829 0.039001
2596 0.284144 0.483579 0.042824 0.039343
121 0.176505 0.802087 0.052083 0.039343
3283 0.284722 0.444064 0.038194 0.039685
90 0.286458 0.753336 0.050926 0.039685
119 0.049769 0.475026 0.035880 0.040027
119 0.057870 0.314574 0.042824 0.040027
76 0.729745 0.364523 0.042824 0.040027
1193 0.618345 0.150017 0.053819 0.040027
2707 0.509838 0.409853 0.046296 0.040369
1282 0.049479 0.277797 0.065394 0.040369
316 0.394097 0.656004 0.061343 0.041396
121 0.511285 0.517277 0.042245 0.041738
51 0.054398 0.434143 0.048611 0.041738
790 0.733507 0.500342 0.052662 0.042080
316 0.736400 0.570818 0.063079 0.042080
3984 0.274306 0.208690 0.049769 0.042422
366 0.392072 0.346391 0.067708 0.042764
69 0.517361 0.290797 0.031250 0.043106
366 0.842882 0.305508 0.058449 0.043791
2596 0.168113 0.195005 0.044560 0.044475
3984 0.170139 0.404379 0.047454 0.044475
3283 0.166667 0.149675 0.037037 0.044817
2622 0.844039 0.833048 0.048032 0.045159
1527 0.392650 0.779678 0.058449 0.045159
296 0.051215 0.785323 0.038773 0.045501
118 0.396123 0.477763 0.039931 0.045501
2599 0.510706 0.746835 0.051505 0.045843
366 0.287326 0.564146 0.065394 0.045843
1796 0.391204 0.551317 0.067130 0.047554
296 0.848669 0.346904 0.034144 0.047896
505 0.845775 0.703729 0.054977 0.048580
1484 0.627604 0.529251 0.067708 0.048580
1856 0.846065 0.574752 0.068287 0.048580
2599 0.629630 0.409682 0.053241 0.048922
3754 0.050347 0.863496 0.057870 0.049949
2144 0.512731 0.594595 0.060185 0.049949
4089 0.389468 0.731098 0.064815 0.050633
3338 0.848669 0.438077 0.057292 0.050975
1984 0.510127 0.242730 0.063079 0.052343
68 0.394097 0.859733 0.015046 0.052686
3145 0.853588 0.492131 0.047454 0.055765
1532 0.735532 0.847588 0.061343 0.057817
