128 0.370800 0.835239 0.006952 0.007277
246 0.235226 0.184685 0.052144 0.007623
120 0.502607 0.867464 0.015643 0.010742
173 0.347335 0.514033 0.039977 0.011435
162 0.563152 0.847020 0.031286 0.012128
120 0.611530 0.503638 0.015643 0.012821
56 0.363268 0.824324 0.038239 0.013860
101 0.902086 0.165281 0.048667 0.013860
101 0.679606 0.622141 0.063731 0.014207
102 0.233198 0.731462 0.053882 0.014553
52 0.434820 0.180007 0.031866 0.015593
196 0.562283 0.829522 0.029548 0.015939
150 0.570104 0.627166 0.031286 0.015939
123 0.505504 0.854990 0.016802 0.016286
192 0.561703 0.607242 0.030707 0.016286
92 0.344438 0.287076 0.046929 0.017672
126 0.476246 0.227304 0.032445 0.018018
499 0.124855 0.313063 0.059676 0.018365
120 0.328795 0.803534 0.019119 0.018711
192 0.453650 0.739432 0.033604 0.018711
166 0.586037 0.896050 0.015643 0.019404
123 0.609212 0.487006 0.023754 0.019751
120 0.232908 0.712231 0.024334 0.019751
335 0.482908 0.130457 0.034183 0.019751
77 0.437717 0.196639 0.035342 0.019751
861 0.566049 0.684511 0.050985 0.019751
56 0.456257 0.436244 0.022596 0.020097
93 0.904114 0.185204 0.049247 0.020444
85 0.447567 0.896396 0.030707 0.020790
57 0.569815 0.474012 0.034183 0.020790
92 0.231750 0.265073 0.042874 0.020790
113 0.894844 0.846500 0.044612 0.020790
3175 0.613268 0.521310 0.029548 0.021137
57 0.905272 0.575364 0.037659 0.021137
88 0.785052 0.893451 0.044032 0.021830
64 0.236674 0.133576 0.034183 0.022523
89 0.675840 0.450970 0.050406 0.022523
302 0.567497 0.656791 0.055041 0.022523
91 0.788239 0.600139 0.042294 0.022869
117 0.434820 0.132883 0.016802 0.023216
499 0.459733 0.410430 0.057358 0.023216
126 0.680765 0.849272 0.042874 0.023562
166 0.565180 0.870236 0.017961 0.023909
132 0.566338 0.551109 0.024913 0.023909
91 0.480301 0.178274 0.030127 0.023909
72 0.340962 0.388947 0.039977 0.023909
118 0.898030 0.868676 0.015064 0.024255
96 0.434820 0.155232 0.035342 0.024255
155 0.354577 0.443694 0.031286 0.024602
66 0.562572 0.755198 0.034762 0.024602
88 0.343569 0.262821 0.042874 0.024602
642 0.121669 0.284304 0.048667 0.024602
89 0.899479 0.387214 0.060834 0.024602
91 0.236674 0.156791 0.045771 0.025295
56 0.675840 0.523042 0.045771 0.025295
83 0.342990 0.133576 0.047509 0.025295
89 0.790556 0.347020 0.049247 0.025295
2599 0.477115 0.205475 0.034183 0.025641
3175 0.502317 0.886348 0.035921 0.025641
204 0.457995 0.296778 0.029548 0.025988
87 0.342410 0.311677 0.041715 0.025988
642 0.229722 0.463444 0.049247 0.025988
49 0.346756 0.232155 0.020278 0.026334
91 0.565759 0.324324 0.041136 0.026334
126 0.234936 0.569300 0.049247 0.026334
76 0.338355 0.649861 0.039397 0.026681
87 0.455388 0.675849 0.042874 0.026681
1174 0.455388 0.798510 0.044032 0.026681
77 0.346466 0.735793 0.048667 0.026681
166 0.345017 0.773389 0.017961 0.027027
85 0.676130 0.391892 0.025492 0.027027
135 0.455098 0.765073 0.031866 0.027027
91 0.679027 0.239778 0.041715 0.027027
159 0.567497 0.809771 0.042294 0.027027
113 0.786501 0.478863 0.050406 0.027027
164 0.345307 0.535863 0.026651 0.027374
134 0.559676 0.578482 0.026651 0.027374
81 0.340962 0.628032 0.048088 0.027374
118 0.898899 0.323631 0.017961 0.027720
2599 0.374276 0.483021 0.033604 0.027720
113 0.789397 0.796951 0.051564 0.027720
285 0.237543 0.497228 0.061414 0.027720
118 0.676709 0.550069 0.015064 0.028067
111 0.792294 0.199064 0.030707 0.028067
70 0.433082 0.221240 0.030707 0.028067
91 0.344148 0.710152 0.042874 0.028067
77 0.456257 0.502252 0.045771 0.028067
91 0.901796 0.649342 0.038818 0.028413
77 0.453360 0.607762 0.045771 0.028413
2885 0.365295 0.802322 0.033024 0.028760
699 0.565180 0.209806 0.044612 0.028760
111 0.344438 0.684685 0.027231 0.029106
127 0.567787 0.779972 0.053302 0.029106
64 0.342700 0.568087 0.034183 0.029453
74 0.344438 0.856722 0.034183 0.029453
127 0.908459 0.891719 0.069525 0.029453
2599 0.490730 0.264726 0.028969 0.029799
577 0.478273 0.156272 0.036501 0.029799
113 0.342410 0.367637 0.050985 0.029799
2555 0.452202 0.646050 0.050406 0.030146
60 0.566049 0.172904 0.019699 0.030492
1679 0.677868 0.685031 0.059096 0.030492
49 0.784183 0.869716 0.021437 0.031185
119 0.345597 0.338184 0.024913 0.031185
75 0.235805 0.378032 0.038239 0.031185
111 0.898610 0.250520 0.032445 0.031878
127 0.351390 0.416493 0.061993 0.031878
111 0.340672 0.887907 0.033604 0.032225
3685 0.567787 0.291580 0.056779 0.032225
2748 0.230881 0.684511 0.059676 0.032225
3738 0.565180 0.137387 0.064311 0.032225
2760 0.565469 0.358455 0.064890 0.032225
111 0.787659 0.377339 0.029548 0.032571
85 0.797219 0.130977 0.031286 0.032571
790 0.792874 0.315662 0.049247 0.032571
366 0.453071 0.466216 0.054461 0.032918
134 0.451333 0.328136 0.024334 0.033264
337 0.672654 0.275814 0.054461 0.033264
366 0.902086 0.774948 0.054461 0.033611
366 0.232619 0.296431 0.057358 0.033611
53 0.792874 0.231809 0.019119 0.033957
111 0.679316 0.177755 0.026072 0.033957
2885 0.679606 0.646223 0.035921 0.033957
3754 0.676999 0.311157 0.050406 0.033957
118 0.453360 0.707380 0.026072 0.034304
1782 0.793163 0.730596 0.055620 0.034304
121 0.678158 0.423770 0.039977 0.034650
1218 0.456837 0.375780 0.042294 0.034997
68 0.786211 0.448371 0.013905 0.035343
119 0.678158 0.206861 0.021437 0.035343
83 0.230301 0.652807 0.024913 0.035343
107 0.339803 0.596674 0.027231 0.035343
111 0.345017 0.163548 0.033024 0.035343
509 0.344438 0.200624 0.046929 0.035343
790 0.793163 0.169439 0.050985 0.035343
121 0.900927 0.356376 0.039397 0.035690
53 0.788528 0.413375 0.025492 0.036036
1087 0.788239 0.765073 0.044612 0.036036
1435 0.902375 0.137734 0.052723 0.036383
1385 0.899479 0.424290 0.065469 0.036383
2309 0.567787 0.251213 0.053302 0.036729
1316 0.903534 0.738046 0.059676 0.036729
2805 0.787080 0.831774 0.058517 0.037076
3526 0.900927 0.463444 0.063731 0.037076
1666 0.901506 0.287422 0.066049 0.037076
119 0.681634 0.715523 0.026072 0.037422
3669 0.903534 0.540021 0.048088 0.037769
68 0.453071 0.837838 0.011587 0.038115
504 0.899768 0.502945 0.034762 0.038462
3434 0.571842 0.396916 0.057937 0.038462
224 0.900927 0.817394 0.053302 0.038808
4755 0.120510 0.350312 0.057937 0.038808
1229 0.785632 0.563410 0.062572 0.038808
1260 0.676709 0.884442 0.048667 0.039155
4755 0.237833 0.534477 0.060834 0.039155
127 0.460892 0.570166 0.066628 0.039155
1607 0.674971 0.490644 0.053302 0.039501
3675 0.677868 0.591649 0.038239 0.039848
2154 0.682503 0.138427 0.053302 0.040541
505 0.787659 0.639640 0.051564 0.040887
4422 0.451043 0.540714 0.046929 0.041234
3747 0.791136 0.685204 0.043453 0.041927
3192 0.900348 0.217082 0.054461 0.041927
4116 0.566918 0.715523 0.056199 0.042273
68 0.791715 0.270444 0.009849 0.044006
1579 0.679896 0.814449 0.056199 0.044006
2484 0.780417 0.516632 0.041715 0.045045
3984 0.896871 0.612266 0.052144 0.045045
241 0.680185 0.759702 0.057937 0.046085
3192 0.676709 0.355509 0.046350 0.046431
224 0.232619 0.340610 0.050406 0.046431
2913 0.231460 0.420651 0.049247 0.047124
3434 0.902955 0.694560 0.056199 0.047471
1575 0.557068 0.442481 0.043453 0.047817
2913 0.123117 0.238912 0.056199 0.048164
2715 0.228273 0.610534 0.044032 0.050589
68 0.234067 0.765073 0.011587 0.055440
296 0.237543 0.226958 0.039397 0.058905
