246 0.865396 0.602639 0.076836 0.014736
56 0.099032 0.703393 0.021628 0.015422
172 0.558338 0.887937 0.029596 0.017135
142 0.261525 0.465901 0.019920 0.017478
118 0.149402 0.818883 0.022197 0.017478
102 0.148549 0.834133 0.052362 0.017820
140 0.469550 0.766107 0.028458 0.018163
60 0.143426 0.800720 0.038702 0.018163
120 0.096187 0.788211 0.025043 0.018506
124 0.097610 0.770905 0.031303 0.018849
57 0.153671 0.722413 0.030734 0.019877
88 0.144280 0.777416 0.041548 0.020219
123 0.143426 0.705620 0.023904 0.020562
115 0.758110 0.806546 0.058054 0.022276
92 0.760672 0.755483 0.066591 0.022276
297 0.226522 0.741775 0.069437 0.022276
144 0.379624 0.207505 0.021628 0.022961
157 0.268071 0.752913 0.022766 0.023304
84 0.667331 0.347156 0.067729 0.023304
53 0.863688 0.892221 0.030165 0.023646
198 0.890154 0.637080 0.015936 0.023989
144 0.254980 0.396162 0.025043 0.023989
76 0.095618 0.723098 0.028458 0.023989
92 0.766079 0.455106 0.062607 0.023989
56 0.880194 0.318883 0.034718 0.024332
81 0.867957 0.557745 0.076266 0.024332
52 0.567160 0.249829 0.060899 0.024674
92 0.564883 0.302605 0.062038 0.024674
93 0.348036 0.769020 0.076836 0.024674
91 0.867103 0.661069 0.059761 0.025360
119 0.097325 0.745888 0.023904 0.025703
56 0.864542 0.868232 0.038702 0.025703
92 0.338645 0.494345 0.064883 0.025703
120 0.345760 0.259424 0.034718 0.026045
113 0.543825 0.714873 0.076836 0.026045
87 0.656517 0.874400 0.055208 0.026388
126 0.657371 0.847327 0.067160 0.026388
91 0.448207 0.551405 0.054069 0.026731
88 0.762664 0.250514 0.067160 0.026731
63 0.669038 0.892049 0.067729 0.026731
72 0.880194 0.231666 0.071144 0.026731
118 0.352874 0.707162 0.039841 0.027073
111 0.768924 0.319225 0.047809 0.027073
60 0.436255 0.856237 0.058623 0.027073
52 0.447353 0.527587 0.064883 0.027073
52 0.225384 0.713331 0.077405 0.027073
86 0.770632 0.579849 0.064883 0.027416
55 0.566875 0.328992 0.072851 0.027416
127 0.135458 0.527245 0.075128 0.027759
126 0.227376 0.594757 0.076836 0.027759
93 0.240751 0.419979 0.077405 0.027759
86 0.245874 0.524332 0.064883 0.028101
93 0.567729 0.359836 0.068867 0.028101
118 0.889015 0.291467 0.038702 0.028444
83 0.564314 0.192598 0.066591 0.028787
92 0.654809 0.708705 0.067729 0.028787
126 0.660501 0.493489 0.068867 0.028787
83 0.762379 0.291981 0.071144 0.028787
127 0.666762 0.324880 0.074559 0.028787
74 0.338645 0.827450 0.048947 0.029130
88 0.540694 0.860692 0.063745 0.029130
66 0.568014 0.223441 0.048947 0.029472
85 0.449061 0.582077 0.043256 0.029815
88 0.759818 0.867889 0.059192 0.029815
124 0.879340 0.389822 0.062607 0.029815
88 0.224530 0.816484 0.066591 0.029815
1415 0.242459 0.287012 0.070575 0.029815
72 0.554923 0.390850 0.072851 0.029815
113 0.435686 0.830877 0.074559 0.029815
84 0.654240 0.676491 0.070006 0.030158
76 0.133182 0.338759 0.044394 0.030500
87 0.757541 0.893249 0.055777 0.030500
67 0.245020 0.317855 0.067729 0.030500
52 0.242459 0.262680 0.069437 0.030500
83 0.226238 0.882968 0.071144 0.030500
89 0.664485 0.266621 0.067729 0.030843
83 0.447069 0.373544 0.068867 0.030843
68 0.544109 0.686086 0.069437 0.030843
316 0.867672 0.625771 0.079112 0.030843
111 0.132612 0.366518 0.047809 0.031186
85 0.664200 0.643249 0.042117 0.031528
60 0.659647 0.464702 0.056915 0.031528
66 0.247866 0.220870 0.050655 0.031871
70 0.666192 0.297978 0.052931 0.031871
64 0.338645 0.795922 0.056915 0.031871
65 0.576551 0.275360 0.060330 0.031871
83 0.877917 0.357951 0.060899 0.031871
69 0.761810 0.776045 0.068867 0.031871
108 0.451622 0.344757 0.030165 0.032214
509 0.759533 0.723783 0.055208 0.032214
60 0.124644 0.605209 0.061468 0.032214
2083 0.861696 0.731666 0.071713 0.032214
120 0.459306 0.228410 0.044394 0.032557
111 0.341776 0.564599 0.048378 0.032557
76 0.344906 0.231151 0.052362 0.032557
111 0.340922 0.636052 0.050085 0.032899
104 0.235629 0.497601 0.071713 0.032899
71 0.670461 0.230123 0.060330 0.033242
51 0.767501 0.394277 0.062038 0.033242
88 0.655948 0.775703 0.064314 0.033242
119 0.439101 0.882796 0.032442 0.033585
119 0.671030 0.409870 0.036426 0.033585
85 0.665908 0.431460 0.047809 0.033585
62 0.764940 0.514736 0.062607 0.033585
88 0.340353 0.377313 0.070575 0.033585
91 0.760672 0.692255 0.071144 0.033585
96 0.889300 0.262851 0.074559 0.033585
562 0.228515 0.850583 0.073421 0.034270
76 0.871372 0.526902 0.064883 0.034613
87 0.130336 0.505655 0.067160 0.034613
68 0.542402 0.788382 0.072851 0.034613
118 0.668469 0.197395 0.052931 0.034955
74 0.132897 0.273475 0.056346 0.034955
58 0.767217 0.427690 0.067160 0.034955
105 0.867672 0.805003 0.074559 0.034955
113 0.240751 0.194997 0.083096 0.034955
57 0.460729 0.658842 0.050655 0.035298
62 0.665908 0.566313 0.060330 0.035298
2083 0.341491 0.342186 0.073990 0.035298
91 0.555492 0.422036 0.075128 0.035298
121 0.762664 0.548321 0.046670 0.035641
3985 0.142288 0.753941 0.053500 0.035641
123 0.446784 0.495374 0.035287 0.035984
87 0.664769 0.379198 0.064883 0.035984
600 0.664200 0.530672 0.064883 0.035984
76 0.448776 0.459904 0.051793 0.036326
87 0.540979 0.824537 0.063176 0.036326
2836 0.861981 0.840302 0.073421 0.036326
366 0.858281 0.769191 0.071713 0.036669
111 0.130905 0.468472 0.047809 0.037012
107 0.880194 0.423406 0.056346 0.037354
117 0.139727 0.193968 0.041548 0.037697
76 0.866249 0.576422 0.052362 0.037697
4036 0.447069 0.302776 0.060899 0.038040
2159 0.458452 0.200651 0.073421 0.038040
53 0.756118 0.837217 0.031303 0.038382
3735 0.881901 0.198081 0.066591 0.038382
268 0.550370 0.497087 0.061468 0.038725
87 0.137735 0.308602 0.066022 0.038725
91 0.548093 0.530329 0.066022 0.038725
252 0.343199 0.198595 0.068298 0.038725
4164 0.553785 0.455963 0.070575 0.038725
259 0.339499 0.602125 0.088219 0.039068
119 0.452760 0.690370 0.044963 0.039411
87 0.763802 0.481666 0.069437 0.039411
68 0.764940 0.357608 0.070575 0.039411
76 0.871087 0.485264 0.049516 0.039753
303 0.555492 0.567341 0.061468 0.040096
51 0.344337 0.674949 0.064883 0.040096
3741 0.223108 0.779815 0.086511 0.040096
68 0.142857 0.441056 0.022766 0.040439
247 0.758964 0.614462 0.070006 0.040439
1579 0.453899 0.261823 0.079112 0.040439
123 0.134320 0.405243 0.043256 0.040781
121 0.340353 0.738691 0.055777 0.040781
1173 0.337792 0.416552 0.070006 0.040781
68 0.783722 0.268506 0.022766 0.041467
1020 0.863973 0.696196 0.076266 0.041467
68 0.239328 0.228581 0.070006 0.041809
68 0.245874 0.680089 0.017075 0.042152
1999 0.335231 0.458019 0.085373 0.042152
70 0.450199 0.622001 0.047809 0.043180
68 0.440808 0.794380 0.072282 0.043180
119 0.140865 0.231837 0.038133 0.043523
2841 0.752988 0.654044 0.067160 0.043523
123 0.546386 0.651131 0.043256 0.043866
87 0.228799 0.559630 0.075128 0.043866
2709 0.654525 0.735607 0.062607 0.044208
68 0.234491 0.326765 0.083096 0.044208
58 0.544963 0.748115 0.055208 0.044551
51 0.665908 0.604524 0.062607 0.044551
3984 0.651679 0.813571 0.062607 0.044551
1575 0.542686 0.612920 0.055208 0.044894
505 0.338361 0.876799 0.058623 0.044894
58 0.454183 0.416038 0.055777 0.045922
68 0.878771 0.320254 0.058054 0.046265
330 0.443654 0.735093 0.063176 0.046607
3665 0.129482 0.564085 0.059761 0.047293
3665 0.124644 0.643249 0.061468 0.047293
1880 0.341776 0.299178 0.062038 0.047978
3984 0.334946 0.525531 0.059761 0.049006
68 0.896130 0.460761 0.018782 0.049692
3192 0.237052 0.452193 0.068867 0.049692
1477 0.231645 0.634681 0.072851 0.050034
47 0.773478 0.208019 0.050085 0.053461
3192 0.233921 0.379369 0.069437 0.054832
