209 0.581550 0.622690 0.014459 0.009925
172 0.578369 0.866530 0.024291 0.014374
132 0.469057 0.724675 0.024291 0.014716
92 0.895026 0.910335 0.049161 0.015058
55 0.923944 0.745551 0.046848 0.015400
92 0.917293 0.787817 0.034702 0.015743
128 0.347311 0.840007 0.019086 0.016769
120 0.653268 0.471253 0.024870 0.017112
166 0.908618 0.617899 0.016194 0.017454
115 0.697513 0.492813 0.033545 0.017796
57 0.572585 0.510267 0.046270 0.017796
119 0.698670 0.389288 0.021978 0.018138
2596 0.702429 0.566564 0.031810 0.018138
57 0.682475 0.162389 0.043956 0.018138
101 0.460960 0.885866 0.072874 0.018138
166 0.684500 0.310233 0.013302 0.018823
108 0.872470 0.752053 0.022556 0.018823
56 0.890977 0.544319 0.029497 0.018823
91 0.697224 0.535079 0.036437 0.018823
101 0.569404 0.399897 0.069983 0.018823
117 0.697513 0.370294 0.016194 0.019165
162 0.580682 0.705339 0.027762 0.019165
2596 0.477444 0.578371 0.031810 0.019849
57 0.355986 0.645791 0.044534 0.019849
101 0.896761 0.599247 0.068826 0.019849
120 0.567380 0.419918 0.033545 0.020534
52 0.924234 0.646475 0.042799 0.020534
110 0.697513 0.512834 0.033545 0.020876
57 0.351359 0.778747 0.041064 0.020876
132 0.895604 0.462355 0.035281 0.021218
91 0.241469 0.494867 0.048005 0.021218
122 0.873048 0.670945 0.031810 0.021561
55 0.878253 0.649042 0.037594 0.021561
92 0.918739 0.668036 0.023713 0.021903
52 0.891267 0.523614 0.057837 0.021903
127 0.788028 0.486824 0.061885 0.022245
4252 0.919318 0.815537 0.030654 0.022587
57 0.464719 0.784736 0.046848 0.022587
113 0.351648 0.137235 0.065934 0.022587
68 0.695200 0.472108 0.009254 0.022930
69 0.467033 0.679843 0.034124 0.022930
87 0.877386 0.727413 0.035859 0.022930
126 0.656160 0.420773 0.043378 0.022930
91 0.351938 0.280459 0.051475 0.022930
126 0.239156 0.869781 0.053788 0.022930
98 0.235685 0.557324 0.060729 0.022930
101 0.345865 0.903320 0.064777 0.022930
101 0.238866 0.473477 0.069404 0.022930
4252 0.474263 0.134497 0.038172 0.023272
81 0.348178 0.667693 0.057837 0.023272
120 0.235975 0.284223 0.032389 0.023614
92 0.126952 0.437885 0.052632 0.023614
55 0.354251 0.200719 0.056102 0.023614
101 0.351648 0.258898 0.076345 0.023614
203 0.576345 0.605065 0.045691 0.023956
91 0.568248 0.810062 0.050318 0.023956
77 0.873916 0.773956 0.040486 0.024298
126 0.128687 0.320500 0.051475 0.024298
252 0.347021 0.752053 0.070561 0.024298
57 0.134471 0.814853 0.045691 0.024641
92 0.787739 0.736824 0.049740 0.024641
52 0.127820 0.642710 0.058994 0.024641
113 0.459514 0.703114 0.058415 0.024983
83 0.913823 0.723135 0.018508 0.025325
87 0.654714 0.367899 0.031232 0.025325
85 0.676981 0.869952 0.042221 0.025325
57 0.465876 0.313484 0.043378 0.025325
66 0.455755 0.220397 0.045113 0.025325
77 0.572296 0.835044 0.054945 0.025325
113 0.893291 0.437714 0.061885 0.025325
68 0.661365 0.393737 0.013302 0.025667
3735 0.696935 0.447810 0.038172 0.025667
698 0.348467 0.727413 0.039907 0.025667
76 0.894158 0.875941 0.046270 0.025667
91 0.789763 0.517283 0.051475 0.025667
127 0.793233 0.795175 0.060729 0.025667
127 0.462117 0.245209 0.063621 0.025667
113 0.128398 0.183265 0.067091 0.025667
4252 0.914401 0.766598 0.037016 0.026010
83 0.565356 0.732033 0.041064 0.026010
91 0.238288 0.610883 0.052053 0.026010
88 0.127241 0.610541 0.068248 0.026010
55 0.245518 0.418891 0.068826 0.026010
81 0.679005 0.840691 0.049740 0.026352
68 0.457490 0.519165 0.011567 0.026694
92 0.658473 0.340178 0.024870 0.026694
85 0.461828 0.899726 0.038751 0.026694
91 0.674667 0.139630 0.052632 0.026694
91 0.787739 0.273272 0.047426 0.027036
91 0.349046 0.355407 0.049161 0.027036
1002 0.126952 0.462526 0.080393 0.027036
83 0.673800 0.682067 0.048583 0.027379
93 0.681029 0.782683 0.054945 0.027379
88 0.347021 0.581109 0.060150 0.027379
91 0.787739 0.591205 0.049740 0.027721
81 0.891556 0.273614 0.057259 0.027721
74 0.790052 0.768309 0.040486 0.028063
126 0.462984 0.386037 0.058415 0.028063
75 0.465298 0.491786 0.058415 0.028063
76 0.345865 0.693874 0.043956 0.028405
76 0.234529 0.638433 0.046848 0.028405
68 0.127530 0.378850 0.021400 0.028747
88 0.237999 0.211499 0.036437 0.028747
74 0.679584 0.608830 0.040486 0.028747
110 0.239445 0.666324 0.050896 0.028747
1415 0.574320 0.575975 0.063621 0.028747
101 0.571718 0.759754 0.066512 0.028747
118 0.782822 0.178474 0.026027 0.029090
66 0.125217 0.349589 0.042221 0.029090
76 0.123482 0.737680 0.045691 0.029090
87 0.128687 0.245551 0.049161 0.029090
86 0.900810 0.341034 0.061885 0.029090
118 0.573164 0.375428 0.037016 0.029432
111 0.675535 0.896988 0.037016 0.029432
84 0.671776 0.278576 0.045691 0.029432
76 0.343840 0.816564 0.048005 0.029432
83 0.457779 0.547228 0.049161 0.029432
70 0.655292 0.447467 0.030075 0.029774
66 0.786582 0.460472 0.040486 0.029774
322 0.696645 0.419747 0.044534 0.029774
83 0.235107 0.776010 0.053788 0.029774
123 0.893291 0.849076 0.032967 0.030116
55 0.790920 0.307324 0.065356 0.030116
74 0.787160 0.244182 0.045113 0.030459
107 0.236553 0.446270 0.031232 0.030801
121 0.916715 0.694730 0.034702 0.030801
92 0.125506 0.670773 0.035859 0.030801
111 0.572874 0.784052 0.036437 0.030801
78 0.679294 0.811773 0.046848 0.030801
3204 0.240891 0.809548 0.067669 0.031143
1831 0.700694 0.340862 0.039907 0.031485
90 0.343262 0.875770 0.045691 0.031485
89 0.784847 0.207392 0.057837 0.031485
88 0.349335 0.475188 0.070561 0.031828
87 0.792655 0.374401 0.053788 0.032170
4122 0.561885 0.450376 0.064199 0.032170
58 0.894448 0.371663 0.066512 0.032170
2150 0.670330 0.196783 0.068248 0.032170
107 0.350202 0.230493 0.029497 0.032512
83 0.123482 0.409480 0.053788 0.032512
53 0.677270 0.642026 0.023135 0.032854
69 0.899075 0.407255 0.059572 0.032854
118 0.787739 0.864305 0.024291 0.033196
135 0.573453 0.890657 0.026027 0.033196
85 0.130711 0.541239 0.040486 0.033196
85 0.788606 0.707392 0.028340 0.033539
74 0.460382 0.619097 0.041643 0.033539
91 0.893580 0.238877 0.049740 0.033539
90 0.889821 0.572211 0.051475 0.033539
69 0.569983 0.646133 0.054945 0.033539
971 0.131868 0.856605 0.069404 0.033539
87 0.794390 0.830424 0.046848 0.033881
86 0.243204 0.385524 0.050318 0.033881
3735 0.679005 0.716804 0.052053 0.033881
68 0.567958 0.343943 0.011567 0.034223
123 0.241469 0.143737 0.030654 0.034223
86 0.466455 0.417522 0.057259 0.034223
2201 0.239734 0.899726 0.058415 0.034223
328 0.131290 0.574949 0.058994 0.034223
2885 0.344997 0.511294 0.061885 0.034223
53 0.125506 0.214066 0.023135 0.034565
504 0.456622 0.859856 0.039907 0.034565
121 0.238577 0.354381 0.060729 0.034565
3984 0.234529 0.840691 0.064199 0.034565
47 0.881724 0.697467 0.023713 0.034908
53 0.457201 0.452430 0.026027 0.034908
121 0.567958 0.680698 0.050896 0.034908
121 0.461249 0.652635 0.054945 0.034908
316 0.242337 0.583847 0.078658 0.034908
121 0.674667 0.751027 0.048005 0.035250
68 0.790630 0.145962 0.060150 0.035250
62 0.244650 0.178987 0.054367 0.035592
126 0.570272 0.273443 0.065934 0.035592
322 0.792076 0.898357 0.068826 0.035592
92 0.785425 0.340691 0.035859 0.035934
85 0.242915 0.699008 0.045113 0.035934
64 0.567380 0.308179 0.054367 0.035934
81 0.349913 0.617899 0.055523 0.035934
2820 0.457779 0.754962 0.064199 0.036277
272 0.786582 0.424367 0.075188 0.036277
1435 0.240602 0.524298 0.054367 0.036961
3208 0.568826 0.545517 0.061885 0.036961
617 0.128109 0.283710 0.066512 0.036961
62 0.894158 0.306468 0.050896 0.037303
121 0.126663 0.705168 0.052053 0.037303
3192 0.127241 0.893395 0.055523 0.037303
60 0.558704 0.189254 0.030075 0.037645
68 0.886350 0.882957 0.048005 0.037645
62 0.239445 0.317933 0.060150 0.037645
87 0.896472 0.493326 0.060150 0.037988
717 0.576634 0.482204 0.069404 0.038330
1099 0.348467 0.316564 0.060729 0.039014
2820 0.458357 0.279945 0.063042 0.039014
2254 0.350781 0.548255 0.076923 0.039014
68 0.674089 0.646646 0.037594 0.039357
87 0.242626 0.252396 0.056102 0.039357
3984 0.451995 0.349589 0.064199 0.039357
68 0.788317 0.383299 0.060150 0.039699
3984 0.778485 0.550479 0.057837 0.040041
4555 0.460960 0.822211 0.068248 0.040041
3754 0.237999 0.740589 0.049161 0.040383
2820 0.125795 0.777550 0.064199 0.041068
1435 0.899653 0.146817 0.068826 0.041068
3735 0.351359 0.438056 0.059572 0.041752
1020 0.454598 0.185318 0.074031 0.042094
4166 0.572585 0.234257 0.065934 0.042779
118 0.343262 0.170431 0.034124 0.043121
4085 0.126084 0.502738 0.053210 0.043121
4344 0.785714 0.624572 0.057259 0.043121
70 0.128687 0.147502 0.039907 0.045175
976 0.676692 0.235969 0.057837 0.045517
3153 0.789184 0.668036 0.051475 0.045859
1814 0.564199 0.146988 0.056102 0.046201
1396 0.353383 0.396304 0.057837 0.046543
1984 0.889821 0.196783 0.064199 0.049966
