128 0.300342 0.658273 0.014261 0.009935
101 0.651455 0.309695 0.053622 0.013018
101 0.073018 0.723878 0.043354 0.013703
120 0.290930 0.670949 0.025100 0.014046
193 0.758985 0.756595 0.030234 0.014046
92 0.115516 0.905618 0.039361 0.014046
81 0.114090 0.806612 0.041072 0.014046
196 0.651740 0.745803 0.022248 0.014388
101 0.204221 0.904077 0.062750 0.015074
64 0.341415 0.541110 0.026811 0.015416
113 0.292356 0.688592 0.042784 0.015759
120 0.113520 0.845666 0.026241 0.016101
52 0.339989 0.747688 0.036509 0.016101
192 0.296349 0.556012 0.026811 0.016444
132 0.427553 0.878040 0.032516 0.016444
52 0.069025 0.820829 0.038791 0.016444
499 0.335995 0.704865 0.053622 0.016787
101 0.529378 0.612367 0.061609 0.016787
196 0.213634 0.236725 0.026811 0.017129
81 0.071021 0.803700 0.035938 0.017129
52 0.638620 0.729017 0.055334 0.017129
52 0.306047 0.205550 0.056475 0.017129
92 0.418426 0.189277 0.046207 0.017472
120 0.337136 0.614251 0.025100 0.017814
117 0.341415 0.666153 0.018825 0.018157
499 0.539361 0.896026 0.063320 0.018157
56 0.290645 0.649880 0.043925 0.018499
108 0.069025 0.761048 0.022818 0.018842
204 0.758129 0.741007 0.027382 0.019185
90 0.339418 0.685166 0.035368 0.019185
126 0.113234 0.745461 0.042784 0.019185
57 0.864518 0.448784 0.045066 0.019185
166 0.865374 0.354402 0.019395 0.019527
120 0.526811 0.494176 0.024529 0.019527
57 0.294923 0.538027 0.033086 0.019527
132 0.095836 0.575882 0.033086 0.019870
90 0.339989 0.595067 0.036509 0.019870
57 0.756703 0.205550 0.043925 0.019870
196 0.866800 0.329394 0.027952 0.020212
92 0.529378 0.545221 0.047918 0.020212
55 0.754136 0.866050 0.054763 0.020555
113 0.528808 0.299760 0.061609 0.020555
88 0.294353 0.628126 0.029663 0.020898
132 0.648032 0.424118 0.031945 0.021240
91 0.422133 0.312093 0.044495 0.021240
4252 0.767827 0.706235 0.030804 0.021583
81 0.642613 0.535971 0.050770 0.021583
499 0.535083 0.694245 0.069595 0.021583
87 0.294923 0.758822 0.036509 0.021925
101 0.862521 0.236040 0.067313 0.021925
56 0.314604 0.434224 0.024529 0.022268
55 0.115801 0.865879 0.045636 0.022268
253 0.530804 0.744947 0.049629 0.022268
56 0.203651 0.511305 0.060468 0.022268
123 0.336566 0.767386 0.021677 0.022610
117 0.118939 0.656389 0.024529 0.022610
135 0.298631 0.575882 0.025670 0.022610
120 0.201940 0.212402 0.030804 0.022610
4252 0.110382 0.886948 0.032516 0.022610
113 0.638905 0.401850 0.052481 0.022610
55 0.426982 0.614251 0.056475 0.022610
166 0.328580 0.489380 0.025100 0.022953
76 0.111238 0.766530 0.031945 0.022953
62 0.118939 0.828195 0.032516 0.022953
93 0.075870 0.681569 0.036509 0.022953
92 0.090416 0.312950 0.046207 0.022953
60 0.751854 0.311922 0.051341 0.022953
126 0.526811 0.389346 0.055334 0.022953
55 0.529949 0.567146 0.060468 0.022953
4252 0.559612 0.833505 0.027382 0.023296
85 0.340274 0.723535 0.029093 0.023296
84 0.068169 0.841041 0.033657 0.023296
57 0.532801 0.201096 0.043354 0.023296
57 0.428979 0.767386 0.045636 0.023296
272 0.669139 0.770469 0.052481 0.023296
171 0.648317 0.292052 0.038220 0.023638
81 0.090702 0.447585 0.053622 0.023638
55 0.207644 0.861768 0.057045 0.023638
126 0.067598 0.782802 0.040502 0.023981
272 0.343411 0.826310 0.047918 0.023981
110 0.202225 0.426173 0.048488 0.023981
86 0.650599 0.806441 0.053052 0.023981
91 0.309184 0.262933 0.047918 0.024323
84 0.204792 0.806954 0.058186 0.024323
76 0.289789 0.515588 0.035368 0.024666
110 0.531090 0.591298 0.042213 0.024666
66 0.856817 0.867420 0.042213 0.024666
77 0.754706 0.646797 0.047918 0.024666
126 0.310896 0.292223 0.059327 0.024666
78 0.071306 0.705892 0.029663 0.025009
57 0.424701 0.495889 0.043925 0.025009
127 0.757558 0.840528 0.075299 0.025009
58 0.116942 0.788626 0.043354 0.025351
57 0.097547 0.203494 0.045636 0.025351
90 0.860525 0.567660 0.047347 0.025351
56 0.197661 0.629496 0.032516 0.025694
126 0.069025 0.897054 0.042213 0.025694
110 0.201369 0.883179 0.045636 0.026036
57 0.204221 0.372730 0.051341 0.026036
86 0.649458 0.448099 0.053052 0.026036
113 0.416144 0.855087 0.055334 0.026036
127 0.426127 0.282288 0.059327 0.026036
70 0.341985 0.570915 0.031375 0.026379
121 0.337992 0.792223 0.037079 0.026379
66 0.418140 0.134806 0.037650 0.026379
55 0.207074 0.400651 0.061609 0.026379
101 0.860240 0.893628 0.066172 0.026379
53 0.113520 0.681055 0.023959 0.026721
70 0.067884 0.737924 0.035368 0.026721
66 0.749287 0.817403 0.037079 0.026721
83 0.857387 0.595409 0.041072 0.026721
91 0.423560 0.386776 0.046207 0.026721
91 0.529949 0.521411 0.047918 0.026721
52 0.754706 0.381638 0.051341 0.026721
52 0.092983 0.261733 0.052481 0.026721
98 0.200513 0.576225 0.059897 0.026721
55 0.097832 0.234669 0.061038 0.026721
68 0.748431 0.521583 0.014832 0.027064
88 0.416144 0.828195 0.019966 0.027064
166 0.101255 0.628469 0.025670 0.027064
92 0.748146 0.498972 0.050770 0.027064
81 0.752995 0.890202 0.054763 0.027064
2395 0.072732 0.657760 0.039361 0.027407
83 0.420707 0.586502 0.043925 0.027407
68 0.341415 0.543851 0.040502 0.027749
60 0.638049 0.203323 0.048488 0.027749
77 0.534797 0.809695 0.048488 0.027749
499 0.201940 0.348578 0.062750 0.027749
101 0.201654 0.452381 0.066743 0.027749
66 0.419281 0.256252 0.042213 0.028092
74 0.860810 0.813292 0.044495 0.028092
111 0.528808 0.634978 0.033086 0.028434
70 0.292641 0.733299 0.038791 0.028434
547 0.865088 0.628126 0.050770 0.028434
77 0.313748 0.406817 0.053622 0.028434
118 0.086994 0.289825 0.032516 0.028777
2395 0.069595 0.869476 0.035368 0.028777
118 0.428123 0.710860 0.038220 0.028777
91 0.089846 0.136005 0.047347 0.028777
83 0.089846 0.474478 0.047347 0.028777
95 0.750713 0.619733 0.049059 0.028777
68 0.423845 0.524495 0.052481 0.028777
121 0.856817 0.842069 0.058186 0.028777
2748 0.420993 0.893799 0.067313 0.028777
111 0.637479 0.511305 0.035938 0.029120
83 0.746149 0.548647 0.045636 0.029120
91 0.749857 0.178314 0.046207 0.029120
82 0.862807 0.540082 0.058756 0.029120
53 0.286366 0.711545 0.029663 0.029462
2395 0.116087 0.722165 0.037079 0.029462
76 0.310325 0.892429 0.038791 0.029462
77 0.429264 0.675574 0.051911 0.029462
87 0.094410 0.601233 0.053052 0.029462
88 0.202225 0.479959 0.067884 0.029462
111 0.529949 0.715485 0.036509 0.029805
118 0.097262 0.550702 0.042784 0.029805
111 0.203936 0.834361 0.042784 0.029805
2395 0.858813 0.704865 0.049629 0.029805
1435 0.090416 0.421548 0.050770 0.029805
68 0.860240 0.170264 0.011409 0.030147
1831 0.340844 0.640973 0.037079 0.030147
70 0.337136 0.519013 0.042213 0.030147
74 0.642042 0.599520 0.043925 0.030147
107 0.750713 0.469853 0.027382 0.030490
107 0.314604 0.862110 0.029093 0.030490
76 0.856246 0.509935 0.039932 0.030490
84 0.203080 0.696643 0.045636 0.030490
51 0.859669 0.423604 0.047918 0.030490
79 0.756132 0.410586 0.050770 0.030490
2395 0.528523 0.360911 0.051911 0.030490
2191 0.297205 0.602946 0.038791 0.030832
127 0.424701 0.161699 0.064461 0.030832
53 0.422704 0.741178 0.022818 0.031175
87 0.311466 0.177629 0.055904 0.031175
2983 0.537079 0.866906 0.067884 0.031175
47 0.124929 0.694930 0.022818 0.031860
111 0.311751 0.235183 0.033657 0.031860
119 0.749857 0.442275 0.040502 0.032203
87 0.638905 0.135320 0.053622 0.032203
55 0.527667 0.132922 0.054763 0.032203
88 0.641757 0.372388 0.058186 0.032203
111 0.638905 0.666153 0.037650 0.032545
119 0.287507 0.785200 0.035368 0.032888
121 0.642613 0.834190 0.041643 0.032888
2489 0.199943 0.599863 0.063320 0.032888
77 0.644039 0.262933 0.053622 0.033231
118 0.864233 0.207948 0.030804 0.033573
2820 0.420422 0.797533 0.060468 0.033573
53 0.642613 0.631894 0.029093 0.033916
78 0.642898 0.234498 0.042213 0.033916
2983 0.533657 0.668208 0.071306 0.033916
58 0.642613 0.564234 0.037079 0.034258
1587 0.853965 0.739294 0.052481 0.034258
2885 0.854250 0.390887 0.057616 0.034258
85 0.094124 0.384550 0.034227 0.034601
119 0.853965 0.476019 0.039932 0.034601
104 0.640331 0.171805 0.049629 0.034601
481 0.753565 0.784687 0.057045 0.034601
118 0.304621 0.463172 0.039932 0.034943
547 0.430120 0.643028 0.057045 0.034943
68 0.752995 0.680884 0.010268 0.035286
87 0.642898 0.701781 0.049059 0.035286
90 0.197376 0.182939 0.051341 0.035629
121 0.419281 0.557040 0.054763 0.035629
53 0.639475 0.479788 0.031945 0.036656
111 0.202225 0.731244 0.034797 0.036656
1587 0.526241 0.232443 0.065602 0.036656
1584 0.534227 0.780404 0.040502 0.036999
1584 0.422133 0.463686 0.039932 0.037342
481 0.422133 0.223535 0.057045 0.037342
1099 0.424701 0.348407 0.049629 0.037684
64 0.858243 0.136005 0.054193 0.037684
107 0.856817 0.257794 0.025100 0.038027
1799 0.088990 0.169065 0.052481 0.038027
107 0.750143 0.235012 0.033086 0.038369
2983 0.204507 0.311408 0.054193 0.038369
366 0.199943 0.661871 0.059897 0.038369
2820 0.637764 0.336759 0.060468 0.038369
53 0.525385 0.329736 0.033086 0.038712
2904 0.755562 0.586674 0.048488 0.038712
330 0.528523 0.464371 0.043925 0.039397
121 0.526241 0.169236 0.043925 0.039740
87 0.207359 0.542652 0.054193 0.039740
4486 0.312607 0.329051 0.036509 0.040767
2946 0.856817 0.776807 0.054763 0.040767
2854 0.747290 0.279719 0.062750 0.040767
366 0.204221 0.270469 0.063890 0.040767
613 0.423845 0.422062 0.060468 0.041110
330 0.530804 0.266701 0.040502 0.041453
78 0.751284 0.344810 0.041072 0.042138
121 0.309184 0.140630 0.044495 0.042138
70 0.856817 0.664097 0.049059 0.042823
3747 0.202510 0.772867 0.038791 0.043165
1193 0.085853 0.513703 0.056475 0.043508
3684 0.751284 0.141487 0.063890 0.043851
70 0.201654 0.141658 0.040502 0.044193
4700 0.311181 0.372045 0.062179 0.044536
70 0.859099 0.301131 0.054763 0.045221
2422 0.528808 0.424803 0.054763 0.047276
239 0.090131 0.347551 0.062750 0.047619
47 0.652881 0.871189 0.031375 0.060295
