200 0.139205 0.793936 0.040909 0.010620
132 0.238636 0.889860 0.025000 0.013361
92 0.350000 0.446043 0.047727 0.014388
188 0.129545 0.308839 0.037500 0.014731
57 0.128409 0.894313 0.052273 0.014731
99 0.240341 0.835389 0.047727 0.016101
64 0.236648 0.822199 0.034659 0.016444
120 0.345170 0.888147 0.017614 0.016787
101 0.238352 0.484070 0.064205 0.017814
64 0.580114 0.562521 0.046591 0.019870
132 0.132102 0.778177 0.031250 0.020212
76 0.458239 0.890887 0.034659 0.020212
66 0.350284 0.864166 0.028977 0.020898
126 0.575852 0.841384 0.048295 0.021240
83 0.351136 0.687393 0.042045 0.021583
88 0.787500 0.857657 0.045455 0.021583
57 0.688068 0.237239 0.048864 0.021583
93 0.134659 0.701439 0.053409 0.021583
102 0.125284 0.389003 0.075568 0.021583
91 0.243182 0.506680 0.038636 0.021925
47 0.214773 0.892943 0.031818 0.022268
52 0.123011 0.211202 0.044886 0.022268
52 0.236648 0.276978 0.049432 0.022268
83 0.574432 0.888489 0.039773 0.022953
132 0.127841 0.329394 0.035227 0.023638
93 0.798580 0.633094 0.057386 0.023981
101 0.463636 0.758479 0.070455 0.023981
83 0.125852 0.611682 0.041477 0.024323
57 0.803409 0.309524 0.045455 0.024323
52 0.579545 0.746660 0.055682 0.024323
113 0.126989 0.640116 0.061932 0.024323
56 0.465625 0.586502 0.027841 0.024666
56 0.576989 0.652963 0.031250 0.024666
126 0.460227 0.836588 0.048864 0.024666
58 0.126136 0.874957 0.052273 0.024666
1415 0.895739 0.213429 0.069886 0.024666
113 0.574716 0.327338 0.043750 0.025009
101 0.240057 0.369818 0.059659 0.025009
55 0.571875 0.389003 0.067614 0.025009
68 0.575852 0.865022 0.014205 0.025351
123 0.129830 0.819116 0.033523 0.025351
91 0.353125 0.235697 0.042614 0.025351
55 0.353125 0.748544 0.061932 0.025351
55 0.460227 0.309353 0.062500 0.025351
101 0.351989 0.360055 0.066477 0.026036
56 0.242330 0.538369 0.027841 0.026379
119 0.241193 0.766530 0.028977 0.026379
4252 0.609375 0.137547 0.031250 0.026379
87 0.794318 0.285886 0.036364 0.026379
68 0.462216 0.864166 0.039205 0.026379
95 0.357955 0.140973 0.051136 0.026379
547 0.354261 0.622302 0.056250 0.026379
2134 0.788920 0.803871 0.057386 0.026379
55 0.790057 0.661185 0.057386 0.026721
55 0.793466 0.387461 0.059659 0.026721
91 0.896875 0.391059 0.032386 0.027064
66 0.461932 0.212573 0.039773 0.027064
70 0.679545 0.212573 0.044318 0.027064
55 0.349148 0.295135 0.061932 0.027064
4116 0.792330 0.832819 0.019886 0.027407
4252 0.163352 0.736896 0.028977 0.027407
127 0.460227 0.808496 0.042045 0.027407
113 0.236080 0.598835 0.046023 0.027407
56 0.900852 0.419493 0.027841 0.027749
72 0.789489 0.570915 0.044886 0.027749
166 0.242614 0.249058 0.025000 0.028092
126 0.352841 0.516958 0.040909 0.028092
87 0.351420 0.834875 0.042614 0.028092
113 0.456818 0.275094 0.053409 0.028092
111 0.894318 0.880952 0.027273 0.028434
87 0.129545 0.415725 0.048864 0.028434
2134 0.892330 0.825111 0.055114 0.028434
66 0.461364 0.780062 0.037500 0.028777
81 0.236648 0.430284 0.044886 0.028777
98 0.234943 0.303529 0.051705 0.028777
101 0.463636 0.478931 0.062500 0.028777
88 0.573580 0.226619 0.031250 0.029120
111 0.786364 0.733299 0.031818 0.029120
55 0.460227 0.692874 0.068182 0.029120
126 0.467330 0.552929 0.038068 0.029462
118 0.240625 0.459918 0.019886 0.029805
107 0.460227 0.449298 0.042045 0.029805
132 0.576705 0.355259 0.032955 0.030147
78 0.128409 0.847208 0.047727 0.030147
52 0.579545 0.623159 0.056818 0.030147
127 0.361648 0.801987 0.059659 0.030147
76 0.124716 0.364680 0.040341 0.030490
122 0.576989 0.446900 0.043750 0.030490
78 0.126705 0.276293 0.045455 0.030490
60 0.895739 0.309010 0.026705 0.030832
117 0.241761 0.737581 0.032386 0.030832
691 0.784375 0.884892 0.040341 0.030832
979 0.462216 0.182597 0.051705 0.030832
126 0.241477 0.665296 0.057955 0.030832
88 0.353409 0.264303 0.031818 0.031175
58 0.572443 0.299246 0.036932 0.031175
107 0.235511 0.143371 0.039205 0.031175
95 0.576989 0.814491 0.046023 0.031175
60 0.572159 0.530661 0.023864 0.031518
95 0.351136 0.589243 0.043182 0.031518
107 0.461648 0.242206 0.047159 0.031518
166 0.132955 0.445872 0.025000 0.031860
92 0.238636 0.798390 0.035227 0.031860
66 0.351989 0.384550 0.039205 0.031860
74 0.898295 0.277321 0.040909 0.031860
126 0.132386 0.527064 0.043182 0.031860
127 0.356818 0.416752 0.046591 0.031860
90 0.236080 0.211545 0.050568 0.031860
87 0.576420 0.681740 0.036932 0.032203
74 0.574716 0.416238 0.042614 0.032203
70 0.354830 0.205550 0.047159 0.032203
95 0.238352 0.175403 0.049432 0.032203
253 0.240625 0.700582 0.057386 0.032203
121 0.792614 0.604488 0.039773 0.032545
60 0.357386 0.775437 0.043182 0.032545
107 0.350000 0.172833 0.045455 0.032545
123 0.898580 0.450154 0.023295 0.032888
93 0.243750 0.568345 0.046591 0.032888
58 0.900284 0.717198 0.039205 0.033231
83 0.460227 0.654334 0.038636 0.033573
126 0.794034 0.459746 0.040341 0.033573
66 0.460795 0.417095 0.043182 0.033916
51 0.241193 0.396882 0.044886 0.033916
51 0.124148 0.141658 0.046023 0.033916
123 0.577557 0.590785 0.028977 0.034601
118 0.893466 0.647825 0.030114 0.034943
111 0.896023 0.565262 0.032955 0.034943
60 0.894318 0.751285 0.032955 0.034943
1435 0.351420 0.554299 0.051705 0.034943
53 0.127557 0.243234 0.022159 0.035629
126 0.795455 0.251456 0.036364 0.035629
1435 0.575852 0.780062 0.056250 0.035629
111 0.348580 0.716513 0.028977 0.035971
68 0.573864 0.716170 0.034091 0.035971
105 0.903693 0.244090 0.063068 0.035971
117 0.789773 0.538541 0.036364 0.036314
4116 0.892614 0.856458 0.048864 0.036314
272 0.894602 0.790339 0.060795 0.036314
58 0.237216 0.631209 0.044886 0.036656
1579 0.236364 0.337616 0.054545 0.036656
2791 0.464489 0.342412 0.063068 0.036656
68 0.353977 0.649538 0.013636 0.036999
60 0.897443 0.483727 0.023295 0.036999
107 0.351989 0.327852 0.032386 0.037684
121 0.128409 0.671463 0.042045 0.037684
2273 0.792614 0.221309 0.055682 0.037684
62 0.461648 0.618191 0.043750 0.038027
107 0.460511 0.726961 0.039205 0.038369
1346 0.461648 0.143885 0.052841 0.039054
4260 0.899716 0.532545 0.051705 0.039397
71 0.904545 0.676430 0.055682 0.039397
272 0.792330 0.770298 0.064205 0.039397
81 0.120455 0.178828 0.046591 0.039740
4451 0.130398 0.490750 0.061932 0.040082
119 0.679545 0.268585 0.039773 0.040425
1279 0.464489 0.381295 0.056250 0.040425
2820 0.565341 0.263104 0.067045 0.040425
51 0.899716 0.609284 0.044886 0.041453
4431 0.457670 0.515416 0.064205 0.044193
4252 0.785795 0.696985 0.057955 0.044878
4252 0.788068 0.422919 0.060227 0.044878
1354 0.791477 0.503083 0.048864 0.045564
2273 0.898011 0.355773 0.052841 0.045564
2820 0.346591 0.479616 0.067045 0.045906
68 0.793466 0.344125 0.018750 0.047619
68 0.575284 0.489894 0.013068 0.047962
1140 0.571875 0.185851 0.043750 0.049675
2698 0.129830 0.573141 0.058523 0.052073
