128 0.746141 0.796245 0.013722 0.011368
101 0.087479 0.852566 0.050314 0.014468
101 0.300172 0.434550 0.058319 0.014812
52 0.410806 0.285050 0.040595 0.016879
55 0.408519 0.219256 0.046312 0.018257
55 0.192396 0.326559 0.048599 0.018601
65 0.306747 0.576817 0.042882 0.018946
698 0.192396 0.508095 0.034877 0.019290
93 0.854202 0.692043 0.046884 0.019290
120 0.408233 0.193593 0.022870 0.019979
57 0.851344 0.166207 0.034305 0.020324
88 0.301887 0.235791 0.037736 0.020324
57 0.304746 0.476059 0.036592 0.020668
547 0.308176 0.889080 0.050314 0.020668
56 0.188393 0.560455 0.026872 0.021357
64 0.627501 0.441957 0.031447 0.021357
92 0.738422 0.184637 0.042882 0.021357
120 0.519726 0.799346 0.026301 0.021702
120 0.086621 0.834137 0.028016 0.021702
88 0.634648 0.733724 0.028588 0.022046
88 0.195254 0.483465 0.042882 0.022391
91 0.850772 0.842577 0.038879 0.022735
113 0.084906 0.456424 0.050886 0.022735
56 0.193253 0.431450 0.022870 0.023080
87 0.195254 0.881674 0.044025 0.023080
93 0.520583 0.669480 0.046312 0.023080
113 0.192110 0.405959 0.051458 0.023080
91 0.299600 0.453669 0.038879 0.023424
88 0.852773 0.591802 0.048599 0.023424
85 0.413951 0.591285 0.025157 0.023769
120 0.515152 0.155184 0.027444 0.023769
85 0.740709 0.854116 0.033734 0.023769
88 0.738708 0.546331 0.018296 0.024113
120 0.848771 0.409576 0.024585 0.024113
65 0.634077 0.288322 0.043453 0.024113
92 0.741281 0.572511 0.048599 0.024113
92 0.405660 0.861867 0.028016 0.024802
252 0.299886 0.208405 0.046312 0.024802
56 0.628931 0.855322 0.021727 0.025491
126 0.517153 0.478471 0.042882 0.025491
248 0.623213 0.121598 0.057176 0.025491
60 0.192967 0.300896 0.024585 0.025835
76 0.411378 0.306752 0.030303 0.025835
881 0.082905 0.602652 0.035449 0.025835
104 0.082047 0.200654 0.041738 0.025835
91 0.081475 0.678781 0.041738 0.025835
89 0.408519 0.361178 0.054317 0.025835
98 0.189251 0.383396 0.054889 0.026180
118 0.191252 0.614364 0.020011 0.026524
85 0.520011 0.540992 0.028016 0.026524
85 0.633505 0.761798 0.029731 0.026524
72 0.186964 0.187220 0.043453 0.026524
82 0.418239 0.883052 0.056604 0.026524
76 0.517153 0.129693 0.039451 0.027213
68 0.413951 0.663279 0.045740 0.027213
126 0.087193 0.778677 0.047456 0.027213
953 0.298742 0.743369 0.047456 0.027558
68 0.084048 0.223734 0.013722 0.027902
91 0.741567 0.775921 0.038879 0.027902
118 0.087193 0.433689 0.016581 0.028247
85 0.741567 0.449879 0.022870 0.028247
85 0.741567 0.336204 0.025157 0.028247
85 0.631218 0.636238 0.034305 0.028247
91 0.414523 0.762315 0.041166 0.028247
91 0.849914 0.626938 0.046312 0.028247
91 0.852487 0.482087 0.041166 0.028591
73 0.303888 0.599208 0.055460 0.028591
118 0.192967 0.457802 0.016581 0.028936
85 0.304746 0.662418 0.025157 0.029625
66 0.084906 0.330348 0.032590 0.029625
91 0.628931 0.260420 0.041166 0.029625
88 0.415380 0.439890 0.047456 0.029625
88 0.739280 0.126421 0.059463 0.029625
60 0.848199 0.276094 0.021155 0.029969
58 0.082619 0.255770 0.036021 0.029969
119 0.742710 0.880813 0.021727 0.030313
91 0.740995 0.730623 0.041166 0.030313
51 0.738994 0.158457 0.046312 0.030313
107 0.629217 0.826559 0.028016 0.030658
71 0.522870 0.773166 0.037164 0.030658
104 0.637221 0.667757 0.045169 0.030658
118 0.408519 0.335515 0.016581 0.031002
71 0.413665 0.167757 0.040595 0.031002
54 0.300743 0.375474 0.051458 0.031002
1415 0.742424 0.608681 0.056604 0.031002
91 0.083762 0.569239 0.041738 0.031347
62 0.192110 0.585429 0.043453 0.031347
1834 0.413379 0.792112 0.052601 0.031347
85 0.524014 0.881157 0.029160 0.031691
126 0.192682 0.161901 0.048027 0.031691
1083 0.849342 0.769377 0.038308 0.032036
62 0.851630 0.384602 0.042882 0.032036
91 0.741567 0.481743 0.044597 0.032036
3735 0.295312 0.341199 0.045169 0.032036
1214 0.303602 0.502756 0.049171 0.032036
88 0.522013 0.393903 0.053745 0.032036
76 0.626644 0.316914 0.036592 0.032380
1891 0.083762 0.749225 0.041738 0.032380
729 0.635220 0.701688 0.065180 0.032380
119 0.635792 0.791423 0.022870 0.032725
84 0.305317 0.539614 0.034305 0.032725
4164 0.408233 0.514123 0.045740 0.032725
126 0.191824 0.534447 0.053173 0.032725
118 0.518296 0.573200 0.018868 0.033069
111 0.084620 0.361695 0.025157 0.033069
71 0.742138 0.211161 0.042310 0.033069
121 0.634648 0.882191 0.042310 0.033069
95 0.521155 0.702377 0.044025 0.033069
70 0.302744 0.629693 0.052030 0.033069
1938 0.411378 0.732690 0.053173 0.033069
111 0.518296 0.508267 0.026872 0.033414
67 0.849914 0.349466 0.036021 0.033414
98 0.084048 0.811746 0.044597 0.033414
98 0.849057 0.315708 0.046884 0.033414
91 0.520583 0.290734 0.042882 0.033758
4327 0.077759 0.713055 0.057176 0.033758
111 0.191824 0.762143 0.032590 0.034103
91 0.297599 0.307441 0.038308 0.034103
1229 0.080332 0.536858 0.048599 0.034103
111 0.192967 0.352394 0.024585 0.034447
58 0.520583 0.736824 0.034877 0.034447
1083 0.851630 0.559077 0.037164 0.034447
1938 0.411092 0.478126 0.050314 0.034447
4164 0.741852 0.248019 0.053173 0.034447
90 0.518582 0.644161 0.053745 0.034447
92 0.629788 0.407682 0.030303 0.034792
3948 0.194397 0.727695 0.044597 0.034792
90 0.300457 0.408715 0.049743 0.034792
91 0.632075 0.605580 0.046312 0.035136
2553 0.188393 0.127282 0.052030 0.035481
2236 0.306175 0.819669 0.061178 0.035481
2245 0.739565 0.372029 0.056604 0.035825
111 0.410234 0.695315 0.025729 0.036169
4260 0.738994 0.697038 0.032590 0.036169
3735 0.411950 0.553738 0.049743 0.036169
3948 0.082333 0.126765 0.040023 0.036514
2220 0.297885 0.171891 0.050314 0.036514
81 0.084334 0.400965 0.048599 0.037203
2059 0.410520 0.627282 0.050314 0.037203
4260 0.741281 0.517224 0.047456 0.037547
3812 0.846770 0.521357 0.059463 0.037547
83 0.082333 0.877024 0.030875 0.037892
322 0.305889 0.853944 0.056032 0.037892
121 0.630646 0.479332 0.043453 0.038236
4260 0.630074 0.567861 0.052601 0.038236
418 0.411378 0.827937 0.054317 0.038236
3307 0.295597 0.272649 0.061750 0.038236
121 0.520011 0.606614 0.034877 0.038581
4064 0.847913 0.730968 0.054889 0.038581
121 0.194683 0.643300 0.039451 0.038925
1087 0.740423 0.821736 0.048027 0.038925
121 0.299600 0.126076 0.041166 0.039270
3712 0.518582 0.840854 0.053745 0.039270
2280 0.850772 0.201688 0.057176 0.039614
1138 0.083476 0.295040 0.043453 0.040303
3684 0.084620 0.166552 0.057176 0.040303
2924 0.308748 0.779711 0.064037 0.040303
1354 0.405946 0.126765 0.048027 0.040648
1116 0.406804 0.249053 0.058891 0.040648
4164 0.193539 0.802101 0.056604 0.040992
1116 0.852201 0.444712 0.056604 0.041337
121 0.848485 0.662935 0.034305 0.041681
2191 0.858205 0.877540 0.054889 0.041681
3035 0.193825 0.686876 0.045740 0.042025
2257 0.742424 0.652945 0.061178 0.042370
68 0.852487 0.238374 0.012579 0.042714
1136 0.299600 0.706166 0.041166 0.042714
1116 0.847627 0.808302 0.055460 0.043059
68 0.195540 0.222701 0.014866 0.043748
3714 0.522870 0.435928 0.056604 0.043748
349 0.521155 0.250431 0.069182 0.044092
316 0.628645 0.522563 0.076043 0.044092
1584 0.085192 0.639339 0.032018 0.044781
1856 0.188679 0.847399 0.044597 0.044781
2669 0.407090 0.401998 0.052601 0.044781
3434 0.741852 0.414399 0.060034 0.044781
3322 0.630360 0.166724 0.049743 0.046159
308 0.624929 0.361695 0.052601 0.047537
2484 0.081475 0.491733 0.036021 0.048570
1317 0.844483 0.134344 0.043453 0.048915
681 0.520297 0.196349 0.053745 0.049604
957 0.619211 0.222528 0.051458 0.050293
1856 0.744711 0.294178 0.065752 0.052360
1280 0.511721 0.344643 0.057176 0.066483
