128 0.731519 0.452471 0.014327 0.013135
188 0.395129 0.288282 0.029226 0.015209
196 0.287966 0.341168 0.023496 0.016592
101 0.279943 0.542689 0.060172 0.017283
128 0.401433 0.849637 0.017765 0.017974
92 0.392550 0.618389 0.045845 0.017974
101 0.394842 0.198237 0.061891 0.018320
101 0.393410 0.683201 0.061318 0.019011
101 0.281948 0.438818 0.064183 0.019011
55 0.836103 0.441756 0.055014 0.019357
101 0.064470 0.433460 0.059026 0.019357
101 0.277650 0.390252 0.060172 0.019357
101 0.501146 0.374179 0.070487 0.019703
90 0.110315 0.525752 0.038395 0.020048
55 0.064756 0.815071 0.049284 0.020048
92 0.062751 0.452990 0.047564 0.020394
101 0.170774 0.753716 0.071060 0.020394
101 0.617192 0.679571 0.064183 0.020740
56 0.722063 0.473038 0.030946 0.021085
90 0.659885 0.608365 0.033811 0.021431
52 0.615186 0.764259 0.048711 0.021431
101 0.394269 0.268406 0.061891 0.021777
56 0.169341 0.120982 0.023496 0.022122
55 0.390831 0.220187 0.049284 0.022122
101 0.837249 0.776357 0.059599 0.022122
128 0.613754 0.211027 0.014900 0.022468
88 0.723782 0.892326 0.024069 0.022468
88 0.723209 0.550812 0.025215 0.022468
66 0.061891 0.871587 0.035530 0.022468
86 0.072779 0.791739 0.038968 0.022468
52 0.610315 0.255963 0.045845 0.022468
52 0.168195 0.219323 0.047564 0.022468
55 0.721777 0.277739 0.049857 0.022468
110 0.335817 0.864155 0.028653 0.022814
110 0.661032 0.874525 0.030372 0.022814
57 0.840974 0.194781 0.031519 0.023159
90 0.325788 0.610612 0.033811 0.023159
52 0.725788 0.704632 0.042980 0.023159
52 0.724069 0.300553 0.044126 0.023159
52 0.502292 0.517283 0.044126 0.023159
52 0.617479 0.631006 0.048711 0.023159
113 0.837822 0.796059 0.051576 0.023505
132 0.395415 0.310750 0.024069 0.024196
52 0.724642 0.433460 0.044126 0.024196
113 0.065043 0.192879 0.053295 0.024196
53 0.336963 0.843588 0.018338 0.025233
56 0.608023 0.160560 0.027507 0.025233
110 0.614900 0.656239 0.040115 0.025233
83 0.275931 0.367611 0.041834 0.025233
88 0.279370 0.193916 0.040688 0.025579
120 0.504011 0.852921 0.028080 0.025925
132 0.171920 0.275320 0.030946 0.025925
98 0.279083 0.811787 0.060745 0.025925
53 0.662178 0.852402 0.017765 0.026270
113 0.605158 0.233667 0.052722 0.026270
98 0.060458 0.699965 0.056734 0.026270
117 0.330659 0.589872 0.017192 0.026616
88 0.397135 0.796924 0.029799 0.026616
91 0.616332 0.792776 0.041834 0.026616
91 0.503725 0.192707 0.042407 0.026616
56 0.718625 0.185966 0.024069 0.026962
66 0.833238 0.507086 0.033238 0.026962
110 0.390258 0.245074 0.041261 0.026962
55 0.172779 0.702385 0.052149 0.026962
117 0.660458 0.585378 0.017765 0.027307
166 0.729513 0.795195 0.020630 0.027307
120 0.063037 0.381092 0.032092 0.027307
66 0.609742 0.188213 0.033238 0.027307
91 0.611175 0.343069 0.041834 0.027307
88 0.283381 0.460595 0.049857 0.027307
1415 0.504011 0.792430 0.056734 0.027307
85 0.393983 0.891635 0.029226 0.027999
110 0.061318 0.410474 0.038968 0.027999
86 0.292550 0.783788 0.048711 0.027999
88 0.836103 0.856032 0.052722 0.027999
120 0.395989 0.862427 0.027507 0.028344
111 0.283095 0.833737 0.038968 0.028344
95 0.502006 0.491186 0.045845 0.028344
127 0.072206 0.892499 0.065330 0.028344
83 0.719771 0.251469 0.046991 0.028690
83 0.169341 0.502420 0.047564 0.028690
126 0.720344 0.122883 0.052722 0.028690
83 0.832378 0.385413 0.039542 0.029036
88 0.838968 0.653647 0.053868 0.029036
127 0.728080 0.528517 0.057880 0.029036
117 0.114613 0.501037 0.019484 0.029381
88 0.832092 0.354476 0.025215 0.029381
66 0.165903 0.371414 0.037249 0.029381
90 0.277077 0.519357 0.042980 0.029381
87 0.063324 0.477878 0.047564 0.029381
87 0.504871 0.459039 0.045845 0.029727
84 0.282235 0.714829 0.048711 0.029727
76 0.610888 0.313688 0.036676 0.030073
84 0.719771 0.330280 0.044699 0.030073
68 0.280802 0.490667 0.044699 0.030073
83 0.608023 0.284653 0.048138 0.030073
272 0.764183 0.388351 0.055587 0.030073
113 0.168481 0.246284 0.058453 0.030073
91 0.393983 0.428966 0.037249 0.030418
77 0.282235 0.313515 0.048711 0.030418
95 0.727507 0.730384 0.051003 0.030418
126 0.727794 0.673349 0.051576 0.030418
56 0.395129 0.826823 0.055587 0.030418
70 0.502292 0.826305 0.036103 0.030764
91 0.173639 0.776530 0.042407 0.030764
76 0.497708 0.609920 0.042980 0.030764
88 0.394556 0.508642 0.046418 0.030764
111 0.062464 0.324231 0.032092 0.031110
117 0.723496 0.360525 0.033811 0.031110
110 0.171060 0.729001 0.042980 0.031110
90 0.832665 0.748012 0.045845 0.031110
87 0.728653 0.761148 0.049857 0.031110
126 0.504871 0.719150 0.055014 0.031455
356 0.389685 0.545627 0.064183 0.031455
111 0.395989 0.127549 0.033238 0.031801
111 0.171633 0.530937 0.034957 0.031801
93 0.286819 0.889734 0.036103 0.031801
2134 0.724642 0.864846 0.048711 0.031801
87 0.282521 0.563602 0.050430 0.032147
77 0.172779 0.430176 0.052149 0.032147
74 0.064183 0.556170 0.035530 0.032492
87 0.063610 0.250951 0.053868 0.032492
63 0.286819 0.413412 0.057880 0.032492
62 0.063610 0.729520 0.043553 0.032838
121 0.067622 0.763394 0.049284 0.032838
126 0.177937 0.853612 0.052149 0.032838
87 0.832378 0.169547 0.053295 0.032838
118 0.171920 0.148980 0.036676 0.033184
67 0.180516 0.634981 0.046991 0.033184
118 0.835244 0.718113 0.024642 0.033529
53 0.059599 0.222088 0.029799 0.033529
74 0.283668 0.643450 0.035530 0.033529
70 0.071347 0.161943 0.060172 0.033529
118 0.498567 0.303837 0.029799 0.033875
53 0.832951 0.823540 0.025788 0.034221
87 0.172493 0.303318 0.051576 0.034221
87 0.502292 0.127549 0.041834 0.034566
366 0.605731 0.129969 0.060745 0.034566
111 0.505731 0.642758 0.025788 0.034912
111 0.281948 0.747840 0.032092 0.034912
4252 0.066189 0.841514 0.041834 0.034912
254 0.391691 0.347563 0.046418 0.034912
51 0.062178 0.357933 0.047564 0.034912
95 0.723209 0.158140 0.050430 0.034912
53 0.616619 0.825786 0.025215 0.035258
108 0.614327 0.376772 0.026361 0.035258
87 0.837536 0.684756 0.040688 0.035258
127 0.173926 0.399585 0.057880 0.035258
51 0.505158 0.398548 0.044126 0.035949
272 0.393123 0.709990 0.065330 0.035949
272 0.168768 0.338749 0.072779 0.035949
4486 0.723209 0.588489 0.040115 0.036295
99 0.069628 0.129796 0.062464 0.036295
1999 0.729226 0.828379 0.064756 0.036295
53 0.063897 0.590736 0.026934 0.036640
1083 0.835530 0.618735 0.038968 0.036640
121 0.722350 0.217421 0.046418 0.036640
1435 0.063897 0.668165 0.051003 0.036640
127 0.842120 0.537850 0.057880 0.036640
63 0.732951 0.499136 0.058453 0.036640
107 0.504871 0.266333 0.026361 0.036986
127 0.507163 0.426374 0.056160 0.036986
127 0.177364 0.599896 0.060172 0.036986
127 0.509456 0.157622 0.055014 0.037331
107 0.280802 0.129796 0.028653 0.037677
107 0.172779 0.569132 0.031519 0.037677
1016 0.502292 0.760283 0.063610 0.037677
107 0.614613 0.704113 0.028080 0.038023
111 0.058739 0.627031 0.030372 0.038023
68 0.614613 0.734359 0.017765 0.038368
253 0.617192 0.414967 0.048138 0.039060
121 0.283668 0.677325 0.048138 0.039060
68 0.167049 0.188213 0.024642 0.039751
118 0.826648 0.226927 0.031519 0.039751
90 0.502579 0.342897 0.057307 0.040097
1504 0.274499 0.232803 0.052722 0.040442
119 0.612894 0.458693 0.034957 0.040788
118 0.165903 0.672312 0.034957 0.040788
121 0.504298 0.681300 0.042407 0.040788
81 0.169914 0.464570 0.047564 0.040788
90 0.391691 0.652610 0.054441 0.040788
90 0.391691 0.165226 0.055587 0.040788
219 0.173639 0.814034 0.045845 0.041479
4252 0.832951 0.473384 0.046418 0.041825
81 0.503152 0.226927 0.050430 0.041825
81 0.177364 0.888524 0.052149 0.041825
119 0.830086 0.131524 0.026934 0.042516
4047 0.836676 0.578811 0.059599 0.042516
1584 0.837822 0.882648 0.036676 0.043208
83 0.611175 0.498445 0.024642 0.044245
4397 0.830946 0.317490 0.036676 0.044590
1847 0.277364 0.274801 0.055014 0.044936
3665 0.613467 0.543726 0.063610 0.044936
1795 0.387679 0.391808 0.055587 0.046664
268 0.830372 0.267370 0.053868 0.047356
4700 0.722923 0.633253 0.053295 0.049084
717 0.393696 0.583650 0.063037 0.050121
663 0.393983 0.755444 0.040688 0.052886
2191 0.388825 0.470964 0.037249 0.054269
47 0.505158 0.562738 0.028080 0.067058
