91 0.201804 0.677475 0.032694 0.017247
76 0.463923 0.225595 0.025930 0.019317
52 0.693630 0.196620 0.042277 0.019317
504 0.196167 0.737496 0.055242 0.022766
643 0.203777 0.618662 0.050169 0.025181
492 0.279594 0.656951 0.051860 0.028631
70 0.378805 0.263022 0.025930 0.029320
3735 0.252255 0.269748 0.035513 0.029665
95 0.434611 0.239738 0.045096 0.029665
127 0.260710 0.298724 0.059188 0.029665
34 0.771421 0.680407 0.051297 0.030010
4284 0.681229 0.766816 0.047914 0.030355
3338 0.256201 0.237496 0.050169 0.030700
1800 0.682074 0.727320 0.054115 0.030700
67 0.698422 0.222491 0.036077 0.031735
4120 0.276212 0.626768 0.050733 0.031735
91 0.580891 0.241118 0.043405 0.032425
1891 0.517475 0.194895 0.038331 0.033805
3435 0.200958 0.649534 0.047914 0.033805
1269 0.276776 0.596758 0.049605 0.033805
3669 0.197012 0.768023 0.060316 0.034840
81 0.460541 0.199552 0.043968 0.036219
121 0.772830 0.266471 0.056370 0.036909
3687 0.777057 0.186789 0.059188 0.037599
877 0.640361 0.238875 0.047351 0.038289
1052 0.772830 0.715592 0.057497 0.038289
3526 0.202368 0.707485 0.052988 0.039324
2179 0.773957 0.645395 0.058625 0.039324
91 0.314262 0.241980 0.034386 0.039669
1999 0.306370 0.202656 0.058061 0.040359
83 0.735062 0.281476 0.023675 0.040704
76 0.772266 0.227320 0.031567 0.040704
1560 0.696449 0.263194 0.038895 0.040704
4662 0.575536 0.203174 0.043968 0.044843
1771 0.376832 0.224905 0.046787 0.046223
88 0.642052 0.283374 0.019166 0.051397
