56 0.716357 0.525458 0.020882 0.010183
57 0.723898 0.563815 0.030162 0.011541
92 0.868910 0.294976 0.026682 0.014257
92 0.050754 0.889002 0.038863 0.014257
196 0.283933 0.308045 0.028422 0.014596
56 0.820766 0.198914 0.025522 0.014936
91 0.712007 0.453496 0.031903 0.014936
92 0.763341 0.488119 0.033643 0.014936
61 0.762761 0.545995 0.038283 0.015275
92 0.385731 0.273761 0.039443 0.015275
81 0.527262 0.151222 0.035963 0.015954
56 0.824536 0.275967 0.026102 0.016293
98 0.473608 0.183299 0.041183 0.016293
64 0.492459 0.613204 0.030162 0.016633
81 0.537123 0.698065 0.035963 0.016633
87 0.714617 0.549050 0.034803 0.017312
126 0.713457 0.497115 0.041763 0.017312
64 0.528422 0.168364 0.033643 0.017651
132 0.515371 0.853700 0.034223 0.017651
101 0.631381 0.825187 0.064385 0.017651
64 0.538863 0.613204 0.025522 0.017990
126 0.821636 0.236083 0.034223 0.017990
85 0.714617 0.511202 0.037123 0.018330
52 0.285383 0.831636 0.045244 0.018330
56 0.288283 0.658520 0.023202 0.019009
91 0.849768 0.480652 0.033643 0.019009
98 0.490719 0.699593 0.042923 0.019009
203 0.397912 0.689409 0.046404 0.019009
101 0.854118 0.682960 0.060905 0.019009
90 0.428364 0.497454 0.037703 0.019348
101 0.052784 0.678377 0.056845 0.019348
110 0.823956 0.290224 0.031903 0.019688
81 0.620360 0.224033 0.042343 0.019688
204 0.746230 0.683469 0.027262 0.020027
499 0.770592 0.469959 0.042343 0.020027
111 0.536833 0.658181 0.028422 0.020367
98 0.512471 0.894433 0.053944 0.020367
90 0.539733 0.248303 0.037703 0.020706
101 0.511891 0.565682 0.064385 0.020706
88 0.523492 0.131704 0.026102 0.021045
172 0.387471 0.182281 0.031323 0.021045
2134 0.870360 0.254582 0.037703 0.021045
56 0.296114 0.710285 0.027262 0.021385
84 0.760151 0.583333 0.033063 0.021385
101 0.741009 0.806687 0.065545 0.021385
68 0.761021 0.561439 0.011601 0.021724
117 0.776392 0.613374 0.023782 0.021724
53 0.735209 0.889002 0.034223 0.021724
104 0.825116 0.217923 0.036543 0.021724
193 0.741879 0.704345 0.046404 0.021724
74 0.513631 0.873048 0.046984 0.021724
57 0.741589 0.169382 0.050464 0.021724
86 0.754060 0.822132 0.061485 0.021724
118 0.713457 0.580278 0.020882 0.022064
4116 0.874130 0.277155 0.026682 0.022064
91 0.055394 0.759504 0.040023 0.022064
85 0.049884 0.807366 0.040603 0.022064
98 0.740429 0.843007 0.058585 0.022064
166 0.516531 0.584182 0.020302 0.022403
98 0.384281 0.327223 0.050464 0.022403
55 0.387471 0.208758 0.055684 0.022403
56 0.399942 0.668194 0.023782 0.022743
132 0.394142 0.162084 0.028422 0.022743
68 0.707367 0.526986 0.034223 0.022743
88 0.395882 0.888323 0.028422 0.023082
56 0.740429 0.785811 0.031903 0.023082
74 0.286253 0.852682 0.036543 0.023082
91 0.394142 0.420910 0.037703 0.023082
68 0.823666 0.255261 0.038283 0.023082
85 0.386311 0.133741 0.041763 0.023082
88 0.284513 0.398846 0.042343 0.023082
91 0.392401 0.748473 0.042343 0.023082
57 0.298434 0.595044 0.044664 0.023082
98 0.283643 0.875085 0.046404 0.023082
117 0.762471 0.425492 0.019142 0.023422
66 0.761021 0.504243 0.029002 0.023422
57 0.637761 0.851154 0.045824 0.023422
113 0.512181 0.831806 0.047564 0.023422
52 0.850638 0.733707 0.051624 0.023422
88 0.539733 0.679566 0.022622 0.023761
88 0.051624 0.568907 0.030162 0.023761
77 0.294954 0.893075 0.043503 0.023761
117 0.429524 0.475730 0.019142 0.024100
123 0.488399 0.653259 0.023202 0.024100
499 0.853248 0.425153 0.062645 0.024100
68 0.763341 0.526477 0.009281 0.024440
272 0.868619 0.230821 0.049304 0.024440
98 0.390951 0.443313 0.049884 0.024440
98 0.045824 0.545146 0.053364 0.024440
126 0.051624 0.829939 0.056845 0.024440
56 0.166473 0.279871 0.029002 0.024779
84 0.173144 0.818568 0.042343 0.024779
64 0.054814 0.785642 0.043503 0.024779
72 0.736949 0.864392 0.057425 0.024779
119 0.525812 0.188730 0.023782 0.025119
119 0.490139 0.632892 0.023202 0.025458
56 0.736369 0.366768 0.023782 0.025458
120 0.734919 0.342329 0.027842 0.025458
273 0.872390 0.204175 0.035963 0.025458
126 0.177204 0.887475 0.041183 0.025458
52 0.052204 0.520876 0.047564 0.025458
123 0.475638 0.132043 0.022042 0.025798
118 0.493910 0.676850 0.027262 0.025798
148 0.181555 0.539036 0.044084 0.025798
56 0.166183 0.131874 0.029582 0.026137
90 0.762181 0.449253 0.040603 0.026137
83 0.168213 0.370672 0.040603 0.026477
272 0.655162 0.577054 0.048144 0.026477
81 0.850928 0.709097 0.049884 0.026477
52 0.510731 0.355737 0.057425 0.026477
120 0.628770 0.542600 0.026682 0.026816
127 0.290603 0.567040 0.046404 0.026816
272 0.549594 0.733707 0.051624 0.026816
98 0.736079 0.759504 0.056845 0.026816
107 0.042633 0.250849 0.036543 0.027155
83 0.616879 0.344196 0.040023 0.027155
55 0.393561 0.543449 0.055104 0.027155
113 0.169664 0.456891 0.057425 0.027155
111 0.392691 0.810760 0.030162 0.027495
111 0.046694 0.415648 0.030742 0.027495
90 0.776102 0.639681 0.037123 0.027495
148 0.632541 0.661745 0.041183 0.027495
127 0.054524 0.733707 0.046404 0.027495
55 0.286253 0.686864 0.049304 0.027495
166 0.624420 0.167006 0.022622 0.027834
272 0.882831 0.331297 0.045244 0.027834
76 0.391241 0.389851 0.030742 0.028174
60 0.620650 0.249830 0.048724 0.028513
84 0.634571 0.729124 0.053364 0.028513
76 0.512181 0.502206 0.035963 0.028853
121 0.539733 0.632892 0.036543 0.028853
127 0.400522 0.640360 0.050464 0.028853
117 0.543503 0.224372 0.026682 0.029192
126 0.049884 0.488119 0.052204 0.029192
55 0.049304 0.622878 0.055684 0.029192
118 0.480858 0.159708 0.029002 0.029532
2599 0.713747 0.430244 0.034223 0.029532
126 0.850928 0.560930 0.037123 0.029532
87 0.856148 0.880686 0.039443 0.029532
86 0.298144 0.541582 0.044084 0.029532
4532 0.708237 0.476409 0.054524 0.029532
82 0.167923 0.258826 0.064385 0.029532
62 0.845998 0.135777 0.053944 0.029871
96 0.629060 0.197895 0.064385 0.029871
118 0.170824 0.159708 0.027262 0.030210
60 0.852958 0.809403 0.053944 0.030210
1415 0.164443 0.233367 0.063225 0.030210
166 0.635441 0.886286 0.022622 0.030550
86 0.054234 0.386965 0.038863 0.030550
74 0.281032 0.336049 0.042343 0.030550
86 0.739559 0.201629 0.042923 0.030550
86 0.396172 0.300407 0.048724 0.030550
90 0.618329 0.136456 0.049884 0.030550
95 0.163863 0.305669 0.042343 0.030889
120 0.171114 0.429735 0.031323 0.031229
119 0.515661 0.805838 0.032483 0.031229
58 0.175464 0.716904 0.037703 0.031229
124 0.173434 0.401222 0.046404 0.031229
74 0.739559 0.731161 0.047564 0.031229
70 0.173724 0.512899 0.048144 0.031229
1174 0.055974 0.861168 0.048144 0.031229
111 0.629060 0.758147 0.031903 0.031568
68 0.283933 0.806517 0.019142 0.031908
123 0.507541 0.290563 0.033643 0.031908
70 0.277552 0.282756 0.042343 0.031908
74 0.516531 0.774949 0.049304 0.031908
70 0.047564 0.281059 0.049884 0.031908
68 0.281613 0.220299 0.050464 0.031908
504 0.285383 0.474372 0.032483 0.032247
70 0.729118 0.317719 0.049884 0.032587
111 0.171984 0.747284 0.030742 0.032926
66 0.401102 0.612186 0.035383 0.032926
58 0.735499 0.233707 0.042923 0.032926
68 0.168794 0.340801 0.012761 0.033265
90 0.511311 0.536320 0.049304 0.033265
124 0.045534 0.219450 0.044664 0.033605
68 0.511601 0.468601 0.051044 0.033605
118 0.734049 0.396809 0.026102 0.033944
119 0.620070 0.279701 0.032483 0.033944
53 0.168503 0.486762 0.033063 0.033944
107 0.053654 0.653768 0.035383 0.033944
74 0.852378 0.456212 0.042343 0.033944
121 0.047564 0.354549 0.045244 0.034284
123 0.169374 0.652071 0.024362 0.034623
119 0.845998 0.166667 0.034223 0.034623
126 0.627610 0.430754 0.040603 0.034623
111 0.049884 0.593686 0.033643 0.035302
92 0.053654 0.703327 0.035383 0.035302
118 0.290313 0.773931 0.035383 0.035302
107 0.281903 0.246436 0.045244 0.035302
51 0.393852 0.721317 0.047564 0.035302
68 0.623260 0.313815 0.012181 0.035642
126 0.511891 0.433639 0.037703 0.035642
552 0.178364 0.614902 0.043503 0.035642
62 0.047854 0.318737 0.048144 0.036660
1083 0.395302 0.781399 0.049304 0.036660
68 0.292343 0.735913 0.019722 0.037339
366 0.285963 0.632043 0.063805 0.037339
83 0.042343 0.182451 0.026682 0.037678
121 0.282193 0.369654 0.037703 0.038018
78 0.174594 0.687712 0.042923 0.038018
90 0.634861 0.792261 0.045824 0.038018
4311 0.177784 0.577733 0.060905 0.038018
1917 0.631381 0.505940 0.049304 0.038357
1644 0.622390 0.468262 0.063805 0.038357
84 0.856439 0.765105 0.049304 0.039375
366 0.627610 0.696877 0.060325 0.039375
3229 0.736079 0.139341 0.059165 0.039715
437 0.175754 0.784284 0.064965 0.039715
119 0.506090 0.323829 0.041183 0.040054
2526 0.165893 0.200611 0.066125 0.040054
4252 0.399942 0.575526 0.060905 0.040394
127 0.857019 0.840801 0.055104 0.040733
3669 0.289733 0.504243 0.051624 0.041752
330 0.046114 0.143585 0.046984 0.042091
4252 0.384281 0.242363 0.057425 0.042091
604 0.276682 0.182451 0.045244 0.042430
3354 0.276972 0.140360 0.049304 0.042430
2983 0.852088 0.386626 0.059165 0.042770
366 0.628190 0.628819 0.060325 0.043109
2769 0.851508 0.652071 0.064965 0.043449
68 0.392691 0.363035 0.013921 0.045146
4555 0.285963 0.436864 0.056845 0.046164
2191 0.186195 0.853360 0.059165 0.046843
366 0.049014 0.452648 0.055104 0.047183
1140 0.397332 0.848608 0.049884 0.047522
3513 0.845998 0.519688 0.050464 0.049559
224 0.510441 0.390869 0.056845 0.049898
3375 0.853828 0.606076 0.051044 0.051256
3513 0.624420 0.388323 0.050464 0.051595
47 0.736079 0.272403 0.041763 0.062797
