209 0.412781 0.331488 0.011514 0.009689
128 0.178469 0.808304 0.012666 0.013149
92 0.317501 0.206055 0.035118 0.013495
101 0.732009 0.366955 0.060449 0.014879
55 0.272021 0.161246 0.038572 0.015225
92 0.512953 0.416436 0.046056 0.015571
92 0.844560 0.379585 0.043754 0.015917
92 0.179332 0.339792 0.044329 0.015917
92 0.290443 0.326817 0.043178 0.016263
101 0.850029 0.757266 0.051238 0.016263
60 0.268566 0.176125 0.037421 0.016609
93 0.516408 0.303806 0.047208 0.016609
128 0.407887 0.499481 0.013241 0.017647
88 0.316062 0.188408 0.019574 0.017647
120 0.175590 0.166955 0.027634 0.017647
297 0.291019 0.272318 0.045481 0.017993
118 0.312896 0.246367 0.014393 0.018685
56 0.177029 0.321799 0.022453 0.018685
192 0.517271 0.883391 0.033967 0.018685
192 0.400979 0.351903 0.039724 0.018685
90 0.775763 0.469723 0.030512 0.019031
93 0.850892 0.771799 0.055268 0.019031
55 0.734312 0.791349 0.051238 0.019377
90 0.448474 0.283564 0.033391 0.019723
52 0.401267 0.480450 0.046056 0.019723
101 0.735463 0.835467 0.069660 0.019723
57 0.734312 0.298270 0.036269 0.020069
190 0.407311 0.314360 0.035118 0.020415
120 0.619747 0.305190 0.021301 0.020761
52 0.509499 0.242907 0.049511 0.020761
113 0.399539 0.212803 0.050662 0.020761
128 0.292170 0.596713 0.015544 0.021107
56 0.624640 0.639619 0.026482 0.021107
56 0.513529 0.553287 0.023028 0.021453
57 0.293898 0.715571 0.032815 0.021453
57 0.742660 0.851903 0.035694 0.021453
120 0.732873 0.428201 0.021877 0.021799
57 0.075705 0.211592 0.033967 0.021799
52 0.181059 0.478720 0.047784 0.021799
55 0.625504 0.694637 0.051238 0.021799
119 0.273748 0.193080 0.027058 0.022145
204 0.622050 0.889792 0.030512 0.022491
90 0.675590 0.873875 0.036269 0.022491
87 0.265976 0.215398 0.036845 0.022491
204 0.732873 0.497059 0.024180 0.023183
71 0.274611 0.138581 0.035694 0.023183
53 0.787277 0.731142 0.016695 0.023529
56 0.396085 0.165052 0.029937 0.023529
120 0.512666 0.358824 0.035118 0.023529
110 0.560161 0.687370 0.028785 0.023875
193 0.728555 0.522318 0.037421 0.023875
57 0.521301 0.765917 0.040875 0.023875
52 0.850317 0.738927 0.049511 0.023875
110 0.786413 0.753979 0.027634 0.024221
127 0.742084 0.906920 0.067933 0.024221
119 0.266839 0.238927 0.020150 0.024567
120 0.068221 0.728201 0.027058 0.024567
110 0.736615 0.812976 0.042026 0.024567
120 0.730858 0.645329 0.025907 0.024913
57 0.515256 0.494464 0.044905 0.024913
547 0.405296 0.139100 0.056419 0.024913
56 0.286701 0.384948 0.019574 0.025260
56 0.728843 0.383218 0.026482 0.025260
91 0.849741 0.541003 0.041451 0.025260
2946 0.318653 0.139619 0.032815 0.025952
51 0.316062 0.225779 0.036845 0.025952
95 0.728843 0.176990 0.046056 0.025952
88 0.068221 0.420069 0.030512 0.026298
64 0.848014 0.406920 0.036845 0.026298
77 0.517559 0.647751 0.051813 0.026298
98 0.845135 0.569896 0.056419 0.026298
499 0.733736 0.277855 0.063903 0.026298
117 0.776914 0.447924 0.014393 0.026644
74 0.284111 0.444118 0.028210 0.026644
135 0.504606 0.907439 0.033967 0.026644
91 0.400691 0.762803 0.047208 0.026644
118 0.512090 0.859862 0.017847 0.026990
135 0.402706 0.377855 0.027058 0.026990
72 0.400403 0.907612 0.047784 0.026990
193 0.620322 0.912111 0.051238 0.026990
1435 0.289004 0.882007 0.054116 0.026990
66 0.290731 0.572837 0.031088 0.027336
66 0.064191 0.492215 0.033967 0.027336
126 0.732297 0.205709 0.048359 0.027336
113 0.508636 0.170069 0.059298 0.027336
166 0.405872 0.554325 0.018423 0.027682
117 0.449338 0.262976 0.018998 0.027682
56 0.620322 0.333218 0.022453 0.027682
117 0.179908 0.506228 0.027058 0.027682
91 0.732297 0.680969 0.043754 0.027682
117 0.677317 0.848616 0.017847 0.028028
121 0.844847 0.170415 0.039724 0.028028
62 0.623777 0.281142 0.046632 0.028028
88 0.399827 0.844118 0.052389 0.028028
118 0.619171 0.581661 0.020150 0.028374
148 0.632988 0.828893 0.033967 0.028720
83 0.625504 0.797405 0.048935 0.028720
77 0.731721 0.709862 0.050662 0.028720
85 0.625216 0.664706 0.029937 0.029066
76 0.843984 0.237370 0.035694 0.029066
70 0.729131 0.620415 0.042026 0.029066
95 0.286701 0.414879 0.049511 0.029066
2134 0.847726 0.841176 0.052389 0.029066
95 0.292170 0.910381 0.059298 0.029066
77 0.622337 0.433391 0.047208 0.029412
166 0.852619 0.597924 0.024180 0.029758
85 0.175302 0.227682 0.031664 0.029758
60 0.509499 0.142215 0.043754 0.029758
111 0.402130 0.450000 0.031664 0.030104
51 0.737191 0.879066 0.044329 0.030104
53 0.561313 0.666090 0.016120 0.030450
49 0.847726 0.676125 0.018998 0.030450
60 0.842832 0.264706 0.025331 0.030450
85 0.511226 0.390311 0.028785 0.030450
85 0.848014 0.705882 0.032239 0.030450
66 0.402130 0.878201 0.033967 0.030450
91 0.848014 0.435294 0.040299 0.030450
87 0.066782 0.311765 0.041451 0.030450
126 0.737478 0.588581 0.048359 0.030450
126 0.402130 0.684775 0.053541 0.030450
120 0.177893 0.789100 0.027634 0.030796
92 0.849165 0.870069 0.029937 0.030796
76 0.510938 0.830277 0.033967 0.030796
70 0.067933 0.703287 0.034542 0.030796
91 0.622337 0.215052 0.047208 0.030796
1644 0.317789 0.169550 0.040299 0.031142
62 0.733161 0.405190 0.043178 0.031142
91 0.846287 0.353633 0.046056 0.031142
77 0.849165 0.507612 0.049511 0.031142
76 0.175590 0.260727 0.035694 0.031488
91 0.175878 0.864879 0.044329 0.031488
69 0.848590 0.141696 0.055268 0.031488
85 0.066782 0.278201 0.029937 0.031834
58 0.069085 0.186505 0.034542 0.031834
118 0.174727 0.755882 0.029361 0.032180
51 0.177029 0.143426 0.045481 0.032180
111 0.624640 0.721799 0.023028 0.032526
85 0.178756 0.665052 0.032815 0.032526
120 0.848877 0.322837 0.036269 0.032526
76 0.622337 0.545156 0.039148 0.032872
91 0.399252 0.521626 0.042026 0.032872
107 0.178181 0.570069 0.043178 0.032872
118 0.180196 0.408651 0.021877 0.033218
74 0.180484 0.835640 0.035118 0.033218
121 0.512666 0.334256 0.036269 0.033218
58 0.287565 0.649481 0.040875 0.033218
87 0.511226 0.579239 0.041451 0.033218
70 0.626655 0.611073 0.055843 0.033218
366 0.288428 0.354152 0.048359 0.033564
126 0.622625 0.508824 0.055843 0.033564
53 0.401554 0.240484 0.020150 0.033910
121 0.178756 0.292734 0.042026 0.033910
117 0.621186 0.402076 0.025331 0.034602
107 0.622913 0.144637 0.033391 0.034602
113 0.287277 0.623183 0.058722 0.034602
92 0.179332 0.541696 0.029361 0.034948
87 0.289580 0.685640 0.044905 0.034948
1282 0.289580 0.775606 0.054116 0.034948
366 0.733161 0.555882 0.056995 0.034948
4079 0.511226 0.278374 0.058722 0.035640
321 0.069660 0.243080 0.070236 0.035640
85 0.290443 0.535294 0.029361 0.035986
3665 0.295337 0.846021 0.063328 0.035986
316 0.288140 0.301730 0.069660 0.035986
122 0.620322 0.248270 0.043178 0.036332
2983 0.729131 0.241522 0.045481 0.036678
328 0.067070 0.384083 0.068509 0.036678
87 0.843408 0.299135 0.047208 0.037024
381 0.399252 0.724913 0.063903 0.037370
1039 0.067933 0.762976 0.069085 0.037370
4132 0.401842 0.417128 0.055268 0.037716
2748 0.178756 0.373529 0.059298 0.037716
118 0.284974 0.744983 0.028785 0.038062
81 0.845423 0.205017 0.051238 0.038408
3175 0.066782 0.859516 0.058722 0.038754
91 0.069372 0.903979 0.040875 0.039100
1999 0.849741 0.804325 0.063328 0.039100
127 0.186816 0.443426 0.068509 0.039100
119 0.063040 0.343945 0.030512 0.039446
119 0.065343 0.523529 0.030512 0.039446
1584 0.848302 0.903460 0.031664 0.039446
1637 0.730570 0.145329 0.070236 0.040138
81 0.622337 0.758997 0.054116 0.040484
4084 0.845711 0.472491 0.063328 0.040484
81 0.512090 0.525952 0.054692 0.040830
611 0.401842 0.596540 0.055268 0.041522
121 0.622337 0.470761 0.034542 0.041869
119 0.293898 0.809516 0.038572 0.041869
330 0.515256 0.800173 0.049511 0.041869
62 0.401267 0.191696 0.049511 0.042215
604 0.065343 0.664187 0.044329 0.042561
3145 0.181635 0.905017 0.052389 0.042561
107 0.064767 0.458824 0.028210 0.042907
3264 0.730570 0.333391 0.064479 0.043253
2191 0.509211 0.729412 0.045481 0.043599
3354 0.066782 0.618685 0.052965 0.043599
68 0.505469 0.208824 0.016120 0.043945
68 0.063328 0.150346 0.019574 0.043945
118 0.614853 0.367647 0.032239 0.043945
2599 0.401842 0.803287 0.047208 0.043945
3984 0.174727 0.199135 0.054692 0.043945
119 0.618020 0.180104 0.038572 0.044637
1949 0.847438 0.638235 0.056419 0.046021
127 0.514680 0.605709 0.041451 0.047405
1111 0.397524 0.645848 0.047784 0.047405
3340 0.070236 0.811938 0.049511 0.051557
3919 0.177605 0.712111 0.058146 0.053287
2191 0.510363 0.452941 0.046632 0.055363
68 0.066494 0.566436 0.009787 0.058131
47 0.179332 0.620761 0.033967 0.069896
47 0.293322 0.485294 0.031664 0.077163
