128 0.570606 0.844899 0.008106 0.008286
26 0.267491 0.248964 0.044369 0.013206
129 0.378413 0.636587 0.020478 0.013723
101 0.685367 0.328716 0.050768 0.015795
128 0.781357 0.647204 0.019198 0.017349
92 0.362841 0.561626 0.042235 0.017607
101 0.573592 0.762558 0.057594 0.017607
52 0.156357 0.745598 0.037116 0.018902
101 0.772824 0.809555 0.050768 0.018902
102 0.469710 0.635034 0.056314 0.018902
547 0.884172 0.827292 0.047355 0.019679
499 0.575725 0.454557 0.052474 0.020456
52 0.366041 0.590497 0.042662 0.021491
91 0.680461 0.269291 0.042662 0.021750
56 0.770265 0.788969 0.049915 0.021750
120 0.469070 0.614319 0.017491 0.022009
92 0.152517 0.597229 0.037969 0.022009
52 0.368387 0.509063 0.037969 0.022786
115 0.573592 0.742103 0.040529 0.022786
81 0.880333 0.767737 0.040529 0.022786
89 0.877560 0.886976 0.042662 0.023045
499 0.373933 0.267866 0.068686 0.023045
88 0.681527 0.356292 0.043089 0.023822
117 0.886305 0.398110 0.018345 0.024081
56 0.366468 0.616132 0.051195 0.024599
88 0.772824 0.754790 0.027730 0.024858
85 0.370947 0.372475 0.032850 0.025117
91 0.575725 0.483299 0.032850 0.025117
98 0.153370 0.768384 0.046502 0.025634
81 0.880759 0.493527 0.047355 0.025893
119 0.774104 0.832600 0.026024 0.026152
88 0.154224 0.569265 0.022611 0.026670
88 0.678968 0.609140 0.043942 0.027188
89 0.675128 0.920119 0.045648 0.027188
88 0.159770 0.313180 0.021758 0.027706
85 0.370520 0.475531 0.027730 0.027706
74 0.682167 0.301916 0.034130 0.027965
2479 0.161049 0.458441 0.037969 0.028224
72 0.568473 0.677499 0.042235 0.028224
88 0.879906 0.596712 0.047355 0.028224
316 0.681954 0.506603 0.061007 0.028224
111 0.575512 0.312662 0.027304 0.028742
88 0.881826 0.732781 0.042662 0.029001
686 0.680247 0.473848 0.045648 0.029001
111 0.152090 0.840627 0.028584 0.029259
74 0.779224 0.592051 0.036263 0.029259
91 0.882039 0.560461 0.037969 0.029259
98 0.364974 0.535344 0.043089 0.029259
68 0.880759 0.625971 0.008106 0.029777
83 0.780077 0.381538 0.037116 0.029777
85 0.157423 0.712843 0.027304 0.030036
83 0.877986 0.655101 0.035836 0.030036
83 0.571886 0.597229 0.038823 0.030295
60 0.881399 0.426075 0.025597 0.030813
2595 0.158490 0.495987 0.041382 0.030813
86 0.477176 0.471647 0.043089 0.030813
88 0.361988 0.742232 0.045648 0.030813
60 0.785623 0.308648 0.031143 0.031072
51 0.881186 0.464526 0.039676 0.031072
91 0.776237 0.622475 0.041382 0.031072
107 0.569326 0.824832 0.025171 0.031331
87 0.779437 0.521103 0.035836 0.031331
78 0.780077 0.674650 0.031143 0.031849
87 0.680247 0.544148 0.036263 0.031849
86 0.685367 0.576774 0.037116 0.031849
120 0.369027 0.709865 0.042662 0.031849
68 0.878200 0.858881 0.008959 0.032108
68 0.575725 0.707923 0.011519 0.032108
85 0.160410 0.349042 0.023891 0.032108
51 0.891852 0.313050 0.042235 0.032108
119 0.776024 0.553470 0.027304 0.032367
62 0.880973 0.795572 0.037543 0.032367
95 0.675128 0.872475 0.043942 0.032367
83 0.678114 0.436691 0.036263 0.032885
87 0.156570 0.878431 0.037543 0.032885
1296 0.878200 0.696919 0.052474 0.032885
2587 0.880119 0.919990 0.039249 0.033143
87 0.473123 0.586225 0.044369 0.033143
4132 0.771971 0.873770 0.046502 0.033402
92 0.371800 0.298162 0.032850 0.033920
98 0.158490 0.382444 0.039676 0.034179
53 0.468003 0.504531 0.027304 0.034438
657 0.158276 0.680088 0.032423 0.034438
111 0.881613 0.528094 0.025171 0.034956
98 0.676834 0.748317 0.040529 0.035215
3868 0.263225 0.386069 0.049488 0.035215
62 0.157637 0.912092 0.039676 0.035474
124 0.369027 0.336225 0.042662 0.035474
3999 0.779650 0.276152 0.057594 0.035474
88 0.571886 0.563827 0.020051 0.035992
505 0.569753 0.789876 0.047355 0.035992
107 0.676408 0.837390 0.022611 0.037286
58 0.157210 0.418436 0.031143 0.037286
78 0.471630 0.394226 0.035410 0.037545
750 0.775171 0.479803 0.054608 0.038322
68 0.782637 0.345028 0.013225 0.038581
68 0.677901 0.701062 0.010239 0.039099
98 0.366254 0.444977 0.052474 0.039099
120 0.677901 0.789746 0.052901 0.039358
53 0.367108 0.404972 0.026877 0.040394
98 0.471203 0.546867 0.055887 0.040394
2502 0.261305 0.335836 0.068686 0.040394
296 0.154224 0.802046 0.031143 0.041170
721 0.573592 0.277188 0.045648 0.041170
113 0.362415 0.780295 0.045648 0.041170
1587 0.881186 0.276929 0.052474 0.041170
4164 0.267278 0.285215 0.066126 0.042206
68 0.681527 0.398757 0.012372 0.042465
87 0.366041 0.672450 0.032423 0.042465
101 0.469710 0.434490 0.049488 0.042465
3298 0.159983 0.534438 0.056314 0.042465
4447 0.775384 0.913646 0.053328 0.042724
92 0.472483 0.352538 0.044795 0.043242
4447 0.574445 0.640989 0.059300 0.043242
4122 0.162543 0.274469 0.058020 0.044537
1823 0.152730 0.637623 0.042662 0.045313
3711 0.674701 0.653159 0.049915 0.045831
1129 0.777090 0.718928 0.043089 0.046349
3249 0.254906 0.435137 0.066126 0.046867
4119 0.577218 0.410539 0.058020 0.048421
653 0.577005 0.361600 0.037969 0.048938
69 0.892491 0.355515 0.023891 0.050751
101 0.573805 0.520067 0.039249 0.051010
3145 0.776237 0.428923 0.041382 0.053081
68 0.468217 0.678146 0.010666 0.068358
