246 0.503704 0.702787 0.057143 0.006885
191 0.493122 0.755574 0.041270 0.023934
247 0.505026 0.727541 0.043915 0.024262
642 0.505820 0.680984 0.038095 0.024918
720 0.184656 0.686721 0.045503 0.027213
720 0.828307 0.689344 0.040741 0.032459
720 0.665079 0.687049 0.043386 0.034426
720 0.336243 0.688525 0.048148 0.036721
204 0.498942 0.787541 0.040212 0.042623
135 0.823016 0.728525 0.043915 0.043279
2542 0.187566 0.429508 0.065079 0.043934
2677 0.672487 0.301148 0.050794 0.046885
135 0.183069 0.727705 0.035979 0.048197
4573 0.346825 0.384590 0.086243 0.049180
1083 0.180159 0.488852 0.051323 0.049836
2222 0.509259 0.306230 0.082011 0.053770
4072 0.182275 0.372131 0.084127 0.054426
3003 0.178836 0.311639 0.081481 0.054754
757 0.666138 0.375902 0.082540 0.054754
3868 0.822222 0.384098 0.052910 0.056066
1609 0.505556 0.379836 0.092593 0.056066
3101 0.343122 0.312131 0.077778 0.060984
4727 0.824074 0.310164 0.070370 0.062951
2197 0.820899 0.455246 0.061905 0.064590
