246 0.640256 0.282361 0.029231 0.004024
128 0.642308 0.359323 0.012821 0.013078
642 0.639487 0.273810 0.028718 0.013749
501 0.643846 0.259725 0.037436 0.017773
101 0.427692 0.235580 0.067692 0.018444
418 0.540000 0.836351 0.038974 0.018779
64 0.216923 0.323608 0.032821 0.020121
52 0.540000 0.472334 0.055385 0.020456
64 0.650256 0.523642 0.032821 0.021127
64 0.870513 0.858317 0.037436 0.021797
418 0.764359 0.604460 0.040513 0.023139
1173 0.439487 0.884641 0.055385 0.024145
418 0.432821 0.373072 0.043077 0.024480
418 0.230000 0.544769 0.045641 0.025151
98 0.330513 0.505701 0.049744 0.025486
52 0.759744 0.273977 0.051795 0.025486
101 0.436923 0.743125 0.063590 0.025486
64 0.537692 0.356975 0.029231 0.025822
66 0.538718 0.495808 0.033333 0.025822
495 0.872308 0.724849 0.069744 0.025822
1834 0.543077 0.862005 0.057436 0.026492
120 0.435128 0.585848 0.021026 0.026828
252 0.542308 0.886150 0.031282 0.027163
56 0.337179 0.633300 0.022051 0.028504
66 0.760000 0.303152 0.030769 0.029510
495 0.539744 0.718478 0.071282 0.029846
126 0.435641 0.447183 0.054872 0.031187
104 0.651282 0.685949 0.057436 0.031187
271 0.540769 0.557176 0.069231 0.031187
495 0.226410 0.403253 0.074359 0.031858
110 0.759487 0.456740 0.043077 0.032193
90 0.868974 0.881623 0.045641 0.032193
91 0.428462 0.666499 0.063077 0.032529
88 0.541795 0.291583 0.046667 0.033199
60 0.538205 0.524480 0.023077 0.033535
76 0.434615 0.519115 0.041538 0.033535
91 0.336667 0.880952 0.060000 0.033535
91 0.655128 0.845070 0.063077 0.033535
120 0.873077 0.415996 0.042564 0.033870
89 0.432051 0.553152 0.051795 0.033870
83 0.873846 0.839537 0.059487 0.033870
88 0.872051 0.803991 0.040513 0.035211
88 0.539744 0.679913 0.029231 0.035882
83 0.337179 0.796948 0.046667 0.035882
547 0.229231 0.430751 0.055385 0.035882
126 0.328974 0.292757 0.056923 0.036217
107 0.435128 0.483400 0.025128 0.036553
62 0.332308 0.657445 0.043077 0.036553
83 0.540769 0.326794 0.048718 0.036553
109 0.765385 0.484742 0.058974 0.036553
2598 0.428974 0.345238 0.033333 0.037223
2987 0.658205 0.878773 0.069231 0.037223
127 0.654615 0.491784 0.071282 0.037223
88 0.335641 0.730382 0.037436 0.037559
126 0.225897 0.360161 0.056923 0.037559
53 0.432308 0.769450 0.020513 0.037894
268 0.433077 0.708417 0.043590 0.038565
60 0.758974 0.337022 0.020513 0.038900
68 0.348974 0.754695 0.009744 0.039235
78 0.759744 0.240946 0.034359 0.039235
53 0.645128 0.649732 0.018462 0.039906
68 0.874615 0.454393 0.012821 0.040241
2598 0.538974 0.803991 0.024615 0.040577
81 0.436410 0.804326 0.053333 0.040577
3231 0.332308 0.602113 0.059487 0.040577
127 0.221282 0.294601 0.064103 0.040577
53 0.424103 0.266097 0.024615 0.041247
2598 0.225897 0.517773 0.032308 0.041583
1831 0.438974 0.410463 0.049231 0.041583
91 0.869487 0.548625 0.051795 0.041583
710 0.336667 0.838364 0.051795 0.041583
110 0.541026 0.593394 0.045128 0.042589
4458 0.650000 0.767103 0.066154 0.042589
119 0.332308 0.429913 0.032821 0.042924
2598 0.762051 0.576459 0.032821 0.042924
2983 0.653846 0.813548 0.045128 0.042924
2320 0.541795 0.640510 0.058974 0.042924
122 0.758205 0.425050 0.053846 0.043930
78 0.534103 0.439973 0.042564 0.044266
70 0.331282 0.385480 0.032821 0.044601
68 0.228718 0.468981 0.010256 0.045942
81 0.330000 0.471663 0.053846 0.045942
2320 0.874872 0.762072 0.057436 0.045942
119 0.641026 0.393528 0.045128 0.046613
958 0.872564 0.639001 0.048718 0.046613
2983 0.873846 0.502180 0.051282 0.046613
127 0.337949 0.696009 0.057436 0.046613
3868 0.327179 0.248826 0.049231 0.046948
88 0.869487 0.341046 0.054872 0.046948
58 0.430769 0.307847 0.055385 0.046948
2320 0.435897 0.623072 0.057436 0.046948
2438 0.328718 0.337357 0.063590 0.046948
958 0.866923 0.245641 0.037436 0.047954
70 0.645385 0.319920 0.035385 0.048290
107 0.763333 0.375252 0.037436 0.048290
646 0.872821 0.687458 0.045128 0.048290
76 0.216410 0.249329 0.043077 0.048625
2987 0.874615 0.589034 0.065128 0.048625
68 0.439231 0.839202 0.010769 0.049296
53 0.870769 0.376761 0.028718 0.049296
68 0.763590 0.527331 0.010256 0.049966
76 0.646923 0.603622 0.042564 0.050973
2320 0.542051 0.245808 0.059487 0.050973
2438 0.537179 0.751174 0.065128 0.050973
76 0.646154 0.446848 0.034872 0.051979
90 0.537692 0.396546 0.057949 0.052649
68 0.654872 0.717136 0.010256 0.053991
646 0.868462 0.303488 0.045641 0.054997
68 0.333333 0.551140 0.012308 0.062039
