92 0.583781 0.653405 0.047261 0.011460
92 0.773899 0.902259 0.040816 0.012115
92 0.688238 0.345776 0.041353 0.013098
128 0.680183 0.903242 0.016649 0.014080
128 0.211332 0.326130 0.008056 0.014407
128 0.495166 0.252128 0.011815 0.014407
64 0.589151 0.726752 0.021482 0.014735
101 0.871375 0.546496 0.042427 0.017027
56 0.583512 0.803373 0.019871 0.018009
113 0.784372 0.264735 0.061762 0.020629
64 0.589957 0.900786 0.024168 0.022921
88 0.872986 0.333497 0.053169 0.023248
115 0.480934 0.505894 0.056391 0.023576
76 0.781955 0.330059 0.026853 0.024231
110 0.494629 0.272430 0.044039 0.024231
547 0.691192 0.238376 0.049409 0.024231
76 0.687164 0.590210 0.028464 0.024558
88 0.486574 0.430092 0.049409 0.025213
101 0.110634 0.430747 0.065521 0.025213
81 0.193878 0.851997 0.050483 0.025540
88 0.859023 0.781762 0.019871 0.025868
70 0.591837 0.505075 0.024705 0.025868
64 0.586735 0.626064 0.028464 0.026195
57 0.221267 0.353962 0.044039 0.026195
66 0.200859 0.810413 0.029001 0.026850
117 0.688238 0.492141 0.018797 0.028160
76 0.785177 0.468730 0.029001 0.028487
91 0.787057 0.235265 0.043502 0.028487
553 0.782492 0.443353 0.067669 0.028815
495 0.583781 0.357236 0.075188 0.028815
53 0.868690 0.362803 0.017723 0.029470
87 0.584318 0.778978 0.041890 0.029470
83 0.857143 0.897839 0.041890 0.029470
495 0.775510 0.633104 0.078410 0.029797
60 0.861171 0.430910 0.019871 0.030124
51 0.504296 0.191225 0.046187 0.030124
91 0.682868 0.825475 0.045650 0.030779
495 0.857680 0.665029 0.059076 0.030779
553 0.867078 0.462999 0.064984 0.030779
66 0.211063 0.302390 0.026853 0.031107
83 0.772825 0.811886 0.039742 0.031107
51 0.117615 0.389489 0.046187 0.031107
547 0.690118 0.560576 0.054780 0.031434
120 0.779270 0.502292 0.032223 0.032089
598 0.588077 0.436477 0.055854 0.032089
61 0.491676 0.400295 0.040279 0.032417
120 0.687970 0.415521 0.025779 0.032744
85 0.587003 0.750982 0.019334 0.033071
104 0.687433 0.707433 0.054780 0.033071
121 0.585124 0.831860 0.072503 0.033071
120 0.782223 0.362148 0.026316 0.033399
76 0.500806 0.224951 0.029538 0.033399
120 0.689850 0.266863 0.029538 0.033399
126 0.685285 0.743779 0.056928 0.033726
70 0.866273 0.397839 0.042965 0.034054
83 0.195220 0.889817 0.039205 0.034381
1834 0.782760 0.406025 0.058539 0.034709
107 0.679377 0.862312 0.025779 0.035036
126 0.590494 0.323674 0.056391 0.035036
119 0.689044 0.524067 0.027927 0.035691
252 0.690387 0.379502 0.039205 0.036018
126 0.776316 0.732809 0.043502 0.036018
95 0.592374 0.239031 0.051557 0.036018
120 0.686090 0.622135 0.028464 0.036673
74 0.683405 0.784545 0.030612 0.036673
126 0.201128 0.775049 0.053169 0.036673
87 0.882385 0.241487 0.044039 0.037001
1214 0.122449 0.189751 0.055854 0.037001
83 0.584855 0.399476 0.026853 0.037328
76 0.587540 0.868042 0.056928 0.037983
111 0.860634 0.626555 0.020945 0.038310
120 0.585929 0.542240 0.029001 0.039293
108 0.117615 0.299280 0.048335 0.039293
68 0.775242 0.770629 0.014501 0.040275
70 0.493018 0.364604 0.032223 0.040275
58 0.861708 0.848559 0.039205 0.040275
126 0.780612 0.593157 0.043502 0.040275
2593 0.592911 0.195154 0.041890 0.040602
76 0.858485 0.819417 0.053169 0.040930
68 0.686627 0.663392 0.052095 0.041257
932 0.689044 0.196136 0.064447 0.041257
76 0.588883 0.590210 0.058539 0.041585
74 0.118690 0.347577 0.035446 0.042240
62 0.787863 0.300426 0.053706 0.042895
2302 0.594253 0.472331 0.075725 0.042895
121 0.856606 0.701375 0.037594 0.043877
4214 0.786251 0.199411 0.068743 0.044532
81 0.877551 0.201539 0.054780 0.044859
2593 0.486574 0.471022 0.041890 0.045514
3589 0.778733 0.546169 0.066595 0.045842
3589 0.683673 0.309921 0.066595 0.046169
83 0.196563 0.607728 0.024705 0.046496
58 0.207035 0.389980 0.027390 0.046496
3589 0.685285 0.456123 0.065521 0.046496
2320 0.210258 0.440242 0.062836 0.048134
71 0.861708 0.747053 0.062836 0.048134
2191 0.203008 0.730354 0.046187 0.048788
68 0.208110 0.552063 0.012352 0.049771
2193 0.592642 0.281925 0.044576 0.050426
757 0.354726 0.440733 0.082170 0.050426
4214 0.866004 0.509332 0.075725 0.050753
59 0.882116 0.291421 0.046724 0.051735
366 0.860634 0.583170 0.071429 0.051735
83 0.489796 0.318435 0.026853 0.052063
401 0.357948 0.302718 0.083244 0.053373
2484 0.219388 0.200393 0.053169 0.053700
2438 0.772556 0.854781 0.049946 0.054028
1578 0.211869 0.257204 0.056391 0.055337
2038 0.119495 0.245580 0.056391 0.058284
2193 0.201665 0.665193 0.052095 0.059267
3464 0.776584 0.680419 0.052632 0.059594
2438 0.584855 0.690079 0.063373 0.059921
2438 0.206498 0.497872 0.057465 0.060576
2061 0.352041 0.373445 0.081096 0.067780
