56 0.381892 0.712672 0.021081 0.021284
101 0.388649 0.436313 0.056216 0.021938
53 0.390270 0.350851 0.020541 0.023903
55 0.863243 0.448101 0.059459 0.024558
56 0.386757 0.231991 0.020000 0.025213
56 0.284054 0.290930 0.015676 0.025868
98 0.858919 0.741650 0.047568 0.026850
118 0.389459 0.376228 0.013514 0.027505
53 0.773243 0.381958 0.021081 0.027832
129 0.870270 0.234938 0.027027 0.027832
57 0.392973 0.403569 0.073514 0.027832
62 0.291622 0.327603 0.052432 0.028487
88 0.861351 0.416667 0.054595 0.028487
88 0.859730 0.625246 0.054595 0.028487
2689 0.386216 0.784709 0.064324 0.029142
88 0.851081 0.851015 0.023243 0.029470
120 0.285135 0.356254 0.030811 0.030779
91 0.777027 0.785363 0.052432 0.031107
83 0.767838 0.258841 0.045946 0.033726
93 0.388919 0.680092 0.039459 0.034054
122 0.862432 0.485265 0.048108 0.034054
86 0.784054 0.889653 0.039459 0.034709
501 0.381081 0.647348 0.083243 0.035363
302 0.387568 0.607236 0.067027 0.035691
2752 0.292973 0.202194 0.075676 0.035691
126 0.861622 0.706942 0.052973 0.036018
104 0.774595 0.861821 0.052973 0.036018
88 0.385405 0.825311 0.042162 0.036346
642 0.382432 0.566634 0.044865 0.036346
70 0.867027 0.203340 0.030270 0.036673
88 0.682432 0.199574 0.037297 0.037001
330 0.775135 0.821709 0.045405 0.037001
4132 0.861622 0.821382 0.061622 0.037001
108 0.388108 0.201703 0.024865 0.037328
119 0.864324 0.778324 0.025946 0.037328
60 0.767568 0.461362 0.029189 0.037328
83 0.769459 0.546824 0.043784 0.037328
127 0.392432 0.260314 0.073514 0.037983
70 0.772162 0.421578 0.034054 0.038965
119 0.380000 0.748363 0.038919 0.039620
126 0.775676 0.633759 0.045405 0.040275
2222 0.775676 0.348559 0.063784 0.040930
4132 0.681892 0.497053 0.067568 0.041257
90 0.675405 0.409463 0.063243 0.041585
251 0.861351 0.333006 0.042703 0.041912
68 0.771892 0.501473 0.017297 0.042895
119 0.678108 0.453340 0.032973 0.043549
932 0.855676 0.663556 0.067027 0.043549
68 0.391622 0.463982 0.012432 0.047806
83 0.381081 0.519974 0.020541 0.047806
4132 0.776216 0.588736 0.063784 0.048461
2426 0.674324 0.303209 0.070811 0.048461
1948 0.533243 0.393746 0.096757 0.048788
1933 0.862162 0.381139 0.072432 0.049116
4147 0.775676 0.304519 0.061622 0.049771
3009 0.286486 0.251801 0.070270 0.050426
58 0.857297 0.282089 0.028108 0.052718
3136 0.774865 0.209725 0.045946 0.052718
2354 0.862703 0.887525 0.059459 0.052718
3322 0.774054 0.739031 0.040000 0.054355
68 0.858919 0.528160 0.017297 0.055665
717 0.781892 0.681729 0.071892 0.055665
1679 0.678378 0.251965 0.078919 0.055992
3684 0.389730 0.310085 0.070270 0.056320
3984 0.854324 0.582515 0.047027 0.056974
2698 0.386216 0.881631 0.058919 0.058612
3268 0.534865 0.459561 0.094595 0.058612
1778 0.682162 0.360020 0.067027 0.059921
504 0.146486 0.307302 0.070270 0.061231
2438 0.146757 0.475606 0.075135 0.075639
3604 0.533784 0.318271 0.090270 0.076621
1318 0.147297 0.388507 0.078378 0.080223
