246 0.130370 0.285618 0.029970 0.004051
52 0.759491 0.851958 0.048452 0.017893
297 0.559191 0.434673 0.040460 0.018569
85 0.350400 0.355165 0.026474 0.018906
418 0.662088 0.892134 0.039461 0.019244
2678 0.129371 0.270594 0.027972 0.019919
110 0.764236 0.575287 0.035964 0.021607
499 0.764985 0.722654 0.055445 0.021945
251 0.659590 0.579338 0.038462 0.022957
418 0.241758 0.543383 0.039960 0.023295
495 0.661089 0.856685 0.081419 0.023970
56 0.238511 0.236664 0.050450 0.024308
64 0.562687 0.836428 0.019481 0.024646
56 0.453796 0.813808 0.028472 0.025321
72 0.759990 0.324274 0.049451 0.025321
76 0.654595 0.282242 0.030470 0.025658
251 0.559690 0.532411 0.050450 0.025658
302 0.661588 0.642302 0.048452 0.025996
117 0.662837 0.704591 0.019980 0.027009
72 0.653097 0.383693 0.051449 0.027346
81 0.454296 0.507596 0.051449 0.027346
113 0.351898 0.624072 0.057443 0.027346
66 0.452048 0.237846 0.029970 0.028022
101 0.563936 0.747974 0.061938 0.028022
123 0.657093 0.351958 0.019481 0.028697
91 0.355894 0.423194 0.069431 0.029372
110 0.759491 0.785280 0.045455 0.029710
81 0.347902 0.852802 0.053447 0.029710
88 0.762987 0.687542 0.024476 0.030047
88 0.457293 0.889770 0.023477 0.030722
85 0.345654 0.240885 0.033966 0.030722
330 0.566683 0.886732 0.043457 0.030722
107 0.240509 0.304524 0.054446 0.031060
553 0.238012 0.476705 0.057443 0.031060
101 0.351898 0.567184 0.064436 0.031060
120 0.237263 0.415091 0.023976 0.031398
113 0.453796 0.306043 0.057443 0.031398
74 0.562188 0.802667 0.025475 0.032073
1834 0.240509 0.445476 0.058442 0.032073
113 0.131618 0.611749 0.058442 0.032411
118 0.455794 0.619007 0.013487 0.033423
68 0.761239 0.423869 0.045954 0.033423
88 0.131618 0.791526 0.050450 0.033423
2598 0.659590 0.874072 0.021479 0.033761
552 0.765485 0.748143 0.038462 0.033761
51 0.657093 0.319379 0.044456 0.033761
68 0.349401 0.593180 0.047453 0.033761
88 0.566184 0.864787 0.062438 0.034099
126 0.133616 0.543383 0.056444 0.034774
316 0.556444 0.564315 0.071928 0.034774
76 0.241259 0.381499 0.019980 0.035111
60 0.349650 0.654963 0.023976 0.035111
83 0.133367 0.823093 0.049950 0.035111
717 0.567183 0.670662 0.069431 0.035449
127 0.467532 0.870864 0.073926 0.035449
53 0.343906 0.823599 0.020480 0.036124
119 0.659590 0.823937 0.026474 0.036124
91 0.563437 0.770932 0.065934 0.036124
717 0.663087 0.609217 0.071429 0.036124
85 0.458292 0.698852 0.019481 0.036462
111 0.132368 0.578157 0.021978 0.036799
120 0.453796 0.270594 0.026474 0.036799
76 0.239011 0.268231 0.029471 0.036799
111 0.560190 0.495105 0.029471 0.036799
83 0.559441 0.405976 0.039960 0.036799
91 0.347153 0.499831 0.059940 0.036799
123 0.764735 0.286124 0.019980 0.037475
119 0.455544 0.475186 0.025974 0.037475
624 0.655594 0.675726 0.041459 0.037475
118 0.562188 0.332883 0.015485 0.037812
88 0.560689 0.369345 0.042458 0.037812
978 0.130370 0.465564 0.053946 0.037812
81 0.131618 0.857191 0.054446 0.037812
710 0.559441 0.242910 0.045954 0.038150
88 0.353646 0.745611 0.053946 0.038150
111 0.562188 0.587947 0.026474 0.038825
51 0.135365 0.325625 0.047952 0.038825
127 0.764985 0.356685 0.061439 0.038825
252 0.346903 0.531060 0.034466 0.039163
83 0.129121 0.679777 0.042458 0.039500
88 0.454545 0.385381 0.027972 0.040176
117 0.453796 0.740041 0.021479 0.040513
62 0.459790 0.833558 0.044456 0.040513
51 0.766484 0.246793 0.054446 0.040513
2836 0.759241 0.820729 0.061938 0.040513
4458 0.656344 0.494429 0.071928 0.040851
127 0.655594 0.417286 0.061439 0.041864
53 0.451049 0.343518 0.015984 0.042201
60 0.659590 0.739534 0.022478 0.042201
110 0.766234 0.543720 0.043956 0.042201
316 0.558691 0.469109 0.060440 0.042201
2033 0.761489 0.653781 0.066434 0.042201
119 0.240509 0.344193 0.033467 0.042876
76 0.454795 0.586935 0.050450 0.042876
70 0.131119 0.752870 0.031469 0.043214
87 0.561938 0.711681 0.033966 0.043214
127 0.354645 0.385719 0.055944 0.043552
2598 0.241259 0.512323 0.023976 0.044227
51 0.768482 0.500169 0.044456 0.044227
1132 0.564436 0.630486 0.049950 0.044227
53 0.126124 0.714382 0.020480 0.044564
83 0.348152 0.786968 0.025974 0.044564
121 0.762987 0.877785 0.036464 0.044564
110 0.133117 0.367657 0.043457 0.044564
2987 0.354645 0.456617 0.065934 0.044902
68 0.132617 0.637914 0.009491 0.045577
110 0.455794 0.547434 0.050450 0.045577
70 0.660589 0.784943 0.030470 0.045915
68 0.763487 0.381668 0.009491 0.046253
4712 0.130120 0.504895 0.041459 0.046253
101 0.559690 0.288488 0.052448 0.046253
120 0.763487 0.464045 0.064436 0.046253
58 0.455544 0.784943 0.049950 0.047265
68 0.353147 0.880655 0.007992 0.047603
68 0.772977 0.609554 0.016484 0.047603
107 0.660340 0.244598 0.031968 0.048278
2983 0.659840 0.539838 0.045954 0.048616
90 0.456543 0.430452 0.065934 0.048616
58 0.349401 0.284099 0.049451 0.049629
53 0.347652 0.324105 0.017982 0.049966
47 0.461039 0.652093 0.035964 0.052330
58 0.135614 0.884875 0.040460 0.052667
68 0.350899 0.698346 0.011489 0.054355
68 0.654595 0.445814 0.010490 0.061107
