246 0.713682 0.126967 0.036318 0.005349
52 0.299254 0.834644 0.042289 0.014160
92 0.464677 0.407804 0.035821 0.015104
52 0.712438 0.230176 0.039801 0.015419
52 0.380100 0.445721 0.035821 0.016677
92 0.383085 0.820485 0.031841 0.018565
56 0.543284 0.509283 0.015920 0.019824
56 0.297264 0.424009 0.017413 0.019824
56 0.543284 0.825205 0.019900 0.019824
93 0.472886 0.598804 0.042289 0.020138
91 0.631592 0.873663 0.030348 0.021082
102 0.550995 0.751259 0.052239 0.021082
91 0.300249 0.616111 0.035323 0.021397
52 0.632338 0.735053 0.035821 0.021397
56 0.382836 0.200598 0.017413 0.021712
91 0.301741 0.200598 0.039303 0.021712
91 0.295771 0.403241 0.040299 0.021712
88 0.466169 0.475614 0.033831 0.022341
1173 0.382836 0.840151 0.047264 0.022656
83 0.545522 0.353524 0.025373 0.022970
91 0.379851 0.348175 0.032338 0.022970
85 0.712438 0.372404 0.021891 0.023600
88 0.630846 0.472152 0.029851 0.023600
88 0.630846 0.295154 0.025871 0.023914
76 0.630846 0.758181 0.025871 0.024229
86 0.394279 0.755349 0.029353 0.024229
91 0.216667 0.246539 0.035323 0.024229
88 0.878607 0.361391 0.039801 0.024229
56 0.212935 0.409534 0.023881 0.024858
88 0.711443 0.495437 0.025871 0.024858
91 0.710697 0.730648 0.033333 0.025173
52 0.546269 0.291693 0.035821 0.025173
1173 0.710697 0.653241 0.052239 0.025173
88 0.299005 0.507080 0.045771 0.025488
495 0.628109 0.320485 0.048259 0.025488
111 0.549502 0.801290 0.026368 0.026117
126 0.545771 0.482222 0.037811 0.026117
127 0.297761 0.375236 0.046269 0.026117
120 0.549005 0.565450 0.021393 0.026432
120 0.547512 0.875708 0.022388 0.026432
83 0.296517 0.876337 0.037811 0.026432
126 0.709950 0.433291 0.039801 0.026432
66 0.299751 0.482222 0.022388 0.026746
126 0.707960 0.804437 0.039801 0.026746
127 0.708706 0.576621 0.042289 0.026746
115 0.632836 0.611233 0.043781 0.026746
56 0.630348 0.201227 0.047761 0.026746
120 0.380348 0.582599 0.018408 0.027376
120 0.632090 0.637980 0.018408 0.027376
119 0.296269 0.855412 0.029353 0.027376
67 0.717164 0.347231 0.039303 0.027376
83 0.295771 0.686910 0.030348 0.027690
104 0.467662 0.204846 0.043781 0.027690
120 0.219900 0.473096 0.017910 0.028005
111 0.546020 0.450441 0.031343 0.028634
85 0.464677 0.659849 0.017910 0.028949
76 0.297264 0.448710 0.023383 0.028949
126 0.297512 0.280994 0.033831 0.028949
66 0.464179 0.630113 0.025871 0.029893
126 0.714428 0.202171 0.029851 0.029893
83 0.629602 0.499213 0.030348 0.029893
683 0.385323 0.695563 0.044279 0.029893
121 0.464179 0.573474 0.049751 0.029893
64 0.215672 0.276904 0.036318 0.030208
62 0.549502 0.847388 0.038308 0.030208
126 0.211692 0.377281 0.045274 0.030208
2193 0.712687 0.466960 0.049254 0.030208
2752 0.799254 0.322373 0.056219 0.030522
64 0.541791 0.384361 0.029851 0.031152
83 0.710199 0.280837 0.033333 0.031152
63 0.638060 0.230806 0.044279 0.031152
53 0.298259 0.310887 0.016418 0.031466
126 0.547015 0.253933 0.031343 0.031466
83 0.380100 0.506293 0.031841 0.031466
119 0.298010 0.755507 0.035821 0.031466
111 0.215174 0.348804 0.033333 0.031781
117 0.712687 0.836218 0.024378 0.032410
117 0.461940 0.279893 0.025373 0.032410
108 0.386816 0.728288 0.046269 0.032410
127 0.552239 0.778320 0.055721 0.032410
107 0.877861 0.288861 0.027363 0.032725
1174 0.308209 0.791064 0.043284 0.032725
2194 0.711194 0.315450 0.046269 0.033040
85 0.632090 0.705003 0.016418 0.033669
83 0.466418 0.504563 0.029353 0.033669
126 0.631592 0.575677 0.035323 0.033669
121 0.545025 0.322058 0.047264 0.033669
119 0.707960 0.256136 0.027861 0.033984
64 0.298259 0.544368 0.035323 0.033984
62 0.549005 0.534928 0.040299 0.033984
115 0.878856 0.440529 0.044279 0.033984
58 0.715423 0.869729 0.045771 0.033984
113 0.378856 0.230019 0.054229 0.033984
127 0.626617 0.264789 0.047264 0.034298
60 0.376866 0.413940 0.017413 0.034928
70 0.467164 0.540749 0.023881 0.034928
87 0.213184 0.515261 0.033333 0.034928
111 0.379104 0.265261 0.029851 0.035242
122 0.543532 0.418502 0.030348 0.035242
86 0.307463 0.344242 0.035821 0.035242
28 0.137811 0.279421 0.057711 0.035242
53 0.704478 0.402297 0.023881 0.035557
366 0.548259 0.723568 0.045771 0.035557
2068 0.465423 0.440686 0.052239 0.035557
4214 0.633582 0.441001 0.046269 0.036186
121 0.629602 0.351636 0.030348 0.036816
4712 0.383831 0.872719 0.031343 0.036816
62 0.217910 0.440057 0.037811 0.036816
1639 0.878109 0.399150 0.055721 0.036816
710 0.627114 0.844084 0.045274 0.037445
102 0.885075 0.476558 0.047761 0.037445
28 0.795522 0.280208 0.061692 0.037445
1180 0.468657 0.868156 0.043781 0.037760
1180 0.549005 0.679358 0.045274 0.037760
3868 0.799502 0.440214 0.055721 0.037760
53 0.463930 0.696822 0.016418 0.038074
119 0.548010 0.640497 0.019403 0.038074
2395 0.629353 0.538232 0.033831 0.038074
87 0.544279 0.601479 0.035821 0.038074
119 0.382836 0.789333 0.039303 0.038704
90 0.300746 0.581655 0.045274 0.038704
119 0.464179 0.820327 0.021891 0.039018
87 0.381343 0.621145 0.032338 0.039018
122 0.216418 0.312146 0.033831 0.039018
119 0.382836 0.661265 0.022388 0.039962
86 0.473383 0.240560 0.031343 0.039962
104 0.129851 0.326463 0.041791 0.039962
3009 0.794776 0.389711 0.050249 0.039962
119 0.214677 0.553178 0.019403 0.040277
1831 0.464677 0.375079 0.031841 0.040277
1375 0.874876 0.329138 0.049254 0.040277
119 0.379353 0.474670 0.022388 0.040592
4191 0.627612 0.396633 0.046269 0.041221
53 0.129353 0.386721 0.019900 0.041536
70 0.881592 0.209880 0.025871 0.041536
2593 0.378358 0.546885 0.030348 0.041536
68 0.299254 0.648364 0.011443 0.041850
87 0.465423 0.778949 0.032338 0.041850
3868 0.713682 0.165670 0.034328 0.042480
710 0.215174 0.210195 0.044279 0.042794
2987 0.712189 0.764632 0.052239 0.042794
51 0.879353 0.253461 0.042289 0.044368
68 0.631841 0.798458 0.007960 0.045626
553 0.302736 0.723254 0.042289 0.045626
3868 0.548507 0.213184 0.039303 0.046256
2068 0.466915 0.734267 0.055224 0.046256
4712 0.714677 0.694777 0.032338 0.046570
68 0.296020 0.795941 0.035821 0.046885
69 0.719900 0.613751 0.027861 0.047514
2987 0.301741 0.235211 0.050249 0.047514
120 0.131095 0.448710 0.046269 0.047829
47 0.636318 0.665828 0.027861 0.049087
2429 0.712438 0.537288 0.033831 0.050661
3868 0.382338 0.312461 0.033333 0.051605
68 0.464925 0.323631 0.016418 0.058842
68 0.877363 0.533826 0.013433 0.076463
