56 0.400393 0.888927 0.028620 0.012418
246 0.757015 0.469817 0.051627 0.012418
56 0.762346 0.814591 0.024130 0.014833
91 0.152357 0.803898 0.031987 0.015523
113 0.227553 0.639013 0.049944 0.015523
56 0.670034 0.782339 0.026936 0.016557
91 0.841751 0.517420 0.029181 0.016557
91 0.843154 0.286478 0.030864 0.017592
92 0.501403 0.380304 0.033109 0.017592
92 0.140572 0.440669 0.043210 0.017592
56 0.843715 0.634012 0.024130 0.017937
101 0.143098 0.888582 0.040404 0.017937
128 0.416105 0.277165 0.021886 0.018972
129 0.501403 0.399966 0.033109 0.018972
56 0.406566 0.590031 0.025253 0.019662
88 0.489618 0.862194 0.040965 0.019662
65 0.507295 0.653501 0.047138 0.019662
76 0.670875 0.802173 0.033109 0.020352
91 0.584456 0.445843 0.039843 0.020352
88 0.756453 0.738013 0.044893 0.020352
113 0.410774 0.343049 0.051627 0.020352
117 0.675365 0.278199 0.028620 0.021042
60 0.844276 0.729044 0.016274 0.021732
95 0.677609 0.502415 0.033109 0.021732
88 0.670314 0.694550 0.036476 0.021732
60 0.148148 0.617799 0.026936 0.022077
83 0.669753 0.720248 0.030864 0.022077
120 0.584456 0.558123 0.033109 0.022077
83 0.757576 0.294412 0.026936 0.022422
110 0.320707 0.605554 0.028620 0.022422
51 0.764590 0.570024 0.031987 0.023111
88 0.673401 0.396516 0.038159 0.023111
95 0.758698 0.615212 0.038159 0.023111
91 0.499719 0.634529 0.043210 0.023111
60 0.140572 0.569162 0.043210 0.023456
252 0.315095 0.744050 0.046577 0.023456
118 0.324074 0.825974 0.025253 0.024491
51 0.844276 0.678682 0.029742 0.024491
107 0.146184 0.864781 0.017396 0.024836
68 0.851010 0.702139 0.011785 0.025181
118 0.759540 0.240600 0.012907 0.025181
56 0.147306 0.672128 0.025253 0.025181
1810 0.499158 0.466540 0.028620 0.025181
120 0.237093 0.614177 0.028620 0.025181
119 0.673962 0.304760 0.029181 0.025181
95 0.497475 0.763194 0.040965 0.025181
115 0.324074 0.204036 0.046577 0.025181
1821 0.145623 0.245774 0.047699 0.025181
127 0.764590 0.524146 0.049944 0.025181
118 0.760382 0.595033 0.017957 0.026216
68 0.229517 0.707140 0.017957 0.026216
85 0.499719 0.671266 0.025253 0.026216
76 0.842031 0.650224 0.028620 0.026216
66 0.148429 0.596413 0.030864 0.026216
83 0.758418 0.763022 0.033109 0.026216
83 0.231762 0.733011 0.038159 0.026216
88 0.839226 0.842014 0.043210 0.026216
88 0.756453 0.417040 0.044893 0.026216
88 0.405724 0.537082 0.044893 0.026216
495 0.496072 0.883408 0.053872 0.026216
53 0.228114 0.660055 0.021886 0.026561
111 0.757015 0.315109 0.024691 0.026561
252 0.760662 0.543808 0.044332 0.026561
598 0.407688 0.474129 0.056678 0.026561
68 0.677609 0.525181 0.009540 0.027251
111 0.844276 0.574681 0.025253 0.027596
120 0.140572 0.379096 0.028620 0.027596
88 0.234007 0.684374 0.044893 0.027596
55 0.407127 0.649879 0.055556 0.027596
1821 0.232043 0.561573 0.058923 0.027596
120 0.318182 0.233701 0.026936 0.028631
83 0.757576 0.443429 0.029181 0.028631
76 0.143378 0.351328 0.030864 0.028631
95 0.759820 0.265436 0.035915 0.028631
76 0.845960 0.547948 0.046577 0.028631
683 0.594557 0.376164 0.057800 0.028631
60 0.497194 0.695757 0.020202 0.028976
60 0.315657 0.350811 0.025253 0.028976
83 0.147306 0.276302 0.030864 0.028976
83 0.498036 0.789928 0.031987 0.028976
126 0.237654 0.530183 0.040965 0.028976
1250 0.755612 0.349603 0.044332 0.029320
68 0.758979 0.637289 0.012907 0.030010
60 0.318743 0.675923 0.020202 0.030010
93 0.324355 0.850811 0.042649 0.030010
62 0.766274 0.841497 0.043210 0.030010
68 0.403199 0.863574 0.043210 0.030010
67 0.245511 0.591066 0.049944 0.030010
327 0.761785 0.795964 0.053311 0.030010
303 0.842873 0.759745 0.053872 0.030010
1810 0.841470 0.421007 0.023008 0.030700
83 0.845398 0.873577 0.024130 0.030700
85 0.499719 0.318558 0.031987 0.030700
111 0.675926 0.553467 0.033109 0.030700
552 0.233726 0.287513 0.044332 0.030700
2395 0.320426 0.510348 0.049383 0.030700
119 0.318182 0.773025 0.026936 0.031735
117 0.670875 0.829251 0.028620 0.031735
720 0.673681 0.589514 0.040965 0.031735
95 0.144220 0.501897 0.044893 0.031735
68 0.233446 0.835288 0.017957 0.032080
92 0.843715 0.350293 0.025253 0.032080
107 0.416386 0.248189 0.026936 0.032080
76 0.315376 0.801138 0.042649 0.032080
126 0.406285 0.831149 0.042649 0.032080
87 0.318182 0.321318 0.044893 0.032080
68 0.148990 0.647292 0.049944 0.032080
560 0.316218 0.574853 0.058923 0.032080
750 0.140572 0.467575 0.061167 0.032080
126 0.146745 0.208520 0.034231 0.032770
58 0.412177 0.679372 0.052189 0.032770
4451 0.839787 0.485857 0.060045 0.032770
92 0.317621 0.536392 0.029181 0.033115
51 0.761223 0.211107 0.031987 0.033115
102 0.241863 0.804415 0.060606 0.033115
68 0.237093 0.368575 0.008418 0.034150
53 0.408530 0.369265 0.026936 0.034150
78 0.844837 0.608313 0.034231 0.034150
970 0.497194 0.531735 0.038159 0.034150
101 0.759540 0.496895 0.039843 0.034150
1250 0.673681 0.338565 0.043210 0.034150
67 0.594276 0.524836 0.044893 0.034150
93 0.683502 0.208865 0.051627 0.034150
398 0.669192 0.755433 0.055556 0.034495
83 0.673120 0.428941 0.024130 0.034840
1891 0.317621 0.879096 0.047138 0.034840
327 0.402076 0.570024 0.058923 0.034840
2193 0.408810 0.796309 0.058923 0.034840
111 0.142817 0.696275 0.033109 0.035529
3304 0.149551 0.773198 0.042088 0.035529
102 0.327722 0.434805 0.053872 0.035529
1887 0.502525 0.211280 0.055556 0.035529
127 0.506453 0.293377 0.056678 0.035529
111 0.838664 0.448603 0.030864 0.036219
648 0.841470 0.388927 0.031987 0.036219
62 0.412738 0.619007 0.040965 0.036219
1799 0.498316 0.561745 0.047138 0.036219
710 0.499719 0.602794 0.049944 0.036219
1435 0.501964 0.353398 0.057800 0.036219
2302 0.413019 0.506554 0.062851 0.036219
91 0.501684 0.498620 0.044893 0.036909
303 0.843154 0.214039 0.049944 0.036909
68 0.318462 0.471197 0.012907 0.037254
68 0.666947 0.870645 0.020763 0.037254
1887 0.411897 0.762332 0.047138 0.037254
736 0.317059 0.712315 0.060606 0.037254
1584 0.150673 0.832528 0.031987 0.037599
552 0.237093 0.445498 0.039843 0.037599
1250 0.757576 0.672818 0.049383 0.037599
91 0.416667 0.405140 0.052189 0.037599
4311 0.231481 0.410314 0.067901 0.037599
68 0.672559 0.617454 0.018519 0.038634
126 0.233446 0.213867 0.053872 0.038634
2233 0.587262 0.637289 0.054433 0.038979
2246 0.682660 0.469645 0.061167 0.038979
958 0.141975 0.732494 0.035915 0.039669
2193 0.407688 0.443084 0.043210 0.039669
577 0.499158 0.434115 0.052189 0.039669
4451 0.141134 0.409969 0.058923 0.039669
2302 0.235129 0.328562 0.060606 0.039669
2193 0.844557 0.253018 0.035915 0.040359
1799 0.841470 0.312694 0.040965 0.040359
1365 0.315937 0.641773 0.053872 0.040359
2246 0.501964 0.730424 0.061167 0.040359
4451 0.587262 0.416178 0.066779 0.040359
4168 0.497194 0.831149 0.056117 0.041049
560 0.682660 0.245085 0.056678 0.041049
505 0.412177 0.212315 0.061167 0.041049
2193 0.677048 0.364781 0.031987 0.041739
1012 0.586700 0.599000 0.062290 0.042428
2193 0.758979 0.380131 0.034231 0.042773
2193 0.149832 0.536564 0.038159 0.043808
2422 0.230359 0.769058 0.057800 0.043808
2422 0.758979 0.875474 0.049944 0.044153
2193 0.761785 0.704898 0.037598 0.045188
2422 0.145062 0.316833 0.052189 0.045188
28 0.594557 0.326147 0.071268 0.045878
648 0.235410 0.250604 0.031987 0.046568
3160 0.406004 0.720766 0.048822 0.046568
3464 0.232604 0.876337 0.048822 0.047258
2422 0.500842 0.255260 0.042088 0.049672
296 0.672559 0.663505 0.020763 0.050707
2193 0.842031 0.800448 0.030864 0.050707
2422 0.413019 0.307520 0.053872 0.051397
3249 0.580808 0.484132 0.053872 0.051397
2422 0.318743 0.395654 0.053872 0.052432
3464 0.231481 0.490169 0.055556 0.052432
296 0.320146 0.275095 0.040965 0.052777
