92 0.484816 0.234179 0.035162 0.012854
52 0.119339 0.659525 0.047949 0.015821
101 0.487746 0.350857 0.037826 0.017469
52 0.210709 0.326302 0.059137 0.019117
76 0.771977 0.355471 0.030900 0.023401
56 0.860682 0.839486 0.023974 0.023731
67 0.775173 0.520929 0.042621 0.025379
120 0.581247 0.402109 0.024507 0.026368
88 0.765583 0.658207 0.049014 0.027027
495 0.575120 0.316744 0.067661 0.027027
91 0.676878 0.891068 0.048482 0.027357
66 0.858284 0.865524 0.025573 0.027686
56 0.579648 0.599374 0.020245 0.028016
91 0.860149 0.897660 0.045285 0.028016
553 0.480554 0.268787 0.071391 0.028016
104 0.119073 0.189519 0.048482 0.028345
56 0.773042 0.331081 0.014917 0.028675
113 0.766915 0.583223 0.059137 0.028675
86 0.870005 0.696770 0.034097 0.029005
122 0.116942 0.268293 0.044219 0.029005
85 0.769845 0.221819 0.013852 0.029664
56 0.576185 0.342782 0.019712 0.029664
60 0.119606 0.297956 0.021843 0.029664
553 0.855887 0.771424 0.064465 0.029993
88 0.209377 0.356625 0.033031 0.030323
74 0.672616 0.714733 0.021843 0.031312
66 0.577517 0.627719 0.027704 0.031312
60 0.668620 0.525873 0.034097 0.031312
66 0.856686 0.552406 0.030900 0.031641
495 0.477357 0.384311 0.075653 0.031641
104 0.858284 0.672874 0.046883 0.031971
495 0.766383 0.387442 0.077251 0.031971
62 0.580448 0.376730 0.049547 0.032301
85 0.206979 0.792848 0.020778 0.032630
120 0.578050 0.828444 0.022376 0.032630
88 0.672349 0.409690 0.014917 0.032960
88 0.208045 0.550099 0.030368 0.032960
70 0.581247 0.236486 0.029835 0.033289
1083 0.672882 0.372940 0.041556 0.033289
91 0.578316 0.666282 0.046351 0.033289
2707 0.485083 0.312129 0.042088 0.033619
83 0.577784 0.528345 0.042088 0.033619
95 0.577784 0.753461 0.059137 0.033619
120 0.767448 0.549769 0.026105 0.034278
302 0.857752 0.588003 0.047949 0.034278
83 0.671284 0.443474 0.043687 0.034608
88 0.575120 0.495386 0.016516 0.034937
65 0.776505 0.189848 0.057006 0.034937
287 0.485083 0.425511 0.070858 0.034937
553 0.208844 0.399802 0.071391 0.034937
553 0.770645 0.303065 0.059137 0.035267
287 0.584710 0.861734 0.091103 0.035267
95 0.673149 0.566084 0.050613 0.035926
126 0.120671 0.469842 0.049547 0.036585
88 0.676345 0.751483 0.060202 0.036915
750 0.585775 0.892221 0.069792 0.036915
67 0.215237 0.293507 0.049014 0.037245
126 0.210176 0.756757 0.062334 0.037574
88 0.858817 0.729235 0.056473 0.037904
104 0.125999 0.425181 0.052744 0.038233
120 0.670751 0.230389 0.025573 0.038893
88 0.118007 0.330587 0.032499 0.038893
126 0.773575 0.889750 0.043687 0.039222
2507 0.672349 0.799440 0.067128 0.039222
70 0.582579 0.791200 0.037826 0.039881
1927 0.579915 0.568062 0.068727 0.039881
70 0.677944 0.195122 0.033564 0.040211
108 0.672616 0.672380 0.048482 0.040870
53 0.118540 0.226928 0.016516 0.041200
3868 0.857752 0.195946 0.058604 0.041200
1927 0.860416 0.813283 0.062866 0.041200
2707 0.858284 0.359591 0.043687 0.041529
68 0.775440 0.692650 0.014385 0.041859
1268 0.209110 0.512690 0.052744 0.041859
119 0.578849 0.277851 0.026105 0.042189
126 0.857219 0.401780 0.039425 0.042189
126 0.124667 0.620798 0.038359 0.042518
2253 0.672349 0.849209 0.054342 0.042518
3567 0.121470 0.573171 0.073522 0.043507
104 0.350293 0.291694 0.070858 0.044166
53 0.764784 0.618161 0.019712 0.044496
60 0.765317 0.258240 0.023974 0.044496
1907 0.671284 0.327456 0.066063 0.044496
68 0.118807 0.378543 0.051145 0.045155
1977 0.582579 0.194628 0.075120 0.045814
121 0.766116 0.481872 0.036228 0.046144
1654 0.122270 0.519117 0.081513 0.046144
119 0.121737 0.693309 0.025040 0.046473
2320 0.771177 0.788233 0.059137 0.046473
978 0.208578 0.247693 0.062334 0.046473
680 0.856686 0.449572 0.041556 0.046803
836 0.479755 0.197759 0.062334 0.046803
3067 0.675280 0.275214 0.071923 0.046803
83 0.203516 0.879202 0.024507 0.047132
70 0.673948 0.485333 0.027704 0.047132
552 0.860682 0.631345 0.047416 0.047132
3567 0.209909 0.197100 0.078849 0.047462
119 0.204315 0.833223 0.030368 0.048121
629 0.212840 0.595583 0.050613 0.048780
4293 0.121470 0.748022 0.062866 0.049110
53 0.342035 0.343441 0.019180 0.049440
60 0.346564 0.458306 0.031433 0.050428
628 0.582579 0.711602 0.036761 0.051417
83 0.765850 0.731872 0.029302 0.051747
2193 0.208045 0.650297 0.045285 0.052076
4343 0.768514 0.428807 0.062334 0.054054
1270 0.859084 0.311964 0.050613 0.055043
1831 0.584710 0.450890 0.062334 0.055372
3567 0.348961 0.519117 0.088439 0.055372
3136 0.116676 0.811800 0.055408 0.056032
674 0.852158 0.504944 0.055940 0.056032
3500 0.672349 0.619809 0.057539 0.056361
3249 0.854289 0.250494 0.055940 0.057350
2191 0.205647 0.706493 0.049014 0.060316
2438 0.767182 0.839980 0.054342 0.061635
122 0.345232 0.403593 0.084177 0.061635
4371 0.121470 0.874588 0.037294 0.062294
1270 0.209643 0.456328 0.064465 0.064272
