246 0.319194 0.292909 0.046660 0.009940
128 0.326087 0.365474 0.009544 0.010603
88 0.695122 0.655235 0.018028 0.011597
81 0.320520 0.354208 0.034464 0.011928
101 0.220838 0.318588 0.034464 0.012260
101 0.315217 0.470179 0.046129 0.013254
110 0.687169 0.617131 0.037116 0.015573
88 0.690085 0.499172 0.010074 0.016236
56 0.222163 0.438204 0.012725 0.016236
83 0.124337 0.668820 0.024920 0.016236
1173 0.772269 0.767893 0.042948 0.016236
56 0.126723 0.361001 0.039236 0.016899
66 0.223489 0.659377 0.018558 0.017230
91 0.502386 0.357356 0.025981 0.017561
248 0.316808 0.522366 0.047190 0.017561
117 0.772534 0.860504 0.014846 0.017893
120 0.125928 0.774685 0.015376 0.017893
56 0.313097 0.794566 0.016437 0.017893
83 0.684252 0.230616 0.025981 0.017893
248 0.405355 0.716534 0.035525 0.018224
91 0.681601 0.855533 0.023860 0.018555
553 0.587752 0.433068 0.057794 0.018555
28 0.506098 0.231942 0.028102 0.019218
56 0.318664 0.453777 0.013786 0.019549
119 0.220042 0.677932 0.018028 0.019881
83 0.689024 0.670974 0.029162 0.019881
91 0.776511 0.592114 0.031283 0.019881
88 0.319724 0.270046 0.038176 0.019881
108 0.687434 0.722167 0.016437 0.020212
126 0.405885 0.604208 0.030223 0.020212
117 0.783669 0.290590 0.016967 0.020543
83 0.310710 0.731610 0.021209 0.020543
1810 0.317869 0.548708 0.031283 0.020543
88 0.773595 0.708582 0.010604 0.020875
83 0.591729 0.405401 0.027572 0.020875
126 0.222428 0.635023 0.037646 0.020875
297 0.221368 0.364977 0.038706 0.020875
83 0.690085 0.517893 0.030223 0.021206
1810 0.406946 0.744201 0.036585 0.021206
88 0.313097 0.710570 0.010074 0.021537
88 0.688229 0.323559 0.011665 0.021537
42 0.410392 0.476972 0.011665 0.021537
88 0.686638 0.775514 0.012725 0.021537
83 0.688759 0.345096 0.027572 0.021537
115 0.593584 0.518224 0.030223 0.021869
68 0.685313 0.797382 0.006893 0.022200
120 0.318929 0.490888 0.018558 0.022200
126 0.769883 0.833499 0.038176 0.022200
297 0.781018 0.223824 0.042418 0.022200
111 0.410923 0.380384 0.024390 0.022531
64 0.688759 0.544069 0.025451 0.022531
88 0.594115 0.179258 0.035525 0.022531
81 0.406151 0.771703 0.036055 0.022531
68 0.784199 0.448144 0.005302 0.022863
66 0.221103 0.531312 0.013786 0.022863
1810 0.318929 0.248675 0.029162 0.022863
83 0.591729 0.252485 0.023330 0.023194
1810 0.220308 0.391650 0.029162 0.023194
287 0.404560 0.865142 0.029692 0.023194
126 0.318664 0.426441 0.034995 0.023194
83 0.403765 0.685719 0.025981 0.023526
91 0.502121 0.425282 0.034995 0.023526
99 0.226405 0.750994 0.055143 0.023526
120 0.592789 0.541087 0.021209 0.023857
126 0.312036 0.844930 0.032344 0.023857
110 0.127784 0.407886 0.034995 0.023857
76 0.217922 0.774851 0.020148 0.024188
91 0.410923 0.505799 0.027572 0.024188
87 0.590668 0.568423 0.029692 0.024188
297 0.318399 0.220179 0.042948 0.024188
495 0.689820 0.374586 0.047720 0.024188
2752 0.690350 0.404241 0.055143 0.024520
68 0.592524 0.382538 0.012195 0.024851
90 0.686638 0.567760 0.030753 0.024851
126 0.218452 0.880881 0.034995 0.024851
359 0.332185 0.181412 0.038706 0.024851
64 0.777041 0.617131 0.036585 0.025514
2677 0.778632 0.483598 0.044008 0.025514
495 0.222163 0.338469 0.051962 0.025514
85 0.412513 0.356196 0.013786 0.025845
60 0.783934 0.313784 0.014316 0.025845
88 0.214475 0.799867 0.014316 0.025845
710 0.687964 0.637840 0.044008 0.025845
251 0.874337 0.488237 0.044539 0.026176
76 0.128314 0.382704 0.019088 0.026508
271 0.684517 0.593439 0.043478 0.026508
2402 0.406151 0.635852 0.050901 0.026508
1837 0.501591 0.328363 0.055143 0.026508
111 0.129109 0.691352 0.023860 0.026839
87 0.127519 0.484592 0.032344 0.026839
93 0.231442 0.416667 0.045069 0.026839
119 0.220308 0.459907 0.017497 0.027170
271 0.690615 0.261763 0.042948 0.027170
68 0.405620 0.660205 0.014846 0.027502
119 0.126458 0.511763 0.023860 0.027502
2751 0.316278 0.655235 0.044008 0.027502
3289 0.313892 0.688038 0.048780 0.027502
70 0.308590 0.817429 0.032874 0.027833
82 0.127784 0.750166 0.056204 0.027833
62 0.405620 0.797217 0.032874 0.028496
529 0.593849 0.357853 0.043478 0.028496
119 0.597296 0.455765 0.016437 0.028827
252 0.127519 0.230119 0.032344 0.028827
72 0.219777 0.557157 0.033404 0.028827
119 0.592789 0.595262 0.013786 0.029490
87 0.123012 0.845427 0.026511 0.029490
680 0.222428 0.178429 0.028102 0.029490
769 0.781813 0.259940 0.051432 0.029490
60 0.772534 0.884361 0.019088 0.029821
252 0.409597 0.451292 0.033404 0.029821
2685 0.683987 0.882704 0.040297 0.029821
2059 0.411983 0.417826 0.051962 0.029821
83 0.125398 0.291750 0.012195 0.030152
2193 0.691676 0.473658 0.042948 0.030152
2346 0.314157 0.878231 0.048250 0.030152
2752 0.873807 0.293738 0.058324 0.030152
2677 0.410657 0.535785 0.035525 0.030484
642 0.873277 0.517893 0.041357 0.030484
68 0.779427 0.645295 0.007423 0.030815
68 0.593054 0.326541 0.010074 0.030815
90 0.781018 0.382869 0.054083 0.030815
717 0.783139 0.418986 0.057264 0.030815
629 0.685578 0.696488 0.034995 0.031146
2031 0.681601 0.749172 0.053552 0.031146
119 0.223224 0.211067 0.022269 0.031809
2989 0.689290 0.293241 0.046660 0.031809
683 0.220838 0.244367 0.044008 0.032140
63 0.137063 0.260603 0.049311 0.032140
2987 0.505037 0.388834 0.052492 0.032140
1656 0.310976 0.761431 0.051432 0.032472
3553 0.123542 0.726143 0.037116 0.032803
2896 0.682927 0.828363 0.044539 0.033135
2677 0.871951 0.234095 0.034464 0.033466
2233 0.500530 0.509112 0.048780 0.033466
3136 0.400848 0.828363 0.036055 0.033797
2707 0.873012 0.552850 0.037646 0.034129
2593 0.596235 0.489728 0.025981 0.034460
2983 0.409332 0.568920 0.041357 0.034460
4718 0.225610 0.714546 0.048250 0.034791
3936 0.774125 0.738734 0.048780 0.034791
2193 0.317338 0.396123 0.050371 0.034791
1295 0.121156 0.332174 0.034464 0.035454
3868 0.768028 0.798045 0.034464 0.035454
83 0.315748 0.617628 0.013256 0.035785
3868 0.774655 0.561962 0.030753 0.035785
3050 0.125928 0.642644 0.046129 0.036117
3032 0.218982 0.839132 0.048780 0.037442
2987 0.778632 0.677932 0.055673 0.037773
64 0.784464 0.348410 0.037646 0.038105
3009 0.688759 0.436547 0.047720 0.038767
3747 0.775451 0.522863 0.038706 0.039099
710 0.778632 0.183565 0.045069 0.039099
2983 0.409862 0.319085 0.045599 0.039761
3050 0.316543 0.579854 0.053022 0.039761
3136 0.124072 0.445328 0.033934 0.040424
2284 0.222694 0.499669 0.050901 0.040424
1778 0.134942 0.184062 0.046129 0.040755
3000 0.406681 0.278827 0.050901 0.040755
3459 0.593319 0.287608 0.046660 0.041087
1995 0.217656 0.289761 0.051432 0.041418
3017 0.409332 0.184559 0.053022 0.041750
1304 0.133616 0.549867 0.049841 0.042744
3711 0.502916 0.464712 0.041888 0.043406
1316 0.325292 0.319583 0.056734 0.043406
2983 0.410392 0.227303 0.046660 0.043738
3009 0.870361 0.349901 0.055673 0.045063
2193 0.220838 0.601889 0.035525 0.045394
68 0.128844 0.876077 0.014846 0.047051
296 0.122216 0.807157 0.032344 0.047051
1297 0.125398 0.593771 0.036585 0.047714
68 0.300371 0.876408 0.045069 0.048376
1267 0.590933 0.215706 0.032344 0.050364
2438 0.685578 0.192180 0.043478 0.051027
1138 0.503446 0.279324 0.054613 0.051690
