297 0.497033 0.719921 0.056634 0.019066
191 0.480852 0.775312 0.056634 0.023340
642 0.499730 0.694116 0.033981 0.024655
247 0.497843 0.748356 0.043150 0.027285
127 0.167745 0.437048 0.066882 0.027942
127 0.169364 0.347962 0.066882 0.030572
720 0.814455 0.699869 0.046386 0.031558
720 0.173679 0.702005 0.044229 0.032544
720 0.654531 0.699869 0.040453 0.034188
720 0.334142 0.698389 0.043689 0.035174
2595 0.337379 0.372288 0.069579 0.037147
204 0.494337 0.802104 0.040453 0.037475
91 0.646980 0.382972 0.057713 0.040105
135 0.167476 0.743097 0.043689 0.043064
135 0.654531 0.740631 0.033981 0.044707
1083 0.327131 0.541749 0.057713 0.044707
735 0.500539 0.455293 0.085221 0.046022
864 0.333603 0.483728 0.069579 0.048981
78 0.166667 0.396778 0.039914 0.050625
87 0.163970 0.307035 0.047465 0.051282
3868 0.173139 0.481098 0.057174 0.052268
2489 0.499191 0.504274 0.078209 0.052597
3868 0.817961 0.445595 0.049083 0.053583
2822 0.334951 0.311308 0.089536 0.056542
3249 0.165049 0.538626 0.070119 0.057528
3249 0.813916 0.507396 0.067961 0.060158
1102 0.818501 0.309172 0.091154 0.060158
3868 0.650755 0.317390 0.057713 0.060815
3435 0.648598 0.447403 0.068501 0.062459
2193 0.329558 0.425871 0.059331 0.064760
3375 0.504854 0.391683 0.067961 0.066732
4371 0.498652 0.316239 0.073894 0.068376
4119 0.813107 0.386095 0.081446 0.070677
