191 0.323951 0.752051 0.036847 0.022645
191 0.772774 0.752379 0.048106 0.023302
642 0.331627 0.691008 0.038895 0.025271
285 0.785312 0.690187 0.049642 0.027568
247 0.327533 0.725139 0.040942 0.029209
247 0.781218 0.724975 0.032242 0.029537
547 0.325486 0.388251 0.068577 0.034132
720 0.178096 0.696915 0.044012 0.035117
204 0.329069 0.783065 0.036847 0.035445
720 0.485415 0.695438 0.039406 0.035445
720 0.646111 0.695930 0.038383 0.037086
204 0.778403 0.784050 0.035824 0.039383
135 0.485415 0.733344 0.035312 0.041680
68 0.479785 0.377585 0.056807 0.047588
1927 0.774053 0.303249 0.087513 0.050542
119 0.481320 0.426977 0.027124 0.051854
1891 0.781986 0.362324 0.063460 0.051854
2677 0.632293 0.306531 0.050665 0.052511
3868 0.784033 0.422383 0.058342 0.053167
2328 0.483367 0.310962 0.078301 0.062685
3249 0.780962 0.487693 0.059365 0.063013
2426 0.318321 0.317525 0.077789 0.069248
3338 0.168628 0.320151 0.069089 0.071218
3459 0.479529 0.493436 0.069601 0.071874
1578 0.628454 0.467017 0.063460 0.074171
4361 0.181423 0.419593 0.082395 0.077125
2484 0.629478 0.386446 0.055271 0.080407
68 0.320113 0.459961 0.015865 0.085002
