88 0.389974 0.251477 0.045383 0.021011
52 0.394987 0.182370 0.052243 0.021996
91 0.300792 0.889199 0.047493 0.025279
99 0.483113 0.721274 0.068074 0.026264
120 0.211609 0.738181 0.024274 0.026592
113 0.394987 0.414642 0.053298 0.027577
88 0.579156 0.277741 0.023747 0.028234
88 0.479420 0.339462 0.045910 0.028234
88 0.294723 0.395765 0.012137 0.029219
65 0.217678 0.232928 0.054354 0.029219
88 0.120053 0.232764 0.048021 0.029547
113 0.298681 0.594386 0.054881 0.029875
98 0.572296 0.683355 0.055409 0.029875
91 0.484169 0.513460 0.050132 0.030204
68 0.218470 0.366710 0.060158 0.030204
85 0.212665 0.264773 0.017942 0.030532
88 0.207124 0.335686 0.045910 0.031845
104 0.580211 0.355548 0.052243 0.032173
495 0.577309 0.439100 0.081266 0.033158
88 0.483905 0.639856 0.026385 0.033487
126 0.300792 0.816152 0.047493 0.033487
87 0.122691 0.509685 0.054354 0.033815
83 0.202902 0.647406 0.042744 0.034143
710 0.299472 0.852594 0.046966 0.034143
76 0.574406 0.888707 0.033245 0.034800
83 0.115831 0.344714 0.039578 0.034800
83 0.392348 0.331254 0.043799 0.034800
95 0.209235 0.823539 0.054354 0.035128
85 0.291293 0.669074 0.029551 0.035456
89 0.481266 0.248194 0.059103 0.035456
126 0.571240 0.647242 0.051187 0.035785
60 0.294195 0.632961 0.026913 0.036113
83 0.475198 0.792843 0.034301 0.036113
123 0.573087 0.853250 0.053826 0.036113
87 0.117678 0.271011 0.031662 0.036441
104 0.486280 0.598490 0.053298 0.036770
88 0.206860 0.612443 0.026385 0.037098
115 0.393931 0.496553 0.054354 0.037098
68 0.490501 0.756730 0.013193 0.037426
68 0.403166 0.285128 0.012665 0.037754
56 0.390237 0.538247 0.020580 0.037754
126 0.300000 0.559915 0.052243 0.037754
68 0.298945 0.473736 0.044855 0.038083
68 0.393404 0.374097 0.046966 0.039068
251 0.855673 0.597669 0.064908 0.039068
53 0.393931 0.449278 0.017414 0.039724
119 0.116887 0.308109 0.021636 0.039724
83 0.293668 0.429908 0.032190 0.039724
120 0.395251 0.622292 0.054881 0.040381
118 0.580739 0.817137 0.019525 0.040709
68 0.487599 0.373933 0.021108 0.040709
55 0.208707 0.512804 0.050132 0.040709
119 0.393931 0.220453 0.019525 0.041037
104 0.298681 0.514281 0.047493 0.041037
2233 0.300000 0.293992 0.058575 0.041037
68 0.205541 0.466021 0.049077 0.041694
126 0.581530 0.398227 0.043272 0.042022
68 0.577045 0.318450 0.051187 0.042679
278 0.853034 0.547275 0.057520 0.042679
60 0.209499 0.300722 0.023219 0.043336
62 0.394195 0.579777 0.046438 0.043336
710 0.481794 0.471438 0.052770 0.043336
2590 0.576781 0.476527 0.037995 0.043664
125 0.575989 0.773966 0.055409 0.043664
2555 0.849340 0.257223 0.077573 0.044320
4214 0.581530 0.239659 0.073879 0.045305
107 0.481530 0.684833 0.024802 0.045962
932 0.212137 0.877873 0.058047 0.045962
978 0.584960 0.193697 0.065963 0.046619
750 0.850132 0.364412 0.074934 0.046619
60 0.205805 0.779711 0.031662 0.047275
2548 0.850132 0.310571 0.075989 0.047275
68 0.481530 0.555318 0.054354 0.048917
4597 0.301583 0.771668 0.069129 0.048917
83 0.472823 0.422357 0.024274 0.049573
83 0.201583 0.411523 0.024274 0.050230
58 0.572823 0.723408 0.029024 0.050230
1894 0.301319 0.241957 0.059103 0.050558
4597 0.577573 0.526428 0.075462 0.050886
58 0.296570 0.712574 0.029551 0.051543
58 0.479947 0.293171 0.027968 0.053185
4168 0.211873 0.562541 0.067018 0.054169
932 0.719789 0.301215 0.089710 0.054169
2438 0.207916 0.695502 0.056992 0.054826
895 0.483377 0.201412 0.062269 0.056796
2259 0.296834 0.351937 0.054354 0.057124
4330 0.853298 0.422521 0.073879 0.059094
1788 0.854354 0.206008 0.074934 0.059422
1267 0.858311 0.490315 0.076517 0.059422
296 0.123747 0.464215 0.046966 0.059750
4020 0.117678 0.396914 0.042216 0.063690
2426 0.723219 0.451904 0.087071 0.065332
4634 0.577573 0.596192 0.073351 0.068286
4168 0.725330 0.378365 0.084960 0.073211
3459 0.485224 0.863920 0.054354 0.074524
68 0.115831 0.576330 0.013193 0.076494
