246 0.611193 0.132650 0.035679 0.003470
246 0.695015 0.132019 0.035191 0.004101
246 0.690860 0.480284 0.036657 0.004101
246 0.699658 0.580442 0.023949 0.005047
246 0.699902 0.346530 0.023460 0.009779
113 0.768084 0.457886 0.043500 0.013565
56 0.613881 0.687382 0.013685 0.015142
101 0.448436 0.413249 0.057185 0.015142
64 0.530547 0.869716 0.024927 0.017666
88 0.529814 0.814353 0.029326 0.017981
60 0.527859 0.546215 0.037146 0.018612
248 0.696970 0.654259 0.029326 0.018927
56 0.613148 0.781388 0.015152 0.020189
248 0.617302 0.211672 0.027370 0.021451
251 0.368768 0.285804 0.043500 0.021451
76 0.528348 0.684700 0.025415 0.021767
56 0.363881 0.618770 0.020039 0.022397
55 0.858504 0.435174 0.037634 0.022397
88 0.614370 0.351420 0.033236 0.022713
2151 0.614858 0.287539 0.039101 0.023028
110 0.447947 0.532334 0.036657 0.023659
56 0.450391 0.619716 0.041544 0.023659
1810 0.370723 0.309779 0.018084 0.023975
1174 0.453568 0.557886 0.043011 0.024290
93 0.859482 0.491009 0.044477 0.024290
717 0.697947 0.682492 0.044966 0.024921
717 0.620723 0.241956 0.048876 0.025237
1341 0.366813 0.681230 0.031769 0.025552
120 0.531036 0.710252 0.019062 0.026183
120 0.454057 0.463249 0.021505 0.026183
126 0.614614 0.459464 0.034702 0.026183
126 0.450391 0.692587 0.034702 0.026183
83 0.528104 0.840852 0.023949 0.026814
83 0.364858 0.746215 0.035679 0.026814
85 0.852151 0.743060 0.009286 0.027445
1174 0.863636 0.289590 0.044966 0.027760
126 0.863392 0.260095 0.028837 0.028076
62 0.859482 0.467035 0.031769 0.028076
95 0.614125 0.553470 0.041544 0.028076
88 0.530059 0.484385 0.036657 0.028707
126 0.612659 0.846372 0.038612 0.029022
111 0.853861 0.772397 0.029326 0.029338
252 0.772727 0.334858 0.044966 0.029338
359 0.366813 0.460095 0.045455 0.029968
117 0.449413 0.725552 0.027859 0.030284
495 0.856549 0.364353 0.050342 0.030284
118 0.614614 0.523817 0.017107 0.030599
120 0.853128 0.842429 0.021994 0.031230
85 0.535924 0.338801 0.010264 0.031546
117 0.852884 0.604574 0.023460 0.031861
51 0.613148 0.493849 0.033724 0.031861
68 0.447458 0.434227 0.040567 0.031861
750 0.854106 0.565457 0.045455 0.031861
2193 0.614614 0.167350 0.053275 0.031861
51 0.451124 0.499211 0.039101 0.032492
117 0.448436 0.209148 0.022972 0.032808
83 0.445992 0.881388 0.036657 0.032808
121 0.526637 0.655521 0.038612 0.032808
58 0.854594 0.639748 0.040567 0.032808
2677 0.693793 0.205521 0.032747 0.033123
495 0.369257 0.208044 0.046432 0.033123
83 0.614125 0.380284 0.025904 0.033754
93 0.619990 0.663565 0.029814 0.033754
1834 0.531525 0.742114 0.044477 0.033754
92 0.610704 0.587382 0.021994 0.034069
87 0.853861 0.808833 0.035191 0.034069
87 0.367791 0.391325 0.036657 0.034385
680 0.613636 0.880915 0.036657 0.034385
287 0.857283 0.874606 0.062561 0.034385
107 0.531281 0.411199 0.019550 0.035016
2586 0.855327 0.677445 0.035191 0.035016
51 0.530547 0.376498 0.036657 0.035016
87 0.613148 0.625079 0.037634 0.035016
68 0.367791 0.711041 0.009286 0.035331
119 0.612903 0.712934 0.021505 0.035331
81 0.529081 0.517350 0.035679 0.035331
691 0.609726 0.750789 0.035679 0.035331
68 0.451857 0.589117 0.013196 0.035647
119 0.450391 0.328864 0.036657 0.035647
710 0.524682 0.214669 0.041544 0.035647
119 0.530059 0.573975 0.021994 0.036278
117 0.365347 0.778707 0.022972 0.036278
252 0.691593 0.169243 0.039101 0.036278
3087 0.773949 0.426341 0.040567 0.036278
58 0.365347 0.647950 0.028837 0.036593
4132 0.532747 0.447003 0.041056 0.036593
53 0.771994 0.483438 0.013196 0.036909
2193 0.616080 0.320032 0.033724 0.036909
28 0.776882 0.292587 0.054252 0.037539
119 0.366325 0.428391 0.025904 0.037855
4453 0.774438 0.386120 0.045455 0.037855
3004 0.617546 0.420032 0.054252 0.038170
90 0.450880 0.290379 0.042522 0.038801
60 0.445992 0.245741 0.023949 0.039117
60 0.446725 0.761041 0.021505 0.039432
119 0.447947 0.843375 0.024927 0.039432
4132 0.853861 0.713407 0.048876 0.039432
4458 0.532991 0.260726 0.050342 0.039432
70 0.611681 0.811041 0.026882 0.040379
3004 0.861681 0.217350 0.056696 0.040379
4440 0.860459 0.528549 0.049365 0.040694
121 0.369257 0.247792 0.024927 0.041325
2983 0.532747 0.301735 0.033236 0.041325
121 0.860215 0.400158 0.033236 0.041325
87 0.529326 0.617508 0.035191 0.041956
3004 0.693793 0.523817 0.052297 0.041956
70 0.447947 0.802050 0.023949 0.042587
1607 0.364370 0.539590 0.040567 0.043218
1270 0.525171 0.781546 0.046432 0.043218
70 0.450391 0.654101 0.021017 0.044479
4458 0.697703 0.252839 0.044477 0.044479
3136 0.372923 0.345584 0.046921 0.045741
2983 0.692815 0.302050 0.038612 0.046372
646 0.698680 0.387855 0.036657 0.047003
646 0.702102 0.615300 0.035679 0.047634
42 0.374633 0.582808 0.021994 0.048896
1831 0.448436 0.377445 0.026882 0.048896
68 0.374389 0.497476 0.009775 0.049211
68 0.864858 0.326814 0.012219 0.050473
68 0.527615 0.873186 0.038612 0.051735
68 0.366813 0.825710 0.015152 0.060252
