246 0.130208 0.424059 0.037829 0.009320
92 0.477248 0.795305 0.033443 0.011046
101 0.384320 0.442354 0.052632 0.014153
92 0.389529 0.680186 0.037829 0.014843
56 0.478618 0.504660 0.021930 0.015188
101 0.391996 0.863825 0.048246 0.015533
52 0.388980 0.422506 0.029057 0.016569
113 0.129112 0.200725 0.043311 0.016914
297 0.129112 0.440628 0.047697 0.016914
113 0.392270 0.634449 0.047697 0.017950
56 0.219024 0.205730 0.020285 0.019330
91 0.135143 0.846911 0.034539 0.019676
88 0.476700 0.843114 0.045504 0.019676
42 0.740954 0.852434 0.016996 0.020366
56 0.308936 0.623576 0.024671 0.020366
85 0.220121 0.807214 0.024671 0.020366
91 0.385691 0.285295 0.026864 0.020366
88 0.129112 0.247325 0.037829 0.020366
88 0.306195 0.510701 0.045504 0.020366
121 0.820450 0.593545 0.053180 0.020366
88 0.304002 0.207629 0.041118 0.021056
63 0.225603 0.225578 0.042215 0.021056
1173 0.475603 0.320159 0.048794 0.021056
60 0.304825 0.790300 0.017544 0.021747
110 0.385691 0.879358 0.026864 0.021747
88 0.734375 0.875906 0.038925 0.021747
88 0.303454 0.335002 0.040022 0.021747
88 0.475603 0.387470 0.043311 0.021747
597 0.476700 0.679496 0.054276 0.021747
121 0.818805 0.425613 0.048794 0.022092
120 0.306743 0.451329 0.016996 0.022437
108 0.134046 0.651191 0.022478 0.022437
88 0.216557 0.269071 0.035088 0.022437
88 0.737116 0.659130 0.038925 0.022437
499 0.650768 0.448567 0.048246 0.022437
121 0.644737 0.396099 0.052632 0.022437
83 0.128015 0.296341 0.020285 0.023127
76 0.306195 0.644287 0.029057 0.023127
259 0.480263 0.816534 0.048246 0.023127
91 0.562774 0.462893 0.027961 0.023473
104 0.820998 0.287884 0.041118 0.023473
85 0.820724 0.615292 0.019737 0.023818
60 0.306195 0.665689 0.021382 0.023818
117 0.824287 0.477563 0.026864 0.023818
83 0.214912 0.316707 0.030702 0.023818
88 0.648300 0.559027 0.032346 0.023818
102 0.652138 0.668450 0.055373 0.023818
121 0.476151 0.774422 0.057566 0.023818
108 0.306195 0.393683 0.012610 0.024508
74 0.220943 0.605281 0.028509 0.024508
51 0.307840 0.423714 0.035636 0.024508
127 0.220121 0.247325 0.040022 0.024508
91 0.387336 0.556610 0.043311 0.024508
642 0.732456 0.598378 0.043860 0.024508
285 0.651590 0.473076 0.049890 0.024508
121 0.737116 0.762686 0.053180 0.024508
68 0.217654 0.292544 0.019737 0.025198
60 0.816064 0.772696 0.021382 0.025198
62 0.817708 0.564895 0.024671 0.025198
107 0.390351 0.841042 0.030702 0.025198
252 0.218476 0.429237 0.036732 0.025198
51 0.135143 0.508630 0.038925 0.025198
120 0.644737 0.279427 0.026316 0.025889
110 0.217654 0.630135 0.030702 0.025889
77 0.142270 0.782016 0.038925 0.025889
93 0.221765 0.484812 0.040022 0.025889
72 0.816064 0.873490 0.040022 0.025889
122 0.819901 0.504487 0.042215 0.025889
95 0.303180 0.273559 0.046053 0.025889
85 0.737390 0.248015 0.019737 0.026579
85 0.390351 0.398516 0.021930 0.026579
60 0.738761 0.432689 0.022478 0.026579
83 0.134868 0.562133 0.024123 0.026579
76 0.304825 0.767173 0.026316 0.026579
118 0.477796 0.481360 0.026864 0.026579
83 0.302906 0.534518 0.026864 0.026579
74 0.388980 0.527270 0.036732 0.026579
63 0.145559 0.536590 0.045504 0.026579
115 0.478070 0.526234 0.048246 0.026579
53 0.125548 0.224543 0.021930 0.027270
93 0.824836 0.448913 0.041118 0.027270
58 0.309211 0.852434 0.043860 0.027270
1592 0.391996 0.496893 0.061404 0.027270
68 0.126645 0.271660 0.019737 0.027615
83 0.133224 0.715568 0.028509 0.027615
83 0.468476 0.415602 0.037829 0.027615
104 0.223958 0.577494 0.043311 0.027615
81 0.131853 0.594408 0.045504 0.027615
2677 0.560855 0.494132 0.048246 0.027960
68 0.307566 0.597342 0.013158 0.028650
68 0.386787 0.809976 0.019189 0.028650
118 0.219846 0.455126 0.024123 0.028650
107 0.134320 0.623231 0.024123 0.028650
119 0.388158 0.462720 0.026316 0.028650
111 0.817708 0.638764 0.034539 0.028650
68 0.136239 0.872109 0.043311 0.028650
76 0.129934 0.326717 0.043860 0.028650
92 0.648849 0.248188 0.024671 0.028996
111 0.735471 0.272351 0.026864 0.028996
126 0.220943 0.547463 0.030702 0.028996
2707 0.652138 0.531584 0.032346 0.028996
93 0.653235 0.419054 0.033443 0.028996
89 0.219846 0.868485 0.037281 0.028996
2395 0.220669 0.518467 0.041118 0.028996
870 0.470121 0.290645 0.045504 0.028996
53 0.391173 0.657404 0.019189 0.030031
126 0.221765 0.784087 0.034539 0.030031
93 0.817160 0.799275 0.037829 0.030031
2677 0.308388 0.363307 0.047697 0.030031
1174 0.392270 0.779945 0.047697 0.030031
85 0.818531 0.315154 0.030702 0.030376
91 0.472862 0.556438 0.037829 0.030376
93 0.743695 0.783569 0.038925 0.030376
2193 0.307840 0.875388 0.045504 0.030376
111 0.646656 0.310148 0.021382 0.031412
126 0.740954 0.339834 0.034539 0.031412
70 0.655428 0.640145 0.034539 0.031412
76 0.734923 0.372972 0.045504 0.031412
68 0.478893 0.450984 0.045504 0.031412
91 0.648026 0.337763 0.050439 0.031412
87 0.476151 0.745599 0.038925 0.031757
58 0.131853 0.360028 0.047697 0.031757
102 0.741776 0.461857 0.048246 0.031757
126 0.305647 0.737832 0.033443 0.032793
87 0.652138 0.366068 0.035636 0.032793
87 0.818805 0.746117 0.041118 0.032793
1892 0.136239 0.753711 0.045504 0.032793
102 0.313048 0.820677 0.046053 0.032793
736 0.218202 0.399206 0.054825 0.032793
68 0.737390 0.494304 0.015351 0.033138
3735 0.133498 0.681395 0.040022 0.033138
2193 0.301809 0.304798 0.041118 0.033138
2255 0.387884 0.254056 0.047697 0.033138
126 0.394463 0.747670 0.047697 0.033138
4451 0.816612 0.711771 0.049890 0.033138
68 0.821546 0.534864 0.014803 0.033483
118 0.224232 0.838971 0.024123 0.033483
70 0.739583 0.404384 0.030702 0.033483
552 0.220121 0.699172 0.035636 0.033483
552 0.655702 0.497584 0.043860 0.033483
361 0.305099 0.480670 0.049890 0.033483
1174 0.307292 0.565585 0.052083 0.033483
2033 0.819079 0.256645 0.059211 0.033483
4448 0.735471 0.307042 0.064145 0.033483
3353 0.472039 0.874525 0.039474 0.034173
70 0.820450 0.395927 0.031250 0.034518
1799 0.473958 0.640663 0.038925 0.034518
2246 0.297697 0.240939 0.050439 0.034518
359 0.739035 0.530894 0.052632 0.034518
2996 0.307840 0.702451 0.059759 0.034518
1799 0.385691 0.365723 0.038925 0.034864
529 0.822643 0.671212 0.048794 0.034864
2508 0.473136 0.256645 0.057018 0.034864
3258 0.651042 0.211080 0.057566 0.034864
68 0.747259 0.563687 0.015351 0.035899
70 0.740954 0.730929 0.029057 0.036244
2983 0.389529 0.711598 0.038925 0.036244
552 0.745066 0.628754 0.043860 0.036244
4311 0.218476 0.663272 0.055373 0.036244
2508 0.383772 0.215568 0.057018 0.036244
2989 0.133498 0.473076 0.048794 0.036935
2996 0.562226 0.541077 0.055373 0.036935
2983 0.134320 0.395236 0.050439 0.037280
3353 0.471765 0.216258 0.036732 0.038315
648 0.817160 0.215740 0.036732 0.038661
2983 0.136787 0.816017 0.040022 0.038661
3175 0.475877 0.712461 0.048246 0.038661
2259 0.475329 0.356058 0.052632 0.039006
4447 0.743695 0.691060 0.047697 0.040041
4050 0.734923 0.822230 0.052083 0.040041
71 0.748081 0.214187 0.049890 0.042458
4447 0.819353 0.836900 0.045504 0.043148
3353 0.561678 0.378150 0.047697 0.043148
4447 0.818805 0.355713 0.049890 0.043148
2508 0.562500 0.427166 0.054825 0.043148
2422 0.217379 0.356058 0.043311 0.046600
2438 0.385691 0.324646 0.042215 0.047290
3464 0.218750 0.744046 0.046053 0.047981
28 0.569353 0.324128 0.072917 0.048326
2438 0.475055 0.600449 0.042215 0.049361
68 0.651864 0.693821 0.026316 0.049707
4447 0.651316 0.596479 0.057018 0.049707
2438 0.389803 0.597687 0.041667 0.050742
