246 0.619491 0.129635 0.045054 0.005343
246 0.217434 0.129635 0.047013 0.005971
246 0.228452 0.300440 0.029873 0.007542
101 0.863369 0.886235 0.054848 0.008799
101 0.452742 0.303268 0.049461 0.011314
101 0.129285 0.338309 0.043095 0.011628
128 0.859452 0.374293 0.013712 0.012571
92 0.209354 0.793997 0.031832 0.012885
101 0.452253 0.719202 0.054358 0.012885
92 0.860921 0.486644 0.035260 0.013514
92 0.375122 0.252986 0.029383 0.015085
52 0.860186 0.508957 0.040646 0.016028
102 0.375857 0.513514 0.050441 0.016342
113 0.859207 0.550126 0.042605 0.017285
88 0.127571 0.651948 0.039667 0.019170
88 0.207395 0.879793 0.041626 0.019170
64 0.863124 0.810968 0.024976 0.019799
52 0.292116 0.429447 0.049461 0.019799
88 0.859941 0.788498 0.037218 0.020113
57 0.627326 0.238058 0.037218 0.020427
88 0.616308 0.728944 0.042605 0.020427
56 0.617532 0.707888 0.017630 0.021056
88 0.537953 0.390163 0.039667 0.022313
85 0.457884 0.357951 0.023506 0.022627
91 0.130509 0.422062 0.029873 0.022627
120 0.130754 0.627121 0.017630 0.022942
83 0.126592 0.568982 0.026934 0.022942
91 0.537708 0.317568 0.027424 0.022942
55 0.127816 0.821653 0.041136 0.022942
56 0.777424 0.498272 0.021058 0.023570
113 0.616063 0.622407 0.041136 0.023570
88 0.380754 0.407448 0.042605 0.023570
120 0.128795 0.877436 0.023506 0.023884
81 0.451763 0.810497 0.031832 0.023884
85 0.294564 0.450189 0.023017 0.024199
83 0.865573 0.275770 0.024976 0.024827
88 0.617777 0.486958 0.024976 0.024827
88 0.458129 0.325110 0.038688 0.024827
56 0.862635 0.528598 0.020078 0.025141
74 0.455681 0.656191 0.030852 0.025141
83 0.130999 0.279070 0.033790 0.025141
120 0.295544 0.360622 0.023017 0.025456
121 0.126102 0.846794 0.039667 0.025456
92 0.615083 0.647549 0.035260 0.026084
85 0.535994 0.206474 0.035749 0.026398
83 0.777424 0.557354 0.033790 0.026713
55 0.537218 0.832338 0.037218 0.026713
124 0.621205 0.263514 0.040646 0.026713
88 0.534525 0.686832 0.040646 0.026713
72 0.211068 0.540698 0.043095 0.026713
76 0.617042 0.546669 0.019589 0.027341
85 0.539667 0.449874 0.023506 0.027341
88 0.860186 0.613922 0.040646 0.027341
60 0.375857 0.483972 0.023017 0.027656
76 0.611900 0.839095 0.025955 0.027656
76 0.862635 0.350409 0.027914 0.027656
68 0.865083 0.834224 0.007346 0.027970
66 0.700049 0.386706 0.024976 0.027970
88 0.863859 0.245286 0.033301 0.027970
495 0.130754 0.356851 0.050930 0.027970
66 0.536484 0.422219 0.027914 0.028598
118 0.863124 0.867536 0.030852 0.028598
126 0.780852 0.469045 0.031832 0.028598
126 0.619246 0.349309 0.035749 0.028598
74 0.458129 0.207731 0.023996 0.028913
117 0.774976 0.704588 0.027914 0.028913
95 0.619246 0.518542 0.045544 0.028913
547 0.785260 0.589095 0.035749 0.029227
57 0.706905 0.448931 0.042605 0.029227
127 0.208619 0.568982 0.045054 0.029227
118 0.214251 0.851508 0.022037 0.029855
1083 0.782321 0.353080 0.026934 0.029855
83 0.212292 0.506442 0.028893 0.029855
78 0.455926 0.624607 0.035260 0.029855
95 0.538443 0.722659 0.043585 0.029855
53 0.292850 0.477373 0.013712 0.030170
83 0.452008 0.874607 0.031342 0.030170
91 0.459354 0.239158 0.037218 0.030170
3735 0.125122 0.600880 0.041626 0.030170
127 0.208864 0.767756 0.044564 0.030170
66 0.126347 0.682432 0.025465 0.030484
62 0.134182 0.250629 0.033301 0.030484
93 0.132468 0.451446 0.038688 0.030484
118 0.620225 0.676461 0.015181 0.031113
66 0.621205 0.163891 0.029873 0.031113
110 0.697111 0.418448 0.038688 0.031113
1005 0.861410 0.684318 0.050930 0.031113
122 0.535994 0.760528 0.030852 0.031427
126 0.539422 0.515713 0.033790 0.031427
126 0.453722 0.557197 0.041626 0.031427
53 0.455681 0.588466 0.018119 0.031741
2134 0.376102 0.330138 0.039177 0.031741
53 0.536729 0.480044 0.015671 0.032370
117 0.454212 0.737744 0.023996 0.032370
81 0.213761 0.645349 0.030852 0.032370
101 0.207884 0.820082 0.040646 0.032370
60 0.123653 0.714645 0.015181 0.032684
110 0.211068 0.677561 0.035260 0.032684
2752 0.221596 0.207731 0.058276 0.032684
1792 0.226738 0.331710 0.031342 0.032998
63 0.219148 0.739943 0.039667 0.032998
56 0.211802 0.711659 0.046523 0.032998
303 0.697111 0.482558 0.055338 0.033627
111 0.860186 0.644877 0.028893 0.033941
1354 0.130020 0.391578 0.035749 0.033941
73 0.534280 0.590823 0.062684 0.033941
58 0.541381 0.238058 0.037708 0.034255
85 0.128061 0.795412 0.013222 0.035198
120 0.613369 0.872093 0.023996 0.035198
28 0.298727 0.285984 0.056807 0.035198
2395 0.865328 0.210088 0.037218 0.035512
85 0.455681 0.686204 0.010284 0.036141
60 0.451763 0.772627 0.020078 0.036141
87 0.780118 0.394563 0.039177 0.036141
53 0.457640 0.274356 0.018119 0.036455
111 0.780852 0.665305 0.026934 0.036455
2134 0.862145 0.724230 0.040646 0.036769
51 0.295054 0.328881 0.041626 0.036769
62 0.455926 0.841452 0.031342 0.037398
2913 0.861655 0.758485 0.035749 0.037398
110 0.865328 0.402734 0.041136 0.037398
2194 0.214740 0.162948 0.049461 0.037398
119 0.458129 0.389692 0.017140 0.037712
58 0.538932 0.868950 0.025955 0.037712
2193 0.134427 0.310497 0.030852 0.037712
62 0.783301 0.528913 0.041626 0.037712
28 0.701518 0.285984 0.059256 0.037712
70 0.781832 0.627436 0.030852 0.038026
3868 0.538932 0.281113 0.033790 0.038026
51 0.864104 0.316310 0.041626 0.038026
51 0.459109 0.428504 0.041626 0.038026
2320 0.620225 0.445789 0.043585 0.038026
86 0.795544 0.430075 0.025955 0.038655
119 0.618756 0.803268 0.020078 0.038969
107 0.534035 0.554368 0.031832 0.038969
101 0.294074 0.399749 0.033790 0.038969
63 0.542605 0.796040 0.045054 0.038969
53 0.859696 0.578724 0.020078 0.039283
63 0.462047 0.463074 0.043585 0.039283
87 0.616308 0.763514 0.037708 0.039912
81 0.130509 0.210088 0.040646 0.039912
3223 0.782811 0.217159 0.054358 0.040226
68 0.615818 0.584695 0.009305 0.041798
68 0.131734 0.488215 0.009794 0.041798
107 0.376836 0.447989 0.026934 0.041798
110 0.624633 0.202860 0.044564 0.041798
4458 0.621939 0.306097 0.047013 0.042740
4191 0.215230 0.376964 0.047502 0.043683
1305 0.775220 0.266342 0.031342 0.044312
88 0.219148 0.467630 0.016161 0.045255
3334 0.780118 0.313639 0.052889 0.045255
2987 0.537463 0.353394 0.048482 0.046197
2446 0.618022 0.393306 0.048972 0.046197
4214 0.218903 0.422219 0.048972 0.046197
1607 0.128550 0.534727 0.041626 0.046826
2987 0.455436 0.512885 0.047013 0.047769
2913 0.376347 0.369736 0.037708 0.048083
1375 0.861410 0.451446 0.045054 0.048712
1886 0.375612 0.290698 0.031342 0.049026
1375 0.372919 0.218573 0.044564 0.049340
3009 0.215230 0.259114 0.050441 0.051226
47 0.131978 0.747014 0.028893 0.051540
69 0.222086 0.595537 0.022037 0.055311
1267 0.697600 0.338466 0.037708 0.056568
2692 0.534280 0.640321 0.035260 0.061911
68 0.375612 0.559554 0.011753 0.074481
68 0.779873 0.757228 0.015181 0.075110
