52 0.643622 0.829850 0.033163 0.012410
56 0.219133 0.894350 0.022959 0.017962
85 0.647959 0.785761 0.015306 0.020248
418 0.132143 0.836055 0.031633 0.020248
56 0.750000 0.245265 0.015306 0.020901
101 0.130102 0.584912 0.052041 0.021555
101 0.840051 0.892227 0.053571 0.022208
113 0.123724 0.435990 0.055612 0.022861
98 0.643367 0.852547 0.048980 0.023841
88 0.214286 0.644024 0.040816 0.024167
64 0.835969 0.382593 0.032143 0.025147
553 0.747449 0.815643 0.064286 0.025800
56 0.215816 0.820705 0.019388 0.026127
88 0.306122 0.798171 0.042857 0.027433
65 0.493112 0.792129 0.054592 0.027760
111 0.647194 0.809602 0.021939 0.028086
287 0.757653 0.850098 0.057143 0.028739
86 0.836990 0.275147 0.031122 0.029719
104 0.132398 0.864468 0.045408 0.030046
495 0.485459 0.716525 0.076020 0.030046
64 0.837500 0.754409 0.042347 0.030699
85 0.390816 0.510941 0.019388 0.031025
126 0.391837 0.475343 0.048980 0.031025
118 0.746684 0.273351 0.019898 0.031352
495 0.294898 0.281515 0.063265 0.031352
252 0.392347 0.331809 0.035714 0.032005
553 0.304082 0.716199 0.063265 0.032005
495 0.829847 0.500327 0.066837 0.032005
88 0.299235 0.243795 0.027041 0.032332
91 0.123980 0.260451 0.050000 0.032332
88 0.830867 0.629654 0.030102 0.032658
88 0.484694 0.680111 0.031633 0.032985
83 0.738776 0.526290 0.035714 0.032985
83 0.215816 0.726486 0.037755 0.032985
83 0.211735 0.432234 0.038776 0.032985
88 0.124490 0.500327 0.029592 0.033312
85 0.128827 0.709830 0.019898 0.033638
83 0.747194 0.775800 0.043367 0.033638
120 0.214286 0.526290 0.029592 0.034291
91 0.832908 0.349608 0.045408 0.034291
88 0.211990 0.395493 0.013776 0.034618
115 0.215816 0.610712 0.050000 0.034618
83 0.393622 0.599445 0.048469 0.034944
2489 0.297959 0.199053 0.059184 0.034944
91 0.390816 0.372306 0.051020 0.035271
1559 0.399490 0.889941 0.061224 0.035271
120 0.390051 0.241672 0.026020 0.035924
83 0.477806 0.476486 0.045408 0.035924
126 0.134439 0.757348 0.054592 0.035924
86 0.143878 0.893044 0.035714 0.036251
107 0.303827 0.486610 0.023980 0.036577
88 0.487245 0.890268 0.030612 0.036577
119 0.133673 0.672436 0.026531 0.037231
120 0.302041 0.522698 0.028571 0.037557
53 0.125255 0.468975 0.019898 0.037884
126 0.304337 0.565970 0.051531 0.037884
3868 0.647194 0.706238 0.035204 0.038210
3223 0.644133 0.618713 0.060714 0.038210
53 0.832653 0.241672 0.018367 0.039190
108 0.750765 0.355160 0.051531 0.039517
1375 0.831888 0.673579 0.065816 0.039517
62 0.218367 0.860549 0.044898 0.039843
89 0.125765 0.405454 0.064796 0.040170
127 0.835204 0.310255 0.060204 0.040496
1174 0.747959 0.624755 0.063265 0.040496
2222 0.214796 0.356630 0.064286 0.040496
509 0.127296 0.544579 0.049490 0.040823
126 0.401531 0.744775 0.062245 0.040823
3223 0.482143 0.250327 0.066327 0.040823
83 0.300510 0.676192 0.022449 0.041476
119 0.479847 0.437786 0.022959 0.042129
1174 0.838776 0.416395 0.056122 0.042456
4720 0.647194 0.662965 0.057653 0.042456
529 0.304847 0.841933 0.058673 0.042456
869 0.303316 0.446440 0.061735 0.042456
1928 0.831122 0.596832 0.074490 0.042782
74 0.748214 0.399086 0.034184 0.043109
126 0.837500 0.716525 0.039286 0.043109
58 0.393878 0.555193 0.039796 0.043762
53 0.213776 0.203298 0.016327 0.044089
70 0.210969 0.249020 0.029082 0.044089
2059 0.392347 0.285598 0.068367 0.044089
1891 0.483163 0.518125 0.054082 0.044742
3249 0.645408 0.751143 0.048980 0.045069
1902 0.835204 0.544742 0.071429 0.045069
70 0.482908 0.393207 0.032143 0.045722
70 0.393367 0.201992 0.028571 0.046048
119 0.135459 0.800947 0.028061 0.046702
2677 0.484949 0.201012 0.045408 0.046702
2309 0.130102 0.623122 0.058163 0.047028
68 0.846173 0.792129 0.021939 0.047355
83 0.296429 0.392717 0.022449 0.047355
1711 0.831633 0.201829 0.066327 0.047681
126 0.484439 0.345036 0.040306 0.048008
680 0.400000 0.791966 0.043878 0.048334
68 0.838010 0.463096 0.012755 0.048988
68 0.757398 0.497387 0.013776 0.048988
683 0.215051 0.570705 0.065816 0.049314
2369 0.121939 0.306009 0.051020 0.049641
3747 0.125000 0.210320 0.039796 0.050294
2193 0.306378 0.761267 0.044388 0.050294
68 0.735204 0.308785 0.013265 0.050621
121 0.121429 0.350425 0.032653 0.050947
2426 0.746684 0.729099 0.067857 0.051274
118 0.839541 0.848792 0.029082 0.051600
781 0.745408 0.203625 0.062245 0.051927
4720 0.485969 0.298008 0.067857 0.051927
3747 0.397704 0.841117 0.040306 0.052580
717 0.397194 0.645003 0.063776 0.053560
4147 0.209694 0.302090 0.058163 0.054866
68 0.224235 0.678152 0.018878 0.055193
2193 0.394388 0.699869 0.042857 0.055519
68 0.745408 0.675376 0.013265 0.056172
2193 0.490816 0.750980 0.041837 0.056499
3136 0.298724 0.330993 0.043367 0.056499
68 0.488010 0.837035 0.013776 0.056826
3459 0.305612 0.616101 0.045918 0.057152
929 0.746684 0.576421 0.065816 0.058132
2438 0.209949 0.481058 0.055612 0.058785
3684 0.487500 0.634879 0.061735 0.058785
68 0.304082 0.887165 0.010204 0.059765
3500 0.749745 0.448890 0.056633 0.059765
3439 0.217602 0.777433 0.046429 0.062378
4720 0.619388 0.466362 0.080612 0.064010
3439 0.391837 0.424722 0.050000 0.064337
4252 0.616327 0.315317 0.073469 0.064990
3074 0.483673 0.575441 0.061224 0.066623
4713 0.618622 0.539843 0.092347 0.073808
1232 0.615816 0.397616 0.082653 0.076094
