246 0.772613 0.279074 0.036683 0.005071
297 0.462563 0.277214 0.033668 0.009466
642 0.248995 0.267241 0.028643 0.010480
642 0.461307 0.267918 0.026131 0.011832
92 0.246231 0.862745 0.038191 0.012170
251 0.251508 0.278059 0.029648 0.013185
642 0.771106 0.271129 0.032663 0.013523
302 0.774121 0.257099 0.041709 0.014537
128 0.574372 0.516058 0.020101 0.015889
302 0.250503 0.256423 0.041709 0.015889
92 0.360553 0.535159 0.035678 0.016227
52 0.135930 0.863421 0.045729 0.016227
302 0.461558 0.256085 0.038693 0.016565
56 0.135930 0.499493 0.017588 0.017918
92 0.141960 0.436613 0.042714 0.019270
418 0.323618 0.889283 0.016080 0.019946
56 0.774623 0.346518 0.019598 0.020284
418 0.359548 0.443543 0.041709 0.020284
297 0.353518 0.737323 0.060804 0.020284
119 0.589196 0.847701 0.016583 0.020622
698 0.667588 0.444050 0.044724 0.020622
52 0.359296 0.469405 0.048241 0.020622
101 0.573367 0.280426 0.066332 0.020622
72 0.133668 0.562035 0.054271 0.021974
60 0.359799 0.268256 0.040201 0.023327
418 0.571106 0.886072 0.046734 0.027045
56 0.572362 0.634381 0.016080 0.027383
66 0.567337 0.342630 0.030151 0.028059
118 0.244975 0.883874 0.022613 0.029412
120 0.669849 0.268763 0.026131 0.029750
64 0.662060 0.844828 0.026633 0.029750
88 0.769598 0.755578 0.043719 0.029750
1173 0.246734 0.646383 0.052261 0.029750
108 0.572362 0.539385 0.020101 0.030088
56 0.671106 0.374408 0.024623 0.030088
108 0.570101 0.569980 0.020603 0.031102
72 0.242965 0.837390 0.046734 0.031102
91 0.570854 0.696416 0.060302 0.031102
108 0.137437 0.754733 0.020603 0.031440
126 0.771106 0.681711 0.058794 0.031440
110 0.462563 0.736815 0.038693 0.032116
87 0.575879 0.716700 0.046231 0.032454
88 0.350503 0.810852 0.025628 0.032792
91 0.466332 0.765551 0.062312 0.032792
88 0.461558 0.883198 0.026633 0.033469
123 0.243467 0.803076 0.028643 0.033469
98 0.666080 0.236139 0.053769 0.033469
113 0.135930 0.412610 0.062814 0.033469
88 0.666332 0.776538 0.036181 0.033807
88 0.139447 0.344151 0.041709 0.033807
119 0.572613 0.753719 0.019598 0.034145
126 0.253015 0.613083 0.046734 0.034145
91 0.129146 0.239182 0.052261 0.034145
87 0.669095 0.478871 0.056784 0.034145
88 0.664573 0.567951 0.019598 0.035159
720 0.465327 0.576741 0.046231 0.035159
327 0.347236 0.845842 0.056281 0.035159
117 0.243719 0.488337 0.020101 0.035497
88 0.672111 0.337559 0.037688 0.035497
83 0.666080 0.811190 0.045729 0.035497
109 0.361055 0.338235 0.054774 0.035497
66 0.247990 0.354801 0.030653 0.036173
83 0.133920 0.376437 0.038693 0.036173
126 0.250754 0.727688 0.054271 0.036173
2598 0.133417 0.792427 0.024623 0.036511
74 0.664322 0.639959 0.032161 0.036511
3322 0.352764 0.774848 0.048241 0.036511
60 0.140452 0.306119 0.026633 0.036849
119 0.350754 0.881508 0.030151 0.036849
85 0.356784 0.698614 0.020101 0.037525
51 0.137437 0.275693 0.040704 0.037525
83 0.663065 0.603955 0.047739 0.037525
60 0.144221 0.879986 0.028141 0.037863
2677 0.572111 0.305274 0.039698 0.037863
691 0.243216 0.765044 0.048241 0.037863
2598 0.566583 0.858519 0.029648 0.038201
126 0.573116 0.447093 0.054774 0.038201
119 0.462060 0.846856 0.024623 0.039216
88 0.136432 0.528736 0.030653 0.039216
70 0.137186 0.717377 0.050251 0.039216
90 0.670101 0.881339 0.061809 0.039216
2677 0.357538 0.660751 0.041709 0.039554
2677 0.774623 0.602265 0.042714 0.039554
122 0.357789 0.501859 0.046231 0.039554
68 0.784171 0.782454 0.015578 0.040230
127 0.572613 0.659736 0.049749 0.040230
81 0.460553 0.703009 0.050754 0.040230
68 0.361055 0.374239 0.012563 0.040568
81 0.357538 0.241717 0.052764 0.040568
95 0.671608 0.304260 0.061809 0.040568
127 0.147739 0.593644 0.066332 0.040568
370 0.576131 0.824713 0.062814 0.040906
2987 0.776884 0.718222 0.068342 0.040906
85 0.356533 0.615788 0.017588 0.041582
2983 0.771106 0.646552 0.047739 0.041582
119 0.359045 0.301555 0.023618 0.041920
127 0.779648 0.376606 0.068844 0.041920
2598 0.356281 0.418019 0.026131 0.042258
60 0.246482 0.315585 0.027638 0.042258
88 0.570854 0.784145 0.056281 0.042258
87 0.464824 0.805443 0.038191 0.042934
110 0.465578 0.402130 0.044724 0.042934
53 0.573116 0.412441 0.018593 0.043272
111 0.240452 0.528398 0.026633 0.043272
1795 0.464824 0.613928 0.042211 0.043272
108 0.778141 0.317782 0.058794 0.043272
2193 0.142211 0.676302 0.042211 0.043611
81 0.567337 0.488337 0.050251 0.043611
252 0.774121 0.553245 0.050754 0.044287
2836 0.134673 0.832995 0.052261 0.044625
268 0.571608 0.241717 0.053769 0.044625
81 0.462563 0.362576 0.050754 0.044963
3060 0.769095 0.876099 0.059799 0.044963
83 0.764070 0.827755 0.044724 0.045639
710 0.462312 0.532285 0.054271 0.045639
81 0.568593 0.609026 0.055779 0.045639
2320 0.667839 0.737830 0.058291 0.045639
111 0.774372 0.415314 0.024121 0.046315
62 0.671106 0.401454 0.055779 0.046315
87 0.464322 0.659060 0.038191 0.046991
76 0.570603 0.381508 0.053769 0.046991
118 0.138442 0.468560 0.026633 0.047329
87 0.464573 0.315585 0.036683 0.048343
4458 0.247990 0.399932 0.069849 0.048682
68 0.668090 0.524003 0.013568 0.050034
2918 0.243719 0.688303 0.058291 0.050034
4722 0.353015 0.566937 0.060804 0.050034
4458 0.464824 0.450304 0.066332 0.050034
110 0.666080 0.685091 0.049749 0.050372
58 0.241457 0.575558 0.052764 0.050372
78 0.777136 0.464672 0.043719 0.051048
68 0.134925 0.627789 0.015578 0.052738
