246 0.485519 0.437171 0.060032 0.009868
64 0.489731 0.756743 0.024223 0.014145
93 0.577936 0.461513 0.055292 0.018421
56 0.673512 0.828947 0.017904 0.022368
56 0.572143 0.482895 0.017378 0.026316
65 0.581095 0.597533 0.040548 0.027961
88 0.111111 0.500329 0.015798 0.028289
88 0.120063 0.680428 0.031596 0.029276
495 0.119800 0.712993 0.068984 0.029276
495 0.578462 0.831414 0.076356 0.029276
553 0.570827 0.244408 0.070563 0.029605
60 0.664297 0.381908 0.036335 0.030263
67 0.215640 0.504605 0.047920 0.030263
91 0.572407 0.399671 0.050553 0.030263
91 0.486835 0.626809 0.048973 0.030592
126 0.207741 0.841612 0.051080 0.030592
91 0.488942 0.725000 0.051080 0.031579
553 0.668773 0.539474 0.065298 0.031579
88 0.666930 0.499671 0.030016 0.032895
60 0.210900 0.733553 0.040548 0.032895
126 0.119273 0.848355 0.051080 0.032895
81 0.205108 0.546382 0.057399 0.032895
495 0.109005 0.323191 0.069510 0.033224
118 0.667983 0.858882 0.022643 0.033553
88 0.578726 0.799671 0.028436 0.033553
124 0.204581 0.809539 0.053186 0.033553
83 0.115061 0.537007 0.046867 0.033882
83 0.481306 0.351316 0.042127 0.034211
83 0.575566 0.677632 0.044234 0.034868
70 0.475777 0.233059 0.042654 0.035197
60 0.481043 0.264145 0.021590 0.035526
104 0.576619 0.434211 0.050553 0.035526
123 0.205635 0.770230 0.021590 0.035855
91 0.342549 0.549507 0.065824 0.036513
118 0.208268 0.659868 0.023697 0.036842
85 0.207214 0.578618 0.026856 0.036842
68 0.574250 0.557566 0.052133 0.036842
1083 0.670879 0.736020 0.052659 0.037829
95 0.213007 0.696053 0.061611 0.038158
1214 0.581885 0.760855 0.055819 0.038816
87 0.111111 0.235362 0.032649 0.039145
96 0.670090 0.283059 0.060558 0.039803
1723 0.207478 0.882401 0.064244 0.039803
85 0.488678 0.780263 0.021064 0.040132
91 0.671406 0.697697 0.048447 0.040132
53 0.478146 0.192434 0.020011 0.040789
119 0.569774 0.522204 0.038968 0.041118
691 0.122433 0.886349 0.053186 0.041118
58 0.579516 0.633224 0.031069 0.041447
51 0.213270 0.620230 0.051606 0.041776
87 0.665877 0.189803 0.038441 0.042105
70 0.661664 0.242599 0.050026 0.042434
1375 0.668246 0.469901 0.065298 0.042434
2752 0.209584 0.363322 0.066351 0.043092
2222 0.122696 0.754441 0.066351 0.043092
82 0.487098 0.535855 0.064244 0.043421
629 0.114007 0.358059 0.039494 0.044408
62 0.484992 0.586513 0.046340 0.044737
81 0.109005 0.199836 0.054766 0.045066
2218 0.584518 0.718421 0.067404 0.045395
83 0.107952 0.412664 0.027383 0.045724
59 0.113744 0.283059 0.041074 0.045724
2989 0.573723 0.196546 0.076356 0.045724
2222 0.116114 0.459211 0.061611 0.046711
4253 0.203265 0.263980 0.066351 0.047039
1654 0.482886 0.307895 0.073723 0.047368
68 0.662717 0.423684 0.012112 0.048026
932 0.580569 0.876809 0.074250 0.048355
2854 0.576093 0.286349 0.071617 0.050329
523 0.202738 0.313322 0.052659 0.051645
735 0.347815 0.442270 0.088994 0.052303
2193 0.120063 0.638158 0.043181 0.053289
2354 0.485255 0.398684 0.060558 0.055263
975 0.484466 0.483388 0.061085 0.055592
1699 0.117167 0.585033 0.071090 0.056250
781 0.667720 0.785526 0.054766 0.056579
3009 0.206951 0.413816 0.074776 0.057237
111 0.348078 0.497204 0.034755 0.057566
68 0.670616 0.870559 0.052133 0.057566
2191 0.117694 0.809539 0.043707 0.057895
3366 0.487888 0.676974 0.056345 0.057895
2856 0.207478 0.466941 0.072670 0.058224
3367 0.666140 0.591118 0.054766 0.059868
979 0.206688 0.205592 0.059505 0.059868
3470 0.576883 0.348026 0.072143 0.065132
3385 0.669563 0.655921 0.059505 0.065789
2844 0.344918 0.377303 0.086361 0.065789
3754 0.342285 0.307401 0.062138 0.067434
3500 0.664560 0.337993 0.060032 0.068092
68 0.489468 0.830099 0.019484 0.071382
1959 0.809110 0.308224 0.088994 0.075658
2354 0.813323 0.394572 0.084781 0.079276
