246 0.670489 0.879485 0.058614 0.008125
246 0.464832 0.232735 0.059123 0.010494
248 0.674057 0.281821 0.041284 0.013879
128 0.137360 0.525897 0.014781 0.014557
642 0.676606 0.267095 0.040265 0.017603
64 0.134302 0.729689 0.022936 0.019296
52 0.463303 0.853250 0.055046 0.019973
128 0.572885 0.325322 0.014271 0.020311
56 0.575178 0.796547 0.022936 0.021666
861 0.357034 0.562119 0.054536 0.023358
418 0.780326 0.451760 0.046891 0.024712
642 0.351682 0.818043 0.053007 0.026066
81 0.134302 0.504909 0.041284 0.026743
251 0.134811 0.382532 0.044343 0.027082
66 0.672018 0.319736 0.029052 0.027420
126 0.138889 0.856974 0.060652 0.028775
251 0.464577 0.579384 0.046381 0.029452
330 0.135321 0.885748 0.046381 0.029452
302 0.245158 0.569905 0.048930 0.029452
88 0.241335 0.825491 0.029052 0.030129
88 0.573140 0.492383 0.035168 0.031483
1782 0.353976 0.853250 0.067788 0.031483
119 0.136850 0.799763 0.032110 0.032160
2707 0.464322 0.660630 0.040775 0.032160
88 0.779562 0.248646 0.052497 0.032160
110 0.135321 0.828368 0.045362 0.032498
495 0.354485 0.334123 0.076962 0.032498
88 0.351172 0.786222 0.022426 0.032837
88 0.460754 0.826506 0.028542 0.032837
120 0.582314 0.691774 0.024975 0.033514
88 0.349898 0.711408 0.027013 0.033514
119 0.244903 0.362729 0.036188 0.033514
2677 0.673038 0.759479 0.038226 0.033514
98 0.572885 0.657921 0.053007 0.033514
1157 0.239806 0.601896 0.062691 0.033852
91 0.133537 0.699898 0.042813 0.034868
121 0.464067 0.877116 0.039246 0.035206
717 0.356014 0.442282 0.073904 0.035545
126 0.675076 0.844448 0.058614 0.036222
91 0.239042 0.756093 0.067278 0.036222
88 0.243119 0.639472 0.028542 0.036561
58 0.132263 0.765064 0.031091 0.036561
252 0.673038 0.714286 0.054536 0.036561
1174 0.363660 0.299255 0.062691 0.036561
91 0.359072 0.629993 0.075943 0.036561
88 0.576707 0.765234 0.029052 0.036899
88 0.250765 0.239506 0.057085 0.036899
58 0.245923 0.326845 0.027013 0.037576
509 0.245923 0.791808 0.044343 0.037915
2216 0.470183 0.408937 0.060652 0.037915
108 0.352956 0.404198 0.062691 0.037915
91 0.462029 0.496276 0.065749 0.037915
1185 0.354485 0.529113 0.065749 0.037915
83 0.567023 0.571598 0.043323 0.038253
509 0.353721 0.750000 0.046891 0.038253
126 0.244903 0.401659 0.062691 0.038253
327 0.246942 0.675863 0.062691 0.038253
1087 0.354995 0.882871 0.042304 0.039269
1799 0.348369 0.596141 0.054536 0.039269
83 0.241335 0.479519 0.046381 0.039607
81 0.573649 0.294685 0.052497 0.039607
88 0.131498 0.342079 0.030581 0.040284
119 0.572120 0.407244 0.033129 0.040623
126 0.141437 0.610359 0.051478 0.040623
552 0.136086 0.419093 0.071356 0.040623
120 0.669725 0.627793 0.046891 0.040961
642 0.463558 0.618653 0.050459 0.040961
95 0.577727 0.725626 0.058614 0.040961
91 0.455657 0.697529 0.059123 0.040961
127 0.681193 0.354604 0.067788 0.040961
125 0.574414 0.365775 0.048930 0.041638
88 0.464832 0.324983 0.028542 0.041977
78 0.679154 0.488152 0.041284 0.041977
2194 0.470693 0.368314 0.060652 0.041977
68 0.573140 0.533006 0.009684 0.042316
68 0.248471 0.440251 0.014781 0.042316
62 0.783384 0.371869 0.055046 0.042316
111 0.674312 0.444990 0.024465 0.043670
51 0.782620 0.325152 0.045362 0.043670
2987 0.467890 0.538422 0.065240 0.043670
4252 0.243374 0.866452 0.046381 0.044347
2856 0.462538 0.739167 0.066769 0.044347
2946 0.245413 0.714963 0.055556 0.044685
2987 0.577217 0.870684 0.074924 0.044685
68 0.672018 0.669093 0.008665 0.045024
2987 0.580785 0.451760 0.070846 0.045024
503 0.135831 0.298747 0.035168 0.045701
83 0.778542 0.289269 0.041284 0.045701
62 0.582059 0.828199 0.050968 0.045701
3060 0.574669 0.616622 0.058614 0.045701
119 0.461009 0.787745 0.038226 0.046039
958 0.354740 0.483582 0.038736 0.046378
2983 0.670744 0.798070 0.050968 0.046378
2989 0.573904 0.248307 0.061162 0.046378
111 0.359327 0.361374 0.026504 0.047055
68 0.248726 0.278436 0.016310 0.047732
2946 0.355759 0.669431 0.057085 0.048409
2836 0.133537 0.465640 0.059123 0.048409
2103 0.135066 0.244922 0.073394 0.048409
2598 0.779307 0.419601 0.026504 0.049086
58 0.673802 0.394550 0.040775 0.049763
3136 0.133792 0.659276 0.047401 0.049763
4528 0.244393 0.524374 0.039246 0.050102
4260 0.131753 0.564150 0.038226 0.051117
3009 0.467125 0.454130 0.059633 0.051117
53 0.668960 0.580399 0.020897 0.054502
646 0.465087 0.271835 0.041284 0.055518
2193 0.361366 0.248815 0.046891 0.056872
