246 0.480709 0.406760 0.054223 0.006858
246 0.479927 0.257348 0.058916 0.009144
92 0.389729 0.760941 0.039103 0.015023
297 0.384515 0.387655 0.054745 0.022208
102 0.293014 0.243958 0.063608 0.024167
65 0.858446 0.846669 0.048488 0.025147
88 0.293274 0.445787 0.046403 0.025474
248 0.285454 0.372796 0.056830 0.026453
101 0.756778 0.385042 0.066215 0.027433
1810 0.296924 0.652678 0.034932 0.027760
4034 0.296924 0.580830 0.055787 0.027760
297 0.383733 0.193011 0.052138 0.029393
66 0.479927 0.745265 0.029718 0.030699
115 0.846455 0.770248 0.053702 0.031679
91 0.391554 0.641084 0.047967 0.032005
83 0.295620 0.736120 0.042753 0.032658
88 0.391554 0.892227 0.039625 0.033312
87 0.297185 0.768779 0.050052 0.033965
642 0.294838 0.616264 0.044317 0.034618
84 0.847497 0.814664 0.044317 0.034944
327 0.294838 0.543272 0.063087 0.034944
120 0.297706 0.844383 0.030240 0.035598
88 0.851147 0.493632 0.062044 0.035598
83 0.288060 0.505225 0.044317 0.035924
118 0.479666 0.596832 0.021898 0.036251
67 0.854797 0.642227 0.049531 0.036251
85 0.843587 0.729099 0.022941 0.036904
108 0.846976 0.601078 0.027633 0.036904
4082 0.295360 0.692195 0.041189 0.036904
51 0.752607 0.341770 0.046403 0.037557
81 0.844891 0.691868 0.053702 0.037557
104 0.384776 0.350261 0.056309 0.037557
70 0.483055 0.829523 0.021376 0.039190
68 0.384776 0.300457 0.050052 0.039843
1834 0.391032 0.677008 0.065693 0.039843
512 0.844630 0.454931 0.072993 0.041150
95 0.482013 0.638308 0.056830 0.041476
2193 0.291449 0.331319 0.074035 0.041476
74 0.758081 0.245591 0.032325 0.041803
251 0.390772 0.797845 0.047445 0.041803
51 0.482795 0.558132 0.053180 0.041803
251 0.847237 0.198400 0.045881 0.042129
978 0.846715 0.300131 0.057351 0.042456
68 0.303962 0.476649 0.021898 0.043436
70 0.291971 0.200686 0.033368 0.043436
107 0.846976 0.884553 0.035975 0.043436
4135 0.754953 0.293109 0.072993 0.043436
108 0.755214 0.201502 0.064129 0.043762
121 0.297185 0.804540 0.043796 0.044089
1977 0.846194 0.351568 0.074035 0.044089
552 0.297445 0.409046 0.057873 0.044742
648 0.387383 0.481385 0.043796 0.045069
648 0.482013 0.510451 0.045360 0.046375
107 0.486184 0.789843 0.058916 0.046702
2750 0.841762 0.402841 0.070386 0.046702
717 0.392336 0.846669 0.072471 0.047355
717 0.391293 0.431581 0.056830 0.048661
2191 0.398853 0.599445 0.071950 0.049314
717 0.385819 0.249837 0.066736 0.050947
750 0.618874 0.387329 0.092805 0.050947
3868 0.483316 0.363815 0.046924 0.052253
1879 0.841762 0.256858 0.049531 0.052580
552 0.396767 0.720444 0.055266 0.052907
3004 0.482273 0.880960 0.071950 0.054540
717 0.482013 0.301274 0.068300 0.055193
1083 0.161105 0.463749 0.057351 0.055519
2586 0.617049 0.306009 0.067258 0.056172
717 0.488790 0.452482 0.077685 0.057152
3364 0.161366 0.391248 0.072471 0.058785
68 0.289885 0.279556 0.012513 0.059438
4712 0.473931 0.208687 0.049009 0.062704
1851 0.386601 0.538863 0.075600 0.062704
1295 0.158759 0.310745 0.061001 0.063031
588 0.845412 0.550621 0.061001 0.065970
836 0.616788 0.473220 0.082377 0.066623
3459 0.482273 0.696277 0.058394 0.068583
