246 0.619235 0.130728 0.043180 0.003453
246 0.539009 0.131513 0.034838 0.003766
246 0.551276 0.225832 0.025025 0.004080
246 0.625123 0.664940 0.033366 0.004080
246 0.614573 0.480069 0.039745 0.004708
88 0.296614 0.790490 0.016192 0.010986
128 0.290726 0.884809 0.008342 0.015066
418 0.289254 0.844476 0.028950 0.018519
91 0.534593 0.853578 0.028950 0.018519
92 0.289745 0.867389 0.029931 0.018519
52 0.528459 0.833804 0.052993 0.018519
56 0.863837 0.485876 0.019136 0.018832
56 0.374141 0.236817 0.014230 0.019774
56 0.856232 0.831764 0.019627 0.020088
642 0.627331 0.384338 0.023062 0.020402
91 0.294406 0.321563 0.037291 0.021030
91 0.458047 0.409918 0.030913 0.021343
64 0.862856 0.336943 0.026987 0.021657
499 0.627331 0.361739 0.030913 0.021657
88 0.371197 0.785468 0.036801 0.022913
81 0.531894 0.649874 0.045142 0.022913
83 0.858440 0.882768 0.026987 0.023540
91 0.295878 0.440521 0.031403 0.023540
88 0.374632 0.295198 0.039745 0.023540
88 0.211727 0.434244 0.041708 0.023540
81 0.460010 0.882298 0.025025 0.023854
91 0.866290 0.206842 0.035819 0.023854
108 0.448724 0.828468 0.018155 0.024168
83 0.369725 0.616290 0.019136 0.024796
120 0.450196 0.800534 0.022080 0.024796
861 0.450932 0.857659 0.035329 0.024796
85 0.537046 0.518048 0.018155 0.025424
126 0.453140 0.487288 0.035819 0.025424
91 0.619971 0.247489 0.030913 0.026051
72 0.288518 0.467200 0.049068 0.026051
60 0.447252 0.773697 0.040726 0.026365
2707 0.628067 0.412586 0.027478 0.026679
2678 0.626840 0.331921 0.028950 0.026679
67 0.543670 0.491368 0.043180 0.026679
120 0.210255 0.603421 0.020118 0.027307
83 0.287291 0.498901 0.025025 0.027307
85 0.213690 0.284997 0.014230 0.027621
85 0.208292 0.575173 0.028950 0.027935
64 0.455103 0.518675 0.030913 0.027935
2151 0.541462 0.322191 0.042689 0.027935
88 0.539500 0.384024 0.036801 0.028562
62 0.859666 0.858286 0.037291 0.028562
88 0.861874 0.708726 0.026987 0.028876
70 0.531403 0.810264 0.023553 0.029190
88 0.863837 0.458726 0.025025 0.029190
83 0.860648 0.546296 0.027478 0.029190
83 0.370707 0.814658 0.030913 0.029190
88 0.866536 0.277621 0.035329 0.029190
88 0.370216 0.586472 0.035819 0.029190
1214 0.134691 0.326585 0.041708 0.029190
83 0.863592 0.305869 0.033366 0.029818
4458 0.625368 0.164313 0.051521 0.029818
547 0.296369 0.532329 0.039254 0.030132
88 0.295142 0.409134 0.026006 0.030446
83 0.456575 0.241212 0.026987 0.030446
88 0.456084 0.209510 0.036801 0.030446
495 0.371933 0.399090 0.049068 0.030446
2752 0.617272 0.565129 0.049068 0.030446
83 0.533857 0.414783 0.027478 0.031073
126 0.534347 0.583961 0.037291 0.031073
58 0.296369 0.293628 0.039254 0.031073
67 0.541708 0.620684 0.045142 0.031073
2395 0.862365 0.423729 0.035819 0.031387
359 0.288027 0.689579 0.039254 0.031387
83 0.207556 0.539077 0.029441 0.031701
93 0.379048 0.210138 0.032875 0.031701
93 0.300540 0.258475 0.035819 0.031701
2193 0.542689 0.164940 0.052993 0.031701
85 0.536065 0.676554 0.013248 0.032329
58 0.371933 0.843220 0.029441 0.032329
64 0.456084 0.277307 0.033857 0.032329
119 0.374387 0.263967 0.015702 0.032643
717 0.549558 0.254551 0.043180 0.032643
2193 0.539990 0.352950 0.029931 0.032957
67 0.221541 0.254708 0.039745 0.032957
62 0.862856 0.515066 0.035819 0.033898
126 0.208047 0.350282 0.043180 0.033898
53 0.531894 0.880257 0.019627 0.034212
119 0.291217 0.650502 0.021099 0.034212
119 0.211482 0.510829 0.017664 0.034840
53 0.535819 0.549749 0.017664 0.034840
119 0.373160 0.878060 0.024043 0.034840
58 0.373160 0.327370 0.022080 0.035154
109 0.374141 0.649090 0.047596 0.035154
119 0.863837 0.620998 0.019136 0.035468
28 0.702650 0.287351 0.054956 0.036095
28 0.136654 0.286095 0.056428 0.036095
119 0.370216 0.369115 0.022080 0.036409
90 0.453631 0.555399 0.051521 0.036723
1982 0.455594 0.648619 0.052502 0.036723
1174 0.453140 0.691463 0.042689 0.037665
68 0.296369 0.724262 0.007851 0.037979
70 0.292198 0.568581 0.020118 0.037979
330 0.286310 0.815599 0.036801 0.038606
89 0.209519 0.466416 0.051030 0.038920
3203 0.453386 0.604991 0.041217 0.039862
53 0.867026 0.240113 0.013739 0.040176
70 0.778459 0.276365 0.020118 0.041117
1792 0.625859 0.700408 0.028950 0.041117
2677 0.212218 0.216729 0.038763 0.041117
102 0.214426 0.642655 0.045142 0.041117
4458 0.457802 0.373352 0.049068 0.041117
69 0.540726 0.773384 0.023553 0.041431
121 0.372669 0.434401 0.026987 0.041431
90 0.861384 0.585374 0.047596 0.041431
2752 0.861138 0.748588 0.054956 0.041431
78 0.123651 0.479127 0.047105 0.042373
53 0.212954 0.321406 0.013739 0.042687
87 0.288027 0.611111 0.039254 0.042687
4727 0.610648 0.523227 0.040726 0.042687
2043 0.704367 0.334432 0.064279 0.043628
1584 0.211727 0.395480 0.027969 0.043942
4727 0.533611 0.456999 0.038763 0.043942
81 0.295633 0.218299 0.037782 0.044256
2987 0.623896 0.283898 0.054465 0.044256
4458 0.697007 0.460609 0.056428 0.044884
2983 0.621933 0.211237 0.039745 0.045198
102 0.786801 0.321092 0.043670 0.045198
3019 0.369725 0.749058 0.038763 0.045512
1584 0.286555 0.760672 0.031403 0.046139
68 0.451668 0.733836 0.008342 0.047709
3009 0.859176 0.795825 0.051030 0.048650
2987 0.457066 0.446328 0.054465 0.048964
1831 0.856232 0.668707 0.035329 0.050534
68 0.371688 0.698368 0.007360 0.051475
111 0.132728 0.430948 0.026987 0.051475
3009 0.613592 0.617702 0.047596 0.051475
68 0.457556 0.321877 0.008342 0.051789
68 0.861138 0.375235 0.009814 0.052417
3435 0.296124 0.363308 0.038763 0.052417
2429 0.534102 0.723792 0.043670 0.052731
3459 0.368989 0.484777 0.043180 0.053672
3513 0.131256 0.376648 0.046614 0.053986
2959 0.374877 0.539391 0.043180 0.054928
4447 0.782875 0.226146 0.063297 0.054928
68 0.779441 0.375863 0.010304 0.061205
68 0.207556 0.701193 0.011776 0.074074
