26 0.769625 0.245050 0.040956 0.011314
26 0.146331 0.247621 0.037543 0.012343
101 0.463097 0.690280 0.055034 0.014657
102 0.254906 0.497043 0.052474 0.018514
93 0.361988 0.479429 0.043942 0.019285
81 0.876067 0.438673 0.043089 0.019542
102 0.874147 0.659938 0.056314 0.019799
52 0.876920 0.349833 0.043942 0.020828
76 0.460111 0.879661 0.032850 0.022628
91 0.671075 0.846747 0.040956 0.022628
92 0.873507 0.413088 0.037969 0.024428
127 0.770051 0.335433 0.042662 0.024942
52 0.875000 0.533942 0.042662 0.024942
56 0.561220 0.656596 0.043089 0.024942
127 0.464377 0.525971 0.047355 0.024942
287 0.363268 0.545770 0.051621 0.024942
114 0.460324 0.501029 0.039249 0.025456
127 0.258106 0.331319 0.049488 0.025456
127 0.567193 0.627796 0.049915 0.025456
81 0.462671 0.818205 0.038823 0.025714
120 0.254906 0.472487 0.014078 0.025971
127 0.569326 0.682566 0.055887 0.025971
120 0.873933 0.636539 0.018345 0.026485
56 0.768131 0.365775 0.043942 0.026485
68 0.674275 0.816662 0.008106 0.026742
108 0.872440 0.502186 0.018771 0.026742
85 0.562500 0.711365 0.020051 0.026999
74 0.359428 0.577398 0.032850 0.026999
98 0.664249 0.594112 0.040956 0.026999
91 0.461177 0.314991 0.035836 0.027771
114 0.564633 0.600154 0.037969 0.027771
117 0.465444 0.592569 0.023891 0.028028
91 0.563780 0.308434 0.037969 0.028028
91 0.359428 0.605683 0.035410 0.028542
88 0.667662 0.911160 0.046075 0.028542
125 0.356015 0.667781 0.042235 0.028799
85 0.463951 0.554770 0.030290 0.029056
114 0.771971 0.308691 0.041382 0.029571
126 0.463311 0.432373 0.042662 0.029571
56 0.252773 0.362175 0.047355 0.029571
74 0.463311 0.715351 0.035836 0.029828
67 0.364548 0.318591 0.039676 0.029828
72 0.667662 0.394446 0.040956 0.029828
114 0.254480 0.303163 0.041382 0.029828
67 0.675341 0.751607 0.042662 0.029828
60 0.460538 0.910131 0.023464 0.030085
76 0.566553 0.446002 0.030717 0.030085
91 0.667875 0.521599 0.036263 0.030085
76 0.359428 0.419002 0.040529 0.030085
98 0.562073 0.795192 0.052474 0.030599
88 0.667235 0.669067 0.027304 0.030856
126 0.463737 0.786063 0.051195 0.030856
115 0.358575 0.637825 0.042235 0.031113
126 0.565700 0.526999 0.042662 0.031628
495 0.562073 0.412574 0.058447 0.031628
126 0.568899 0.377218 0.045648 0.031885
127 0.260452 0.394960 0.057594 0.032913
68 0.362841 0.385189 0.011519 0.033942
68 0.461177 0.469787 0.042662 0.033942
68 0.773251 0.276421 0.045648 0.033942
87 0.877560 0.605683 0.042662 0.034199
91 0.666809 0.369118 0.037543 0.034713
107 0.359642 0.352790 0.022184 0.034970
115 0.457765 0.664824 0.044369 0.035228
68 0.256613 0.270378 0.045648 0.035228
107 0.671928 0.784649 0.040956 0.035742
81 0.664676 0.430316 0.046075 0.035742
509 0.670009 0.878375 0.037116 0.035999
108 0.879906 0.314091 0.037116 0.036256
120 0.567833 0.483029 0.035836 0.036770
1083 0.567193 0.341605 0.038823 0.036770
87 0.257892 0.440087 0.038823 0.036770
110 0.464164 0.849447 0.040956 0.036770
121 0.356442 0.449344 0.024317 0.037285
121 0.463951 0.749550 0.034556 0.038056
127 0.770478 0.398689 0.052901 0.038313
121 0.879053 0.566084 0.061007 0.038827
2987 0.150384 0.339676 0.072099 0.039085
121 0.875853 0.380689 0.032423 0.039856
109 0.462671 0.627025 0.043942 0.039856
1087 0.463524 0.392132 0.037116 0.040113
1138 0.356015 0.512857 0.053328 0.040370
68 0.565060 0.564155 0.041382 0.041142
725 0.670222 0.559784 0.044369 0.041142
3019 0.146331 0.281692 0.046075 0.041399
2896 0.567193 0.271664 0.053328 0.041399
81 0.876706 0.274749 0.042662 0.041913
107 0.875000 0.467472 0.025597 0.042170
330 0.671715 0.632296 0.033703 0.042170
1782 0.456698 0.350219 0.052474 0.042170
2438 0.669582 0.711880 0.042235 0.044999
2438 0.147611 0.394574 0.049488 0.044999
268 0.666596 0.322962 0.040529 0.045256
2920 0.459684 0.273464 0.051621 0.047056
3266 0.665316 0.482515 0.050768 0.047570
1851 0.665316 0.275392 0.053328 0.049370
3834 0.561007 0.752636 0.052901 0.050399
2438 0.359002 0.276806 0.049061 0.051684
68 0.252986 0.550270 0.010239 0.081255
68 0.873933 0.719594 0.017491 0.094883
