81 0.311765 0.659589 0.028877 0.010617
82 0.224866 0.500332 0.057219 0.012608
92 0.307487 0.415395 0.034225 0.013935
128 0.316043 0.672362 0.013904 0.014930
52 0.218182 0.854844 0.033155 0.014930
28 0.307219 0.167220 0.026203 0.015262
92 0.308021 0.816191 0.029947 0.015262
128 0.217914 0.515096 0.011230 0.016921
88 0.495989 0.320670 0.040107 0.018248
499 0.687166 0.473457 0.062032 0.019244
91 0.499198 0.251991 0.027273 0.019575
28 0.870856 0.217983 0.030481 0.019907
115 0.116310 0.626742 0.033690 0.019907
117 0.214439 0.262608 0.017112 0.020239
297 0.114171 0.360319 0.032620 0.020571
92 0.500802 0.554413 0.032620 0.020571
83 0.115508 0.452555 0.025668 0.021234
83 0.214706 0.764930 0.022995 0.021566
88 0.116043 0.428666 0.010695 0.021898
117 0.597861 0.720637 0.019251 0.021898
83 0.308824 0.761778 0.029412 0.021898
60 0.212032 0.283842 0.011230 0.022230
85 0.502406 0.673358 0.012299 0.022230
83 0.112834 0.258958 0.024599 0.022230
117 0.597326 0.513603 0.021390 0.022561
91 0.312299 0.234904 0.026738 0.022561
60 0.590374 0.744360 0.016043 0.022893
56 0.502941 0.819675 0.016578 0.023557
120 0.116310 0.648474 0.024064 0.023557
119 0.500535 0.648474 0.025668 0.023557
3289 0.114973 0.204877 0.048128 0.023557
642 0.683422 0.507465 0.051337 0.023557
642 0.582888 0.418713 0.040642 0.023889
495 0.588770 0.484738 0.054545 0.023889
120 0.116310 0.506802 0.018717 0.024220
88 0.313636 0.884373 0.018717 0.024220
88 0.217380 0.741871 0.011230 0.024552
60 0.216310 0.830790 0.014439 0.024552
111 0.501872 0.696749 0.024064 0.024552
88 0.506952 0.758958 0.016043 0.024884
83 0.118182 0.561214 0.023529 0.024884
53 0.308556 0.388188 0.014973 0.025216
42 0.310695 0.470803 0.014973 0.025216
113 0.307219 0.362973 0.043316 0.025216
109 0.208289 0.203052 0.040107 0.025879
1005 0.503743 0.731254 0.052406 0.025879
64 0.309893 0.795455 0.018717 0.026211
88 0.112834 0.234572 0.013904 0.026543
91 0.309893 0.301924 0.033690 0.026543
72 0.590374 0.614798 0.034225 0.026543
252 0.207754 0.352687 0.036898 0.026543
72 0.591979 0.688952 0.039572 0.026875
42 0.500267 0.219642 0.011230 0.027206
98 0.111230 0.482415 0.044920 0.027206
68 0.213369 0.230093 0.007487 0.027538
87 0.500802 0.621931 0.032620 0.028202
126 0.214706 0.671699 0.034759 0.028202
3157 0.113102 0.330790 0.050802 0.028534
60 0.593048 0.539317 0.013904 0.028865
87 0.119519 0.681818 0.031551 0.029197
710 0.584492 0.167220 0.040642 0.029197
72 0.502674 0.846218 0.025668 0.029529
95 0.118717 0.533842 0.045989 0.029861
68 0.212299 0.642502 0.010695 0.030192
87 0.213369 0.575813 0.031016 0.030192
2677 0.213904 0.800431 0.037433 0.030192
108 0.310963 0.735567 0.013369 0.030524
119 0.219251 0.877571 0.019251 0.030524
111 0.590374 0.815362 0.023529 0.030856
92 0.212834 0.544957 0.022460 0.031520
1180 0.501070 0.479595 0.037433 0.031520
4451 0.309626 0.847545 0.053476 0.031520
1656 0.114171 0.291141 0.055080 0.031520
1295 0.208824 0.321500 0.032620 0.031851
1350 0.589305 0.383875 0.045989 0.031851
119 0.498930 0.443431 0.017112 0.032183
120 0.401070 0.208195 0.023529 0.032183
710 0.309091 0.201559 0.047059 0.032183
1610 0.308556 0.703882 0.052406 0.032183
119 0.398128 0.279031 0.019786 0.032515
252 0.309091 0.441938 0.036364 0.032515
2707 0.687166 0.540810 0.036364 0.032515
327 0.308556 0.334107 0.047059 0.032515
2989 0.210160 0.468480 0.054545 0.032515
4327 0.873797 0.323159 0.058824 0.032515
87 0.498128 0.410916 0.029412 0.032847
2678 0.778342 0.479263 0.044385 0.032847
119 0.120053 0.713006 0.022995 0.033179
4214 0.217112 0.711513 0.048128 0.033510
2752 0.584759 0.302256 0.057219 0.033842
2752 0.679679 0.196085 0.063102 0.033842
121 0.212299 0.607996 0.025668 0.034174
2987 0.313636 0.263271 0.056150 0.034174
83 0.593316 0.882548 0.016578 0.034506
108 0.588503 0.848042 0.059358 0.034506
2989 0.307487 0.631221 0.056684 0.034837
83 0.503209 0.878567 0.028877 0.035169
1949 0.397326 0.174519 0.048128 0.035169
107 0.502674 0.789980 0.027807 0.035833
366 0.500000 0.589748 0.044920 0.036165
627 0.586898 0.451559 0.028342 0.036496
2983 0.311765 0.550929 0.045989 0.036828
2707 0.779412 0.538155 0.042246 0.037823
2987 0.776471 0.195919 0.065241 0.038155
87 0.396524 0.243530 0.031551 0.038487
119 0.211497 0.386032 0.019786 0.039482
2593 0.117380 0.598042 0.029412 0.040146
2429 0.588770 0.207697 0.042781 0.040478
958 0.312299 0.593232 0.031016 0.041141
4163 0.115508 0.392170 0.025668 0.042468
4458 0.307754 0.511281 0.059358 0.042468
3009 0.678075 0.270405 0.063102 0.042468
958 0.209893 0.430823 0.026203 0.042800
68 0.586631 0.254977 0.010695 0.043464
3322 0.501337 0.521898 0.026203 0.044459
3009 0.585561 0.341573 0.054545 0.044791
1375 0.495722 0.284340 0.055615 0.045123
3008 0.873797 0.382548 0.055615 0.045123
47 0.597861 0.770239 0.027807 0.045455
308 0.590374 0.578799 0.049198 0.045455
717 0.590909 0.650962 0.042781 0.045786
3434 0.876471 0.265096 0.053476 0.047113
2698 0.498128 0.364134 0.040107 0.048772
3322 0.497861 0.180159 0.033155 0.051758
