26 0.367523 0.249872 0.042544 0.013299
92 0.158593 0.483632 0.036647 0.014322
93 0.776959 0.888107 0.039174 0.015090
56 0.571188 0.660742 0.021904 0.016624
92 0.771904 0.438235 0.029907 0.018159
91 0.880160 0.777621 0.032435 0.019182
91 0.879739 0.686445 0.033277 0.019437
126 0.260531 0.797954 0.045072 0.019437
102 0.673547 0.436317 0.053917 0.019437
1406 0.263269 0.709079 0.037068 0.019693
120 0.160910 0.655371 0.018534 0.020205
51 0.161331 0.635934 0.038753 0.020205
81 0.568029 0.298465 0.042544 0.020460
56 0.875527 0.616496 0.024010 0.020716
91 0.775695 0.744373 0.032435 0.020716
1083 0.776537 0.809591 0.032435 0.021739
1406 0.264322 0.470205 0.040859 0.021739
57 0.163437 0.536957 0.033698 0.022251
120 0.467776 0.509974 0.016428 0.022506
88 0.156698 0.608312 0.023589 0.022762
110 0.569503 0.729540 0.037068 0.022762
108 0.159857 0.917519 0.023168 0.023274
56 0.569503 0.751790 0.028644 0.023274
91 0.160278 0.864578 0.029907 0.023274
51 0.159857 0.267391 0.040859 0.023274
87 0.774431 0.836701 0.038332 0.023785
1173 0.872999 0.460742 0.051811 0.023785
91 0.879949 0.838235 0.037068 0.024297
42 0.156276 0.418414 0.011794 0.024552
500 0.259267 0.769054 0.026537 0.024552
1579 0.772957 0.717903 0.050548 0.024552
120 0.672072 0.413939 0.014743 0.024808
91 0.568871 0.504220 0.030750 0.024808
117 0.466512 0.381714 0.020640 0.025320
500 0.157329 0.334655 0.037489 0.025320
98 0.771483 0.688875 0.047599 0.025320
118 0.885215 0.913555 0.025695 0.025575
89 0.770640 0.531074 0.035805 0.025831
104 0.880160 0.592455 0.040859 0.025831
91 0.569714 0.637724 0.035805 0.026343
91 0.569292 0.378389 0.037489 0.026343
120 0.776327 0.336317 0.016849 0.026598
2151 0.875527 0.268031 0.057709 0.026598
113 0.260952 0.270972 0.047599 0.026854
95 0.880581 0.752302 0.044229 0.027366
85 0.569292 0.531458 0.024010 0.027621
85 0.261794 0.369309 0.025695 0.027621
76 0.462721 0.483760 0.029065 0.028389
91 0.877843 0.560486 0.035383 0.028389
74 0.877843 0.531714 0.028644 0.028645
75 0.165754 0.834527 0.034120 0.028645
111 0.465038 0.348465 0.026959 0.028900
75 0.167228 0.890921 0.035383 0.028900
277 0.264322 0.594501 0.054339 0.028900
85 0.773799 0.414194 0.020219 0.029412
95 0.566344 0.273274 0.042544 0.029412
65 0.264111 0.339130 0.047178 0.029668
123 0.158593 0.510614 0.018113 0.029923
119 0.774853 0.501918 0.020640 0.029923
111 0.882687 0.810870 0.022325 0.030435
121 0.775695 0.863555 0.039174 0.030435
98 0.461036 0.410102 0.040859 0.030946
119 0.161120 0.295013 0.026537 0.031458
115 0.774010 0.306905 0.036647 0.031714
126 0.776327 0.612020 0.042123 0.031714
277 0.164069 0.737084 0.056024 0.031714
68 0.469040 0.315217 0.008003 0.031969
58 0.259267 0.435422 0.025695 0.031969
111 0.570345 0.477366 0.023589 0.032481
316 0.264322 0.910102 0.056866 0.032481
87 0.776116 0.470205 0.037489 0.032992
60 0.260531 0.674297 0.019798 0.033504
87 0.675653 0.384527 0.037068 0.033504
54 0.877633 0.425448 0.042544 0.033504
366 0.568871 0.569693 0.042544 0.033504
126 0.574347 0.907673 0.043387 0.033760
2202 0.164069 0.454476 0.055181 0.033760
111 0.571820 0.606777 0.024853 0.034015
81 0.566344 0.446164 0.042544 0.034015
492 0.878054 0.497315 0.043387 0.034015
2489 0.469040 0.545908 0.040017 0.034527
617 0.259899 0.825320 0.048863 0.034783
366 0.158172 0.804987 0.040859 0.035038
87 0.257793 0.401662 0.043808 0.035038
127 0.272536 0.304220 0.072452 0.035550
68 0.159436 0.765729 0.011373 0.035806
2593 0.772325 0.275192 0.037489 0.035806
58 0.874684 0.353581 0.029907 0.036061
64 0.877843 0.390153 0.035383 0.036061
87 0.467776 0.581841 0.034120 0.036829
51 0.568450 0.410230 0.043387 0.036829
3172 0.261794 0.872890 0.045072 0.036829
119 0.466933 0.619309 0.034120 0.037596
781 0.566344 0.693095 0.045914 0.037852
68 0.567186 0.785422 0.013901 0.038875
58 0.568450 0.823785 0.028222 0.038875
2643 0.878054 0.719054 0.045914 0.039642
1799 0.262005 0.501407 0.048863 0.039642
330 0.465038 0.278772 0.037068 0.039898
3407 0.768955 0.777749 0.045072 0.039898
721 0.571398 0.870077 0.037489 0.040921
2639 0.880792 0.652174 0.052233 0.040921
4327 0.360573 0.347315 0.053917 0.040921
2639 0.675864 0.340153 0.059393 0.040921
296 0.772957 0.377877 0.032013 0.041688
2639 0.774221 0.574552 0.055602 0.042711
990 0.262848 0.739514 0.057287 0.042711
3173 0.463985 0.447826 0.043387 0.042967
4460 0.779065 0.654348 0.050969 0.043223
1162 0.879528 0.877877 0.038753 0.044246
1297 0.258425 0.551279 0.039174 0.045780
68 0.266849 0.631714 0.014743 0.046036
1126 0.160910 0.573018 0.038753 0.046292
4460 0.676706 0.281202 0.056024 0.047315
69 0.574347 0.337084 0.021483 0.049105
1286 0.156066 0.380946 0.048441 0.049872
3711 0.877211 0.306905 0.050969 0.050128
3434 0.362890 0.288107 0.039174 0.050384
296 0.155223 0.695269 0.036647 0.052430
68 0.671651 0.495908 0.013901 0.092072
