64 0.401515 0.178653 0.021421 0.010788
52 0.690178 0.787512 0.041797 0.012422
52 0.692268 0.493625 0.038662 0.015038
101 0.217868 0.512749 0.058516 0.016672
93 0.315308 0.559660 0.049634 0.018960
57 0.599791 0.681595 0.043887 0.020922
93 0.220742 0.393593 0.053814 0.020922
56 0.303814 0.717555 0.054859 0.022229
85 0.307471 0.489866 0.030825 0.022556
113 0.124869 0.374305 0.056426 0.022883
120 0.217346 0.788493 0.021944 0.024845
117 0.306949 0.416639 0.017241 0.025825
1173 0.589342 0.711834 0.055381 0.025825
117 0.216040 0.235044 0.019331 0.026152
85 0.586729 0.280974 0.014629 0.026479
120 0.403866 0.584995 0.028213 0.026479
88 0.491118 0.366787 0.029258 0.026806
88 0.403605 0.623079 0.053814 0.026806
56 0.587774 0.839980 0.021944 0.027133
65 0.699582 0.428408 0.037618 0.027133
85 0.492424 0.590062 0.018286 0.027460
91 0.487461 0.896535 0.054336 0.027787
88 0.694880 0.755476 0.025078 0.028114
2151 0.400731 0.299444 0.056426 0.028768
88 0.404127 0.494443 0.025601 0.029094
85 0.214211 0.316116 0.021944 0.029421
87 0.225444 0.867604 0.049634 0.029421
88 0.690178 0.304511 0.051202 0.029748
91 0.587774 0.407323 0.052247 0.030075
91 0.126959 0.247793 0.055381 0.030075
51 0.692268 0.616705 0.043887 0.030402
111 0.489812 0.826414 0.020376 0.030729
495 0.490857 0.404544 0.071578 0.031056
88 0.308255 0.240275 0.030303 0.031383
92 0.299112 0.783916 0.024556 0.032037
88 0.133229 0.498039 0.026123 0.032364
120 0.491118 0.623897 0.029258 0.032364
126 0.589080 0.248284 0.053814 0.032364
87 0.397335 0.752860 0.035005 0.032690
65 0.313218 0.685191 0.038140 0.032690
126 0.588819 0.803367 0.052247 0.033017
2151 0.398380 0.828539 0.055904 0.033017
88 0.590387 0.485453 0.024033 0.033344
83 0.212382 0.607551 0.055904 0.033671
2151 0.215256 0.429062 0.063741 0.033671
126 0.495559 0.189441 0.064263 0.033671
126 0.494253 0.559497 0.057471 0.034979
1261 0.596917 0.648415 0.053814 0.035633
121 0.217868 0.364989 0.065831 0.035633
85 0.398119 0.203008 0.015674 0.035959
85 0.692268 0.461589 0.020899 0.035959
126 0.306949 0.336058 0.054859 0.035959
98 0.692790 0.523701 0.072100 0.035959
66 0.687043 0.391958 0.030303 0.036613
87 0.131661 0.632233 0.043887 0.036613
66 0.303814 0.648088 0.031870 0.036940
253 0.306949 0.379863 0.035005 0.037267
121 0.308777 0.525662 0.060606 0.037267
119 0.310606 0.456031 0.027691 0.038575
3041 0.127220 0.589572 0.057994 0.038902
107 0.305643 0.744688 0.027168 0.039229
1083 0.130355 0.540373 0.039185 0.039229
1644 0.211076 0.702517 0.064786 0.039229
53 0.120690 0.408467 0.017764 0.040209
683 0.493730 0.288003 0.070010 0.040536
750 0.402821 0.662798 0.062696 0.040863
119 0.398119 0.793397 0.026123 0.041190
119 0.690700 0.825597 0.026123 0.041517
126 0.400209 0.394737 0.044932 0.041517
108 0.307471 0.598562 0.045455 0.041844
1831 0.494253 0.857470 0.051202 0.041844
119 0.588036 0.318241 0.028736 0.042171
119 0.215778 0.279340 0.032393 0.042171
62 0.587513 0.880517 0.048589 0.042171
1304 0.491118 0.733246 0.041797 0.042498
296 0.213427 0.821183 0.029781 0.043151
108 0.687565 0.344067 0.043887 0.043478
62 0.124608 0.337856 0.051724 0.043478
252 0.218913 0.192220 0.042842 0.043805
81 0.126176 0.289637 0.053814 0.044459
1891 0.213689 0.472377 0.052247 0.046420
2266 0.496082 0.326087 0.068443 0.046747
58 0.490857 0.240928 0.026646 0.047074
71 0.308255 0.825924 0.060606 0.047401
83 0.584117 0.597744 0.030303 0.048055
119 0.691223 0.661491 0.034483 0.048709
1917 0.210031 0.750082 0.055381 0.048709
389 0.589603 0.756947 0.069488 0.048709
83 0.494514 0.449330 0.021421 0.050016
3145 0.405434 0.709873 0.073145 0.050016
1880 0.306426 0.285714 0.037095 0.050343
83 0.686520 0.877574 0.019854 0.050670
2266 0.695141 0.707257 0.065308 0.050670
88 0.588036 0.448349 0.068443 0.050670
1891 0.588558 0.363681 0.060084 0.051324
2266 0.694357 0.197941 0.072100 0.051324
1935 0.310345 0.199248 0.075235 0.051324
3353 0.300940 0.879045 0.049112 0.052305
562 0.126698 0.460935 0.057994 0.052305
1316 0.490073 0.788493 0.066876 0.052958
4575 0.126176 0.198267 0.070533 0.053285
4646 0.695925 0.566198 0.038662 0.053612
4564 0.396290 0.344230 0.046499 0.053612
3136 0.588036 0.536940 0.045455 0.053939
4575 0.399948 0.446388 0.068443 0.053939
4564 0.588558 0.203825 0.046499 0.055247
4564 0.397074 0.877574 0.048067 0.055247
68 0.128527 0.679797 0.013584 0.056554
4163 0.215517 0.554103 0.038140 0.056881
4564 0.213689 0.652991 0.045977 0.057208
2354 0.403605 0.540700 0.057994 0.057535
4032 0.690961 0.254822 0.041275 0.059170
4564 0.492685 0.507846 0.051202 0.059170
68 0.400209 0.250245 0.018809 0.061131
296 0.490073 0.676855 0.053292 0.063093
4575 0.834117 0.407650 0.093521 0.064073
68 0.193051 0.880843 0.012017 0.068977
4659 0.835423 0.313665 0.090909 0.069631
