246 0.648091 0.275548 0.039216 0.004047
92 0.863519 0.483811 0.040764 0.015177
92 0.528896 0.480438 0.039216 0.015852
92 0.425181 0.836931 0.047472 0.015852
297 0.635707 0.862057 0.055728 0.017538
49 0.317853 0.821754 0.014448 0.018550
418 0.426213 0.890556 0.047472 0.019224
642 0.646801 0.260708 0.035604 0.020236
52 0.426987 0.351939 0.057276 0.021248
56 0.320175 0.557841 0.019092 0.021585
418 0.865325 0.361720 0.045408 0.021922
49 0.862745 0.543845 0.018576 0.023272
85 0.526316 0.722597 0.033024 0.023272
418 0.864551 0.670658 0.038700 0.023272
56 0.527090 0.534401 0.020124 0.023946
113 0.416151 0.708769 0.062436 0.023946
64 0.525800 0.373693 0.028896 0.024283
83 0.218008 0.884992 0.065531 0.024283
56 0.213880 0.406239 0.020124 0.024621
88 0.317337 0.848735 0.028896 0.024621
717 0.643189 0.884486 0.082043 0.025295
418 0.756192 0.505228 0.038700 0.025632
117 0.753354 0.309781 0.020640 0.027993
56 0.426471 0.531366 0.021156 0.027993
126 0.215944 0.813322 0.059340 0.027993
553 0.317595 0.880438 0.063467 0.027993
1173 0.643705 0.468803 0.058308 0.028331
76 0.208978 0.525464 0.043344 0.029680
85 0.531476 0.847386 0.018576 0.030017
66 0.423633 0.375548 0.022704 0.030017
117 0.756450 0.419730 0.024768 0.030017
64 0.527090 0.821754 0.043860 0.030017
553 0.863261 0.608600 0.063983 0.030017
91 0.421053 0.681788 0.063983 0.030691
495 0.213106 0.384992 0.082559 0.030691
101 0.213364 0.324621 0.062436 0.031366
495 0.526316 0.238617 0.078431 0.031366
88 0.860423 0.575885 0.023220 0.032040
88 0.419763 0.601518 0.028380 0.032040
252 0.861971 0.874705 0.038700 0.032040
83 0.529154 0.345194 0.040764 0.032040
91 0.633385 0.546880 0.051084 0.032040
125 0.320691 0.356661 0.047988 0.032715
91 0.532250 0.794098 0.070691 0.032715
88 0.209494 0.737774 0.026832 0.033390
91 0.860939 0.814671 0.073787 0.033390
91 0.215428 0.468971 0.081011 0.033390
88 0.211558 0.348904 0.026832 0.034064
88 0.636997 0.718887 0.028380 0.034064
2395 0.863003 0.843002 0.052116 0.034064
107 0.423375 0.815008 0.058308 0.034064
118 0.529412 0.504384 0.026832 0.034739
88 0.322239 0.284148 0.030444 0.034739
60 0.754386 0.450253 0.024768 0.035076
83 0.317079 0.709949 0.052116 0.035076
113 0.526574 0.454975 0.063467 0.035076
60 0.525542 0.877403 0.019092 0.035413
83 0.316047 0.476054 0.042828 0.035413
2395 0.757224 0.277066 0.053148 0.035413
2216 0.641383 0.793423 0.061920 0.035413
1644 0.321465 0.673356 0.074303 0.035413
2598 0.863003 0.642664 0.030444 0.036088
88 0.415635 0.780270 0.030444 0.036088
253 0.860165 0.784992 0.041280 0.036088
2677 0.638545 0.758010 0.043860 0.036088
88 0.533024 0.310455 0.055728 0.036088
126 0.327141 0.637605 0.055728 0.036088
91 0.747162 0.236594 0.061920 0.036088
2395 0.214654 0.776560 0.045408 0.036762
88 0.532508 0.565093 0.055728 0.036762
91 0.420279 0.241990 0.058308 0.036762
271 0.428535 0.455818 0.058308 0.036762
359 0.866615 0.705059 0.060372 0.036762
58 0.424407 0.496290 0.039732 0.037437
253 0.212590 0.698651 0.045408 0.037437
98 0.208978 0.491906 0.053664 0.037437
92 0.642931 0.313322 0.035088 0.037774
958 0.637513 0.631703 0.042828 0.037774
1375 0.319659 0.748735 0.067595 0.037774
113 0.861971 0.237605 0.070691 0.038111
2598 0.864551 0.327319 0.030444 0.038786
252 0.208204 0.648904 0.041796 0.039123
90 0.211300 0.438111 0.051084 0.039123
90 0.420021 0.565261 0.057792 0.039123
68 0.424923 0.277403 0.009804 0.039460
108 0.526574 0.645025 0.025284 0.040135
327 0.325077 0.319899 0.068111 0.040135
58 0.867131 0.281788 0.036636 0.040809
3136 0.213364 0.850422 0.043860 0.041484
327 0.210268 0.608938 0.062436 0.041484
119 0.755676 0.347386 0.035604 0.041821
3009 0.636997 0.829342 0.062436 0.041821
4191 0.215944 0.247555 0.064499 0.041821
53 0.416667 0.741484 0.018060 0.042159
126 0.328173 0.397133 0.070175 0.042159
2083 0.323271 0.245025 0.066563 0.042833
78 0.421827 0.319393 0.042828 0.043170
327 0.753096 0.475885 0.063467 0.043170
3322 0.860939 0.512310 0.056244 0.044519
120 0.639577 0.397808 0.069659 0.044857
2987 0.639061 0.589039 0.069659 0.044857
68 0.865067 0.740978 0.010836 0.045868
3993 0.416151 0.643508 0.050052 0.045868
53 0.639577 0.356661 0.026316 0.046206
2193 0.531992 0.268634 0.041280 0.046206
87 0.214912 0.285160 0.044892 0.046206
3322 0.317853 0.788702 0.049536 0.046206
81 0.755418 0.387690 0.059856 0.046206
53 0.526058 0.691231 0.028380 0.046880
646 0.638545 0.675042 0.047988 0.046880
127 0.534572 0.755312 0.063983 0.046880
68 0.422343 0.865430 0.008772 0.047218
87 0.867647 0.397302 0.045924 0.047218
4712 0.638287 0.508938 0.055728 0.047218
330 0.323271 0.434570 0.054180 0.048229
90 0.323271 0.593423 0.070691 0.048229
111 0.529154 0.600337 0.022188 0.048567
58 0.425181 0.416358 0.051600 0.049578
119 0.863003 0.446206 0.028380 0.049916
505 0.318627 0.522091 0.031476 0.051265
90 0.529670 0.412985 0.073787 0.053626
126 0.213622 0.569983 0.068111 0.053963
