92 0.558779 0.821670 0.037841 0.016565
92 0.562059 0.586207 0.040363 0.017579
418 0.667255 0.407539 0.042886 0.017918
698 0.659183 0.638776 0.040868 0.020622
297 0.447528 0.848377 0.048436 0.020622
418 0.132947 0.517072 0.042886 0.021298
56 0.459384 0.371873 0.054995 0.021636
698 0.566095 0.334855 0.042381 0.021974
698 0.128658 0.657708 0.042381 0.022650
861 0.656660 0.819304 0.053986 0.022650
418 0.456105 0.511494 0.042381 0.022989
499 0.766398 0.820994 0.064581 0.023327
418 0.570636 0.306795 0.036327 0.024003
418 0.562059 0.754395 0.038345 0.024003
92 0.463673 0.264537 0.040363 0.024003
128 0.466448 0.396214 0.018668 0.025693
418 0.773461 0.461122 0.040363 0.025693
248 0.762614 0.790906 0.051968 0.026031
110 0.238396 0.434922 0.041877 0.027383
251 0.563068 0.506592 0.044400 0.027383
89 0.674319 0.241210 0.059031 0.027383
101 0.137487 0.463996 0.065086 0.027383
65 0.247730 0.584855 0.048436 0.028398
302 0.654894 0.750000 0.048436 0.029412
98 0.129919 0.541751 0.048940 0.029412
56 0.461403 0.237661 0.024723 0.029750
881 0.768163 0.608181 0.036831 0.029750
251 0.455348 0.600406 0.044904 0.029750
89 0.774723 0.361731 0.060040 0.029750
76 0.665237 0.309500 0.031786 0.030088
123 0.766902 0.530595 0.022200 0.030764
92 0.344601 0.847701 0.040363 0.030764
55 0.356458 0.461629 0.061049 0.030764
88 0.239657 0.368154 0.026236 0.031102
66 0.764379 0.757268 0.040363 0.031102
83 0.123865 0.873901 0.045913 0.031102
547 0.237891 0.825220 0.057013 0.031102
111 0.112260 0.889959 0.038850 0.031440
92 0.133451 0.277045 0.019677 0.032116
1341 0.454087 0.678668 0.048436 0.032116
88 0.572906 0.240872 0.053986 0.032116
123 0.562059 0.432725 0.020182 0.032454
1185 0.761857 0.845842 0.052472 0.032454
252 0.771191 0.322684 0.042886 0.032792
88 0.459132 0.339926 0.030272 0.033469
88 0.564077 0.656018 0.048436 0.033469
108 0.229314 0.620859 0.058022 0.033469
91 0.135974 0.629310 0.073158 0.033469
51 0.762866 0.686951 0.042381 0.033807
741 0.660192 0.563218 0.045913 0.033807
88 0.125883 0.844320 0.026741 0.034145
68 0.241927 0.403482 0.064077 0.034145
4440 0.667760 0.526200 0.065086 0.034145
127 0.781029 0.290230 0.062563 0.034821
91 0.235368 0.555781 0.050959 0.035159
68 0.559284 0.848884 0.053986 0.035159
126 0.136226 0.354124 0.046418 0.035497
91 0.570383 0.361224 0.064077 0.035497
58 0.560293 0.885227 0.052977 0.036173
91 0.453330 0.755747 0.059031 0.036173
547 0.351917 0.656356 0.060040 0.036173
1592 0.353179 0.369337 0.062563 0.036173
126 0.234864 0.655172 0.048940 0.036511
126 0.130928 0.691346 0.059031 0.036511
359 0.768163 0.496281 0.065086 0.036511
2836 0.651867 0.885396 0.066599 0.036511
83 0.557770 0.689824 0.046922 0.036849
2193 0.246468 0.332488 0.039859 0.037525
509 0.239657 0.519101 0.046418 0.037525
1157 0.652876 0.780933 0.046418 0.037863
122 0.127397 0.809331 0.049950 0.037863
81 0.760848 0.724138 0.050454 0.037863
253 0.558274 0.790230 0.042886 0.038201
119 0.776488 0.396383 0.026236 0.038878
2751 0.559284 0.619506 0.057013 0.038878
126 0.354188 0.543780 0.060545 0.038878
252 0.566095 0.392157 0.044400 0.039216
1799 0.651362 0.849222 0.044400 0.039216
327 0.562311 0.727519 0.065086 0.039216
91 0.350656 0.819135 0.072654 0.039216
119 0.676337 0.275355 0.025732 0.039554
327 0.569374 0.276369 0.067104 0.039554
127 0.141524 0.315247 0.069122 0.039554
118 0.130172 0.433570 0.022200 0.040230
2598 0.663976 0.382184 0.032291 0.040230
1592 0.132947 0.241548 0.063068 0.040230
56 0.347124 0.583840 0.024218 0.040568
87 0.136983 0.392833 0.051968 0.040568
1185 0.455096 0.641650 0.054490 0.040568
68 0.128658 0.768256 0.014127 0.040906
53 0.341322 0.887593 0.018668 0.040906
91 0.760848 0.647566 0.064581 0.040906
76 0.354188 0.278398 0.030272 0.041582
83 0.668012 0.346349 0.046418 0.041582
1185 0.657164 0.718222 0.057013 0.041582
118 0.341070 0.788878 0.034309 0.042258
58 0.350404 0.625930 0.052977 0.042934
109 0.132442 0.731406 0.056004 0.042934
119 0.457871 0.716700 0.024723 0.043272
1787 0.763875 0.881339 0.042381 0.043272
1912 0.448789 0.882015 0.049950 0.043272
126 0.251009 0.291751 0.054995 0.043272
101 0.775227 0.250507 0.058022 0.043272
2836 0.356710 0.245098 0.060545 0.043272
91 0.653633 0.604462 0.068113 0.043272
92 0.232341 0.739520 0.025732 0.044287
958 0.656408 0.675287 0.038345 0.044287
327 0.771191 0.434753 0.063068 0.044625
123 0.343845 0.746619 0.031786 0.044963
58 0.235621 0.784483 0.032291 0.044963
119 0.458375 0.433739 0.033804 0.045977
58 0.245964 0.244422 0.040868 0.045977
3231 0.234359 0.696416 0.062059 0.045977
122 0.137487 0.585531 0.064077 0.045977
58 0.352926 0.500507 0.033804 0.046315
58 0.564329 0.473124 0.056004 0.046991
118 0.463925 0.299865 0.025732 0.048682
1799 0.556256 0.551048 0.054995 0.048682
2598 0.132190 0.485632 0.030272 0.049696
68 0.237891 0.870859 0.011604 0.050034
58 0.353179 0.325389 0.036327 0.051048
2598 0.456357 0.480561 0.037841 0.051048
68 0.246973 0.473969 0.017659 0.051386
58 0.765136 0.572515 0.057013 0.052400
505 0.349142 0.415822 0.028254 0.052738
68 0.351917 0.697262 0.011604 0.053076
296 0.663724 0.447431 0.048940 0.055105
296 0.458375 0.553076 0.044904 0.058147
3511 0.450303 0.807133 0.052977 0.061190
