246 0.357601 0.467076 0.036032 0.004096
246 0.845508 0.122086 0.039487 0.004726
92 0.119941 0.305135 0.027641 0.011027
56 0.113771 0.510397 0.023198 0.011342
128 0.606861 0.396818 0.013327 0.012287
101 0.677443 0.720699 0.044916 0.013548
52 0.277887 0.446597 0.039487 0.016698
92 0.607354 0.351134 0.035044 0.017328
102 0.114265 0.686043 0.047878 0.017328
91 0.282083 0.424701 0.031096 0.017643
88 0.767522 0.794266 0.035538 0.017643
88 0.203110 0.324354 0.028134 0.018589
56 0.853159 0.680844 0.017275 0.018904
861 0.374383 0.275992 0.027147 0.018904
91 0.522458 0.624449 0.032083 0.018904
56 0.197680 0.757876 0.009378 0.019219
76 0.116239 0.821991 0.016288 0.020164
88 0.849210 0.528198 0.037019 0.020479
120 0.606861 0.474323 0.017275 0.021109
52 0.112290 0.799149 0.032083 0.021109
52 0.520484 0.540800 0.043929 0.021109
501 0.373149 0.620038 0.027641 0.021424
56 0.678430 0.700851 0.022211 0.021739
108 0.768756 0.871298 0.011352 0.022369
91 0.849210 0.390674 0.030109 0.022684
547 0.197927 0.847511 0.035538 0.022684
88 0.278381 0.298362 0.037512 0.022684
88 0.684353 0.397921 0.039980 0.022684
104 0.201135 0.268273 0.038006 0.022999
60 0.519990 0.674071 0.021224 0.023629
58 0.848717 0.778828 0.037019 0.023945
83 0.195706 0.414776 0.021224 0.024260
83 0.118707 0.870668 0.031096 0.024260
88 0.194965 0.559074 0.033564 0.024260
88 0.849457 0.868463 0.035538 0.024260
81 0.602912 0.376969 0.038993 0.024260
717 0.378085 0.646975 0.031589 0.024890
85 0.606614 0.588374 0.033564 0.024890
88 0.278134 0.869723 0.035044 0.024890
91 0.769497 0.626181 0.035538 0.024890
83 0.681392 0.744171 0.020237 0.025205
76 0.688302 0.228103 0.024186 0.025205
81 0.113771 0.842785 0.041955 0.025205
1006 0.523445 0.648866 0.044916 0.025520
126 0.853406 0.654537 0.027641 0.026150
58 0.768756 0.600347 0.041955 0.026150
85 0.525913 0.564902 0.013327 0.026465
120 0.524186 0.474323 0.019743 0.026780
118 0.768756 0.466761 0.020237 0.026780
126 0.277147 0.498267 0.037019 0.026780
76 0.602419 0.450378 0.022211 0.027410
83 0.194719 0.591525 0.025173 0.027410
88 0.521718 0.703686 0.041461 0.027410
64 0.604886 0.868935 0.023198 0.027725
717 0.374383 0.308444 0.036032 0.027725
83 0.114758 0.571046 0.023198 0.028040
104 0.852912 0.812697 0.029615 0.028040
83 0.278134 0.364052 0.027147 0.028670
62 0.686821 0.469912 0.031096 0.028670
126 0.681885 0.675646 0.031096 0.028670
62 0.853653 0.708412 0.035044 0.028670
108 0.606861 0.420290 0.014314 0.028986
68 0.117720 0.328922 0.035044 0.028986
43 0.684847 0.300567 0.044916 0.028986
85 0.604146 0.293163 0.011846 0.029301
117 0.769990 0.365627 0.021718 0.029301
56 0.689042 0.199590 0.025666 0.029301
95 0.766782 0.492911 0.038993 0.029301
108 0.197187 0.448173 0.019250 0.029931
88 0.520977 0.200221 0.037019 0.029931
108 0.115992 0.200378 0.013820 0.030246
85 0.199901 0.356333 0.013820 0.030246
117 0.683613 0.771897 0.021718 0.030246
86 0.860809 0.841525 0.025666 0.030246
93 0.198174 0.730309 0.034057 0.030246
53 0.523445 0.594991 0.014314 0.030561
126 0.602665 0.555293 0.025666 0.030561
691 0.189289 0.819943 0.034057 0.030561
83 0.519990 0.733302 0.025173 0.031191
86 0.213968 0.294739 0.028134 0.031191
83 0.688302 0.332546 0.030109 0.031191
58 0.604640 0.324039 0.033564 0.031191
119 0.203110 0.388469 0.015301 0.031506
83 0.521471 0.234720 0.029121 0.031506
683 0.119200 0.275362 0.034057 0.031506
51 0.522458 0.444865 0.038993 0.031506
750 0.117720 0.770321 0.041955 0.031506
60 0.767769 0.396188 0.016288 0.031821
118 0.767275 0.769219 0.027147 0.031821
126 0.117966 0.484405 0.031589 0.031821
58 0.200888 0.239918 0.035538 0.031821
252 0.845508 0.154222 0.041461 0.031821
95 0.276900 0.760082 0.041461 0.031821
1214 0.280602 0.394928 0.043929 0.031821
68 0.282330 0.330970 0.007897 0.032451
123 0.768509 0.735822 0.019743 0.032451
2752 0.601678 0.701638 0.043435 0.032766
119 0.197927 0.783711 0.015795 0.033081
120 0.124136 0.360271 0.018263 0.033081
126 0.773692 0.334751 0.024186 0.033081
111 0.281096 0.470542 0.026160 0.033711
83 0.604886 0.663989 0.031096 0.033711
90 0.275420 0.654537 0.047384 0.033711
72 0.270484 0.725110 0.047384 0.033711
2193 0.687315 0.367990 0.045903 0.034026
60 0.846742 0.450378 0.017275 0.034342
117 0.199408 0.200851 0.023692 0.034342
51 0.118707 0.399968 0.032083 0.034342
717 0.275420 0.690769 0.039487 0.034342
102 0.528381 0.352079 0.041955 0.034342
287 0.525666 0.849559 0.045410 0.034342
117 0.848470 0.746849 0.023692 0.034972
62 0.114265 0.541115 0.031096 0.034972
252 0.436575 0.373503 0.041955 0.034972
1607 0.680898 0.551670 0.039980 0.035287
2677 0.852419 0.188878 0.037512 0.035602
64 0.275666 0.617675 0.038993 0.035602
60 0.768756 0.697070 0.014314 0.036232
70 0.520484 0.315532 0.020237 0.036232
70 0.605874 0.262287 0.023198 0.036232
74 0.199654 0.484562 0.021224 0.036547
118 0.277147 0.796471 0.025173 0.036547
28 0.446940 0.277568 0.058736 0.036547
58 0.767522 0.199905 0.023692 0.036862
3735 0.520237 0.771739 0.033564 0.036862
81 0.683860 0.436200 0.037019 0.036862
78 0.436821 0.508979 0.037512 0.037492
70 0.114265 0.656585 0.020237 0.037807
119 0.276160 0.576875 0.035044 0.037807
51 0.768756 0.433680 0.036032 0.038122
4458 0.845262 0.494802 0.044916 0.038122
60 0.686821 0.260397 0.019250 0.038752
2193 0.682379 0.640674 0.030109 0.038752
4440 0.116732 0.733932 0.040967 0.038752
110 0.277147 0.837114 0.031096 0.039067
101 0.521718 0.510397 0.033564 0.039067
110 0.119200 0.444234 0.037019 0.039067
4458 0.359822 0.505986 0.053307 0.039067
70 0.278875 0.537650 0.021718 0.040013
58 0.605380 0.621771 0.028134 0.040013
4458 0.197680 0.692659 0.047878 0.040013
1406 0.445706 0.318683 0.051333 0.040013
119 0.769743 0.243541 0.029121 0.040328
1180 0.684847 0.862634 0.042942 0.040328
3291 0.849951 0.564272 0.043435 0.040328
87 0.606614 0.830970 0.033564 0.040643
81 0.116486 0.237083 0.043435 0.040643
107 0.765795 0.568841 0.026160 0.041273
710 0.278381 0.204789 0.035538 0.041588
2197 0.199654 0.525520 0.040967 0.041588
4458 0.852172 0.237870 0.050839 0.041588
296 0.523198 0.812067 0.029615 0.041903
58 0.602419 0.789067 0.024186 0.042533
2983 0.361303 0.568053 0.035538 0.042848
119 0.440770 0.413516 0.029615 0.043793
3136 0.686821 0.507719 0.040967 0.043793
2983 0.847730 0.281664 0.031096 0.044108
1286 0.846496 0.355860 0.033564 0.044423
3000 0.361303 0.160838 0.045410 0.044423
629 0.767769 0.836011 0.030109 0.045054
4447 0.523445 0.274260 0.041955 0.045054
68 0.524432 0.395558 0.008391 0.045684
78 0.765301 0.533239 0.031096 0.046314
111 0.438302 0.464398 0.025666 0.046629
2983 0.361797 0.222747 0.033564 0.046629
2987 0.279368 0.258034 0.051333 0.046629
3519 0.769497 0.291273 0.043435 0.048204
2320 0.852172 0.616572 0.043929 0.049149
68 0.688055 0.815532 0.011846 0.049464
3519 0.603406 0.514650 0.046890 0.049464
47 0.686821 0.595621 0.019250 0.050095
3009 0.602665 0.742754 0.045410 0.050095
4447 0.112043 0.608853 0.039487 0.050725
68 0.186328 0.856805 0.033070 0.053875
2438 0.196693 0.634373 0.029121 0.056396
68 0.111303 0.675488 0.037019 0.057971
4447 0.605380 0.213768 0.049852 0.059546
