246 0.563824 0.718676 0.051968 0.008105
297 0.769173 0.281830 0.030777 0.009794
642 0.130424 0.280480 0.034813 0.012496
642 0.768416 0.271361 0.028254 0.013171
251 0.132442 0.292975 0.030777 0.015198
501 0.768163 0.260385 0.035822 0.016211
92 0.355954 0.668693 0.035822 0.016211
56 0.346872 0.849375 0.023713 0.017562
501 0.132442 0.272036 0.038850 0.017899
101 0.671544 0.772036 0.064581 0.020263
52 0.668264 0.503040 0.049950 0.020601
52 0.771948 0.354103 0.050454 0.021277
418 0.351413 0.414894 0.038850 0.021952
418 0.243946 0.887369 0.044904 0.022627
66 0.667760 0.524823 0.028759 0.022965
66 0.235873 0.600642 0.026741 0.023303
1406 0.243693 0.232861 0.040363 0.023303
495 0.131433 0.890746 0.074168 0.023978
64 0.240918 0.494765 0.032795 0.024316
418 0.357215 0.280817 0.046418 0.024654
66 0.665237 0.830632 0.036831 0.025329
418 0.245711 0.303276 0.040363 0.025667
418 0.354440 0.595069 0.046922 0.025667
88 0.770434 0.860351 0.052472 0.026680
72 0.236882 0.525667 0.053986 0.028707
88 0.565086 0.887707 0.030272 0.029382
88 0.239657 0.767984 0.038345 0.029720
1834 0.352926 0.444444 0.060040 0.029720
101 0.357972 0.346167 0.064077 0.029720
126 0.459132 0.759372 0.050454 0.030057
66 0.563572 0.406788 0.034309 0.030733
88 0.567356 0.242655 0.042886 0.030733
126 0.768416 0.790105 0.048436 0.030733
302 0.563068 0.784532 0.044400 0.031071
72 0.234359 0.664640 0.051968 0.031071
958 0.127649 0.819149 0.034309 0.032084
88 0.668769 0.329112 0.041877 0.032084
83 0.662714 0.360520 0.041877 0.032084
111 0.241675 0.832489 0.026236 0.032421
104 0.767659 0.620061 0.051968 0.032421
88 0.129919 0.738433 0.024723 0.032759
552 0.568365 0.816785 0.040868 0.032759
83 0.454844 0.836711 0.058022 0.032759
88 0.566852 0.513509 0.052977 0.033435
370 0.463925 0.675447 0.066095 0.033772
108 0.460394 0.492570 0.022704 0.034110
110 0.665994 0.695204 0.038345 0.034110
1157 0.564329 0.746538 0.042886 0.034110
4252 0.566347 0.683046 0.048940 0.034110
3231 0.239909 0.861027 0.060040 0.034786
366 0.238648 0.735393 0.056509 0.035461
76 0.665994 0.863728 0.058527 0.035461
108 0.346367 0.784026 0.059031 0.035461
88 0.460141 0.637454 0.056509 0.036136
553 0.662967 0.582742 0.062563 0.036136
91 0.464430 0.528031 0.069122 0.036136
83 0.567356 0.278622 0.046922 0.036474
2836 0.562815 0.854610 0.052977 0.036812
53 0.665742 0.887707 0.020686 0.037487
95 0.242684 0.385005 0.058527 0.037825
119 0.459889 0.601317 0.029768 0.038163
83 0.245964 0.802600 0.035822 0.038163
78 0.663724 0.469943 0.036831 0.038163
68 0.459132 0.244681 0.054490 0.038163
60 0.667003 0.555724 0.022200 0.038838
60 0.238900 0.416245 0.026741 0.038838
2677 0.667508 0.795508 0.040363 0.038838
95 0.668769 0.616852 0.047931 0.038838
252 0.351917 0.311381 0.035822 0.039176
78 0.243693 0.458967 0.038345 0.039176
91 0.128910 0.576326 0.060040 0.039514
4458 0.765893 0.703310 0.062563 0.039514
3231 0.349395 0.878251 0.065086 0.039514
78 0.467457 0.325735 0.044904 0.040189
74 0.349899 0.822695 0.027750 0.040527
87 0.462159 0.561297 0.036327 0.040527
64 0.663724 0.394124 0.043895 0.040527
629 0.568365 0.643364 0.052977 0.040527
62 0.769173 0.325566 0.053986 0.040527
90 0.669021 0.434988 0.060545 0.040527
68 0.774218 0.886694 0.007568 0.040865
53 0.567356 0.476022 0.022704 0.040865
646 0.132694 0.697568 0.048436 0.040865
127 0.770686 0.424688 0.057013 0.040865
111 0.568113 0.598278 0.030272 0.041540
83 0.662967 0.243330 0.044400 0.041540
2197 0.352422 0.634414 0.050959 0.041540
2320 0.669778 0.289936 0.052977 0.041540
127 0.240918 0.633401 0.063068 0.041540
118 0.773713 0.384667 0.018668 0.041878
83 0.461655 0.285545 0.036327 0.042215
111 0.569122 0.315941 0.040363 0.042215
60 0.127397 0.329112 0.027750 0.042891
958 0.131937 0.655015 0.041877 0.042891
53 0.763875 0.581560 0.020182 0.043229
70 0.131937 0.375211 0.032795 0.043229
2987 0.138496 0.610942 0.064077 0.043229
2987 0.770434 0.828099 0.068618 0.043229
118 0.664985 0.658392 0.020182 0.043566
2598 0.355197 0.249747 0.030272 0.043566
2885 0.453330 0.795171 0.036831 0.043566
91 0.459132 0.452719 0.056509 0.043566
2264 0.354440 0.378757 0.064077 0.043566
53 0.236377 0.702972 0.015641 0.044242
646 0.127901 0.859676 0.045913 0.044242
58 0.460898 0.414218 0.050959 0.044242
83 0.564581 0.553529 0.020182 0.044580
2193 0.134460 0.779129 0.039859 0.044580
2320 0.461150 0.719689 0.060545 0.044580
2438 0.454844 0.876731 0.063068 0.044580
268 0.663219 0.733705 0.042886 0.044917
76 0.567104 0.442249 0.056509 0.044917
107 0.459637 0.368794 0.032291 0.045930
4458 0.133451 0.415738 0.070131 0.045930
4727 0.566852 0.364573 0.058022 0.046268
121 0.356458 0.751604 0.072149 0.046944
70 0.243441 0.342114 0.027750 0.047281
2598 0.352926 0.568727 0.029768 0.047281
62 0.357972 0.520432 0.047931 0.047281
53 0.234864 0.564505 0.020686 0.047619
2983 0.769173 0.748902 0.042886 0.048294
51 0.358476 0.483789 0.046922 0.049645
1317 0.241927 0.270348 0.048940 0.050996
76 0.351413 0.701790 0.033804 0.051334
76 0.768163 0.533772 0.033804 0.053698
3439 0.132442 0.530057 0.047931 0.055049
68 0.773713 0.654002 0.008577 0.059102
