246 0.254147 0.920475 0.044662 0.006197
128 0.360910 0.830106 0.011484 0.011361
26 0.465121 0.249161 0.045513 0.013426
57 0.770949 0.875032 0.031051 0.016525
42 0.770736 0.845985 0.010208 0.018848
101 0.769247 0.598890 0.049766 0.019881
64 0.156316 0.625097 0.033603 0.020656
52 0.361123 0.743481 0.039132 0.021430
102 0.567631 0.490705 0.051467 0.021430
91 0.255849 0.686290 0.034453 0.021689
120 0.873033 0.844436 0.015738 0.021947
91 0.769034 0.548025 0.034028 0.021947
91 0.769247 0.781177 0.036155 0.022463
93 0.672692 0.459721 0.043811 0.022463
120 0.568056 0.467596 0.017439 0.022721
76 0.871757 0.821456 0.028499 0.022980
56 0.154190 0.336044 0.049766 0.023496
95 0.155678 0.437258 0.045938 0.024012
98 0.357295 0.766460 0.047639 0.024012
1255 0.366652 0.343790 0.039132 0.024529
113 0.873245 0.599148 0.042535 0.024529
83 0.146959 0.776917 0.032752 0.024787
89 0.254998 0.631294 0.044662 0.024787
117 0.259889 0.387684 0.020417 0.025045
119 0.257975 0.659308 0.025096 0.025045
111 0.873458 0.416086 0.030200 0.025045
92 0.668864 0.309192 0.035304 0.025045
88 0.251595 0.825587 0.041259 0.025045
115 0.769672 0.575652 0.039558 0.025562
88 0.873671 0.358120 0.040834 0.025820
117 0.872182 0.914666 0.029349 0.026078
91 0.872607 0.529435 0.030200 0.026078
69 0.679498 0.335528 0.018290 0.026594
120 0.256699 0.567390 0.019141 0.026594
111 0.871969 0.720759 0.025521 0.026594
88 0.870481 0.691066 0.042960 0.026594
88 0.154828 0.302866 0.023820 0.026853
111 0.251595 0.887168 0.030200 0.026853
91 0.362186 0.519623 0.033603 0.027111
80 0.149936 0.749935 0.037006 0.027111
120 0.155891 0.465014 0.016589 0.027885
117 0.152701 0.720888 0.018715 0.027885
85 0.569970 0.351924 0.025521 0.027885
88 0.151638 0.691712 0.041259 0.027885
85 0.672480 0.569197 0.032327 0.028144
62 0.672054 0.396463 0.040834 0.028144
53 0.257337 0.540279 0.022118 0.028660
769 0.254998 0.789052 0.048065 0.028918
98 0.458741 0.352440 0.050617 0.028918
85 0.364313 0.710689 0.031051 0.029176
87 0.150787 0.541570 0.047214 0.029176
503 0.151638 0.915440 0.038707 0.029693
53 0.873671 0.626646 0.020417 0.029951
2489 0.252871 0.715466 0.048915 0.029951
111 0.363888 0.490963 0.019141 0.030209
126 0.361974 0.549316 0.032327 0.030209
85 0.774351 0.341467 0.031901 0.030726
58 0.770098 0.489156 0.039558 0.030726
480 0.876436 0.881100 0.049766 0.030726
83 0.871757 0.387038 0.033603 0.030984
1214 0.770311 0.712626 0.047639 0.030984
111 0.770523 0.417119 0.023394 0.031242
978 0.467248 0.423573 0.064228 0.031242
83 0.249894 0.853989 0.030200 0.031758
87 0.770523 0.457139 0.037856 0.031758
58 0.151212 0.402014 0.027648 0.032017
95 0.870906 0.793184 0.040408 0.032017
523 0.360060 0.910018 0.050617 0.032275
110 0.670566 0.366254 0.038707 0.032791
122 0.150787 0.886006 0.038707 0.032791
366 0.253722 0.754067 0.047214 0.032791
111 0.770098 0.519752 0.024245 0.033049
366 0.768396 0.308934 0.042960 0.033824
109 0.155678 0.852440 0.049341 0.033824
87 0.568907 0.438678 0.038707 0.034082
725 0.155466 0.271366 0.042960 0.034082
81 0.262442 0.357862 0.044236 0.034082
58 0.460017 0.385102 0.032752 0.034340
1385 0.156954 0.813710 0.059549 0.034340
2173 0.771587 0.676607 0.061251 0.034340
98 0.460017 0.277950 0.048915 0.034857
3041 0.364313 0.311774 0.058273 0.034857
58 0.256699 0.418280 0.026797 0.035115
123 0.153764 0.365995 0.022544 0.035889
1977 0.461293 0.459721 0.068481 0.035889
68 0.254998 0.597470 0.008932 0.036148
87 0.363250 0.414924 0.032327 0.036148
2425 0.669715 0.536535 0.050617 0.036148
119 0.876010 0.659824 0.020842 0.036406
64 0.359422 0.804673 0.034028 0.036406
126 0.365589 0.374774 0.048065 0.036922
2593 0.868567 0.758585 0.032327 0.037180
121 0.669715 0.429641 0.033603 0.037180
253 0.770736 0.747095 0.028924 0.037439
119 0.771587 0.272786 0.030625 0.037439
4072 0.870906 0.497160 0.050617 0.037439
68 0.669928 0.273948 0.010208 0.038213
119 0.873883 0.567519 0.034453 0.038213
92 0.260315 0.505422 0.027222 0.038471
1047 0.569332 0.315905 0.043811 0.038471
3834 0.566567 0.396204 0.049341 0.038471
1138 0.257125 0.274077 0.060825 0.038471
88 0.356657 0.865350 0.025096 0.038988
721 0.768822 0.382262 0.044662 0.038988
121 0.154615 0.655306 0.036155 0.039246
1279 0.362186 0.635554 0.050617 0.039504
2345 0.369630 0.273302 0.062952 0.040021
2191 0.266482 0.313710 0.047214 0.040279
1799 0.873033 0.317196 0.041259 0.041053
2320 0.771374 0.633359 0.046363 0.041312
3283 0.670991 0.491996 0.029349 0.041570
70 0.359209 0.453783 0.041259 0.041570
3711 0.767971 0.910276 0.056572 0.041570
122 0.462356 0.316680 0.044236 0.042086
2320 0.569970 0.275368 0.047639 0.042086
1047 0.769672 0.815518 0.049766 0.042086
929 0.364738 0.593855 0.053169 0.042344
3199 0.360272 0.673509 0.062952 0.043119
2949 0.256487 0.462690 0.045938 0.043377
3003 0.874734 0.454557 0.049766 0.045185
4122 0.872820 0.273302 0.057848 0.045185
68 0.157805 0.583011 0.013611 0.052672
68 0.567205 0.543765 0.011484 0.084689
