246 0.520469 0.121260 0.041438 0.003780
246 0.439091 0.122047 0.039441 0.004724
246 0.356715 0.123622 0.047429 0.004724
246 0.524713 0.469134 0.035946 0.005354
246 0.355217 0.467874 0.043435 0.005354
246 0.442586 0.468504 0.043435 0.005354
297 0.452571 0.293701 0.033450 0.011024
52 0.198952 0.871181 0.033450 0.012598
92 0.197204 0.814016 0.027958 0.013543
83 0.352222 0.404252 0.018472 0.015433
642 0.454568 0.705354 0.025462 0.015433
52 0.196455 0.384724 0.042436 0.015433
93 0.199950 0.748346 0.041438 0.016378
91 0.443085 0.580630 0.032451 0.017323
105 0.862956 0.847087 0.040439 0.017323
302 0.454568 0.687244 0.029456 0.017638
91 0.442586 0.202047 0.026460 0.017953
60 0.349725 0.340315 0.011483 0.018583
117 0.348977 0.321417 0.013979 0.018583
251 0.537444 0.297795 0.033450 0.018583
92 0.857963 0.243780 0.035447 0.018898
52 0.276335 0.526929 0.036445 0.018898
119 0.350225 0.388189 0.012481 0.019843
642 0.451822 0.309764 0.025961 0.019843
52 0.195956 0.266772 0.024463 0.020157
88 0.777334 0.767874 0.037943 0.020157
117 0.351223 0.422520 0.018472 0.020472
56 0.275337 0.554331 0.022466 0.021417
359 0.345731 0.298898 0.029456 0.021417
1174 0.377683 0.300787 0.031453 0.021417
91 0.772092 0.406299 0.035447 0.021417
88 0.197204 0.648189 0.037943 0.021417
88 0.110085 0.630551 0.039441 0.021417
88 0.114578 0.270079 0.038442 0.021732
1173 0.444583 0.494961 0.043435 0.021732
62 0.284324 0.667244 0.018472 0.022362
91 0.197953 0.404409 0.032451 0.022677
91 0.110834 0.300787 0.033949 0.022677
85 0.772591 0.198268 0.028457 0.022992
64 0.113330 0.516063 0.029955 0.022992
68 0.857464 0.824724 0.038442 0.022992
70 0.351722 0.365984 0.023465 0.023937
56 0.771343 0.536850 0.017973 0.024252
64 0.107589 0.725827 0.018472 0.024252
123 0.778333 0.819685 0.019970 0.024882
83 0.856715 0.658740 0.025961 0.024882
65 0.202197 0.583780 0.039940 0.024882
1173 0.520719 0.201732 0.041937 0.024882
2707 0.456565 0.731339 0.023465 0.025197
126 0.859461 0.412283 0.035447 0.025197
88 0.197953 0.235591 0.041438 0.025197
126 0.280330 0.338110 0.034448 0.025512
88 0.195956 0.467874 0.035447 0.025512
88 0.277833 0.608031 0.041438 0.025512
108 0.109586 0.661890 0.018472 0.026142
88 0.858962 0.590709 0.038442 0.026142
495 0.778083 0.794803 0.060409 0.026142
126 0.777084 0.873071 0.042436 0.026457
117 0.274338 0.698110 0.026460 0.026772
83 0.193210 0.494646 0.031952 0.026772
91 0.772092 0.345039 0.032451 0.026772
82 0.860459 0.346299 0.053420 0.026772
60 0.855467 0.722677 0.014478 0.027402
119 0.858462 0.869134 0.019471 0.027402
120 0.113080 0.358583 0.021468 0.027402
252 0.273090 0.641732 0.035946 0.027402
2707 0.455067 0.339843 0.024463 0.027717
1174 0.367948 0.561890 0.031952 0.027717
105 0.865452 0.474646 0.047429 0.027717
91 0.115577 0.201417 0.032451 0.028031
115 0.198952 0.523937 0.038442 0.028031
121 0.193709 0.291181 0.047928 0.028031
117 0.776086 0.465669 0.023465 0.028661
126 0.860959 0.798583 0.034448 0.028661
126 0.774089 0.435433 0.039441 0.028661
85 0.283325 0.846929 0.011483 0.028976
2707 0.540689 0.732598 0.023964 0.028976
83 0.278083 0.499213 0.025961 0.028976
72 0.108837 0.831496 0.041937 0.028976
42 0.375686 0.326772 0.007489 0.029291
83 0.193959 0.321732 0.029456 0.029291
118 0.774588 0.845827 0.031453 0.029291
58 0.277833 0.580315 0.037444 0.029291
58 0.776585 0.563937 0.043435 0.029291
85 0.526460 0.590866 0.014478 0.030236
2678 0.362956 0.154646 0.031952 0.030236
51 0.278333 0.246614 0.032451 0.030236
58 0.279830 0.307087 0.033450 0.030236
111 0.772092 0.380315 0.020469 0.030551
68 0.858462 0.445197 0.029456 0.030551
64 0.112831 0.328976 0.029955 0.030551
60 0.277584 0.402362 0.015976 0.031181
119 0.197204 0.553228 0.019970 0.031181
117 0.280080 0.370866 0.023964 0.031181
68 0.350974 0.426299 0.033949 0.031181
60 0.271343 0.730709 0.015477 0.031496
2678 0.540689 0.689921 0.027958 0.031811
83 0.108587 0.864724 0.038442 0.031811
87 0.112831 0.691181 0.041937 0.031811
82 0.281078 0.275433 0.053919 0.031811
932 0.358962 0.501417 0.047928 0.032756
119 0.865951 0.505354 0.016475 0.033071
117 0.859710 0.687717 0.021967 0.033071
501 0.770095 0.272598 0.036445 0.033701
2193 0.197454 0.203622 0.047429 0.033701
109 0.690215 0.286929 0.035447 0.034016
90 0.110085 0.755276 0.051423 0.034016
73 0.776335 0.628661 0.051922 0.034016
58 0.861458 0.377480 0.022466 0.034331
51 0.860959 0.318268 0.032451 0.034331
70 0.194958 0.683465 0.023465 0.035276
68 0.687219 0.204567 0.033450 0.035591
107 0.773090 0.593228 0.026460 0.036220
67 0.532202 0.550709 0.035946 0.036220
28 0.609835 0.279213 0.055417 0.036220
2987 0.281827 0.810551 0.057414 0.036220
53 0.115577 0.234016 0.015477 0.036535
119 0.114578 0.431811 0.020469 0.036535
87 0.112332 0.394961 0.035946 0.036535
303 0.776086 0.670236 0.042436 0.036535
121 0.195457 0.719370 0.044433 0.036535
717 0.113330 0.797480 0.045931 0.036535
70 0.197703 0.844252 0.027958 0.036850
102 0.699201 0.371496 0.045432 0.036850
53 0.196955 0.434803 0.017474 0.037480
2677 0.526211 0.504882 0.033949 0.037795
2685 0.197953 0.780000 0.036445 0.038110
720 0.609835 0.323937 0.042436 0.038110
60 0.773090 0.499685 0.020469 0.038740
2193 0.858462 0.763937 0.029456 0.038740
119 0.771093 0.231496 0.020469 0.039055
3936 0.523964 0.157165 0.042436 0.039055
68 0.196455 0.616220 0.008487 0.039370
70 0.196206 0.355591 0.023964 0.040315
70 0.693210 0.330551 0.025462 0.040630
485 0.858962 0.278268 0.034448 0.040630
3322 0.769596 0.310079 0.038442 0.040630
53 0.526211 0.627244 0.015976 0.041260
710 0.853470 0.204252 0.041438 0.041260
68 0.117074 0.548346 0.007489 0.041575
2987 0.444583 0.248031 0.043435 0.043150
505 0.110834 0.479528 0.025961 0.043780
68 0.282826 0.857795 0.042436 0.043780
710 0.276086 0.208346 0.041937 0.044409
3868 0.525462 0.252126 0.040439 0.045039
3439 0.440589 0.162047 0.041438 0.045039
2987 0.860709 0.550394 0.049925 0.045039
2987 0.444583 0.625827 0.046430 0.045354
68 0.855467 0.626614 0.015477 0.046299
4712 0.445582 0.539370 0.031453 0.046299
646 0.541937 0.336063 0.034448 0.046614
58 0.690714 0.246299 0.040439 0.046614
47 0.281078 0.764252 0.025961 0.048189
2987 0.113580 0.589134 0.048427 0.050709
3381 0.359960 0.235591 0.039940 0.052913
2438 0.278832 0.451811 0.034448 0.053858
42 0.366201 0.606457 0.006490 0.057638
2959 0.777833 0.721575 0.043934 0.057953
68 0.691463 0.427559 0.009985 0.072126
