88 0.123991 0.569908 0.046799 0.023248
64 0.692308 0.542240 0.032275 0.026850
85 0.693653 0.186477 0.034965 0.027832
88 0.589564 0.748854 0.050565 0.029470
88 0.694728 0.714473 0.056482 0.029470
102 0.593330 0.224296 0.066703 0.029470
88 0.587951 0.305174 0.044110 0.030779
91 0.589833 0.888671 0.047875 0.030779
495 0.691232 0.754093 0.078537 0.031434
85 0.481442 0.484774 0.021517 0.031762
553 0.398332 0.473805 0.069392 0.032089
64 0.396719 0.342174 0.030662 0.032744
91 0.589833 0.188605 0.047875 0.032744
91 0.122378 0.380157 0.048951 0.032744
98 0.689349 0.257040 0.064013 0.032744
109 0.590371 0.659463 0.055406 0.033399
83 0.117805 0.622299 0.045186 0.033726
61 0.398063 0.382286 0.054868 0.033726
115 0.126412 0.544695 0.054868 0.033726
127 0.595212 0.338572 0.060785 0.034054
83 0.480904 0.720203 0.045186 0.034381
69 0.592523 0.377865 0.061861 0.034709
1083 0.124260 0.341192 0.046261 0.035363
88 0.485207 0.307957 0.016138 0.035691
53 0.690694 0.222495 0.017214 0.035691
91 0.122647 0.310576 0.053792 0.035691
88 0.483055 0.679928 0.017214 0.037001
83 0.484400 0.348723 0.045724 0.037328
83 0.583647 0.812541 0.040882 0.037656
91 0.690694 0.509005 0.050565 0.037656
710 0.591985 0.848723 0.050027 0.037983
127 0.590909 0.416830 0.065089 0.037983
126 0.122916 0.503929 0.057558 0.038638
126 0.484131 0.529797 0.052717 0.039293
89 0.685853 0.348396 0.060247 0.040602
126 0.585799 0.574820 0.054868 0.041585
271 0.597633 0.617714 0.074233 0.042240
87 0.692577 0.623281 0.040344 0.042895
74 0.488435 0.447119 0.035503 0.043549
2320 0.490586 0.827931 0.065627 0.044859
980 0.585261 0.467256 0.057020 0.045187
83 0.681280 0.877374 0.034965 0.046169
78 0.396988 0.426490 0.039806 0.046169
68 0.134481 0.599869 0.017214 0.046496
83 0.392146 0.297970 0.030124 0.046496
3346 0.126950 0.812050 0.044110 0.046496
914 0.691232 0.795678 0.055944 0.046496
3231 0.397526 0.193189 0.063475 0.046496
59 0.697687 0.671415 0.046261 0.046824
58 0.589295 0.704813 0.032813 0.047479
68 0.697687 0.839882 0.017214 0.047806
1551 0.133943 0.863294 0.066703 0.048134
3338 0.122647 0.421578 0.069930 0.048788
58 0.689349 0.397184 0.036041 0.049116
1083 0.840506 0.496398 0.057558 0.049116
81 0.694190 0.585134 0.059710 0.049116
1977 0.592792 0.263589 0.076385 0.049771
3868 0.489242 0.195972 0.047875 0.050098
2685 0.490586 0.641781 0.065627 0.050426
629 0.488166 0.396365 0.051103 0.050753
68 0.402905 0.247380 0.013986 0.052063
2542 0.839968 0.431074 0.084454 0.052718
58 0.584185 0.524558 0.034427 0.054355
3756 0.127757 0.469876 0.040344 0.054355
3367 0.115116 0.203504 0.054868 0.055337
2193 0.690156 0.300753 0.048413 0.055992
68 0.595481 0.789129 0.020441 0.056320
3439 0.121302 0.666012 0.048951 0.056974
4072 0.839161 0.365750 0.088219 0.056974
4371 0.129371 0.753929 0.045724 0.057302
2438 0.487897 0.879011 0.055944 0.057302
2896 0.486552 0.581696 0.068316 0.058612
1354 0.122916 0.721676 0.062937 0.058939
3249 0.485476 0.256058 0.059710 0.060249
3439 0.693921 0.454486 0.047337 0.061559
3003 0.832975 0.301244 0.091985 0.063523
1267 0.488973 0.770792 0.062399 0.065488
3385 0.119150 0.266372 0.073696 0.065815
3367 0.248521 0.401277 0.068854 0.071709
3385 0.258203 0.491650 0.078537 0.079568
3338 0.254976 0.309267 0.086068 0.082187
