418 0.342649 0.412090 0.016616 0.013731
56 0.443605 0.862525 0.018127 0.014401
92 0.767623 0.789518 0.036757 0.015740
92 0.655337 0.519759 0.037764 0.016075
92 0.342145 0.501005 0.041793 0.016075
56 0.247986 0.851139 0.020645 0.018419
92 0.244461 0.644843 0.036757 0.018419
64 0.869587 0.241962 0.030211 0.019759
297 0.445871 0.841427 0.049849 0.021098
418 0.657855 0.778969 0.036757 0.021433
418 0.350201 0.890656 0.040785 0.021768
698 0.761581 0.239283 0.041793 0.022438
113 0.648540 0.371232 0.062437 0.022438
110 0.872356 0.587408 0.039778 0.022773
418 0.875378 0.803918 0.036757 0.023108
418 0.654330 0.475050 0.039778 0.023108
52 0.247734 0.872237 0.052367 0.023108
101 0.767875 0.769424 0.058409 0.023108
418 0.764099 0.746986 0.037764 0.023778
418 0.446375 0.768419 0.040785 0.024447
56 0.436808 0.328701 0.027694 0.025787
98 0.342145 0.733255 0.049849 0.025787
547 0.764854 0.847790 0.056395 0.025787
56 0.763092 0.397019 0.022659 0.026457
698 0.547583 0.716175 0.036757 0.026457
101 0.653827 0.500502 0.068983 0.026457
95 0.557654 0.887307 0.048842 0.027127
418 0.239930 0.525620 0.037764 0.027796
113 0.341390 0.798560 0.060423 0.027796
88 0.651813 0.444240 0.027694 0.028466
91 0.252266 0.891996 0.044310 0.028466
98 0.873364 0.659243 0.055891 0.028466
113 0.655337 0.840422 0.058912 0.028466
56 0.440836 0.530476 0.021652 0.029471
91 0.233132 0.290522 0.052367 0.029806
107 0.452920 0.884963 0.055891 0.029806
66 0.547583 0.825352 0.025680 0.030476
88 0.340634 0.474046 0.030715 0.030476
66 0.874874 0.692565 0.028701 0.030810
101 0.553625 0.645680 0.067976 0.030810
495 0.440332 0.507703 0.070997 0.030810
88 0.869335 0.485432 0.023666 0.031145
547 0.235398 0.433188 0.056898 0.031145
68 0.874371 0.561453 0.057905 0.031145
76 0.648792 0.655894 0.026687 0.031815
88 0.239678 0.710817 0.048338 0.031815
495 0.235901 0.468017 0.084089 0.031815
125 0.444864 0.561119 0.055891 0.033155
683 0.653827 0.546383 0.073011 0.033155
62 0.768127 0.427328 0.051863 0.033490
98 0.547080 0.793034 0.052870 0.033490
1174 0.881923 0.836906 0.052870 0.033490
91 0.345166 0.568654 0.069990 0.033490
62 0.441088 0.359176 0.050352 0.033825
126 0.770393 0.496149 0.050352 0.033825
691 0.763343 0.816142 0.046324 0.034829
126 0.450906 0.430007 0.049849 0.034829
83 0.658359 0.808439 0.053877 0.034829
126 0.760070 0.273945 0.059919 0.034829
113 0.758560 0.663094 0.063948 0.034829
113 0.439325 0.658406 0.064955 0.034829
126 0.548590 0.503182 0.054884 0.035164
62 0.766365 0.360851 0.046324 0.035834
4260 0.339124 0.442565 0.053877 0.035834
127 0.240685 0.360516 0.074522 0.035834
4260 0.874874 0.874414 0.031722 0.036169
2598 0.343152 0.868386 0.033736 0.036169
58 0.347180 0.833389 0.033736 0.037173
3234 0.651813 0.582552 0.060926 0.037173
127 0.771400 0.460315 0.064451 0.037173
92 0.230363 0.323510 0.020645 0.037508
111 0.239426 0.776289 0.030715 0.037508
87 0.551360 0.346618 0.060423 0.037508
978 0.767875 0.576189 0.058409 0.038513
83 0.246475 0.746484 0.042800 0.038848
118 0.549094 0.611353 0.014602 0.039183
88 0.650806 0.621065 0.026687 0.039183
2598 0.443102 0.741628 0.038268 0.039853
683 0.549597 0.541025 0.065962 0.039853
92 0.544310 0.426658 0.026183 0.040188
2598 0.339627 0.389149 0.028701 0.040188
58 0.664149 0.875419 0.032226 0.040188
958 0.342649 0.649364 0.044814 0.040188
88 0.869084 0.318486 0.056395 0.040188
3735 0.447130 0.471199 0.056395 0.040188
85 0.436556 0.291862 0.024169 0.041192
87 0.550101 0.571165 0.053877 0.041192
3231 0.871853 0.522271 0.058912 0.041192
4084 0.236908 0.564300 0.057905 0.041527
127 0.447633 0.397187 0.070493 0.041527
710 0.337362 0.529303 0.048338 0.041862
87 0.658862 0.291862 0.053877 0.042532
83 0.871601 0.360348 0.048338 0.042867
418 0.650050 0.245144 0.060423 0.042867
3735 0.764350 0.537341 0.050352 0.043202
1928 0.243454 0.676323 0.063948 0.043202
58 0.443605 0.697924 0.038268 0.044206
1799 0.769134 0.619223 0.064955 0.044206
76 0.440836 0.250000 0.035750 0.044541
710 0.229859 0.251674 0.061934 0.044541
2598 0.875378 0.773778 0.027694 0.045211
83 0.650050 0.694742 0.036254 0.045211
111 0.880413 0.396015 0.047835 0.045211
68 0.774673 0.873744 0.009567 0.045546
111 0.871853 0.275285 0.030715 0.045546
58 0.552870 0.863697 0.058409 0.045546
120 0.546576 0.391829 0.059919 0.045546
107 0.653323 0.332050 0.031722 0.045881
62 0.656848 0.405727 0.049849 0.045881
127 0.554884 0.464334 0.074522 0.045881
87 0.547080 0.250000 0.042800 0.046551
58 0.340383 0.348794 0.054381 0.046551
2987 0.343152 0.601641 0.063948 0.046551
4447 0.244209 0.822003 0.068479 0.046551
2836 0.336606 0.250837 0.066969 0.046885
506 0.240181 0.603985 0.032226 0.048560
126 0.551108 0.755358 0.058912 0.048560
2193 0.872860 0.443235 0.047835 0.049230
327 0.237915 0.494809 0.061934 0.049230
58 0.877140 0.735432 0.048338 0.049565
1787 0.344159 0.694742 0.044814 0.049900
3684 0.235901 0.393670 0.060926 0.050569
3136 0.651813 0.739116 0.044814 0.050904
4447 0.447382 0.804756 0.077039 0.050904
51 0.765106 0.316979 0.051863 0.051239
3136 0.550101 0.673979 0.042800 0.051909
127 0.352719 0.762726 0.070997 0.051909
107 0.544058 0.300067 0.032729 0.052244
62 0.765358 0.708808 0.038268 0.055258
76 0.337613 0.297220 0.039778 0.055928
68 0.882931 0.619390 0.016616 0.057937
47 0.443857 0.603818 0.034743 0.061621
