246 0.390543 0.714851 0.053814 0.007261
56 0.858673 0.737459 0.018286 0.018152
1173 0.459248 0.576568 0.036573 0.019142
1559 0.463427 0.662211 0.040752 0.020792
126 0.460815 0.684158 0.033438 0.021122
93 0.867032 0.330033 0.053814 0.021122
56 0.770115 0.269307 0.017764 0.023102
119 0.508621 0.606106 0.020376 0.024752
78 0.512278 0.578713 0.023511 0.024752
88 0.490857 0.762376 0.057994 0.025083
2836 0.458725 0.638779 0.040752 0.025413
85 0.393417 0.402640 0.018809 0.025743
252 0.301724 0.266997 0.043365 0.027063
76 0.763584 0.295380 0.030825 0.027723
70 0.769070 0.410231 0.036573 0.027723
83 0.508098 0.633333 0.037095 0.027723
248 0.485371 0.794059 0.064786 0.027723
1810 0.491379 0.826568 0.033960 0.028053
126 0.392633 0.371947 0.051724 0.028383
70 0.863114 0.252310 0.031348 0.028713
120 0.301724 0.296700 0.024556 0.029043
99 0.389237 0.636304 0.064786 0.029703
91 0.766458 0.244719 0.052247 0.030033
120 0.766980 0.602310 0.029258 0.030363
76 0.855538 0.765347 0.031870 0.030363
79 0.776123 0.569307 0.045455 0.030363
99 0.294148 0.705446 0.065831 0.030693
88 0.761233 0.375908 0.031348 0.031023
88 0.295977 0.630858 0.035005 0.031353
88 0.850836 0.848020 0.048589 0.031353
126 0.289446 0.789274 0.049112 0.031353
88 0.393939 0.565017 0.030303 0.031683
88 0.857106 0.615182 0.061129 0.031683
85 0.856844 0.544554 0.017764 0.032343
91 0.858412 0.405116 0.051202 0.032673
92 0.483542 0.287459 0.021421 0.034983
4135 0.394462 0.298350 0.067921 0.034983
1396 0.512278 0.667162 0.047544 0.035314
287 0.769592 0.776403 0.072100 0.035314
3868 0.462644 0.545050 0.037095 0.035974
107 0.393678 0.601320 0.030825 0.036304
3868 0.461860 0.607591 0.037618 0.036304
2677 0.299896 0.496370 0.043887 0.036304
91 0.857367 0.713201 0.050157 0.036304
111 0.760711 0.639439 0.028213 0.036634
91 0.491641 0.249505 0.051202 0.036964
750 0.391327 0.339274 0.070010 0.036964
111 0.852403 0.579208 0.024556 0.037624
119 0.392894 0.441584 0.028213 0.037624
111 0.386625 0.782343 0.026123 0.037954
111 0.759143 0.488284 0.031348 0.038614
83 0.388192 0.478218 0.045977 0.038944
107 0.297022 0.671287 0.029781 0.039604
120 0.763062 0.449835 0.029781 0.040264
126 0.489289 0.433003 0.047544 0.040264
509 0.861808 0.366337 0.056949 0.040264
60 0.288662 0.825413 0.028736 0.040924
121 0.861285 0.298350 0.064263 0.040924
720 0.764368 0.684983 0.052247 0.041254
3338 0.509927 0.545875 0.042842 0.041584
87 0.491118 0.327723 0.061651 0.041584
1666 0.298328 0.456106 0.082550 0.041584
932 0.294932 0.334158 0.069488 0.041914
90 0.766458 0.529703 0.064786 0.042244
126 0.302247 0.411716 0.040230 0.042574
1559 0.856061 0.884983 0.065308 0.042574
932 0.297806 0.193564 0.071055 0.043234
2151 0.630617 0.293894 0.077325 0.043234
1879 0.391066 0.749010 0.046499 0.043894
2752 0.296761 0.542244 0.075235 0.045545
691 0.483804 0.480363 0.054336 0.045875
3009 0.294671 0.588119 0.070010 0.046205
932 0.386886 0.523102 0.070533 0.046205
78 0.856322 0.805116 0.037618 0.046535
1964 0.769331 0.199505 0.074713 0.047195
1999 0.493469 0.199010 0.078892 0.047525
2197 0.301202 0.380693 0.061129 0.048515
78 0.767764 0.338449 0.037095 0.049175
87 0.628004 0.431353 0.082550 0.049505
2193 0.488506 0.719472 0.052247 0.050165
2197 0.304859 0.242904 0.059039 0.050825
3136 0.384796 0.878053 0.046499 0.051155
2354 0.389498 0.829043 0.060084 0.051485
3984 0.849007 0.504620 0.051202 0.052805
2354 0.400993 0.198515 0.061129 0.053795
3136 0.396029 0.250495 0.044932 0.054125
68 0.297806 0.746205 0.012539 0.054785
3338 0.854493 0.663861 0.063218 0.055776
4722 0.858412 0.453960 0.050157 0.057096
68 0.391066 0.678383 0.017241 0.059076
296 0.769854 0.733993 0.055904 0.060066
3945 0.191484 0.303300 0.095611 0.060066
92 0.621212 0.373102 0.028213 0.061716
577 0.180251 0.368152 0.075235 0.062376
2438 0.861808 0.207096 0.057994 0.063696
4637 0.181557 0.502640 0.101881 0.064026
3756 0.492424 0.877228 0.042320 0.064686
3434 0.489289 0.385149 0.060084 0.064686
2215 0.183647 0.437789 0.075758 0.068977
