246 0.112903 0.121336 0.033236 0.003782
246 0.760264 0.468011 0.043500 0.003782
246 0.756354 0.121021 0.038612 0.005043
246 0.122190 0.315002 0.025415 0.005358
128 0.284457 0.530728 0.011730 0.012606
52 0.689883 0.748661 0.039589 0.014812
251 0.781769 0.735109 0.035679 0.015443
297 0.117546 0.441696 0.034702 0.016073
85 0.278104 0.662465 0.029326 0.016388
102 0.441593 0.754806 0.054252 0.016388
62 0.620479 0.809171 0.021017 0.016703
248 0.773460 0.337378 0.028837 0.016703
101 0.440616 0.401986 0.048387 0.016703
52 0.517840 0.325244 0.046432 0.017649
102 0.281769 0.814844 0.057185 0.017964
56 0.606305 0.574693 0.014174 0.019225
91 0.522239 0.346517 0.028837 0.019855
91 0.769306 0.657895 0.031281 0.019855
91 0.692571 0.724708 0.033236 0.019855
52 0.682551 0.239994 0.032747 0.021116
56 0.361437 0.386700 0.012219 0.021431
92 0.282502 0.513237 0.023460 0.021746
418 0.286168 0.487078 0.029814 0.021746
85 0.122678 0.639931 0.031281 0.021746
91 0.761730 0.255121 0.031769 0.021746
83 0.361437 0.697762 0.026882 0.022691
91 0.117058 0.238260 0.027859 0.022691
64 0.281281 0.725024 0.028837 0.023007
126 0.689394 0.798456 0.035679 0.023007
104 0.682307 0.437283 0.043011 0.023007
88 0.283480 0.752442 0.039101 0.023637
88 0.360215 0.409864 0.044966 0.023637
120 0.686217 0.410022 0.019550 0.023952
76 0.445992 0.871100 0.024927 0.023952
60 0.278837 0.556571 0.038612 0.023952
88 0.365347 0.595178 0.036657 0.024267
88 0.125367 0.737315 0.038612 0.024267
52 0.129277 0.870627 0.050342 0.024267
418 0.281769 0.269934 0.028837 0.024898
88 0.603372 0.331390 0.042522 0.024898
104 0.601173 0.269303 0.043011 0.024898
127 0.440371 0.450362 0.044966 0.025213
64 0.358016 0.322881 0.018084 0.025528
120 0.360459 0.228648 0.022972 0.025528
83 0.122434 0.803813 0.034702 0.025528
110 0.607283 0.698550 0.037634 0.025528
717 0.780303 0.765994 0.044477 0.026158
88 0.684751 0.583675 0.037146 0.026473
495 0.442082 0.511188 0.048387 0.026473
252 0.607283 0.786795 0.034702 0.026789
717 0.779570 0.371100 0.048876 0.026789
126 0.437928 0.481406 0.039101 0.027419
110 0.435239 0.234636 0.043500 0.027419
108 0.358260 0.260637 0.021505 0.027734
76 0.518817 0.196974 0.022972 0.027734
88 0.528592 0.868106 0.021017 0.028049
110 0.437195 0.335172 0.038612 0.028049
60 0.357771 0.200599 0.043011 0.028049
72 0.604106 0.472896 0.048876 0.028049
115 0.606549 0.729436 0.037146 0.028679
126 0.359726 0.289631 0.033236 0.028995
547 0.448925 0.691774 0.043500 0.028995
120 0.519062 0.226442 0.021505 0.029310
117 0.528104 0.764103 0.021994 0.029310
83 0.520772 0.647494 0.028837 0.029310
127 0.845308 0.430665 0.045455 0.029310
495 0.119501 0.512606 0.058162 0.029310
60 0.116325 0.569650 0.013685 0.029940
119 0.605816 0.597699 0.016129 0.029940
123 0.116080 0.155216 0.024927 0.029940
111 0.692815 0.771825 0.030792 0.030255
88 0.280792 0.413804 0.038612 0.030255
110 0.276637 0.240939 0.037146 0.030570
271 0.607283 0.668295 0.046432 0.030570
73 0.366569 0.666089 0.054741 0.030570
85 0.280059 0.297983 0.009775 0.031201
118 0.441349 0.303341 0.015640 0.031201
271 0.437683 0.201229 0.047410 0.031201
83 0.522239 0.451623 0.025904 0.031516
58 0.125611 0.666877 0.039101 0.031516
81 0.603372 0.549007 0.039589 0.031516
83 0.685484 0.652537 0.029814 0.031831
84 0.608749 0.756224 0.034702 0.031831
58 0.608749 0.867160 0.044477 0.031831
53 0.606549 0.836275 0.017595 0.032461
117 0.363636 0.769461 0.021505 0.032461
64 0.604839 0.365742 0.030792 0.032461
58 0.523705 0.798141 0.036657 0.032461
117 0.117791 0.538922 0.019550 0.032777
117 0.598729 0.201387 0.025415 0.032777
51 0.436950 0.422313 0.033236 0.032777
1214 0.690860 0.692090 0.045455 0.032777
53 0.521505 0.373306 0.015640 0.033092
83 0.440616 0.660731 0.033724 0.033092
58 0.602884 0.236212 0.037634 0.033092
95 0.441105 0.269934 0.042522 0.033092
1834 0.519306 0.256067 0.045455 0.033092
111 0.683529 0.339899 0.031769 0.033722
63 0.530059 0.519855 0.041544 0.033722
90 0.604350 0.400410 0.047410 0.033722
96 0.119990 0.210999 0.048387 0.033722
85 0.606061 0.630949 0.011730 0.034037
118 0.111926 0.188465 0.027370 0.034037
117 0.847263 0.353609 0.030792 0.034037
2836 0.531281 0.832020 0.050831 0.034037
68 0.127810 0.766625 0.005376 0.034352
86 0.694526 0.466278 0.025415 0.034352
107 0.445503 0.839742 0.028837 0.034352
108 0.363636 0.518279 0.009775 0.034983
70 0.446481 0.728490 0.022972 0.034983
70 0.126344 0.839426 0.028837 0.034983
81 0.522727 0.683738 0.034702 0.034983
51 0.521994 0.485503 0.035191 0.034983
3289 0.523216 0.562402 0.041544 0.034983
271 0.278592 0.205641 0.046921 0.034983
70 0.690616 0.828238 0.021505 0.035298
121 0.684506 0.304759 0.024927 0.035298
78 0.846774 0.318626 0.030792 0.035298
67 0.367791 0.482824 0.039589 0.035298
58 0.279814 0.331547 0.040567 0.035298
82 0.685239 0.268831 0.054741 0.035298
68 0.441593 0.622912 0.008309 0.035613
53 0.763685 0.504412 0.016129 0.035613
86 0.614370 0.299874 0.025415 0.035613
1893 0.685973 0.546013 0.043500 0.035613
70 0.281769 0.788528 0.023949 0.036558
126 0.279570 0.632209 0.035191 0.036558
107 0.364370 0.355815 0.040567 0.036558
28 0.198192 0.278443 0.053275 0.036874
107 0.362170 0.633943 0.025415 0.037504
2193 0.125611 0.703593 0.033236 0.037504
268 0.439883 0.372991 0.035191 0.037504
28 0.844086 0.273401 0.056696 0.037504
68 0.688172 0.617082 0.007820 0.037819
119 0.281281 0.690829 0.016129 0.037819
330 0.280792 0.453041 0.030792 0.038134
120 0.768328 0.540971 0.039101 0.038134
109 0.446481 0.580366 0.046432 0.038134
121 0.445259 0.543807 0.035191 0.038765
110 0.847996 0.395052 0.041056 0.038765
717 0.604839 0.438859 0.054252 0.038765
58 0.360459 0.445320 0.026882 0.039080
87 0.685973 0.378506 0.034702 0.039080
2983 0.766618 0.622754 0.040567 0.039080
119 0.688661 0.865742 0.041056 0.039080
68 0.603372 0.511346 0.034702 0.039395
71 0.287390 0.591396 0.039101 0.039395
3041 0.685484 0.507249 0.047410 0.039395
359 0.369990 0.861172 0.044966 0.040025
710 0.675709 0.203120 0.039589 0.040656
70 0.518328 0.294201 0.023949 0.041286
111 0.362903 0.730381 0.033724 0.041286
2987 0.120479 0.274346 0.050342 0.041286
4458 0.362414 0.560195 0.050342 0.041286
2983 0.761241 0.215411 0.034702 0.041916
2987 0.767107 0.694768 0.053275 0.041916
68 0.768573 0.581153 0.009286 0.042862
88 0.517351 0.417271 0.019062 0.042862
58 0.525660 0.724236 0.020039 0.042862
2193 0.117546 0.406870 0.031769 0.042862
2987 0.764663 0.290419 0.051320 0.043807
1584 0.281525 0.372991 0.027370 0.045068
646 0.125122 0.347463 0.035191 0.045068
4458 0.761241 0.163410 0.049365 0.045068
4458 0.850684 0.476363 0.050342 0.045068
68 0.285679 0.849669 0.009286 0.046644
4458 0.201613 0.457296 0.052297 0.047904
646 0.120235 0.475102 0.041056 0.049480
88 0.522727 0.605893 0.017107 0.050741
3492 0.194282 0.328081 0.055230 0.051686
47 0.124878 0.598802 0.023949 0.052947
68 0.446725 0.788528 0.007820 0.054207
68 0.368768 0.815474 0.008309 0.057044
