92 0.185226 0.251148 0.039691 0.015738
92 0.191566 0.559344 0.040243 0.017049
52 0.205623 0.858197 0.054024 0.018689
104 0.576902 0.305410 0.051268 0.019344
56 0.590132 0.610820 0.018192 0.020984
102 0.679989 0.387377 0.063396 0.022623
64 0.286935 0.325246 0.041345 0.023607
117 0.678060 0.324426 0.016538 0.025246
248 0.581588 0.412951 0.056229 0.025246
88 0.681643 0.293443 0.057883 0.025574
64 0.671996 0.181803 0.033076 0.025902
81 0.778390 0.328033 0.045204 0.025902
85 0.689912 0.562787 0.015987 0.026557
56 0.182194 0.224918 0.017089 0.026885
88 0.292172 0.590328 0.056229 0.027213
115 0.185502 0.425574 0.050165 0.027541
88 0.584344 0.534098 0.051819 0.028197
120 0.788589 0.803770 0.029217 0.029180
120 0.695149 0.530656 0.030871 0.029180
553 0.298236 0.744426 0.069460 0.029836
495 0.576626 0.375574 0.072767 0.029836
120 0.679162 0.352787 0.027563 0.030820
60 0.302370 0.783279 0.040243 0.030820
91 0.786384 0.670820 0.047960 0.030820
88 0.185226 0.340820 0.027563 0.031148
91 0.186053 0.187705 0.055678 0.031148
1810 0.584068 0.453279 0.039140 0.031803
302 0.576902 0.185902 0.064498 0.032131
91 0.673649 0.215574 0.056229 0.033115
627 0.863010 0.418197 0.046858 0.033770
302 0.864664 0.333607 0.058986 0.033770
53 0.293550 0.624262 0.018192 0.034098
501 0.571389 0.227869 0.060088 0.034098
87 0.095094 0.187377 0.042448 0.034426
85 0.290243 0.519344 0.022602 0.034754
108 0.675579 0.254754 0.024807 0.034754
111 0.290518 0.551967 0.022051 0.035738
70 0.292723 0.659672 0.034179 0.036066
126 0.285832 0.366393 0.056781 0.037049
108 0.861356 0.245738 0.072216 0.037049
126 0.792172 0.885902 0.054024 0.037377
98 0.582966 0.640328 0.063396 0.037377
111 0.203969 0.886885 0.027563 0.038033
117 0.089581 0.276557 0.018192 0.038361
86 0.586273 0.336721 0.039140 0.038689
1174 0.694873 0.655246 0.055678 0.039016
60 0.291345 0.696721 0.022602 0.039344
87 0.784179 0.458361 0.032525 0.039344
2707 0.582690 0.496557 0.042999 0.039672
1893 0.886439 0.888033 0.052922 0.039672
87 0.788313 0.843934 0.037486 0.040000
122 0.090408 0.318689 0.045204 0.040000
3041 0.878721 0.845246 0.065050 0.040000
264 0.775358 0.239180 0.047960 0.040328
978 0.194873 0.594590 0.057883 0.040328
107 0.193771 0.518852 0.033627 0.040984
70 0.776461 0.502459 0.038037 0.040984
1083 0.874587 0.802623 0.047960 0.041311
53 0.282525 0.247049 0.018192 0.041639
2677 0.697354 0.766393 0.041896 0.041639
2593 0.185226 0.386066 0.042999 0.041639
3203 0.866318 0.464098 0.053473 0.041639
2590 0.782249 0.576885 0.036384 0.042295
1642 0.858324 0.371967 0.067255 0.042295
86 0.099504 0.229344 0.040243 0.042951
96 0.782249 0.536230 0.057332 0.042951
247 0.874035 0.755410 0.047960 0.043279
81 0.187155 0.469508 0.058986 0.043279
3041 0.872657 0.561639 0.065050 0.043279
81 0.589030 0.578525 0.057883 0.043607
1893 0.874587 0.605738 0.057883 0.043607
74 0.861356 0.289508 0.036935 0.043934
1977 0.196251 0.644098 0.074972 0.044918
58 0.777012 0.363607 0.030320 0.045246
69 0.313120 0.834098 0.037486 0.045246
648 0.869625 0.655738 0.046858 0.045246
627 0.575248 0.270164 0.055678 0.045246
2752 0.697905 0.824098 0.070562 0.045574
2685 0.288864 0.476393 0.058434 0.045902
3231 0.777563 0.286393 0.063396 0.046230
118 0.302370 0.880000 0.035832 0.046557
264 0.869350 0.707213 0.054024 0.046557
122 0.278666 0.289836 0.058986 0.046557
58 0.685777 0.610164 0.029768 0.047213
327 0.432745 0.384262 0.087100 0.047869
648 0.775083 0.191967 0.041896 0.048197
1982 0.863010 0.514590 0.075524 0.048197
680 0.288313 0.416230 0.054024 0.048852
2354 0.789140 0.762131 0.057883 0.048852
3009 0.697630 0.874262 0.065601 0.048852
4644 0.281422 0.197377 0.073319 0.050492
2484 0.195976 0.695738 0.036935 0.051148
4435 0.787211 0.711967 0.067255 0.051475
1977 0.197905 0.816230 0.077178 0.051475
3936 0.862734 0.195902 0.057332 0.052131
1028 0.785832 0.625246 0.070011 0.052459
2354 0.686880 0.487541 0.062845 0.055082
308 0.780871 0.417049 0.066703 0.055738
2885 0.436329 0.456393 0.073319 0.055738
119 0.188534 0.290656 0.025358 0.056721
68 0.691290 0.708525 0.013230 0.060984
1578 0.197354 0.756721 0.054024 0.060984
68 0.679989 0.426393 0.014884 0.066557
4598 0.427508 0.307869 0.092062 0.069508
68 0.087652 0.397049 0.016538 0.109508
