248 0.668153 0.697759 0.057188 0.022413
247 0.671039 0.727752 0.043022 0.024390
191 0.660546 0.754944 0.040923 0.024720
52 0.341028 0.429796 0.069255 0.029664
720 0.508919 0.704680 0.044071 0.036256
720 0.821354 0.705999 0.042497 0.036915
720 0.189402 0.700066 0.038825 0.038233
720 0.335257 0.702044 0.048269 0.038233
204 0.667891 0.784113 0.045121 0.039552
135 0.334995 0.738958 0.034103 0.040211
1083 0.809024 0.365030 0.052466 0.040541
66 0.339979 0.293837 0.044071 0.041859
127 0.343389 0.337838 0.081322 0.048121
757 0.497377 0.391562 0.086044 0.048780
70 0.337356 0.388926 0.034627 0.050758
4496 0.186516 0.382993 0.076076 0.054054
3868 0.673137 0.432597 0.068206 0.056361
3360 0.811123 0.301582 0.086044 0.056691
4719 0.335782 0.542353 0.086044 0.057020
1679 0.666579 0.373929 0.093914 0.058998
3868 0.187303 0.441496 0.060860 0.059657
3249 0.183631 0.510877 0.065058 0.065920
3249 0.668940 0.497858 0.066107 0.066249
2197 0.814533 0.434410 0.072928 0.067897
4348 0.668416 0.306691 0.076600 0.068886
1827 0.184155 0.310976 0.059811 0.073500
3035 0.338667 0.475115 0.056139 0.075478
2438 0.500000 0.311964 0.069255 0.079433
