101 0.367980 0.671739 0.048617 0.009974
26 0.568106 0.245908 0.049874 0.012532
101 0.775147 0.762404 0.063286 0.015345
101 0.367142 0.582353 0.050293 0.017391
129 0.270536 0.357673 0.015507 0.017647
102 0.671836 0.432353 0.050293 0.018159
101 0.873638 0.455243 0.049036 0.019437
52 0.366932 0.767903 0.039816 0.020205
65 0.775985 0.378517 0.038977 0.020460
300 0.876991 0.862020 0.029757 0.021228
92 0.261106 0.337980 0.045264 0.021228
120 0.469405 0.786445 0.016764 0.021483
91 0.771375 0.351535 0.036463 0.022762
52 0.469614 0.703708 0.038977 0.022762
91 0.875314 0.263043 0.036463 0.023274
70 0.156119 0.914578 0.034786 0.023529
96 0.159891 0.809079 0.045683 0.023785
91 0.262154 0.614706 0.033948 0.024297
547 0.879086 0.295013 0.050712 0.024297
83 0.159053 0.833504 0.033110 0.024552
86 0.163244 0.415857 0.035624 0.024552
122 0.261106 0.717519 0.035205 0.025320
111 0.158005 0.441176 0.026823 0.025575
85 0.773470 0.402046 0.033948 0.025575
83 0.768860 0.626343 0.033948 0.025575
42 0.259849 0.909335 0.013412 0.025831
53 0.877200 0.893734 0.018441 0.026343
85 0.468776 0.671867 0.032272 0.026598
60 0.874895 0.396675 0.048198 0.026598
115 0.771375 0.740793 0.038139 0.026854
72 0.669740 0.266113 0.045264 0.026854
88 0.770746 0.599616 0.021794 0.027366
87 0.161148 0.776598 0.033948 0.027366
88 0.877200 0.831458 0.025147 0.027621
83 0.366303 0.826598 0.035205 0.027621
120 0.367770 0.407289 0.015507 0.027877
120 0.674141 0.408568 0.015507 0.028389
93 0.769489 0.530563 0.035205 0.028389
62 0.472129 0.760997 0.042330 0.028389
104 0.775566 0.266624 0.047360 0.028389
95 0.468776 0.729156 0.045683 0.028645
111 0.363998 0.317775 0.025566 0.028900
111 0.366094 0.473913 0.029757 0.029668
273 0.470453 0.821483 0.033110 0.029668
316 0.474015 0.858568 0.060352 0.029668
107 0.161148 0.747442 0.024728 0.029923
88 0.875733 0.688875 0.025566 0.029923
70 0.368609 0.908312 0.030595 0.029923
2222 0.466262 0.462020 0.048198 0.029923
87 0.874686 0.724680 0.038558 0.030435
978 0.263831 0.441304 0.044845 0.030435
88 0.465633 0.423529 0.026823 0.030691
85 0.266136 0.303325 0.030176 0.030691
119 0.160729 0.642327 0.026404 0.030946
87 0.163034 0.610870 0.035205 0.030946
127 0.674979 0.295269 0.047360 0.030946
68 0.876572 0.909591 0.030595 0.031458
93 0.669321 0.331841 0.035205 0.031458
88 0.365465 0.437980 0.041911 0.031458
76 0.263831 0.272506 0.044845 0.031458
107 0.365884 0.556777 0.021794 0.031714
126 0.368609 0.735678 0.040654 0.031969
72 0.766974 0.499616 0.045264 0.031969
2489 0.369028 0.610870 0.050712 0.031969
111 0.264878 0.688363 0.023470 0.032481
87 0.571878 0.282737 0.042330 0.032481
93 0.571249 0.359463 0.043588 0.032481
127 0.570201 0.399616 0.057418 0.032481
87 0.262154 0.797315 0.034786 0.032992
110 0.162196 0.347698 0.038558 0.032992
710 0.159891 0.681202 0.047360 0.032992
127 0.572925 0.318031 0.060352 0.032992
126 0.877410 0.365601 0.046521 0.033504
121 0.367980 0.795652 0.031852 0.033760
70 0.872171 0.757033 0.041911 0.033760
126 0.165339 0.715217 0.046521 0.034015
3025 0.164082 0.272251 0.055742 0.034015
395 0.877619 0.800128 0.060352 0.034015
123 0.870495 0.427494 0.023470 0.034527
2222 0.367142 0.702174 0.045264 0.034527
1129 0.767393 0.567775 0.046940 0.034783
366 0.469195 0.903069 0.050712 0.034783
886 0.465423 0.305882 0.057418 0.034783
4132 0.873219 0.615729 0.041492 0.035038
62 0.161777 0.382737 0.041911 0.035550
366 0.467519 0.588619 0.044845 0.035550
2182 0.161148 0.308056 0.050712 0.035550
68 0.876572 0.327621 0.010478 0.035806
790 0.466890 0.501279 0.041911 0.035806
1197 0.470453 0.539642 0.049874 0.035806
51 0.873009 0.535678 0.033529 0.036061
63 0.877410 0.572251 0.038977 0.036061
119 0.261526 0.832353 0.026823 0.036573
70 0.771165 0.706522 0.028500 0.037084
1977 0.264669 0.478900 0.052389 0.037084
2236 0.465004 0.390153 0.049036 0.037596
3203 0.262154 0.647059 0.040654 0.037852
2587 0.165339 0.479668 0.038139 0.038619
115 0.363370 0.648593 0.043588 0.038875
978 0.467938 0.268798 0.054065 0.038875
750 0.159681 0.567647 0.048617 0.039130
4447 0.875733 0.652558 0.050712 0.039130
87 0.671626 0.373402 0.028919 0.039898
1174 0.260059 0.875831 0.044007 0.040665
4646 0.261316 0.573146 0.032272 0.041944
4528 0.162825 0.527494 0.041492 0.042199
1584 0.366094 0.519309 0.034786 0.042711
4344 0.466471 0.349488 0.055323 0.043223
3448 0.265088 0.394246 0.053227 0.044246
1947 0.466262 0.631074 0.042330 0.044757
296 0.368189 0.278772 0.059095 0.045013
3711 0.768650 0.664834 0.045264 0.045269
4564 0.260059 0.525959 0.043168 0.045780
3711 0.362112 0.869437 0.043588 0.045780
2438 0.769698 0.313043 0.047360 0.047059
2438 0.570620 0.445269 0.048198 0.048082
3711 0.155700 0.876087 0.045683 0.048849
2438 0.873219 0.492839 0.049036 0.049105
2438 0.366932 0.366752 0.044845 0.052174
47 0.269070 0.745524 0.041911 0.059335
68 0.770536 0.450767 0.013831 0.061637
68 0.670578 0.494246 0.013412 0.100512
