92 0.689182 0.561561 0.036060 0.013390
128 0.298977 0.860385 0.013455 0.016003
93 0.787406 0.270085 0.052745 0.016329
52 0.789559 0.767472 0.055974 0.018942
76 0.297363 0.831646 0.030678 0.021228
113 0.202637 0.820216 0.057589 0.021228
113 0.294941 0.383246 0.062433 0.021228
56 0.782024 0.296212 0.013994 0.022861
129 0.401238 0.637329 0.039290 0.023187
88 0.787137 0.641737 0.046825 0.024167
57 0.885630 0.765839 0.037137 0.024820
57 0.702099 0.648269 0.041442 0.024820
64 0.386168 0.340954 0.030678 0.025474
56 0.791442 0.793762 0.020990 0.025800
297 0.780947 0.188276 0.053821 0.025800
88 0.297363 0.797518 0.051130 0.027433
113 0.390743 0.491509 0.065662 0.027433
76 0.689720 0.676845 0.037137 0.027760
56 0.199408 0.556989 0.054360 0.027760
88 0.106566 0.188929 0.017223 0.028413
88 0.198870 0.427008 0.046825 0.028413
547 0.204521 0.683050 0.057051 0.028413
65 0.207750 0.318256 0.062433 0.029066
57 0.301399 0.235794 0.039828 0.029393
88 0.392088 0.564010 0.057589 0.030046
553 0.778525 0.395820 0.068353 0.030699
119 0.779064 0.325931 0.026372 0.031352
67 0.398816 0.422600 0.046286 0.031352
105 0.693219 0.355976 0.060280 0.031352
108 0.300592 0.883246 0.036060 0.031679
81 0.200753 0.595852 0.052745 0.031679
124 0.296017 0.765513 0.054898 0.032005
102 0.682454 0.279556 0.071044 0.032005
85 0.201830 0.354507 0.018299 0.032332
83 0.106297 0.230732 0.037137 0.032332
53 0.196986 0.853690 0.022605 0.032658
302 0.298439 0.602221 0.059742 0.032658
85 0.875942 0.641248 0.016685 0.032985
95 0.875404 0.558295 0.055436 0.032985
60 0.687029 0.529066 0.029602 0.033312
88 0.791712 0.877204 0.034446 0.033312
88 0.780409 0.358752 0.033369 0.033638
76 0.870022 0.796702 0.033907 0.033638
76 0.869483 0.375082 0.036060 0.033638
91 0.292250 0.310418 0.044133 0.033638
88 0.785791 0.570869 0.020452 0.033965
102 0.295210 0.347649 0.062971 0.034291
118 0.292788 0.732854 0.016146 0.034618
93 0.209903 0.235794 0.041981 0.034618
83 0.788482 0.609406 0.049516 0.034618
70 0.869214 0.236610 0.038751 0.034944
87 0.871905 0.190398 0.032293 0.035271
92 0.387244 0.602057 0.024220 0.035598
297 0.298708 0.512247 0.055974 0.035598
120 0.389397 0.454931 0.029602 0.035924
86 0.402853 0.822992 0.041442 0.035924
91 0.200484 0.279882 0.051130 0.035924
111 0.872443 0.675212 0.024758 0.036904
83 0.295748 0.471424 0.043595 0.036904
68 0.204252 0.782985 0.044672 0.036904
126 0.871905 0.415088 0.054898 0.037231
115 0.202368 0.196277 0.057051 0.037231
118 0.678687 0.245101 0.020452 0.037557
61 0.300323 0.694481 0.048439 0.038210
2542 0.395048 0.253919 0.054898 0.038210
87 0.687029 0.192358 0.048977 0.038537
1157 0.392088 0.727302 0.044672 0.039190
87 0.295210 0.195297 0.052207 0.039190
115 0.203445 0.890105 0.055974 0.039517
96 0.874327 0.279393 0.062971 0.039517
1083 0.389935 0.302417 0.051130 0.040496
2222 0.788751 0.532985 0.066200 0.040496
53 0.387513 0.530862 0.022605 0.041476
60 0.199946 0.390105 0.023143 0.041476
88 0.391012 0.876388 0.038213 0.042129
2590 0.783100 0.433050 0.041981 0.042456
101 0.872713 0.323971 0.056512 0.042456
104 0.400161 0.773024 0.057589 0.042456
251 0.393703 0.676845 0.050054 0.042782
680 0.873520 0.463586 0.050592 0.042782
58 0.293326 0.422273 0.026911 0.044415
1157 0.295479 0.561888 0.051668 0.044742
552 0.787675 0.233997 0.058665 0.044742
63 0.399085 0.383410 0.071582 0.045069
68 0.208288 0.461300 0.019376 0.045395
58 0.791712 0.830176 0.029064 0.046375
2685 0.877557 0.601241 0.056512 0.046375
1083 0.543326 0.373612 0.056512 0.047028
60 0.289828 0.262737 0.023143 0.047355
126 0.198870 0.637982 0.048977 0.047355
68 0.798170 0.672273 0.022605 0.048008
2246 0.873789 0.508818 0.057589 0.048334
552 0.301938 0.647289 0.049516 0.048988
83 0.194026 0.514206 0.028525 0.049967
93 0.554360 0.488733 0.062433 0.050621
110 0.787944 0.720444 0.047363 0.050947
4296 0.686222 0.314337 0.061356 0.051927
68 0.205059 0.734161 0.012917 0.052253
4147 0.784177 0.483997 0.060280 0.052253
2426 0.385630 0.200849 0.071582 0.052253
68 0.690797 0.486773 0.013455 0.052580
115 0.547901 0.437949 0.075350 0.052907
3136 0.690797 0.604670 0.050054 0.056499
2542 0.549247 0.302253 0.081270 0.056499
277 0.690258 0.439582 0.067277 0.056826
674 0.871098 0.855160 0.054360 0.062378
2438 0.110334 0.350914 0.054898 0.063031
3439 0.111410 0.281025 0.047363 0.063684
68 0.698062 0.384879 0.018299 0.064337
68 0.687836 0.730078 0.015070 0.070216
2127 0.873251 0.735467 0.075888 0.073808
