52 0.910906 0.898644 0.022395 0.007394
169 0.184518 0.183919 0.013632 0.008626
52 0.227361 0.174368 0.023369 0.012939
26 0.874635 0.363678 0.043330 0.013247
162 0.197176 0.784812 0.027264 0.014479
29 0.294547 0.159889 0.025316 0.014787
26 0.073028 0.914972 0.056475 0.014787
88 0.412123 0.772489 0.033593 0.016328
56 0.300389 0.402033 0.021422 0.016636
98 0.173320 0.263093 0.046738 0.016636
168 0.180380 0.171134 0.027751 0.017560
132 0.091285 0.895564 0.024830 0.017868
45 0.867575 0.891867 0.053554 0.017868
57 0.538218 0.545441 0.035540 0.018176
132 0.661392 0.328096 0.023856 0.018484
47 0.230282 0.190234 0.026290 0.018792
117 0.228092 0.158349 0.019961 0.019100
88 0.304041 0.747689 0.053067 0.019100
132 0.883642 0.724122 0.028238 0.019409
92 0.415287 0.910043 0.042843 0.019717
101 0.642162 0.534504 0.052580 0.019717
120 0.532376 0.564233 0.022882 0.020025
55 0.070837 0.943777 0.050146 0.020025
81 0.186709 0.810844 0.038462 0.020333
101 0.058666 0.440388 0.054041 0.020641
117 0.912853 0.882625 0.020448 0.020949
47 0.158715 0.198860 0.017527 0.021257
88 0.414800 0.503543 0.049659 0.021257
64 0.070594 0.836106 0.039922 0.021565
57 0.308423 0.859519 0.040409 0.021565
1415 0.759494 0.719963 0.063291 0.021565
132 0.073272 0.293746 0.026777 0.021873
132 0.437196 0.935767 0.027264 0.021873
55 0.870253 0.394486 0.050146 0.021873
101 0.415531 0.225046 0.054041 0.021873
132 0.776290 0.878004 0.026777 0.022181
132 0.084713 0.619224 0.029211 0.022181
64 0.763389 0.532810 0.037975 0.022489
251 0.868793 0.548829 0.050146 0.022489
91 0.301850 0.620918 0.040896 0.023105
103 0.871470 0.233364 0.047712 0.023105
55 0.644352 0.268792 0.050146 0.023105
55 0.176972 0.402495 0.052093 0.023105
113 0.757059 0.602588 0.048685 0.023413
101 0.647517 0.621072 0.055501 0.023413
56 0.531889 0.589495 0.020935 0.023722
83 0.415044 0.888324 0.037488 0.023722
101 0.866115 0.859365 0.058423 0.023722
101 0.183788 0.656038 0.059883 0.023722
57 0.425511 0.342884 0.031159 0.024030
57 0.302824 0.328096 0.040896 0.024030
55 0.183788 0.756007 0.055988 0.024030
91 0.531646 0.790665 0.039922 0.024338
64 0.069377 0.562693 0.038462 0.024954
84 0.760224 0.753389 0.041383 0.024954
84 0.416991 0.851201 0.040409 0.025262
91 0.298199 0.258472 0.042356 0.025262
57 0.658471 0.741990 0.036514 0.025570
120 0.649464 0.767868 0.023369 0.026186
76 0.759250 0.267560 0.036514 0.026186
55 0.646543 0.353204 0.046738 0.026186
88 0.530185 0.424368 0.049659 0.026186
127 0.526777 0.932840 0.043817 0.026494
98 0.643866 0.379852 0.051120 0.026494
81 0.415774 0.368299 0.041870 0.026802
113 0.870983 0.695779 0.041870 0.026802
55 0.174537 0.231978 0.048199 0.027110
110 0.763875 0.362600 0.039922 0.027726
83 0.529698 0.206100 0.042843 0.027726
66 0.867332 0.166821 0.032619 0.028035
76 0.640701 0.237061 0.033106 0.028035
76 0.758520 0.200709 0.034080 0.028035
76 0.871957 0.334412 0.034080 0.028035
110 0.762658 0.297751 0.037488 0.028035
84 0.653359 0.595348 0.045764 0.028035
83 0.527507 0.285890 0.036514 0.028343
2471 0.529698 0.863832 0.052580 0.028343
77 0.649951 0.874769 0.041870 0.028651
77 0.064265 0.263863 0.042843 0.028651
55 0.646543 0.477973 0.049659 0.028651
2707 0.868549 0.472274 0.035054 0.028959
77 0.072055 0.589649 0.044791 0.028959
60 0.758277 0.814387 0.021908 0.029267
84 0.650438 0.507086 0.045764 0.029575
2678 0.868549 0.585028 0.053554 0.029575
351 0.293330 0.504929 0.064752 0.029575
888 0.297468 0.189772 0.068160 0.029575
60 0.649221 0.407116 0.026777 0.029883
78 0.759007 0.327942 0.051607 0.029883
68 0.176972 0.584720 0.009250 0.030191
84 0.413583 0.199014 0.047225 0.030191
60 0.304528 0.823937 0.028724 0.030499
1799 0.640458 0.837492 0.047225 0.030499
273 0.297225 0.225046 0.048199 0.030499
55 0.409688 0.168669 0.055015 0.030499
2471 0.304041 0.543900 0.057936 0.030499
53 0.299172 0.464264 0.018014 0.030807
273 0.409688 0.469501 0.057936 0.030807
888 0.406037 0.431916 0.068160 0.030807
60 0.179893 0.287277 0.021908 0.031115
111 0.762415 0.499538 0.036027 0.031115
84 0.412123 0.580253 0.047225 0.031115
83 0.525560 0.363832 0.038462 0.031423
83 0.411149 0.397412 0.040409 0.031423
58 0.527264 0.395410 0.048685 0.031731
45 0.186465 0.168977 0.056475 0.031731
888 0.410906 0.698552 0.071081 0.031731
87 0.758277 0.786198 0.041383 0.032039
84 0.760711 0.467807 0.047225 0.032348
888 0.410175 0.615373 0.072541 0.032348
69 0.880721 0.666051 0.023369 0.032656
107 0.059883 0.363832 0.027264 0.032656
55 0.646300 0.565003 0.048199 0.032656
85 0.867332 0.262631 0.022882 0.032964
118 0.301607 0.432378 0.030672 0.032964
3325 0.534810 0.756470 0.061831 0.032964
70 0.869036 0.755083 0.033106 0.033272
55 0.181840 0.686075 0.051120 0.033272
84 0.182327 0.719347 0.053067 0.033272
76 0.756816 0.845810 0.035540 0.033580
126 0.866845 0.510320 0.043330 0.033580
94 0.760224 0.633857 0.043330 0.033580
51 0.758277 0.170209 0.047225 0.033580
1799 0.294547 0.295595 0.055501 0.033580
706 0.529455 0.463802 0.058909 0.033580
77 0.649221 0.297289 0.042356 0.033888
1476 0.416748 0.306531 0.060370 0.033888
351 0.528724 0.827480 0.067186 0.033888
118 0.534567 0.618453 0.015579 0.034196
86 0.650925 0.439310 0.037001 0.034504
706 0.644596 0.657116 0.066212 0.034504
60 0.866602 0.786969 0.028238 0.034812
86 0.177702 0.319008 0.033106 0.034812
87 0.413340 0.540511 0.042843 0.034812
77 0.765579 0.391097 0.051120 0.034812
55 0.759737 0.434227 0.055015 0.034812
83 0.643866 0.205484 0.041383 0.035120
87 0.413096 0.810690 0.044304 0.035428
77 0.074732 0.864603 0.045278 0.035428
51 0.762171 0.236599 0.043330 0.035736
121 0.071081 0.703173 0.046738 0.036044
1476 0.413340 0.258318 0.056475 0.036044
76 0.533593 0.901417 0.033106 0.036352
1406 0.301120 0.582563 0.048199 0.036352
81 0.299903 0.791282 0.051607 0.036661
56 0.759250 0.571627 0.054041 0.036661
62 0.188413 0.839649 0.047712 0.037277
717 0.181840 0.495995 0.060857 0.037585
4426 0.871957 0.434073 0.067186 0.037585
93 0.872687 0.201325 0.041383 0.037893
121 0.068160 0.522335 0.050633 0.037893
76 0.061100 0.328404 0.045278 0.038201
121 0.068647 0.745995 0.048685 0.038509
273 0.410662 0.737677 0.058909 0.039125
121 0.070107 0.794516 0.053554 0.039433
90 0.638754 0.168207 0.055501 0.039433
90 0.059640 0.409427 0.055988 0.039433
3735 0.305015 0.708256 0.061831 0.039433
3231 0.534810 0.665434 0.069620 0.039433
4081 0.878286 0.628004 0.068160 0.039741
2334 0.651412 0.804375 0.073028 0.040049
90 0.867575 0.828096 0.052580 0.040665
47 0.418695 0.655576 0.046738 0.041282
90 0.867575 0.299754 0.051607 0.041282
70 0.529698 0.170826 0.037001 0.041590
2621 0.298442 0.660043 0.055501 0.041590
70 0.529698 0.250616 0.034080 0.042206
3338 0.060370 0.170980 0.074976 0.042514
70 0.527751 0.326556 0.032132 0.043130
3231 0.296495 0.371534 0.066212 0.043130
47 0.070107 0.479821 0.043817 0.043438
3338 0.193281 0.882163 0.066212 0.043438
2411 0.179163 0.543746 0.048685 0.043746
90 0.179406 0.622150 0.058909 0.044054
2257 0.533836 0.716420 0.067673 0.044054
47 0.176972 0.361676 0.047225 0.044978
2864 0.760954 0.681146 0.064265 0.044978
1055 0.184031 0.932224 0.062317 0.046211
3684 0.181110 0.445625 0.069133 0.047751
1505 0.647517 0.702865 0.057449 0.048367
47 0.069620 0.658195 0.043817 0.048983
1505 0.532376 0.510012 0.067673 0.048983
1055 0.061344 0.221041 0.063291 0.049600
3231 0.304284 0.914510 0.069133 0.050832
