246 0.772444 0.408355 0.040000 0.008577
92 0.813556 0.924555 0.021778 0.009212
92 0.916000 0.580210 0.031111 0.009848
92 0.844889 0.520648 0.029333 0.012706
91 0.174444 0.794949 0.017333 0.013024
92 0.235111 0.842281 0.024000 0.013024
92 0.553778 0.177414 0.032889 0.013024
92 0.921778 0.226175 0.024889 0.013342
92 0.907778 0.784943 0.030667 0.013342
120 0.843778 0.179956 0.017333 0.014930
92 0.234222 0.594187 0.025778 0.014930
56 0.775111 0.521601 0.010667 0.015248
64 0.624444 0.691868 0.014222 0.015248
110 0.696444 0.700127 0.024000 0.015248
57 0.626222 0.600540 0.024000 0.015565
93 0.399556 0.391201 0.045333 0.016201
56 0.320000 0.639454 0.011556 0.016518
128 0.317778 0.170108 0.013333 0.016836
110 0.481111 0.485388 0.023556 0.017154
52 0.545556 0.748571 0.039556 0.017471
93 0.237333 0.392154 0.043556 0.018107
120 0.918667 0.651525 0.016889 0.018424
49 0.396222 0.664708 0.012889 0.018742
93 0.555333 0.378177 0.041333 0.018742
83 0.834000 0.695203 0.044889 0.018742
102 0.771778 0.231099 0.058222 0.018742
56 0.319556 0.878653 0.012444 0.019060
64 0.845333 0.485070 0.019556 0.019060
119 0.837556 0.917249 0.021778 0.019377
83 0.542889 0.915661 0.046667 0.019377
52 0.915778 0.915184 0.042222 0.019695
115 0.551556 0.242535 0.033778 0.020013
115 0.477556 0.606893 0.037778 0.020013
113 0.546667 0.675191 0.047111 0.020013
88 0.770000 0.771601 0.030667 0.020330
56 0.312444 0.150889 0.042667 0.020330
52 0.766222 0.714898 0.040000 0.020648
118 0.919111 0.564168 0.012444 0.020966
56 0.913778 0.671537 0.013333 0.020966
66 0.629333 0.500953 0.015111 0.020966
66 0.158222 0.196315 0.018667 0.020966
117 0.832889 0.896442 0.019556 0.020966
1406 0.625333 0.864676 0.031111 0.020966
72 0.626222 0.242694 0.047111 0.020966
76 0.475778 0.810197 0.020000 0.021283
66 0.234667 0.481734 0.023111 0.021283
88 0.551778 0.818456 0.027111 0.021283
127 0.630000 0.914072 0.050222 0.021283
60 0.771333 0.750318 0.015556 0.021601
76 0.549778 0.568297 0.020444 0.021601
108 0.556000 0.150413 0.021333 0.021919
52 0.838000 0.229828 0.041333 0.021919
120 0.849556 0.387865 0.016444 0.022236
66 0.777556 0.190280 0.017333 0.022236
74 0.770222 0.728081 0.018667 0.022236
2151 0.623111 0.837357 0.036444 0.022236
83 0.911111 0.509212 0.042667 0.022236
85 0.552889 0.726334 0.009778 0.022554
108 0.481778 0.275889 0.016000 0.022554
76 0.920889 0.281925 0.019556 0.022554
67 0.845333 0.767313 0.028444 0.022554
113 0.759556 0.641201 0.049778 0.022554
1002 0.150222 0.783196 0.057778 0.022554
92 0.764889 0.614358 0.018667 0.022872
126 0.482000 0.184562 0.041333 0.022872
118 0.840667 0.790502 0.014667 0.023189
92 0.697111 0.844187 0.015556 0.023189
60 0.765111 0.662166 0.018222 0.023189
120 0.781333 0.213310 0.021333 0.023189
88 0.401333 0.789549 0.024000 0.023189
57 0.323333 0.470299 0.037778 0.023189
51 0.548222 0.550349 0.043111 0.023189
126 0.696222 0.325445 0.044000 0.023189
107 0.626000 0.523507 0.036000 0.023507
54 0.401556 0.913278 0.041333 0.023507
68 0.396889 0.554638 0.043556 0.023507
101 0.556000 0.265565 0.049778 0.023507
259 0.625556 0.366264 0.053778 0.023507
118 0.400889 0.581163 0.016000 0.023825
91 0.764444 0.916614 0.035556 0.023825
119 0.915333 0.804003 0.019111 0.024142
107 0.230222 0.787166 0.019556 0.024142
88 0.549778 0.527637 0.026667 0.024142
56 0.550444 0.652795 0.037778 0.024142
88 0.317556 0.658990 0.019111 0.024460
91 0.691778 0.784149 0.044889 0.024460
92 0.762444 0.836404 0.016444 0.024778
60 0.695111 0.647395 0.016889 0.024778
88 0.152667 0.699809 0.023556 0.024778
51 0.915333 0.895807 0.024444 0.024778
89 0.402889 0.185515 0.044000 0.024778
118 0.480444 0.328621 0.016000 0.025095
60 0.481778 0.623729 0.016889 0.025095
87 0.482889 0.300667 0.029778 0.025095
91 0.909556 0.738088 0.043111 0.025095
126 0.691556 0.586881 0.043556 0.025095
89 0.619333 0.646919 0.044889 0.025095
51 0.237556 0.340851 0.031556 0.025413
113 0.478667 0.466010 0.044444 0.025413
82 0.762667 0.864041 0.051556 0.025413
66 0.555333 0.312738 0.021778 0.025731
83 0.147778 0.725699 0.034222 0.025731
3731 0.546444 0.500159 0.038667 0.025731
2151 0.550222 0.406131 0.039111 0.025731
98 0.541111 0.770807 0.061778 0.025731
88 0.837556 0.585769 0.022667 0.026048
110 0.620667 0.621665 0.028000 0.026048
111 0.907111 0.831480 0.041778 0.026366
2489 0.628222 0.755877 0.044000 0.026366
126 0.627556 0.151684 0.051556 0.026366
323 0.628444 0.423602 0.060444 0.026366
123 0.234444 0.277319 0.017333 0.026684
88 0.700889 0.224269 0.031111 0.026684
70 0.391111 0.887548 0.034667 0.026684
51 0.475556 0.757942 0.043556 0.026684
2411 0.318000 0.801144 0.045778 0.026684
91 0.841778 0.808132 0.056000 0.026684
495 0.541778 0.879924 0.080889 0.026684
107 0.398222 0.713310 0.016000 0.027001
120 0.318444 0.323856 0.017333 0.027001
273 0.478667 0.656766 0.034667 0.027001
111 0.845111 0.331163 0.044000 0.027001
126 0.398667 0.498571 0.045333 0.027001
72 0.403333 0.155019 0.038667 0.027319
51 0.770444 0.502541 0.039556 0.027319
52 0.313778 0.630877 0.048889 0.027319
119 0.630444 0.476017 0.018222 0.027637
60 0.239556 0.569727 0.024000 0.027637
59 0.630889 0.889295 0.027111 0.027637
111 0.313556 0.729511 0.043111 0.027637
53 0.623111 0.784943 0.015111 0.027954
119 0.402222 0.741741 0.021333 0.027954
87 0.920000 0.537484 0.027556 0.027954
51 0.624222 0.447903 0.030667 0.027954
83 0.396444 0.473316 0.037333 0.027954
68 0.846000 0.362452 0.040444 0.027954
107 0.838889 0.722522 0.020889 0.028272
78 0.700889 0.871506 0.029333 0.028272
87 0.402000 0.326080 0.035111 0.028272
2151 0.235111 0.614517 0.038222 0.028272
4084 0.766222 0.690121 0.041778 0.028272
111 0.831333 0.613882 0.043111 0.028272
91 0.912222 0.393107 0.045778 0.028272
2489 0.484222 0.158355 0.051111 0.028272
119 0.918444 0.450445 0.023556 0.028590
4162 0.552222 0.792249 0.025333 0.028590
51 0.477778 0.437738 0.041778 0.028590
91 0.229556 0.720140 0.042222 0.028590
85 0.625111 0.574809 0.011111 0.028907
83 0.478889 0.512548 0.032444 0.028907
71 0.165556 0.918202 0.044889 0.028907
91 0.310667 0.829892 0.048000 0.028907
87 0.238222 0.541931 0.029333 0.029225
691 0.478667 0.216010 0.040889 0.029225
91 0.403556 0.256353 0.043556 0.029225
71 0.403333 0.607370 0.044889 0.029225
287 0.226444 0.456480 0.058222 0.029225
118 0.628667 0.217122 0.013778 0.029543
107 0.473333 0.784466 0.016889 0.029543
75 0.556222 0.284784 0.029778 0.029543
88 0.630000 0.335292 0.029778 0.029543
87 0.840222 0.641836 0.035111 0.029543
87 0.317111 0.295267 0.039556 0.029543
70 0.158222 0.568774 0.040000 0.029543
74 0.621778 0.723316 0.032889 0.029860
83 0.546222 0.623571 0.037333 0.029860
62 0.630667 0.269060 0.044444 0.029860
115 0.318000 0.854352 0.035111 0.030178
1579 0.395333 0.637071 0.044000 0.030178
83 0.313111 0.698380 0.046667 0.030178
91 0.149778 0.755559 0.047111 0.030178
75 0.242667 0.211245 0.033778 0.030496
278 0.630000 0.397078 0.034222 0.030496
119 0.845333 0.674238 0.020444 0.030813
127 0.842444 0.749524 0.038667 0.030813
1214 0.701111 0.152001 0.039556 0.030813
70 0.841778 0.156766 0.040000 0.030813
91 0.544444 0.474746 0.045333 0.030813
55 0.400000 0.417249 0.052444 0.030813
717 0.474667 0.727922 0.056889 0.030813
1880 0.550667 0.897713 0.025778 0.031131
3942 0.478667 0.695997 0.035556 0.031131
2231 0.916222 0.423443 0.036000 0.031131
1387 0.694444 0.724269 0.044889 0.031131
91 0.767111 0.388501 0.048000 0.031131
675 0.551111 0.699333 0.033778 0.031449
84 0.232889 0.817503 0.040889 0.031449
2162 0.162222 0.894060 0.047111 0.031449
85 0.631556 0.186150 0.016000 0.031766
83 0.479556 0.579733 0.020444 0.031766
71 0.488444 0.350064 0.048889 0.031766
89 0.318667 0.908831 0.054222 0.031766
85 0.843333 0.203463 0.011111 0.032084
118 0.239111 0.369917 0.016889 0.032084
126 0.477778 0.871506 0.042667 0.032084
126 0.772667 0.476334 0.043111 0.032084
98 0.834667 0.257147 0.053333 0.032084
107 0.777778 0.158831 0.023111 0.032402
70 0.700444 0.357846 0.016889 0.032719
60 0.150889 0.456639 0.020000 0.032719
126 0.238444 0.911531 0.052000 0.032719
111 0.400444 0.439644 0.023111 0.033037
111 0.234000 0.510483 0.032444 0.033037
1615 0.545111 0.850381 0.052889 0.033037
107 0.912222 0.760006 0.017333 0.033355
4263 0.700000 0.296855 0.037333 0.033355
2598 0.236444 0.245870 0.020444 0.033672
2599 0.837333 0.867853 0.024889 0.033672
1891 0.837333 0.830368 0.032889 0.033672
126 0.402444 0.859276 0.045778 0.033672
126 0.628667 0.552097 0.047556 0.033672
91 0.475778 0.245553 0.051111 0.033672
81 0.400444 0.694250 0.038222 0.033990
2843 0.691111 0.620553 0.043556 0.033990
4263 0.160222 0.310832 0.044000 0.033990
1584 0.473111 0.840693 0.025333 0.034625
126 0.478889 0.405813 0.029778 0.034625
120 0.626444 0.677414 0.035111 0.034625
1758 0.697556 0.678685 0.039556 0.034625
75 0.319111 0.354987 0.052444 0.034625
2305 0.158667 0.534307 0.045333 0.034943
2843 0.154444 0.392313 0.048444 0.034943
717 0.916222 0.481734 0.061778 0.035260
68 0.323111 0.680114 0.007111 0.035578
62 0.237556 0.310673 0.028000 0.035578
4053 0.476444 0.546061 0.046222 0.035578
870 0.548444 0.441074 0.037333 0.035896
75 0.848667 0.417249 0.048444 0.035896
120 0.627111 0.303685 0.037333 0.036213
1057 0.919556 0.257624 0.047111 0.036213
1758 0.320667 0.264612 0.047556 0.036213
316 0.315333 0.229511 0.056444 0.036531
120 0.316667 0.200762 0.038667 0.036849
1189 0.160000 0.859911 0.052444 0.036849
316 0.480222 0.380559 0.059111 0.036849
1129 0.765556 0.804161 0.033333 0.037166
70 0.852444 0.453939 0.020444 0.037484
54 0.698444 0.393901 0.044000 0.037484
366 0.552889 0.211881 0.045333 0.037484
3175 0.914000 0.359911 0.047556 0.037484
121 0.697778 0.469346 0.023111 0.037802
975 0.769778 0.446474 0.038222 0.037802
2295 0.232444 0.753971 0.048000 0.037802
85 0.157556 0.271919 0.015556 0.038119
2479 0.314000 0.500318 0.041333 0.038119
3735 0.395778 0.532402 0.045778 0.038119
717 0.321778 0.766201 0.067556 0.038119
121 0.400000 0.362611 0.021333 0.038437
121 0.762667 0.883577 0.023111 0.038437
1607 0.920444 0.158355 0.043556 0.038437
62 0.917778 0.621029 0.036444 0.038755
1917 0.694222 0.753177 0.036444 0.038755
118 0.699333 0.434720 0.028889 0.039072
2909 0.697778 0.811785 0.032889 0.039072
3153 0.233333 0.687262 0.045333 0.039072
457 0.234222 0.649778 0.057778 0.039072
2598 0.156444 0.497141 0.019556 0.039390
1797 0.696222 0.260483 0.037778 0.039390
975 0.408444 0.223952 0.044444 0.039390
1101 0.152667 0.352764 0.036889 0.039708
81 0.546222 0.601493 0.039111 0.039708
1528 0.842222 0.550349 0.049778 0.039708
1862 0.767778 0.584657 0.051111 0.039708
322 0.234000 0.420426 0.060000 0.039708
2619 0.399333 0.823856 0.027111 0.040343
3739 0.917111 0.866741 0.040444 0.040343
932 0.154667 0.603399 0.049778 0.040343
4064 0.154222 0.157084 0.051556 0.040343
4532 0.312000 0.540343 0.040889 0.040661
1804 0.772889 0.306544 0.041778 0.040661
68 0.774889 0.545267 0.009333 0.040978
2468 0.233111 0.873094 0.028000 0.040978
1920 0.915778 0.707274 0.045778 0.040978
1267 0.696667 0.906607 0.032444 0.041296
3886 0.687556 0.553844 0.045333 0.041614
68 0.918667 0.602446 0.005333 0.042249
4296 0.703778 0.189803 0.045778 0.042249
120 0.921333 0.317027 0.032889 0.042567
1799 0.307111 0.444409 0.040000 0.042567
121 0.553778 0.347681 0.027556 0.043520
68 0.773556 0.260801 0.006667 0.043837
3886 0.471778 0.907243 0.036889 0.043837
1584 0.696667 0.510165 0.031556 0.045108
1142 0.776889 0.352446 0.051556 0.046061
69 0.164444 0.229193 0.021333 0.046696
505 0.314444 0.397554 0.031556 0.046696
4483 0.156000 0.819886 0.032000 0.047649
296 0.844000 0.291137 0.038222 0.047967
68 0.157778 0.429956 0.010667 0.049873
47 0.929778 0.190121 0.029333 0.052414
47 0.413333 0.756194 0.040889 0.053050
296 0.234667 0.164390 0.039111 0.054320
68 0.622000 0.795267 0.031556 0.054956
2880 0.156222 0.654225 0.040444 0.056226
296 0.408000 0.283513 0.032889 0.057497
4546 0.311333 0.587675 0.052889 0.058450
68 0.843111 0.473158 0.036444 0.066391
