101 0.540508 0.811591 0.058644 0.013636
418 0.820508 0.883068 0.007797 0.014318
64 0.325424 0.755227 0.014237 0.014545
52 0.388983 0.424318 0.041017 0.015909
64 0.260000 0.647386 0.010847 0.016136
56 0.047458 0.355568 0.012881 0.016591
56 0.108136 0.391477 0.008136 0.018864
418 0.400000 0.890795 0.012881 0.019773
128 0.459153 0.343409 0.015254 0.020000
128 0.542034 0.232159 0.008136 0.020682
56 0.113729 0.727045 0.017288 0.021364
418 0.112712 0.526023 0.011186 0.021591
64 0.313051 0.494773 0.016610 0.021818
418 0.181695 0.681818 0.010169 0.022273
120 0.330678 0.847045 0.018644 0.022727
101 0.812034 0.296136 0.059322 0.022727
56 0.180339 0.482386 0.012203 0.023409
64 0.324746 0.692955 0.016949 0.023636
64 0.752881 0.811136 0.018983 0.024091
110 0.746780 0.355568 0.033898 0.024318
66 0.678644 0.889886 0.021695 0.024773
81 0.038305 0.424886 0.037966 0.024773
60 0.319661 0.598864 0.033898 0.025000
88 0.546441 0.836250 0.017627 0.026136
53 0.541525 0.782727 0.017966 0.026364
83 0.403051 0.912045 0.034576 0.026364
107 0.689153 0.911591 0.042034 0.026364
88 0.389153 0.673977 0.044746 0.026591
51 0.184915 0.738182 0.039661 0.026818
1174 0.759153 0.875000 0.055254 0.026818
87 0.115254 0.557159 0.029831 0.027045
418 0.043051 0.487500 0.016271 0.027273
418 0.610339 0.402045 0.038983 0.027273
495 0.812712 0.596591 0.066102 0.027273
418 0.679322 0.664432 0.010847 0.027500
107 0.041356 0.387614 0.015593 0.027500
287 0.817458 0.903523 0.036271 0.027500
98 0.322373 0.820455 0.050169 0.027727
88 0.677797 0.496023 0.039661 0.027955
99 0.535763 0.578295 0.061356 0.027955
120 0.537288 0.341591 0.018305 0.028636
91 0.392203 0.392273 0.046780 0.028636
117 0.250508 0.569205 0.014237 0.028864
53 0.812712 0.264659 0.020000 0.028864
83 0.684746 0.691477 0.029153 0.028864
91 0.540678 0.756818 0.041356 0.029091
110 0.392712 0.193068 0.039661 0.029318
66 0.189153 0.416477 0.018305 0.029773
104 0.250169 0.495114 0.044746 0.029773
120 0.746271 0.474773 0.017966 0.030000
88 0.182034 0.339545 0.046102 0.030000
91 0.321017 0.666818 0.046780 0.030000
126 0.758983 0.841136 0.050169 0.030000
119 0.189831 0.803750 0.016949 0.030227
120 0.746610 0.320114 0.023390 0.030227
110 0.112034 0.645114 0.030847 0.030227
119 0.045593 0.456136 0.021356 0.030455
58 0.317797 0.386023 0.023390 0.030682
74 0.532203 0.472159 0.025085 0.030682
123 0.110847 0.756705 0.044068 0.030682
119 0.543898 0.612045 0.020678 0.030909
83 0.184407 0.707045 0.029153 0.030909
51 0.535763 0.548636 0.041017 0.030909
1214 0.397288 0.354318 0.048136 0.030909
88 0.260169 0.721023 0.024068 0.031136
1174 0.815763 0.526364 0.041017 0.031364
93 0.188983 0.265341 0.032881 0.031591
119 0.462034 0.494432 0.038644 0.031591
418 0.319153 0.460000 0.015254 0.031818
118 0.182034 0.510909 0.015593 0.031818
59 0.263898 0.911591 0.049153 0.031818
757 0.392034 0.582727 0.051864 0.031818
117 0.541525 0.903523 0.026780 0.032045
932 0.808814 0.455341 0.054915 0.032045
547 0.104746 0.467955 0.018983 0.032273
87 0.253390 0.351364 0.035593 0.032273
118 0.750508 0.625227 0.018305 0.032727
58 0.817288 0.781136 0.028475 0.032727
88 0.116102 0.868409 0.043729 0.032727
99 0.180847 0.767955 0.072881 0.032727
84 0.404237 0.865114 0.049153 0.032955
118 0.681864 0.460909 0.011864 0.033182
119 0.682881 0.299318 0.017966 0.033182
88 0.321356 0.349773 0.021695 0.033182
110 0.741525 0.510795 0.028814 0.033409
126 0.820678 0.491705 0.043390 0.033409
418 0.538814 0.644091 0.013898 0.033636
126 0.692203 0.827727 0.042712 0.033636
92 0.184576 0.378977 0.041017 0.033864
115 0.396102 0.830568 0.043729 0.033864
81 0.256102 0.463750 0.034915 0.034318
287 0.053220 0.524205 0.041356 0.034318
126 0.249661 0.532614 0.041695 0.034318
119 0.113051 0.363182 0.017966 0.034545
58 0.609322 0.317955 0.022712 0.034545
83 0.183390 0.912727 0.025763 0.034545
111 0.324407 0.565795 0.018983 0.034773
287 0.461017 0.575568 0.044746 0.034773
126 0.396949 0.495341 0.050169 0.034773
58 0.747458 0.247273 0.031864 0.035000
1928 0.542034 0.718182 0.052203 0.035000
60 0.466271 0.269886 0.015254 0.035227
418 0.817119 0.703068 0.017966 0.035227
58 0.186102 0.835227 0.023051 0.035455
109 0.467288 0.415455 0.043729 0.035455
83 0.543559 0.872159 0.033559 0.035682
119 0.818305 0.815682 0.020339 0.035909
3322 0.319153 0.266136 0.032203 0.035909
60 0.747119 0.694545 0.044746 0.035909
119 0.188814 0.875795 0.023051 0.036136
86 0.269153 0.798523 0.037288 0.036136
57 0.251525 0.429318 0.034576 0.036818
108 0.177458 0.450909 0.054576 0.036818
107 0.681864 0.335795 0.020000 0.037045
58 0.467288 0.374432 0.045085 0.037045
111 0.395932 0.452045 0.017627 0.037273
107 0.394237 0.750682 0.017627 0.037273
119 0.260000 0.841364 0.025763 0.037273
98 0.674237 0.264545 0.047458 0.037273
66 0.116610 0.830341 0.034576 0.037500
95 0.751017 0.658750 0.045085 0.037500
115 0.674407 0.588977 0.045763 0.037500
70 0.322542 0.725682 0.038305 0.037727
83 0.810847 0.668068 0.037966 0.037955
118 0.119322 0.792273 0.010169 0.038182
123 0.680678 0.421818 0.018983 0.038182
51 0.746610 0.593182 0.044407 0.038182
71 0.334407 0.629545 0.046441 0.038182
70 0.251525 0.877386 0.038644 0.038409
83 0.536610 0.681023 0.042712 0.038409
71 0.542373 0.310795 0.058983 0.038409
107 0.110678 0.322045 0.015932 0.038636
85 0.538814 0.510227 0.015932 0.038636
83 0.390000 0.708750 0.023390 0.038864
126 0.815424 0.324205 0.047797 0.038864
121 0.315254 0.534773 0.045424 0.039091
81 0.040678 0.323864 0.041356 0.039545
58 0.258475 0.762614 0.031525 0.039773
91 0.751186 0.773523 0.048136 0.039773
71 0.754746 0.286250 0.057966 0.039773
115 0.812712 0.632500 0.043729 0.040000
71 0.762373 0.732386 0.049492 0.040227
2320 0.688136 0.734659 0.050847 0.040227
95 0.682712 0.634432 0.052881 0.040227
107 0.393051 0.217727 0.016610 0.040455
107 0.746441 0.205909 0.027119 0.040455
418 0.465593 0.535795 0.015254 0.040682
95 0.812373 0.414886 0.043051 0.040682
58 0.683559 0.384545 0.046441 0.040909
2598 0.818983 0.857841 0.020339 0.041136
58 0.394915 0.275341 0.048136 0.042045
287 0.320508 0.885682 0.041017 0.042273
83 0.809661 0.740227 0.024068 0.042727
70 0.744746 0.439545 0.037966 0.042727
76 0.465254 0.312614 0.025424 0.042955
84 0.185932 0.646250 0.049153 0.042955
58 0.399153 0.795114 0.043729 0.043409
107 0.254068 0.388409 0.019322 0.043636
115 0.180508 0.602273 0.047797 0.043636
122 0.253220 0.686136 0.052203 0.043636
119 0.116102 0.596932 0.020000 0.043864
76 0.539322 0.200000 0.041356 0.044091
119 0.324237 0.424432 0.024746 0.044773
119 0.614237 0.362045 0.018305 0.045000
83 0.115763 0.909091 0.025424 0.045000
111 0.040678 0.275682 0.022373 0.045455
115 0.806780 0.372273 0.038644 0.045455
79 0.122034 0.690227 0.044068 0.045455
68 0.477966 0.454659 0.007458 0.046136
83 0.674407 0.536250 0.026780 0.046136
110 0.540339 0.382159 0.037966 0.046136
76 0.114068 0.278182 0.041695 0.046364
126 0.747966 0.552273 0.047119 0.046364
68 0.329661 0.787273 0.009153 0.046818
3383 0.392373 0.543409 0.037627 0.047273
2590 0.250847 0.202273 0.029831 0.047727
68 0.186271 0.302386 0.012542 0.047955
58 0.537627 0.265227 0.029831 0.048182
58 0.255254 0.612614 0.037288 0.048409
68 0.612034 0.275455 0.007797 0.048636
68 0.692373 0.868409 0.010508 0.049091
68 0.762034 0.901818 0.010847 0.050000
63 0.190339 0.551023 0.055932 0.050682
2438 0.686610 0.781477 0.043051 0.052500
287 0.612542 0.444318 0.042712 0.054545
1295 0.250847 0.259205 0.031186 0.055227
47 0.326271 0.304773 0.029492 0.055909
62 0.111017 0.435568 0.038305 0.057955
68 0.829322 0.562273 0.009153 0.058636
1270 0.392881 0.625455 0.040678 0.058636
68 0.128475 0.496705 0.011525 0.060227
