246 0.879374 0.741692 0.036585 0.005035
92 0.812831 0.844411 0.039236 0.008392
81 0.360551 0.781806 0.029692 0.010070
92 0.166225 0.882847 0.036585 0.010070
56 0.885207 0.875965 0.018558 0.011749
52 0.742577 0.344747 0.027041 0.012085
54 0.191676 0.738167 0.036585 0.012085
56 0.880700 0.570158 0.014846 0.013763
56 0.812036 0.607586 0.041888 0.014099
62 0.879374 0.838369 0.022800 0.015106
52 0.361347 0.303961 0.028102 0.015106
56 0.364263 0.545317 0.039236 0.015106
128 0.564952 0.886539 0.011135 0.015441
111 0.176299 0.676401 0.017497 0.016113
60 0.811506 0.827123 0.032344 0.016113
113 0.430276 0.260826 0.041888 0.016113
120 0.299046 0.860188 0.020148 0.016448
98 0.741782 0.359349 0.060445 0.016448
56 0.168611 0.549178 0.016967 0.017456
120 0.367444 0.355321 0.012725 0.017791
64 0.875133 0.436220 0.021739 0.017791
64 0.370361 0.597684 0.023860 0.017791
248 0.806469 0.330480 0.037116 0.017791
1810 0.810445 0.354481 0.021739 0.018127
55 0.625133 0.542800 0.042418 0.018127
52 0.228791 0.534743 0.046129 0.018127
56 0.637328 0.412051 0.014846 0.018463
111 0.172057 0.610104 0.022800 0.018463
81 0.677890 0.856495 0.039767 0.019134
128 0.363468 0.796912 0.016437 0.019470
120 0.878579 0.856328 0.018028 0.019470
62 0.629109 0.829473 0.024920 0.019470
83 0.744433 0.879825 0.046660 0.019470
81 0.492312 0.559919 0.049311 0.019470
62 0.161718 0.796744 0.019088 0.019805
66 0.300106 0.734642 0.023330 0.019805
122 0.629109 0.563780 0.038706 0.019805
56 0.567869 0.868412 0.019088 0.020141
88 0.164899 0.298758 0.023330 0.020141
56 0.239661 0.698557 0.023330 0.020141
52 0.684252 0.394763 0.029162 0.020141
91 0.812036 0.380665 0.031283 0.020141
2151 0.232503 0.263847 0.045069 0.020141
642 0.878049 0.726250 0.022269 0.020477
123 0.567603 0.538939 0.031283 0.020477
52 0.243637 0.666163 0.045069 0.020477
55 0.560710 0.643169 0.054613 0.020812
98 0.682397 0.416247 0.058324 0.020812
111 0.303818 0.429171 0.019088 0.021148
56 0.687964 0.565458 0.020679 0.021148
83 0.807794 0.785666 0.033404 0.021148
127 0.497084 0.363041 0.053552 0.021148
88 0.366384 0.624035 0.038176 0.021484
52 0.559120 0.852299 0.041888 0.021484
83 0.484624 0.626385 0.047720 0.021484
98 0.625133 0.351460 0.056204 0.021484
271 0.885207 0.590970 0.040827 0.021819
128 0.812831 0.808325 0.011665 0.022155
85 0.299576 0.806647 0.015907 0.022155
62 0.491782 0.341054 0.023860 0.022155
66 0.173383 0.754783 0.019088 0.022491
251 0.814422 0.260322 0.027572 0.022491
88 0.294804 0.669184 0.032874 0.022491
303 0.681866 0.302115 0.029692 0.022826
88 0.882025 0.761497 0.032344 0.023162
51 0.162248 0.856160 0.041357 0.023162
51 0.869300 0.408359 0.047190 0.023162
56 0.300636 0.756630 0.015907 0.023498
547 0.358961 0.728768 0.045599 0.023498
126 0.300901 0.881840 0.048250 0.023498
85 0.751591 0.411044 0.020679 0.023834
87 0.681336 0.803458 0.034995 0.023834
4040 0.878844 0.619839 0.047190 0.023834
119 0.493902 0.318563 0.015376 0.024169
2193 0.625133 0.776771 0.049841 0.024169
76 0.570520 0.562101 0.021209 0.024505
108 0.684783 0.878651 0.024920 0.024505
87 0.303022 0.525512 0.035525 0.024505
119 0.164634 0.823431 0.013256 0.024841
120 0.813892 0.694864 0.024390 0.024841
92 0.493107 0.529037 0.027572 0.024841
88 0.813097 0.732125 0.033404 0.024841
88 0.426564 0.877476 0.036585 0.024841
83 0.556204 0.615307 0.039236 0.024841
85 0.741516 0.325780 0.019618 0.025176
92 0.432397 0.729607 0.020679 0.025176
88 0.559385 0.823599 0.033934 0.025176
381 0.742047 0.828634 0.041888 0.025176
120 0.301962 0.781806 0.019618 0.025512
1559 0.882556 0.788520 0.037646 0.025512
98 0.621686 0.848607 0.049311 0.025512
259 0.225610 0.292380 0.051432 0.025512
110 0.814952 0.761497 0.026511 0.025848
98 0.493107 0.469789 0.049841 0.025848
119 0.499470 0.738167 0.014846 0.026183
76 0.498409 0.293051 0.023330 0.026183
76 0.558855 0.730111 0.025451 0.026183
107 0.293743 0.264854 0.026511 0.026183
3735 0.299841 0.835180 0.040827 0.026183
979 0.814157 0.404498 0.041888 0.026183
85 0.236744 0.433870 0.014316 0.026519
85 0.682927 0.827962 0.024390 0.026519
126 0.360286 0.699731 0.031283 0.026519
98 0.743902 0.384861 0.043478 0.026519
4034 0.164104 0.399295 0.044008 0.026519
4451 0.625398 0.473481 0.049311 0.026519
127 0.815748 0.873280 0.054613 0.026519
76 0.879639 0.545989 0.026511 0.027862
2885 0.560710 0.265022 0.035525 0.027862
721 0.232768 0.364384 0.037116 0.027862
119 0.172853 0.780799 0.010604 0.028197
60 0.747349 0.524673 0.014316 0.028197
81 0.361612 0.331991 0.044539 0.028197
4727 0.627784 0.806982 0.044539 0.028197
886 0.688494 0.339040 0.050371 0.028197
92 0.368505 0.518798 0.027572 0.028533
85 0.684783 0.367573 0.017497 0.028869
119 0.630435 0.876301 0.018028 0.029204
76 0.237540 0.559080 0.024390 0.029204
1162 0.868240 0.300604 0.031283 0.029204
3735 0.174443 0.709802 0.042418 0.029204
4346 0.625928 0.693353 0.042948 0.029204
118 0.635737 0.436388 0.018028 0.029540
91 0.236214 0.327962 0.035525 0.029540
119 0.888388 0.817221 0.011135 0.029876
60 0.237275 0.875629 0.016437 0.029876
85 0.494433 0.763511 0.018558 0.029876
108 0.501060 0.501007 0.022269 0.029876
85 0.435313 0.660289 0.021209 0.030211
119 0.740191 0.266868 0.025451 0.030211
126 0.737540 0.798590 0.036055 0.030211
2233 0.879905 0.464921 0.044008 0.030211
83 0.227731 0.505874 0.045069 0.030211
76 0.492047 0.831991 0.021209 0.030547
107 0.161188 0.328466 0.024390 0.030547
58 0.740456 0.631923 0.035525 0.030547
83 0.419671 0.800436 0.045069 0.030547
68 0.378314 0.568647 0.005832 0.030883
85 0.816808 0.580060 0.017497 0.030883
68 0.496023 0.264183 0.038706 0.030883
91 0.873807 0.374287 0.039236 0.030883
85 0.368505 0.391574 0.022269 0.031219
70 0.812301 0.630245 0.030753 0.031219
53 0.814952 0.440752 0.018028 0.031554
91 0.302227 0.495804 0.040297 0.031554
3066 0.626988 0.508896 0.044008 0.031554
119 0.572375 0.510406 0.015376 0.031890
1012 0.866119 0.263343 0.050371 0.031890
53 0.742842 0.299765 0.010604 0.032226
85 0.567338 0.441759 0.019088 0.032226
76 0.367975 0.829809 0.025451 0.032226
91 0.432131 0.502518 0.028632 0.032226
1879 0.811506 0.298758 0.036585 0.032226
505 0.301697 0.342397 0.039236 0.032226
4416 0.365058 0.267875 0.041888 0.032226
91 0.624867 0.645519 0.045069 0.032226
2233 0.747084 0.723397 0.047720 0.032226
88 0.685313 0.501343 0.021739 0.032561
113 0.298515 0.600369 0.061506 0.032561
118 0.813892 0.473313 0.021209 0.032897
51 0.422853 0.290702 0.049311 0.032897
1128 0.177359 0.643840 0.054613 0.032897
4055 0.234624 0.781806 0.052492 0.033568
78 0.363733 0.873280 0.027572 0.033904
2236 0.163043 0.268379 0.048250 0.033904
4652 0.566278 0.476838 0.048780 0.034575
110 0.812831 0.661296 0.036055 0.034911
1607 0.627784 0.385029 0.043478 0.034911
76 0.746819 0.483216 0.023860 0.035247
109 0.437434 0.536589 0.038176 0.035247
119 0.569194 0.592816 0.015376 0.035582
62 0.175769 0.576032 0.029162 0.035582
76 0.437169 0.468110 0.021739 0.035918
3383 0.687169 0.268211 0.047720 0.036254
68 0.750795 0.858174 0.008484 0.036589
119 0.487540 0.865895 0.015376 0.036589
119 0.561506 0.761161 0.015907 0.036589
4089 0.296660 0.701410 0.047190 0.036589
3560 0.299311 0.457704 0.054613 0.036589
3742 0.428685 0.373783 0.055673 0.036589
121 0.177625 0.480698 0.025451 0.036925
1158 0.867975 0.338704 0.030753 0.036925
1267 0.238865 0.823431 0.055673 0.036925
107 0.691410 0.535918 0.028632 0.037261
107 0.230647 0.593320 0.031813 0.037261
107 0.740456 0.559752 0.033404 0.037261
78 0.301962 0.298926 0.035525 0.037261
68 0.373277 0.758308 0.009544 0.037597
83 0.558590 0.302618 0.029162 0.037932
3735 0.367709 0.432192 0.037646 0.037932
752 0.430806 0.697717 0.047190 0.037932
3341 0.677890 0.702249 0.036585 0.038268
126 0.507423 0.432024 0.050901 0.038268
2162 0.236214 0.403155 0.058855 0.038268
4079 0.622216 0.321081 0.050371 0.038604
58 0.169936 0.363545 0.021739 0.038939
293 0.427094 0.423296 0.031283 0.038939
1917 0.559120 0.698221 0.033404 0.038939
68 0.877519 0.695368 0.012725 0.039275
107 0.167550 0.440920 0.023330 0.039275
2468 0.424973 0.840718 0.037646 0.039275
2108 0.499205 0.392917 0.050371 0.039275
53 0.294539 0.636791 0.016437 0.039611
610 0.560180 0.349110 0.040827 0.039611
3434 0.492047 0.801611 0.041357 0.039611
119 0.431336 0.762840 0.012195 0.039946
60 0.744698 0.440920 0.017497 0.039946
83 0.153234 0.515609 0.024390 0.040282
68 0.582185 0.666163 0.008484 0.040618
3383 0.743107 0.676569 0.056734 0.040618
68 0.491782 0.588453 0.009014 0.040953
60 0.307264 0.557905 0.017497 0.040953
1579 0.685313 0.455186 0.040827 0.040953
83 0.617709 0.270728 0.019088 0.041289
77 0.502651 0.658107 0.041357 0.041289
68 0.239926 0.633434 0.009014 0.041625
68 0.748674 0.595334 0.006363 0.041960
1584 0.373277 0.662974 0.032874 0.042296
1279 0.880700 0.504028 0.045599 0.042632
68 0.241251 0.468278 0.005302 0.044310
1279 0.743107 0.768043 0.050371 0.044310
3749 0.626458 0.736992 0.044008 0.044646
98 0.498409 0.701913 0.046660 0.045653
119 0.689555 0.599362 0.017497 0.045989
121 0.434252 0.329809 0.028632 0.045989
83 0.673913 0.648875 0.021209 0.047667
121 0.378049 0.477509 0.023330 0.048003
68 0.626458 0.598355 0.006893 0.048674
3518 0.676564 0.756462 0.048780 0.048674
68 0.546394 0.779456 0.010074 0.049681
87 0.235949 0.735482 0.044539 0.053038
47 0.569194 0.391910 0.027041 0.058745
957 0.295864 0.395435 0.038176 0.064451
47 0.818929 0.523834 0.029162 0.069486
47 0.439024 0.596509 0.031813 0.080564
