246 0.629852 0.364940 0.047020 0.004491
92 0.311646 0.925561 0.018589 0.009326
92 0.549207 0.266839 0.028978 0.010708
92 0.875342 0.489119 0.027337 0.011054
57 0.961728 0.214680 0.028431 0.011399
92 0.138600 0.295509 0.028978 0.011399
92 0.953253 0.387737 0.021323 0.012781
56 0.230727 0.893610 0.012028 0.013126
57 0.479497 0.130570 0.037179 0.013126
102 0.232367 0.920553 0.053581 0.013126
92 0.228267 0.645078 0.031165 0.013472
93 0.318753 0.640933 0.049207 0.013472
57 0.319847 0.384456 0.045927 0.013817
51 0.873701 0.905527 0.036085 0.014162
92 0.951886 0.802418 0.022963 0.014508
101 0.547567 0.156131 0.039913 0.014508
88 0.147622 0.865803 0.020776 0.014853
88 0.715692 0.702073 0.022963 0.014853
85 0.221159 0.292746 0.025697 0.014853
91 0.471843 0.865112 0.030618 0.014853
547 0.794423 0.918653 0.038272 0.014853
81 0.632586 0.749741 0.043740 0.014853
64 0.793603 0.825907 0.022417 0.015199
52 0.303445 0.133333 0.042646 0.015199
85 0.550027 0.789810 0.025150 0.015544
56 0.470749 0.167530 0.014215 0.015889
52 0.633406 0.585147 0.043193 0.015889
93 0.720339 0.154404 0.045380 0.015889
120 0.229360 0.905527 0.013669 0.016235
120 0.799344 0.725216 0.016402 0.016235
64 0.550847 0.810881 0.024604 0.016235
92 0.952160 0.163903 0.025697 0.016235
92 0.144615 0.627461 0.026791 0.016235
91 0.710771 0.401209 0.034992 0.016235
64 0.548660 0.200691 0.022417 0.016580
88 0.950246 0.631261 0.016402 0.016926
120 0.712958 0.222280 0.019683 0.016926
88 0.308092 0.166667 0.021323 0.016926
62 0.551668 0.397064 0.022963 0.016926
88 0.632859 0.187392 0.024604 0.016926
92 0.141881 0.428843 0.027884 0.016926
91 0.793330 0.476511 0.033898 0.016926
91 0.388190 0.770121 0.033898 0.016926
91 0.871241 0.258549 0.035539 0.016926
101 0.309732 0.629188 0.049754 0.016926
56 0.306725 0.149568 0.014215 0.017271
120 0.951886 0.856649 0.014215 0.017271
56 0.637780 0.707081 0.016949 0.017271
88 0.388190 0.341278 0.021870 0.017271
91 0.144068 0.824525 0.028978 0.017271
1406 0.550574 0.565458 0.037179 0.017271
88 0.470749 0.718653 0.017496 0.017617
56 0.391471 0.892746 0.017496 0.017617
88 0.228267 0.791537 0.018043 0.017617
88 0.305358 0.466149 0.019136 0.017617
62 0.137233 0.135579 0.020776 0.017617
88 0.794423 0.431261 0.022963 0.017617
64 0.226900 0.812953 0.025150 0.017617
91 0.715145 0.646459 0.030618 0.017617
91 0.791963 0.597064 0.031165 0.017617
259 0.139147 0.845423 0.043193 0.017617
93 0.231821 0.399482 0.048114 0.017617
88 0.796337 0.642832 0.020230 0.017962
91 0.467469 0.512608 0.031711 0.017962
52 0.390104 0.626252 0.042100 0.017962
88 0.388190 0.537306 0.017496 0.018307
120 0.638054 0.766321 0.017496 0.018307
91 0.549481 0.438860 0.030618 0.018307
64 0.794970 0.454059 0.030618 0.018307
81 0.950793 0.285838 0.031711 0.018307
91 0.710224 0.463731 0.032805 0.018307
52 0.142428 0.609845 0.042100 0.018307
120 0.225533 0.509845 0.018043 0.018653
88 0.876162 0.829016 0.019136 0.018653
118 0.952980 0.784456 0.026244 0.018653
52 0.950793 0.232470 0.030618 0.018653
52 0.308092 0.611744 0.037726 0.018653
109 0.469382 0.150259 0.038819 0.018653
119 0.881083 0.920725 0.015856 0.018998
91 0.947239 0.587047 0.027884 0.018998
64 0.636960 0.503800 0.028431 0.018998
88 0.550574 0.486874 0.033898 0.018998
91 0.632313 0.133506 0.035539 0.018998
52 0.310552 0.725907 0.040459 0.018998
108 0.633133 0.834542 0.014215 0.019344
64 0.629852 0.293264 0.028431 0.019344
52 0.636140 0.465285 0.038819 0.019344
102 0.468015 0.412090 0.055768 0.019344
91 0.548660 0.360104 0.030071 0.019689
287 0.551394 0.854059 0.032258 0.019689
72 0.706124 0.598446 0.048660 0.019689
108 0.547294 0.285492 0.014215 0.020380
120 0.953253 0.304491 0.014762 0.020380
111 0.142154 0.661831 0.018589 0.020725
118 0.556315 0.246632 0.021323 0.020725
117 0.310552 0.745423 0.026244 0.020725
98 0.543466 0.379275 0.041553 0.020725
113 0.793603 0.749223 0.048660 0.020725
120 0.388737 0.287219 0.020776 0.021071
85 0.875615 0.704145 0.028978 0.021071
91 0.135593 0.242660 0.032805 0.021071
2746 0.145435 0.917962 0.033898 0.021071
91 0.636960 0.528325 0.036085 0.021071
111 0.547840 0.616926 0.017496 0.021416
118 0.394478 0.396546 0.024604 0.021416
111 0.219792 0.200173 0.017496 0.021762
70 0.467469 0.386701 0.021870 0.021762
88 0.301531 0.224007 0.034445 0.021762
87 0.707217 0.284111 0.041006 0.021762
95 0.310826 0.877547 0.044286 0.021762
2896 0.629852 0.384629 0.045927 0.021762
121 0.950793 0.821416 0.034992 0.022107
252 0.947786 0.607254 0.037726 0.022107
72 0.708037 0.134370 0.041553 0.022107
4039 0.382723 0.217962 0.042646 0.022107
98 0.630672 0.485665 0.045380 0.022107
2193 0.715418 0.889465 0.051941 0.022107
91 0.229087 0.734888 0.033898 0.022453
85 0.142428 0.584111 0.012575 0.022798
76 0.952706 0.838687 0.012575 0.022798
126 0.221706 0.378238 0.034445 0.022798
57 0.805358 0.769603 0.039366 0.022798
121 0.630126 0.317444 0.044286 0.022798
121 0.139147 0.156131 0.046473 0.022798
126 0.469109 0.603627 0.030618 0.023143
72 0.786769 0.371157 0.041553 0.023143
902 0.627119 0.210535 0.050301 0.023143
108 0.631219 0.235924 0.014762 0.023489
85 0.634500 0.440760 0.015856 0.023489
123 0.304538 0.364076 0.016402 0.023489
76 0.876709 0.627288 0.018043 0.023489
111 0.463095 0.297409 0.019683 0.023489
92 0.635867 0.686010 0.024057 0.023489
126 0.717059 0.758204 0.031165 0.023489
126 0.711318 0.517098 0.033898 0.023489
253 0.224713 0.623143 0.041553 0.023489
113 0.306998 0.566494 0.043193 0.023489
690 0.467742 0.459758 0.047567 0.023489
85 0.635320 0.789465 0.018589 0.023834
58 0.548114 0.335924 0.026791 0.023834
51 0.550574 0.135751 0.032805 0.024180
121 0.547294 0.224180 0.040459 0.024180
104 0.306725 0.337824 0.042646 0.024180
683 0.871514 0.403454 0.043740 0.024180
1441 0.874522 0.853195 0.051941 0.024180
85 0.310826 0.590155 0.014762 0.024525
126 0.630946 0.342142 0.033898 0.024525
126 0.788136 0.190501 0.034445 0.024525
95 0.386823 0.193955 0.041006 0.024525
683 0.386550 0.448877 0.050301 0.024525
120 0.789776 0.160967 0.019136 0.024870
126 0.388190 0.138515 0.028431 0.024870
51 0.307545 0.516753 0.035539 0.024870
122 0.550027 0.834542 0.038272 0.024870
111 0.635593 0.659585 0.023510 0.025216
111 0.220339 0.453022 0.024057 0.025216
126 0.794697 0.873748 0.030071 0.025216
2471 0.468562 0.487910 0.033898 0.025216
1441 0.948332 0.878929 0.036632 0.025216
87 0.226353 0.534888 0.038272 0.025216
68 0.138327 0.352850 0.041553 0.025216
539 0.148715 0.769085 0.041553 0.025216
2423 0.142974 0.687910 0.043193 0.025216
98 0.542646 0.417789 0.047567 0.025216
3687 0.791963 0.619862 0.054128 0.025216
68 0.144615 0.742314 0.009295 0.025561
85 0.469109 0.274957 0.009841 0.025561
111 0.300984 0.280484 0.018043 0.025561
74 0.873428 0.235924 0.022417 0.025561
126 0.389831 0.836615 0.033898 0.025561
2896 0.709951 0.489810 0.048660 0.025561
316 0.632586 0.817271 0.051394 0.025561
76 0.389010 0.268221 0.018043 0.025907
107 0.390924 0.649568 0.021870 0.025907
62 0.790869 0.138687 0.028978 0.025907
87 0.301804 0.308981 0.033898 0.025907
87 0.950246 0.692919 0.031711 0.026252
71 0.397212 0.916062 0.041006 0.026252
2173 0.946145 0.561313 0.044286 0.026252
71 0.395845 0.420380 0.044833 0.026252
529 0.311372 0.813817 0.047567 0.026252
4005 0.789502 0.217962 0.049207 0.026252
2523 0.221432 0.425561 0.049207 0.026252
3664 0.471022 0.913990 0.051941 0.026252
978 0.472936 0.891364 0.041553 0.026598
3784 0.141334 0.498964 0.051941 0.026598
495 0.789502 0.702073 0.052488 0.026598
87 0.546200 0.309845 0.033898 0.026943
1158 0.714325 0.917444 0.038819 0.026943
4050 0.383543 0.165458 0.041006 0.026943
1354 0.791143 0.901900 0.041553 0.026943
127 0.141607 0.442832 0.042646 0.026943
1163 0.871514 0.170984 0.048114 0.026943
2632 0.468562 0.745423 0.048114 0.026943
127 0.147895 0.642142 0.051941 0.026943
68 0.554948 0.673057 0.006561 0.027288
119 0.551121 0.174266 0.016402 0.027288
119 0.143248 0.377375 0.016402 0.027288
83 0.548934 0.539033 0.016402 0.027288
3984 0.544833 0.593264 0.042100 0.027288
3757 0.470749 0.630570 0.043740 0.027288
121 0.794970 0.846805 0.048114 0.027288
68 0.638874 0.603109 0.006014 0.027634
68 0.551941 0.512263 0.008201 0.027634
85 0.954347 0.139206 0.010388 0.027634
60 0.637780 0.632470 0.016949 0.027634
58 0.466922 0.774784 0.025150 0.027634
77 0.399125 0.672884 0.034992 0.027634
1761 0.951613 0.363731 0.042100 0.027634
4435 0.385730 0.315371 0.043193 0.027634
68 0.469656 0.188774 0.005467 0.027979
60 0.550301 0.699655 0.015856 0.027979
1352 0.144341 0.893092 0.020776 0.027979
58 0.468289 0.432642 0.024604 0.027979
87 0.635593 0.859931 0.030071 0.027979
653 0.471022 0.806736 0.037726 0.027979
3066 0.470476 0.575648 0.043193 0.027979
71 0.477037 0.248187 0.044286 0.027979
1385 0.139147 0.560794 0.047567 0.027979
2820 0.303171 0.492055 0.049754 0.027979
1887 0.385730 0.509672 0.049754 0.027979
1256 0.872335 0.512090 0.050847 0.027979
1163 0.789776 0.275130 0.054128 0.027979
978 0.714051 0.175993 0.054675 0.027979
322 0.143248 0.797755 0.062329 0.027979
60 0.870148 0.375130 0.013669 0.028325
509 0.875068 0.763040 0.037726 0.028325
721 0.869601 0.284283 0.042100 0.028325
1506 0.637507 0.887737 0.045927 0.028325
2896 0.713505 0.624180 0.049207 0.028325
119 0.309732 0.540415 0.019136 0.028670
364 0.877255 0.600518 0.042100 0.028670
2293 0.715145 0.861313 0.044833 0.028670
574 0.707764 0.347668 0.047567 0.028670
119 0.877802 0.650086 0.014762 0.029016
83 0.715145 0.829016 0.016402 0.029016
58 0.873975 0.732642 0.026791 0.029016
95 0.950519 0.257340 0.035539 0.029016
4253 0.877255 0.570639 0.038819 0.029016
2152 0.473756 0.658377 0.044286 0.029016
3808 0.139147 0.531261 0.048660 0.029016
1759 0.469656 0.222107 0.049207 0.029016
1782 0.226900 0.667012 0.050301 0.029016
126 0.873701 0.139378 0.033898 0.029361
3808 0.950519 0.189465 0.039913 0.029361
1887 0.307272 0.699309 0.047020 0.029361
119 0.636960 0.726770 0.018589 0.029706
118 0.714051 0.574439 0.021870 0.029706
74 0.230727 0.839033 0.025150 0.029706
69 0.644888 0.915717 0.026791 0.029706
51 0.951066 0.758549 0.031165 0.029706
653 0.711318 0.373748 0.038272 0.029706
3192 0.390651 0.867703 0.042100 0.029706
3948 0.227447 0.595509 0.042646 0.029706
3153 0.552214 0.913644 0.043740 0.029706
2694 0.140241 0.717098 0.054128 0.029706
60 0.788136 0.246114 0.014762 0.030052
83 0.789229 0.306218 0.016949 0.030052
3669 0.876709 0.542142 0.049754 0.030052
1663 0.226080 0.483420 0.057408 0.030052
3053 0.140787 0.405181 0.023510 0.030397
1352 0.135320 0.183420 0.031165 0.030397
3192 0.549481 0.766149 0.037179 0.030397
4038 0.951066 0.412781 0.037726 0.030397
1222 0.625478 0.160622 0.040459 0.030397
2152 0.392838 0.705009 0.046473 0.030397
3741 0.552761 0.645250 0.054675 0.030397
1163 0.220612 0.230397 0.055221 0.030397
2698 0.873155 0.464076 0.039366 0.030743
1795 0.301531 0.442314 0.041006 0.030743
2293 0.792510 0.538687 0.044286 0.030743
2698 0.793056 0.571157 0.045380 0.030743
930 0.633680 0.412953 0.051394 0.030743
4122 0.469929 0.840587 0.051941 0.030743
296 0.548934 0.463212 0.030618 0.031088
2293 0.875615 0.429706 0.039913 0.031088
68 0.876162 0.681002 0.007108 0.031434
3283 0.469109 0.326598 0.026244 0.031434
3735 0.553034 0.733161 0.043193 0.031434
68 0.390377 0.243869 0.008748 0.031779
83 0.793603 0.798273 0.013669 0.031779
2412 0.553855 0.880829 0.045927 0.031779
4741 0.719245 0.729188 0.047567 0.031779
119 0.710224 0.311399 0.017496 0.032124
4422 0.948879 0.334542 0.039913 0.032124
4084 0.472389 0.689983 0.044833 0.032124
87 0.711864 0.202073 0.031711 0.032470
2746 0.140241 0.217271 0.038819 0.032470
3339 0.871514 0.316753 0.039366 0.032470
2518 0.227173 0.141969 0.055221 0.032470
2208 0.305631 0.409499 0.037179 0.032815
981 0.223073 0.173575 0.041553 0.032815
4646 0.312192 0.903454 0.042646 0.032815
83 0.221432 0.262867 0.016402 0.033161
83 0.389557 0.598618 0.016949 0.033161
51 0.386277 0.369948 0.036632 0.033161
4646 0.878075 0.881865 0.044833 0.033161
1579 0.140241 0.471848 0.046473 0.033161
83 0.300164 0.249914 0.015309 0.033506
4646 0.951613 0.906908 0.033352 0.033506
4741 0.227993 0.349741 0.042646 0.033506
4445 0.797704 0.672021 0.044833 0.033506
347 0.711864 0.548359 0.051394 0.033506
119 0.224440 0.563040 0.022417 0.033851
2925 0.714872 0.673575 0.041006 0.033851
1800 0.388737 0.566839 0.043740 0.033851
296 0.139147 0.270294 0.027884 0.034197
2904 0.310005 0.847496 0.034992 0.034197
3921 0.227720 0.873402 0.047567 0.034197
68 0.874522 0.347150 0.007108 0.034542
68 0.791416 0.401382 0.007108 0.034542
119 0.221979 0.314335 0.024057 0.034542
296 0.227720 0.761313 0.030071 0.034542
3434 0.789502 0.340933 0.040459 0.034542
975 0.949973 0.661140 0.041006 0.034542
4646 0.793603 0.505354 0.043193 0.034542
3698 0.879169 0.797755 0.048114 0.034888
83 0.872608 0.203109 0.014215 0.035233
296 0.637507 0.556131 0.028431 0.035233
1874 0.952980 0.447841 0.026244 0.035579
4355 0.949699 0.528325 0.034992 0.035579
4741 0.715965 0.251295 0.046473 0.035579
83 0.629032 0.264249 0.014762 0.035924
295 0.141607 0.319862 0.041553 0.035924
2334 0.467742 0.362003 0.045380 0.035924
3038 0.949699 0.487737 0.037179 0.036615
608 0.389557 0.737997 0.030071 0.036960
1831 0.304811 0.197064 0.039913 0.036960
241 0.709677 0.430915 0.043740 0.036960
2412 0.311646 0.667358 0.039366 0.037306
3153 0.388737 0.477893 0.044833 0.037651
2959 0.717879 0.792401 0.049207 0.037997
47 0.954347 0.718998 0.022417 0.039033
3153 0.469929 0.543523 0.046473 0.039033
3792 0.389284 0.802073 0.047020 0.039378
47 0.314926 0.772712 0.022963 0.042142
2890 0.225260 0.699136 0.042646 0.042142
