246 0.660865 0.484477 0.064346 0.012092
1415 0.275844 0.222222 0.086498 0.030065
3177 0.785074 0.508007 0.077532 0.039542
278 0.143724 0.688889 0.027954 0.041830
3177 0.527162 0.566830 0.072257 0.042810
782 0.786656 0.758333 0.088080 0.043464
299 0.276635 0.898693 0.042722 0.044444
706 0.273470 0.552451 0.054325 0.044771
362 0.402426 0.571732 0.091772 0.046732
2248 0.267141 0.363562 0.083861 0.047386
3175 0.663766 0.817810 0.049051 0.048039
3177 0.664821 0.423366 0.068038 0.048039
1083 0.787447 0.226961 0.044304 0.049346
2590 0.784546 0.697876 0.044831 0.049346
1811 0.664293 0.540850 0.044831 0.050980
251 0.784810 0.571242 0.080169 0.050980
3947 0.666139 0.761601 0.091772 0.051307
1476 0.673523 0.695752 0.081224 0.051634
492 0.789293 0.814542 0.065928 0.051961
2325 0.658755 0.299510 0.082278 0.051961
2489 0.910601 0.302941 0.087025 0.052288
4345 0.905063 0.158497 0.105485 0.052288
3175 0.269251 0.155719 0.077532 0.053268
2193 0.781646 0.364542 0.080169 0.053268
716 0.530063 0.814216 0.063291 0.053922
2425 0.523998 0.507353 0.101793 0.053922
368 0.134757 0.357516 0.061709 0.054248
3945 0.270306 0.424837 0.093354 0.054248
4740 0.144251 0.564379 0.106013 0.054248
4074 0.405327 0.436765 0.093354 0.054575
699 0.128165 0.229412 0.061181 0.054902
287 0.271361 0.484641 0.100738 0.054902
3786 0.141086 0.822222 0.075422 0.055556
3735 0.271888 0.620752 0.075422 0.055882
3996 0.395570 0.764869 0.082278 0.056536
334 0.403745 0.832190 0.044831 0.057190
2412 0.525316 0.159804 0.067511 0.057516
772 0.407173 0.369444 0.073840 0.058497
643 0.127637 0.158824 0.070675 0.058824
1879 0.910601 0.229412 0.068038 0.060131
4258 0.146097 0.758824 0.083333 0.060131
1514 0.400580 0.227614 0.096519 0.061111
1058 0.660074 0.163399 0.089135 0.061438
505 0.527426 0.703431 0.065401 0.061765
1880 0.146361 0.491176 0.054325 0.062092
3670 0.139241 0.893954 0.093882 0.063072
2419 0.132911 0.286765 0.064346 0.063725
988 0.394515 0.159641 0.074895 0.063725
1115 0.271624 0.844608 0.074895 0.063725
1579 0.521624 0.302451 0.077004 0.063725
1782 0.528481 0.765359 0.112869 0.064706
3258 0.142932 0.631699 0.087553 0.065359
1112 0.404272 0.704739 0.069093 0.065686
4092 0.134757 0.428922 0.075422 0.065686
3799 0.655327 0.368791 0.087025 0.066340
3438 0.654536 0.236601 0.063291 0.066667
259 0.786392 0.634967 0.063291 0.066667
2718 0.414030 0.506536 0.071730 0.066667
296 0.270042 0.773366 0.041139 0.066993
3799 0.912447 0.382353 0.094937 0.067320
2056 0.521624 0.226471 0.068565 0.068627
1734 0.783755 0.301961 0.090717 0.068627
1817 0.400053 0.628431 0.065928 0.069935
3807 0.407437 0.897549 0.095464 0.070261
1001 0.535601 0.896732 0.066983 0.070588
916 0.662447 0.619935 0.078059 0.070588
3038 0.792458 0.886275 0.094409 0.075163
3742 0.530063 0.634477 0.095992 0.076144
3142 0.783755 0.166340 0.069620 0.076471
3184 0.526899 0.432190 0.065401 0.076797
2191 0.270570 0.288562 0.088608 0.077124
2341 0.783755 0.442484 0.079114 0.078431
3464 0.669040 0.892647 0.066983 0.078758
4245 0.274525 0.700163 0.087025 0.082680
1310 0.916667 0.473203 0.071730 0.109150
