92 0.475556 0.927957 0.032889 0.012113
92 0.696444 0.576666 0.033778 0.012113
92 0.229111 0.741154 0.028889 0.012751
56 0.237333 0.378706 0.015111 0.013389
92 0.544222 0.710870 0.031556 0.014026
92 0.236667 0.228244 0.030667 0.014664
101 0.149333 0.700032 0.038222 0.015301
297 0.911111 0.880778 0.032889 0.015939
57 0.770667 0.630220 0.023111 0.016576
93 0.852000 0.287695 0.036444 0.016895
57 0.776444 0.357985 0.025778 0.017214
91 0.767333 0.920944 0.032444 0.017851
57 0.392000 0.920147 0.030222 0.018170
120 0.909333 0.832005 0.015111 0.018489
57 0.160444 0.541919 0.032000 0.018489
1415 0.239333 0.200510 0.045778 0.018489
861 0.697111 0.598342 0.045778 0.018489
598 0.835333 0.873287 0.047556 0.018808
56 0.839778 0.749761 0.013778 0.019127
57 0.559111 0.210073 0.029333 0.019127
115 0.479333 0.368664 0.036889 0.019445
57 0.153111 0.920944 0.028000 0.019764
56 0.920222 0.234300 0.030667 0.019764
57 0.482667 0.568377 0.031111 0.019764
56 0.393333 0.489321 0.016000 0.020402
56 0.617333 0.800765 0.039111 0.021039
101 0.615778 0.825948 0.050222 0.021039
52 0.225111 0.520720 0.046667 0.021996
113 0.475556 0.424450 0.051556 0.021996
698 0.233333 0.497609 0.031111 0.022314
88 0.839556 0.848581 0.032000 0.022952
598 0.307111 0.372011 0.045333 0.022952
57 0.857333 0.224259 0.025778 0.023271
91 0.844222 0.534428 0.032444 0.023271
1002 0.217778 0.625279 0.070222 0.023271
52 0.160000 0.304112 0.042667 0.024227
89 0.236444 0.354160 0.051556 0.024227
495 0.833556 0.623207 0.068889 0.024227
83 0.233111 0.919509 0.039556 0.024546
113 0.155556 0.516895 0.041778 0.024546
84 0.312000 0.881415 0.038222 0.024865
1406 0.235333 0.255658 0.038667 0.024865
56 0.229778 0.826267 0.017778 0.025502
111 0.842444 0.691744 0.031556 0.025502
89 0.466667 0.677399 0.044444 0.025502
2151 0.920444 0.163691 0.032889 0.025821
251 0.776000 0.196844 0.038222 0.025821
1173 0.314444 0.574912 0.056444 0.025821
89 0.697333 0.380618 0.045333 0.026140
117 0.840667 0.433216 0.015556 0.026777
51 0.850222 0.198279 0.031111 0.026777
51 0.917333 0.370736 0.035556 0.026777
70 0.906444 0.810966 0.036889 0.026777
52 0.151111 0.600893 0.043556 0.026777
251 0.321778 0.158432 0.048000 0.026777
117 0.910889 0.780204 0.014667 0.027096
111 0.767556 0.835671 0.019556 0.027096
87 0.313111 0.816863 0.033333 0.027096
755 0.392222 0.581925 0.062667 0.027096
66 0.625556 0.358942 0.021778 0.027415
67 0.914222 0.645043 0.025778 0.027734
91 0.764000 0.778929 0.048000 0.027734
71 0.550444 0.915046 0.050222 0.027734
66 0.842667 0.561364 0.018667 0.028052
119 0.843778 0.461269 0.020889 0.028052
91 0.773333 0.158750 0.048889 0.028052
117 0.474000 0.784667 0.018222 0.028371
4084 0.622667 0.589895 0.047111 0.028371
83 0.473333 0.335671 0.029333 0.028690
1579 0.144444 0.665604 0.040000 0.028690
68 0.841333 0.773510 0.007111 0.029009
88 0.698667 0.265062 0.030222 0.029009
278 0.154667 0.761396 0.032000 0.029009
87 0.768222 0.289289 0.034222 0.029009
978 0.912444 0.858942 0.051556 0.029009
88 0.311556 0.784826 0.032000 0.029327
77 0.234222 0.796940 0.039111 0.029327
91 0.622222 0.466688 0.047111 0.029327
89 0.402444 0.225375 0.048444 0.029327
113 0.468222 0.858782 0.052000 0.029327
60 0.479333 0.392573 0.020000 0.029646
2108 0.762667 0.605834 0.043556 0.029646
1415 0.313111 0.463341 0.047556 0.029646
91 0.695333 0.663851 0.049333 0.029646
89 0.391778 0.551004 0.050222 0.029646
118 0.539778 0.887791 0.012889 0.029965
83 0.905111 0.711508 0.032444 0.029965
109 0.841778 0.724578 0.041778 0.029965
51 0.474889 0.262353 0.042222 0.029965
118 0.168000 0.270163 0.015111 0.030284
118 0.237333 0.326586 0.017778 0.030284
111 0.623111 0.919190 0.021333 0.030284
88 0.846000 0.161460 0.032444 0.030284
81 0.548889 0.312241 0.037333 0.030284
55 0.394000 0.362608 0.049333 0.030284
85 0.407333 0.158750 0.018222 0.030602
980 0.766222 0.493465 0.026667 0.030602
57 0.169556 0.240038 0.028889 0.030602
88 0.548000 0.632770 0.029333 0.030602
107 0.626222 0.389544 0.035556 0.030602
691 0.912444 0.750080 0.037333 0.030602
3032 0.768667 0.899586 0.044000 0.030602
118 0.548444 0.477686 0.020444 0.030921
86 0.626667 0.885719 0.028444 0.030921
87 0.166444 0.208958 0.034222 0.030921
122 0.389778 0.458240 0.039111 0.030921
1083 0.923333 0.336309 0.023556 0.031240
119 0.701111 0.351610 0.020000 0.031878
54 0.471778 0.642015 0.030667 0.031878
4260 0.770222 0.805865 0.040000 0.031878
2316 0.763111 0.866433 0.046222 0.031878
91 0.312667 0.286580 0.050222 0.031878
118 0.920667 0.260918 0.017333 0.032196
107 0.228222 0.763628 0.018222 0.032196
88 0.693556 0.786580 0.032444 0.032196
88 0.548222 0.403092 0.037778 0.032196
3735 0.229778 0.894645 0.043556 0.032196
98 0.142444 0.631017 0.050222 0.032196
259 0.149333 0.729837 0.056000 0.032196
85 0.550444 0.441505 0.016444 0.032515
118 0.479778 0.451387 0.017333 0.032515
111 0.397556 0.391776 0.021778 0.032515
111 0.540667 0.817820 0.020889 0.032834
76 0.541333 0.855435 0.024000 0.032834
91 0.308222 0.665763 0.053778 0.032834
1931 0.544889 0.785304 0.056000 0.032834
98 0.219556 0.551960 0.058667 0.032834
323 0.150667 0.789767 0.060444 0.032834
85 0.155556 0.569971 0.013333 0.033153
91 0.841111 0.361492 0.051111 0.033153
85 0.556000 0.271756 0.013333 0.033471
76 0.315556 0.535384 0.024000 0.033471
71 0.552889 0.510520 0.050667 0.033471
1900 0.690222 0.755021 0.055111 0.033471
74 0.914889 0.501434 0.020000 0.033790
1129 0.767778 0.701626 0.030667 0.033790
95 0.556889 0.242270 0.046222 0.033790
118 0.404889 0.196207 0.015111 0.034109
111 0.318444 0.914727 0.024444 0.034109
111 0.473778 0.815907 0.024889 0.034109
88 0.389778 0.790564 0.032000 0.034428
118 0.394889 0.516258 0.016444 0.034747
1834 0.699556 0.456646 0.046222 0.034747
903 0.387778 0.831527 0.065333 0.034747
68 0.398000 0.424450 0.008444 0.035384
3906 0.834444 0.902933 0.041333 0.035384
981 0.767111 0.529327 0.056889 0.035384
1949 0.149778 0.873127 0.045333 0.035703
4489 0.148889 0.829136 0.054222 0.035703
87 0.163111 0.340293 0.035556 0.036022
1111 0.768667 0.661301 0.042222 0.036022
4310 0.917556 0.905483 0.046667 0.036022
121 0.914444 0.539050 0.020889 0.036340
735 0.477111 0.489002 0.054667 0.036340
68 0.842000 0.590532 0.010222 0.036659
62 0.478667 0.300765 0.026667 0.036659
120 0.544222 0.600096 0.037778 0.036659
509 0.394000 0.749283 0.041333 0.036659
1666 0.616667 0.721549 0.057333 0.036659
83 0.225778 0.586229 0.023111 0.036978
2885 0.163111 0.162576 0.038222 0.036978
1269 0.765111 0.568218 0.027111 0.037297
126 0.917111 0.576984 0.041333 0.037616
4429 0.229333 0.861332 0.045333 0.037616
4291 0.690889 0.868027 0.049333 0.037616
3081 0.321111 0.245776 0.057333 0.037616
70 0.164000 0.378546 0.020444 0.037934
653 0.848889 0.321485 0.036444 0.037934
2489 0.624889 0.550048 0.048000 0.037934
1827 0.395333 0.878068 0.067111 0.037934
121 0.615778 0.847625 0.022667 0.038253
83 0.618000 0.763787 0.028000 0.038253
2864 0.843556 0.400064 0.040000 0.038253
2134 0.307111 0.705132 0.049778 0.038253
561 0.309111 0.623844 0.052000 0.038253
121 0.848889 0.255499 0.024889 0.038572
2083 0.920000 0.300128 0.040000 0.038572
2432 0.476222 0.166242 0.049333 0.038572
577 0.918444 0.199554 0.028889 0.038891
794 0.474222 0.535384 0.051556 0.039209
1679 0.624889 0.224896 0.056000 0.039209
1185 0.698444 0.629104 0.054667 0.039847
85 0.401333 0.322282 0.017778 0.040166
70 0.386667 0.672617 0.046222 0.040166
1871 0.678000 0.825311 0.055556 0.040166
86 0.779556 0.324354 0.029333 0.040485
2946 0.626000 0.321167 0.038667 0.040485
3735 0.471778 0.601052 0.041333 0.040485
68 0.910889 0.677718 0.007556 0.040803
85 0.234222 0.408033 0.014222 0.040803
1381 0.839778 0.501275 0.045778 0.041122
750 0.317778 0.196207 0.049778 0.041122
2763 0.690000 0.909308 0.053778 0.041122
4166 0.762889 0.742907 0.066222 0.041122
85 0.918667 0.459037 0.015111 0.041441
1876 0.695111 0.314632 0.030222 0.041441
4116 0.225333 0.665604 0.036444 0.041441
1476 0.232889 0.456965 0.051556 0.041760
2818 0.471333 0.896557 0.053778 0.041760
1401 0.316667 0.495059 0.045778 0.042078
781 0.619556 0.510998 0.048889 0.042078
1317 0.236000 0.289608 0.040889 0.042397
1364 0.700000 0.224259 0.046222 0.042397
68 0.770222 0.447561 0.008889 0.042716
3664 0.228889 0.714377 0.045333 0.042716
2468 0.841111 0.814154 0.036000 0.043354
120 0.392000 0.713102 0.045333 0.043354
127 0.313778 0.852407 0.046222 0.043354
4252 0.694444 0.706248 0.040444 0.043672
322 0.540444 0.676124 0.063111 0.043991
1891 0.543778 0.744501 0.039556 0.044310
69 0.165111 0.481989 0.023556 0.044629
506 0.622444 0.628626 0.039556 0.044629
1283 0.311778 0.409149 0.054667 0.044947
721 0.905111 0.616194 0.043111 0.045266
119 0.916667 0.412018 0.036000 0.045585
3136 0.620889 0.675964 0.037333 0.045585
3808 0.548889 0.167836 0.057778 0.045585
4484 0.626444 0.274785 0.025333 0.045904
1879 0.841778 0.655084 0.031111 0.045904
3735 0.698000 0.499841 0.044889 0.045904
990 0.312889 0.328658 0.052444 0.045904
1584 0.310889 0.744979 0.034222 0.046541
2423 0.233111 0.167676 0.051111 0.046541
3381 0.476444 0.217405 0.032000 0.047816
2916 0.397556 0.273669 0.036889 0.048773
68 0.394222 0.620497 0.008000 0.049410
4116 0.772000 0.242588 0.034667 0.049729
1584 0.548222 0.357985 0.033333 0.050367
51 0.548222 0.556264 0.036000 0.050367
505 0.696889 0.415843 0.035556 0.051323
4069 0.766222 0.398948 0.045333 0.051323
68 0.699333 0.541919 0.011111 0.052279
47 0.634889 0.417915 0.035111 0.052917
2915 0.627333 0.174689 0.028889 0.054192
3256 0.704000 0.170386 0.036444 0.055786
296 0.160444 0.428754 0.040000 0.057380
296 0.472889 0.724578 0.033778 0.066943
