246 0.087447 0.826667 0.037021 0.003590
246 0.090426 0.529744 0.033617 0.004103
246 0.090851 0.660000 0.038723 0.004615
246 0.091064 0.389231 0.032340 0.005128
200 0.276596 0.304487 0.017872 0.005897
200 0.681277 0.506923 0.017872 0.006154
246 0.410426 0.255385 0.047234 0.006154
200 0.357447 0.506795 0.020426 0.006410
246 0.087872 0.289359 0.031915 0.008974
92 0.254255 0.630385 0.031915 0.009487
154 0.354255 0.741154 0.014043 0.010000
52 0.253617 0.858333 0.037447 0.011026
92 0.415745 0.328590 0.032340 0.013590
101 0.247234 0.393333 0.041702 0.013846
56 0.334468 0.825256 0.012766 0.014103
101 0.170000 0.753974 0.042128 0.014103
91 0.255319 0.794872 0.029787 0.014872
92 0.087660 0.259359 0.022979 0.015128
720 0.579362 0.853718 0.032766 0.017179
113 0.251489 0.879103 0.045957 0.017179
60 0.333404 0.618718 0.014043 0.017436
598 0.251489 0.562308 0.042553 0.017436
91 0.742553 0.889359 0.028085 0.018205
52 0.742340 0.389615 0.033617 0.018205
52 0.089787 0.795256 0.040000 0.018205
88 0.255532 0.695641 0.022553 0.018462
2689 0.091489 0.629231 0.038298 0.018462
102 0.582979 0.594359 0.044255 0.018462
55 0.653617 0.726026 0.035745 0.018718
2689 0.089787 0.358077 0.036596 0.018718
88 0.742979 0.524487 0.022128 0.019231
88 0.165745 0.259744 0.021702 0.019487
56 0.340213 0.896538 0.011489 0.020256
53 0.257021 0.898205 0.011064 0.020513
85 0.413617 0.558974 0.028085 0.020513
495 0.247021 0.292051 0.050638 0.020513
83 0.737872 0.293846 0.031489 0.021026
88 0.658936 0.457821 0.020851 0.021282
495 0.656596 0.491410 0.051915 0.021282
302 0.332979 0.423333 0.038723 0.021538
66 0.571277 0.292692 0.030213 0.021795
91 0.415106 0.694744 0.034468 0.021795
120 0.170851 0.722564 0.016596 0.022051
91 0.657447 0.295641 0.029787 0.022051
109 0.248511 0.326538 0.037447 0.022308
95 0.577660 0.691026 0.038723 0.023077
95 0.169574 0.861538 0.040426 0.023077
83 0.332979 0.763205 0.035319 0.023333
109 0.166596 0.496282 0.039574 0.023333
1173 0.657872 0.324744 0.040851 0.023333
252 0.655957 0.527051 0.042128 0.023333
495 0.329362 0.492692 0.049362 0.023333
88 0.574681 0.821154 0.021702 0.023846
83 0.414894 0.624487 0.030638 0.023846
77 0.578085 0.487821 0.038723 0.023846
126 0.658298 0.865385 0.035745 0.024103
87 0.658511 0.423846 0.037021 0.024103
88 0.247872 0.261154 0.021702 0.024359
91 0.088298 0.691154 0.032766 0.024359
128 0.743830 0.594103 0.024681 0.024615
117 0.412553 0.489487 0.025106 0.024615
119 0.167447 0.558846 0.016596 0.024872
91 0.494894 0.426795 0.032340 0.024872
3032 0.744255 0.490385 0.051064 0.024872
1083 0.089149 0.463077 0.027660 0.025128
252 0.251915 0.661026 0.045106 0.025128
717 0.331277 0.391795 0.055745 0.025128
88 0.737447 0.786667 0.018723 0.025641
1585 0.330638 0.456923 0.039149 0.025641
58 0.742553 0.726026 0.026383 0.025897
117 0.168085 0.427564 0.029787 0.025897
120 0.168085 0.629231 0.016170 0.026154
717 0.418298 0.830513 0.042553 0.026154
327 0.492553 0.457692 0.043830 0.026154
120 0.165745 0.327308 0.016596 0.026410
68 0.168723 0.698077 0.038723 0.026410
85 0.576596 0.424103 0.017021 0.026667
109 0.252128 0.494872 0.037872 0.026667
552 0.415532 0.726026 0.032766 0.026923
1592 0.250638 0.461923 0.047660 0.026923
87 0.254043 0.828205 0.038298 0.027179
1375 0.655745 0.261282 0.048511 0.027179
58 0.663830 0.891410 0.023830 0.027436
1799 0.168936 0.894744 0.031489 0.027436
553 0.740000 0.829872 0.044255 0.027436
121 0.422128 0.892436 0.046809 0.027436
1799 0.498936 0.491282 0.034468 0.027692
107 0.576596 0.324872 0.038298 0.027692
717 0.333191 0.727051 0.046809 0.027949
108 0.739787 0.620769 0.014894 0.028205
60 0.164894 0.454872 0.017447 0.028205
77 0.331915 0.294359 0.039149 0.028205
980 0.088085 0.563718 0.028936 0.028462
83 0.571064 0.384744 0.030638 0.028462
667 0.495745 0.393205 0.041702 0.028462
3375 0.087021 0.860000 0.031064 0.028718
2033 0.089787 0.496667 0.040000 0.028718
3231 0.573404 0.262949 0.042979 0.028974
85 0.654043 0.693590 0.012766 0.029231
117 0.660426 0.561282 0.019574 0.029231
51 0.417660 0.863846 0.027660 0.029231
81 0.087660 0.727949 0.032340 0.029231
113 0.575745 0.722308 0.042553 0.029231
119 0.411702 0.459103 0.019149 0.029487
83 0.333191 0.561410 0.024681 0.029487
51 0.740426 0.661154 0.032340 0.029487
81 0.740851 0.698077 0.038298 0.029487
4185 0.335532 0.792949 0.050638 0.029487
667 0.413830 0.358205 0.044681 0.029744
66 0.167021 0.531154 0.020000 0.030000
66 0.332766 0.531410 0.024681 0.030000
58 0.333404 0.694744 0.027660 0.030000
119 0.741064 0.359487 0.018298 0.030256
85 0.655957 0.626154 0.037872 0.030256
4165 0.410426 0.760769 0.045532 0.030256
93 0.335745 0.261795 0.054468 0.030256
123 0.412766 0.428846 0.022128 0.030513
117 0.333404 0.594487 0.027660 0.030513
58 0.412553 0.592949 0.041277 0.030513
577 0.574255 0.793718 0.042979 0.030513
1296 0.088511 0.599487 0.032340 0.030769
85 0.742128 0.328718 0.037447 0.030769
2302 0.254468 0.594359 0.049362 0.030769
119 0.657021 0.389615 0.021277 0.031026
77 0.750426 0.414487 0.031064 0.031026
68 0.577021 0.354615 0.010213 0.031282
509 0.739787 0.757949 0.032766 0.031282
126 0.163830 0.356538 0.034894 0.031538
119 0.657872 0.592051 0.018723 0.031795
1831 0.411489 0.292051 0.033191 0.031795
958 0.329574 0.361282 0.038723 0.031795
553 0.575745 0.564615 0.045106 0.031795
101 0.087872 0.762692 0.028511 0.032051
2191 0.253191 0.762692 0.040000 0.032051
60 0.656596 0.658205 0.022128 0.032308
268 0.166809 0.395897 0.032340 0.032308
4090 0.575957 0.662949 0.031064 0.032564
1296 0.086170 0.330000 0.028511 0.032821
99 0.661915 0.357436 0.050638 0.032821
68 0.657660 0.758718 0.008085 0.033333
119 0.572553 0.458974 0.017447 0.033333
85 0.330851 0.662821 0.038723 0.033333
667 0.414894 0.662308 0.042553 0.033333
4447 0.739149 0.859615 0.047660 0.033590
68 0.331489 0.326154 0.010213 0.033846
4090 0.169787 0.832821 0.035745 0.033846
81 0.659149 0.794487 0.034043 0.034103
87 0.169362 0.296795 0.040000 0.034103
2197 0.254043 0.731795 0.040000 0.034359
2946 0.332979 0.861667 0.045532 0.034615
85 0.168298 0.660000 0.014894 0.034872
81 0.742979 0.564103 0.038298 0.034872
1132 0.494468 0.357949 0.040000 0.035385
2354 0.740638 0.263333 0.041277 0.035385
958 0.414681 0.795897 0.042128 0.035385
68 0.252979 0.420256 0.004681 0.035897
3407 0.088723 0.426538 0.027660 0.036667
76 0.168085 0.597436 0.028936 0.036923
60 0.416596 0.522564 0.026383 0.037436
62 0.660213 0.829872 0.029362 0.037692
68 0.252766 0.532051 0.008511 0.038462
70 0.248298 0.363590 0.035319 0.038462
68 0.579574 0.886795 0.007660 0.038718
53 0.576596 0.757179 0.014468 0.040000
68 0.575106 0.624487 0.009787 0.041282
68 0.574043 0.526667 0.009362 0.042051
68 0.741489 0.451795 0.010638 0.043077
68 0.169574 0.783974 0.011489 0.043846
