246 0.359544 0.601183 0.022054 0.003622
246 0.817064 0.811881 0.030369 0.003864
246 0.740239 0.685825 0.032176 0.005796
52 0.581345 0.889640 0.024584 0.007728
101 0.581706 0.897972 0.030369 0.008452
162 0.269161 0.799686 0.016269 0.009418
683 0.410340 0.913547 0.023138 0.010625
119 0.438901 0.858851 0.010123 0.010867
88 0.358821 0.588747 0.022054 0.011591
120 0.325560 0.568582 0.009038 0.011833
119 0.410521 0.902077 0.009761 0.012316
1810 0.443601 0.912219 0.014461 0.012316
1579 0.324476 0.583192 0.024946 0.012557
117 0.439262 0.843154 0.008677 0.012799
259 0.443420 0.897609 0.023500 0.013523
1579 0.406905 0.848708 0.021330 0.013765
120 0.407267 0.833253 0.008315 0.014248
88 0.896421 0.263101 0.016269 0.014248
88 0.439082 0.827699 0.023500 0.014248
111 0.326645 0.597319 0.012654 0.015214
52 0.574657 0.548539 0.027115 0.015214
88 0.737166 0.726757 0.028923 0.015214
111 0.405098 0.866699 0.011931 0.015455
1810 0.268980 0.857039 0.017354 0.015455
126 0.422993 0.692828 0.026030 0.015455
88 0.891721 0.728326 0.026392 0.015455
88 0.499819 0.578846 0.028561 0.015455
88 0.422993 0.628109 0.031815 0.015455
102 0.190528 0.754649 0.039046 0.015455
495 0.424259 0.710215 0.039407 0.015455
120 0.502350 0.882516 0.014100 0.015697
120 0.655640 0.714441 0.015546 0.015697
88 0.348337 0.881067 0.030007 0.015697
683 0.578272 0.585004 0.032176 0.015697
88 0.266992 0.835909 0.024223 0.016180
119 0.580441 0.910408 0.013377 0.016421
51 0.409255 0.888433 0.017354 0.016421
88 0.814714 0.678097 0.030730 0.016421
302 0.580622 0.661193 0.031815 0.016421
552 0.360810 0.571722 0.028923 0.016663
120 0.498915 0.686791 0.017354 0.017387
91 0.579356 0.751872 0.027838 0.017629
1810 0.105748 0.609152 0.020607 0.018112
503 0.661424 0.908355 0.025669 0.018112
285 0.266992 0.784955 0.034346 0.018112
2354 0.321945 0.553248 0.020607 0.018353
870 0.440528 0.810191 0.022777 0.018353
287 0.744758 0.647911 0.040492 0.018353
89 0.734093 0.554576 0.032176 0.019078
88 0.105748 0.664815 0.025669 0.019319
91 0.654194 0.648394 0.030007 0.019319
547 0.657086 0.696933 0.033623 0.019319
120 0.817607 0.731587 0.014823 0.019560
1880 0.324657 0.616638 0.015907 0.019560
2949 0.355929 0.553610 0.016269 0.019560
1083 0.893348 0.613982 0.023138 0.019560
1174 0.582972 0.821420 0.030730 0.019560
870 0.501627 0.707679 0.040130 0.019560
85 0.579176 0.872615 0.010123 0.020043
868 0.855568 0.275900 0.024223 0.020043
121 0.736985 0.893866 0.030730 0.020043
1834 0.263738 0.710577 0.032176 0.020043
757 0.265907 0.879377 0.037961 0.020043
975 0.360629 0.616276 0.024223 0.020285
87 0.265184 0.633180 0.024223 0.020285
633 0.579356 0.706834 0.034346 0.020285
1834 0.580080 0.770828 0.036515 0.020285
978 0.424620 0.580536 0.037238 0.020285
102 0.107556 0.790872 0.045192 0.020285
117 0.658894 0.863197 0.013377 0.020526
119 0.498192 0.619053 0.014461 0.020526
92 0.737346 0.849191 0.020607 0.020526
1821 0.578272 0.605772 0.035069 0.020526
98 0.575380 0.566168 0.035792 0.020526
102 0.427332 0.754045 0.036153 0.020526
1138 0.441251 0.877928 0.021330 0.021009
67 0.503977 0.667592 0.024584 0.021009
126 0.896421 0.189447 0.024946 0.021009
91 0.265004 0.609877 0.027477 0.021009
2193 0.895336 0.241125 0.027838 0.021009
76 0.737166 0.599976 0.028923 0.021009
111 0.655640 0.627988 0.013377 0.021492
4255 0.347433 0.903284 0.027477 0.021492
117 0.344360 0.728689 0.009038 0.021975
117 0.498012 0.597561 0.011208 0.021975
92 0.265004 0.732553 0.020246 0.021975
88 0.501627 0.835909 0.028561 0.021975
1834 0.269884 0.815866 0.034346 0.021975
58 0.739516 0.796909 0.018438 0.022217
2590 0.738250 0.872736 0.023138 0.022217
71 0.743854 0.907027 0.024223 0.022217
88 0.187093 0.905095 0.027838 0.022217
683 0.743131 0.668196 0.041576 0.022217
1762 0.657448 0.733760 0.031453 0.022458
2191 0.658894 0.818039 0.031453 0.022458
3231 0.268800 0.904250 0.031453 0.022458
120 0.854845 0.250785 0.022054 0.022941
2194 0.347252 0.855711 0.030007 0.022941
81 0.658532 0.844361 0.031453 0.022941
58 0.654375 0.602270 0.018800 0.023183
92 0.422813 0.556387 0.019884 0.023183
92 0.815618 0.755856 0.021692 0.023183
51 0.498915 0.757788 0.026030 0.023183
111 0.499638 0.731587 0.015907 0.023424
92 0.347795 0.803791 0.020246 0.023424
2354 0.406001 0.814417 0.020246 0.023424
126 0.184743 0.558440 0.026030 0.023424
120 0.893890 0.780850 0.027838 0.023424
1439 0.653832 0.553610 0.036515 0.023424
87 0.189082 0.858126 0.026030 0.023907
81 0.344179 0.705747 0.028923 0.023907
126 0.892444 0.637889 0.031453 0.023907
1579 0.498554 0.555301 0.037599 0.023907
68 0.660701 0.885535 0.008315 0.024149
86 0.193962 0.881913 0.018438 0.024149
2844 0.891902 0.166868 0.028923 0.024149
2844 0.347433 0.830717 0.033261 0.024149
60 0.733369 0.576310 0.016269 0.024390
51 0.187093 0.703574 0.024946 0.024873
2193 0.500181 0.811760 0.028561 0.024873
2844 0.889371 0.587418 0.033261 0.024873
2193 0.424620 0.671456 0.033623 0.024873
1363 0.738431 0.771191 0.035069 0.024873
1365 0.657809 0.578725 0.035792 0.024873
58 0.348337 0.751872 0.035792 0.024873
119 0.106652 0.583434 0.011569 0.025115
2354 0.853218 0.226032 0.024584 0.025115
1439 0.736804 0.745714 0.031815 0.025115
2705 0.425343 0.605047 0.035792 0.025356
126 0.814714 0.585245 0.027838 0.025839
717 0.267354 0.558681 0.040130 0.025839
505 0.262654 0.686308 0.019161 0.026081
1138 0.894613 0.214682 0.022777 0.026081
4440 0.583333 0.730017 0.037238 0.026081
68 0.581164 0.846776 0.008315 0.026322
81 0.103941 0.557474 0.028561 0.026322
1887 0.347795 0.778677 0.034707 0.026322
111 0.265546 0.586211 0.014100 0.026805
2354 0.500181 0.860058 0.029284 0.026805
2191 0.348518 0.677493 0.033261 0.026805
667 0.739335 0.825767 0.033261 0.026805
3806 0.738250 0.704057 0.039046 0.026805
70 0.106471 0.767206 0.016269 0.027047
1833 0.265727 0.760203 0.021692 0.027047
2293 0.422993 0.650085 0.033261 0.027047
1834 0.501988 0.905095 0.038684 0.027047
2193 0.893529 0.700918 0.027838 0.027288
2844 0.183839 0.649722 0.035792 0.027288
119 0.264823 0.657208 0.012654 0.027771
2369 0.424259 0.729896 0.030730 0.027771
2844 0.811280 0.558681 0.036153 0.027771
2354 0.500000 0.643323 0.031815 0.028013
2354 0.891902 0.751509 0.031815 0.028013
2649 0.578633 0.795943 0.033623 0.028013
110 0.737708 0.624608 0.030730 0.028254
126 0.188901 0.678218 0.031453 0.028254
119 0.500362 0.783748 0.014461 0.028737
3735 0.186009 0.587418 0.030007 0.028737
4296 0.105025 0.637406 0.033623 0.028737
3562 0.656905 0.760082 0.039046 0.028737
2179 0.819234 0.830717 0.040492 0.028979
2590 0.654917 0.789544 0.023500 0.029220
1297 0.578453 0.629920 0.028923 0.029220
1879 0.579356 0.681599 0.023500 0.029703
68 0.424259 0.780126 0.007592 0.030186
83 0.184382 0.617121 0.015907 0.030669
63 0.190166 0.731345 0.030369 0.030669
1138 0.342010 0.645738 0.028923 0.030910
2354 0.815257 0.706230 0.033261 0.031152
1138 0.815076 0.618087 0.028561 0.031635
126 0.819595 0.899179 0.031815 0.032601
2193 0.816161 0.651533 0.026392 0.032842
1138 0.890456 0.667955 0.034707 0.032842
2913 0.816703 0.787249 0.027477 0.033808
2191 0.820860 0.865129 0.031453 0.034050
83 0.106110 0.691862 0.017715 0.034774
2898 0.189262 0.825525 0.031453 0.035982
1787 0.654375 0.667834 0.024584 0.038397
1839 0.107918 0.732553 0.037238 0.040811
68 0.188539 0.782299 0.009761 0.045158
296 0.893529 0.820213 0.027115 0.051437
68 0.104845 0.824197 0.010123 0.054093
