146 0.579361 0.358025 0.022212 0.010494
92 0.895187 0.805864 0.040259 0.014815
92 0.900972 0.178858 0.039796 0.015123
52 0.140676 0.883488 0.035169 0.015741
92 0.790606 0.810802 0.044887 0.016049
297 0.464368 0.802315 0.044887 0.016358
56 0.682323 0.888889 0.019898 0.016667
56 0.454419 0.160957 0.014808 0.016975
156 0.578899 0.344290 0.023137 0.016975
120 0.244100 0.186265 0.023600 0.016975
92 0.457890 0.295525 0.043036 0.016975
52 0.678621 0.360802 0.036557 0.017284
52 0.351226 0.570525 0.037945 0.017593
64 0.897038 0.864815 0.027302 0.017901
128 0.796853 0.220525 0.015733 0.018210
302 0.686256 0.486420 0.048126 0.018519
1810 0.351689 0.487346 0.024063 0.019136
81 0.468302 0.695679 0.031467 0.019136
91 0.352846 0.881173 0.036557 0.019136
52 0.790606 0.713889 0.037483 0.019136
56 0.135585 0.168673 0.017584 0.019444
56 0.465757 0.744907 0.021749 0.019444
120 0.243174 0.664352 0.024526 0.019444
861 0.680472 0.461883 0.049514 0.019444
120 0.679547 0.237346 0.029153 0.019753
92 0.242018 0.725926 0.037945 0.019753
499 0.354234 0.670988 0.053216 0.019753
91 0.677696 0.284105 0.031930 0.020062
57 0.359093 0.648302 0.035169 0.020062
84 0.239010 0.310957 0.040259 0.020062
91 0.135585 0.291358 0.036094 0.020370
123 0.898195 0.620679 0.037945 0.020370
52 0.462980 0.647222 0.043036 0.020370
102 0.896344 0.454012 0.049051 0.020370
91 0.465062 0.521451 0.032392 0.020679
91 0.245488 0.585031 0.032855 0.020679
57 0.578667 0.689969 0.035632 0.020679
57 0.580056 0.867747 0.036557 0.020679
52 0.241555 0.644290 0.041647 0.020679
118 0.686256 0.907716 0.014808 0.020988
57 0.688570 0.743056 0.030541 0.021296
57 0.354928 0.820216 0.032392 0.021296
98 0.678158 0.380093 0.044887 0.021296
93 0.572652 0.233488 0.053216 0.021296
91 0.136048 0.358333 0.033318 0.021605
57 0.684868 0.191049 0.037020 0.021605
92 0.567561 0.179321 0.038408 0.021605
119 0.143221 0.902315 0.020824 0.021914
120 0.347062 0.311574 0.023137 0.021914
120 0.240398 0.379167 0.024526 0.021914
76 0.462517 0.582562 0.031004 0.021914
57 0.798704 0.590278 0.037020 0.021914
77 0.901897 0.908179 0.037945 0.021914
98 0.352152 0.590278 0.050902 0.021914
56 0.679778 0.403086 0.021286 0.022222
56 0.792920 0.392593 0.024526 0.022222
91 0.351226 0.464198 0.032392 0.022222
57 0.900740 0.301080 0.037483 0.022531
251 0.138130 0.221142 0.038408 0.022531
84 0.352152 0.156944 0.039796 0.022531
84 0.461592 0.859105 0.040259 0.022531
57 0.577742 0.443210 0.035632 0.022840
113 0.468302 0.674691 0.036094 0.022840
108 0.677927 0.167438 0.015733 0.023148
66 0.896344 0.755710 0.029616 0.023148
113 0.797316 0.506019 0.043498 0.023148
91 0.141370 0.567901 0.031004 0.023457
76 0.795928 0.337037 0.031467 0.023457
107 0.792920 0.366049 0.039334 0.023457
92 0.352615 0.394444 0.040722 0.023457
84 0.574271 0.800617 0.044424 0.023457
88 0.347987 0.256173 0.045349 0.023457
92 0.138593 0.591358 0.046738 0.023457
98 0.789449 0.735185 0.048126 0.023457
88 0.136511 0.426080 0.043498 0.023765
113 0.236927 0.408488 0.053679 0.023765
119 0.134891 0.190432 0.020824 0.024074
91 0.140213 0.831790 0.035169 0.024074
91 0.680009 0.574074 0.035632 0.024074
119 0.796853 0.529784 0.019435 0.024383
76 0.902129 0.640895 0.033781 0.024383
91 0.787830 0.786883 0.034706 0.024383
88 0.792457 0.875772 0.045812 0.024383
92 0.895419 0.886111 0.029616 0.024691
89 0.571495 0.318827 0.046275 0.024691
121 0.462517 0.438272 0.049514 0.024691
111 0.788987 0.762191 0.023137 0.025000
115 0.240629 0.165278 0.046275 0.025000
111 0.678621 0.261420 0.023600 0.025309
76 0.142989 0.766049 0.028690 0.025309
51 0.679547 0.216667 0.032855 0.025309
109 0.796159 0.167284 0.046738 0.025309
85 0.680935 0.335957 0.025451 0.025617
62 0.351689 0.341512 0.026839 0.025617
118 0.574271 0.519907 0.028690 0.025617
111 0.462286 0.460648 0.029616 0.025617
91 0.347062 0.181019 0.033318 0.025617
107 0.897964 0.275154 0.035632 0.025617
83 0.796622 0.480093 0.035632 0.025617
553 0.458815 0.831327 0.058769 0.025617
81 0.240861 0.433333 0.038408 0.025926
77 0.684405 0.307099 0.042573 0.025926
85 0.795465 0.688735 0.024988 0.026235
85 0.354234 0.543981 0.026377 0.026235
107 0.347062 0.131481 0.028690 0.026543
77 0.356085 0.514198 0.037483 0.026543
77 0.469690 0.718519 0.041647 0.026543
66 0.898889 0.248920 0.031004 0.026852
119 0.794077 0.197994 0.031467 0.026852
83 0.897501 0.363735 0.036557 0.026852
85 0.797316 0.277932 0.020361 0.028086
85 0.248033 0.835340 0.025914 0.028086
107 0.895650 0.781327 0.037483 0.028086
3868 0.353077 0.742747 0.038871 0.028086
1083 0.687182 0.673302 0.042573 0.028086
89 0.572883 0.546759 0.051828 0.028086
68 0.793845 0.453086 0.012494 0.028395
119 0.453725 0.183642 0.021749 0.028395
85 0.245720 0.241975 0.028690 0.028395
87 0.344285 0.286420 0.034243 0.028395
165 0.585146 0.378704 0.038408 0.028395
642 0.681629 0.516358 0.043498 0.028395
98 0.351226 0.368519 0.048126 0.028395
932 0.140676 0.859105 0.064785 0.028704
66 0.242018 0.460802 0.031467 0.029012
111 0.144378 0.541358 0.025914 0.029630
74 0.461592 0.411111 0.031930 0.029630
92 0.242712 0.616049 0.034706 0.029630
98 0.142295 0.503704 0.048589 0.029630
2590 0.249884 0.868673 0.052753 0.029938
316 0.680472 0.545525 0.055993 0.029938
127 0.898195 0.479167 0.056455 0.029938
4028 0.247571 0.903241 0.060157 0.029938
51 0.795465 0.310185 0.040722 0.030247
126 0.240629 0.135185 0.042573 0.030247
118 0.790143 0.616667 0.023600 0.030864
118 0.680009 0.429630 0.028228 0.030864
118 0.462517 0.770062 0.028228 0.030864
1295 0.140907 0.737963 0.050440 0.030864
1920 0.354928 0.702160 0.053679 0.030864
932 0.461592 0.490432 0.063397 0.030864
547 0.898195 0.329167 0.045349 0.031173
87 0.565942 0.258951 0.037945 0.031481
118 0.568487 0.290586 0.014345 0.031790
87 0.894956 0.513426 0.035169 0.031790
1579 0.352152 0.622377 0.052753 0.031790
93 0.458584 0.134877 0.038871 0.032099
107 0.898427 0.393056 0.031004 0.032407
87 0.795696 0.558179 0.043036 0.032407
1296 0.351226 0.853549 0.047200 0.032407
2313 0.238316 0.278549 0.059232 0.032407
381 0.677696 0.710648 0.064322 0.032407
70 0.900278 0.672840 0.029153 0.032716
90 0.568487 0.206481 0.048589 0.032716
268 0.570569 0.622994 0.047200 0.033025
1193 0.236465 0.344290 0.055530 0.033025
2996 0.571957 0.768981 0.059232 0.033025
93 0.138825 0.137963 0.035169 0.033333
268 0.352383 0.907407 0.043036 0.033333
60 0.895419 0.546142 0.024988 0.033642
126 0.793845 0.135340 0.037483 0.033642
126 0.139287 0.699537 0.039796 0.033642
118 0.792457 0.420679 0.026377 0.033951
2423 0.682786 0.774383 0.055067 0.033951
1385 0.893336 0.836420 0.070801 0.034568
53 0.790143 0.905556 0.023600 0.035185
1833 0.574965 0.834259 0.063397 0.035185
529 0.140676 0.628704 0.064785 0.035185
51 0.462749 0.554167 0.037945 0.035494
4451 0.134891 0.324846 0.068024 0.035494
2197 0.571726 0.901543 0.053216 0.035802
127 0.898195 0.426389 0.053679 0.036111
2489 0.569181 0.413117 0.060157 0.036111
333 0.678621 0.640586 0.067099 0.036111
47 0.245720 0.209259 0.036094 0.036420
1584 0.685562 0.607407 0.042110 0.037037
3007 0.137899 0.799691 0.062008 0.037654
107 0.677233 0.136883 0.029153 0.037963
47 0.797547 0.246142 0.033781 0.037963
4020 0.466451 0.618056 0.040722 0.037963
4564 0.791069 0.652623 0.046738 0.037963
2197 0.246414 0.699846 0.054142 0.037963
4416 0.790143 0.844444 0.053216 0.038272
971 0.134891 0.393981 0.057844 0.038580
3840 0.247802 0.802006 0.059695 0.038580
1635 0.679315 0.815278 0.060157 0.038580
4483 0.683480 0.856790 0.050902 0.039506
975 0.455113 0.219444 0.055993 0.039506
2320 0.460666 0.898148 0.055993 0.039506
1316 0.139056 0.256944 0.060620 0.039815
4451 0.130264 0.665586 0.065248 0.039815
2218 0.462055 0.331481 0.061546 0.040123
1297 0.572189 0.586265 0.056918 0.040432
2698 0.897733 0.583488 0.057381 0.040432
4622 0.246414 0.500772 0.065248 0.040432
1320 0.460666 0.370525 0.070801 0.041049
1887 0.570569 0.661728 0.051828 0.041975
1047 0.903748 0.211420 0.049051 0.042593
325 0.348681 0.431173 0.065248 0.042593
3375 0.575659 0.725463 0.063859 0.043519
3411 0.347062 0.216049 0.048126 0.044444
3249 0.352152 0.784414 0.043498 0.044753
986 0.248727 0.757870 0.049514 0.044753
4447 0.139750 0.466204 0.059232 0.045370
4447 0.453725 0.260648 0.066173 0.045370
2949 0.243406 0.548457 0.050902 0.046296
3411 0.897964 0.141512 0.054142 0.046605
4447 0.571263 0.142130 0.063397 0.046605
2473 0.901897 0.719907 0.053679 0.048457
1325 0.567330 0.483179 0.074965 0.048457
