56 0.642400 0.375686 0.012800 0.013728
56 0.169400 0.325351 0.057200 0.014338
81 0.751600 0.461867 0.033600 0.014643
300 0.715200 0.456376 0.018400 0.015253
56 0.637400 0.711714 0.056400 0.015253
92 0.641000 0.312233 0.040400 0.015558
92 0.270200 0.748627 0.046000 0.015863
52 0.729600 0.555369 0.052800 0.016168
51 0.752000 0.401007 0.028000 0.017389
56 0.544200 0.808877 0.058000 0.019219
55 0.733600 0.525778 0.059200 0.019829
91 0.754000 0.482306 0.027200 0.020134
2489 0.553200 0.865772 0.048800 0.023185
111 0.715600 0.427395 0.016800 0.023795
2489 0.643400 0.774863 0.050000 0.024405
64 0.726800 0.370043 0.023200 0.025625
85 0.715600 0.404362 0.010400 0.026541
83 0.732000 0.859976 0.038400 0.026846
66 0.271800 0.722544 0.029200 0.027151
92 0.733000 0.581452 0.019600 0.027456
83 0.271800 0.808420 0.048400 0.027456
98 0.270400 0.869128 0.060800 0.027456
85 0.650400 0.803691 0.010400 0.028371
83 0.639000 0.736730 0.034800 0.028676
2489 0.173000 0.394448 0.050800 0.028676
64 0.264200 0.364246 0.026800 0.029896
83 0.167000 0.352959 0.037200 0.029896
91 0.548000 0.358755 0.051200 0.029896
83 0.535400 0.833130 0.050000 0.031117
113 0.636200 0.282642 0.069200 0.031422
83 0.540800 0.661684 0.042400 0.031727
115 0.543800 0.698444 0.054000 0.032032
115 0.636800 0.486577 0.048800 0.032337
81 0.083400 0.374924 0.066800 0.032337
117 0.547400 0.236730 0.020400 0.032947
87 0.639400 0.403752 0.029200 0.033862
60 0.734600 0.785540 0.031600 0.034167
88 0.545000 0.628585 0.044400 0.035082
76 0.730800 0.611501 0.028800 0.035692
3203 0.738600 0.699207 0.041200 0.035998
28 0.085400 0.314216 0.048400 0.035998
96 0.269400 0.281879 0.057200 0.035998
115 0.270200 0.521812 0.056400 0.036303
96 0.545600 0.739018 0.057600 0.036913
85 0.457200 0.287065 0.013600 0.037218
28 0.360800 0.316962 0.048800 0.037218
85 0.171000 0.426632 0.010800 0.037523
58 0.635600 0.562996 0.028000 0.037523
117 0.729000 0.239170 0.023600 0.037828
111 0.546200 0.273032 0.024400 0.037828
70 0.638000 0.844417 0.045600 0.037828
88 0.276200 0.696461 0.055600 0.037828
98 0.633600 0.651007 0.063200 0.037828
96 0.640400 0.524558 0.055200 0.038133
78 0.738400 0.653142 0.030400 0.038438
4447 0.273400 0.841367 0.055600 0.038438
683 0.641600 0.683801 0.061600 0.038743
119 0.643400 0.446309 0.015600 0.039048
58 0.269000 0.600824 0.032400 0.039353
96 0.272800 0.561928 0.055200 0.039658
118 0.647000 0.343197 0.012400 0.040268
96 0.728800 0.330842 0.052800 0.041184
683 0.173400 0.291794 0.064400 0.041794
58 0.546200 0.312843 0.050800 0.042404
76 0.263000 0.242373 0.067600 0.042404
70 0.449000 0.336943 0.046800 0.043014
68 0.275000 0.771812 0.010800 0.043319
70 0.167200 0.475595 0.044800 0.043929
118 0.267000 0.321690 0.018800 0.044234
2193 0.270000 0.654820 0.042400 0.044234
3435 0.551800 0.401007 0.054000 0.044844
76 0.360600 0.378432 0.076400 0.045455
3231 0.270200 0.473459 0.056400 0.045760
68 0.758200 0.428157 0.012400 0.046065
2397 0.545600 0.532337 0.060000 0.046370
68 0.735200 0.821232 0.010400 0.046980
674 0.730200 0.744814 0.053200 0.048505
4447 0.643000 0.612416 0.044400 0.049115
58 0.542800 0.767846 0.040800 0.050031
68 0.731600 0.283252 0.012000 0.050336
2193 0.543400 0.585876 0.039600 0.051556
