246 0.460347 0.336224 0.028887 0.004254
91 0.460609 0.389725 0.019958 0.013089
128 0.697216 0.655759 0.009979 0.013743
120 0.869485 0.605694 0.013130 0.018325
120 0.780987 0.764398 0.018908 0.018325
126 0.868697 0.345877 0.031513 0.018325
359 0.459821 0.312827 0.036239 0.018325
248 0.780725 0.373364 0.040441 0.018325
501 0.441176 0.777651 0.039916 0.018652
82 0.193015 0.189627 0.046744 0.018652
91 0.870536 0.233148 0.030987 0.019961
128 0.189863 0.209751 0.011029 0.020288
91 0.868435 0.814136 0.032038 0.020288
91 0.699055 0.424247 0.033613 0.020615
88 0.784926 0.274051 0.039391 0.020615
91 0.356880 0.232003 0.035189 0.020942
56 0.189076 0.371401 0.011555 0.021597
88 0.783876 0.439463 0.038340 0.021597
91 0.271271 0.712205 0.029937 0.021924
1173 0.271796 0.647088 0.043592 0.021924
65 0.877101 0.845223 0.032563 0.022251
82 0.191702 0.342605 0.044118 0.022251
88 0.355567 0.351931 0.010504 0.022579
88 0.187500 0.393488 0.039916 0.022579
126 0.359506 0.694863 0.040441 0.022579
335 0.867122 0.377127 0.044118 0.022579
126 0.697742 0.531414 0.039391 0.022906
1173 0.697216 0.351113 0.040441 0.022906
2707 0.441439 0.838024 0.025735 0.023560
163 0.699580 0.637107 0.037815 0.023560
88 0.271796 0.444863 0.039391 0.023887
495 0.783613 0.305955 0.049370 0.024215
2678 0.442227 0.806119 0.044118 0.024542
120 0.355305 0.588678 0.020483 0.024869
552 0.425158 0.343423 0.024685 0.025196
81 0.269695 0.246564 0.038340 0.025196
28 0.446429 0.158868 0.040966 0.025196
68 0.187763 0.313318 0.040441 0.025851
28 0.443015 0.511289 0.043592 0.025851
83 0.695116 0.710079 0.029937 0.026178
251 0.441176 0.589987 0.056723 0.026178
76 0.870536 0.583279 0.018382 0.026505
120 0.186450 0.528959 0.022059 0.026505
598 0.696166 0.780923 0.050945 0.026505
88 0.610557 0.278141 0.019433 0.026832
1173 0.446429 0.236911 0.050420 0.027487
252 0.525735 0.398887 0.054622 0.027487
495 0.186975 0.241492 0.056723 0.027487
1834 0.270483 0.413449 0.046218 0.027814
1834 0.783351 0.793030 0.047794 0.027814
495 0.695903 0.682592 0.054622 0.028141
28 0.529674 0.275360 0.045693 0.028469
2752 0.356092 0.622546 0.049370 0.028469
120 0.611345 0.415085 0.017857 0.029123
76 0.784139 0.740674 0.024160 0.029123
120 0.271008 0.577552 0.019958 0.029450
4165 0.421744 0.374346 0.024160 0.029450
2707 0.871061 0.745419 0.028887 0.029450
2059 0.525998 0.316099 0.055147 0.029450
81 0.183561 0.464823 0.034139 0.029777
2395 0.697742 0.745255 0.039391 0.029777
85 0.868435 0.871728 0.015231 0.030105
120 0.697742 0.276505 0.018382 0.030105
646 0.459559 0.363874 0.029412 0.030105
710 0.356355 0.196662 0.043592 0.030105
2752 0.869748 0.636126 0.048319 0.030105
119 0.782826 0.906577 0.019433 0.030432
119 0.272584 0.511453 0.015756 0.030759
120 0.270221 0.380236 0.017332 0.030759
51 0.610032 0.353730 0.041492 0.030759
1174 0.698792 0.565445 0.048845 0.030759
28 0.105567 0.274215 0.049370 0.030759
2752 0.438025 0.668521 0.057773 0.030759
3868 0.443015 0.276996 0.047794 0.031086
76 0.271796 0.349149 0.019433 0.031414
1799 0.524685 0.511616 0.051471 0.031741
710 0.870011 0.199607 0.038340 0.032068
3936 0.271534 0.614856 0.042017 0.032068
3785 0.782563 0.671466 0.047269 0.032068
63 0.616859 0.384326 0.041492 0.032395
1174 0.272847 0.854221 0.041492 0.032395
4009 0.783088 0.406250 0.048319 0.032395
119 0.271796 0.312500 0.015231 0.032723
119 0.788340 0.703861 0.015756 0.032723
2195 0.612395 0.239202 0.045168 0.032723
2692 0.440914 0.628927 0.056197 0.032723
126 0.871324 0.711224 0.040966 0.033050
3231 0.782563 0.591132 0.047269 0.033050
2987 0.270483 0.785177 0.050420 0.033050
76 0.272321 0.546139 0.023634 0.033377
62 0.783613 0.510471 0.036765 0.033377
2428 0.610032 0.315445 0.047794 0.033377
552 0.785452 0.827716 0.036239 0.033704
4720 0.100840 0.356512 0.060924 0.033704
76 0.698792 0.244110 0.023634 0.034031
4466 0.101628 0.398233 0.056197 0.034031
126 0.272321 0.822808 0.042542 0.034359
83 0.784401 0.337696 0.015231 0.034686
117 0.700105 0.858966 0.023109 0.034686
107 0.267595 0.278796 0.025735 0.034686
3868 0.273634 0.681610 0.031513 0.034686
2987 0.697742 0.498691 0.055147 0.034686
717 0.870011 0.310864 0.059349 0.034686
4466 0.521008 0.434555 0.059874 0.034686
60 0.695116 0.903959 0.017332 0.035013
3936 0.697742 0.316918 0.042542 0.035013
4191 0.787027 0.200753 0.045693 0.035013
3223 0.102416 0.313318 0.051471 0.035013
3009 0.439601 0.707297 0.059874 0.035013
717 0.358193 0.315609 0.061975 0.035013
2346 0.272059 0.748037 0.048319 0.035340
781 0.437500 0.552683 0.061975 0.035340
4214 0.783613 0.240674 0.045168 0.035668
3208 0.188550 0.615020 0.047269 0.035668
3009 0.869485 0.672611 0.048845 0.035668
2191 0.617384 0.197971 0.045693 0.035995
2346 0.697742 0.459751 0.047794 0.035995
3052 0.784401 0.868128 0.051996 0.035995
4050 0.352679 0.863056 0.049895 0.036322
3052 0.271796 0.477912 0.054097 0.036322
2428 0.530987 0.472022 0.057773 0.036322
83 0.868435 0.413940 0.017332 0.036649
87 0.187237 0.698462 0.034139 0.036976
2428 0.186450 0.425884 0.051471 0.036976
56 0.782300 0.475131 0.022584 0.037304
2885 0.358193 0.775196 0.035714 0.037304
3136 0.698792 0.200589 0.040441 0.037304
110 0.186712 0.498364 0.041492 0.037304
3009 0.353992 0.660340 0.052521 0.037304
588 0.867384 0.272088 0.038340 0.037631
76 0.357405 0.557264 0.019433 0.037958
83 0.186450 0.273233 0.019958 0.037958
42 0.360032 0.900360 0.019433 0.038285
3136 0.354517 0.519143 0.036765 0.038285
60 0.868697 0.902487 0.016807 0.038613
3136 0.869223 0.550720 0.036765 0.038613
3136 0.782563 0.548102 0.037815 0.038613
2429 0.867384 0.457461 0.041492 0.038613
2438 0.782563 0.629908 0.045168 0.038613
1799 0.864496 0.780432 0.049370 0.038613
588 0.354779 0.273724 0.042542 0.038940
3732 0.188025 0.656250 0.049370 0.038940
2429 0.355830 0.430301 0.047794 0.039267
3936 0.444853 0.198135 0.052521 0.039594
3868 0.698792 0.388743 0.032038 0.039921
2438 0.356092 0.731675 0.048319 0.039921
2302 0.699055 0.819208 0.057773 0.040249
83 0.357143 0.814463 0.016807 0.041230
119 0.188288 0.738220 0.017332 0.042539
83 0.355830 0.385635 0.015231 0.044830
3711 0.528624 0.360929 0.058298 0.045157
68 0.869485 0.502618 0.007878 0.047120
69 0.367122 0.475458 0.028361 0.047120
2438 0.272321 0.203370 0.043592 0.047448
296 0.185662 0.566263 0.033088 0.048102
68 0.698792 0.602421 0.008929 0.051702
68 0.272847 0.895288 0.007878 0.056937
