128 0.681926 0.158859 0.015655 0.009009
60 0.115038 0.898949 0.012808 0.011111
146 0.578036 0.354204 0.018501 0.011111
128 0.787951 0.352252 0.018975 0.011411
126 0.113615 0.700000 0.030835 0.011411
88 0.111954 0.854505 0.020873 0.011712
91 0.117647 0.662462 0.023719 0.012613
115 0.116935 0.714865 0.022296 0.014114
88 0.114564 0.746547 0.022296 0.014414
96 0.115750 0.816817 0.032258 0.014414
115 0.114089 0.802102 0.023245 0.015015
188 0.255218 0.671471 0.030361 0.015015
92 0.886860 0.864715 0.040323 0.015315
1173 0.161290 0.894294 0.032258 0.015616
96 0.117647 0.731081 0.034156 0.015916
56 0.722249 0.772072 0.014706 0.016817
1871 0.112429 0.884985 0.023719 0.016817
92 0.162002 0.760360 0.025142 0.016817
101 0.573292 0.609009 0.057400 0.016817
83 0.111243 0.868919 0.027989 0.017117
92 0.784867 0.574625 0.037476 0.017117
56 0.891603 0.141441 0.020398 0.017417
120 0.779886 0.436336 0.021822 0.017417
120 0.161053 0.831982 0.017552 0.017718
83 0.110769 0.785135 0.025142 0.017718
91 0.161290 0.714565 0.028463 0.017718
132 0.792457 0.247297 0.026091 0.018318
57 0.366698 0.548799 0.034156 0.018318
91 0.891129 0.748498 0.037476 0.018318
57 0.471774 0.289640 0.038425 0.018318
66 0.718454 0.789790 0.017552 0.018619
57 0.576850 0.699399 0.028463 0.018619
113 0.784393 0.228829 0.045066 0.018619
120 0.789848 0.291742 0.016129 0.018919
91 0.678131 0.268318 0.041271 0.018919
56 0.783207 0.338288 0.048387 0.018919
68 0.470351 0.248048 0.019450 0.019219
91 0.472723 0.314414 0.033681 0.019219
81 0.574241 0.653453 0.042220 0.019219
91 0.164374 0.670270 0.023245 0.019820
52 0.783681 0.766066 0.037002 0.019820
499 0.679317 0.407508 0.047438 0.019820
132 0.898008 0.607658 0.021822 0.020120
330 0.112666 0.766216 0.024194 0.020120
485 0.113615 0.835586 0.027989 0.020120
57 0.470588 0.561712 0.033207 0.020120
83 0.883539 0.584835 0.036528 0.020120
547 0.463472 0.228378 0.052182 0.020120
56 0.469639 0.444745 0.024668 0.020420
101 0.161765 0.882282 0.037951 0.020420
84 0.466319 0.155255 0.044592 0.020420
101 0.681452 0.755556 0.054554 0.020420
83 0.780835 0.393544 0.031309 0.020721
55 0.674573 0.204655 0.050285 0.020721
56 0.779886 0.456907 0.051233 0.020721
111 0.677657 0.494895 0.027989 0.021021
83 0.672676 0.601502 0.034156 0.021021
88 0.783918 0.311712 0.041271 0.021021
84 0.678605 0.118018 0.044118 0.021021
101 0.680266 0.251351 0.055977 0.021021
127 0.687144 0.449249 0.065939 0.021021
172 0.893738 0.625976 0.018975 0.021321
81 0.615512 0.343694 0.027040 0.021321
68 0.615987 0.322372 0.027989 0.021321
1928 0.167457 0.645796 0.034156 0.021321
95 0.465607 0.204354 0.053605 0.021321
56 0.577087 0.560961 0.024194 0.021622
118 0.789611 0.739940 0.025142 0.021622
92 0.144213 0.296997 0.039848 0.021622
52 0.677657 0.143544 0.043169 0.021622
1995 0.117884 0.643994 0.028937 0.021922
91 0.890180 0.889940 0.033681 0.021922
52 0.358871 0.428979 0.040323 0.021922
56 0.358159 0.293093 0.019924 0.022222
56 0.572343 0.227628 0.023245 0.022222
91 0.253321 0.887988 0.038899 0.022222
553 0.783444 0.271171 0.051708 0.022222
56 0.145636 0.522673 0.018975 0.022523
2193 0.116698 0.681532 0.020873 0.022523
132 0.684298 0.886036 0.024194 0.022523
91 0.676471 0.320871 0.041746 0.022523
55 0.571869 0.404655 0.047913 0.022523
76 0.460152 0.269069 0.030361 0.022823
118 0.785816 0.478679 0.031784 0.022823
88 0.784393 0.663363 0.032732 0.022823
57 0.254744 0.795796 0.033207 0.022823
127 0.579696 0.501502 0.065465 0.022823
76 0.248340 0.481532 0.035579 0.023123
88 0.675996 0.472823 0.042694 0.023123
166 0.165085 0.610210 0.017078 0.023423
56 0.162002 0.739640 0.017552 0.023423
76 0.784156 0.717417 0.030361 0.023423
57 0.150617 0.384384 0.032732 0.023423
88 0.569734 0.174775 0.033207 0.023423
72 0.677182 0.666366 0.035579 0.023423
132 0.259013 0.642793 0.025617 0.023724
117 0.571157 0.307357 0.033207 0.023724
91 0.145161 0.407958 0.038899 0.023724
91 0.463472 0.498649 0.039848 0.023724
76 0.158918 0.811111 0.020873 0.024024
135 0.579222 0.376727 0.022770 0.024324
76 0.887571 0.445495 0.032258 0.024324
1341 0.885436 0.813363 0.043169 0.024324
101 0.144687 0.360811 0.055028 0.024324
68 0.678368 0.578979 0.011385 0.024625
66 0.570683 0.477177 0.029412 0.024625
124 0.782258 0.415315 0.042694 0.024625
57 0.258776 0.288739 0.034630 0.024925
83 0.460389 0.786937 0.038425 0.024925
1435 0.465133 0.181231 0.045066 0.024925
91 0.570920 0.791141 0.045066 0.024925
109 0.469165 0.422072 0.047438 0.024925
107 0.161528 0.693093 0.015655 0.025225
56 0.146110 0.157958 0.019924 0.025225
117 0.673150 0.175976 0.028463 0.025225
81 0.783207 0.370571 0.041746 0.025225
69 0.791983 0.206757 0.034630 0.025526
58 0.159630 0.782883 0.022296 0.025826
110 0.676233 0.227928 0.036528 0.025826
84 0.892315 0.372072 0.046490 0.025826
127 0.573292 0.149550 0.050759 0.025826
117 0.575190 0.203453 0.024194 0.026126
74 0.677894 0.522973 0.032258 0.026126
113 0.675285 0.861712 0.053605 0.026126
1579 0.158918 0.858859 0.028463 0.026426
254 0.679080 0.348048 0.040323 0.026426
60 0.255693 0.853754 0.022770 0.027027
45 0.692125 0.789489 0.027514 0.027027
76 0.569734 0.676577 0.028463 0.027027
118 0.572581 0.252252 0.037002 0.027027
91 0.889943 0.471171 0.038899 0.027027
254 0.886622 0.654655 0.043643 0.027027
119 0.146822 0.547598 0.022296 0.027327
132 0.257116 0.692643 0.023719 0.027327
81 0.891129 0.309159 0.040323 0.027327
66 0.886860 0.498498 0.029886 0.027628
74 0.889706 0.529129 0.033681 0.027628
81 0.782021 0.789790 0.040323 0.027628
68 0.888757 0.118919 0.046015 0.027628
113 0.461575 0.630030 0.051233 0.027628
68 0.471537 0.468919 0.008539 0.027928
68 0.785816 0.691742 0.041271 0.027928
88 0.460863 0.688138 0.046015 0.027928
74 0.681452 0.806006 0.026091 0.028228
74 0.780123 0.819820 0.032732 0.028228
104 0.572818 0.122523 0.040323 0.028228
1173 0.249051 0.126727 0.043643 0.028228
68 0.359583 0.318468 0.010436 0.028529
119 0.682400 0.834384 0.024194 0.028529
81 0.357211 0.154805 0.045541 0.028529
113 0.247628 0.615766 0.050285 0.028529
1579 0.678131 0.295195 0.043169 0.028829
90 0.571632 0.586186 0.045541 0.028829
85 0.360057 0.395946 0.022770 0.029129
111 0.889469 0.164715 0.030361 0.029129
117 0.249526 0.512162 0.036053 0.029129
1871 0.250474 0.825676 0.038899 0.029129
2471 0.789137 0.150901 0.042220 0.029129
3039 0.784630 0.639489 0.052182 0.029129
85 0.356736 0.769970 0.027514 0.029429
45 0.584440 0.343544 0.033207 0.029429
53 0.570683 0.280631 0.018975 0.029730
111 0.463472 0.883333 0.028463 0.029730
485 0.570920 0.727177 0.043169 0.029730
53 0.356736 0.740090 0.019924 0.030330
120 0.463235 0.659009 0.024194 0.030330
53 0.680740 0.551351 0.020873 0.030631
62 0.360531 0.226426 0.043643 0.030631
109 0.360294 0.264865 0.044118 0.030631
1795 0.889231 0.683483 0.050759 0.030631
571 0.571632 0.760360 0.051233 0.030631
680 0.886622 0.199850 0.039848 0.030931
52 0.356973 0.805856 0.040323 0.030931
55 0.353416 0.125075 0.047438 0.030931
64 0.572581 0.628378 0.047438 0.030931
2489 0.889469 0.340090 0.055028 0.030931
87 0.679791 0.697598 0.036053 0.031231
98 0.356973 0.455556 0.045066 0.031231
91 0.356973 0.524024 0.045066 0.031231
68 0.888757 0.841291 0.027989 0.031532
33 0.784630 0.180631 0.050285 0.031532
68 0.887571 0.558859 0.018027 0.031832
108 0.890417 0.279580 0.019924 0.031832
91 0.571632 0.881682 0.036053 0.031832
121 0.254507 0.764565 0.064042 0.031832
66 0.140417 0.577327 0.031309 0.032132
72 0.678131 0.729279 0.036528 0.032132
322 0.783444 0.507057 0.059298 0.032132
6 0.783918 0.851652 0.046964 0.032432
77 0.151091 0.129129 0.048861 0.032432
2727 0.889943 0.718468 0.042694 0.032733
4260 0.249763 0.168318 0.048861 0.032733
2489 0.248102 0.210661 0.055977 0.032733
119 0.252372 0.584985 0.021822 0.033033
81 0.360294 0.837988 0.042220 0.033333
90 0.143027 0.331982 0.046015 0.033333
2831 0.782970 0.122372 0.054554 0.033333
117 0.465133 0.720420 0.022296 0.033634
81 0.574004 0.533183 0.047438 0.033934
33 0.783444 0.604054 0.049810 0.033934
55 0.250474 0.731381 0.053131 0.033934
77 0.362429 0.672973 0.039848 0.034234
1375 0.251186 0.323724 0.054554 0.034234
1375 0.462761 0.530631 0.060247 0.034234
81 0.358159 0.193844 0.042694 0.034535
981 0.790323 0.883934 0.045541 0.034535
118 0.361717 0.707508 0.031784 0.034835
296 0.466556 0.127628 0.034630 0.034835
111 0.359820 0.490841 0.024194 0.035135
118 0.142078 0.188138 0.032732 0.035135
3712 0.891603 0.782733 0.050759 0.035135
1560 0.679080 0.382432 0.054554 0.035135
1197 0.250712 0.251952 0.053605 0.035435
83 0.356025 0.872973 0.026091 0.036637
81 0.465133 0.755856 0.043169 0.037237
72 0.250237 0.451201 0.042220 0.037538
64 0.249763 0.549550 0.045066 0.037838
562 0.464658 0.385886 0.053605 0.037838
2727 0.681214 0.635435 0.040797 0.038438
1484 0.463235 0.347598 0.043169 0.038739
3231 0.144687 0.231532 0.050285 0.039039
126 0.254032 0.364565 0.040323 0.039640
2255 0.359583 0.585736 0.048387 0.039940
60 0.154649 0.266066 0.030361 0.040240
3735 0.255455 0.412162 0.039374 0.040541
3901 0.886385 0.413063 0.048861 0.040541
93 0.148482 0.490691 0.037002 0.041441
92 0.460152 0.595195 0.031309 0.042042
1297 0.785816 0.544895 0.050759 0.042342
1375 0.359583 0.360210 0.052182 0.042342
1375 0.140655 0.448498 0.052657 0.042943
2971 0.566414 0.831381 0.042694 0.044144
1297 0.888994 0.239189 0.050285 0.044144
3665 0.356499 0.628078 0.038425 0.044745
2661 0.571869 0.442492 0.056452 0.044745
2899 0.462049 0.835586 0.048387 0.058559
