246 0.856880 0.352875 0.036239 0.004199
246 0.173845 0.162952 0.044118 0.005491
246 0.599790 0.270349 0.037815 0.005814
246 0.601366 0.464793 0.042017 0.007752
92 0.443540 0.910368 0.034139 0.012597
102 0.355042 0.716570 0.046218 0.015181
102 0.099527 0.776001 0.040441 0.017119
297 0.260504 0.439438 0.047269 0.017119
93 0.775473 0.463178 0.041492 0.018088
126 0.431197 0.628230 0.038866 0.018734
119 0.535452 0.846576 0.013130 0.019380
302 0.600053 0.342216 0.038340 0.019703
91 0.690914 0.698320 0.028887 0.020026
88 0.429097 0.281331 0.036765 0.020026
88 0.097164 0.563307 0.042017 0.020026
91 0.183561 0.887112 0.028887 0.020349
84 0.513130 0.350291 0.033613 0.020349
91 0.174632 0.328650 0.034139 0.020995
93 0.188025 0.908753 0.039916 0.020995
126 0.091912 0.375323 0.035714 0.021318
83 0.095851 0.800711 0.024685 0.021964
126 0.772584 0.528585 0.035714 0.022287
126 0.346376 0.628068 0.038340 0.022287
88 0.608193 0.710433 0.040966 0.022287
56 0.441439 0.885497 0.042542 0.022287
51 0.524160 0.875969 0.037815 0.022610
4034 0.433824 0.697674 0.038866 0.022610
495 0.684874 0.361757 0.051471 0.022610
128 0.513918 0.372255 0.012080 0.022933
51 0.098739 0.879683 0.031513 0.022933
126 0.175945 0.404877 0.037815 0.022933
42 0.341387 0.517442 0.011555 0.023256
88 0.685137 0.330749 0.017332 0.023256
120 0.687237 0.472222 0.019433 0.023256
111 0.599265 0.439599 0.023109 0.023256
126 0.094275 0.636305 0.033088 0.023256
1006 0.691439 0.726744 0.047794 0.023256
64 0.178309 0.552487 0.016282 0.023579
111 0.440389 0.857074 0.022584 0.023579
126 0.520483 0.710917 0.033613 0.023902
84 0.437237 0.762435 0.033088 0.024225
81 0.180410 0.706395 0.035189 0.024548
648 0.855042 0.416990 0.040966 0.024548
126 0.511817 0.250161 0.036239 0.024871
252 0.092437 0.307009 0.043067 0.024871
108 0.091912 0.443152 0.014706 0.025194
117 0.180410 0.619832 0.015231 0.025194
111 0.602679 0.637274 0.023634 0.025194
81 0.686187 0.585110 0.037290 0.025517
598 0.346113 0.660691 0.042017 0.025517
28 0.855567 0.175065 0.039916 0.025840
111 0.343225 0.448482 0.025735 0.026163
115 0.512605 0.322190 0.035714 0.026163
28 0.259979 0.286660 0.042017 0.026163
62 0.430147 0.344961 0.030462 0.026486
93 0.600840 0.240633 0.036765 0.026486
109 0.775998 0.561370 0.037290 0.026486
4402 0.768645 0.364018 0.039391 0.026486
81 0.513655 0.479167 0.036765 0.026809
60 0.182511 0.856912 0.015231 0.027132
83 0.341124 0.415052 0.028887 0.027132
99 0.611345 0.903101 0.046218 0.027132
60 0.178309 0.646156 0.013130 0.027455
120 0.342962 0.208818 0.022059 0.027455
680 0.510504 0.284076 0.031513 0.027455
2542 0.176208 0.251776 0.039391 0.027455
3157 0.259454 0.407461 0.044118 0.027455
85 0.343225 0.386143 0.013130 0.028101
1894 0.858718 0.382590 0.044118 0.028101
98 0.347426 0.689115 0.045693 0.028101
119 0.604517 0.603036 0.015756 0.028424
91 0.768645 0.289083 0.048845 0.028424
979 0.857931 0.289083 0.049895 0.028424
121 0.441176 0.828973 0.049370 0.028747
87 0.343750 0.291667 0.033088 0.029070
84 0.181985 0.679587 0.034139 0.029070
2677 0.263655 0.644541 0.033613 0.029393
63 0.530725 0.902939 0.040441 0.029393
2590 0.765756 0.209302 0.031513 0.030362
2677 0.853466 0.209302 0.036765 0.030362
366 0.436187 0.798773 0.041492 0.030362
118 0.099002 0.747578 0.009979 0.030685
87 0.094538 0.716247 0.028361 0.030685
99 0.515494 0.508075 0.044643 0.031008
66 0.689863 0.556363 0.020483 0.031331
1723 0.511555 0.443960 0.045168 0.031331
2707 0.430410 0.211240 0.028887 0.031654
629 0.094538 0.407946 0.035714 0.031654
717 0.601891 0.369186 0.056723 0.031654
3322 0.347164 0.592862 0.032563 0.031977
2677 0.172006 0.211402 0.036239 0.031977
1799 0.427521 0.249193 0.040966 0.031977
3025 0.265494 0.592539 0.054097 0.031977
117 0.605042 0.572674 0.012605 0.032300
56 0.429097 0.314599 0.021008 0.032300
3231 0.515494 0.405362 0.045693 0.032300
368 0.602153 0.405039 0.054097 0.032300
118 0.600578 0.211079 0.029937 0.032623
979 0.433298 0.595769 0.038866 0.032623
58 0.777048 0.596253 0.025735 0.032946
63 0.107931 0.907300 0.037290 0.032946
68 0.611870 0.869994 0.036765 0.033269
1174 0.345326 0.485304 0.043592 0.033269
4466 0.088761 0.341570 0.044118 0.033269
87 0.768645 0.397933 0.026786 0.033592
883 0.770221 0.323966 0.035189 0.033592
552 0.431985 0.419251 0.039391 0.033592
2346 0.521534 0.674742 0.047269 0.033592
3052 0.525473 0.822028 0.051996 0.033592
68 0.523109 0.740149 0.008403 0.033915
83 0.782038 0.896802 0.017857 0.033915
78 0.183036 0.739826 0.029937 0.033915
2346 0.781250 0.814761 0.045693 0.033915
3052 0.684874 0.436531 0.048319 0.033915
107 0.433561 0.732235 0.022584 0.034238
577 0.601891 0.539406 0.044118 0.034238
2987 0.174895 0.366602 0.054622 0.034238
88 0.176733 0.476098 0.014181 0.034884
2193 0.175683 0.441214 0.033088 0.034884
121 0.771796 0.432171 0.035189 0.034884
90 0.181460 0.581718 0.035189 0.034884
2346 0.434349 0.662468 0.047269 0.034884
2685 0.261292 0.371447 0.048845 0.034884
4458 0.172794 0.292474 0.047269 0.035207
83 0.517332 0.591408 0.016807 0.035530
3747 0.854254 0.251130 0.036239 0.035853
107 0.687237 0.615956 0.020483 0.036176
87 0.696954 0.897933 0.033613 0.036176
4458 0.258403 0.516796 0.058824 0.036176
83 0.429884 0.376453 0.013130 0.036499
83 0.180935 0.775032 0.014181 0.036499
3136 0.610032 0.829942 0.037290 0.036499
2267 0.609244 0.744509 0.046218 0.036822
4722 0.265231 0.756460 0.048319 0.036822
3747 0.431985 0.555717 0.034139 0.037145
1891 0.681197 0.211725 0.036765 0.037145
83 0.520746 0.776486 0.016282 0.037468
1831 0.342700 0.347222 0.039391 0.037468
2685 0.513655 0.212209 0.040966 0.037468
3684 0.681197 0.294574 0.046218 0.037468
613 0.695116 0.807817 0.050945 0.037468
83 0.684874 0.395187 0.014706 0.037791
4163 0.259716 0.474322 0.042542 0.037791
3074 0.680410 0.255006 0.046744 0.037791
4722 0.342174 0.553941 0.038340 0.038114
1237 0.779412 0.682817 0.033613 0.038760
2959 0.095588 0.527455 0.040966 0.038760
296 0.341912 0.251776 0.027311 0.039083
2193 0.607143 0.675065 0.033613 0.039406
975 0.601366 0.497739 0.044118 0.039406
83 0.177258 0.513404 0.014181 0.039729
83 0.089548 0.269864 0.015231 0.039729
4165 0.426996 0.458172 0.034664 0.039729
1969 0.767332 0.250807 0.036765 0.039729
3500 0.182248 0.821544 0.039916 0.039729
2685 0.774947 0.494509 0.039391 0.040052
2438 0.775473 0.639212 0.047794 0.040052
3698 0.776261 0.774386 0.044118 0.040375
646 0.597426 0.304587 0.041492 0.040698
3698 0.518645 0.633075 0.042542 0.040698
68 0.608718 0.784884 0.007353 0.041344
3459 0.095326 0.482558 0.041492 0.041344
68 0.782038 0.855782 0.008403 0.041667
1270 0.093750 0.601421 0.039391 0.041990
4371 0.263655 0.699612 0.048319 0.041990
68 0.693277 0.762112 0.006303 0.042313
296 0.685662 0.512597 0.029937 0.042636
3459 0.102416 0.838824 0.038866 0.042636
3327 0.688550 0.661822 0.043067 0.043282
1778 0.097689 0.675711 0.043067 0.043282
1969 0.695903 0.851906 0.036765 0.044251
3500 0.260504 0.329619 0.049370 0.044251
68 0.779937 0.725775 0.008403 0.045866
68 0.339286 0.300549 0.042017 0.046189
68 0.516807 0.545704 0.009454 0.046835
68 0.429622 0.506137 0.008403 0.050388
68 0.352679 0.749516 0.005777 0.051357
68 0.092700 0.223030 0.008929 0.053941
