101 0.257752 0.307030 0.027837 0.005743
120 0.746476 0.261888 0.008809 0.007351
55 0.255462 0.205261 0.022551 0.008500
120 0.182347 0.259936 0.010218 0.009419
173 0.800211 0.230531 0.018323 0.009419
55 0.902396 0.204801 0.023961 0.009419
60 0.902572 0.217896 0.013037 0.009878
91 0.361698 0.269584 0.018675 0.009878
91 0.289112 0.225706 0.020085 0.009878
120 0.415610 0.254997 0.012333 0.010108
60 0.254933 0.216173 0.014447 0.010108
110 0.688689 0.202963 0.018675 0.010338
91 0.446617 0.215254 0.019380 0.011027
55 0.745067 0.220308 0.024313 0.011027
102 0.418428 0.265564 0.027837 0.011027
1810 0.289817 0.239490 0.010218 0.011716
64 0.360994 0.234666 0.012333 0.011716
98 0.332629 0.237652 0.019732 0.011716
109 0.544926 0.262233 0.022903 0.011716
126 0.639887 0.240983 0.019732 0.011946
91 0.641825 0.179876 0.022199 0.011946
88 0.906096 0.375373 0.022903 0.011946
1810 0.905920 0.312773 0.014094 0.012176
127 0.643235 0.275327 0.027132 0.012176
109 0.290521 0.257409 0.020085 0.012635
189 0.332805 0.251551 0.012333 0.012865
126 0.797569 0.199632 0.021494 0.012865
126 0.745772 0.298415 0.024313 0.012865
126 0.745067 0.205031 0.021494 0.013094
88 0.592847 0.214909 0.022199 0.013094
51 0.182347 0.248449 0.020789 0.013554
1262 0.852537 0.201815 0.023608 0.013554
70 0.255285 0.251206 0.011628 0.014013
3553 0.692741 0.284746 0.016913 0.014473
118 0.216702 0.209626 0.023961 0.014473
88 0.219697 0.283942 0.007400 0.014703
85 0.527132 0.271767 0.009866 0.014703
66 0.746829 0.234321 0.012333 0.014703
88 0.167900 0.304158 0.022199 0.014703
76 0.770261 0.333908 0.012685 0.014932
596 0.797921 0.181829 0.018675 0.014932
117 0.450493 0.180450 0.010923 0.015392
76 0.591438 0.177923 0.022903 0.015392
126 0.543517 0.220652 0.022903 0.015392
107 0.769027 0.349414 0.011628 0.015621
88 0.335447 0.274064 0.018323 0.015621
72 0.798626 0.245578 0.022199 0.015621
126 0.802149 0.298874 0.023608 0.015621
91 0.904686 0.246726 0.027132 0.015621
683 0.358527 0.180565 0.030655 0.015621
93 0.219345 0.224788 0.015856 0.015851
51 0.798626 0.217666 0.017970 0.015851
979 0.802326 0.263382 0.026779 0.015851
111 0.341261 0.290260 0.020789 0.016311
87 0.415786 0.241672 0.014094 0.016540
870 0.221811 0.266253 0.021494 0.016540
109 0.747181 0.249943 0.022903 0.016540
3022 0.907858 0.355847 0.027837 0.016540
119 0.255285 0.230531 0.010923 0.016770
92 0.495948 0.217207 0.012333 0.016770
119 0.903629 0.230990 0.012333 0.016770
253 0.801621 0.281300 0.016913 0.017229
51 0.496653 0.180680 0.018675 0.017229
3735 0.254757 0.290949 0.022551 0.017229
721 0.851656 0.316219 0.022551 0.017229
1750 0.639359 0.258328 0.027132 0.017229
978 0.852185 0.184126 0.028541 0.017229
2233 0.542107 0.203768 0.024313 0.017459
95 0.769556 0.365955 0.026779 0.017459
1174 0.853594 0.271881 0.020789 0.017689
1818 0.693622 0.266827 0.021494 0.017689
3050 0.803206 0.317367 0.023608 0.017689
119 0.449084 0.197220 0.010923 0.018148
111 0.221811 0.300368 0.014447 0.018148
92 0.904863 0.293820 0.015504 0.018378
2885 0.291050 0.184470 0.021142 0.018378
333 0.495419 0.262003 0.023961 0.018608
2621 0.219345 0.246152 0.026427 0.018608
2531 0.692389 0.246382 0.026779 0.018608
2400 0.640768 0.198599 0.019380 0.019067
814 0.803206 0.336664 0.022903 0.019067
121 0.493305 0.198828 0.026779 0.019067
68 0.363636 0.250172 0.005638 0.019297
110 0.591085 0.196531 0.020789 0.019527
1799 0.745772 0.279233 0.018675 0.019986
85 0.255638 0.270733 0.020085 0.019986
1894 0.906448 0.333218 0.020789 0.019986
122 0.360641 0.218355 0.022199 0.019986
2795 0.495595 0.239720 0.025722 0.019986
76 0.217407 0.192281 0.014094 0.020216
4100 0.446089 0.233402 0.015504 0.020216
678 0.543517 0.181943 0.028541 0.020216
111 0.358527 0.197680 0.010923 0.020446
85 0.853946 0.360326 0.021494 0.020446
4440 0.451198 0.253733 0.027132 0.020446
4646 0.690275 0.223869 0.019732 0.020905
505 0.590733 0.234666 0.022903 0.020905
2621 0.640592 0.220767 0.025370 0.021135
2643 0.744362 0.185160 0.026427 0.021135
3553 0.902220 0.185504 0.022199 0.021365
1169 0.853594 0.247186 0.028541 0.022054
113 0.168076 0.323570 0.025370 0.022283
1111 0.691156 0.186193 0.021494 0.022743
753 0.855004 0.335745 0.028541 0.022743
1111 0.543517 0.242132 0.018675 0.022973
3899 0.852008 0.222605 0.025370 0.022973
969 0.290874 0.206180 0.022199 0.023202
2804 0.589323 0.258442 0.022903 0.023892
296 0.903982 0.266942 0.022903 0.024810
68 0.292988 0.276246 0.005990 0.025040
1376 0.853242 0.294395 0.020085 0.025959
296 0.183404 0.279003 0.017970 0.026419
68 0.418076 0.284746 0.005990 0.030554
