52 0.583559 0.384773 0.043051 0.010909
101 0.078136 0.885227 0.051186 0.010909
92 0.516441 0.352159 0.025424 0.011136
92 0.586780 0.723636 0.031186 0.012273
52 0.655763 0.899091 0.057966 0.012727
52 0.236610 0.246023 0.046780 0.012955
52 0.233220 0.526364 0.047458 0.013182
52 0.032542 0.260114 0.021017 0.013409
92 0.234746 0.413295 0.029492 0.013864
64 0.651525 0.567841 0.016271 0.014318
92 0.028305 0.514318 0.026780 0.014545
92 0.161356 0.588977 0.029153 0.014773
418 0.153898 0.793864 0.010169 0.015000
52 0.440508 0.609659 0.041017 0.016136
64 0.165763 0.500909 0.020339 0.016364
52 0.020000 0.781477 0.026441 0.018409
101 0.368983 0.421023 0.066780 0.018409
27 0.761695 0.289773 0.048814 0.019545
418 0.443898 0.922159 0.024746 0.019773
52 0.657797 0.201705 0.034915 0.019773
52 0.507966 0.530114 0.041695 0.020227
56 0.303729 0.580455 0.014237 0.020455
418 0.085763 0.861591 0.010169 0.021364
66 0.091017 0.754318 0.019322 0.021818
88 0.657458 0.919545 0.025424 0.021818
57 0.456610 0.803182 0.035254 0.021818
81 0.656441 0.678636 0.050508 0.021818
66 0.660678 0.349659 0.022373 0.022045
98 0.021356 0.799886 0.034576 0.022045
418 0.154915 0.890227 0.014915 0.022273
64 0.585254 0.358409 0.020000 0.022727
101 0.160678 0.625227 0.061695 0.022727
56 0.449831 0.318068 0.012881 0.022955
418 0.374915 0.390455 0.009492 0.023182
297 0.754746 0.445909 0.051864 0.023636
119 0.448983 0.904318 0.020000 0.024091
683 0.162542 0.917500 0.063390 0.024091
117 0.031695 0.381932 0.014576 0.024318
55 0.512881 0.765455 0.034576 0.024545
418 0.652203 0.824091 0.018305 0.025000
66 0.444576 0.450682 0.020678 0.025000
83 0.162881 0.813295 0.038305 0.025227
81 0.296610 0.641250 0.047458 0.025227
88 0.513729 0.647045 0.023390 0.025455
88 0.158983 0.774432 0.042034 0.025682
495 0.442034 0.752045 0.073898 0.025909
107 0.299831 0.603636 0.014576 0.026818
547 0.147966 0.834545 0.020000 0.026818
547 0.433051 0.381250 0.022712 0.027045
547 0.287627 0.700227 0.024068 0.027273
113 0.096780 0.269318 0.058644 0.027273
107 0.165085 0.270455 0.016949 0.027727
113 0.442542 0.777500 0.058644 0.027727
418 0.295254 0.763864 0.018983 0.028182
83 0.586949 0.273409 0.030847 0.028182
88 0.445085 0.527273 0.019661 0.028636
418 0.371017 0.600000 0.018644 0.029091
51 0.657119 0.646250 0.042373 0.029318
117 0.161186 0.640682 0.015254 0.029545
111 0.301356 0.294318 0.022373 0.029545
92 0.087288 0.911364 0.023390 0.029545
93 0.374407 0.451591 0.028814 0.029545
51 0.088983 0.680455 0.038983 0.029545
88 0.377797 0.275227 0.048475 0.029545
99 0.094407 0.537614 0.074237 0.029773
119 0.659831 0.226818 0.018644 0.030000
99 0.101864 0.391136 0.060678 0.030000
58 0.583898 0.816705 0.022034 0.030227
85 0.022373 0.719773 0.010169 0.030455
57 0.243220 0.350909 0.031525 0.030455
76 0.102034 0.425000 0.027797 0.030909
1083 0.442712 0.679659 0.034576 0.031136
83 0.227627 0.781250 0.034915 0.031136
118 0.095254 0.564886 0.016271 0.031591
88 0.165254 0.348182 0.028814 0.031818
88 0.234746 0.384318 0.046441 0.031818
51 0.094746 0.505682 0.042373 0.032273
98 0.519153 0.275114 0.036949 0.032500
120 0.235254 0.312955 0.024407 0.032727
54 0.379492 0.307500 0.027458 0.032727
51 0.372034 0.488068 0.038983 0.033409
70 0.238305 0.280000 0.035254 0.033636
552 0.587797 0.686136 0.035932 0.033636
68 0.384407 0.525795 0.006102 0.033864
2677 0.232712 0.595568 0.026780 0.033864
111 0.443559 0.715114 0.033559 0.033864
81 0.587458 0.751932 0.039322 0.033864
111 0.442712 0.872159 0.016949 0.034318
85 0.515932 0.792159 0.017627 0.034318
60 0.157288 0.561932 0.027797 0.034318
60 0.511356 0.382614 0.034915 0.034318
117 0.032373 0.290455 0.020678 0.034545
58 0.233559 0.674545 0.026441 0.034545
83 0.579661 0.461364 0.035932 0.034545
113 0.230847 0.637273 0.061695 0.034545
119 0.511864 0.558977 0.020339 0.034773
370 0.651356 0.747614 0.045763 0.035227
68 0.661017 0.380000 0.005424 0.035455
126 0.170678 0.432727 0.047119 0.035455
58 0.102373 0.305341 0.027797 0.035682
58 0.514915 0.461932 0.041356 0.035682
68 0.242881 0.748409 0.009153 0.035909
4132 0.511017 0.609318 0.041017 0.035909
2555 0.028136 0.688409 0.041356 0.035909
92 0.516610 0.873864 0.042712 0.035909
126 0.238305 0.554773 0.047458 0.035909
91 0.094237 0.468750 0.044068 0.036136
111 0.588305 0.498636 0.038305 0.037273
88 0.230847 0.710227 0.043390 0.037273
81 0.302881 0.551477 0.043051 0.037500
60 0.156441 0.676364 0.020000 0.037727
107 0.445085 0.490000 0.044746 0.037727
88 0.089661 0.833182 0.047119 0.037727
83 0.086102 0.644432 0.042712 0.037955
4597 0.660508 0.266932 0.052542 0.037955
111 0.023559 0.752500 0.022034 0.038182
60 0.656780 0.703864 0.024746 0.038182
83 0.083220 0.794773 0.038305 0.038182
83 0.441017 0.838750 0.023729 0.038409
1831 0.032203 0.479659 0.033220 0.038409
70 0.507797 0.682614 0.033898 0.038409
68 0.447458 0.354205 0.007458 0.038864
68 0.237458 0.862614 0.011186 0.038864
70 0.164576 0.473636 0.037627 0.039091
88 0.092034 0.599659 0.021356 0.039318
77 0.522373 0.420682 0.050847 0.039545
118 0.451525 0.282614 0.025763 0.039773
60 0.371525 0.558182 0.016949 0.040000
117 0.659492 0.461705 0.018644 0.040227
278 0.307966 0.412159 0.026102 0.040227
108 0.656102 0.423750 0.045763 0.040227
63 0.100000 0.723750 0.050847 0.040227
127 0.522712 0.310341 0.050169 0.040682
88 0.585254 0.420227 0.010508 0.040909
83 0.511017 0.503864 0.023390 0.040909
653 0.027797 0.549773 0.029831 0.040909
76 0.233220 0.492500 0.039322 0.040909
4590 0.306780 0.260000 0.055593 0.040909
76 0.232203 0.910455 0.037288 0.041364
111 0.588136 0.314432 0.021695 0.041591
710 0.302373 0.370114 0.042712 0.041591
119 0.300000 0.677273 0.016949 0.041818
70 0.651356 0.540682 0.034915 0.041818
642 0.752712 0.400795 0.046441 0.042045
119 0.655763 0.499773 0.020000 0.042273
108 0.579831 0.785000 0.062712 0.042727
83 0.095593 0.351591 0.023051 0.043182
126 0.515254 0.723977 0.045424 0.043409
119 0.658814 0.786023 0.024068 0.043864
77 0.242034 0.821364 0.050169 0.044091
76 0.238475 0.204091 0.040339 0.044545
68 0.170339 0.536818 0.009153 0.045455
1083 0.582881 0.545455 0.028814 0.045455
76 0.440847 0.567500 0.036949 0.045455
648 0.582203 0.634659 0.022034 0.046136
278 0.757288 0.635114 0.046102 0.046136
68 0.532203 0.910682 0.009492 0.046364
4082 0.375085 0.350682 0.039661 0.046364
2489 0.755932 0.587045 0.061695 0.046364
76 0.655424 0.862614 0.044407 0.046591
648 0.580339 0.906705 0.030508 0.047500
119 0.168305 0.309318 0.015932 0.048636
119 0.580678 0.856818 0.020339 0.049545
126 0.586271 0.592727 0.053898 0.049545
1788 0.027288 0.646250 0.036949 0.049773
70 0.169492 0.388409 0.022373 0.050455
111 0.444576 0.634091 0.032203 0.050455
68 0.655763 0.601477 0.010508 0.050682
60 0.299661 0.507045 0.027797 0.050909
68 0.515254 0.840795 0.010847 0.052500
2913 0.757797 0.345455 0.052542 0.053182
3587 0.028136 0.598409 0.031186 0.054545
2429 0.309831 0.209545 0.044068 0.056818
68 0.031695 0.425682 0.008475 0.058182
47 0.033390 0.336364 0.026102 0.060455
68 0.171864 0.861364 0.008814 0.061818
68 0.311525 0.728409 0.016949 0.062273
68 0.459322 0.409432 0.012203 0.064318
2438 0.751017 0.528523 0.055254 0.067045
47 0.161864 0.719886 0.036271 0.067500
4119 0.752881 0.698409 0.060339 0.077273
