128 0.831571 0.834008 0.010048 0.006073
88 0.840825 0.511471 0.011634 0.006073
128 0.684030 0.838394 0.013221 0.006073
128 0.552618 0.837551 0.009519 0.006410
128 0.258593 0.842105 0.013749 0.006748
246 0.117134 0.470310 0.033316 0.006748
128 0.116341 0.848347 0.010576 0.007085
128 0.365680 0.837888 0.016393 0.007085
128 0.188525 0.842105 0.014278 0.007422
128 0.476732 0.836032 0.017451 0.007422
128 0.751190 0.836201 0.012163 0.007760
108 0.381809 0.734143 0.012692 0.009447
128 0.317557 0.842105 0.016393 0.009447
92 0.181650 0.446862 0.028027 0.009784
92 0.305923 0.431005 0.030143 0.009784
246 0.180592 0.491903 0.038604 0.010796
56 0.181914 0.369433 0.010576 0.012146
56 0.245108 0.376181 0.014278 0.014170
81 0.184030 0.504723 0.019038 0.014170
72 0.369910 0.607287 0.024855 0.014170
297 0.686674 0.484987 0.020624 0.014507
1173 0.824960 0.329116 0.033845 0.014507
128 0.574035 0.669703 0.013221 0.014845
64 0.368852 0.560729 0.017451 0.015520
56 0.249339 0.687078 0.013221 0.015857
56 0.826547 0.530870 0.033845 0.015857
91 0.112639 0.608468 0.025383 0.016532
91 0.114225 0.386302 0.028556 0.016869
120 0.832628 0.585695 0.013221 0.018219
111 0.309625 0.485493 0.017451 0.018219
91 0.756742 0.368590 0.030672 0.018556
101 0.508726 0.565621 0.037017 0.018556
111 0.184823 0.468961 0.019566 0.018893
101 0.770756 0.591093 0.037546 0.018893
120 0.565574 0.428981 0.013221 0.019231
85 0.500793 0.481444 0.014807 0.019568
123 0.567689 0.382254 0.034373 0.019568
259 0.178741 0.346829 0.041248 0.019568
56 0.821787 0.661100 0.015865 0.019906
91 0.829455 0.423583 0.030143 0.019906
127 0.691433 0.589069 0.042834 0.020243
70 0.314648 0.589238 0.030672 0.020580
92 0.498678 0.335358 0.020095 0.020918
91 0.570598 0.492915 0.037017 0.020918
74 0.250661 0.740047 0.024326 0.021255
95 0.690640 0.726552 0.043363 0.021255
88 0.112903 0.448718 0.029085 0.021592
81 0.499207 0.363698 0.039133 0.021592
113 0.684294 0.458839 0.039133 0.021592
92 0.373347 0.582321 0.023268 0.022267
88 0.360656 0.424089 0.028556 0.022267
119 0.264675 0.526147 0.011105 0.022605
56 0.261237 0.596829 0.011634 0.022942
890 0.823374 0.360661 0.041248 0.022942
769 0.760180 0.462213 0.049180 0.022942
78 0.249339 0.399291 0.029085 0.023279
51 0.306980 0.511640 0.039662 0.023279
1375 0.427816 0.520412 0.045479 0.023279
1588 0.682443 0.700911 0.047065 0.023279
76 0.493125 0.655870 0.022739 0.023617
2784 0.106293 0.629555 0.046536 0.023617
118 0.251719 0.421896 0.011634 0.023954
117 0.761502 0.489879 0.020095 0.024291
83 0.495505 0.585695 0.031729 0.024291
979 0.830513 0.452935 0.042834 0.024629
104 0.255156 0.476046 0.036489 0.024966
119 0.563723 0.582827 0.012692 0.025304
56 0.110788 0.670209 0.019566 0.025304
4416 0.825754 0.393219 0.042834 0.025304
104 0.563723 0.616734 0.032787 0.025641
1083 0.759915 0.397099 0.043363 0.025641
91 0.757271 0.665823 0.032787 0.025978
1083 0.758065 0.720816 0.044950 0.025978
1197 0.320465 0.727564 0.051824 0.025978
118 0.263617 0.501012 0.006875 0.026316
60 0.754892 0.515520 0.014278 0.026316
3560 0.317557 0.692645 0.052353 0.026316
76 0.313855 0.536943 0.021682 0.026653
76 0.566367 0.405702 0.022210 0.026653
58 0.552089 0.685223 0.026441 0.026991
2231 0.184823 0.530364 0.044950 0.026991
4253 0.369646 0.663630 0.045479 0.026991
119 0.251983 0.443489 0.013221 0.027328
117 0.567689 0.556174 0.020624 0.027328
1375 0.364357 0.391194 0.052882 0.027328
495 0.691433 0.341093 0.056584 0.027665
60 0.186145 0.420209 0.012692 0.028003
118 0.319672 0.564609 0.018509 0.028003
2896 0.754363 0.340924 0.040719 0.028003
118 0.259387 0.622807 0.016393 0.028340
126 0.502115 0.425776 0.039662 0.028340
259 0.252776 0.713225 0.050767 0.028340
70 0.556848 0.715418 0.026441 0.028677
83 0.366473 0.633266 0.033845 0.029015
118 0.502115 0.504217 0.012163 0.029352
3172 0.255949 0.658063 0.045479 0.029352
117 0.185616 0.391026 0.027499 0.029690
3560 0.240349 0.349190 0.047065 0.029690
253 0.567425 0.524966 0.035960 0.030364
126 0.365415 0.500675 0.042306 0.030364
3626 0.189582 0.733131 0.065045 0.030364
1083 0.496034 0.686066 0.038075 0.030702
3137 0.308302 0.456140 0.035960 0.031039
2576 0.505024 0.393050 0.045479 0.031039
85 0.570862 0.645580 0.019566 0.031377
3865 0.630090 0.470479 0.042834 0.031377
1999 0.682179 0.376350 0.043363 0.031377
4451 0.185880 0.617240 0.053411 0.031377
85 0.757007 0.425101 0.016393 0.031714
266 0.686145 0.562753 0.028027 0.031714
92 0.364357 0.527497 0.023268 0.032051
83 0.685352 0.619265 0.024326 0.032051
2869 0.829984 0.485324 0.041777 0.032051
2277 0.368852 0.712045 0.042834 0.032051
119 0.111317 0.580634 0.015336 0.032389
1833 0.316499 0.619433 0.061872 0.032389
107 0.502380 0.536943 0.023268 0.032726
91 0.185616 0.675945 0.033845 0.033401
3375 0.365415 0.463225 0.048652 0.033738
3526 0.625066 0.507254 0.033845 0.034750
662 0.112639 0.355432 0.040190 0.034750
98 0.820730 0.558030 0.048652 0.035088
2600 0.427816 0.554150 0.037017 0.035425
2108 0.563458 0.462719 0.051296 0.035425
2433 0.693284 0.658570 0.049709 0.035762
121 0.185352 0.569501 0.026970 0.036437
1142 0.317028 0.659582 0.044950 0.036437
2108 0.626653 0.543185 0.048652 0.036437
58 0.109201 0.545715 0.029085 0.036775
322 0.307509 0.354082 0.052353 0.036775
1831 0.250397 0.566296 0.038604 0.037449
3995 0.689318 0.523279 0.034373 0.037787
316 0.427552 0.484480 0.044950 0.037787
3338 0.114490 0.418691 0.046007 0.037787
4079 0.750132 0.556005 0.052353 0.037787
770 0.493919 0.721323 0.035960 0.039136
1354 0.497356 0.460189 0.051296 0.039136
1142 0.497356 0.623650 0.037546 0.040148
4063 0.563458 0.343623 0.044950 0.040823
1845 0.687996 0.423920 0.050767 0.040823
4326 0.756478 0.620108 0.044950 0.041161
316 0.368852 0.356781 0.059757 0.042848
4036 0.306452 0.397099 0.031200 0.044534
1581 0.822845 0.628036 0.039133 0.044872
316 0.121100 0.507591 0.049709 0.047571
87 0.113961 0.713057 0.040719 0.059717
87 0.818086 0.701586 0.039133 0.060391
