246 0.486170 0.247464 0.038723 0.007993
128 0.080000 0.618967 0.013617 0.010144
92 0.132340 0.230403 0.023830 0.011374
92 0.425319 0.725792 0.029362 0.011682
92 0.282128 0.760375 0.023830 0.011989
92 0.734255 0.722871 0.028511 0.013833
92 0.200426 0.245619 0.031489 0.014141
92 0.805106 0.319859 0.031489 0.014448
57 0.282128 0.530587 0.024681 0.016600
91 0.498723 0.913311 0.029787 0.016600
302 0.347447 0.399939 0.065106 0.017830
302 0.350000 0.271595 0.043830 0.018137
1415 0.069574 0.296649 0.040426 0.018445
251 0.351064 0.324316 0.050213 0.018445
248 0.485745 0.446204 0.051489 0.018752
110 0.352340 0.706425 0.022979 0.019059
1173 0.499149 0.805718 0.038298 0.019059
55 0.218511 0.850446 0.040426 0.019367
52 0.134255 0.397326 0.041277 0.019982
56 0.285319 0.817553 0.042979 0.019982
52 0.352766 0.757762 0.041702 0.020289
81 0.737872 0.906702 0.051064 0.020596
698 0.138936 0.453735 0.026809 0.020904
72 0.141489 0.860437 0.031915 0.020904
52 0.565319 0.366124 0.038723 0.020904
1810 0.349574 0.346603 0.022553 0.021211
91 0.428936 0.845527 0.047660 0.021211
251 0.344894 0.442822 0.052340 0.021211
642 0.350426 0.419305 0.029362 0.021519
68 0.212766 0.673840 0.038298 0.021519
251 0.351489 0.527667 0.040000 0.021826
1002 0.555957 0.303259 0.060851 0.021826
117 0.216596 0.869966 0.017872 0.022133
76 0.348936 0.601599 0.024681 0.022748
57 0.280213 0.363357 0.029362 0.022748
62 0.080426 0.847833 0.033191 0.022748
75 0.361489 0.802029 0.037021 0.022748
126 0.076383 0.729788 0.041277 0.022748
52 0.345532 0.626806 0.043404 0.022748
120 0.081915 0.871196 0.011489 0.023363
56 0.201915 0.199508 0.015745 0.023363
88 0.738511 0.846911 0.025106 0.023363
83 0.289787 0.861666 0.030638 0.023363
302 0.348723 0.503843 0.038723 0.023363
86 0.277234 0.200584 0.023404 0.023670
1214 0.736170 0.824623 0.034043 0.023670
126 0.418298 0.312788 0.044255 0.023670
91 0.347660 0.828312 0.048511 0.023670
119 0.204894 0.223640 0.023404 0.024285
87 0.576170 0.863511 0.041702 0.024593
736 0.202553 0.383338 0.044255 0.024593
126 0.356596 0.906855 0.044255 0.024593
980 0.655319 0.814479 0.027234 0.024900
87 0.278936 0.583308 0.027660 0.024900
72 0.075957 0.819090 0.029362 0.024900
560 0.415106 0.380418 0.042979 0.024900
1834 0.355745 0.854749 0.045957 0.024900
87 0.735745 0.481402 0.037447 0.025208
85 0.494894 0.743160 0.011915 0.025515
72 0.652128 0.752075 0.025106 0.025515
96 0.217021 0.734553 0.043404 0.025515
548 0.495319 0.829696 0.018723 0.025822
62 0.286383 0.836459 0.022128 0.025822
60 0.140426 0.574854 0.025532 0.025822
76 0.352128 0.681678 0.023404 0.026130
67 0.142979 0.166462 0.033191 0.026130
117 0.279787 0.474639 0.014894 0.026437
68 0.418298 0.473717 0.040000 0.026437
91 0.422766 0.639102 0.041277 0.026437
111 0.283404 0.554719 0.018723 0.026745
68 0.144681 0.807101 0.040000 0.026745
1834 0.279149 0.706579 0.045106 0.026745
327 0.428298 0.872579 0.045532 0.026745
62 0.809574 0.411927 0.026809 0.027052
91 0.072553 0.671995 0.042979 0.027052
88 0.211277 0.616200 0.025957 0.027359
980 0.143830 0.713956 0.030638 0.027359
528 0.500638 0.891638 0.040426 0.027359
91 0.131702 0.336151 0.048085 0.027359
3066 0.496809 0.719490 0.050638 0.027359
88 0.350851 0.373809 0.025957 0.027667
88 0.067234 0.507378 0.023830 0.027974
89 0.420851 0.535352 0.042553 0.027974
91 0.740213 0.809253 0.057447 0.027974
58 0.571489 0.658469 0.017872 0.028282
2220 0.492340 0.618199 0.037447 0.028282
81 0.352340 0.783892 0.037447 0.028282
87 0.203191 0.308331 0.037872 0.028282
91 0.347021 0.553643 0.042979 0.028282
111 0.268936 0.232401 0.044255 0.028282
91 0.219149 0.832155 0.055319 0.028282
118 0.079787 0.792038 0.019149 0.028589
64 0.074681 0.595911 0.022553 0.028589
51 0.570426 0.602367 0.027660 0.028589
4345 0.278723 0.734860 0.033191 0.028589
95 0.572553 0.500307 0.046383 0.028589
119 0.737872 0.622810 0.022979 0.028896
642 0.347872 0.297879 0.031915 0.028896
1083 0.417872 0.209038 0.034043 0.028896
91 0.267447 0.445435 0.048085 0.028896
83 0.646596 0.213495 0.029362 0.029204
84 0.657021 0.617737 0.044255 0.029204
126 0.728936 0.219336 0.045957 0.029204
495 0.071064 0.577160 0.057021 0.029204
88 0.347021 0.168152 0.029362 0.029511
88 0.148298 0.777129 0.029362 0.029511
83 0.351064 0.730095 0.029787 0.029511
70 0.275106 0.505994 0.041277 0.029511
91 0.561915 0.237934 0.048936 0.029511
93 0.067234 0.218106 0.022128 0.029819
88 0.733830 0.561174 0.029362 0.029819
287 0.557660 0.337073 0.056596 0.029819
118 0.148511 0.835229 0.013617 0.030126
88 0.081277 0.901014 0.031489 0.030126
2885 0.214255 0.646788 0.031915 0.030126
122 0.074681 0.643713 0.037021 0.030126
91 0.202340 0.509069 0.042128 0.030126
88 0.499574 0.547341 0.029787 0.030433
83 0.414468 0.406548 0.038298 0.030433
91 0.279574 0.680756 0.042553 0.030433
68 0.577447 0.628650 0.005957 0.030741
62 0.730851 0.592376 0.027660 0.030741
126 0.141064 0.603443 0.040426 0.030741
685 0.211489 0.760529 0.044255 0.030741
91 0.650000 0.354135 0.047234 0.030741
107 0.651915 0.585767 0.017021 0.031048
51 0.347234 0.577160 0.025532 0.031048
254 0.070426 0.358285 0.027660 0.031048
88 0.492340 0.419766 0.030638 0.031048
126 0.656809 0.685982 0.044681 0.031048
333 0.660213 0.906087 0.045532 0.031048
4166 0.491915 0.686290 0.061277 0.031048
981 0.657872 0.844298 0.065532 0.031048
93 0.205745 0.169382 0.029362 0.031356
83 0.805532 0.442053 0.033191 0.031356
4263 0.426809 0.668614 0.038298 0.031356
85 0.141277 0.514448 0.012766 0.031663
2836 0.077447 0.699508 0.042553 0.031663
495 0.068085 0.328773 0.055319 0.031663
2144 0.137872 0.547802 0.034894 0.031970
2286 0.488298 0.279742 0.041277 0.031970
2178 0.425319 0.819551 0.056596 0.031970
2949 0.356383 0.883031 0.030213 0.032278
93 0.731489 0.253151 0.032340 0.032278
87 0.730000 0.328773 0.034468 0.032278
3735 0.416809 0.343222 0.037021 0.032278
3192 0.568511 0.203812 0.041702 0.032585
3799 0.079362 0.762988 0.042128 0.032585
88 0.735745 0.447126 0.034894 0.032893
2159 0.739787 0.750231 0.049787 0.032893
1579 0.571489 0.832616 0.057021 0.032893
60 0.280000 0.611743 0.022128 0.033200
83 0.348936 0.239164 0.024681 0.033200
1894 0.350426 0.472180 0.039574 0.033200
85 0.575745 0.533508 0.017872 0.033508
126 0.354043 0.648786 0.027234 0.033508
81 0.809362 0.380725 0.039149 0.033508
316 0.648511 0.323855 0.063830 0.033508
2598 0.494043 0.774977 0.020426 0.033815
121 0.417021 0.504150 0.022979 0.033815
93 0.219149 0.899170 0.026383 0.033815
4164 0.414043 0.286505 0.041702 0.033815
68 0.649362 0.169843 0.006809 0.034122
2598 0.579574 0.727482 0.021277 0.034122
1562 0.651702 0.287273 0.041277 0.034122
1560 0.425745 0.573778 0.042979 0.034122
4216 0.503830 0.862435 0.049362 0.034122
58 0.577660 0.800492 0.020851 0.034430
1485 0.136170 0.482017 0.040000 0.034430
1892 0.569362 0.169690 0.040851 0.034430
126 0.569574 0.465724 0.044681 0.034430
85 0.072979 0.425300 0.013191 0.034737
1101 0.423830 0.701660 0.034894 0.034737
1587 0.346383 0.204273 0.035745 0.034737
752 0.064681 0.545496 0.041702 0.034737
4079 0.563617 0.271595 0.042128 0.034737
1392 0.271915 0.170612 0.040851 0.035045
440 0.201702 0.273594 0.051064 0.035045
3310 0.272128 0.324931 0.053191 0.035045
4501 0.496809 0.584998 0.054043 0.035045
981 0.144681 0.747464 0.049362 0.035352
2162 0.659362 0.720873 0.045532 0.035659
58 0.730213 0.365970 0.020426 0.035967
68 0.659149 0.783892 0.007660 0.036274
85 0.142766 0.419613 0.014043 0.036274
53 0.737021 0.877344 0.017872 0.036274
102 0.579362 0.763295 0.042128 0.036274
718 0.414468 0.246388 0.030638 0.036582
389 0.076596 0.392714 0.047660 0.036582
1101 0.491915 0.649862 0.037447 0.036889
439 0.069787 0.471565 0.043404 0.036889
3687 0.282979 0.650476 0.046809 0.036889
85 0.654468 0.246695 0.015319 0.037196
1444 0.424043 0.607593 0.038723 0.037196
4164 0.734894 0.694282 0.048511 0.037196
4064 0.492553 0.514448 0.048936 0.037196
58 0.651064 0.511528 0.018723 0.037504
1914 0.493830 0.478635 0.029362 0.037504
120 0.130638 0.202275 0.034043 0.037504
577 0.653191 0.875500 0.035745 0.037504
87 0.651277 0.471565 0.037021 0.037504
2836 0.137660 0.369812 0.041277 0.037504
547 0.737021 0.782508 0.029787 0.037811
3175 0.144255 0.678758 0.042553 0.038119
2083 0.807021 0.347679 0.047234 0.038119
47 0.433404 0.787120 0.027660 0.038426
91 0.208511 0.705656 0.039149 0.038426
85 0.132128 0.255764 0.014894 0.038733
85 0.576596 0.687827 0.014468 0.039041
4162 0.731064 0.409314 0.034894 0.039041
2795 0.281915 0.786505 0.037872 0.039041
62 0.148723 0.899785 0.026809 0.039348
119 0.648511 0.432524 0.038298 0.039348
3956 0.648085 0.552567 0.043404 0.039656
81 0.568511 0.580541 0.043404 0.039656
1358 0.415106 0.175223 0.031064 0.039963
3338 0.729149 0.294190 0.045532 0.039963
1831 0.295745 0.896864 0.040000 0.040271
1480 0.487234 0.175069 0.044255 0.040271
316 0.422979 0.444052 0.065532 0.040271
718 0.733404 0.659545 0.031915 0.040885
3807 0.639787 0.389948 0.073617 0.040885
1562 0.143404 0.635721 0.037447 0.041193
296 0.432553 0.900553 0.036170 0.041500
82 0.567234 0.394713 0.051064 0.041808
2800 0.203830 0.472948 0.034043 0.042115
1125 0.422128 0.756379 0.027234 0.042730
1856 0.202766 0.579311 0.031064 0.042730
970 0.201702 0.543498 0.039149 0.043037
752 0.807234 0.483400 0.047660 0.043345
1396 0.807872 0.289271 0.045532 0.043652
721 0.647021 0.659084 0.044681 0.044267
121 0.068298 0.179065 0.022553 0.044574
2913 0.486383 0.219336 0.033191 0.044574
68 0.575745 0.894098 0.005957 0.045189
121 0.564468 0.425915 0.025106 0.046419
296 0.213830 0.800953 0.031064 0.046419
505 0.066170 0.258531 0.025106 0.046726
68 0.204043 0.341685 0.007234 0.047034
68 0.735106 0.517522 0.008936 0.047648
4567 0.273191 0.274208 0.033191 0.047956
4348 0.271915 0.405164 0.033191 0.047956
4122 0.726383 0.179219 0.057872 0.047956
2468 0.491702 0.377037 0.036170 0.048878
4380 0.202340 0.425300 0.032766 0.050108
3984 0.135957 0.303566 0.049787 0.050722
68 0.489574 0.320012 0.007234 0.052259
