246 0.805932 0.388068 0.049153 0.005682
246 0.276271 0.613750 0.043390 0.006136
92 0.653898 0.357045 0.031186 0.010909
92 0.430169 0.293409 0.029831 0.011818
101 0.650000 0.494659 0.055932 0.012500
92 0.804237 0.463977 0.026780 0.013409
56 0.132542 0.707386 0.014237 0.015227
92 0.353220 0.719205 0.036610 0.015227
52 0.051695 0.297045 0.043729 0.015455
92 0.205763 0.858295 0.031186 0.015682
52 0.647966 0.637386 0.049831 0.015682
93 0.730678 0.673864 0.041695 0.015909
56 0.571864 0.600909 0.010169 0.017273
92 0.427458 0.713636 0.035932 0.017727
93 0.136102 0.591818 0.046441 0.018636
101 0.650508 0.930227 0.066441 0.018636
56 0.205424 0.760000 0.016271 0.020000
418 0.650339 0.462045 0.013898 0.020455
56 0.800000 0.655227 0.012881 0.020909
278 0.724237 0.343409 0.016610 0.022273
56 0.124576 0.260682 0.042373 0.022273
81 0.645085 0.873636 0.047458 0.022273
102 0.121017 0.772500 0.052881 0.022727
117 0.572881 0.878750 0.013559 0.023409
101 0.649153 0.741705 0.073898 0.023409
101 0.354576 0.823750 0.067797 0.023864
85 0.571186 0.737841 0.029153 0.025682
56 0.364915 0.379545 0.017288 0.026818
1214 0.280339 0.199545 0.049492 0.026818
120 0.430678 0.893864 0.017966 0.027273
64 0.049831 0.430455 0.018983 0.027273
83 0.349492 0.834091 0.030508 0.027273
66 0.202542 0.878068 0.026780 0.027500
107 0.727119 0.893409 0.020339 0.028636
76 0.573559 0.632045 0.027797 0.028636
56 0.353220 0.906364 0.042034 0.028636
1810 0.428475 0.682614 0.028475 0.028864
76 0.646610 0.902386 0.030847 0.028864
88 0.644068 0.671818 0.048136 0.029545
120 0.273220 0.872159 0.018983 0.029773
76 0.276271 0.842500 0.018305 0.030000
76 0.055085 0.225909 0.023390 0.030000
111 0.653559 0.556591 0.029831 0.030000
111 0.354237 0.200682 0.031186 0.030000
66 0.727627 0.818636 0.031525 0.030000
98 0.570678 0.359318 0.060000 0.030000
547 0.360339 0.488068 0.055593 0.030227
119 0.127797 0.921477 0.018305 0.030682
120 0.580339 0.806364 0.029153 0.030909
117 0.801356 0.875341 0.017627 0.031136
64 0.059492 0.749205 0.024068 0.031136
58 0.359322 0.525568 0.028475 0.031136
117 0.647797 0.753864 0.019661 0.031364
108 0.420000 0.880114 0.054915 0.031591
76 0.202203 0.787727 0.025424 0.031818
87 0.425424 0.461023 0.033898 0.032045
119 0.729492 0.924091 0.027119 0.032273
120 0.060508 0.667727 0.026780 0.032727
118 0.429661 0.493295 0.016610 0.032955
119 0.799661 0.632955 0.028475 0.033182
87 0.727627 0.595455 0.031525 0.033182
87 0.122373 0.365114 0.018983 0.033409
78 0.208475 0.819432 0.035254 0.033409
88 0.795085 0.842386 0.057966 0.033409
107 0.578136 0.389091 0.020000 0.033636
119 0.649492 0.793409 0.021017 0.033636
86 0.664407 0.518182 0.025763 0.033636
76 0.354237 0.563636 0.030508 0.033636
57 0.053729 0.199091 0.050508 0.033636
120 0.203559 0.729432 0.023390 0.033864
107 0.204407 0.915568 0.045424 0.033864
91 0.202712 0.418295 0.046102 0.033864
113 0.205424 0.453750 0.050847 0.034318
58 0.125932 0.287955 0.030169 0.034545
2134 0.730169 0.424545 0.049492 0.034545
74 0.350508 0.788750 0.026441 0.034773
68 0.657797 0.704659 0.011864 0.035227
118 0.358983 0.270568 0.018983 0.035227
92 0.128475 0.854886 0.037966 0.035227
2266 0.283051 0.343750 0.052881 0.035227
87 0.125085 0.513182 0.047458 0.035455
91 0.722881 0.518750 0.053898 0.035682
56 0.127797 0.891818 0.011525 0.035909
85 0.501695 0.394545 0.012203 0.035909
76 0.654915 0.211136 0.023051 0.036364
51 0.351186 0.237955 0.042034 0.036364
66 0.725593 0.705909 0.044407 0.036364
120 0.510508 0.567386 0.024407 0.036591
1188 0.200508 0.200568 0.031525 0.036591
117 0.277627 0.690455 0.011525 0.036818
60 0.427627 0.785000 0.020678 0.036818
51 0.055254 0.642955 0.052203 0.036818
76 0.801864 0.683523 0.036271 0.037045
88 0.573729 0.844659 0.049831 0.037045
91 0.272542 0.388977 0.056949 0.037045
119 0.574068 0.667500 0.025424 0.037273
62 0.575424 0.327045 0.039661 0.037273
870 0.504915 0.712045 0.050508 0.037273
126 0.581864 0.701591 0.051864 0.037273
2489 0.575593 0.571364 0.055593 0.037273
2489 0.282881 0.651136 0.057966 0.037273
91 0.800339 0.722273 0.066441 0.037273
95 0.201695 0.571705 0.043390 0.037500
379 0.506271 0.530114 0.051864 0.037500
111 0.056949 0.559773 0.017627 0.037727
107 0.059322 0.327500 0.023051 0.037727
77 0.732034 0.855682 0.045085 0.037727
107 0.059831 0.865795 0.021356 0.037955
58 0.051017 0.917386 0.031525 0.037955
2590 0.204237 0.650227 0.026102 0.038182
249 0.423051 0.426364 0.050169 0.038182
547 0.279831 0.760682 0.052542 0.038182
68 0.741186 0.738523 0.012542 0.038409
120 0.053390 0.522614 0.040339 0.038409
2548 0.427119 0.205341 0.046780 0.038409
109 0.577458 0.773750 0.058644 0.038409
88 0.204068 0.611136 0.024407 0.038636
120 0.658983 0.251136 0.043390 0.038636
3799 0.507119 0.350682 0.050847 0.038636
87 0.203220 0.525000 0.028814 0.039091
2489 0.726949 0.555682 0.059322 0.039091
70 0.731017 0.209432 0.040339 0.039318
2220 0.279661 0.302841 0.046102 0.039318
4646 0.278983 0.482841 0.051525 0.039318
2423 0.267797 0.912500 0.055593 0.039545
70 0.125085 0.738068 0.043390 0.039773
91 0.576271 0.534091 0.048136 0.040000
721 0.503051 0.438750 0.033898 0.040227
120 0.362034 0.606932 0.046780 0.040227
1871 0.346610 0.749091 0.048475 0.040455
330 0.503729 0.487841 0.037966 0.040682
2233 0.799661 0.802386 0.050169 0.040682
127 0.348983 0.868750 0.055254 0.040682
2555 0.804068 0.312955 0.051525 0.040909
2555 0.512542 0.268409 0.052203 0.040909
119 0.569492 0.916932 0.037966 0.041136
70 0.201186 0.692614 0.038983 0.041136
91 0.053051 0.787386 0.066102 0.041136
316 0.723729 0.305341 0.069831 0.041136
278 0.803390 0.357727 0.019661 0.041818
247 0.798983 0.546250 0.033898 0.042045
2423 0.285763 0.575227 0.048814 0.042273
121 0.725085 0.639545 0.069153 0.042273
58 0.429492 0.745000 0.028475 0.042727
109 0.353729 0.311136 0.045085 0.042727
109 0.060508 0.832955 0.059322 0.042727
3192 0.642542 0.832159 0.051186 0.042955
485 0.652712 0.597500 0.040339 0.043182
109 0.429831 0.533409 0.056949 0.043182
310 0.427627 0.581932 0.049831 0.043409
55 0.354407 0.357159 0.055932 0.043409
68 0.216102 0.492045 0.011864 0.043636
2489 0.432034 0.253636 0.053898 0.043636
119 0.276102 0.735341 0.023390 0.043864
370 0.724746 0.381477 0.046780 0.043864
118 0.802373 0.918295 0.021017 0.044318
91 0.497288 0.916250 0.058305 0.044318
83 0.124237 0.807045 0.026780 0.044545
710 0.802373 0.210000 0.052203 0.044545
83 0.722034 0.778977 0.018983 0.044773
121 0.132712 0.684205 0.060678 0.044773
60 0.661695 0.427955 0.023051 0.045000
68 0.054068 0.265455 0.008475 0.045455
58 0.798305 0.588409 0.032542 0.045455
629 0.798983 0.500000 0.050169 0.045455
91 0.056102 0.607841 0.062712 0.045682
111 0.282203 0.523864 0.027458 0.045909
119 0.126949 0.330227 0.020678 0.046364
60 0.351864 0.445455 0.030508 0.046364
643 0.428305 0.380227 0.034237 0.046364
84 0.574237 0.438295 0.033220 0.046591
68 0.069492 0.907955 0.007458 0.047273
76 0.129322 0.631364 0.032881 0.048182
4365 0.207797 0.363409 0.048814 0.048182
1349 0.802881 0.758409 0.056610 0.048182
4564 0.276271 0.436250 0.040678 0.048409
87 0.653220 0.392500 0.041356 0.048636
58 0.125763 0.410455 0.044746 0.049091
783 0.727288 0.260682 0.051864 0.049545
1267 0.811186 0.424659 0.057627 0.049773
1579 0.497458 0.813068 0.050508 0.050227
296 0.421864 0.838068 0.032881 0.051136
721 0.495593 0.757955 0.048814 0.051364
111 0.055424 0.708182 0.024746 0.051818
1917 0.277966 0.801591 0.038644 0.051818
121 0.124915 0.552273 0.031525 0.052273
1304 0.433220 0.332955 0.043390 0.052273
459 0.203559 0.247045 0.049831 0.052273
68 0.364746 0.405795 0.006780 0.052500
2489 0.507458 0.312955 0.055593 0.053636
68 0.583051 0.214432 0.010169 0.053864
4345 0.207966 0.308182 0.046441 0.054091
1821 0.430339 0.635909 0.047797 0.054545
58 0.054576 0.372386 0.034576 0.054773
2913 0.726780 0.468409 0.043390 0.055000
4089 0.503220 0.666136 0.061356 0.055455
1788 0.510169 0.215114 0.052203 0.056136
1788 0.805763 0.259091 0.059661 0.057273
316 0.572034 0.488523 0.056610 0.057955
115 0.052203 0.477500 0.042034 0.058182
4164 0.279153 0.249318 0.051186 0.058636
296 0.414407 0.907614 0.023390 0.059318
47 0.126271 0.211705 0.017966 0.061136
296 0.655424 0.306591 0.026780 0.062273
296 0.125932 0.461136 0.029492 0.067273
47 0.505932 0.858068 0.038305 0.068409
296 0.356102 0.666136 0.034237 0.070909
296 0.579492 0.277841 0.030847 0.073409
68 0.344746 0.897045 0.058305 0.080455
