246 0.254154 0.166102 0.043034 0.010478
92 0.050703 0.645146 0.019599 0.011402
92 0.467405 0.583359 0.033234 0.014176
91 0.792501 0.913251 0.034938 0.014484
56 0.623562 0.579045 0.020026 0.014792
92 0.467405 0.911864 0.028973 0.014792
92 0.251811 0.655778 0.045164 0.015408
56 0.329996 0.818798 0.013208 0.016641
93 0.181934 0.400616 0.037495 0.017257
55 0.712399 0.423883 0.033234 0.018182
56 0.328718 0.867951 0.040477 0.018182
755 0.709416 0.801849 0.060503 0.018490
501 0.255219 0.336055 0.034938 0.018798
881 0.784406 0.565639 0.040051 0.018798
101 0.396251 0.665177 0.041755 0.018798
52 0.253515 0.860401 0.042608 0.019106
66 0.468683 0.462404 0.021304 0.019414
93 0.630805 0.769954 0.033660 0.019414
66 0.630379 0.291525 0.015765 0.019723
92 0.326374 0.777966 0.019599 0.020031
87 0.265658 0.819106 0.041329 0.020339
52 0.321900 0.484900 0.042182 0.020647
66 0.329144 0.251156 0.018321 0.020955
52 0.395185 0.170108 0.038773 0.020955
56 0.328078 0.352234 0.044312 0.020955
56 0.328291 0.506163 0.015765 0.021263
87 0.117171 0.396456 0.028121 0.021263
547 0.627610 0.840062 0.046016 0.021572
1002 0.390285 0.517411 0.057094 0.021572
285 0.055390 0.665177 0.037495 0.021880
302 0.247337 0.315716 0.060077 0.021880
126 0.715594 0.221880 0.044738 0.022188
1002 0.249893 0.771341 0.064337 0.022188
87 0.117384 0.212481 0.029399 0.022496
107 0.631870 0.314022 0.034086 0.022804
66 0.395185 0.632203 0.017469 0.023112
2173 0.468683 0.785978 0.034086 0.023112
52 0.458245 0.202003 0.037921 0.023112
118 0.332339 0.883821 0.017043 0.023421
86 0.128036 0.371649 0.027695 0.023421
87 0.255646 0.500770 0.028973 0.023421
285 0.056668 0.741140 0.038347 0.023421
1834 0.543247 0.594607 0.046868 0.023729
74 0.180443 0.379353 0.024286 0.024037
87 0.552407 0.368567 0.037069 0.024037
1214 0.115680 0.825732 0.032808 0.024345
87 0.398807 0.202928 0.033234 0.024345
76 0.262250 0.740832 0.024286 0.024653
126 0.785684 0.628968 0.045164 0.024653
88 0.631231 0.730200 0.025991 0.024961
259 0.464849 0.707704 0.050277 0.024961
102 0.256498 0.551772 0.056242 0.024961
117 0.185982 0.767951 0.015765 0.025270
278 0.467618 0.733436 0.022582 0.025270
82 0.328291 0.802157 0.050703 0.025270
113 0.325309 0.229892 0.057520 0.025270
119 0.716233 0.573960 0.015339 0.025578
87 0.185130 0.599230 0.031956 0.025578
509 0.707712 0.866256 0.028121 0.025886
83 0.543034 0.341140 0.037069 0.025886
87 0.787388 0.350693 0.038347 0.025886
87 0.128888 0.880740 0.038773 0.025886
126 0.115467 0.523883 0.046016 0.025886
66 0.396037 0.853775 0.020878 0.026194
74 0.179591 0.570878 0.023434 0.026194
1083 0.790584 0.860555 0.023434 0.026194
64 0.327013 0.428505 0.026843 0.026194
88 0.471027 0.308937 0.028547 0.026194
91 0.626331 0.339137 0.046868 0.026194
91 0.247337 0.392758 0.048999 0.026194
111 0.263741 0.796918 0.017043 0.026502
75 0.632297 0.553467 0.034086 0.026502
1406 0.178739 0.252696 0.036216 0.026502
691 0.115893 0.558706 0.043460 0.026502
111 0.320622 0.753621 0.037069 0.026810
51 0.173200 0.351772 0.043034 0.026810
85 0.467831 0.644068 0.012782 0.027119
87 0.329783 0.171032 0.030677 0.027119
691 0.113975 0.177042 0.037921 0.027427
84 0.715594 0.282126 0.037921 0.027427
91 0.544312 0.286441 0.047294 0.027427
88 0.325522 0.726040 0.021304 0.027735
95 0.050277 0.347612 0.028973 0.027735
88 0.548786 0.446533 0.031530 0.027735
91 0.392629 0.542681 0.045590 0.027735
126 0.710695 0.654237 0.046016 0.027735
91 0.113123 0.804006 0.051555 0.027735
1083 0.323818 0.695686 0.034086 0.028043
1420 0.542395 0.656857 0.041755 0.028043
736 0.710908 0.688290 0.046442 0.028043
126 0.792714 0.760401 0.046442 0.028043
495 0.619088 0.754854 0.077546 0.028043
88 0.710055 0.517103 0.027695 0.028351
107 0.052620 0.769954 0.014061 0.028659
87 0.708990 0.543760 0.035790 0.028659
642 0.254793 0.284900 0.038347 0.028659
327 0.789519 0.660555 0.041755 0.028659
251 0.252237 0.252851 0.057094 0.028659
323 0.465062 0.760709 0.058372 0.028659
111 0.548360 0.304468 0.017895 0.028968
88 0.397742 0.604622 0.023434 0.028968
110 0.467405 0.172573 0.028121 0.028968
87 0.792075 0.728197 0.028121 0.028968
91 0.321900 0.628968 0.045590 0.028968
4085 0.790584 0.889831 0.029399 0.029276
83 0.113336 0.316025 0.029825 0.029276
104 0.116106 0.350539 0.037069 0.029276
1418 0.174478 0.322188 0.040477 0.029276
55 0.396251 0.738829 0.046016 0.029276
91 0.461866 0.817411 0.049425 0.029276
88 0.251598 0.471803 0.028547 0.029584
122 0.393055 0.823421 0.043034 0.029584
60 0.331487 0.199846 0.021304 0.029892
356 0.252876 0.713867 0.043886 0.029892
91 0.707925 0.397689 0.044738 0.029892
642 0.053686 0.702619 0.029825 0.030200
83 0.466553 0.677966 0.034086 0.030200
85 0.626971 0.439908 0.015765 0.030508
720 0.399020 0.441448 0.033660 0.030508
884 0.783980 0.595223 0.047720 0.030508
118 0.256924 0.528197 0.022156 0.030817
91 0.544312 0.765485 0.044738 0.030817
71 0.329783 0.903236 0.056242 0.030817
98 0.390499 0.336518 0.059225 0.030817
91 0.049851 0.452542 0.034086 0.031125
2885 0.547934 0.563482 0.035790 0.031125
2598 0.115467 0.288752 0.015339 0.031433
85 0.187899 0.736210 0.015339 0.031433
60 0.328504 0.320185 0.021304 0.031433
118 0.185556 0.658552 0.022582 0.031433
121 0.549425 0.686903 0.026843 0.031433
87 0.717938 0.250231 0.027269 0.031433
88 0.182147 0.538675 0.027695 0.031433
330 0.713677 0.313713 0.031530 0.031433
1927 0.050703 0.489060 0.032382 0.031433
2590 0.785471 0.495994 0.025138 0.031741
126 0.792714 0.459322 0.049851 0.031741
60 0.116958 0.421572 0.021730 0.032049
91 0.048573 0.271186 0.035790 0.032049
249 0.626545 0.237904 0.045590 0.032049
87 0.328078 0.534515 0.032382 0.032357
2590 0.049638 0.418490 0.020026 0.032666
111 0.171496 0.219414 0.033660 0.032666
1039 0.786323 0.834206 0.047294 0.032666
2710 0.050277 0.384129 0.033234 0.032974
2710 0.709203 0.451618 0.048147 0.032974
126 0.120366 0.858398 0.048999 0.032974
366 0.466340 0.615100 0.048999 0.033282
68 0.399233 0.790293 0.007669 0.033590
60 0.328504 0.455008 0.019599 0.033590
718 0.466340 0.847612 0.031956 0.033590
3772 0.720494 0.896918 0.054538 0.033590
83 0.780997 0.318952 0.040903 0.033898
4164 0.460801 0.883513 0.051555 0.033898
107 0.399872 0.360092 0.019173 0.034206
316 0.326374 0.603236 0.063059 0.034206
509 0.179804 0.469029 0.030677 0.034515
120 0.627184 0.480740 0.040051 0.034515
1876 0.786110 0.531741 0.027269 0.034823
4164 0.543034 0.214946 0.047294 0.034823
60 0.170643 0.897689 0.020878 0.035131
76 0.786323 0.278737 0.025991 0.035439
126 0.624201 0.412481 0.048573 0.035439
68 0.331913 0.841911 0.005965 0.035747
1584 0.628675 0.698151 0.031104 0.036055
1229 0.050277 0.182280 0.034086 0.036055
83 0.465062 0.380431 0.037069 0.036055
1317 0.543886 0.483359 0.045590 0.036055
1584 0.709629 0.484438 0.029399 0.036364
1821 0.544312 0.804314 0.042182 0.036364
2507 0.544951 0.259476 0.046868 0.036364
3153 0.115040 0.495686 0.029825 0.036672
718 0.542608 0.176425 0.031956 0.036672
268 0.542821 0.524961 0.045164 0.036672
126 0.548999 0.626348 0.045590 0.036672
1902 0.116958 0.720647 0.047294 0.036672
111 0.399020 0.754083 0.020878 0.036980
58 0.117171 0.633898 0.021304 0.036980
120 0.330209 0.571495 0.034086 0.037288
918 0.179378 0.282435 0.056242 0.037288
83 0.252450 0.577812 0.025138 0.037596
1129 0.467192 0.276425 0.040477 0.037596
718 0.051768 0.567797 0.023434 0.037904
3338 0.783980 0.427273 0.039199 0.037904
613 0.630592 0.659322 0.047720 0.037904
3153 0.180230 0.504314 0.050277 0.037904
316 0.252663 0.364715 0.066468 0.037904
68 0.331274 0.281048 0.007243 0.038213
2997 0.053686 0.308783 0.036643 0.038213
54 0.185130 0.631433 0.043034 0.038213
752 0.623136 0.804314 0.045590 0.038213
316 0.632723 0.271803 0.067320 0.038213
85 0.255646 0.677504 0.013634 0.038521
121 0.176395 0.178582 0.019599 0.038521
60 0.791862 0.236826 0.021730 0.038521
122 0.186195 0.803698 0.038347 0.038829
88 0.553259 0.897381 0.040477 0.038829
81 0.257350 0.894299 0.046868 0.038829
1607 0.115467 0.763328 0.048573 0.038829
2423 0.708990 0.727427 0.055390 0.039753
68 0.182573 0.428043 0.006391 0.040062
4253 0.253515 0.212943 0.042608 0.040062
68 0.711760 0.831895 0.006391 0.040370
1286 0.713038 0.767180 0.032808 0.040370
1438 0.112271 0.591834 0.037921 0.040370
2794 0.114614 0.463328 0.050277 0.040370
121 0.469749 0.494915 0.026843 0.040678
4440 0.054325 0.528814 0.032808 0.040678
3053 0.399446 0.296456 0.040477 0.040678
1551 0.796549 0.692142 0.043034 0.040678
121 0.184278 0.696610 0.025138 0.040986
2191 0.631231 0.373960 0.038773 0.040986
4290 0.398594 0.892604 0.048147 0.040986
69 0.407968 0.398151 0.019173 0.042527
2598 0.472305 0.424345 0.022582 0.042527
2106 0.109928 0.679969 0.043460 0.042835
1282 0.469749 0.344222 0.043034 0.043143
68 0.788453 0.789831 0.007243 0.044376
268 0.249041 0.430508 0.038773 0.044376
68 0.399659 0.480277 0.009374 0.044684
975 0.549638 0.729892 0.048573 0.044684
1799 0.544525 0.851772 0.034938 0.045609
1831 0.253089 0.621726 0.034938 0.045917
4164 0.048786 0.610478 0.033660 0.046225
3984 0.396037 0.573960 0.043886 0.046533
83 0.050703 0.809553 0.019599 0.047458
2906 0.708351 0.612635 0.039625 0.047458
68 0.123349 0.893374 0.039625 0.047458
68 0.116745 0.246225 0.010226 0.048074
4532 0.716020 0.184592 0.053259 0.048690
68 0.787814 0.377966 0.006817 0.049615
68 0.626971 0.613713 0.008095 0.049615
505 0.396251 0.696610 0.029825 0.049615
68 0.549425 0.407088 0.007243 0.050539
707 0.051342 0.226502 0.027695 0.051156
68 0.470601 0.543297 0.009800 0.052388
68 0.793353 0.185516 0.005965 0.053621
68 0.399020 0.243914 0.009800 0.053929
68 0.330848 0.381510 0.007243 0.056086
47 0.471453 0.222958 0.026843 0.057627
296 0.634640 0.188290 0.020878 0.057935
2764 0.713038 0.359630 0.054964 0.057935
296 0.631231 0.511556 0.035364 0.059784
68 0.257350 0.812943 0.039199 0.060401
68 0.628675 0.885208 0.011504 0.065023
68 0.187047 0.861479 0.009374 0.071803
