173 0.472640 0.161708 0.044232 0.013756
120 0.126083 0.517115 0.030552 0.017594
91 0.126311 0.678663 0.031008 0.022713
88 0.126995 0.806462 0.020520 0.023033
101 0.790926 0.558701 0.066119 0.023992
495 0.268126 0.230166 0.072959 0.027191
83 0.786138 0.407230 0.036480 0.028151
495 0.705198 0.172905 0.061560 0.029111
189 0.781806 0.918426 0.033288 0.029431
86 0.704970 0.131958 0.038304 0.030390
553 0.125627 0.746001 0.044232 0.030710
83 0.871181 0.355086 0.047880 0.030710
83 0.696534 0.627639 0.047880 0.030710
91 0.116279 0.301184 0.023712 0.031030
83 0.124715 0.834133 0.030552 0.031030
83 0.691290 0.487044 0.040128 0.031670
83 0.317373 0.598369 0.047424 0.031670
52 0.476744 0.687620 0.052440 0.031670
60 0.260602 0.301983 0.027816 0.031990
126 0.133607 0.602687 0.060192 0.031990
1375 0.124487 0.777191 0.025536 0.032310
91 0.779754 0.881478 0.034656 0.032310
83 0.467852 0.330294 0.041952 0.032949
74 0.781350 0.793186 0.032376 0.034229
85 0.470816 0.192258 0.019608 0.034549
88 0.125627 0.448496 0.033288 0.034549
1083 0.130643 0.709533 0.042408 0.034549
2083 0.126311 0.407550 0.052896 0.034549
83 0.623803 0.292866 0.040128 0.035509
91 0.249658 0.836052 0.040584 0.035509
83 0.465344 0.830614 0.048792 0.035509
2593 0.871181 0.397313 0.032376 0.035829
505 0.782490 0.445617 0.034656 0.035829
83 0.388965 0.678183 0.043776 0.035829
88 0.691062 0.590051 0.028728 0.036148
1083 0.126995 0.334453 0.049704 0.036148
127 0.276790 0.144754 0.058368 0.036148
495 0.333561 0.778151 0.065207 0.036788
120 0.697446 0.395074 0.027816 0.037108
85 0.334701 0.259277 0.034656 0.037428
91 0.124943 0.369962 0.052896 0.038068
278 0.555176 0.502879 0.020520 0.038388
87 0.129503 0.488964 0.047424 0.038708
102 0.708390 0.792866 0.067031 0.038708
68 0.499544 0.929782 0.007752 0.039347
87 0.330825 0.172905 0.034200 0.039347
123 0.331281 0.813980 0.034200 0.039347
104 0.270862 0.107006 0.049248 0.039347
126 0.334701 0.740883 0.052896 0.039667
127 0.784314 0.193538 0.058368 0.039667
600 0.330369 0.692898 0.061560 0.039667
83 0.397857 0.292866 0.034200 0.039987
120 0.868445 0.430102 0.029640 0.040627
83 0.247834 0.536628 0.050616 0.040627
56 0.242590 0.584613 0.054720 0.040627
60 0.321477 0.363724 0.034656 0.040947
84 0.192886 0.194018 0.054720 0.041907
111 0.786366 0.592610 0.030552 0.042546
115 0.397173 0.527351 0.049248 0.043186
126 0.282034 0.189219 0.072503 0.043186
128 0.191746 0.236404 0.025080 0.043506
91 0.556544 0.288708 0.034200 0.043826
126 0.195394 0.430422 0.052440 0.043826
117 0.127907 0.873480 0.025080 0.044466
111 0.393525 0.344050 0.036480 0.044466
91 0.785682 0.832054 0.047424 0.044786
117 0.266986 0.264075 0.036936 0.045106
127 0.334017 0.909949 0.069767 0.045106
88 0.402873 0.249520 0.032376 0.046065
95 0.192202 0.696737 0.066119 0.046065
111 0.467624 0.726328 0.026904 0.046385
107 0.698358 0.353647 0.046968 0.047025
91 0.473552 0.647473 0.041496 0.047345
1083 0.566575 0.333973 0.049704 0.047345
70 0.869357 0.262636 0.028728 0.048624
119 0.868901 0.312060 0.023256 0.049584
117 0.501140 0.885317 0.034656 0.049584
70 0.252394 0.424024 0.042408 0.049584
64 0.788190 0.644434 0.051528 0.049584
111 0.626311 0.360845 0.031464 0.049904
1831 0.129047 0.556462 0.047424 0.050224
126 0.784314 0.236244 0.058368 0.050224
277 0.329685 0.648273 0.058368 0.050224
2896 0.127907 0.642194 0.040584 0.050864
87 0.698814 0.089731 0.041496 0.050864
111 0.470132 0.869162 0.041952 0.051184
2593 0.625399 0.236564 0.040584 0.051504
70 0.315777 0.492482 0.040584 0.052143
110 0.700410 0.440179 0.049248 0.052463
102 0.127223 0.172265 0.054720 0.052783
119 0.396945 0.575656 0.027816 0.053423
66 0.338349 0.860525 0.041952 0.053743
1594 0.552896 0.388036 0.067031 0.053743
64 0.779070 0.146993 0.037848 0.054063
117 0.325809 0.315899 0.028728 0.054702
98 0.472640 0.237204 0.050616 0.054702
62 0.699726 0.735605 0.027816 0.055342
70 0.121523 0.120122 0.038760 0.055982
119 0.338805 0.219130 0.025536 0.056302
117 0.393753 0.790467 0.028728 0.056302
70 0.779754 0.286948 0.032832 0.056302
88 0.471728 0.784069 0.037848 0.056302
1214 0.474008 0.591491 0.064295 0.056302
98 0.478340 0.290947 0.056544 0.056622
88 0.391017 0.627479 0.037848 0.057262
58 0.179435 0.811260 0.048792 0.057582
51 0.697446 0.680262 0.057000 0.057901
68 0.127451 0.925624 0.010488 0.058541
74 0.191746 0.290627 0.056088 0.058541
3468 0.780438 0.089411 0.059736 0.059181
3468 0.872093 0.199776 0.064295 0.059181
117 0.394893 0.397153 0.023712 0.061100
88 0.183995 0.870441 0.038760 0.061420
111 0.391017 0.727287 0.036936 0.061740
78 0.785910 0.745202 0.045144 0.062380
108 0.255130 0.631638 0.061560 0.062380
126 0.702462 0.292226 0.062472 0.062380
107 0.184451 0.759757 0.050616 0.062700
2222 0.700410 0.539347 0.062016 0.063980
70 0.180575 0.485445 0.040128 0.064939
1799 0.556544 0.447377 0.047880 0.064939
366 0.626539 0.107806 0.049248 0.065259
111 0.471272 0.378599 0.035112 0.066219
102 0.254218 0.885637 0.077975 0.066219
117 0.639079 0.425144 0.043320 0.066539
119 0.257866 0.482885 0.027816 0.067498
119 0.324897 0.552783 0.023256 0.069098
1831 0.475832 0.111644 0.049704 0.069098
366 0.337209 0.116603 0.051528 0.070058
68 0.401049 0.463692 0.009576 0.071337
88 0.625855 0.176903 0.027816 0.071657
1831 0.694710 0.228727 0.043320 0.072937
2896 0.116051 0.242962 0.046056 0.073896
117 0.479252 0.450416 0.036480 0.075496
68 0.802554 0.702815 0.007296 0.076775
121 0.194482 0.359085 0.046056 0.078375
119 0.787962 0.354766 0.021888 0.079335
69 0.199042 0.557422 0.036936 0.080934
56 0.179891 0.639315 0.031464 0.082853
3327 0.403557 0.177383 0.052896 0.083493
268 0.788646 0.505438 0.046056 0.084453
53 0.186731 0.134837 0.035112 0.089891
68 0.479024 0.534549 0.008664 0.093410
47 0.267442 0.343730 0.034200 0.103967
47 0.328089 0.414747 0.035112 0.104607
2896 0.566803 0.207614 0.062016 0.104926
68 0.393753 0.874760 0.009576 0.112284
296 0.869129 0.510557 0.047424 0.120282
68 0.152987 0.259917 0.016872 0.122521
68 0.702006 0.876520 0.018696 0.126679
88 0.251026 0.731766 0.015960 0.135317
296 0.532604 0.588612 0.080255 0.143314
68 0.629275 0.546865 0.016416 0.176264
