93 0.091209 0.806648 0.039560 0.010094
128 0.244505 0.620606 0.010989 0.011834
57 0.253846 0.845110 0.026374 0.011834
92 0.243681 0.355378 0.026923 0.011834
88 0.163187 0.931431 0.037363 0.011834
698 0.652198 0.410546 0.024176 0.012182
62 0.329670 0.916812 0.020879 0.012530
57 0.495055 0.151410 0.029670 0.013227
101 0.084615 0.797076 0.051648 0.013227
88 0.572253 0.355204 0.019231 0.013575
57 0.584066 0.167943 0.036264 0.013575
56 0.409066 0.646363 0.015934 0.013923
120 0.329670 0.926558 0.020879 0.013923
92 0.739011 0.497041 0.026374 0.013923
128 0.649451 0.280369 0.016484 0.014271
92 0.246703 0.753394 0.030769 0.014271
56 0.084341 0.709015 0.015934 0.014619
52 0.011538 0.542986 0.023077 0.014619
92 0.327473 0.772015 0.029670 0.014619
62 0.165659 0.211800 0.017033 0.014967
57 0.017582 0.260181 0.024176 0.014967
64 0.245604 0.373999 0.028571 0.014967
52 0.568681 0.444483 0.034066 0.015315
418 0.658516 0.923077 0.035714 0.015315
52 0.738462 0.727115 0.036264 0.015315
93 0.419505 0.340063 0.047802 0.015315
101 0.741484 0.743822 0.055495 0.015315
88 0.323077 0.620432 0.024176 0.015663
93 0.176648 0.300905 0.048901 0.015663
101 0.331044 0.872433 0.051099 0.015663
88 0.008516 0.432301 0.013736 0.016011
88 0.007692 0.339715 0.015385 0.016011
92 0.324176 0.438218 0.030769 0.016011
120 0.082418 0.387226 0.016484 0.016359
418 0.327747 0.753742 0.030220 0.016359
57 0.175000 0.348590 0.034615 0.016359
57 0.253846 0.490950 0.038462 0.016359
56 0.161538 0.268013 0.015385 0.016707
92 0.013736 0.824922 0.016484 0.016707
55 0.015110 0.808562 0.019231 0.016707
88 0.654396 0.459276 0.020879 0.017055
126 0.245330 0.905151 0.034615 0.017055
88 0.736264 0.221371 0.020879 0.017403
88 0.166484 0.738253 0.023077 0.017403
91 0.485714 0.228681 0.027473 0.017403
57 0.025000 0.657501 0.031319 0.017403
55 0.162363 0.814480 0.041209 0.017403
101 0.495330 0.720849 0.053297 0.017403
102 0.167033 0.576401 0.053846 0.017403
88 0.080769 0.283153 0.019780 0.017751
88 0.164011 0.395405 0.019231 0.018100
110 0.734066 0.343543 0.029670 0.018100
52 0.648077 0.121128 0.037912 0.018100
56 0.570330 0.247128 0.042857 0.018100
56 0.322253 0.551862 0.015934 0.018448
88 0.488187 0.288375 0.020330 0.018448
64 0.411264 0.837974 0.029121 0.018448
499 0.654396 0.601984 0.049451 0.018448
120 0.165934 0.558998 0.021978 0.018796
83 0.570055 0.924817 0.032418 0.018796
52 0.328297 0.854856 0.040110 0.018796
111 0.247527 0.926732 0.023626 0.019144
91 0.084066 0.479116 0.028571 0.019144
91 0.241209 0.398016 0.035165 0.019144
67 0.256593 0.684128 0.046154 0.019144
499 0.731319 0.120954 0.058242 0.019144
120 0.249451 0.885834 0.021978 0.019492
705 0.164560 0.887922 0.045604 0.019492
107 0.012912 0.872085 0.010440 0.019840
108 0.244505 0.637835 0.019780 0.019840
83 0.159066 0.644448 0.033516 0.019840
702 0.081593 0.899930 0.034615 0.019840
91 0.162363 0.689001 0.035714 0.019840
68 0.162637 0.250087 0.037363 0.019840
2678 0.817857 0.703968 0.044505 0.019840
1415 0.161538 0.665332 0.045055 0.019840
76 0.083791 0.723286 0.017033 0.020188
124 0.405220 0.455969 0.043407 0.020188
91 0.571429 0.610338 0.030769 0.020536
91 0.734890 0.171076 0.035714 0.020536
126 0.487088 0.488514 0.035714 0.020536
91 0.818956 0.761051 0.035714 0.020536
3022 0.654670 0.676819 0.051099 0.020536
102 0.085714 0.630178 0.052747 0.020536
120 0.404670 0.531848 0.020330 0.020884
64 0.324176 0.576053 0.028571 0.020884
111 0.243132 0.471806 0.015934 0.021232
111 0.736813 0.776366 0.019780 0.021232
99 0.017582 0.483293 0.035165 0.021232
81 0.407143 0.126523 0.036264 0.021232
88 0.812637 0.122868 0.024176 0.021580
87 0.164286 0.162896 0.034066 0.021580
126 0.408242 0.722938 0.038462 0.021580
1214 0.410440 0.923425 0.038462 0.021580
980 0.658242 0.755656 0.043956 0.021580
2223 0.080769 0.877828 0.046154 0.021580
101 0.570604 0.462583 0.048901 0.021580
111 0.571154 0.773234 0.019231 0.021928
62 0.407692 0.296032 0.023077 0.021928
74 0.570879 0.124434 0.025275 0.021928
126 0.817582 0.456143 0.030769 0.021928
126 0.490659 0.667421 0.035165 0.021928
98 0.646703 0.141142 0.042857 0.021928
2504 0.819231 0.541420 0.047253 0.021928
85 0.657967 0.804386 0.015934 0.022276
111 0.569505 0.493909 0.019231 0.022276
88 0.571978 0.724330 0.037363 0.022276
2223 0.245879 0.826314 0.037912 0.022276
88 0.818681 0.611556 0.041758 0.022276
64 0.650000 0.260877 0.026374 0.022624
86 0.255495 0.451967 0.030769 0.022624
83 0.238187 0.335712 0.031319 0.022624
85 0.166209 0.617473 0.011538 0.022973
85 0.574176 0.425339 0.017582 0.022973
76 0.083242 0.367212 0.018132 0.022973
117 0.406044 0.576053 0.018681 0.022973
86 0.419231 0.173686 0.037363 0.022973
95 0.244231 0.250957 0.037912 0.022973
66 0.738462 0.855030 0.020879 0.023321
88 0.406593 0.551166 0.024176 0.023321
91 0.325275 0.731465 0.032967 0.023321
2600 0.655769 0.624608 0.047802 0.023321
2678 0.817857 0.639227 0.051099 0.023321
105 0.171703 0.836582 0.054396 0.023321
111 0.410989 0.813784 0.023077 0.023669
58 0.735714 0.650540 0.025275 0.023669
86 0.580495 0.474417 0.031319 0.023669
86 0.750549 0.757048 0.031868 0.023669
2600 0.734890 0.144796 0.041209 0.023669
539 0.823626 0.916464 0.041758 0.023669
3022 0.084066 0.828402 0.049451 0.023669
70 0.015934 0.894013 0.015385 0.024017
56 0.493132 0.899234 0.023626 0.024017
126 0.323077 0.266446 0.031868 0.024017
126 0.651099 0.301949 0.036264 0.024017
1431 0.239286 0.512530 0.048901 0.024017
117 0.573901 0.875392 0.017033 0.024365
118 0.579670 0.825966 0.025275 0.024365
66 0.243681 0.310129 0.025824 0.024365
1809 0.014835 0.316394 0.029670 0.024365
68 0.159066 0.538113 0.040110 0.024365
2223 0.656868 0.731639 0.042308 0.024365
1401 0.245604 0.663418 0.046154 0.024365
121 0.166209 0.285416 0.047802 0.024365
87 0.405220 0.628785 0.037912 0.024713
76 0.010165 0.676645 0.013736 0.025061
120 0.165934 0.475113 0.014286 0.025061
85 0.739560 0.704490 0.015385 0.025061
85 0.331044 0.806474 0.015934 0.025061
119 0.570879 0.402715 0.017582 0.025061
51 0.569505 0.376958 0.036813 0.025061
95 0.081319 0.344588 0.039560 0.025061
862 0.083242 0.127045 0.040110 0.025061
98 0.484066 0.613644 0.045055 0.025061
127 0.329121 0.791159 0.049451 0.025061
121 0.413187 0.320571 0.053846 0.025061
3053 0.244780 0.226070 0.020330 0.025409
107 0.322527 0.644448 0.027473 0.025409
126 0.812912 0.279325 0.031319 0.025409
366 0.320055 0.530630 0.044505 0.025409
721 0.649725 0.516707 0.050000 0.025409
119 0.492582 0.922381 0.018132 0.025757
87 0.651374 0.200487 0.030220 0.025757
75 0.336538 0.833275 0.037912 0.025757
58 0.738462 0.554125 0.040659 0.025757
2489 0.082692 0.687435 0.045604 0.025757
85 0.008791 0.561956 0.010989 0.026105
118 0.411538 0.482945 0.025275 0.026105
86 0.089011 0.581448 0.036264 0.026105
122 0.487637 0.412287 0.037912 0.026105
1296 0.079670 0.856770 0.041758 0.026105
95 0.810714 0.340933 0.042308 0.026105
54 0.407692 0.403933 0.048352 0.026105
68 0.493956 0.874695 0.009890 0.026453
60 0.010989 0.691960 0.010989 0.026453
60 0.489835 0.437522 0.018132 0.026453
111 0.651374 0.327184 0.021429 0.026453
70 0.242033 0.597633 0.023626 0.026453
126 0.734615 0.285068 0.030769 0.026453
87 0.082143 0.554125 0.034615 0.026453
88 0.322802 0.126349 0.035714 0.026453
1296 0.244231 0.802645 0.042308 0.026453
127 0.165385 0.227637 0.045055 0.026453
121 0.244231 0.539506 0.046703 0.026453
350 0.490385 0.694396 0.052198 0.026453
68 0.248077 0.732162 0.007143 0.026801
60 0.009615 0.779847 0.010440 0.026801
51 0.820879 0.856074 0.032967 0.026801
71 0.418407 0.787156 0.045604 0.026801
4436 0.082418 0.924295 0.050549 0.026801
1782 0.484066 0.174208 0.054945 0.026801
119 0.573077 0.900801 0.016484 0.027149
51 0.573352 0.799513 0.034615 0.027149
268 0.163736 0.713888 0.043956 0.027149
981 0.659341 0.781413 0.043956 0.027149
580 0.810165 0.218935 0.047802 0.027149
121 0.577747 0.152454 0.048901 0.027149
316 0.650549 0.388444 0.061538 0.027149
111 0.010714 0.717891 0.011538 0.027497
70 0.080220 0.609990 0.025275 0.027497
70 0.404670 0.510442 0.025824 0.027497
2286 0.409066 0.892969 0.041209 0.027497
58 0.737637 0.477724 0.045604 0.027497
68 0.325000 0.324052 0.013736 0.027845
111 0.818681 0.482771 0.020879 0.027845
726 0.482418 0.128089 0.037363 0.027845
702 0.817582 0.399234 0.043956 0.027845
71 0.582692 0.847546 0.044505 0.027845
95 0.489286 0.387400 0.046703 0.027845
3022 0.245879 0.775148 0.047802 0.027845
121 0.325824 0.600766 0.053846 0.027845
68 0.658516 0.542116 0.008242 0.028194
2531 0.015110 0.407066 0.030220 0.028194
121 0.405220 0.148451 0.033516 0.028194
509 0.734890 0.194048 0.033516 0.028194
2780 0.651099 0.650714 0.052747 0.028194
1012 0.162637 0.420640 0.056044 0.028194
107 0.407418 0.431257 0.021429 0.028542
51 0.248077 0.868430 0.034615 0.028542
1887 0.242857 0.164984 0.042857 0.028542
3192 0.491758 0.743822 0.042857 0.028542
1296 0.654670 0.705882 0.045604 0.028542
847 0.163187 0.911243 0.046154 0.028542
752 0.656868 0.831187 0.047802 0.028542
2531 0.735989 0.678385 0.050000 0.028542
322 0.572527 0.221371 0.062637 0.028542
83 0.242582 0.568221 0.015934 0.028890
69 0.175549 0.791333 0.032418 0.028890
2294 0.493132 0.775322 0.044505 0.028890
685 0.010440 0.459102 0.017582 0.029238
2593 0.812363 0.309433 0.034615 0.029238
51 0.163736 0.448312 0.035165 0.029238
2587 0.493132 0.845110 0.041209 0.029238
3959 0.079121 0.254090 0.047253 0.029238
119 0.248352 0.706056 0.014286 0.029586
60 0.570330 0.265750 0.015385 0.029586
119 0.408516 0.665680 0.015934 0.029586
3053 0.489560 0.587017 0.020879 0.029586
4404 0.653022 0.433171 0.042308 0.029586
1587 0.738736 0.803167 0.048901 0.029586
96 0.661813 0.859903 0.052198 0.029586
68 0.575000 0.746606 0.007143 0.029934
68 0.165659 0.862165 0.007143 0.029934
296 0.010714 0.512356 0.019231 0.029934
3053 0.081593 0.774452 0.020330 0.029934
91 0.409066 0.861817 0.035714 0.029934
3192 0.246429 0.199443 0.039011 0.029934
1419 0.571978 0.635573 0.045055 0.029934
70 0.325549 0.671772 0.046703 0.029934
2780 0.162088 0.367908 0.052747 0.029934
68 0.081044 0.191612 0.009341 0.030282
58 0.572527 0.697007 0.024176 0.030282
726 0.012637 0.235468 0.025275 0.030282
87 0.572527 0.664984 0.032967 0.030282
4371 0.569505 0.548381 0.040110 0.030282
68 0.009341 0.202576 0.004396 0.030630
68 0.573077 0.188653 0.006593 0.030630
83 0.243681 0.280543 0.014835 0.030630
296 0.490110 0.639749 0.032967 0.030630
464 0.325000 0.462235 0.050000 0.030630
1906 0.569231 0.294814 0.050549 0.030630
119 0.169505 0.188131 0.018132 0.030978
85 0.737088 0.913853 0.035714 0.030978
4348 0.570055 0.582492 0.047802 0.030978
68 0.324725 0.416638 0.012088 0.031326
85 0.737363 0.449704 0.014286 0.031326
119 0.822527 0.883049 0.016484 0.031326
119 0.328571 0.896972 0.020879 0.031326
268 0.818681 0.733032 0.039560 0.031326
71 0.823901 0.367212 0.042308 0.031326
2152 0.491209 0.206753 0.046154 0.031326
1111 0.735165 0.316742 0.047253 0.031326
3188 0.571154 0.521754 0.053297 0.031326
2169 0.740110 0.830839 0.053846 0.031326
2780 0.811264 0.425687 0.057692 0.031326
68 0.409341 0.266794 0.006593 0.031674
83 0.081044 0.655238 0.014835 0.031674
2315 0.654945 0.488166 0.042857 0.031674
1506 0.166484 0.764532 0.052747 0.031674
83 0.730769 0.368604 0.015385 0.032022
2514 0.083242 0.453185 0.045604 0.032022
316 0.489286 0.466411 0.054396 0.032022
83 0.323901 0.154368 0.012637 0.032370
1880 0.012363 0.631222 0.019231 0.032370
4047 0.076648 0.312391 0.043407 0.032370
83 0.817033 0.513053 0.014286 0.032718
1411 0.014011 0.284720 0.028022 0.032718
71 0.743407 0.883745 0.039560 0.032718
1385 0.160989 0.326488 0.047253 0.032718
83 0.162637 0.131744 0.015385 0.033066
83 0.649451 0.356944 0.016484 0.033066
2926 0.084890 0.158893 0.043407 0.033066
3913 0.413462 0.240341 0.047802 0.033066
83 0.655220 0.572572 0.014835 0.033415
83 0.486813 0.355378 0.015385 0.033415
1352 0.812912 0.155935 0.026923 0.033415
2514 0.244231 0.427080 0.048901 0.033415
2428 0.824176 0.827706 0.051648 0.033415
68 0.490934 0.555343 0.007143 0.033763
824 0.015385 0.134528 0.030769 0.033763
3921 0.015934 0.747999 0.023077 0.034111
68 0.166209 0.594326 0.010440 0.034459
296 0.649451 0.170727 0.030769 0.034459
1886 0.493956 0.809433 0.031868 0.034459
2746 0.813187 0.191960 0.039560 0.034459
68 0.408242 0.601114 0.013187 0.034807
83 0.657418 0.892099 0.017033 0.034807
416 0.323077 0.497738 0.047253 0.034807
3434 0.569505 0.328924 0.047802 0.034807
68 0.011813 0.844936 0.007143 0.035155
83 0.078846 0.221197 0.013736 0.035155
1584 0.820604 0.792377 0.030220 0.035155
1136 0.488462 0.319353 0.039560 0.035155
990 0.325275 0.357988 0.040659 0.035155
1128 0.325000 0.235468 0.046703 0.035851
119 0.082967 0.747651 0.019780 0.036199
119 0.329945 0.384267 0.028022 0.036199
1505 0.491484 0.520362 0.036813 0.036199
2642 0.739011 0.524191 0.046154 0.036199
1566 0.814286 0.252349 0.050549 0.036199
4084 0.483791 0.260877 0.048901 0.036547
1502 0.414011 0.754090 0.050000 0.036547
3984 0.409341 0.206056 0.037363 0.036895
2412 0.243407 0.133658 0.042857 0.036895
4646 0.739560 0.581970 0.045055 0.036895
68 0.653846 0.229203 0.010989 0.037243
3919 0.014286 0.169335 0.028571 0.037243
2674 0.823077 0.672294 0.048352 0.037243
296 0.326923 0.703794 0.028571 0.037591
296 0.082418 0.418900 0.027473 0.037939
68 0.408516 0.694048 0.009341 0.038288
296 0.161538 0.507135 0.030769 0.038984
608 0.738462 0.616429 0.031868 0.038984
3735 0.404121 0.369997 0.041209 0.038984
2817 0.015934 0.371737 0.031868 0.040376
1634 0.325275 0.301079 0.047253 0.040376
1724 0.735165 0.409328 0.047253 0.042464
1724 0.822802 0.575357 0.054396 0.043160
47 0.011538 0.590672 0.016484 0.043857
1169 0.327198 0.194918 0.042308 0.044553
296 0.080769 0.514967 0.038462 0.047685
