246 0.768007 0.258130 0.059213 0.006567
246 0.463102 0.792214 0.065400 0.006567
246 0.770437 0.473421 0.061423 0.006879
101 0.663279 0.667605 0.051259 0.014384
101 0.471277 0.868043 0.068493 0.015635
56 0.157092 0.357098 0.070261 0.018136
56 0.867212 0.389775 0.064074 0.018449
101 0.773089 0.360694 0.070261 0.019074
101 0.166593 0.775485 0.070703 0.020013
248 0.360362 0.312226 0.067609 0.022201
88 0.669244 0.340369 0.011047 0.022827
60 0.866328 0.264697 0.048166 0.022827
120 0.870305 0.823952 0.025188 0.023765
126 0.364118 0.394309 0.060097 0.023765
88 0.266019 0.331457 0.060981 0.025016
501 0.361246 0.802846 0.058772 0.025328
501 0.772426 0.777830 0.060981 0.025328
3289 0.667477 0.313321 0.059655 0.025641
126 0.774414 0.550969 0.066726 0.025641
117 0.775519 0.582708 0.015024 0.025954
126 0.870084 0.854597 0.060097 0.026266
1415 0.158418 0.516729 0.068493 0.026579
109 0.863897 0.732958 0.045957 0.026892
545 0.470172 0.219981 0.062749 0.027205
126 0.772647 0.859131 0.061423 0.027830
88 0.869863 0.666979 0.011047 0.028768
88 0.670349 0.744215 0.056562 0.028768
2489 0.161511 0.439806 0.072028 0.029081
327 0.275740 0.516886 0.070703 0.029393
83 0.768449 0.705597 0.049492 0.029706
327 0.367875 0.533302 0.069377 0.030331
83 0.862793 0.699500 0.037561 0.030644
495 0.562970 0.377736 0.075122 0.031270
302 0.362793 0.763915 0.058330 0.031895
87 0.369863 0.657755 0.037119 0.032208
126 0.878259 0.460757 0.064074 0.032208
3136 0.269333 0.604597 0.064074 0.032208
83 0.264914 0.435741 0.047282 0.033458
3136 0.370968 0.621169 0.054353 0.033458
932 0.368316 0.271889 0.076447 0.033458
60 0.673221 0.506567 0.018118 0.033771
107 0.672117 0.591776 0.022978 0.034084
932 0.767123 0.743121 0.074238 0.034084
118 0.577331 0.415103 0.011931 0.034709
83 0.565621 0.697780 0.052143 0.035335
2489 0.162616 0.843809 0.073354 0.035335
683 0.269996 0.476079 0.079540 0.035335
76 0.867875 0.796123 0.030932 0.035647
83 0.663942 0.378674 0.054353 0.035647
91 0.471498 0.566917 0.060097 0.035647
1415 0.470172 0.368981 0.076005 0.035647
88 0.577110 0.550188 0.050376 0.035960
91 0.163058 0.478893 0.056562 0.035960
495 0.665709 0.272827 0.086169 0.035960
83 0.364560 0.486554 0.049492 0.036273
287 0.576005 0.790025 0.083517 0.036585
68 0.668361 0.856160 0.006628 0.036898
91 0.573796 0.335366 0.051701 0.037211
3868 0.773310 0.433709 0.051259 0.037523
1551 0.165930 0.552533 0.065842 0.037523
3868 0.466858 0.754065 0.044631 0.037836
68 0.673221 0.627892 0.011047 0.038149
750 0.470614 0.464978 0.070703 0.038149
978 0.471277 0.711538 0.057888 0.038462
60 0.767344 0.615697 0.018118 0.038774
58 0.164384 0.798624 0.033584 0.038774
2233 0.475254 0.610069 0.057888 0.038774
680 0.873177 0.502658 0.050376 0.039087
88 0.164605 0.594278 0.061423 0.039087
3136 0.168140 0.733271 0.044631 0.039400
68 0.682943 0.471857 0.010163 0.040025
2036 0.162395 0.689493 0.085285 0.040025
2083 0.571807 0.502971 0.073354 0.040338
717 0.369642 0.351782 0.088820 0.040650
1711 0.668361 0.549719 0.065842 0.041276
646 0.471277 0.821764 0.046399 0.041901
978 0.771763 0.389306 0.055236 0.041901
720 0.671454 0.428236 0.054353 0.042839
28 0.160407 0.308474 0.060981 0.042839
76 0.868758 0.310819 0.038886 0.043152
89 0.570924 0.456535 0.076005 0.043777
717 0.368537 0.438868 0.084843 0.044090
1995 0.667035 0.707786 0.069377 0.044715
118 0.874282 0.424328 0.028723 0.045028
4034 0.365444 0.575360 0.061865 0.045028
646 0.771763 0.814415 0.038445 0.045341
836 0.472382 0.515166 0.062749 0.045966
3136 0.567830 0.745779 0.048608 0.046279
867 0.466637 0.418543 0.055678 0.046592
2707 0.266681 0.280801 0.041980 0.046904
2593 0.470835 0.329112 0.049050 0.047217
1161 0.565842 0.597561 0.070261 0.047530
2438 0.769333 0.663227 0.062749 0.048780
3453 0.161511 0.641651 0.059655 0.049406
83 0.165488 0.394309 0.040212 0.050031
4034 0.266460 0.557223 0.052143 0.052533
4440 0.579319 0.281739 0.067167 0.052533
68 0.572691 0.642276 0.005303 0.053158
3459 0.872072 0.551907 0.059655 0.053158
58 0.870968 0.346310 0.046840 0.054096
1615 0.667477 0.799719 0.075563 0.054096
119 0.378480 0.706379 0.022536 0.054409
1787 0.773973 0.511257 0.047282 0.054409
1297 0.469951 0.272045 0.056120 0.057536
1787 0.770658 0.309568 0.045073 0.058161
1297 0.367212 0.846310 0.063632 0.059725
2959 0.878259 0.615541 0.064074 0.060350
68 0.892841 0.756567 0.011931 0.062852
1588 0.268670 0.383052 0.082192 0.063164
