92 0.723888 0.770152 0.034816 0.013597
92 0.441731 0.311428 0.036267 0.015539
102 0.235977 0.115895 0.062863 0.015539
113 0.512331 0.250405 0.049807 0.015863
56 0.297631 0.848495 0.019826 0.016186
52 0.157398 0.589997 0.046905 0.016510
92 0.298114 0.797022 0.039168 0.016834
62 0.728723 0.507284 0.022244 0.018129
92 0.859284 0.589835 0.036750 0.018129
52 0.086074 0.768534 0.047389 0.018776
92 0.085832 0.249757 0.036267 0.019100
101 0.160542 0.537553 0.062863 0.019100
52 0.372824 0.264811 0.042553 0.020071
128 0.091151 0.709129 0.014990 0.020395
126 0.725580 0.208482 0.046905 0.020719
57 0.589217 0.158466 0.031431 0.021042
57 0.867505 0.681936 0.031915 0.021042
91 0.442940 0.396083 0.039652 0.021042
91 0.656915 0.477015 0.041103 0.021042
128 0.591393 0.874069 0.010638 0.021366
93 0.514990 0.392036 0.048356 0.021366
113 0.087282 0.888313 0.058511 0.021366
128 0.239603 0.309809 0.010155 0.022014
98 0.375242 0.203302 0.050290 0.022014
120 0.519101 0.857397 0.021760 0.022337
126 0.656915 0.545322 0.051741 0.022337
91 0.796905 0.910813 0.065764 0.022337
126 0.798114 0.333118 0.048839 0.022661
64 0.444874 0.284720 0.022244 0.022985
86 0.310203 0.767400 0.034333 0.022985
120 0.593327 0.851732 0.017408 0.023309
57 0.510155 0.641955 0.030948 0.023309
81 0.158607 0.646488 0.049323 0.023309
1003 0.790619 0.816445 0.057060 0.023309
1002 0.088008 0.451279 0.060928 0.023309
120 0.089458 0.152638 0.016441 0.023632
87 0.723404 0.855779 0.032882 0.023632
91 0.795455 0.743121 0.037718 0.023632
4345 0.512814 0.182421 0.045938 0.023632
56 0.083656 0.687116 0.048356 0.023632
87 0.512331 0.336355 0.033366 0.023956
65 0.729207 0.882810 0.033849 0.023956
56 0.582447 0.345743 0.047872 0.023956
56 0.088491 0.911136 0.019342 0.024280
285 0.725822 0.566688 0.042553 0.024280
980 0.865571 0.608611 0.048356 0.024603
76 0.370648 0.429751 0.033366 0.024927
3053 0.160300 0.515539 0.040135 0.024927
117 0.510155 0.770800 0.016441 0.025251
120 0.657398 0.908708 0.019826 0.025251
72 0.379110 0.140822 0.025145 0.025251
2151 0.157882 0.224021 0.046905 0.025251
91 0.230416 0.725801 0.063346 0.025251
120 0.657882 0.242959 0.019826 0.025575
85 0.157157 0.909841 0.020309 0.025575
88 0.443665 0.907899 0.023694 0.025575
87 0.510638 0.492878 0.038685 0.025575
68 0.158849 0.296051 0.052708 0.025575
366 0.296905 0.823891 0.044487 0.025898
62 0.721712 0.717870 0.027563 0.026222
60 0.440039 0.730010 0.017408 0.026546
119 0.725822 0.908061 0.022244 0.026546
2885 0.511122 0.737779 0.039652 0.026546
98 0.651596 0.811266 0.042070 0.026546
547 0.445358 0.213338 0.046422 0.026546
495 0.157398 0.704759 0.064313 0.026546
88 0.660783 0.376335 0.021760 0.026870
72 0.800532 0.118323 0.044004 0.026870
2151 0.794729 0.551797 0.044004 0.026870
58 0.230899 0.909194 0.044971 0.026870
56 0.861219 0.117028 0.045455 0.026870
113 0.585590 0.802039 0.051257 0.026870
98 0.297631 0.909194 0.051741 0.026870
127 0.807544 0.145193 0.066731 0.026870
120 0.371857 0.455811 0.018375 0.027193
117 0.519584 0.120427 0.022727 0.027193
72 0.159574 0.483328 0.040619 0.027193
72 0.798356 0.395921 0.043520 0.027193
91 0.520793 0.908061 0.063830 0.027193
88 0.858075 0.261411 0.014990 0.027517
87 0.235977 0.183393 0.041586 0.027517
88 0.862186 0.788767 0.043520 0.027517
67 0.802708 0.423276 0.045455 0.027517
51 0.514265 0.832470 0.048839 0.027517
495 0.376692 0.119294 0.056093 0.027517
119 0.585832 0.371641 0.020793 0.027841
74 0.656190 0.750081 0.029981 0.027841
1102 0.791103 0.847200 0.055126 0.027841
120 0.514023 0.797507 0.021277 0.028164
110 0.301983 0.364681 0.033366 0.028164
87 0.306818 0.232600 0.038201 0.028164
91 0.444149 0.502266 0.061412 0.028164
92 0.445116 0.153448 0.022727 0.028488
83 0.582930 0.260602 0.031431 0.028488
253 0.721228 0.642927 0.038201 0.028488
85 0.728965 0.278893 0.014023 0.028812
128 0.167795 0.669634 0.018375 0.028812
120 0.512331 0.520071 0.018859 0.028812
62 0.794004 0.483166 0.025145 0.028812
1083 0.445600 0.472483 0.034333 0.028812
91 0.084865 0.485108 0.045938 0.028812
95 0.087282 0.865329 0.044004 0.029136
1173 0.654255 0.680317 0.046422 0.029459
4345 0.653772 0.718194 0.046422 0.029459
2489 0.862186 0.755099 0.052224 0.029459
118 0.587282 0.830366 0.017892 0.029783
120 0.301499 0.698608 0.019826 0.029783
74 0.228965 0.447070 0.029497 0.029783
83 0.583656 0.398511 0.032882 0.029783
128 0.513781 0.273389 0.010155 0.030107
85 0.368956 0.748948 0.013540 0.030107
83 0.440764 0.599709 0.034333 0.030107
83 0.795455 0.266915 0.034816 0.030107
95 0.729449 0.476044 0.037234 0.030107
1921 0.654981 0.408385 0.042070 0.030107
98 0.720745 0.746034 0.051741 0.030107
88 0.581480 0.231143 0.014023 0.030431
83 0.158124 0.194885 0.036750 0.030431
726 0.442698 0.534153 0.043037 0.030431
978 0.442940 0.334736 0.045455 0.030431
107 0.302950 0.429427 0.028530 0.030754
83 0.794487 0.198932 0.033849 0.030754
83 0.369681 0.779378 0.038201 0.030754
95 0.444391 0.183069 0.045455 0.030754
89 0.084139 0.423276 0.053191 0.030754
1579 0.440764 0.878763 0.054642 0.030754
120 0.301983 0.262221 0.022727 0.031078
83 0.657157 0.650696 0.029981 0.031078
87 0.663926 0.121722 0.040619 0.031078
95 0.229207 0.624474 0.045455 0.031078
1579 0.513781 0.462286 0.047872 0.031078
56 0.438346 0.701036 0.017892 0.031402
93 0.161509 0.324539 0.039652 0.031402
1446 0.372099 0.326805 0.045938 0.031402
91 0.368230 0.903367 0.045938 0.031402
126 0.159574 0.796860 0.047389 0.031402
91 0.869681 0.518129 0.059478 0.031402
120 0.160300 0.765296 0.017892 0.031725
120 0.584139 0.473940 0.020309 0.031725
1197 0.512573 0.672710 0.046422 0.031725
70 0.443424 0.669149 0.047389 0.031725
89 0.225580 0.659113 0.052708 0.031725
111 0.512814 0.218355 0.022727 0.032049
111 0.863878 0.291195 0.025629 0.032049
91 0.581963 0.609421 0.042070 0.032049
1279 0.862186 0.227420 0.046422 0.032049
121 0.517892 0.364357 0.059961 0.032049
118 0.370406 0.695047 0.011605 0.032373
3053 0.380803 0.176109 0.035300 0.032373
83 0.369681 0.624474 0.041103 0.032373
124 0.301257 0.465523 0.041586 0.032373
2795 0.583172 0.645840 0.049323 0.032373
68 0.669004 0.618809 0.007253 0.032697
88 0.438104 0.569926 0.016441 0.032697
51 0.230174 0.217708 0.044487 0.032697
119 0.797147 0.453545 0.018859 0.033020
119 0.087041 0.735837 0.024178 0.033020
92 0.234284 0.246682 0.028530 0.033020
83 0.301741 0.394302 0.032882 0.033020
83 0.729207 0.354807 0.033849 0.033020
971 0.229691 0.689867 0.048356 0.033020
83 0.226547 0.516510 0.036267 0.033344
1815 0.723162 0.680965 0.039168 0.033344
4445 0.585106 0.540142 0.050290 0.033344
119 0.372582 0.399482 0.021760 0.033668
58 0.440522 0.842991 0.027079 0.033668
88 0.585348 0.506636 0.044971 0.033668
88 0.510638 0.710262 0.046422 0.033668
3735 0.094052 0.123988 0.046905 0.033668
1279 0.726306 0.243768 0.047389 0.033668
412 0.789894 0.881515 0.048839 0.033668
91 0.659333 0.306572 0.063346 0.033668
85 0.088975 0.791033 0.015474 0.033992
69 0.524178 0.885562 0.023211 0.033992
107 0.372340 0.365652 0.028046 0.033992
88 0.228240 0.798478 0.051257 0.033992
85 0.378385 0.290385 0.014990 0.034315
60 0.663201 0.149239 0.015957 0.034315
85 0.158849 0.558433 0.018859 0.034315
76 0.229691 0.281645 0.041586 0.034315
88 0.089217 0.181612 0.048839 0.034315
3735 0.589458 0.775008 0.049323 0.034315
127 0.375484 0.728391 0.062379 0.034315
653 0.658124 0.444966 0.044487 0.034639
91 0.094536 0.657332 0.073017 0.034639
107 0.157157 0.452250 0.027079 0.034963
75 0.382012 0.231790 0.035783 0.034963
76 0.658124 0.212690 0.037718 0.034963
104 0.655222 0.781483 0.045455 0.034963
757 0.656190 0.180641 0.048356 0.034963
1834 0.299081 0.624150 0.049807 0.034963
316 0.442698 0.366138 0.054642 0.034963
68 0.222437 0.879411 0.014507 0.035287
118 0.860977 0.902719 0.020793 0.035287
120 0.727998 0.533992 0.044971 0.035287
126 0.303433 0.294432 0.045938 0.035287
348 0.230416 0.555034 0.048839 0.035287
85 0.797389 0.167692 0.015474 0.035610
51 0.860251 0.867271 0.041586 0.035610
4032 0.587041 0.903852 0.047389 0.035610
1279 0.587041 0.123665 0.054159 0.035610
68 0.157882 0.165588 0.013056 0.035934
1799 0.228965 0.758660 0.027563 0.035934
1365 0.796663 0.232923 0.038201 0.035934
88 0.085832 0.319035 0.053675 0.035934
85 0.227515 0.484623 0.014023 0.036258
87 0.306335 0.163160 0.035300 0.036258
1917 0.156673 0.731305 0.043520 0.036258
121 0.866779 0.366138 0.058511 0.036258
118 0.227998 0.590644 0.011122 0.036581
119 0.656915 0.842829 0.020793 0.036581
1121 0.794971 0.710424 0.040619 0.036581
4421 0.505319 0.305762 0.048356 0.036581
107 0.441731 0.634833 0.029497 0.036905
1352 0.727998 0.124312 0.030464 0.036905
990 0.369197 0.660408 0.036267 0.036905
4646 0.581963 0.573001 0.044004 0.036905
3172 0.445841 0.124312 0.050290 0.036905
88 0.723888 0.833279 0.050290 0.036905
60 0.228240 0.375688 0.018375 0.037229
505 0.510155 0.422952 0.029981 0.037229
104 0.297147 0.737294 0.039168 0.037229
56 0.865329 0.402072 0.018859 0.037553
68 0.865329 0.439786 0.005319 0.037876
119 0.515474 0.152315 0.026112 0.037876
2201 0.304642 0.123988 0.044487 0.038200
4348 0.658849 0.510845 0.046905 0.038200
4328 0.791828 0.627711 0.049807 0.038200
2266 0.512331 0.555196 0.055609 0.038200
111 0.799323 0.363710 0.025145 0.038524
1917 0.652321 0.876821 0.039652 0.038524
1462 0.157640 0.411946 0.045455 0.038524
72 0.230899 0.412917 0.045938 0.038524
95 0.157398 0.617514 0.045938 0.038524
70 0.304400 0.534315 0.049807 0.038524
58 0.229932 0.143088 0.027563 0.038848
87 0.864845 0.328585 0.034333 0.038848
1879 0.721954 0.605050 0.034816 0.038848
1797 0.796663 0.668501 0.042070 0.038848
2233 0.863878 0.185497 0.044004 0.038848
2266 0.659574 0.272742 0.056093 0.039171
678 0.298114 0.876174 0.060445 0.039171
118 0.299565 0.501133 0.014023 0.039495
510 0.371373 0.820978 0.044487 0.039495
1128 0.087282 0.570735 0.059478 0.039495
1460 0.303675 0.664616 0.040619 0.040142
3665 0.726547 0.395597 0.046905 0.040142
119 0.795213 0.517805 0.030464 0.040466
2590 0.659574 0.582551 0.042553 0.040466
3323 0.083897 0.830528 0.046905 0.040466
63 0.311654 0.200550 0.047872 0.040466
1680 0.793762 0.300583 0.053675 0.040466
68 0.440764 0.805601 0.007253 0.041114
83 0.443424 0.247167 0.017408 0.041114
3871 0.793762 0.587083 0.035300 0.041114
2059 0.859043 0.552768 0.044971 0.041114
3913 0.438830 0.768048 0.046905 0.041114
4064 0.729449 0.440434 0.050774 0.041114
4116 0.862911 0.645840 0.044971 0.041437
1345 0.086074 0.278084 0.049323 0.041437
1778 0.375000 0.588378 0.048839 0.041761
1317 0.366779 0.865167 0.048839 0.041761
3768 0.582689 0.193266 0.056093 0.042085
118 0.081238 0.390579 0.023211 0.042409
68 0.164168 0.873260 0.039168 0.042409
1831 0.374275 0.544675 0.047389 0.042409
4721 0.724855 0.170767 0.050290 0.042409
1857 0.658124 0.336840 0.056093 0.042409
76 0.087041 0.348009 0.028046 0.042732
957 0.161267 0.129168 0.051741 0.042732
1358 0.441731 0.431046 0.040135 0.043056
1282 0.582930 0.438168 0.046905 0.043056
3995 0.156673 0.263354 0.048356 0.043056
2795 0.794246 0.779540 0.048839 0.043380
410 0.581238 0.732600 0.052224 0.043380
4532 0.084381 0.617837 0.049807 0.043703
2293 0.302708 0.328262 0.046422 0.044027
3143 0.856625 0.717222 0.048839 0.044998
4357 0.300532 0.579637 0.053675 0.044998
68 0.727998 0.315960 0.007253 0.045322
4116 0.507253 0.602298 0.042553 0.046293
68 0.865812 0.144060 0.009188 0.046617
1297 0.090667 0.214633 0.044004 0.046617
2819 0.583172 0.687601 0.045455 0.046617
83 0.863636 0.825995 0.020309 0.046941
753 0.866538 0.482519 0.062863 0.046941
4708 0.227031 0.836031 0.046905 0.047588
68 0.161025 0.364681 0.012573 0.048883
296 0.370890 0.498058 0.032882 0.048883
988 0.156915 0.835707 0.050774 0.048883
4429 0.083897 0.521852 0.053675 0.049207
68 0.236702 0.328423 0.036267 0.049531
445 0.583172 0.303658 0.050290 0.055681
