92 0.103600 0.761142 0.028000 0.010684
56 0.562200 0.530678 0.016400 0.011905
92 0.470000 0.384310 0.032800 0.012210
92 0.193800 0.607143 0.034000 0.014652
56 0.465600 0.597222 0.049600 0.014957
56 0.191400 0.855006 0.049200 0.015873
110 0.192000 0.709249 0.024800 0.016789
113 0.100400 0.820360 0.060000 0.018620
102 0.466800 0.283730 0.061600 0.018620
101 0.196400 0.428266 0.060000 0.019536
297 0.195200 0.452381 0.048800 0.020147
297 0.555800 0.834554 0.052400 0.020757
128 0.563600 0.287088 0.012000 0.021062
108 0.286600 0.622863 0.022000 0.021062
297 0.106800 0.563950 0.049600 0.021062
72 0.096600 0.738400 0.054800 0.021978
56 0.193800 0.399267 0.019600 0.022589
66 0.740200 0.682082 0.029200 0.023504
251 0.101400 0.597222 0.045200 0.024115
126 0.196000 0.369963 0.052800 0.024420
83 0.186400 0.833181 0.043200 0.024725
83 0.192800 0.876068 0.045600 0.025031
88 0.295000 0.500153 0.054000 0.025336
83 0.743800 0.871184 0.046000 0.025641
126 0.742600 0.651709 0.056400 0.025641
251 0.556400 0.869811 0.051200 0.025946
126 0.560400 0.606685 0.053600 0.025946
56 0.104600 0.476648 0.018800 0.026557
88 0.108800 0.531746 0.020000 0.026862
126 0.193000 0.766178 0.060400 0.026862
251 0.196200 0.488553 0.042800 0.027167
83 0.462000 0.620574 0.043200 0.027473
88 0.751200 0.386752 0.052000 0.027473
2489 0.469000 0.657509 0.056400 0.028083
66 0.467000 0.353022 0.028400 0.028999
98 0.462200 0.535562 0.066800 0.028999
66 0.192200 0.575702 0.030000 0.029304
83 0.193600 0.288614 0.042400 0.029609
88 0.561400 0.806166 0.062000 0.029915
123 0.564000 0.505037 0.059200 0.030220
2489 0.107400 0.288919 0.070000 0.030220
117 0.741600 0.760836 0.016800 0.030830
67 0.291000 0.593559 0.046800 0.030830
95 0.102200 0.676893 0.048400 0.030830
89 0.192600 0.684219 0.061200 0.030830
60 0.737800 0.792125 0.017200 0.031746
70 0.100400 0.849359 0.033600 0.032051
680 0.187400 0.800214 0.040400 0.032051
83 0.281400 0.777625 0.046800 0.032051
88 0.284000 0.743437 0.013600 0.032662
123 0.290200 0.243590 0.055600 0.032967
87 0.109400 0.447802 0.042800 0.033578
85 0.114600 0.321581 0.013200 0.033883
83 0.464400 0.461996 0.048800 0.034493
95 0.747400 0.425977 0.052400 0.034493
82 0.559800 0.314560 0.075600 0.034493
3041 0.291200 0.462149 0.066400 0.034799
115 0.556800 0.641789 0.054400 0.035714
85 0.471800 0.689103 0.011600 0.036325
121 0.112400 0.509921 0.061600 0.036325
78 0.566000 0.355769 0.046400 0.036935
28 0.382200 0.315476 0.050000 0.036935
123 0.379600 0.380495 0.064000 0.036935
98 0.646600 0.338370 0.065200 0.037546
119 0.745400 0.722222 0.019600 0.037851
96 0.558600 0.682540 0.058800 0.037851
683 0.465600 0.568987 0.064000 0.037851
92 0.563600 0.398199 0.028800 0.038156
76 0.099400 0.708486 0.030000 0.038462
3231 0.287000 0.814103 0.055600 0.038462
119 0.197400 0.737637 0.018800 0.038767
2193 0.199200 0.328297 0.064800 0.038767
126 0.567600 0.246642 0.058400 0.039072
58 0.554000 0.720543 0.027200 0.039377
2193 0.290600 0.701923 0.066800 0.039377
750 0.743800 0.616606 0.063600 0.040293
1129 0.746400 0.299145 0.041600 0.040904
4447 0.466800 0.501374 0.053600 0.041819
127 0.477800 0.313492 0.046000 0.042125
1129 0.193200 0.533883 0.048000 0.042125
2193 0.747600 0.349206 0.063200 0.042125
70 0.462600 0.736722 0.050800 0.042430
1129 0.099600 0.639042 0.046400 0.043040
4447 0.097200 0.785714 0.052800 0.043346
2397 0.286000 0.662546 0.059200 0.043651
68 0.094200 0.864164 0.008400 0.043956
683 0.107800 0.418651 0.068400 0.044261
118 0.290400 0.281899 0.016800 0.044872
76 0.742600 0.454365 0.030000 0.044872
3435 0.562800 0.565934 0.059200 0.045177
96 0.288600 0.326007 0.061200 0.045177
2193 0.556600 0.766178 0.062800 0.045177
2438 0.743400 0.834707 0.048400 0.045482
70 0.102200 0.366911 0.047600 0.046398
4447 0.654000 0.300977 0.056000 0.046398
2438 0.285800 0.858211 0.049200 0.048535
3354 0.737200 0.571734 0.052800 0.048840
58 0.289800 0.545024 0.042000 0.052808
68 0.469600 0.413767 0.008800 0.058303
68 0.745000 0.512210 0.008400 0.060440
68 0.196200 0.639652 0.006800 0.062576
