297 0.231716 0.443094 0.026093 0.013403
127 0.151966 0.444230 0.040059 0.017038
58 0.155641 0.463199 0.017273 0.019082
56 0.186880 0.418333 0.020948 0.020218
189 0.189085 0.490459 0.009923 0.022717
64 0.151415 0.423557 0.032341 0.023853
881 0.699743 0.730918 0.029401 0.024307
118 0.190187 0.441277 0.018008 0.024761
70 0.185042 0.466265 0.020213 0.024761
2844 0.233003 0.468310 0.042631 0.031122
1615 0.285006 0.394480 0.055494 0.032485
840 0.708012 0.763403 0.049614 0.040209
3216 0.226020 0.415834 0.044101 0.040663
119 0.157479 0.493753 0.014333 0.042026
1229 0.766814 0.665039 0.067255 0.044298
707 0.290518 0.435370 0.055494 0.048841
707 0.771775 0.710359 0.057332 0.049977
1920 0.697721 0.698887 0.061374 0.052476
