200 0.656809 0.369872 0.018298 0.005897
861 0.052766 0.491667 0.036596 0.019744
88 0.628085 0.765385 0.024681 0.020513
91 0.714255 0.463590 0.042128 0.021026
495 0.625957 0.355128 0.050213 0.021026
109 0.545957 0.354744 0.034043 0.021282
102 0.715106 0.283333 0.037872 0.022051
683 0.624043 0.491410 0.048085 0.022308
65 0.630426 0.659872 0.031064 0.022821
1180 0.708085 0.802692 0.040000 0.022821
126 0.712128 0.563333 0.029362 0.023077
2151 0.547234 0.219615 0.039149 0.023333
117 0.709574 0.731410 0.032766 0.023846
109 0.711489 0.223077 0.043404 0.024103
60 0.544043 0.328333 0.015745 0.024359
3045 0.071702 0.521538 0.038723 0.024615
2555 0.057660 0.318974 0.044681 0.024615
249 0.060638 0.218077 0.042128 0.024872
359 0.707660 0.356538 0.045106 0.024872
83 0.622766 0.866923 0.027660 0.025128
91 0.545957 0.252821 0.030638 0.025128
126 0.627872 0.221667 0.032766 0.026410
126 0.625957 0.697308 0.034043 0.026923
64 0.628936 0.290385 0.015319 0.027436
117 0.545319 0.456538 0.025957 0.027436
2222 0.704468 0.867051 0.042128 0.027949
120 0.709574 0.664615 0.020851 0.028205
120 0.625745 0.389231 0.024255 0.028205
3203 0.710426 0.527436 0.032766 0.028205
370 0.707447 0.495000 0.046383 0.028462
70 0.543404 0.389231 0.025532 0.028718
76 0.628085 0.598205 0.036596 0.028718
87 0.627447 0.418333 0.037021 0.029487
2222 0.625957 0.732821 0.039149 0.029744
3893 0.621489 0.561667 0.048936 0.030513
51 0.623617 0.803846 0.031915 0.030769
717 0.711277 0.595513 0.046383 0.031026
1134 0.058085 0.385000 0.047234 0.031026
2824 0.056383 0.352179 0.051489 0.031026
111 0.544468 0.419615 0.028511 0.031538
70 0.712128 0.255897 0.022553 0.032308
70 0.709362 0.634103 0.023830 0.032308
68 0.711277 0.390128 0.008085 0.033077
1267 0.055106 0.456667 0.053191 0.033333
1788 0.059574 0.285256 0.049362 0.034103
63 0.631915 0.836795 0.040851 0.034615
4147 0.706383 0.834231 0.049362 0.034615
68 0.709787 0.770897 0.008511 0.035128
68 0.628298 0.321923 0.012340 0.035128
107 0.627234 0.630513 0.028936 0.035385
1114 0.060638 0.249231 0.039574 0.035385
70 0.628298 0.258462 0.034468 0.035897
2429 0.618085 0.525641 0.044681 0.035897
4679 0.707872 0.426410 0.054043 0.035897
111 0.709149 0.697051 0.029362 0.036154
119 0.626596 0.451667 0.016596 0.036667
2946 0.049574 0.421923 0.047234 0.037692
68 0.711915 0.321154 0.011064 0.040769
68 0.542128 0.495256 0.011064 0.041795
