246 0.301320 0.867715 0.032303 0.003901
110 0.605940 0.772832 0.017020 0.008261
83 0.588399 0.891579 0.018062 0.008949
316 0.767454 0.268013 0.023967 0.011014
52 0.370094 0.820101 0.025356 0.011014
91 0.224731 0.703075 0.025009 0.011932
300 0.766412 0.353717 0.021188 0.012162
978 0.767801 0.302088 0.030219 0.012162
85 0.579715 0.805645 0.006947 0.012850
1821 0.580931 0.773979 0.023272 0.012850
91 0.082841 0.737724 0.023967 0.012850
881 0.461792 0.648807 0.021188 0.013538
91 0.446857 0.393873 0.023272 0.013997
52 0.437826 0.633777 0.012157 0.014686
499 0.455887 0.687930 0.039944 0.014686
101 0.822855 0.480496 0.045849 0.014686
1810 0.301320 0.781895 0.019104 0.014915
2824 0.765717 0.318151 0.028829 0.014915
2193 0.606461 0.806907 0.023619 0.015374
52 0.371136 0.334328 0.020493 0.015603
2595 0.460577 0.665672 0.020841 0.015603
978 0.579368 0.757458 0.020841 0.015603
52 0.443036 0.282010 0.022577 0.015603
52 0.447030 0.562184 0.023619 0.015603
560 0.606113 0.759293 0.026398 0.015603
2795 0.765023 0.252180 0.027440 0.015603
98 0.368357 0.834672 0.035776 0.015833
91 0.297673 0.258490 0.027787 0.016292
2795 0.579020 0.790041 0.022230 0.016521
91 0.720215 0.359569 0.023272 0.016521
91 0.154741 0.335016 0.026051 0.016521
98 0.435047 0.649725 0.021883 0.017210
88 0.080584 0.794975 0.027787 0.017210
91 0.298194 0.881368 0.023967 0.017439
91 0.719173 0.518816 0.027440 0.017439
88 0.658909 0.358192 0.029177 0.017439
3764 0.767975 0.336393 0.030566 0.017439
2151 0.372004 0.853832 0.033345 0.017439
92 0.460056 0.632056 0.014936 0.017669
91 0.369225 0.744952 0.023619 0.017669
88 0.517367 0.439995 0.032303 0.017669
1300 0.763633 0.283502 0.026745 0.018128
978 0.594130 0.615879 0.032998 0.018357
547 0.449288 0.762162 0.029524 0.018587
95 0.522577 0.580886 0.031608 0.018587
1197 0.521014 0.880564 0.031956 0.018587
92 0.605071 0.787402 0.013894 0.019045
1810 0.721605 0.468449 0.019104 0.019045
3865 0.603856 0.828706 0.019104 0.019045
83 0.079368 0.849128 0.021883 0.019045
4350 0.765544 0.230037 0.022230 0.019045
83 0.223515 0.880335 0.024661 0.019045
91 0.450677 0.741739 0.028135 0.019045
72 0.372873 0.536140 0.031608 0.019045
1173 0.083536 0.478086 0.032998 0.019045
92 0.661341 0.871960 0.020841 0.019275
2887 0.764849 0.206746 0.031956 0.019275
2409 0.662035 0.769160 0.033345 0.019275
2471 0.516151 0.299220 0.038902 0.019275
85 0.224557 0.860831 0.007989 0.019504
560 0.591872 0.852799 0.034734 0.019504
885 0.370788 0.291533 0.037860 0.019504
85 0.300278 0.523061 0.009378 0.019963
107 0.658736 0.435636 0.017020 0.019963
126 0.518409 0.834901 0.023272 0.019963
359 0.589788 0.263883 0.037513 0.020193
87 0.083189 0.299105 0.018409 0.020422
83 0.512157 0.364273 0.021188 0.020422
85 0.375999 0.491625 0.021188 0.020422
98 0.371657 0.351193 0.031956 0.020422
88 0.304099 0.639628 0.022577 0.020881
88 0.589614 0.345112 0.030219 0.021111
126 0.818166 0.686783 0.030914 0.021111
683 0.226815 0.499541 0.036124 0.021111
683 0.082494 0.355438 0.039944 0.021111
85 0.370441 0.799564 0.010768 0.021340
1579 0.446509 0.852570 0.032303 0.021340
98 0.515630 0.789697 0.034387 0.021340
118 0.658736 0.659362 0.009378 0.021799
83 0.153873 0.632744 0.026398 0.021799
2151 0.227857 0.527650 0.033345 0.021799
2151 0.302362 0.585016 0.035082 0.021799
98 0.513894 0.385842 0.036471 0.021799
2471 0.596214 0.591670 0.037860 0.021799
712 0.577110 0.826526 0.016325 0.022028
322 0.463529 0.610142 0.019104 0.022028
88 0.303578 0.345571 0.031956 0.022028
359 0.303230 0.694585 0.036124 0.022028
302 0.717437 0.735659 0.037860 0.022028
98 0.372873 0.593736 0.032303 0.022258
2751 0.079715 0.506310 0.034387 0.022258
121 0.300452 0.470973 0.034734 0.022258
560 0.154394 0.500344 0.036471 0.022258
881 0.448941 0.481987 0.037166 0.022258
85 0.370615 0.316085 0.012504 0.022717
126 0.519625 0.671983 0.025009 0.022717
72 0.658909 0.458352 0.029177 0.022717
110 0.592046 0.876205 0.031608 0.022717
3956 0.721605 0.410624 0.037166 0.022717
3956 0.519625 0.493001 0.037513 0.022717
76 0.660472 0.823084 0.018409 0.022946
699 0.718131 0.383892 0.028829 0.022946
107 0.591872 0.490592 0.030566 0.022946
88 0.659604 0.570904 0.030566 0.022946
4486 0.304793 0.723268 0.032303 0.022946
725 0.722299 0.494722 0.033692 0.022946
4486 0.301667 0.414181 0.039944 0.022946
3053 0.519972 0.768587 0.023619 0.023176
107 0.660820 0.379417 0.030914 0.023176
4486 0.591699 0.291533 0.034387 0.023176
85 0.444599 0.262391 0.011115 0.023635
83 0.079889 0.676113 0.026398 0.023635
1821 0.594130 0.639628 0.032998 0.023635
113 0.301320 0.662345 0.033692 0.023635
118 0.374783 0.512850 0.008336 0.023864
107 0.593783 0.438504 0.019104 0.023864
2419 0.661167 0.793713 0.030219 0.023864
1579 0.373915 0.621845 0.030914 0.023864
1762 0.304620 0.611749 0.031956 0.023864
98 0.816603 0.811611 0.036124 0.023864
398 0.722994 0.267554 0.038555 0.023864
840 0.517714 0.642955 0.041334 0.023864
119 0.225947 0.834672 0.026051 0.024094
4182 0.519451 0.858536 0.032998 0.024094
366 0.661167 0.515489 0.035776 0.024094
91 0.379472 0.404888 0.050365 0.024094
2147 0.662556 0.714204 0.030219 0.024553
98 0.444078 0.303006 0.032998 0.024553
1579 0.518757 0.812414 0.034387 0.024553
2787 0.153352 0.735544 0.036471 0.024553
91 0.725773 0.786485 0.041334 0.024553
111 0.817471 0.496558 0.015630 0.024782
117 0.719868 0.603029 0.017020 0.024782
111 0.662730 0.598899 0.023619 0.024782
126 0.375304 0.463056 0.025356 0.024782
126 0.228031 0.303809 0.026051 0.024782
85 0.436436 0.612781 0.019104 0.025011
120 0.663598 0.847981 0.030219 0.025011
126 0.448246 0.453534 0.032303 0.025011
3562 0.372178 0.378499 0.036471 0.025011
1296 0.448246 0.510899 0.038555 0.025011
58 0.302536 0.316315 0.019451 0.025470
87 0.227683 0.432194 0.023967 0.025470
126 0.227857 0.588229 0.027787 0.025470
87 0.223341 0.804612 0.029177 0.025470
870 0.720910 0.544172 0.030914 0.025470
480 0.720910 0.670376 0.032998 0.025470
1282 0.082494 0.628385 0.034387 0.025470
91 0.086141 0.452157 0.038902 0.025470
92 0.303057 0.753098 0.019104 0.025700
93 0.818513 0.388251 0.020493 0.025700
126 0.449635 0.873336 0.021883 0.025700
3053 0.520841 0.557595 0.024661 0.025700
505 0.659430 0.741395 0.028135 0.025700
254 0.819382 0.528224 0.030566 0.025700
1113 0.082147 0.269619 0.031608 0.025700
119 0.082147 0.652708 0.014936 0.025929
126 0.155957 0.469826 0.025009 0.025929
120 0.230983 0.399839 0.030566 0.025929
1797 0.445467 0.332836 0.031608 0.025929
577 0.080931 0.423933 0.034734 0.025929
85 0.447204 0.542795 0.010768 0.026388
58 0.081452 0.598554 0.018409 0.026388
870 0.660472 0.546237 0.029524 0.026388
3019 0.157346 0.396856 0.036124 0.026388
1417 0.820771 0.750229 0.036124 0.026388
2784 0.226294 0.560922 0.036471 0.026388
126 0.081799 0.533502 0.024661 0.026618
91 0.816777 0.597522 0.032998 0.026618
98 0.446857 0.582148 0.035776 0.026618
2801 0.151962 0.768242 0.036471 0.026618
3019 0.374783 0.435062 0.037513 0.026618
3136 0.079715 0.824575 0.023967 0.026847
870 0.591004 0.320904 0.030219 0.026847
896 0.518062 0.465925 0.033692 0.026847
87 0.152657 0.801859 0.019799 0.027306
93 0.664988 0.483593 0.032303 0.027306
2795 0.372525 0.876664 0.034387 0.027306
1665 0.152831 0.663492 0.038902 0.027306
126 0.373915 0.648922 0.023272 0.027536
3562 0.083883 0.709270 0.029524 0.027536
1317 0.590483 0.410050 0.030566 0.027536
2190 0.159083 0.363011 0.031956 0.027536
121 0.814172 0.357733 0.038902 0.027536
4447 0.724557 0.299220 0.040292 0.027536
2173 0.817124 0.454796 0.042028 0.027536
70 0.226294 0.372763 0.017020 0.027765
119 0.302188 0.496214 0.018062 0.027765
1877 0.300278 0.847751 0.023272 0.027765
1891 0.452067 0.712368 0.030914 0.027765
127 0.660646 0.686439 0.034734 0.027765
2983 0.369746 0.264686 0.031608 0.028224
870 0.155089 0.267898 0.032998 0.028224
1573 0.078499 0.566659 0.040292 0.028224
2853 0.719000 0.761244 0.041681 0.028224
1768 0.818340 0.289927 0.048628 0.028224
4447 0.659430 0.296696 0.035082 0.028453
68 0.592393 0.465007 0.012157 0.028683
2590 0.299931 0.445732 0.021883 0.028683
4741 0.083883 0.874598 0.033692 0.028683
68 0.662035 0.407871 0.005557 0.029142
303 0.372178 0.715581 0.036471 0.029142
87 0.819729 0.841441 0.027787 0.029371
70 0.595519 0.520422 0.030914 0.029371
1406 0.658388 0.266866 0.032998 0.029371
3711 0.521883 0.701927 0.033692 0.029371
2795 0.720215 0.331115 0.037166 0.029371
2854 0.155957 0.529371 0.037513 0.029371
2587 0.819034 0.716384 0.038902 0.029371
2484 0.224904 0.267554 0.039250 0.029371
1894 0.298541 0.809890 0.025356 0.029601
91 0.720215 0.572396 0.027440 0.029601
3019 0.372004 0.680702 0.031956 0.029601
3053 0.373567 0.568724 0.032998 0.029601
119 0.588572 0.733249 0.018409 0.030060
942 0.446336 0.367485 0.031956 0.030060
443 0.079889 0.763997 0.031956 0.030060
4229 0.594130 0.374369 0.038555 0.030060
87 0.592393 0.702731 0.023272 0.030519
70 0.156478 0.832148 0.030219 0.030978
1579 0.448941 0.420950 0.032998 0.030978
1406 0.818166 0.254016 0.034387 0.031207
4356 0.720563 0.818380 0.029524 0.031436
1917 0.719521 0.701813 0.031608 0.031436
92 0.719173 0.440684 0.021883 0.031895
1917 0.447551 0.789009 0.034387 0.031895
2256 0.820771 0.563561 0.038902 0.032125
1880 0.658736 0.632056 0.026745 0.032354
1306 0.081452 0.388596 0.030219 0.032354
4401 0.300452 0.287402 0.031956 0.032354
2249 0.660820 0.329624 0.033692 0.032354
1406 0.226294 0.730955 0.035082 0.032354
1579 0.515283 0.412460 0.035776 0.032354
4030 0.520841 0.611634 0.036471 0.032354
3114 0.819903 0.422556 0.047586 0.032354
2591 0.226120 0.338343 0.030566 0.032813
85 0.154568 0.568495 0.031956 0.032813
4460 0.510247 0.267898 0.031956 0.033272
68 0.521188 0.736462 0.007294 0.033731
119 0.819208 0.873681 0.018409 0.033731
2795 0.592393 0.670376 0.034387 0.033731
1065 0.819208 0.783731 0.037860 0.033731
4121 0.372525 0.772832 0.037166 0.033961
3074 0.155436 0.434144 0.037860 0.033961
111 0.152136 0.868632 0.029177 0.034649
119 0.082147 0.326755 0.016325 0.034878
2484 0.302362 0.377696 0.032303 0.034878
68 0.518757 0.523749 0.007989 0.035108
268 0.153873 0.302088 0.026398 0.035108
1232 0.515978 0.332148 0.035082 0.035108
4460 0.595867 0.557366 0.045502 0.035796
75 0.301494 0.551056 0.033345 0.036026
68 0.446857 0.825264 0.010073 0.036485
2795 0.223515 0.767783 0.032998 0.036714
3562 0.225252 0.671983 0.032998 0.036944
68 0.156304 0.601652 0.006947 0.037632
4460 0.222820 0.626549 0.029524 0.038320
119 0.227336 0.465810 0.017714 0.038550
87 0.816950 0.330083 0.026398 0.039697
68 0.721778 0.635039 0.011115 0.040615
63 0.154741 0.702042 0.028135 0.041992
2795 0.720389 0.859339 0.033345 0.047728
296 0.819382 0.643759 0.027787 0.054842
