101 0.613779 0.973702 0.085727 0.021039
162 0.664497 0.121795 0.031867 0.023340
297 0.653052 0.090565 0.053860 0.025312
101 0.401706 0.498849 0.077199 0.028600
1006 0.731149 0.477153 0.064632 0.031229
120 0.532989 0.921433 0.035458 0.031558
101 0.482271 0.306377 0.069569 0.031558
120 0.393851 0.458909 0.037253 0.033531
278 0.813061 0.516272 0.013914 0.034517
56 0.813959 0.205621 0.057899 0.035832
101 0.641382 0.499836 0.059246 0.035832
126 0.726661 0.957758 0.078995 0.035832
74 0.464093 0.489152 0.030521 0.038133
74 0.549147 0.553419 0.031867 0.041091
74 0.719031 0.589579 0.030521 0.042406
495 0.463869 0.263149 0.052513 0.043064
91 0.724865 0.440664 0.037702 0.044379
126 0.571364 0.322485 0.068223 0.044707
98 0.730027 0.286489 0.046230 0.045694
101 0.399910 0.164859 0.061041 0.045694
1799 0.817325 0.477318 0.030521 0.046022
56 0.547801 0.220085 0.024686 0.046351
91 0.703995 0.857824 0.039946 0.046351
66 0.550718 0.162558 0.034111 0.048323
87 0.538824 0.882479 0.050718 0.049638
88 0.473294 0.216634 0.031867 0.053912
1639 0.816203 0.426857 0.052513 0.054241
110 0.726212 0.335470 0.048474 0.054898
126 0.403950 0.361440 0.078995 0.056213
56 0.460727 0.760191 0.030072 0.056870
87 0.560817 0.270053 0.050718 0.056870
126 0.739004 0.711210 0.083932 0.057528
111 0.549596 0.673899 0.039048 0.057857
64 0.820018 0.373767 0.044883 0.057857
98 0.467908 0.161900 0.057002 0.058843
60 0.553636 0.499343 0.045332 0.061801
70 0.552962 0.438363 0.050269 0.062788
1083 0.732271 0.167982 0.039048 0.063116
104 0.822262 0.320842 0.039497 0.063116
127 0.729354 0.389218 0.061041 0.063116
2542 0.740799 0.104043 0.051616 0.063445
1799 0.630835 0.449540 0.047127 0.064103
126 0.636670 0.724195 0.066876 0.064431
88 0.726436 0.535996 0.037253 0.064760
268 0.613779 0.930802 0.070467 0.064760
495 0.554084 0.104701 0.078546 0.068047
53 0.557226 0.380342 0.025583 0.068376
117 0.472846 0.097140 0.015709 0.068705
58 0.548923 0.606673 0.055655 0.069362
98 0.397890 0.422584 0.071364 0.069362
107 0.814183 0.255753 0.026930 0.069691
505 0.609740 0.865385 0.067774 0.070020
74 0.724192 0.233563 0.027379 0.070677
2925 0.708259 0.904339 0.052065 0.072321
121 0.717908 0.646450 0.045332 0.072650
330 0.617594 0.798981 0.053860 0.073964
98 0.466562 0.694773 0.068671 0.073964
264 0.640934 0.380671 0.050269 0.076266
2542 0.401706 0.215812 0.061041 0.076594
117 0.553636 0.742110 0.037253 0.077252
98 0.636670 0.550131 0.069569 0.077252
1083 0.392280 0.304405 0.055655 0.078895
121 0.462074 0.547173 0.048025 0.079224
126 0.473743 0.624096 0.068671 0.079224
98 0.544434 0.821335 0.070018 0.081854
588 0.641831 0.184583 0.062837 0.082512
971 0.401032 0.105358 0.077648 0.089744
2896 0.712074 0.787804 0.058797 0.092373
68 0.643402 0.640204 0.009425 0.103550
296 0.808797 0.589415 0.052065 0.110454
68 0.642953 0.283202 0.019300 0.119987
68 0.467684 0.393162 0.019749 0.140697
68 0.455566 0.862919 0.026930 0.151216
68 0.382855 0.650230 0.023339 0.276134
