169 0.654447 0.143836 0.019395 0.010437
101 0.222564 0.850130 0.065752 0.011416
101 0.544229 0.248858 0.069536 0.018265
698 0.386708 0.410470 0.021287 0.018591
60 0.635998 0.576810 0.037370 0.021200
861 0.819536 0.352250 0.042100 0.022179
83 0.153737 0.500326 0.039735 0.023483
173 0.473273 0.664710 0.044939 0.023483
495 0.811731 0.437541 0.056764 0.023810
113 0.241958 0.374755 0.061022 0.026093
495 0.541864 0.849641 0.064806 0.026093
83 0.111400 0.736301 0.044939 0.027071
101 0.157285 0.389596 0.088458 0.027071
251 0.719253 0.291422 0.053453 0.028376
495 0.619915 0.156719 0.054399 0.028376
189 0.727058 0.752120 0.017029 0.028702
123 0.808420 0.827789 0.026490 0.028702
60 0.313387 0.254566 0.041154 0.029680
83 0.297304 0.845564 0.053453 0.029680
83 0.635998 0.680528 0.041154 0.030333
278 0.903737 0.559035 0.012772 0.031311
83 0.811968 0.581213 0.043046 0.031311
60 0.385762 0.767613 0.040208 0.031637
251 0.622044 0.065395 0.043519 0.032290
120 0.546831 0.912916 0.030274 0.032616
126 0.718543 0.252446 0.060549 0.032616
495 0.155866 0.426125 0.080889 0.032942
83 0.634106 0.918950 0.056291 0.033594
252 0.155393 0.565395 0.057237 0.033594
85 0.907048 0.351272 0.024125 0.033920
302 0.550142 0.629648 0.049196 0.034247
113 0.899953 0.276745 0.051561 0.034247
70 0.115658 0.802185 0.042100 0.034899
302 0.555818 0.459067 0.049196 0.034899
130 0.156339 0.529028 0.044939 0.035225
495 0.544465 0.273973 0.071902 0.035225
88 0.643094 0.885029 0.026017 0.035551
162 0.734390 0.327299 0.030747 0.035551
102 0.129849 0.837410 0.051561 0.035551
56 0.103359 0.576810 0.026017 0.036204
123 0.467597 0.417971 0.033586 0.036204
68 0.113292 0.705643 0.041154 0.036204
302 0.798250 0.132583 0.043992 0.036204
60 0.240776 0.407045 0.041627 0.036530
68 0.157521 0.600783 0.045412 0.036530
127 0.100047 0.548598 0.053453 0.036530
83 0.146168 0.245271 0.054872 0.036530
83 0.231788 0.568004 0.039735 0.037508
68 0.311258 0.187052 0.051088 0.037508
60 0.307947 0.750652 0.056764 0.037508
56 0.467597 0.531963 0.023179 0.037834
691 0.299669 0.549250 0.053453 0.037834
56 0.627956 0.275277 0.061022 0.037834
58 0.899243 0.313275 0.052980 0.038160
495 0.540681 0.770874 0.070009 0.038160
117 0.639546 0.545825 0.026490 0.038813
958 0.294702 0.884703 0.041627 0.038813
83 0.319536 0.390411 0.032640 0.039139
126 0.735809 0.612524 0.063860 0.039139
98 0.916746 0.446673 0.051088 0.039465
560 0.539499 0.813927 0.054399 0.039465
57 0.552034 0.354044 0.068117 0.039465
123 0.901608 0.238911 0.032167 0.040117
66 0.718780 0.366438 0.036424 0.040117
88 0.548250 0.316862 0.037843 0.040117
127 0.469726 0.571265 0.052980 0.040117
1782 0.470908 0.886986 0.059130 0.040117
104 0.156575 0.637312 0.037843 0.040444
76 0.549905 0.876712 0.040208 0.040444
113 0.314333 0.219830 0.061968 0.040444
88 0.727294 0.451239 0.036424 0.040770
69 0.243377 0.340672 0.059130 0.041422
60 0.622517 0.233203 0.037843 0.041748
126 0.463340 0.268754 0.059130 0.041748
92 0.457190 0.159980 0.035478 0.042727
2222 0.728240 0.573222 0.052507 0.042727
1799 0.909650 0.522505 0.035951 0.043053
1639 0.911306 0.483692 0.055345 0.043053
126 0.812204 0.863992 0.066225 0.043053
547 0.123226 0.764351 0.045885 0.043379
3231 0.727767 0.654762 0.047777 0.043379
1834 0.467360 0.067678 0.052980 0.043379
87 0.242431 0.297619 0.057237 0.043379
1338 0.711211 0.074853 0.075213 0.043379
88 0.110454 0.668134 0.023179 0.044031
119 0.162961 0.678571 0.024125 0.044031
126 0.237701 0.767613 0.065752 0.044031
111 0.802034 0.209883 0.041154 0.044684
253 0.460028 0.321102 0.042100 0.044684
51 0.102649 0.509295 0.043519 0.044684
717 0.796831 0.173679 0.072375 0.045336
1087 0.472800 0.927919 0.064806 0.045662
118 0.728713 0.789791 0.016556 0.045988
1933 0.715941 0.213470 0.058184 0.045988
118 0.390965 0.128995 0.021287 0.046641
56 0.725875 0.836921 0.052507 0.046967
553 0.809603 0.909654 0.055345 0.046967
117 0.627956 0.188356 0.030747 0.047293
68 0.308184 0.594097 0.053453 0.047293
117 0.643567 0.718689 0.024125 0.047945
56 0.236755 0.253588 0.027909 0.047945
92 0.300615 0.642368 0.034532 0.047945
127 0.628430 0.317841 0.054399 0.047945
642 0.467833 0.839693 0.060549 0.047945
119 0.640965 0.767123 0.030274 0.048271
66 0.232025 0.666014 0.044939 0.048271
126 0.476112 0.789302 0.054399 0.048271
88 0.234390 0.525277 0.030747 0.048598
62 0.109272 0.618558 0.034059 0.048598
4039 0.810076 0.691292 0.049669 0.048598
1656 0.812204 0.542237 0.064333 0.048598
92 0.650189 0.407208 0.056291 0.049250
92 0.385052 0.671885 0.028382 0.049576
88 0.552271 0.726680 0.033586 0.049576
2836 0.232971 0.134051 0.054399 0.049576
87 0.390965 0.497717 0.061968 0.049576
126 0.324503 0.138291 0.073794 0.049576
58 0.720672 0.410470 0.032640 0.049902
2983 0.816462 0.312622 0.062441 0.049902
553 0.232971 0.611546 0.054399 0.050881
107 0.468070 0.620515 0.043046 0.051207
68 0.388600 0.621820 0.043046 0.051207
78 0.812914 0.261742 0.048723 0.051207
51 0.809603 0.793379 0.056291 0.051207
3868 0.802744 0.089041 0.035951 0.052185
88 0.220908 0.819472 0.043519 0.053164
107 0.464522 0.373125 0.032167 0.053490
118 0.391911 0.724234 0.020341 0.054468
4039 0.226821 0.889269 0.066698 0.054468
68 0.149243 0.075179 0.071429 0.054468
88 0.317408 0.344749 0.032167 0.054795
68 0.246216 0.942759 0.008988 0.055773
189 0.304399 0.503425 0.023179 0.055773
107 0.633633 0.355349 0.028855 0.055773
1316 0.623226 0.110404 0.053453 0.056425
1995 0.455771 0.117580 0.060076 0.057078
115 0.224693 0.718689 0.066225 0.057078
577 0.242904 0.076647 0.064806 0.057404
76 0.456717 0.210209 0.034532 0.057730
316 0.305345 0.931996 0.079943 0.057730
1316 0.559839 0.676288 0.072375 0.058382
958 0.702460 0.166830 0.037843 0.059035
98 0.906102 0.396771 0.055345 0.059035
4064 0.385052 0.273483 0.062441 0.059035
83 0.374882 0.896934 0.065752 0.060013
1831 0.813150 0.486138 0.052980 0.060992
505 0.149243 0.282453 0.064806 0.061318
51 0.389073 0.074527 0.052507 0.062296
350 0.387417 0.451566 0.058657 0.062296
1995 0.538789 0.207436 0.077578 0.062622
3032 0.715941 0.127528 0.061968 0.063927
118 0.304163 0.699119 0.026490 0.064905
88 0.246925 0.190639 0.039735 0.064905
51 0.902318 0.186073 0.056291 0.064905
2836 0.548250 0.579419 0.060549 0.064905
2193 0.315279 0.080724 0.063860 0.064905
68 0.730132 0.704827 0.044939 0.065232
3136 0.304636 0.801696 0.064333 0.065232
268 0.468780 0.733692 0.043519 0.065558
268 0.150662 0.344586 0.062914 0.065558
60 0.304636 0.442433 0.041627 0.067515
624 0.808657 0.393836 0.042100 0.067515
2438 0.150899 0.459720 0.054872 0.067515
119 0.469489 0.470809 0.026963 0.068819
4135 0.554636 0.402479 0.072375 0.069145
68 0.559839 0.150196 0.008042 0.072733
81 0.153500 0.131768 0.056291 0.073059
2438 0.813150 0.634214 0.060549 0.073386
64 0.548013 0.077136 0.043046 0.074038
3136 0.392857 0.821429 0.059130 0.075995
3684 0.641202 0.827952 0.060076 0.079256
2438 0.629612 0.626223 0.056764 0.079583
110 0.149716 0.195532 0.048723 0.079909
68 0.734390 0.897097 0.008988 0.083170
68 0.637417 0.478474 0.011826 0.092629
624 0.546594 0.510111 0.060076 0.093933
296 0.384106 0.349804 0.045412 0.095564
119 0.399480 0.571265 0.033586 0.098826
296 0.897351 0.624266 0.049196 0.099152
68 0.745270 0.519080 0.009934 0.101435
68 0.821902 0.761742 0.015610 0.106001
68 0.125118 0.907534 0.024125 0.107306
68 0.341769 0.299576 0.014664 0.116438
47 0.405156 0.180365 0.035478 0.129159
68 0.263245 0.462655 0.016556 0.134051
68 0.500710 0.703686 0.007096 0.141226
