101 0.201784 0.553804 0.057971 0.016450
101 0.532887 0.803119 0.055741 0.017478
101 0.315496 0.580535 0.052397 0.018506
101 0.623467 0.594243 0.037347 0.019191
52 0.101449 0.365490 0.050167 0.019534
64 0.334448 0.864291 0.023411 0.020562
91 0.294872 0.613777 0.036789 0.020562
72 0.292642 0.673235 0.027871 0.020905
92 0.529264 0.829507 0.042921 0.020905
52 0.532887 0.553633 0.045708 0.020905
122 0.336678 0.887594 0.035674 0.021247
188 0.657191 0.630569 0.041249 0.021247
98 0.855072 0.561001 0.060201 0.021247
52 0.335284 0.644791 0.035117 0.021590
1002 0.640747 0.505997 0.039576 0.021590
495 0.287904 0.818197 0.042921 0.021590
101 0.638517 0.199794 0.055184 0.021933
64 0.883222 0.250343 0.029543 0.022276
98 0.336678 0.813057 0.039019 0.022276
92 0.754738 0.532042 0.044593 0.022961
88 0.882107 0.198081 0.035117 0.023304
126 0.880435 0.456134 0.047380 0.023304
120 0.292921 0.695853 0.020624 0.023646
64 0.289019 0.789411 0.028428 0.023646
52 0.207637 0.881083 0.050725 0.023989
101 0.527035 0.697053 0.060758 0.023989
193 0.759755 0.296950 0.039019 0.024332
547 0.843088 0.421350 0.040691 0.024332
166 0.884894 0.168266 0.016165 0.024674
91 0.100613 0.544208 0.048495 0.024674
63 0.186455 0.163811 0.039576 0.025360
120 0.182832 0.189342 0.023411 0.025703
119 0.887402 0.274503 0.021182 0.026045
1002 0.101171 0.396162 0.038462 0.026045
57 0.104794 0.701165 0.042363 0.026045
126 0.836399 0.167581 0.047380 0.026045
66 0.856466 0.624914 0.030658 0.026388
57 0.345039 0.750685 0.031215 0.026388
51 0.231605 0.167752 0.037347 0.026388
4116 0.645206 0.519534 0.028428 0.026731
76 0.294036 0.725668 0.038462 0.027073
104 0.840858 0.327108 0.040691 0.027073
91 0.098662 0.218814 0.050167 0.027073
118 0.880435 0.363948 0.018395 0.027416
81 0.884337 0.224469 0.036232 0.027416
56 0.316054 0.556888 0.021182 0.028101
56 0.204849 0.403358 0.021739 0.028101
81 0.754181 0.457162 0.054627 0.028101
52 0.313545 0.525531 0.047380 0.028444
81 0.858138 0.775703 0.056299 0.028444
132 0.642698 0.658670 0.034560 0.028787
126 0.289298 0.848869 0.043478 0.028787
53 0.840301 0.355209 0.019509 0.029130
92 0.421962 0.280843 0.044593 0.029130
55 0.856466 0.847327 0.055184 0.029130
127 0.211538 0.429575 0.060758 0.029130
166 0.340301 0.616861 0.019509 0.029472
89 0.641583 0.422892 0.063545 0.029472
123 0.885173 0.336018 0.020067 0.029815
57 0.846154 0.229095 0.026756 0.029815
4116 0.105351 0.413468 0.026756 0.029815
89 0.840301 0.199280 0.042921 0.029815
85 0.335284 0.836532 0.017280 0.030158
95 0.662207 0.560658 0.035674 0.030158
55 0.531494 0.722927 0.056299 0.030500
85 0.885730 0.302947 0.020067 0.030843
81 0.540412 0.319225 0.046265 0.031186
93 0.295429 0.754969 0.024526 0.031528
58 0.292085 0.642563 0.026756 0.031528
83 0.839465 0.293352 0.027871 0.031528
134 0.767280 0.260281 0.013935 0.031871
56 0.203735 0.529644 0.023969 0.031871
120 0.097547 0.779472 0.028986 0.031871
95 0.882664 0.393592 0.039576 0.031871
89 0.755853 0.654729 0.052397 0.031871
166 0.660256 0.463331 0.017280 0.032214
119 0.836678 0.390507 0.027871 0.032557
52 0.319955 0.256854 0.044593 0.032557
118 0.637960 0.388965 0.018395 0.032899
70 0.623188 0.562029 0.025641 0.032899
691 0.290970 0.880740 0.030100 0.032899
115 0.420011 0.204592 0.049610 0.032899
120 0.202062 0.577279 0.028428 0.033242
2885 0.621516 0.466244 0.034560 0.033242
68 0.320792 0.326594 0.010591 0.033585
72 0.836678 0.261823 0.032330 0.033585
72 0.419454 0.407471 0.042921 0.033585
81 0.099220 0.613777 0.051282 0.033585
113 0.098384 0.286840 0.054069 0.033585
118 0.338350 0.780843 0.027871 0.033927
127 0.427536 0.440884 0.056856 0.033927
92 0.421962 0.628170 0.047938 0.034270
68 0.857302 0.692255 0.054627 0.034270
121 0.422798 0.705278 0.059643 0.034270
92 0.883779 0.426491 0.026198 0.034613
111 0.743032 0.881940 0.028986 0.034613
76 0.312430 0.362063 0.036232 0.034613
76 0.098662 0.579678 0.041249 0.034613
88 0.640190 0.272618 0.046265 0.034613
2151 0.642698 0.877485 0.059086 0.034613
95 0.321070 0.292324 0.050167 0.034955
68 0.419454 0.170493 0.011706 0.035298
56 0.642419 0.172892 0.026198 0.035298
1116 0.207637 0.228067 0.035117 0.035298
1116 0.747770 0.213331 0.036232 0.035298
87 0.203456 0.754798 0.049052 0.035298
127 0.537068 0.482694 0.054069 0.035298
127 0.861204 0.655757 0.057971 0.035298
69 0.103958 0.250857 0.025084 0.035641
111 0.204849 0.321796 0.032887 0.035641
110 0.419175 0.552090 0.043478 0.035641
126 0.419175 0.593215 0.051282 0.035641
95 0.338350 0.674092 0.037904 0.036326
83 0.850892 0.811172 0.046265 0.036326
87 0.753623 0.171693 0.046823 0.036326
90 0.857581 0.590644 0.047380 0.036669
111 0.536511 0.242632 0.032887 0.037012
118 0.106466 0.505826 0.035674 0.037012
78 0.537068 0.358807 0.036232 0.037012
84 0.198997 0.844071 0.039019 0.037012
127 0.205407 0.717615 0.051839 0.037012
85 0.320234 0.215730 0.018395 0.037354
53 0.538183 0.206820 0.020624 0.037354
119 0.883222 0.485778 0.023969 0.037354
58 0.663043 0.593386 0.026198 0.037354
58 0.855630 0.880912 0.041249 0.037354
81 0.421962 0.481323 0.047938 0.037354
127 0.645485 0.796093 0.054627 0.037697
74 0.204292 0.681117 0.028428 0.038040
85 0.416945 0.514736 0.020067 0.038382
118 0.644370 0.228924 0.035674 0.038382
87 0.098105 0.326594 0.043478 0.038382
79 0.542085 0.170665 0.058528 0.038382
84 0.749721 0.840130 0.035674 0.038725
83 0.422241 0.744517 0.040691 0.038725
366 0.205964 0.279472 0.055184 0.038725
87 0.338629 0.717958 0.027313 0.039068
117 0.860925 0.523304 0.030658 0.039068
87 0.420569 0.667923 0.041806 0.039068
113 0.638517 0.306032 0.060758 0.039068
123 0.538462 0.283071 0.023411 0.039753
76 0.528986 0.665182 0.032330 0.039753
107 0.750557 0.422721 0.027313 0.040096
118 0.095596 0.875942 0.041806 0.040439
1435 0.418618 0.324366 0.053512 0.040781
86 0.761427 0.754284 0.045708 0.041124
95 0.424192 0.830021 0.049052 0.041124
85 0.532887 0.517306 0.023411 0.041467
85 0.418060 0.244003 0.021182 0.041809
69 0.322742 0.403873 0.025641 0.042152
58 0.203735 0.365147 0.040691 0.042152
95 0.420847 0.367546 0.049052 0.042152
68 0.535396 0.625428 0.012821 0.042495
118 0.755853 0.617718 0.034560 0.042838
53 0.745541 0.796779 0.026198 0.043180
87 0.537625 0.442426 0.027313 0.043180
83 0.750000 0.498972 0.030658 0.043180
113 0.537904 0.397533 0.053512 0.043180
113 0.313545 0.443797 0.054069 0.043180
70 0.320792 0.173578 0.039576 0.043523
51 0.100334 0.742975 0.047938 0.043866
68 0.751115 0.380398 0.052954 0.044551
127 0.427258 0.874914 0.055184 0.044551
87 0.646321 0.757539 0.036232 0.044894
60 0.097547 0.176148 0.026756 0.045236
51 0.423077 0.786498 0.045708 0.045236
68 0.840858 0.458191 0.012821 0.045922
47 0.740803 0.326251 0.022297 0.046607
68 0.643255 0.832934 0.012263 0.046950
87 0.312152 0.487834 0.040134 0.046950
107 0.856466 0.736463 0.030658 0.047978
95 0.535117 0.587389 0.043478 0.048663
92 0.103400 0.462817 0.031773 0.049006
87 0.638239 0.349040 0.037904 0.049006
1116 0.526198 0.872858 0.045708 0.049349
296 0.100613 0.660212 0.041806 0.049692
1584 0.199275 0.799178 0.036232 0.050034
87 0.752787 0.570939 0.038462 0.050720
3192 0.646042 0.709904 0.056856 0.051748
87 0.093645 0.829678 0.041249 0.052090
107 0.528986 0.767478 0.024526 0.053804
47 0.756132 0.698252 0.039576 0.060658
47 0.205686 0.474983 0.041249 0.062371
47 0.203177 0.624058 0.037347 0.068540
