173 0.745049 0.437846 0.023046 0.008914
56 0.184732 0.269935 0.010083 0.011323
52 0.188513 0.363647 0.028448 0.011804
102 0.743788 0.303662 0.039971 0.011804
56 0.416997 0.172850 0.036010 0.012768
102 0.109291 0.202481 0.037811 0.013250
120 0.581743 0.334377 0.013324 0.013491
698 0.662045 0.298723 0.018365 0.013491
88 0.663306 0.402072 0.027368 0.013491
120 0.113612 0.391833 0.014044 0.014213
1810 0.108931 0.263190 0.016205 0.014213
85 0.218761 0.474584 0.020526 0.014454
91 0.742348 0.379186 0.021246 0.014454
126 0.342456 0.195254 0.027368 0.014695
88 0.429780 0.403638 0.032049 0.015177
88 0.897551 0.444230 0.030609 0.015418
88 0.270976 0.353047 0.028448 0.015659
88 0.741268 0.267526 0.032049 0.016141
57 0.347497 0.367261 0.034570 0.016141
126 0.583003 0.372440 0.027368 0.016382
126 0.573821 0.172729 0.032769 0.016382
553 0.821570 0.379065 0.032049 0.016623
91 0.819049 0.245844 0.026287 0.017104
126 0.503961 0.281980 0.028448 0.017104
126 0.820670 0.312334 0.030248 0.017104
287 0.119013 0.408456 0.047893 0.017104
88 0.507382 0.347145 0.028808 0.017345
287 0.665106 0.340882 0.038891 0.017345
85 0.658444 0.231390 0.009003 0.017586
76 0.188513 0.379065 0.017645 0.017586
881 0.421138 0.253312 0.020526 0.017586
252 0.427260 0.368465 0.028448 0.017586
645 0.106590 0.243917 0.037450 0.017586
881 0.340115 0.175018 0.024127 0.018068
2595 0.427620 0.387015 0.025567 0.018068
107 0.420238 0.212479 0.014404 0.018309
98 0.184192 0.233679 0.032049 0.018309
881 0.271156 0.374488 0.021606 0.018550
83 0.264674 0.220549 0.023046 0.018550
126 0.737667 0.221031 0.030609 0.018550
2489 0.581383 0.352084 0.030609 0.018550
885 0.426539 0.274030 0.038531 0.018550
126 0.896111 0.400988 0.031329 0.019032
127 0.350738 0.384606 0.033129 0.019032
60 0.266295 0.274874 0.011163 0.019272
92 0.891790 0.268610 0.024847 0.019272
2150 0.735506 0.173452 0.032049 0.019272
495 0.576521 0.194652 0.043212 0.019272
83 0.108390 0.329680 0.024487 0.019513
120 0.216961 0.491809 0.015484 0.019995
83 0.576341 0.212118 0.020526 0.019995
3231 0.426719 0.347507 0.027368 0.019995
91 0.895211 0.196940 0.043212 0.019995
68 0.269175 0.199952 0.006122 0.020236
107 0.343176 0.276801 0.017285 0.020236
60 0.343536 0.297157 0.012964 0.020477
59 0.349658 0.402433 0.023046 0.020477
126 0.188513 0.342929 0.025567 0.020477
691 0.507022 0.302939 0.031689 0.020477
62 0.186892 0.286317 0.024487 0.020959
547 0.114152 0.374488 0.028808 0.020959
1995 0.662405 0.383161 0.036370 0.020959
119 0.185992 0.253433 0.015484 0.021200
95 0.582463 0.290051 0.029888 0.021200
1174 0.824091 0.332330 0.032049 0.021441
868 0.174469 0.504577 0.027008 0.021922
3956 0.741628 0.398699 0.030609 0.022163
2590 0.111811 0.352325 0.024127 0.022404
88 0.506842 0.394001 0.029168 0.022404
691 0.740547 0.288003 0.037090 0.022404
68 0.108390 0.308480 0.007202 0.022886
88 0.264134 0.178391 0.024847 0.022886
2211 0.503061 0.226572 0.034570 0.022886
2041 0.217861 0.447242 0.036010 0.022886
1787 0.110011 0.284269 0.027008 0.023127
83 0.813828 0.198506 0.028808 0.023127
1174 0.187793 0.181402 0.032769 0.023127
1666 0.820130 0.398699 0.032769 0.023127
58 0.424739 0.323175 0.016925 0.023368
58 0.420418 0.190918 0.020526 0.023368
2397 0.507202 0.369429 0.032769 0.023368
2844 0.893950 0.424837 0.033489 0.023368
73 0.421678 0.230185 0.036010 0.023368
2894 0.821030 0.290894 0.037450 0.023368
2709 0.505762 0.326789 0.022686 0.023850
1476 0.893770 0.293062 0.031689 0.023850
985 0.746849 0.418815 0.033129 0.023850
691 0.817969 0.174054 0.033489 0.023850
1893 0.894671 0.352084 0.034930 0.023850
1891 0.892510 0.174536 0.038531 0.023850
68 0.189593 0.400145 0.006842 0.024091
264 0.820850 0.266442 0.033489 0.024091
1666 0.580302 0.394363 0.033489 0.024091
2193 0.663486 0.423874 0.024847 0.024331
1559 0.658264 0.249940 0.038891 0.024331
60 0.344977 0.345579 0.012964 0.024813
2455 0.425639 0.297880 0.036010 0.024813
88 0.501260 0.201397 0.028808 0.025054
1894 0.893950 0.217779 0.032769 0.025054
2709 0.270256 0.332330 0.025567 0.025295
126 0.273677 0.400988 0.025927 0.025295
2377 0.582103 0.314984 0.031329 0.025295
2041 0.819049 0.222717 0.038531 0.025295
1476 0.656104 0.175500 0.030248 0.025777
1112 0.823190 0.357143 0.030248 0.025777
1831 0.661685 0.275235 0.032049 0.025777
3231 0.577242 0.237774 0.030248 0.026018
1584 0.662766 0.360275 0.019806 0.026741
2590 0.891430 0.245603 0.024127 0.026741
2590 0.892870 0.377981 0.021966 0.026981
3136 0.107130 0.181884 0.027728 0.026981
2844 0.738747 0.245965 0.035650 0.026981
68 0.184732 0.207059 0.007202 0.027222
350 0.662225 0.318116 0.030248 0.027222
4712 0.344076 0.251987 0.028448 0.027945
1115 0.741628 0.357866 0.027728 0.028186
1311 0.499280 0.179595 0.029888 0.028186
2246 0.579402 0.265117 0.031689 0.028668
83 0.820490 0.424717 0.013324 0.028909
268 0.734786 0.199229 0.027728 0.028909
1986 0.658444 0.204890 0.034210 0.029631
68 0.108390 0.216574 0.005762 0.029872
3500 0.266295 0.249699 0.027728 0.031559
3453 0.268455 0.302698 0.032049 0.031559
68 0.894130 0.320646 0.007202 0.031800
68 0.502161 0.253794 0.006842 0.032040
2865 0.340475 0.223681 0.027728 0.033486
3012 0.185452 0.313780 0.033129 0.033968
68 0.742348 0.322934 0.006842 0.034450
