246 0.174087 0.443674 0.054795 0.006239
128 0.599600 0.226690 0.010845 0.010399
93 0.865868 0.168977 0.049087 0.010745
92 0.771119 0.175910 0.029680 0.011438
92 0.595890 0.838302 0.029680 0.011438
128 0.175514 0.144887 0.009703 0.011785
92 0.258276 0.181976 0.030251 0.011785
92 0.092751 0.374697 0.030251 0.011785
92 0.852454 0.468284 0.031393 0.011785
92 0.344178 0.553380 0.029680 0.012132
92 0.598174 0.881282 0.031963 0.012132
56 0.428938 0.221144 0.014269 0.012478
128 0.765411 0.835009 0.014840 0.012478
92 0.427797 0.759792 0.031393 0.012478
57 0.438356 0.915425 0.037671 0.012478
128 0.342466 0.832756 0.011416 0.012825
92 0.428653 0.312652 0.034247 0.013172
56 0.513984 0.264991 0.014269 0.013518
93 0.271404 0.537955 0.048516 0.013865
101 0.092180 0.730329 0.053082 0.013865
56 0.096176 0.692894 0.015411 0.014558
56 0.262557 0.763085 0.014840 0.014905
92 0.511986 0.862045 0.029680 0.015251
57 0.353311 0.487348 0.035388 0.015251
56 0.600171 0.273830 0.015411 0.015945
1006 0.023402 0.274177 0.017123 0.015945
52 0.256564 0.836742 0.048516 0.015945
1810 0.178653 0.456846 0.020548 0.016638
62 0.858162 0.625303 0.022260 0.016638
55 0.341610 0.376430 0.042808 0.016638
861 0.855879 0.723744 0.043950 0.016638
88 0.430365 0.464298 0.023973 0.016984
92 0.094463 0.568284 0.035959 0.016984
56 0.856164 0.424263 0.017123 0.017331
92 0.344463 0.704679 0.030251 0.017331
91 0.094749 0.675217 0.033105 0.017331
56 0.512557 0.140901 0.013699 0.017678
3053 0.091324 0.783189 0.015982 0.017678
56 0.684361 0.305546 0.017123 0.017678
120 0.597888 0.452513 0.018836 0.017678
120 0.683219 0.519757 0.019406 0.017678
120 0.599600 0.361352 0.019977 0.017678
88 0.342180 0.606586 0.018836 0.018024
120 0.178082 0.403120 0.019406 0.018024
88 0.513128 0.314038 0.021689 0.018024
1406 0.257135 0.917504 0.038242 0.018024
88 0.769406 0.281976 0.025114 0.018371
64 0.343322 0.810572 0.026826 0.018371
87 0.512842 0.912825 0.030251 0.018371
101 0.178082 0.336395 0.052511 0.018371
57 0.522260 0.791334 0.036530 0.018718
499 0.596461 0.541421 0.052511 0.018718
120 0.514840 0.374870 0.020548 0.019064
120 0.772831 0.649393 0.020548 0.019064
64 0.339897 0.631023 0.024543 0.019064
85 0.511701 0.220971 0.027968 0.019064
91 0.178082 0.481976 0.034247 0.019064
81 0.596747 0.211612 0.035959 0.019064
547 0.686929 0.803293 0.048516 0.019064
91 0.021689 0.371231 0.013699 0.019411
56 0.517694 0.594801 0.015982 0.019411
111 0.343322 0.785442 0.022260 0.019411
91 0.176941 0.765685 0.033105 0.019411
52 0.515696 0.572964 0.048516 0.019411
88 0.020548 0.212652 0.013699 0.019757
120 0.684075 0.875390 0.016553 0.019757
2151 0.024829 0.297227 0.019977 0.019757
64 0.685788 0.116984 0.029110 0.019757
83 0.251712 0.893761 0.029680 0.019757
52 0.089041 0.207452 0.041096 0.019757
52 0.342180 0.745754 0.045091 0.019757
101 0.340183 0.536395 0.050228 0.019757
88 0.023402 0.733449 0.011416 0.020104
76 0.686358 0.854419 0.014269 0.020104
76 0.092180 0.710225 0.016553 0.020104
120 0.854737 0.300520 0.018836 0.020104
56 0.514269 0.463085 0.020548 0.020104
88 0.856735 0.781976 0.021689 0.020104
1406 0.257705 0.201733 0.037100 0.020104
1406 0.091610 0.285269 0.038242 0.020104
101 0.091039 0.227383 0.054224 0.020104
76 0.684646 0.500693 0.016553 0.020451
107 0.428938 0.178336 0.021119 0.020451
64 0.174943 0.122530 0.024543 0.020451
642 0.178368 0.427556 0.031393 0.020451
87 0.426370 0.837955 0.036530 0.020451
64 0.596747 0.859965 0.025685 0.020797
91 0.256849 0.299133 0.033105 0.020797
648 0.170947 0.887002 0.041667 0.020797
1262 0.023402 0.526343 0.012557 0.021144
89 0.176084 0.382149 0.039384 0.021144
117 0.686358 0.688042 0.016553 0.021490
541 0.026826 0.712652 0.017123 0.021490
88 0.599030 0.475563 0.023402 0.021490
88 0.511130 0.843328 0.023402 0.021490
2917 0.426655 0.737608 0.034817 0.021490
127 0.862158 0.642634 0.054224 0.021490
85 0.773116 0.877470 0.013128 0.021837
111 0.343322 0.883016 0.019977 0.021837
91 0.770263 0.225823 0.035959 0.021837
2595 0.430080 0.713865 0.035959 0.021837
52 0.177797 0.357192 0.043950 0.021837
1406 0.258276 0.320624 0.037100 0.022184
52 0.341324 0.684575 0.042237 0.022184
2220 0.091324 0.915771 0.044521 0.022184
42 0.686358 0.197054 0.015411 0.022530
111 0.087614 0.260832 0.019977 0.022530
93 0.522546 0.245234 0.042808 0.022530
85 0.092180 0.828769 0.011986 0.022877
1214 0.019977 0.152860 0.014840 0.022877
123 0.427226 0.894974 0.016553 0.022877
123 0.515126 0.769497 0.021119 0.022877
110 0.341324 0.725823 0.034247 0.022877
86 0.102169 0.241248 0.039954 0.022877
2595 0.428653 0.441941 0.039954 0.022877
81 0.253425 0.817851 0.038813 0.023224
1435 0.174087 0.260485 0.043379 0.023224
2203 0.093893 0.654593 0.045091 0.023224
126 0.022831 0.588215 0.011416 0.023570
91 0.019121 0.127556 0.013128 0.023570
108 0.856164 0.668631 0.014840 0.023570
85 0.261701 0.682496 0.016553 0.023570
66 0.425514 0.782322 0.022260 0.023570
2677 0.091324 0.889775 0.030822 0.023570
62 0.687785 0.324437 0.035388 0.023570
89 0.340753 0.323397 0.041096 0.023570
109 0.768550 0.853380 0.043950 0.023570
85 0.855023 0.514905 0.012557 0.023917
111 0.093607 0.477123 0.025114 0.023917
74 0.771975 0.200173 0.025685 0.023917
85 0.348744 0.765338 0.011416 0.024263
120 0.768836 0.372270 0.019406 0.024263
88 0.516838 0.615598 0.031393 0.024263
2223 0.597317 0.688735 0.046233 0.024263
978 0.173516 0.861352 0.049087 0.024263
126 0.021404 0.433449 0.010845 0.024610
85 0.090753 0.183536 0.014840 0.024610
3053 0.175514 0.314558 0.021119 0.024610
123 0.344463 0.467418 0.022260 0.024610
2600 0.598174 0.566205 0.043379 0.024610
2223 0.513984 0.741941 0.048516 0.024610
119 0.019977 0.499480 0.006849 0.024957
85 0.771689 0.771924 0.018265 0.024957
126 0.515411 0.435355 0.034247 0.024957
87 0.598174 0.716811 0.035388 0.024957
104 0.261416 0.656846 0.039954 0.024957
51 0.852454 0.282496 0.041667 0.024957
98 0.087043 0.808319 0.042808 0.024957
95 0.514555 0.544541 0.043950 0.024957
95 0.855308 0.604159 0.049658 0.024957
3022 0.598459 0.630503 0.049658 0.024957
60 0.426084 0.123570 0.015411 0.025303
95 0.508847 0.120451 0.042808 0.025303
111 0.341610 0.153553 0.018836 0.025650
62 0.858162 0.879029 0.026826 0.025650
122 0.172660 0.166724 0.038242 0.025650
126 0.600457 0.119931 0.038813 0.025650
600 0.851027 0.223224 0.052511 0.025650
53 0.341610 0.512478 0.014269 0.025997
76 0.769406 0.346101 0.014840 0.025997
3053 0.094178 0.546101 0.022831 0.025997
126 0.769692 0.473657 0.034817 0.025997
78 0.600742 0.251820 0.037100 0.025997
4038 0.088185 0.628250 0.047374 0.025997
105 0.350171 0.402253 0.057648 0.025997
287 0.258562 0.389948 0.037671 0.026343
2223 0.259703 0.628423 0.044521 0.026343
58 0.514555 0.484922 0.048516 0.026343
96 0.688927 0.285269 0.060502 0.026343
85 0.340753 0.350260 0.014840 0.026690
119 0.860160 0.906239 0.019406 0.026690
78 0.260274 0.741941 0.034247 0.026690
87 0.852169 0.446967 0.035388 0.026690
87 0.176941 0.580069 0.037671 0.026690
87 0.852169 0.695147 0.037671 0.026690
95 0.341324 0.294454 0.045662 0.026690
1435 0.600171 0.907626 0.048516 0.026690
3757 0.170947 0.915945 0.050799 0.026690
121 0.430080 0.548180 0.054224 0.026690
53 0.179224 0.608319 0.015982 0.027036
87 0.769406 0.535529 0.035388 0.027036
1759 0.425514 0.490468 0.053082 0.027036
4053 0.854167 0.807972 0.054224 0.027036
3022 0.515696 0.679029 0.055365 0.027036
60 0.258847 0.786655 0.015411 0.027383
3053 0.341895 0.267764 0.020548 0.027383
4053 0.769121 0.625130 0.049658 0.027383
121 0.260845 0.516291 0.057078 0.027383
118 0.428938 0.814558 0.027968 0.027730
2677 0.771689 0.119931 0.031963 0.027730
718 0.427797 0.685962 0.043950 0.027730
4260 0.427797 0.655806 0.045091 0.027730
504 0.851598 0.254073 0.050228 0.027730
978 0.685217 0.548007 0.053082 0.027730
121 0.858162 0.148700 0.059932 0.027730
85 0.259989 0.418891 0.019977 0.028076
118 0.429795 0.521837 0.023973 0.028076
126 0.853881 0.327036 0.036530 0.028076
883 0.427226 0.154766 0.046233 0.028076
3757 0.341039 0.182149 0.048516 0.028076
70 0.427226 0.201906 0.048516 0.028076
3022 0.260274 0.564471 0.051370 0.028076
3244 0.599886 0.148527 0.053653 0.028076
119 0.687215 0.778510 0.015982 0.028423
119 0.259989 0.710919 0.016553 0.028423
70 0.511416 0.193414 0.023973 0.028423
1435 0.857021 0.577123 0.041667 0.028423
1637 0.517409 0.515078 0.049658 0.028423
126 0.431221 0.287175 0.039384 0.028769
4260 0.768836 0.255286 0.047945 0.028769
2204 0.429224 0.379376 0.049087 0.028769
2471 0.343037 0.124957 0.050228 0.028769
127 0.771975 0.749220 0.050799 0.028769
797 0.686358 0.170711 0.053082 0.028769
119 0.684075 0.713692 0.018836 0.029116
70 0.090183 0.155633 0.025114 0.029116
2677 0.597888 0.776776 0.031393 0.029116
713 0.259132 0.268284 0.031963 0.029116
126 0.597603 0.390641 0.033105 0.029116
87 0.852454 0.119931 0.038242 0.029116
113 0.853311 0.545927 0.045662 0.029116
752 0.681221 0.255459 0.048516 0.029116
122 0.340468 0.856499 0.048516 0.029116
113 0.682078 0.142461 0.052511 0.029116
60 0.173801 0.230329 0.015411 0.029463
71 0.025400 0.647660 0.016553 0.029463
85 0.342466 0.910399 0.017123 0.029463
119 0.426941 0.866031 0.018265 0.029463
338 0.025970 0.404679 0.018836 0.029463
87 0.261416 0.125650 0.030822 0.029463
126 0.769977 0.680243 0.034247 0.029463
713 0.093893 0.352340 0.034817 0.029463
504 0.169521 0.831716 0.047945 0.029463
2159 0.093322 0.126690 0.048516 0.029463
1296 0.596176 0.661179 0.048516 0.029463
2273 0.517409 0.403986 0.051941 0.029463
3690 0.680936 0.831023 0.054795 0.029463
68 0.342180 0.238821 0.008562 0.029809
74 0.342466 0.656499 0.023973 0.029809
62 0.515696 0.164645 0.035959 0.029809
104 0.769121 0.564298 0.042808 0.029809
1296 0.258847 0.597227 0.048516 0.029809
85 0.685217 0.222357 0.015411 0.030156
70 0.259132 0.485789 0.023973 0.030156
1450 0.515126 0.886135 0.046233 0.030156
3965 0.769692 0.505546 0.049658 0.030156
564 0.174087 0.551646 0.051370 0.030156
68 0.769977 0.592721 0.006849 0.030503
60 0.598459 0.297747 0.014269 0.030503
119 0.512842 0.286308 0.019977 0.030503
1193 0.252568 0.863778 0.045091 0.030503
322 0.856164 0.195147 0.050228 0.030503
3690 0.681507 0.473830 0.051370 0.030503
58 0.258276 0.155806 0.021119 0.030849
119 0.597888 0.745754 0.021119 0.030849
1799 0.178368 0.736395 0.041667 0.030849
68 0.177226 0.285962 0.008562 0.031196
268 0.020548 0.180936 0.014840 0.031196
3829 0.767409 0.403466 0.049658 0.031196
113 0.513984 0.647487 0.049658 0.031196
338 0.259703 0.452686 0.053653 0.031196
71 0.101313 0.596014 0.041667 0.031542
3735 0.852454 0.361005 0.042808 0.031542
2780 0.593037 0.596014 0.052511 0.031542
1666 0.598459 0.182149 0.058790 0.031542
83 0.176941 0.666551 0.017123 0.031889
69 0.867865 0.485962 0.037100 0.031889
3481 0.687785 0.656153 0.044521 0.031889
981 0.513699 0.816984 0.049087 0.031889
2159 0.339041 0.210745 0.052511 0.031889
58 0.769977 0.905546 0.023973 0.032236
1296 0.510559 0.712825 0.045091 0.032236
83 0.017123 0.242981 0.005708 0.032582
68 0.179509 0.636395 0.010845 0.032582
58 0.088185 0.858232 0.019977 0.032582
675 0.422660 0.411438 0.049658 0.032582
1771 0.855594 0.753033 0.058219 0.032929
505 0.023116 0.680763 0.010845 0.033276
83 0.426084 0.579203 0.017694 0.033276
2599 0.686358 0.581282 0.034817 0.033276
3735 0.595605 0.426690 0.046233 0.033276
3100 0.769692 0.150780 0.049658 0.033276
2645 0.094178 0.445407 0.051370 0.033276
3264 0.769406 0.437782 0.060502 0.033276
3100 0.597032 0.810225 0.054795 0.033622
3984 0.180080 0.700867 0.043950 0.033969
4059 0.765696 0.716811 0.049658 0.033969
1396 0.340468 0.580589 0.055365 0.033969
2909 0.684932 0.904159 0.044521 0.034315
3514 0.687215 0.621490 0.052511 0.034662
3940 0.685502 0.748873 0.051370 0.035009
83 0.019692 0.761525 0.005137 0.035355
70 0.766838 0.807972 0.026826 0.035355
3434 0.091895 0.755633 0.043379 0.035355
1831 0.598174 0.510572 0.052511 0.035355
83 0.683219 0.353033 0.015982 0.035702
2909 0.683219 0.434835 0.041096 0.035702
1823 0.176370 0.197054 0.044521 0.035702
4467 0.426370 0.250607 0.050228 0.036049
83 0.851598 0.396534 0.013699 0.036742
1872 0.090468 0.314038 0.035959 0.036742
3405 0.427226 0.343847 0.045091 0.036742
4775 0.769977 0.316811 0.046804 0.036742
1872 0.257420 0.229983 0.036530 0.037088
1917 0.595320 0.335009 0.044521 0.037088
3994 0.174087 0.796707 0.046804 0.037088
3994 0.177797 0.513518 0.042808 0.037782
1203 0.091039 0.512825 0.045091 0.037782
3434 0.514555 0.345061 0.050799 0.037782
68 0.341324 0.433102 0.007991 0.038475
993 0.854737 0.844541 0.049658 0.038475
4528 0.428653 0.618891 0.042237 0.039861
3500 0.091610 0.406759 0.046233 0.040555
2964 0.682934 0.393068 0.051941 0.040901
296 0.256849 0.356153 0.033105 0.041248
48 0.027683 0.333102 0.023402 0.051300
