56 0.158397 0.130631 0.015812 0.011088
56 0.197655 0.107935 0.020174 0.012821
52 0.277535 0.098926 0.030534 0.012821
81 0.313795 0.096154 0.032170 0.014207
57 0.507906 0.560811 0.028899 0.014900
56 0.312159 0.082121 0.021265 0.015246
91 0.797983 0.156272 0.026718 0.015246
84 0.238004 0.099099 0.031080 0.015246
68 0.087786 0.122141 0.008724 0.016286
58 0.095420 0.896916 0.026172 0.016286
83 0.085605 0.138080 0.037077 0.016286
56 0.669029 0.146570 0.019629 0.016632
91 0.312432 0.131670 0.026172 0.016632
28 0.817612 0.368850 0.027808 0.016979
28 0.388222 0.370236 0.028353 0.016979
91 0.155943 0.806480 0.028353 0.016979
81 0.678571 0.337665 0.039804 0.016979
1173 0.276990 0.082294 0.030534 0.017672
126 0.274809 0.133229 0.037077 0.017672
115 0.051527 0.171171 0.027808 0.018018
127 0.255725 0.656272 0.045802 0.018018
111 0.278081 0.114172 0.021810 0.018365
115 0.235823 0.084373 0.029989 0.018365
55 0.115049 0.087145 0.030534 0.019058
91 0.288986 0.269058 0.032715 0.019058
91 0.199019 0.123354 0.028353 0.019404
64 0.158124 0.337665 0.019629 0.019751
83 0.731461 0.150901 0.040894 0.019751
93 0.161123 0.115558 0.031080 0.020444
113 0.307797 0.473493 0.031080 0.020444
68 0.124591 0.104990 0.009269 0.020790
78 0.050981 0.150728 0.022356 0.020790
89 0.354417 0.108455 0.037077 0.020790
52 0.407579 0.116771 0.038713 0.020790
81 0.157306 0.315835 0.032170 0.021137
81 0.684297 0.483195 0.032715 0.021137
55 0.502454 0.455475 0.036532 0.021137
113 0.091876 0.877685 0.043075 0.022176
119 0.155398 0.147089 0.026172 0.022523
104 0.310796 0.452010 0.030534 0.022523
87 0.196020 0.088877 0.031080 0.022523
59 0.317612 0.112786 0.033261 0.022523
127 0.497001 0.348926 0.041985 0.023562
56 0.684297 0.460326 0.019629 0.023909
58 0.349782 0.085759 0.029989 0.023909
68 0.746183 0.103777 0.011450 0.024602
88 0.074700 0.476611 0.037077 0.024602
58 0.309978 0.495149 0.038713 0.024948
189 0.679117 0.359494 0.016903 0.025295
189 0.600872 0.262474 0.017448 0.025295
56 0.236641 0.486660 0.019629 0.025295
91 0.815976 0.575364 0.040894 0.025295
76 0.730371 0.126299 0.027808 0.025988
77 0.086696 0.100312 0.028353 0.025988
110 0.156761 0.825884 0.028899 0.025988
92 0.452835 0.081254 0.031080 0.025988
79 0.252181 0.675502 0.034351 0.025988
2885 0.740185 0.323805 0.036532 0.025988
107 0.249727 0.632017 0.023991 0.026334
68 0.308342 0.426542 0.035442 0.026334
74 0.600600 0.289674 0.040894 0.026334
553 0.628408 0.538808 0.048528 0.026334
123 0.552345 0.476265 0.021810 0.026681
720 0.739368 0.754158 0.028353 0.026681
99 0.667121 0.167533 0.050709 0.026681
74 0.737459 0.455821 0.025627 0.027374
76 0.130862 0.502945 0.026172 0.027374
74 0.535714 0.208766 0.039804 0.027374
109 0.734188 0.082987 0.044166 0.027374
4072 0.836150 0.194040 0.028899 0.027720
87 0.556161 0.530319 0.032715 0.028067
105 0.546074 0.312024 0.034351 0.028067
327 0.738550 0.296778 0.037623 0.028067
59 0.688931 0.506757 0.045256 0.028067
861 0.391494 0.397609 0.043621 0.028760
56 0.590240 0.095807 0.058342 0.028760
68 0.083424 0.502772 0.013086 0.029106
2590 0.502726 0.540194 0.030534 0.029106
58 0.454471 0.137907 0.032170 0.029106
69 0.463468 0.108974 0.021810 0.029453
58 0.571156 0.671691 0.025627 0.029453
78 0.490458 0.324151 0.028899 0.029453
3984 0.152399 0.091996 0.043075 0.029453
111 0.051527 0.124913 0.021265 0.030146
58 0.193839 0.490818 0.028899 0.030146
108 0.737459 0.426022 0.034351 0.030146
122 0.498092 0.482155 0.035442 0.030146
750 0.094057 0.817221 0.048528 0.030146
2293 0.737732 0.595288 0.034896 0.030492
118 0.594057 0.126299 0.023446 0.030839
53 0.228462 0.516112 0.032715 0.030839
95 0.497274 0.376473 0.039258 0.030839
836 0.094329 0.850832 0.043621 0.030839
4034 0.392312 0.525814 0.045256 0.030839
523 0.835878 0.226784 0.037077 0.031532
698 0.392585 0.562543 0.037077 0.031532
495 0.673391 0.387561 0.058888 0.031532
119 0.286805 0.295911 0.028353 0.031878
111 0.408670 0.147263 0.029989 0.031878
119 0.547165 0.505891 0.036532 0.031878
1173 0.132497 0.437630 0.050164 0.031878
189 0.536805 0.177235 0.021265 0.032225
102 0.161668 0.281878 0.058342 0.032918
68 0.504089 0.509009 0.012541 0.033264
74 0.676663 0.278760 0.034896 0.033611
330 0.143130 0.681046 0.037623 0.033611
98 0.569248 0.617637 0.039258 0.033611
93 0.681298 0.309945 0.043075 0.033611
65 0.544984 0.277720 0.045256 0.033611
4252 0.237459 0.331081 0.044166 0.034304
1891 0.160033 0.777893 0.036532 0.034650
1927 0.132770 0.474705 0.046347 0.034650
560 0.143130 0.603950 0.056161 0.034650
3674 0.682388 0.428101 0.033261 0.034997
62 0.135769 0.532398 0.034896 0.034997
110 0.077154 0.534823 0.035442 0.034997
98 0.091058 0.331428 0.039258 0.034997
3003 0.836968 0.159563 0.041439 0.035690
691 0.393948 0.597367 0.041985 0.036036
1814 0.659215 0.779799 0.034896 0.036383
87 0.550981 0.785343 0.037623 0.037076
1927 0.669575 0.607935 0.047983 0.037076
2489 0.819793 0.122315 0.063795 0.037422
2320 0.741276 0.266632 0.040894 0.037769
4458 0.659487 0.835932 0.051799 0.037769
3883 0.557252 0.439882 0.030534 0.038462
2354 0.605507 0.322938 0.039804 0.038808
274 0.819520 0.084893 0.065431 0.038808
118 0.659215 0.196985 0.039258 0.039155
2426 0.141494 0.717429 0.052890 0.039848
1952 0.249182 0.603604 0.054526 0.040194
70 0.197928 0.529279 0.039258 0.040541
53 0.240185 0.709633 0.032170 0.041580
3747 0.628680 0.498094 0.034896 0.041927
978 0.667666 0.114172 0.055071 0.041927
2576 0.247001 0.833333 0.054526 0.042966
4072 0.817612 0.530319 0.035442 0.043313
720 0.817612 0.409044 0.048528 0.044006
4286 0.390403 0.488565 0.054526 0.044352
68 0.739368 0.631150 0.013086 0.044699
53 0.539804 0.351178 0.026172 0.045392
4119 0.800164 0.194906 0.036532 0.046085
68 0.091058 0.369889 0.017448 0.046778
523 0.241003 0.774082 0.045802 0.047124
4712 0.240458 0.444387 0.037077 0.047471
3376 0.142312 0.643624 0.045802 0.048164
53 0.147492 0.372661 0.038713 0.048857
1092 0.395038 0.439536 0.037623 0.049550
1267 0.236914 0.287422 0.050709 0.049550
3003 0.813522 0.471933 0.054526 0.052668
3327 0.239913 0.377166 0.039258 0.053015
4365 0.669029 0.672730 0.054526 0.055094
3327 0.627863 0.443174 0.045256 0.056826
4119 0.819248 0.623874 0.058342 0.063410
68 0.575518 0.159737 0.014722 0.067914
