169 0.464903 0.351687 0.006839 0.003749
169 0.701044 0.477507 0.006839 0.004686
119 0.469582 0.640230 0.007559 0.011481
91 0.829014 0.422329 0.030238 0.015698
91 0.675846 0.526476 0.026998 0.015933
56 0.518898 0.436153 0.010439 0.016167
88 0.516739 0.307990 0.032037 0.016167
1415 0.442765 0.505740 0.035997 0.016167
1298 0.449424 0.338215 0.024118 0.016635
91 0.440425 0.456537 0.025558 0.016635
91 0.757199 0.423266 0.029878 0.016635
102 0.517459 0.419869 0.042117 0.016870
102 0.443665 0.543346 0.035637 0.017807
88 0.441505 0.397727 0.031317 0.018041
118 0.519978 0.453843 0.009719 0.018744
126 0.444924 0.676898 0.021598 0.018744
70 0.441145 0.525890 0.016919 0.018978
67 0.520338 0.477624 0.021958 0.019447
61 0.446904 0.725047 0.019798 0.020384
91 0.357631 0.388121 0.025558 0.020853
4286 0.457703 0.623828 0.023398 0.021321
119 0.279518 0.417291 0.021238 0.021556
91 0.286357 0.663777 0.032037 0.021556
327 0.757379 0.371368 0.034557 0.021556
58 0.441865 0.559396 0.018359 0.021790
327 0.828834 0.373360 0.037077 0.021790
120 0.519258 0.499414 0.025558 0.022259
4282 0.444204 0.701968 0.030238 0.022493
720 0.753240 0.273664 0.032037 0.022493
720 0.676026 0.272493 0.034557 0.022493
327 0.282937 0.466026 0.034557 0.022493
2083 0.282937 0.489925 0.037437 0.022493
70 0.516739 0.399367 0.018359 0.023196
91 0.598272 0.434044 0.031677 0.023196
120 0.678726 0.610356 0.031317 0.023430
4052 0.674766 0.342315 0.033477 0.023430
4454 0.594492 0.273899 0.041397 0.023430
2083 0.757019 0.397259 0.040317 0.023664
91 0.283837 0.440604 0.039237 0.024133
119 0.678366 0.364808 0.013319 0.024367
2593 0.440785 0.479264 0.029878 0.024602
1476 0.287797 0.635778 0.034197 0.024602
1298 0.690425 0.464503 0.023038 0.025070
868 0.598812 0.462629 0.032757 0.025070
2083 0.829194 0.398547 0.039237 0.025305
1197 0.285457 0.544400 0.033117 0.025539
4068 0.282217 0.389527 0.038877 0.025539
4084 0.601872 0.373828 0.037437 0.026007
91 0.679266 0.387887 0.040317 0.026007
2222 0.518539 0.334349 0.032757 0.026242
1684 0.830274 0.314199 0.045716 0.026242
3829 0.597732 0.341963 0.034917 0.026476
1417 0.357991 0.357896 0.034917 0.026476
3562 0.443665 0.277530 0.036357 0.026476
1298 0.293737 0.516050 0.025918 0.026945
4070 0.441325 0.312441 0.041757 0.026945
691 0.757919 0.314433 0.041397 0.027179
4293 0.679086 0.583529 0.031317 0.027413
506 0.598812 0.404756 0.037797 0.027413
1891 0.758279 0.344541 0.037797 0.027882
1891 0.830634 0.343838 0.041397 0.027882
3562 0.517459 0.279053 0.032757 0.028116
3562 0.597732 0.308341 0.034917 0.028116
3562 0.445464 0.367151 0.042117 0.028116
798 0.284197 0.605787 0.027718 0.028819
3562 0.357991 0.279873 0.034197 0.028819
3553 0.677646 0.314316 0.036357 0.029288
3562 0.284197 0.319705 0.031317 0.029756
2643 0.677646 0.552718 0.031317 0.029991
4741 0.446904 0.652882 0.032757 0.030694
1778 0.287077 0.574391 0.032757 0.031631
1986 0.828474 0.277648 0.042117 0.031865
3749 0.598452 0.497774 0.033477 0.033505
4741 0.444384 0.427484 0.037077 0.033505
2179 0.356911 0.319470 0.043557 0.033505
1126 0.282037 0.356842 0.034917 0.033739
1986 0.678726 0.496837 0.036357 0.033974
1795 0.518539 0.365628 0.029878 0.036317
4460 0.276638 0.283388 0.032757 0.037723
296 0.447624 0.758083 0.025558 0.039597
296 0.441865 0.595009 0.020518 0.041003
296 0.359071 0.423735 0.019078 0.043346
296 0.681246 0.426546 0.024838 0.047563
296 0.759359 0.460286 0.024838 0.047563
296 0.286717 0.704545 0.021958 0.050609
296 0.676926 0.650539 0.024118 0.050843
296 0.830274 0.460520 0.025558 0.051781
296 0.519978 0.544400 0.021958 0.054592
