246 0.922831 0.854329 0.022760 0.006454
169 0.927454 0.409415 0.009957 0.012241
91 0.922475 0.834632 0.028450 0.013354
101 0.929232 0.485533 0.039829 0.014912
297 0.925853 0.876808 0.027383 0.017138
861 0.924964 0.660138 0.039829 0.022257
91 0.922297 0.200534 0.018848 0.023147
3760 0.860597 0.159248 0.044097 0.027821
126 0.923720 0.906410 0.016714 0.028711
3735 0.870021 0.642333 0.034495 0.030269
126 0.862553 0.445137 0.016714 0.032050
111 0.864687 0.478633 0.018848 0.032718
3760 0.863265 0.522479 0.050142 0.032718
83 0.867532 0.601825 0.024538 0.032940
91 0.866821 0.354218 0.025249 0.033163
3047 0.925142 0.580792 0.036629 0.035834
683 0.867532 0.271645 0.051565 0.037614
253 0.921408 0.164701 0.028450 0.039172
2593 0.921230 0.801469 0.040896 0.039172
2885 0.924431 0.383152 0.040185 0.039840
4311 0.921764 0.446138 0.038407 0.041620
717 0.928521 0.620632 0.055477 0.042956
91 0.920164 0.287447 0.035917 0.044736
3184 0.866465 0.314823 0.029516 0.045181
68 0.877845 0.561651 0.007468 0.046072
101 0.870910 0.732695 0.034139 0.047185
2524 0.923364 0.338638 0.050142 0.048297
1373 0.923542 0.758179 0.038407 0.048742
3947 0.863620 0.396061 0.041607 0.049633
717 0.869666 0.683396 0.051565 0.050968
577 0.921586 0.238927 0.032361 0.054084
1092 0.919808 0.706098 0.040185 0.054529
3216 0.923364 0.525929 0.030228 0.057868
68 0.874289 0.791899 0.006757 0.069441
68 0.871799 0.211774 0.013158 0.074115
