246 0.287046 0.409944 0.041217 0.005003
173 0.067959 0.918856 0.025025 0.008443
209 0.849853 0.711851 0.005888 0.009068
200 0.879293 0.767824 0.024534 0.009068
209 0.850098 0.719512 0.005397 0.009381
146 0.147939 0.686992 0.019136 0.009381
209 0.849607 0.729049 0.006379 0.009694
209 0.173700 0.363039 0.009814 0.010006
173 0.165113 0.139462 0.028950 0.010006
209 0.851079 0.738430 0.008342 0.010319
209 0.413886 0.588649 0.012267 0.010319
179 0.755397 0.638368 0.019136 0.010319
52 0.837095 0.447311 0.029441 0.010319
209 0.171492 0.353659 0.005397 0.010632
209 0.040972 0.937148 0.010304 0.010632
173 0.061335 0.348343 0.028459 0.010632
173 0.875123 0.690588 0.023062 0.010944
190 0.754171 0.651188 0.023553 0.010944
173 0.638616 0.799093 0.033857 0.010944
146 0.873896 0.752502 0.023553 0.011570
182 0.038273 0.927298 0.032385 0.011570
56 0.560353 0.837086 0.014720 0.011882
83 0.620952 0.775797 0.018155 0.011882
173 0.755643 0.341151 0.032385 0.011882
209 0.874387 0.712477 0.007851 0.012195
209 0.172718 0.343183 0.008832 0.012195
60 0.870707 0.450125 0.023062 0.012195
200 0.156035 0.701220 0.028459 0.012195
209 0.875613 0.701376 0.007360 0.012508
173 0.847890 0.702001 0.022571 0.012508
92 0.743376 0.811132 0.038273 0.012508
209 0.874141 0.722795 0.007360 0.012821
166 0.872179 0.367261 0.010304 0.012821
88 0.872915 0.517667 0.029441 0.012821
173 0.170265 0.318480 0.037291 0.012821
92 0.519872 0.159006 0.040726 0.012821
92 0.515702 0.439493 0.041217 0.012821
193 0.642296 0.859912 0.023553 0.013133
203 0.525270 0.869293 0.030913 0.013133
92 0.050049 0.448405 0.040236 0.013133
92 0.519382 0.929644 0.042689 0.013133
209 0.172473 0.330675 0.008342 0.013446
173 0.406526 0.578799 0.030913 0.013759
56 0.213199 0.129300 0.016192 0.014071
56 0.567223 0.361632 0.017664 0.014071
115 0.872669 0.500469 0.027969 0.014071
56 0.686457 0.780175 0.018646 0.014384
92 0.635918 0.469356 0.047105 0.014384
134 0.756869 0.352095 0.013248 0.015009
68 0.622424 0.758912 0.014230 0.015009
193 0.173454 0.419637 0.027969 0.015009
121 0.871443 0.419950 0.038273 0.015009
203 0.039745 0.390869 0.039254 0.015009
52 0.165849 0.227017 0.046124 0.015009
91 0.839794 0.488743 0.022080 0.015635
98 0.649166 0.731082 0.028459 0.015635
120 0.840775 0.517355 0.024043 0.015947
120 0.743867 0.927455 0.023553 0.016260
57 0.879784 0.436523 0.037291 0.016260
92 0.858930 0.924953 0.041708 0.016260
168 0.540726 0.346623 0.022571 0.016573
57 0.641560 0.286898 0.030913 0.016573
91 0.285819 0.787523 0.032875 0.016573
92 0.169529 0.596154 0.039745 0.016573
134 0.520608 0.851470 0.018646 0.016886
134 0.035574 0.373984 0.019136 0.016886
193 0.179833 0.687305 0.026987 0.016886
104 0.619725 0.746560 0.023553 0.017198
148 0.611874 0.855691 0.025515 0.017198
87 0.624141 0.711851 0.027478 0.017198
57 0.290972 0.172139 0.033366 0.017198
91 0.633219 0.926360 0.038763 0.017198
65 0.407753 0.501094 0.047105 0.017198
56 0.796614 0.323014 0.021099 0.017511
66 0.621197 0.676986 0.023553 0.017511
91 0.750245 0.406817 0.032385 0.017511
132 0.391315 0.597092 0.026006 0.017824
134 0.061335 0.362101 0.013739 0.018136
56 0.620952 0.729518 0.018155 0.018136
55 0.868989 0.385553 0.031403 0.018136
91 0.170510 0.813634 0.039745 0.018136
134 0.640824 0.844434 0.011776 0.018449
85 0.651129 0.693402 0.012758 0.018449
56 0.054465 0.318793 0.018646 0.018449
64 0.513248 0.889462 0.024534 0.018449
168 0.655299 0.650250 0.026006 0.018449
77 0.879048 0.482020 0.041708 0.018449
52 0.858194 0.601470 0.048086 0.018449
134 0.635182 0.811132 0.023062 0.018762
67 0.656771 0.676360 0.032875 0.018762
134 0.066732 0.930738 0.014720 0.019074
117 0.521590 0.820356 0.027478 0.019074
57 0.638126 0.350688 0.027969 0.019074
99 0.839794 0.501720 0.035819 0.019074
57 0.292444 0.709662 0.037291 0.019074
91 0.517664 0.773452 0.039254 0.019074
91 0.631011 0.233740 0.040236 0.019074
68 0.655054 0.747029 0.014720 0.019387
53 0.621443 0.695122 0.017174 0.019387
58 0.686948 0.797061 0.019627 0.019387
91 0.871443 0.404315 0.024534 0.019387
77 0.062561 0.892745 0.040726 0.019387
52 0.165604 0.641338 0.047596 0.019387
58 0.563788 0.852251 0.017664 0.019700
58 0.800540 0.341307 0.018155 0.019700
164 0.168302 0.154315 0.022571 0.019700
127 0.869971 0.464822 0.027478 0.019700
91 0.634200 0.420419 0.038763 0.019700
65 0.861384 0.204346 0.041708 0.019700
52 0.632237 0.335366 0.043670 0.019700
57 0.752208 0.210131 0.038273 0.020013
81 0.858440 0.649781 0.038763 0.020013
65 0.061580 0.577548 0.051521 0.020013
45 0.750000 0.337086 0.065260 0.020013
56 0.403827 0.658380 0.022571 0.020325
57 0.860402 0.182458 0.035819 0.020325
91 0.516438 0.495153 0.040726 0.020325
881 0.628067 0.181207 0.050049 0.020325
52 0.838077 0.390557 0.025515 0.020638
77 0.408243 0.874296 0.037291 0.020638
92 0.056428 0.845528 0.044161 0.020638
119 0.052012 0.629300 0.017664 0.020951
134 0.172964 0.665260 0.023062 0.020951
83 0.396958 0.249375 0.039254 0.020951
55 0.170756 0.838180 0.044161 0.020951
120 0.856722 0.582864 0.022571 0.021263
56 0.627821 0.133521 0.023062 0.021263
115 0.110402 0.909006 0.031403 0.021263
91 0.404073 0.417448 0.038763 0.021263
91 0.400638 0.819262 0.038763 0.021263
65 0.523062 0.581301 0.047105 0.021263
58 0.217861 0.147123 0.021590 0.021576
120 0.746565 0.694653 0.024043 0.021576
121 0.835623 0.432301 0.027478 0.021576
76 0.745339 0.311288 0.031403 0.021576
91 0.404809 0.760944 0.040236 0.021576
302 0.395731 0.133990 0.050540 0.021576
56 0.286555 0.296123 0.018646 0.021889
78 0.836850 0.412445 0.027969 0.021889
120 0.400393 0.546279 0.028459 0.021889
115 0.109912 0.341463 0.029441 0.021889
302 0.281649 0.197936 0.052993 0.021889
58 0.566732 0.379769 0.018646 0.022201
120 0.161187 0.209662 0.030913 0.022201
76 0.859421 0.874453 0.031894 0.022201
2707 0.745093 0.186523 0.035819 0.022201
91 0.400147 0.355691 0.038763 0.022201
121 0.519627 0.418543 0.051030 0.022201
99 0.749019 0.260632 0.052502 0.022201
126 0.837831 0.466854 0.026006 0.022514
111 0.639352 0.520951 0.027478 0.022514
111 0.521099 0.217011 0.029441 0.022514
59 0.657017 0.767667 0.029441 0.022514
91 0.052748 0.255785 0.036801 0.022514
83 0.632483 0.631645 0.038273 0.022514
83 0.517174 0.329268 0.040236 0.022514
88 0.281894 0.467792 0.040726 0.022514
65 0.753435 0.488118 0.040726 0.022514
89 0.286801 0.585366 0.042689 0.022514
168 0.870216 0.342871 0.022080 0.022827
71 0.119235 0.924171 0.037291 0.022827
84 0.052012 0.550813 0.041217 0.022827
67 0.524534 0.608974 0.045142 0.022827
84 0.748528 0.466385 0.045633 0.022827
81 0.852797 0.162133 0.046124 0.022827
84 0.399411 0.475453 0.052012 0.022827
121 0.521590 0.907598 0.053974 0.022827
83 0.398430 0.922452 0.032385 0.023139
91 0.050049 0.163383 0.036310 0.023452
126 0.745093 0.885397 0.042689 0.023452
85 0.399902 0.198874 0.014720 0.023765
71 0.115554 0.361476 0.027969 0.023765
67 0.407017 0.525328 0.043670 0.023765
70 0.742149 0.909631 0.043670 0.023765
89 0.522326 0.301751 0.047596 0.023765
45 0.640579 0.795810 0.059372 0.023765
45 0.059863 0.915260 0.076546 0.023765
98 0.160697 0.536116 0.048577 0.024078
89 0.638371 0.604909 0.050049 0.024078
45 0.519382 0.373515 0.064279 0.024078
119 0.285329 0.316760 0.019136 0.024390
111 0.284347 0.491245 0.032875 0.024390
87 0.746320 0.672764 0.029441 0.024703
86 0.752944 0.745310 0.029931 0.024703
67 0.059372 0.603659 0.048086 0.024703
3553 0.518646 0.797530 0.048086 0.024703
53 0.651129 0.713884 0.011776 0.025016
118 0.174926 0.784866 0.013248 0.025016
111 0.052012 0.187305 0.024534 0.025016
111 0.167321 0.472483 0.029441 0.025016
122 0.398430 0.304253 0.030422 0.025016
122 0.401619 0.709819 0.033857 0.025016
107 0.856968 0.848968 0.038763 0.025016
52 0.401619 0.685116 0.040726 0.025016
84 0.516192 0.556911 0.045142 0.025016
85 0.399657 0.898843 0.023062 0.025328
2707 0.287046 0.815041 0.037291 0.025328
127 0.281649 0.761882 0.040236 0.025328
67 0.753189 0.518293 0.043180 0.025328
134 0.166340 0.396185 0.024534 0.025641
2593 0.627331 0.209819 0.040726 0.025641
77 0.865064 0.667605 0.045142 0.025641
45 0.520608 0.848968 0.063788 0.025641
119 0.520118 0.632427 0.017664 0.025954
66 0.854514 0.230613 0.033857 0.025954
77 0.293916 0.926360 0.046124 0.025954
3553 0.635182 0.444028 0.044652 0.026266
66 0.636654 0.580519 0.028950 0.026579
66 0.515947 0.276892 0.033857 0.026579
87 0.745093 0.133677 0.041708 0.026579
104 0.745829 0.720294 0.042198 0.026579
1295 0.744112 0.858818 0.043670 0.026579
113 0.852552 0.138368 0.050540 0.026579
119 0.855741 0.255472 0.020608 0.026892
3553 0.632974 0.259225 0.038273 0.026892
366 0.052012 0.871482 0.063788 0.026892
87 0.632974 0.313477 0.029441 0.027205
77 0.291217 0.651501 0.035819 0.027205
1295 0.521590 0.247498 0.042198 0.027205
3553 0.516683 0.133677 0.045142 0.027205
45 0.519136 0.719356 0.066732 0.027205
45 0.405299 0.573640 0.067713 0.027205
70 0.514720 0.687617 0.034347 0.027517
113 0.855496 0.626642 0.048577 0.027517
45 0.753680 0.636648 0.063788 0.027517
45 0.169529 0.387117 0.068204 0.027517
87 0.164868 0.618981 0.033366 0.027830
58 0.861629 0.790338 0.034347 0.027830
104 0.284347 0.738118 0.039745 0.027830
3553 0.745584 0.829112 0.042689 0.027830
4133 0.449215 0.567542 0.032875 0.028143
81 0.743867 0.236085 0.043180 0.028143
264 0.282385 0.436836 0.051521 0.028143
123 0.858440 0.558318 0.023062 0.028455
118 0.628557 0.157442 0.025515 0.028455
2598 0.397203 0.226235 0.038763 0.028455
52 0.397694 0.277830 0.041708 0.028455
73 0.747056 0.159631 0.056428 0.028455
70 0.750245 0.600688 0.029441 0.028768
1295 0.636408 0.550657 0.042198 0.028768
85 0.054956 0.821920 0.019627 0.029081
107 0.749019 0.569262 0.030913 0.029081
86 0.061335 0.138055 0.041217 0.029081
45 0.164622 0.137742 0.069185 0.029081
123 0.162414 0.185116 0.020608 0.029393
66 0.859912 0.824265 0.031894 0.029393
78 0.858194 0.903690 0.034347 0.029393
93 0.289009 0.271107 0.042198 0.029393
45 0.640088 0.842402 0.067223 0.029393
717 0.171001 0.252345 0.069185 0.029393
45 0.059863 0.728580 0.075564 0.029393
4133 0.109666 0.721701 0.039745 0.030019
78 0.169529 0.758599 0.041708 0.030644
4133 0.683759 0.841932 0.031894 0.030957
121 0.747547 0.286273 0.039745 0.030957
366 0.160697 0.446842 0.064279 0.031270
119 0.747056 0.543934 0.026006 0.031582
70 0.850343 0.314572 0.032385 0.031895
107 0.052993 0.656660 0.034347 0.031895
366 0.513739 0.468418 0.060844 0.031895
296 0.289745 0.617730 0.028950 0.032208
47 0.407017 0.325985 0.035819 0.032208
4416 0.171492 0.918856 0.043670 0.032208
87 0.283611 0.353971 0.030422 0.032520
45 0.861384 0.545028 0.061335 0.032520
45 0.063543 0.345216 0.062316 0.032520
4133 0.796614 0.633365 0.034838 0.032833
3808 0.635182 0.495466 0.061335 0.032833
2179 0.054956 0.788149 0.062807 0.032833
70 0.052502 0.692308 0.026497 0.033146
107 0.517174 0.658537 0.032385 0.033146
2643 0.395486 0.848968 0.056919 0.033146
4133 0.215653 0.382270 0.035819 0.033458
47 0.408489 0.729362 0.039745 0.033458
2639 0.397448 0.387586 0.055937 0.033458
2179 0.051030 0.516417 0.059863 0.033458
118 0.286310 0.560663 0.027969 0.033771
74 0.513003 0.390869 0.029931 0.033771
4133 0.908243 0.542214 0.037291 0.033771
118 0.279441 0.385397 0.033857 0.034084
74 0.169038 0.727017 0.029931 0.034396
3808 0.519872 0.187617 0.062316 0.034396
4133 0.567959 0.712320 0.032875 0.035022
2820 0.045878 0.419950 0.059372 0.035022
2639 0.745584 0.380238 0.062316 0.035022
981 0.287782 0.684021 0.054465 0.035335
296 0.169284 0.571920 0.029441 0.036273
107 0.852061 0.283927 0.031894 0.036273
2643 0.396467 0.447780 0.057900 0.036273
3553 0.753680 0.434803 0.059863 0.036585
420 0.399411 0.787211 0.065751 0.036585
420 0.049804 0.223265 0.065260 0.036898
296 0.515702 0.527361 0.034347 0.037211
4166 0.284102 0.897123 0.052012 0.037523
2661 0.061825 0.749844 0.069676 0.037523
1138 0.520854 0.741870 0.061335 0.037836
2643 0.399166 0.630550 0.063297 0.037836
3948 0.284102 0.527048 0.052012 0.038462
2661 0.052993 0.479831 0.069676 0.039087
2411 0.169529 0.289712 0.045633 0.039712
2639 0.396222 0.168699 0.055447 0.039712
1138 0.634446 0.384459 0.076546 0.039712
2643 0.048332 0.290025 0.055447 0.040963
3893 0.284838 0.236554 0.064279 0.041588
1138 0.633219 0.891026 0.062316 0.042214
969 0.744357 0.782051 0.045142 0.042527
4528 0.283121 0.141338 0.048086 0.042527
2904 0.173700 0.505003 0.059863 0.043777
3249 0.281403 0.854909 0.053484 0.046904
1317 0.169284 0.879456 0.041217 0.054096
