92 0.583898 0.324432 0.025424 0.011591
92 0.513220 0.600455 0.025763 0.011818
92 0.230508 0.710227 0.029831 0.012273
92 0.093390 0.881136 0.032881 0.013182
56 0.722034 0.762841 0.014237 0.013409
52 0.652881 0.520682 0.040678 0.015000
92 0.097288 0.770909 0.028475 0.016364
52 0.787627 0.345341 0.035593 0.017500
418 0.028814 0.671364 0.029831 0.017727
52 0.511186 0.575909 0.045424 0.017727
418 0.163051 0.452614 0.036610 0.017955
92 0.725085 0.428750 0.023051 0.018409
52 0.785085 0.871705 0.036610 0.019318
101 0.228136 0.685682 0.067119 0.019545
52 0.581017 0.568977 0.036610 0.019773
56 0.791017 0.610114 0.022034 0.020682
128 0.442712 0.523864 0.010169 0.021818
64 0.232203 0.437955 0.016949 0.021818
107 0.582712 0.760795 0.013559 0.022045
128 0.035254 0.514432 0.011525 0.022500
101 0.099661 0.870114 0.071186 0.022500
72 0.436949 0.605227 0.038644 0.022727
72 0.717288 0.598068 0.042034 0.022955
66 0.444576 0.834091 0.020678 0.023182
52 0.786102 0.272273 0.037288 0.023182
101 0.036441 0.452727 0.051186 0.023182
64 0.371525 0.555568 0.016949 0.023409
495 0.646441 0.361023 0.063729 0.023409
1834 0.164576 0.520909 0.046441 0.023636
56 0.590169 0.838523 0.014237 0.023864
56 0.094407 0.664886 0.017966 0.023864
56 0.583729 0.462159 0.015593 0.024773
56 0.372203 0.484318 0.014237 0.025000
68 0.509492 0.392727 0.035932 0.025000
63 0.174746 0.794432 0.047797 0.025227
698 0.651864 0.546364 0.034576 0.025455
56 0.166102 0.765909 0.019661 0.025909
495 0.096271 0.268182 0.067119 0.025909
2598 0.795763 0.811477 0.013220 0.026136
66 0.654237 0.693523 0.017627 0.026136
93 0.448644 0.682159 0.034237 0.026136
2151 0.164407 0.486477 0.044068 0.026136
418 0.229153 0.654205 0.008814 0.027045
126 0.516271 0.755341 0.042712 0.027500
53 0.302881 0.874773 0.013220 0.027727
56 0.299322 0.307955 0.014915 0.027727
81 0.441017 0.871591 0.046780 0.027727
128 0.377458 0.734659 0.012542 0.027955
56 0.371695 0.634432 0.013898 0.027955
72 0.507966 0.629659 0.040339 0.027955
127 0.160169 0.819318 0.030169 0.028182
418 0.093729 0.423409 0.020678 0.028636
98 0.098475 0.912500 0.053220 0.028636
495 0.512881 0.359432 0.071186 0.028864
118 0.242203 0.586591 0.020000 0.029091
251 0.093898 0.556364 0.029831 0.029091
495 0.506949 0.787045 0.070847 0.029091
495 0.089661 0.640114 0.077627 0.029318
68 0.230169 0.559205 0.048814 0.029773
418 0.096102 0.828068 0.010508 0.030227
76 0.790339 0.497841 0.021356 0.030227
72 0.094746 0.801250 0.026102 0.030227
126 0.306780 0.274205 0.038644 0.030227
117 0.652034 0.388409 0.015254 0.030455
287 0.527119 0.911136 0.045424 0.030455
69 0.594068 0.205227 0.053898 0.030455
1173 0.441695 0.362727 0.044068 0.030909
91 0.031864 0.350568 0.035254 0.031136
123 0.578475 0.488182 0.013898 0.031364
83 0.782373 0.748182 0.034576 0.031364
1952 0.653390 0.601818 0.043729 0.031364
88 0.364915 0.824318 0.044407 0.031364
67 0.733559 0.278523 0.038644 0.031591
63 0.793559 0.643750 0.048136 0.031591
1592 0.372712 0.363750 0.050508 0.031591
418 0.793220 0.840795 0.012881 0.032045
88 0.788136 0.787159 0.041356 0.032045
88 0.373220 0.273523 0.045424 0.032045
98 0.090678 0.305909 0.056610 0.032273
70 0.303390 0.909205 0.046780 0.032955
63 0.599492 0.861818 0.049153 0.033182
91 0.233729 0.849659 0.052542 0.033409
123 0.301017 0.755455 0.014237 0.033636
83 0.514068 0.320909 0.029492 0.033636
51 0.094915 0.735682 0.044746 0.033636
105 0.030000 0.868636 0.048475 0.033636
120 0.303729 0.680568 0.022373 0.033864
1880 0.724576 0.551932 0.024746 0.033864
70 0.647627 0.488523 0.029492 0.033864
123 0.650847 0.661932 0.012881 0.034318
126 0.451017 0.448523 0.047119 0.034318
99 0.597458 0.248523 0.065424 0.034318
110 0.230169 0.624318 0.025763 0.034545
60 0.716949 0.800341 0.030508 0.034773
54 0.369661 0.858068 0.033559 0.034773
59 0.241356 0.361250 0.040000 0.034773
83 0.225763 0.404659 0.042712 0.034773
126 0.303559 0.472614 0.045085 0.034773
91 0.026271 0.788182 0.049831 0.035000
60 0.723051 0.399091 0.024407 0.035455
90 0.722034 0.687273 0.050847 0.035455
76 0.723390 0.867614 0.019661 0.035682
58 0.369661 0.516705 0.030169 0.035682
107 0.372712 0.590000 0.017288 0.035909
60 0.436949 0.801591 0.025085 0.035909
91 0.582034 0.432500 0.047458 0.035909
127 0.783898 0.676477 0.041695 0.036136
88 0.372881 0.670568 0.043390 0.036136
126 0.378644 0.449205 0.046102 0.036136
107 0.028305 0.542500 0.017288 0.036364
2542 0.032203 0.707841 0.046780 0.036591
60 0.031017 0.271591 0.026780 0.036818
1083 0.026441 0.750227 0.033220 0.036818
121 0.791017 0.308182 0.045763 0.037273
107 0.159153 0.683068 0.017966 0.037500
2885 0.093390 0.390341 0.034915 0.037500
58 0.721525 0.836932 0.036271 0.037500
87 0.165085 0.325000 0.030508 0.037727
85 0.586102 0.292386 0.012881 0.037955
978 0.300169 0.559432 0.038983 0.037955
98 0.228814 0.734545 0.049492 0.038182
87 0.659492 0.278750 0.022034 0.038409
87 0.302542 0.646250 0.036949 0.038409
101 0.233729 0.320568 0.041695 0.038409
91 0.438136 0.713523 0.045085 0.038864
107 0.788475 0.532273 0.018983 0.039091
58 0.303390 0.597500 0.028475 0.039091
126 0.310339 0.842273 0.050508 0.039091
119 0.790847 0.573523 0.023051 0.039318
58 0.306441 0.519432 0.043390 0.039318
4660 0.581017 0.389545 0.044746 0.039545
122 0.031525 0.309659 0.033898 0.039773
4597 0.373559 0.406477 0.051525 0.039773
85 0.093220 0.466136 0.010169 0.040000
74 0.027119 0.830227 0.021017 0.040000
58 0.088644 0.697045 0.022712 0.040000
60 0.231356 0.278750 0.016610 0.040227
98 0.717627 0.451136 0.061017 0.040455
119 0.790000 0.373523 0.018644 0.040682
51 0.303051 0.394886 0.039322 0.040682
122 0.231864 0.809886 0.043390 0.040682
51 0.300508 0.719886 0.045763 0.040682
83 0.160339 0.912273 0.026441 0.040909
119 0.583559 0.601250 0.020678 0.041136
77 0.793390 0.413523 0.047797 0.041136
60 0.234915 0.767045 0.021695 0.041364
77 0.175085 0.556818 0.038305 0.041364
126 0.580169 0.534318 0.038983 0.041364
122 0.022373 0.906818 0.044746 0.041364
76 0.581695 0.745114 0.042034 0.041591
62 0.723390 0.321705 0.036610 0.042045
3322 0.090508 0.599886 0.041356 0.042045
96 0.655932 0.734659 0.052203 0.042045
78 0.722881 0.904773 0.026780 0.042273
76 0.374237 0.707045 0.029831 0.042273
121 0.033051 0.589545 0.053220 0.042273
119 0.794068 0.906250 0.022034 0.042500
58 0.096102 0.343068 0.030847 0.042500
111 0.724915 0.356477 0.021356 0.042955
76 0.442373 0.492500 0.040000 0.043182
81 0.031864 0.483182 0.040678 0.043182
121 0.229661 0.478977 0.041695 0.043409
77 0.590847 0.650909 0.041356 0.043636
2598 0.158983 0.413295 0.018983 0.043864
119 0.725593 0.630682 0.018644 0.044091
60 0.167627 0.281364 0.027458 0.044091
99 0.724576 0.730682 0.057288 0.044091
119 0.163898 0.371591 0.020678 0.044545
1396 0.513220 0.673182 0.047458 0.044545
98 0.504237 0.429318 0.066780 0.044545
85 0.511017 0.537614 0.015932 0.044773
4646 0.444237 0.402386 0.028136 0.045227
68 0.164915 0.608864 0.007119 0.045455
76 0.164068 0.655341 0.045424 0.045682
85 0.446102 0.903864 0.043390 0.045909
2598 0.519831 0.816023 0.020000 0.046136
83 0.369661 0.318864 0.024746 0.046364
68 0.796441 0.458068 0.007119 0.047045
58 0.092203 0.509659 0.033898 0.047045
2320 0.375593 0.901477 0.049492 0.047045
119 0.588475 0.803523 0.019661 0.047500
86 0.662034 0.319773 0.028475 0.047727
63 0.307627 0.430455 0.042373 0.048182
96 0.306102 0.798977 0.054915 0.048409
58 0.440678 0.566364 0.033220 0.049091
127 0.588983 0.901818 0.049831 0.049091
111 0.238983 0.514091 0.022373 0.049545
68 0.514746 0.278523 0.012542 0.050227
3984 0.510339 0.720682 0.030847 0.050909
119 0.162203 0.725909 0.019322 0.051818
58 0.374237 0.777500 0.036610 0.052727
127 0.446780 0.641591 0.048814 0.053182
4164 0.446441 0.215000 0.054915 0.054091
62 0.303898 0.348864 0.036271 0.055455
3679 0.445254 0.266364 0.066780 0.056364
2598 0.029322 0.635795 0.022034 0.057045
68 0.591186 0.701705 0.008814 0.058409
68 0.797458 0.715795 0.011864 0.058409
268 0.029831 0.401250 0.033220 0.060227
68 0.654407 0.438409 0.007797 0.061364
296 0.515254 0.863182 0.027797 0.063182
296 0.723898 0.498068 0.026102 0.067500
47 0.513729 0.482841 0.031525 0.072045
68 0.179831 0.868295 0.009831 0.076591
