42 0.809797 0.597269 0.015896 0.014258
42 0.710351 0.550991 0.018115 0.014500
42 0.807209 0.429555 0.015896 0.014741
42 0.807394 0.771991 0.014787 0.015225
42 0.803142 0.249275 0.015157 0.015225
42 0.708872 0.380498 0.015157 0.015708
302 0.315157 0.466771 0.055823 0.023441
1761 0.221996 0.560416 0.064695 0.025133
302 0.216451 0.771266 0.057301 0.025375
335 0.514603 0.334099 0.050277 0.026341
2748 0.604991 0.465080 0.053604 0.026341
302 0.120702 0.459522 0.060259 0.026341
1867 0.900555 0.204809 0.039926 0.026825
278 0.706654 0.685234 0.052126 0.026825
2748 0.702773 0.857540 0.056192 0.026825
254 0.221627 0.600652 0.056562 0.026825
2555 0.513309 0.247463 0.055823 0.027066
253 0.513863 0.463146 0.048799 0.027308
316 0.706654 0.771266 0.054344 0.027791
254 0.705545 0.898139 0.056562 0.027791
1375 0.699445 0.338328 0.050277 0.028033
1375 0.604991 0.683422 0.053604 0.028033
278 0.604991 0.291445 0.055083 0.028033
278 0.218299 0.859111 0.055083 0.028033
979 0.517745 0.857298 0.050647 0.028275
2543 0.512569 0.599686 0.051386 0.028275
254 0.607394 0.817424 0.051756 0.028758
278 0.612015 0.552320 0.054344 0.028758
395 0.416821 0.857177 0.056562 0.029000
395 0.221442 0.424964 0.060628 0.029241
254 0.218669 0.297124 0.049168 0.029725
978 0.418669 0.423272 0.050647 0.029725
278 0.898336 0.290358 0.051756 0.029725
3690 0.801109 0.858507 0.051756 0.029725
1113 0.217930 0.731634 0.054344 0.029725
869 0.704251 0.246979 0.041405 0.029966
721 0.697782 0.511358 0.043253 0.029966
253 0.900555 0.381102 0.050277 0.029966
757 0.121442 0.811020 0.053604 0.029966
979 0.810351 0.899348 0.041405 0.030208
979 0.518854 0.424722 0.050647 0.030208
254 0.120702 0.291083 0.054344 0.030208
863 0.513494 0.815007 0.039926 0.030691
869 0.702957 0.420130 0.041774 0.030691
757 0.317560 0.599686 0.051756 0.030691
1416 0.514972 0.771025 0.051756 0.030691
278 0.121811 0.546762 0.053604 0.030691
287 0.122366 0.416143 0.048799 0.030933
252 0.900555 0.246496 0.050277 0.030933
1579 0.902773 0.651160 0.048799 0.031174
508 0.900739 0.899106 0.043993 0.031658
2489 0.702773 0.203359 0.053235 0.031658
567 0.411091 0.552078 0.056192 0.031658
255 0.607209 0.857057 0.057301 0.031658
1113 0.316821 0.898864 0.057671 0.031658
1762 0.904436 0.161793 0.058041 0.031658
1102 0.121257 0.722934 0.062107 0.031658
3690 0.800739 0.339536 0.050277 0.031899
2190 0.220887 0.898018 0.052126 0.031899
1022 0.510536 0.507008 0.057671 0.031899
4260 0.416821 0.729217 0.049908 0.032141
567 0.315527 0.769333 0.050647 0.032141
3690 0.799815 0.162760 0.051386 0.032141
1193 0.509057 0.641977 0.054713 0.032141
1599 0.901848 0.776100 0.055083 0.032141
885 0.515527 0.896931 0.060259 0.032141
706 0.512754 0.290841 0.048799 0.032624
287 0.904436 0.816941 0.049168 0.032624
1799 0.118669 0.503504 0.050277 0.032624
2190 0.515527 0.685234 0.052865 0.032624
2621 0.316451 0.858748 0.053235 0.032624
287 0.904806 0.514137 0.054344 0.032624
2489 0.515712 0.162518 0.054713 0.032624
287 0.903512 0.421943 0.053235 0.032866
1762 0.707763 0.812470 0.057301 0.032866
3865 0.418854 0.381948 0.048799 0.033108
3754 0.603142 0.162276 0.049168 0.033108
2322 0.417375 0.295433 0.053235 0.033108
3674 0.319224 0.815249 0.053604 0.033108
1193 0.121257 0.765466 0.044362 0.033591
1799 0.214972 0.814766 0.045471 0.033591
1113 0.123290 0.896689 0.046211 0.033591
3690 0.804991 0.685718 0.046950 0.033591
2373 0.415342 0.250000 0.049908 0.033591
2621 0.315527 0.379773 0.050647 0.033591
2190 0.126617 0.591711 0.058780 0.033591
2425 0.602403 0.379048 0.060259 0.033591
1250 0.414233 0.463509 0.043993 0.033833
3690 0.804806 0.512566 0.050277 0.033833
1439 0.121811 0.246013 0.052126 0.033833
3022 0.611645 0.595698 0.056562 0.033833
2621 0.317006 0.730788 0.057301 0.033833
2590 0.414972 0.639923 0.058780 0.033833
2223 0.901294 0.335549 0.047320 0.034074
2423 0.603142 0.207709 0.055823 0.034074
1685 0.121996 0.333132 0.057671 0.034074
1823 0.217375 0.338932 0.044362 0.034558
579 0.413863 0.895723 0.049168 0.034558
2431 0.416451 0.206742 0.055823 0.034558
981 0.702588 0.159256 0.046950 0.034799
1880 0.700370 0.464476 0.050647 0.034799
3175 0.899261 0.735621 0.056562 0.034799
2190 0.416636 0.599203 0.054713 0.035041
2621 0.415712 0.817424 0.049908 0.035524
1905 0.511830 0.725109 0.051386 0.035524
2682 0.125323 0.160101 0.059150 0.035524
3999 0.312569 0.207951 0.060259 0.035524
1880 0.118115 0.680522 0.047689 0.035766
1880 0.119593 0.204205 0.049908 0.035766
840 0.324030 0.644273 0.052865 0.035766
3834 0.702957 0.644273 0.052865 0.035766
2834 0.119409 0.373369 0.053235 0.035766
2621 0.605360 0.725471 0.055823 0.035766
1411 0.804621 0.556066 0.056562 0.035766
2161 0.610536 0.639923 0.057301 0.035766
1880 0.702588 0.293258 0.052126 0.036008
750 0.124769 0.852948 0.052126 0.036008
2621 0.317006 0.555462 0.054344 0.036008
2621 0.414972 0.509062 0.055823 0.036008
4163 0.312569 0.246617 0.047689 0.036491
505 0.215342 0.517037 0.057301 0.036491
4077 0.317006 0.292291 0.058041 0.036491
1823 0.215712 0.643548 0.043253 0.036733
3189 0.701479 0.729338 0.046950 0.036733
1880 0.902218 0.606815 0.052865 0.036733
3189 0.512754 0.554012 0.050277 0.036974
2682 0.122921 0.635210 0.053604 0.036974
750 0.323845 0.507612 0.059150 0.036974
2621 0.509057 0.206259 0.053235 0.037458
505 0.216451 0.380981 0.054344 0.037458
1396 0.606285 0.423272 0.056192 0.037458
4067 0.317006 0.335790 0.057301 0.037458
508 0.802773 0.637989 0.049168 0.037699
2412 0.607209 0.250000 0.048429 0.037941
1599 0.898891 0.864306 0.052126 0.037941
3231 0.905545 0.560295 0.055823 0.037941
3175 0.415527 0.771508 0.056192 0.037941
508 0.800739 0.812107 0.044362 0.038424
4084 0.610166 0.508337 0.060259 0.038424
2011 0.324214 0.688859 0.065065 0.038424
1768 0.218299 0.250242 0.066174 0.038424
3340 0.904067 0.690672 0.058780 0.038666
508 0.798521 0.465805 0.044362 0.038908
249 0.607763 0.894998 0.045841 0.038908
505 0.214972 0.206259 0.053604 0.039391
1138 0.417560 0.163726 0.054344 0.039391
403 0.221257 0.162760 0.060998 0.039391
1950 0.314418 0.163968 0.055823 0.039874
508 0.794824 0.291928 0.038447 0.040599
4084 0.802218 0.730546 0.057671 0.040599
616 0.606470 0.773562 0.060998 0.040599
296 0.902403 0.467496 0.047320 0.040841
1373 0.704436 0.595336 0.051386 0.041324
505 0.215527 0.686684 0.053235 0.041324
505 0.412384 0.683543 0.059519 0.041324
1306 0.414233 0.340261 0.052865 0.041566
296 0.604806 0.332165 0.047320 0.042291
296 0.799815 0.207709 0.052126 0.042291
1783 0.318484 0.424722 0.057301 0.042291
2412 0.513494 0.378444 0.050277 0.042533
1784 0.221442 0.472571 0.059150 0.043258
3153 0.803142 0.385089 0.058780 0.045191
