246 0.476099 0.829393 0.059273 0.008398
173 0.170650 0.904977 0.028681 0.009020
169 0.482075 0.469051 0.037763 0.011198
200 0.156310 0.608554 0.022945 0.011509
56 0.157505 0.531104 0.021511 0.013375
92 0.929732 0.749145 0.038241 0.013375
120 0.571224 0.579316 0.017208 0.013997
209 0.174952 0.918040 0.010516 0.014619
101 0.697897 0.621928 0.044933 0.015241
83 0.567161 0.547900 0.027247 0.015863
124 0.569551 0.565008 0.028203 0.015863
81 0.149140 0.869207 0.040153 0.015863
718 0.637428 0.605443 0.021511 0.016485
980 0.639101 0.585226 0.027725 0.017107
56 0.585086 0.146656 0.022945 0.017729
2325 0.298757 0.320218 0.031549 0.017729
68 0.564532 0.416641 0.031549 0.017729
132 0.494264 0.809020 0.024857 0.018040
91 0.129302 0.467807 0.027247 0.018040
162 0.711998 0.306376 0.032027 0.018040
52 0.813815 0.661586 0.049235 0.018040
113 0.565966 0.434681 0.031549 0.018351
26 0.581740 0.390358 0.064054 0.018663
120 0.355641 0.270140 0.019120 0.018974
980 0.411329 0.672317 0.019598 0.018974
2325 0.525096 0.424728 0.032027 0.018974
83 0.603489 0.567341 0.027247 0.019285
81 0.603011 0.501400 0.031071 0.019285
92 0.141252 0.750233 0.040631 0.019285
56 0.923040 0.341058 0.019120 0.019596
501 0.598948 0.440280 0.027725 0.019596
168 0.483031 0.453344 0.032027 0.019596
53 0.567161 0.451944 0.018642 0.019907
66 0.570507 0.521617 0.023423 0.019907
132 0.151291 0.930638 0.026291 0.019907
81 0.585325 0.165474 0.044455 0.019907
302 0.140057 0.151788 0.050669 0.019907
113 0.467256 0.269051 0.052103 0.019907
302 0.598948 0.418507 0.034417 0.020218
81 0.356597 0.514308 0.047801 0.020218
113 0.581740 0.220373 0.053537 0.020218
56 0.933795 0.833593 0.013862 0.020529
118 0.160851 0.548056 0.015774 0.020529
316 0.602772 0.462208 0.034417 0.020529
52 0.923518 0.149300 0.043021 0.020529
88 0.586281 0.270918 0.048279 0.020529
102 0.250478 0.501711 0.053537 0.020529
132 0.833891 0.579005 0.025335 0.020840
193 0.606119 0.622862 0.028681 0.020840
76 0.920650 0.318040 0.033461 0.020840
2325 0.752868 0.569984 0.033461 0.020840
57 0.818356 0.328927 0.034417 0.020840
91 0.584369 0.366252 0.043499 0.020840
113 0.245459 0.249300 0.056883 0.020840
91 0.927103 0.654743 0.034895 0.021151
113 0.256214 0.861275 0.053537 0.021151
132 0.371415 0.713375 0.026769 0.021462
64 0.811902 0.501244 0.029159 0.021462
148 0.369742 0.691602 0.031071 0.021462
76 0.148423 0.887869 0.035851 0.021462
167 0.157266 0.589736 0.020076 0.021773
84 0.249283 0.401555 0.049235 0.021773
68 0.565010 0.526750 0.026769 0.022084
52 0.126195 0.519596 0.028681 0.022084
64 0.140057 0.400156 0.032505 0.022084
57 0.706740 0.825661 0.038719 0.022084
83 0.926386 0.809176 0.043021 0.022084
127 0.253346 0.477760 0.050669 0.022395
76 0.359226 0.484759 0.032983 0.022706
60 0.249761 0.455210 0.034895 0.022706
52 0.255019 0.751011 0.046367 0.022706
83 0.125000 0.542146 0.025335 0.023017
91 0.588432 0.723484 0.041109 0.023017
1406 0.588193 0.831726 0.047323 0.023017
107 0.603011 0.523950 0.021511 0.023328
120 0.924713 0.585226 0.022467 0.023328
120 0.810229 0.224106 0.022945 0.023328
126 0.566922 0.495645 0.026769 0.023328
83 0.242830 0.222551 0.036329 0.023328
52 0.251912 0.523639 0.042065 0.023328
102 0.814293 0.481337 0.054015 0.023328
108 0.697658 0.179160 0.017686 0.023639
77 0.815249 0.766096 0.040631 0.023639
91 0.142925 0.692691 0.042065 0.023639
68 0.154637 0.489425 0.012906 0.023950
52 0.465583 0.151011 0.053537 0.023950
119 0.358031 0.561742 0.018164 0.024261
132 0.713671 0.327527 0.025813 0.024261
122 0.156310 0.513530 0.025813 0.024261
120 0.364723 0.654432 0.026769 0.024261
683 0.476338 0.180404 0.058795 0.024261
132 0.712954 0.289425 0.027247 0.024572
59 0.567639 0.471695 0.029159 0.024572
92 0.258604 0.774650 0.036329 0.024572
102 0.811185 0.525505 0.056405 0.024572
119 0.603489 0.548056 0.019598 0.024883
83 0.919694 0.436081 0.034417 0.024883
91 0.707457 0.892379 0.038241 0.024883
120 0.261233 0.884448 0.023423 0.025194
111 0.357553 0.537014 0.023901 0.025194
51 0.601816 0.479160 0.031549 0.025194
76 0.582457 0.338258 0.034895 0.025194
77 0.814771 0.550389 0.040631 0.025194
77 0.258843 0.622862 0.045411 0.025194
53 0.156549 0.466874 0.019598 0.025505
84 0.356119 0.586936 0.039197 0.025505
76 0.586998 0.194246 0.035373 0.025816
84 0.243786 0.153499 0.044933 0.025816
87 0.586520 0.896423 0.036329 0.026128
66 0.586281 0.927216 0.037763 0.026128
81 0.697419 0.262986 0.042065 0.026439
127 0.367830 0.775272 0.055927 0.026439
108 0.697419 0.453188 0.024857 0.026750
88 0.142208 0.264697 0.050191 0.026750
88 0.812859 0.420529 0.054015 0.026750
2151 0.471319 0.494246 0.054493 0.026750
99 0.357792 0.188647 0.057839 0.027061
72 0.255975 0.800622 0.037763 0.027372
81 0.476816 0.386625 0.038719 0.027372
87 0.142447 0.838569 0.039197 0.027372
45 0.255258 0.339658 0.070746 0.027372
111 0.253107 0.426283 0.030115 0.027683
83 0.473948 0.415397 0.035851 0.027683
99 0.695985 0.235925 0.051625 0.027683
87 0.472992 0.745879 0.035851 0.027994
81 0.700048 0.542768 0.043499 0.027994
980 0.480163 0.675272 0.062620 0.027994
53 0.468929 0.293157 0.023901 0.028305
85 0.358748 0.298445 0.030115 0.028305
86 0.154398 0.767496 0.035373 0.028305
683 0.698136 0.595490 0.062620 0.028305
45 0.146989 0.578694 0.063576 0.028305
86 0.710086 0.765785 0.033939 0.028616
77 0.700048 0.205288 0.040631 0.028616
126 0.480641 0.924417 0.042543 0.028616
1165 0.468929 0.566096 0.061185 0.028616
83 0.256692 0.828771 0.042065 0.028927
51 0.693595 0.152877 0.050669 0.028927
117 0.143642 0.370451 0.034895 0.029238
109 0.696702 0.391602 0.051147 0.029238
45 0.704350 0.576361 0.061663 0.029238
77 0.698375 0.481649 0.039197 0.029549
1165 0.695746 0.683359 0.057839 0.029860
99 0.700287 0.513219 0.058317 0.029860
53 0.586042 0.245568 0.014340 0.030171
75 0.130019 0.493468 0.028681 0.030171
111 0.703633 0.795179 0.031549 0.030171
110 0.474665 0.643701 0.038241 0.030171
51 0.699331 0.424728 0.046845 0.030171
2600 0.585803 0.693157 0.061663 0.030171
45 0.369264 0.685692 0.064532 0.030171
85 0.473709 0.320684 0.025813 0.030482
74 0.364006 0.747123 0.029159 0.030482
76 0.706501 0.920062 0.051625 0.030482
87 0.363050 0.804199 0.038719 0.030793
978 0.811902 0.356921 0.052103 0.030793
1894 0.358031 0.329549 0.060229 0.030793
118 0.926386 0.366407 0.017208 0.031104
87 0.699809 0.358320 0.039197 0.031104
62 0.473231 0.241680 0.043021 0.031104
84 0.363528 0.413841 0.038719 0.031415
700 0.141491 0.235303 0.039197 0.031415
81 0.811185 0.793624 0.040153 0.031415
509 0.927103 0.175272 0.050191 0.031415
3353 0.926386 0.681649 0.038241 0.032037
51 0.809990 0.453344 0.040631 0.032037
59 0.260755 0.660342 0.047323 0.032348
4267 0.586042 0.800622 0.057361 0.032348
118 0.934273 0.860187 0.012906 0.032659
53 0.247132 0.309020 0.022945 0.032659
3956 0.370220 0.915552 0.058795 0.032659
118 0.253346 0.276205 0.033461 0.032970
70 0.811424 0.195801 0.032027 0.033281
126 0.923996 0.518351 0.041109 0.033281
62 0.815966 0.825972 0.042065 0.033281
547 0.586281 0.862675 0.051147 0.033281
3956 0.141013 0.723639 0.061185 0.033281
718 0.474187 0.711042 0.043021 0.033593
1435 0.473948 0.356143 0.048279 0.033593
2151 0.366157 0.876516 0.049713 0.033593
1644 0.809273 0.299067 0.066922 0.033904
53 0.253107 0.693624 0.022467 0.034215
105 0.705306 0.646967 0.042543 0.034215
47 0.127868 0.614774 0.023423 0.034526
118 0.351577 0.219440 0.026291 0.034526
4489 0.806644 0.692846 0.065488 0.034526
58 0.810468 0.389736 0.032027 0.034837
366 0.135516 0.301244 0.057839 0.035148
277 0.820268 0.607465 0.048757 0.035459
1193 0.356358 0.624572 0.057839 0.035459
68 0.923518 0.289736 0.010516 0.035770
70 0.921367 0.555521 0.027247 0.036081
604 0.922562 0.252255 0.050669 0.036081
3009 0.475382 0.892691 0.078872 0.036081
118 0.369264 0.837792 0.016730 0.036392
70 0.141252 0.430638 0.031071 0.036392
67 0.478728 0.777760 0.049235 0.036392
90 0.351099 0.156921 0.055927 0.036392
107 0.467495 0.209331 0.029637 0.036703
3172 0.926864 0.774339 0.051625 0.037014
45 0.478728 0.449611 0.074092 0.037014
3626 0.706023 0.859720 0.072658 0.037325
864 0.253107 0.554121 0.054971 0.037636
3172 0.926625 0.401711 0.056883 0.037636
47 0.256692 0.717263 0.038241 0.037947
2836 0.136711 0.338103 0.065010 0.037947
1949 0.809512 0.732970 0.060707 0.038258
2103 0.584130 0.652411 0.071702 0.038258
3175 0.926864 0.720373 0.039197 0.038569
3354 0.922084 0.212131 0.050669 0.038569
2423 0.815966 0.922240 0.075526 0.038569
53 0.145793 0.801711 0.022945 0.038880
68 0.808078 0.633126 0.023423 0.038880
322 0.924952 0.620529 0.061185 0.039191
2619 0.473948 0.855054 0.061663 0.039191
604 0.811663 0.158476 0.056405 0.039502
75 0.263862 0.916952 0.035373 0.039813
2708 0.473470 0.529705 0.049235 0.040435
560 0.577438 0.305443 0.072658 0.040435
613 0.357314 0.453188 0.073136 0.040435
3984 0.813337 0.259876 0.054015 0.040747
1768 0.248088 0.187092 0.073614 0.040747
45 0.594885 0.608398 0.078872 0.041058
3354 0.927342 0.908398 0.062141 0.041991
322 0.145793 0.659098 0.062141 0.042302
1581 0.246176 0.591135 0.059273 0.043235
1199 0.247371 0.363453 0.049235 0.044479
2949 0.141252 0.193779 0.052103 0.045412
2019 0.474665 0.604821 0.068834 0.047589
653 0.811902 0.873406 0.054015 0.047900
2019 0.699331 0.722862 0.056405 0.048523
3381 0.584130 0.759565 0.057361 0.049145
2061 0.918499 0.475739 0.053059 0.049456
2191 0.367113 0.372784 0.055449 0.050700
