246 0.336698 0.685770 0.020186 0.003194
246 0.355072 0.486515 0.042443 0.007097
128 0.428054 0.856636 0.014493 0.007807
128 0.822723 0.751065 0.008799 0.009581
92 0.218944 0.317424 0.018634 0.009581
128 0.732919 0.112491 0.013458 0.009936
57 0.668737 0.114265 0.027950 0.010646
92 0.069617 0.788857 0.007764 0.011356
92 0.124741 0.778744 0.031056 0.012420
56 0.355849 0.402413 0.011905 0.012775
1810 0.589286 0.911639 0.016046 0.012775
92 0.740942 0.537970 0.025362 0.012775
92 0.818323 0.616395 0.028986 0.012775
91 0.335921 0.704578 0.020704 0.013130
92 0.201605 0.420334 0.030538 0.013130
56 0.664079 0.617104 0.017598 0.013485
92 0.430642 0.325408 0.027950 0.013485
318 0.179607 0.316004 0.027950 0.013840
56 0.059783 0.570972 0.009834 0.014904
56 0.280021 0.875089 0.013458 0.014904
91 0.587215 0.663591 0.031573 0.014904
62 0.509834 0.477821 0.018634 0.015259
91 0.123965 0.863556 0.028468 0.015259
81 0.736801 0.263485 0.034679 0.015259
56 0.589803 0.539390 0.017081 0.015614
1083 0.335921 0.750887 0.024845 0.015614
81 0.664079 0.438254 0.033126 0.015614
113 0.196946 0.854152 0.039855 0.015614
85 0.818841 0.690383 0.009317 0.015969
88 0.818323 0.521469 0.018634 0.015969
72 0.199793 0.778034 0.023810 0.015969
57 0.359990 0.197480 0.030538 0.015969
56 0.740424 0.422640 0.016046 0.016324
88 0.354037 0.330731 0.018634 0.016324
111 0.586957 0.747339 0.018634 0.016324
92 0.277174 0.560681 0.029503 0.016324
1406 0.279503 0.827892 0.034161 0.016324
113 0.736801 0.300213 0.037785 0.016324
91 0.815217 0.442335 0.026915 0.016678
110 0.277433 0.170688 0.024845 0.017033
83 0.193064 0.888573 0.030021 0.017033
120 0.739648 0.641057 0.017598 0.017388
64 0.197723 0.612669 0.021739 0.017388
81 0.354037 0.386977 0.035197 0.017388
57 0.209627 0.868169 0.036232 0.017388
2151 0.813665 0.388041 0.039337 0.017388
113 0.428571 0.841554 0.044513 0.017388
52 0.277174 0.219127 0.045031 0.017388
56 0.071687 0.747693 0.009834 0.017743
88 0.505952 0.092974 0.019151 0.017743
126 0.430383 0.889993 0.024327 0.017743
88 0.583592 0.140880 0.033644 0.017743
72 0.353778 0.910575 0.034679 0.017743
102 0.432453 0.480128 0.047101 0.017743
3157 0.066770 0.442335 0.025880 0.018098
88 0.352226 0.851845 0.031573 0.018098
1406 0.428830 0.232967 0.034679 0.018098
861 0.203934 0.440206 0.040373 0.018098
88 0.508282 0.326473 0.019669 0.018453
110 0.198758 0.630944 0.025880 0.018453
3157 0.521480 0.908446 0.027433 0.018453
55 0.277174 0.378992 0.042961 0.018453
120 0.818323 0.764194 0.015528 0.018808
64 0.817288 0.885557 0.016563 0.018808
64 0.353002 0.250355 0.020704 0.018808
64 0.120083 0.294358 0.024845 0.018808
91 0.585663 0.220901 0.032609 0.018808
56 0.814700 0.737225 0.039337 0.018808
754 0.128364 0.909333 0.039337 0.018808
99 0.741460 0.283002 0.051242 0.018808
88 0.122412 0.094038 0.020186 0.019163
62 0.280797 0.458836 0.022257 0.019163
4253 0.409420 0.151526 0.024845 0.019163
126 0.737060 0.160043 0.030021 0.019163
91 0.201605 0.466643 0.033644 0.019163
248 0.505952 0.638751 0.046066 0.019163
64 0.734990 0.093861 0.020704 0.019517
91 0.276915 0.806423 0.030021 0.019517
4291 0.373706 0.743258 0.032091 0.019517
749 0.126812 0.888041 0.040373 0.019517
1002 0.422878 0.094925 0.049689 0.019517
85 0.664596 0.545067 0.009317 0.019872
88 0.433747 0.381831 0.018634 0.019872
248 0.583592 0.819021 0.033644 0.019872
287 0.337474 0.771292 0.018634 0.020227
3731 0.660973 0.093506 0.035197 0.020227
318 0.354555 0.608765 0.047619 0.020227
61 0.437888 0.437012 0.049689 0.020227
85 0.354296 0.442867 0.013975 0.020582
66 0.122930 0.647977 0.015010 0.020582
76 0.739907 0.622782 0.018116 0.020582
118 0.282350 0.887864 0.026398 0.020582
98 0.047101 0.154720 0.026915 0.020582
4291 0.409420 0.182044 0.028986 0.020582
1345 0.586439 0.870476 0.031056 0.020582
2809 0.442547 0.184173 0.032091 0.020582
72 0.117495 0.222853 0.035197 0.020582
91 0.427795 0.209013 0.035714 0.020582
251 0.586439 0.894251 0.038302 0.020582
1401 0.430901 0.909510 0.041925 0.020582
88 0.586180 0.487402 0.023292 0.020937
4329 0.179089 0.289744 0.030021 0.020937
98 0.120342 0.723385 0.037785 0.020937
98 0.576863 0.121895 0.039855 0.020937
361 0.202122 0.908978 0.048137 0.020937
64 0.200311 0.343151 0.023810 0.021292
252 0.582298 0.194464 0.041408 0.021292
2543 0.355072 0.666075 0.044513 0.021292
83 0.350673 0.144251 0.010870 0.021647
85 0.509058 0.697480 0.011905 0.021647
119 0.052536 0.196771 0.012940 0.021647
85 0.740424 0.240064 0.017081 0.021647
88 0.059265 0.590312 0.017081 0.021647
123 0.351190 0.179028 0.019151 0.021647
72 0.121894 0.669446 0.023292 0.021647
126 0.666149 0.845103 0.025880 0.021647
1411 0.449275 0.761356 0.037267 0.021647
88 0.278209 0.506210 0.037785 0.021647
60 0.067029 0.766146 0.006729 0.022001
66 0.588251 0.557842 0.018116 0.022001
91 0.429607 0.787793 0.037267 0.022001
702 0.430642 0.638396 0.040373 0.022001
72 0.119824 0.625621 0.041925 0.022001
119 0.509317 0.143896 0.014493 0.022356
83 0.195652 0.559084 0.028986 0.022356
1411 0.370859 0.720192 0.031573 0.022356
87 0.587992 0.770227 0.033126 0.022356
98 0.426242 0.459723 0.040890 0.022356
252 0.506470 0.812456 0.043996 0.022356
68 0.280021 0.321505 0.007246 0.022711
85 0.051760 0.218595 0.011387 0.022711
111 0.739389 0.735983 0.018116 0.022711
88 0.812629 0.243080 0.033126 0.022711
83 0.659938 0.569198 0.034161 0.022711
54 0.506470 0.757275 0.035714 0.022711
1834 0.431159 0.871540 0.041408 0.022711
107 0.587474 0.400816 0.016563 0.023066
87 0.050207 0.176189 0.021739 0.023066
126 0.199275 0.831263 0.035197 0.023066
91 0.354814 0.510823 0.035714 0.023066
259 0.122153 0.510114 0.047619 0.023066
120 0.667184 0.457417 0.014493 0.023421
87 0.662008 0.225337 0.028986 0.023421
126 0.125776 0.537260 0.032091 0.023421
366 0.585404 0.643009 0.042443 0.023421
119 0.816253 0.188609 0.015528 0.023776
3053 0.277174 0.097764 0.020186 0.023776
118 0.438147 0.582505 0.022257 0.023776
118 0.126553 0.199255 0.023292 0.023776
126 0.820393 0.820263 0.025880 0.023776
126 0.351449 0.797906 0.031056 0.023776
124 0.118530 0.172995 0.035197 0.023776
108 0.740424 0.817246 0.015010 0.024131
111 0.430642 0.528389 0.017598 0.024131
92 0.277433 0.853087 0.020704 0.024131
1435 0.660973 0.355926 0.034161 0.024131
361 0.352743 0.306600 0.042961 0.024131
642 0.505694 0.612136 0.047619 0.024131
85 0.203157 0.528566 0.010870 0.024485
107 0.120859 0.149574 0.019151 0.024485
111 0.813923 0.265969 0.020186 0.024485
111 0.279762 0.299326 0.020186 0.024485
86 0.749741 0.443400 0.035714 0.024485
1401 0.734472 0.188254 0.040373 0.024485
401 0.744048 0.904365 0.040890 0.024485
98 0.116460 0.273776 0.041408 0.024485
95 0.280280 0.908978 0.041925 0.024485
120 0.281573 0.481902 0.014493 0.024840
60 0.588768 0.791696 0.017081 0.024840
74 0.820652 0.904187 0.021222 0.024840
111 0.354555 0.463449 0.021739 0.024840
361 0.353002 0.825053 0.041408 0.024840
118 0.280538 0.149219 0.018634 0.025195
88 0.055124 0.466820 0.022257 0.025195
111 0.816511 0.711498 0.017081 0.025550
3053 0.352743 0.094393 0.019151 0.025550
91 0.197981 0.367991 0.028468 0.025550
117 0.662785 0.522356 0.028468 0.025550
2677 0.200311 0.196593 0.031056 0.025550
87 0.741718 0.842441 0.032091 0.025550
87 0.741201 0.763307 0.033126 0.025550
273 0.584369 0.167495 0.036232 0.025550
88 0.198758 0.096877 0.038302 0.025550
1475 0.583075 0.280341 0.039855 0.025550
70 0.584110 0.429737 0.041925 0.025550
85 0.279762 0.238644 0.013975 0.025905
3053 0.738095 0.351136 0.020704 0.025905
2683 0.335404 0.726579 0.020704 0.025905
3053 0.581522 0.094925 0.021222 0.025905
107 0.663820 0.872072 0.025362 0.025905
4253 0.279244 0.745387 0.035714 0.025905
51 0.814700 0.295422 0.036232 0.025905
541 0.660197 0.199610 0.038820 0.025905
95 0.506211 0.455110 0.039337 0.025905
108 0.431936 0.812633 0.017081 0.026260
111 0.056159 0.493967 0.018116 0.026260
66 0.279762 0.535841 0.023292 0.026260
87 0.659161 0.137686 0.034679 0.026260
3285 0.503106 0.119233 0.036232 0.026260
90 0.737578 0.216111 0.040373 0.026260
694 0.814959 0.095458 0.049172 0.026260
68 0.739907 0.403655 0.007764 0.026615
119 0.065217 0.718417 0.009317 0.026615
60 0.586957 0.342264 0.011387 0.026615
85 0.277692 0.195351 0.016046 0.026615
54 0.064441 0.650639 0.018116 0.026615
74 0.353778 0.277324 0.019151 0.026615
3827 0.218427 0.292938 0.030021 0.026615
87 0.279244 0.581441 0.033644 0.026615
95 0.738354 0.377750 0.036749 0.026615
617 0.817547 0.495919 0.039855 0.026615
98 0.268892 0.122960 0.043996 0.026615
71 0.362836 0.421398 0.053830 0.026615
1435 0.053054 0.247693 0.032609 0.026969
90 0.587215 0.583747 0.034679 0.026969
51 0.431677 0.555713 0.035197 0.026969
95 0.660973 0.382186 0.038302 0.026969
1424 0.818841 0.465578 0.038302 0.026969
121 0.116460 0.319730 0.041408 0.026969
2809 0.277433 0.714691 0.046584 0.026969
4291 0.281315 0.777147 0.047101 0.026969
74 0.059783 0.550213 0.017081 0.027324
118 0.823240 0.324876 0.022257 0.027324
1277 0.490942 0.883428 0.022257 0.027324
1231 0.371894 0.694642 0.024327 0.027324
95 0.059524 0.522534 0.030021 0.027324
87 0.817288 0.639993 0.032091 0.027324
95 0.349638 0.121185 0.038820 0.027324
2220 0.199534 0.228353 0.038820 0.027324
3767 0.665114 0.412881 0.044513 0.027324
4291 0.510611 0.263840 0.046066 0.027324
60 0.740424 0.788502 0.016046 0.027679
118 0.203416 0.654365 0.025880 0.027679
1277 0.414596 0.732079 0.025880 0.027679
3145 0.444099 0.155429 0.030021 0.027679
1879 0.585663 0.845280 0.034679 0.027679
567 0.586698 0.690561 0.039855 0.027679
1587 0.198240 0.586941 0.040373 0.027679
68 0.509317 0.782647 0.008282 0.028034
60 0.121377 0.382718 0.012940 0.028034
3053 0.050466 0.128282 0.016046 0.028034
58 0.813406 0.123314 0.017081 0.028034
3669 0.506211 0.235451 0.047619 0.028034
60 0.275621 0.351668 0.015010 0.028389
60 0.818064 0.667140 0.015010 0.028389
4646 0.521480 0.881121 0.024327 0.028389
4291 0.126812 0.838183 0.042443 0.028389
4291 0.430642 0.123137 0.048654 0.028389
68 0.049689 0.098474 0.006211 0.028744
3053 0.122153 0.247161 0.018634 0.028744
58 0.737319 0.323101 0.019151 0.028744
1231 0.448758 0.732612 0.023810 0.028744
4646 0.067805 0.416075 0.024845 0.028744
78 0.667184 0.903655 0.031056 0.028744
3984 0.348602 0.224805 0.038820 0.028744
883 0.197464 0.754258 0.043996 0.028744
60 0.279244 0.607168 0.013975 0.029099
119 0.661491 0.254436 0.018634 0.029099
121 0.507764 0.397090 0.030021 0.029099
2233 0.053054 0.346700 0.032609 0.029099
122 0.733437 0.132009 0.042443 0.029099
58 0.429089 0.499468 0.016563 0.029454
119 0.510093 0.498048 0.018116 0.029454
70 0.658903 0.168027 0.019669 0.029454
2913 0.373706 0.768453 0.023810 0.029454
98 0.658385 0.597410 0.039337 0.029454
113 0.584886 0.513662 0.043478 0.029454
1797 0.431677 0.666962 0.046584 0.029454
4291 0.204969 0.259226 0.048654 0.029454
3741 0.355849 0.636089 0.049172 0.029454
1762 0.588768 0.457594 0.050207 0.029454
105 0.288820 0.403655 0.056936 0.029454
83 0.050207 0.313698 0.009317 0.029808
3192 0.062888 0.621008 0.019151 0.029808
1354 0.659161 0.671043 0.040890 0.029808
338 0.817547 0.793116 0.041925 0.029808
4422 0.277433 0.270050 0.045549 0.029808
4291 0.435559 0.699787 0.046066 0.029808
3053 0.507764 0.428141 0.021739 0.030163
4038 0.505952 0.202803 0.042961 0.030163
1316 0.817288 0.412881 0.043478 0.030163
1870 0.434265 0.352732 0.043478 0.030518
1887 0.740683 0.513840 0.043478 0.030518
4291 0.127588 0.480128 0.047101 0.030518
83 0.505435 0.170156 0.013975 0.030873
60 0.662526 0.641057 0.014493 0.030873
83 0.585663 0.613023 0.016046 0.030873
1831 0.743789 0.873847 0.032091 0.030873
121 0.195911 0.685060 0.032609 0.030873
1814 0.120600 0.568666 0.038302 0.030873
1457 0.820652 0.548439 0.038820 0.030873
665 0.122412 0.122605 0.039855 0.030873
3669 0.122930 0.447658 0.042961 0.030873
68 0.200828 0.801278 0.007246 0.031228
53 0.125000 0.597232 0.015010 0.031228
58 0.740683 0.595458 0.018634 0.031228
1193 0.658903 0.744500 0.038302 0.031228
883 0.583333 0.374734 0.048654 0.031228
1834 0.200052 0.395671 0.050207 0.031228
68 0.814700 0.215578 0.010352 0.031583
1277 0.042961 0.418204 0.013458 0.031583
3135 0.664596 0.813520 0.041408 0.031583
71 0.441511 0.606991 0.042443 0.031583
3045 0.508540 0.296487 0.047101 0.031583
4503 0.748706 0.563698 0.049172 0.031583
3053 0.122930 0.697303 0.017081 0.031938
3322 0.740942 0.713627 0.040890 0.031938
4038 0.122930 0.412349 0.047101 0.031938
83 0.663043 0.780163 0.015528 0.032292
71 0.824534 0.355039 0.042443 0.032292
1396 0.199017 0.164478 0.053313 0.032292
58 0.429348 0.299503 0.019151 0.032647
1797 0.122930 0.804826 0.046066 0.032647
1406 0.587733 0.248758 0.051242 0.032647
68 0.278727 0.432044 0.006729 0.033002
4163 0.351449 0.576828 0.039337 0.033002
296 0.125518 0.753016 0.026398 0.033357
1121 0.202640 0.496806 0.037785 0.033357
3192 0.507246 0.729241 0.039337 0.033357
1409 0.355072 0.358765 0.053830 0.033357
665 0.357402 0.881654 0.041925 0.033712
1121 0.354296 0.542229 0.035714 0.034067
496 0.118530 0.349539 0.053830 0.034067
83 0.661491 0.323101 0.014493 0.034422
4447 0.050725 0.281938 0.035197 0.034422
76 0.432453 0.410397 0.037785 0.034422
591 0.583075 0.314230 0.045031 0.034422
2155 0.510352 0.669446 0.048654 0.034422
296 0.662526 0.491128 0.027950 0.034776
294 0.664596 0.286728 0.049689 0.034776
990 0.814182 0.158801 0.026915 0.035131
1316 0.587215 0.721434 0.046066 0.035486
83 0.200052 0.719127 0.018116 0.035841
3145 0.282350 0.680802 0.045031 0.035841
3189 0.505176 0.536196 0.040373 0.036196
2683 0.508282 0.843151 0.042443 0.036196
2144 0.429348 0.263307 0.046066 0.036196
3454 0.818323 0.853974 0.036232 0.037260
2959 0.663043 0.707062 0.048654 0.037260
83 0.276915 0.640170 0.014493 0.037615
83 0.196429 0.128815 0.015010 0.038325
3919 0.818582 0.586764 0.038820 0.038680
2683 0.052536 0.378992 0.026398 0.039744
990 0.064441 0.684528 0.016046 0.040454
2412 0.740942 0.479418 0.042961 0.040454
2941 0.506211 0.576118 0.041408 0.040809
2191 0.739130 0.673527 0.028986 0.042583
1237 0.506470 0.361249 0.040890 0.042583
