246 0.657151 0.145329 0.131049 0.015121
246 0.840946 0.233535 0.165851 0.018145
128 0.851550 0.644153 0.020663 0.023522
128 0.648178 0.519321 0.016313 0.024530
88 0.348559 0.722278 0.025014 0.029234
42 0.509516 0.568044 0.017401 0.032594
42 0.513322 0.386257 0.036977 0.033938
120 0.669929 0.381384 0.028276 0.034274
111 0.641925 0.427083 0.046221 0.036962
56 0.183796 0.232863 0.047852 0.038978
87 0.497009 0.823085 0.083741 0.039315
88 0.670201 0.761425 0.029908 0.040323
70 0.514954 0.869624 0.082654 0.041667
1837 0.348559 0.572245 0.129418 0.046371
91 0.649266 0.475806 0.068515 0.047043
70 0.348559 0.865087 0.070691 0.047379
91 0.825721 0.611391 0.095160 0.047379
126 0.215063 0.876680 0.079935 0.047715
118 0.375204 0.820733 0.056552 0.048051
1910 0.484502 0.697749 0.128331 0.048051
2245 0.504078 0.326277 0.119630 0.049731
3824 0.835508 0.784946 0.129962 0.049731
126 0.505166 0.769153 0.079391 0.050403
117 0.190049 0.342910 0.042958 0.051411
111 0.178902 0.266633 0.055465 0.051411
111 0.356172 0.514449 0.060903 0.051747
51 0.342306 0.773858 0.110386 0.051747
64 0.343393 0.162970 0.135400 0.051747
85 0.512507 0.623152 0.039695 0.053427
87 0.836052 0.549899 0.070147 0.053427
2151 0.827080 0.158434 0.153344 0.056116
2791 0.206090 0.699933 0.116368 0.057124
68 0.826808 0.478495 0.124524 0.058468
83 0.662045 0.870632 0.038608 0.059140
113 0.324633 0.242944 0.128331 0.059812
68 0.172648 0.165491 0.127787 0.060148
87 0.654976 0.324933 0.096248 0.065860
4440 0.498641 0.164315 0.145731 0.065860
1157 0.331974 0.328629 0.106036 0.066532
113 0.827080 0.404906 0.113105 0.066532
2852 0.660685 0.698589 0.141381 0.067204
3812 0.495922 0.245632 0.142469 0.067204
1158 0.839587 0.853159 0.075041 0.067876
406 0.842849 0.703965 0.113105 0.069220
60 0.182164 0.411962 0.034802 0.071237
3434 0.351006 0.655914 0.104948 0.077957
3375 0.663676 0.228159 0.144100 0.078629
1267 0.838499 0.315524 0.128331 0.083333
2982 0.191408 0.608871 0.119630 0.085349
3434 0.502175 0.487903 0.115824 0.086694
1118 0.223219 0.798219 0.120174 0.091062
3381 0.658238 0.601815 0.119086 0.094086
68 0.675639 0.809308 0.017945 0.095094
2184 0.350190 0.427083 0.108755 0.099462
325 0.187874 0.515289 0.133225 0.120632
