246 0.813721 0.248718 0.040465 0.005641
200 0.221163 0.492564 0.022791 0.007179
154 0.650000 0.797179 0.020000 0.009231
200 0.662326 0.892564 0.029767 0.010256
101 0.187674 0.451923 0.034884 0.010513
297 0.453023 0.745128 0.043721 0.013333
92 0.720930 0.251282 0.034419 0.014359
56 0.453953 0.812692 0.014884 0.015641
102 0.369070 0.678974 0.040465 0.016410
56 0.809535 0.582051 0.018140 0.016923
88 0.273953 0.643462 0.028837 0.017179
251 0.451163 0.844744 0.046512 0.017179
56 0.808372 0.517308 0.016744 0.017692
88 0.632093 0.746795 0.020465 0.018718
91 0.808837 0.317821 0.035349 0.019231
252 0.276744 0.843974 0.045581 0.019231
56 0.807907 0.447821 0.017674 0.019744
120 0.456512 0.570641 0.026512 0.019744
495 0.455814 0.677308 0.057674 0.019744
89 0.367907 0.516026 0.042791 0.020256
88 0.366744 0.609744 0.021860 0.020513
65 0.372791 0.447692 0.049767 0.020513
495 0.630233 0.878846 0.061395 0.020769
128 0.725116 0.374359 0.010233 0.021026
88 0.807442 0.381923 0.024186 0.021282
28 0.542791 0.880641 0.032558 0.021282
88 0.631860 0.845897 0.022791 0.022051
3223 0.453256 0.448718 0.050698 0.022051
83 0.450930 0.710513 0.033023 0.022564
83 0.273953 0.877949 0.033488 0.022564
1214 0.454884 0.312051 0.040000 0.022564
495 0.181860 0.481923 0.061395 0.022821
85 0.631628 0.616667 0.018605 0.023077
115 0.634884 0.248462 0.041860 0.023077
122 0.366744 0.349103 0.026512 0.023333
83 0.716977 0.448077 0.033953 0.023333
85 0.367442 0.417436 0.013023 0.023590
60 0.450233 0.548718 0.041860 0.023590
91 0.901395 0.550128 0.043721 0.023846
4440 0.190930 0.746282 0.048837 0.023846
93 0.194884 0.550897 0.056744 0.023846
60 0.185581 0.278974 0.014884 0.024103
85 0.631860 0.517692 0.017209 0.024103
117 0.723488 0.279231 0.026512 0.024103
750 0.631395 0.547436 0.045116 0.024103
88 0.278605 0.776026 0.020465 0.024359
60 0.810233 0.709487 0.017674 0.024615
120 0.275349 0.706410 0.024186 0.024615
104 0.367442 0.251923 0.033488 0.024872
70 0.186512 0.877051 0.035349 0.024872
115 0.544884 0.380385 0.037674 0.024872
113 0.368605 0.549103 0.042326 0.024872
56 0.542791 0.613462 0.044651 0.024872
85 0.544884 0.583846 0.014419 0.025128
123 0.543256 0.708974 0.020465 0.025128
710 0.626512 0.448718 0.040930 0.025128
2395 0.544419 0.284231 0.037674 0.025385
28 0.454651 0.379103 0.039535 0.025385
978 0.273953 0.346795 0.042791 0.025385
113 0.277674 0.580641 0.051163 0.025385
76 0.279070 0.409487 0.026047 0.025641
552 0.632791 0.718205 0.034884 0.025641
2193 0.722093 0.813077 0.049767 0.025641
117 0.726744 0.613718 0.034884 0.025897
91 0.900465 0.383718 0.046512 0.025897
2677 0.719070 0.481026 0.033488 0.026154
84 0.189302 0.677692 0.041860 0.026154
750 0.188372 0.779487 0.044651 0.026154
126 0.455116 0.642179 0.031163 0.026410
126 0.720465 0.581795 0.032558 0.026667
83 0.806977 0.845128 0.033488 0.026667
2038 0.455581 0.345641 0.051628 0.026667
120 0.544651 0.406538 0.015814 0.026923
120 0.633256 0.273718 0.017209 0.026923
123 0.453953 0.250897 0.025116 0.026923
126 0.633023 0.647308 0.033488 0.026923
101 0.543256 0.815769 0.033488 0.026923
88 0.543256 0.317179 0.015814 0.027179
111 0.186512 0.713077 0.029767 0.027179
85 0.722791 0.780897 0.015814 0.027436
66 0.187907 0.315513 0.028837 0.027436
126 0.806512 0.612692 0.032558 0.027436
87 0.278837 0.518590 0.033953 0.027436
83 0.542558 0.344744 0.037674 0.027436
750 0.897442 0.481538 0.041395 0.027692
56 0.275116 0.382436 0.018140 0.027949
58 0.278605 0.546538 0.028837 0.027949
60 0.725349 0.640897 0.029302 0.027949
122 0.367907 0.846795 0.030698 0.027949
74 0.366512 0.316795 0.037209 0.027949
90 0.183721 0.850385 0.041860 0.027949
1707 0.184186 0.814487 0.049302 0.027949
85 0.278605 0.252308 0.019535 0.028205
505 0.361860 0.747436 0.024186 0.028205
60 0.812558 0.782308 0.033488 0.028205
750 0.717907 0.512821 0.046047 0.028205
119 0.809767 0.810897 0.026977 0.028462
108 0.453721 0.604744 0.046047 0.028462
691 0.274651 0.812051 0.047907 0.028718
85 0.720465 0.846538 0.014884 0.028974
107 0.186279 0.649872 0.019070 0.028974
87 0.281395 0.283462 0.035349 0.028974
76 0.722093 0.349103 0.039535 0.028974
2197 0.277209 0.448846 0.043721 0.028974
717 0.633953 0.780385 0.049302 0.028974
4214 0.629767 0.816795 0.053023 0.028974
87 0.278837 0.679231 0.037674 0.029231
3160 0.185116 0.581282 0.041860 0.029231
4332 0.809302 0.414872 0.053953 0.029231
53 0.277907 0.608333 0.015349 0.029487
81 0.810465 0.747051 0.040465 0.029487
68 0.188372 0.380769 0.006512 0.029744
2233 0.900698 0.414615 0.041395 0.029744
4661 0.812093 0.547949 0.048372 0.029744
68 0.543256 0.847051 0.007442 0.030000
70 0.720698 0.681410 0.024651 0.030000
86 0.376047 0.279615 0.025581 0.030000
74 0.811395 0.681923 0.027442 0.030000
4132 0.722326 0.748077 0.047442 0.030000
117 0.186977 0.251026 0.026977 0.030256
1834 0.455116 0.776410 0.042326 0.030256
327 0.899070 0.583077 0.053953 0.030256
119 0.456047 0.279872 0.020000 0.030513
4727 0.456279 0.412436 0.041860 0.030513
3818 0.899535 0.448333 0.056744 0.030513
1799 0.899535 0.610769 0.039070 0.030769
4523 0.810930 0.876667 0.042326 0.030769
961 0.186279 0.415641 0.044186 0.030769
58 0.721163 0.414744 0.030233 0.031026
268 0.806744 0.349872 0.034884 0.031026
107 0.189535 0.350128 0.034884 0.031026
836 0.631163 0.582179 0.040000 0.031026
3136 0.183721 0.517821 0.041860 0.031026
4646 0.627907 0.480256 0.043721 0.031282
2407 0.543721 0.251538 0.048372 0.031282
1396 0.367907 0.777564 0.037209 0.031538
2191 0.278605 0.482436 0.042791 0.031538
93 0.639302 0.380385 0.045116 0.031538
119 0.723721 0.712564 0.015814 0.031795
107 0.544186 0.680256 0.041860 0.031795
836 0.715814 0.547051 0.043721 0.032051
1834 0.455581 0.876795 0.051628 0.032051
53 0.368605 0.577949 0.017209 0.032308
84 0.720000 0.877436 0.040930 0.032308
91 0.629767 0.353205 0.035349 0.032564
74 0.543721 0.485513 0.037209 0.032564
836 0.895349 0.514744 0.049302 0.032564
122 0.543488 0.518462 0.033023 0.032821
1115 0.448140 0.513846 0.053488 0.032821
47 0.370233 0.380897 0.024186 0.033077
1305 0.449070 0.483718 0.041395 0.033077
47 0.367209 0.873333 0.032093 0.033333
4646 0.900233 0.347436 0.046977 0.033846
68 0.632791 0.415385 0.011628 0.034359
104 0.810698 0.649359 0.037209 0.034615
105 0.370233 0.815256 0.050233 0.034615
58 0.543721 0.643590 0.027907 0.034872
119 0.282326 0.315641 0.033488 0.034872
60 0.722326 0.309103 0.021395 0.035128
1834 0.274651 0.746026 0.043256 0.035128
1297 0.185581 0.617308 0.048372 0.035641
4326 0.806977 0.483205 0.044651 0.036154
1138 0.809535 0.282949 0.051628 0.036154
2917 0.626279 0.682692 0.049767 0.036667
60 0.629535 0.306026 0.015349 0.037179
47 0.544419 0.549744 0.024651 0.037949
2429 0.538140 0.782821 0.046512 0.037949
2429 0.361163 0.647308 0.047907 0.039231
47 0.543953 0.442436 0.021860 0.039744
68 0.545349 0.742308 0.010698 0.041026
62 0.370930 0.478846 0.044186 0.041282
68 0.365349 0.712051 0.011628 0.042051
