246 0.261556 0.612706 0.043111 0.009029
128 0.650444 0.544179 0.009333 0.010642
246 0.178222 0.767011 0.041778 0.010642
92 0.876000 0.441148 0.032889 0.012254
128 0.498667 0.851338 0.009778 0.012899
92 0.802000 0.460658 0.027111 0.013866
128 0.265333 0.318929 0.008000 0.014189
92 0.568222 0.205740 0.026222 0.014189
92 0.643556 0.598678 0.033778 0.015156
57 0.956444 0.408900 0.021333 0.016124
57 0.422889 0.574331 0.030667 0.016124
110 0.178000 0.704289 0.028000 0.017414
54 0.501556 0.915672 0.015556 0.018381
64 0.800667 0.782651 0.020000 0.018704
65 0.184889 0.311674 0.032889 0.020316
55 0.342444 0.288133 0.044889 0.020316
1002 0.864444 0.373267 0.065778 0.020316
91 0.344222 0.925185 0.036000 0.020639
2598 0.596667 0.774750 0.010222 0.020961
55 0.264667 0.728313 0.044889 0.020961
57 0.801778 0.327636 0.024000 0.021283
499 0.573556 0.731377 0.054667 0.021283
52 0.956444 0.818607 0.035556 0.021606
56 0.260444 0.457756 0.044444 0.021606
126 0.335556 0.781200 0.051556 0.021606
87 0.958889 0.839084 0.028000 0.021928
87 0.879111 0.601741 0.040889 0.022573
755 0.340667 0.842631 0.060889 0.022573
251 0.569111 0.696711 0.052000 0.022896
66 0.794889 0.214124 0.017333 0.023218
252 0.877556 0.471461 0.035111 0.023218
60 0.569111 0.258465 0.019111 0.023541
1406 0.264000 0.830539 0.040889 0.023541
56 0.643111 0.526443 0.043556 0.023541
64 0.639778 0.335053 0.019111 0.023863
119 0.966444 0.862302 0.021778 0.023863
87 0.725333 0.754273 0.040889 0.023863
113 0.872667 0.282490 0.050222 0.023863
120 0.806000 0.915027 0.016444 0.024186
117 0.492444 0.515156 0.020444 0.024186
68 0.871556 0.574170 0.048889 0.024186
113 0.714222 0.464528 0.051556 0.024186
87 0.804444 0.855208 0.029333 0.024508
52 0.176222 0.502419 0.054667 0.024508
66 0.961333 0.621574 0.013333 0.024831
52 0.399333 0.737020 0.018222 0.024831
76 0.411111 0.337794 0.024889 0.024831
88 0.877333 0.343921 0.029333 0.024831
126 0.338667 0.505482 0.053333 0.024831
108 0.479333 0.902128 0.068000 0.024831
66 0.263556 0.858110 0.020444 0.025153
95 0.336667 0.564979 0.040444 0.025153
66 0.880222 0.848920 0.019111 0.025476
88 0.963111 0.917930 0.021333 0.025476
111 0.650000 0.918575 0.049333 0.025476
113 0.173556 0.681232 0.052889 0.025476
66 0.336222 0.371654 0.018222 0.026121
119 0.719111 0.491293 0.024000 0.026121
56 0.337111 0.536762 0.019111 0.026766
72 0.955556 0.652531 0.026667 0.026766
92 0.416000 0.764108 0.016889 0.027411
51 0.874222 0.678975 0.045333 0.027411
98 0.790000 0.678007 0.061778 0.027411
85 0.572889 0.755885 0.013333 0.027733
92 0.718222 0.430184 0.019556 0.027733
252 0.340222 0.164463 0.037778 0.027733
88 0.652444 0.891164 0.025778 0.028055
87 0.947556 0.234279 0.028444 0.028055
1810 0.486667 0.330216 0.026667 0.028378
52 0.795111 0.649468 0.039111 0.028378
55 0.957333 0.593196 0.041778 0.028700
251 0.650667 0.662206 0.046222 0.028700
2151 0.653333 0.629958 0.050667 0.028700
118 0.800444 0.354079 0.009778 0.029023
85 0.496889 0.871009 0.011556 0.029023
117 0.715556 0.271525 0.021333 0.029023
88 0.264222 0.587230 0.036000 0.029023
91 0.957111 0.754918 0.044889 0.029023
88 0.261556 0.213318 0.024444 0.029345
93 0.646444 0.302967 0.028889 0.029345
88 0.488667 0.199129 0.029778 0.029345
111 0.172222 0.243631 0.040444 0.029345
91 0.715778 0.693486 0.046667 0.029345
978 0.491333 0.442922 0.047556 0.029345
113 0.254667 0.427120 0.053333 0.029345
66 0.493111 0.668494 0.023556 0.029668
93 0.494000 0.703322 0.024444 0.029668
1083 0.180222 0.208642 0.030667 0.029668
88 0.723556 0.725895 0.032000 0.029668
691 0.878889 0.773944 0.034222 0.029668
91 0.336667 0.253789 0.047556 0.029668
87 0.567333 0.231377 0.026222 0.029990
95 0.333778 0.630603 0.043556 0.029990
123 0.412000 0.304418 0.018667 0.030313
87 0.566889 0.450822 0.029778 0.030313
88 0.261778 0.698646 0.027556 0.030635
88 0.798889 0.708965 0.032444 0.030635
379 0.570000 0.789584 0.036000 0.030635
83 0.258222 0.921799 0.040889 0.030635
91 0.485556 0.410029 0.049333 0.030635
120 0.496889 0.821670 0.014222 0.030958
76 0.334444 0.661400 0.027111 0.030958
91 0.868444 0.545953 0.053333 0.030958
547 0.186667 0.385682 0.056000 0.030958
495 0.416444 0.599162 0.073778 0.030958
62 0.418000 0.707030 0.028000 0.031280
88 0.341111 0.435827 0.031556 0.031280
2600 0.960000 0.885360 0.038222 0.031280
85 0.262667 0.393421 0.014222 0.031603
87 0.261778 0.252499 0.027556 0.031603
980 0.649778 0.735247 0.031111 0.031603
91 0.714000 0.399549 0.047556 0.031603
273 0.412000 0.465656 0.055111 0.031603
1197 0.644000 0.369719 0.039111 0.031925
978 0.802222 0.390035 0.043556 0.031925
91 0.647111 0.804095 0.048889 0.031925
2489 0.801778 0.620284 0.052444 0.031925
111 0.946889 0.195098 0.015556 0.032248
107 0.804889 0.885198 0.017778 0.032248
107 0.336667 0.399226 0.036000 0.032248
91 0.258667 0.521283 0.049778 0.032570
93 0.490444 0.289584 0.022667 0.032893
83 0.260444 0.757820 0.033778 0.032893
1579 0.714222 0.155434 0.040889 0.032893
86 0.270222 0.285231 0.021333 0.033215
60 0.414667 0.793776 0.025778 0.033215
83 0.483111 0.923089 0.033778 0.033215
111 0.334667 0.809900 0.040000 0.033215
91 0.641778 0.404869 0.043556 0.033215
119 0.419111 0.674621 0.020444 0.033538
60 0.490222 0.632860 0.020444 0.033860
120 0.873778 0.313609 0.032889 0.033860
509 0.261556 0.552241 0.034222 0.033860
77 0.192889 0.560303 0.036444 0.033860
120 0.574667 0.826024 0.037333 0.033860
978 0.411778 0.162367 0.041333 0.033860
88 0.188000 0.922283 0.031111 0.034183
83 0.560222 0.287649 0.038667 0.034183
60 0.260000 0.484521 0.020444 0.034505
509 0.416222 0.500322 0.036889 0.034505
83 0.872222 0.742180 0.055556 0.034505
253 0.955556 0.728152 0.025778 0.034827
2025 0.943556 0.157369 0.044444 0.034827
1197 0.726000 0.872944 0.045778 0.034827
3280 0.491778 0.480168 0.024444 0.035472
4263 0.957111 0.782973 0.033333 0.035472
83 0.870000 0.201225 0.035111 0.035472
1579 0.256222 0.660432 0.045778 0.035472
2600 0.488000 0.159787 0.044444 0.035795
2489 0.720889 0.520316 0.051556 0.035795
126 0.424444 0.866172 0.049778 0.036117
60 0.955556 0.477749 0.019556 0.036440
122 0.493556 0.546437 0.036889 0.036440
981 0.646889 0.771848 0.054667 0.036440
58 0.263556 0.794582 0.016889 0.036762
53 0.180444 0.279587 0.017778 0.036762
1774 0.415556 0.831990 0.041778 0.036762
3526 0.647778 0.445018 0.043111 0.036762
2776 0.956667 0.515963 0.053778 0.036762
118 0.649778 0.569977 0.024889 0.037085
1197 0.723111 0.654789 0.043556 0.037085
366 0.338444 0.470977 0.050222 0.037085
288 0.883111 0.810545 0.050667 0.037085
4194 0.175556 0.169784 0.055111 0.037085
107 0.183333 0.526604 0.021778 0.037407
87 0.337111 0.596582 0.029778 0.037407
509 0.567556 0.535634 0.034667 0.037407
1375 0.795333 0.432764 0.044889 0.037407
126 0.726222 0.238955 0.050667 0.037407
699 0.179333 0.601580 0.030667 0.037730
87 0.796667 0.298130 0.033333 0.037730
87 0.720667 0.200742 0.036000 0.037730
58 0.565111 0.621251 0.020889 0.038375
1799 0.333111 0.215092 0.034222 0.038697
1197 0.579111 0.912931 0.048889 0.038697
1232 0.723333 0.612706 0.050222 0.038697
53 0.795556 0.492261 0.016889 0.039020
126 0.959556 0.554499 0.026667 0.039020
91 0.721333 0.914705 0.053333 0.039020
1699 0.574444 0.865527 0.050222 0.039342
71 0.184222 0.735569 0.059111 0.039342
78 0.794222 0.535472 0.030222 0.039665
1188 0.423111 0.898742 0.027556 0.039987
62 0.177778 0.428733 0.047111 0.040310
3779 0.878444 0.242341 0.070667 0.040310
83 0.954889 0.688488 0.021778 0.040632
119 0.568000 0.492099 0.030222 0.040632
68 0.413778 0.368752 0.007111 0.040955
3665 0.874222 0.157852 0.040889 0.040955
3153 0.416222 0.542244 0.047556 0.040955
2598 0.264444 0.351500 0.016889 0.041277
70 0.801111 0.746856 0.022667 0.041277
268 0.644000 0.212835 0.040889 0.041277
1250 0.717111 0.789423 0.044000 0.041277
4116 0.876889 0.408900 0.034667 0.041922
62 0.570444 0.661883 0.032444 0.042244
81 0.873111 0.717672 0.041333 0.042244
63 0.802444 0.256046 0.041333 0.042567
3375 0.723556 0.832312 0.045333 0.042567
3307 0.940000 0.323444 0.053333 0.042567
58 0.949556 0.273299 0.027111 0.042889
1876 0.414222 0.636408 0.038222 0.042889
4440 0.181778 0.643825 0.047111 0.042889
71 0.887778 0.890035 0.055556 0.043212
2263 0.649556 0.486456 0.042222 0.043534
3945 0.652667 0.164947 0.058222 0.043534
1799 0.873778 0.508223 0.038222 0.043857
120 0.339778 0.701870 0.049333 0.044179
76 0.644222 0.264108 0.029778 0.044502
120 0.177556 0.466624 0.041333 0.044502
3772 0.570667 0.576266 0.055111 0.044502
1551 0.800222 0.575460 0.047556 0.044824
1917 0.488000 0.369236 0.040000 0.045147
68 0.803556 0.819574 0.005333 0.045469
2844 0.255556 0.168494 0.054222 0.045469
68 0.716000 0.309900 0.008000 0.045792
4252 0.719778 0.569816 0.039556 0.045792
1778 0.414000 0.263463 0.043111 0.045792
316 0.651556 0.701064 0.061333 0.045792
322 0.716889 0.359239 0.072889 0.045792
1316 0.186000 0.822477 0.052000 0.046114
4445 0.956222 0.380522 0.036000 0.046437
971 0.572222 0.163496 0.041333 0.047082
58 0.490222 0.744115 0.047111 0.047404
81 0.262000 0.896163 0.037778 0.047727
1317 0.404667 0.214931 0.041333 0.049984
58 0.182222 0.346662 0.032889 0.050306
3136 0.493111 0.779910 0.033333 0.050629
1286 0.566667 0.401161 0.045333 0.050951
68 0.874667 0.642212 0.006222 0.051274
1116 0.335778 0.330055 0.066222 0.051274
3665 0.483556 0.244760 0.024889 0.052241
68 0.340667 0.883263 0.007556 0.052886
1170 0.568444 0.342631 0.040000 0.053854
314 0.416889 0.422122 0.040889 0.054176
4532 0.794222 0.168010 0.050667 0.055466
68 0.491778 0.589004 0.006667 0.056433
268 0.648000 0.842793 0.038222 0.062238
296 0.336889 0.740890 0.045333 0.064173
68 0.393556 0.903096 0.006667 0.067398
47 0.194444 0.870526 0.039556 0.068688
