173 0.129262 0.485006 0.021921 0.008997
173 0.358907 0.351903 0.022617 0.009458
52 0.127175 0.716263 0.021225 0.010150
88 0.352992 0.878431 0.027488 0.010150
120 0.657620 0.399423 0.012526 0.010381
978 0.354036 0.764821 0.027488 0.010842
120 0.504175 0.400231 0.015310 0.011073
173 0.281837 0.492503 0.020877 0.011073
120 0.356298 0.865398 0.011134 0.011303
52 0.877349 0.370358 0.021225 0.011765
91 0.122825 0.829873 0.022269 0.011765
91 0.282011 0.658362 0.024008 0.011995
174 0.129958 0.662053 0.026792 0.011995
335 0.287230 0.229527 0.034447 0.011995
120 0.882220 0.210265 0.015658 0.012226
91 0.202853 0.393656 0.022269 0.012226
85 0.508699 0.514764 0.011134 0.012687
52 0.876479 0.504960 0.020877 0.012918
978 0.729123 0.712226 0.028880 0.013149
91 0.874043 0.864475 0.023660 0.013610
302 0.203027 0.354902 0.030271 0.013610
91 0.354036 0.533795 0.024008 0.013841
91 0.509047 0.176701 0.025052 0.013841
91 0.201809 0.459977 0.025052 0.013841
978 0.657794 0.490196 0.029576 0.013841
251 0.125435 0.789389 0.030271 0.013841
1810 0.283403 0.413033 0.014266 0.014072
1821 0.652227 0.858247 0.026792 0.014072
88 0.876479 0.623875 0.027836 0.014072
88 0.659186 0.303460 0.028184 0.014072
98 0.574809 0.864937 0.033403 0.014072
101 0.203375 0.583506 0.035839 0.014072
91 0.275748 0.778662 0.021225 0.014533
91 0.659882 0.338754 0.026096 0.014533
88 0.426061 0.892618 0.026792 0.014533
88 0.197808 0.853403 0.030271 0.014533
120 0.128914 0.470358 0.016354 0.014764
91 0.132742 0.275894 0.024008 0.014764
287 0.877871 0.560784 0.029228 0.014764
101 0.200765 0.892272 0.030619 0.014764
56 0.878566 0.445098 0.011134 0.014994
1810 0.286534 0.194118 0.016354 0.014994
88 0.201461 0.751903 0.020877 0.014994
91 0.503132 0.624567 0.025052 0.014994
91 0.125609 0.772895 0.025052 0.014994
91 0.128566 0.543368 0.026096 0.014994
1821 0.729471 0.728604 0.028184 0.014994
978 0.426583 0.544060 0.029228 0.014994
1821 0.659012 0.504614 0.030619 0.014994
85 0.357690 0.288235 0.011134 0.015456
88 0.875957 0.802191 0.018441 0.015456
126 0.811935 0.178662 0.024704 0.015456
88 0.283055 0.374740 0.028880 0.015456
1810 0.357864 0.211073 0.015658 0.015686
51 0.662317 0.224452 0.021921 0.015686
88 0.655358 0.641292 0.023312 0.015686
126 0.278880 0.823068 0.024008 0.015686
88 0.357516 0.387082 0.028880 0.015686
978 0.652053 0.843829 0.029228 0.015686
1821 0.352644 0.781776 0.029576 0.015686
118 0.578810 0.809804 0.006611 0.015917
120 0.427975 0.717993 0.015310 0.015917
1810 0.355602 0.459862 0.016701 0.015917
85 0.203549 0.524452 0.016701 0.015917
91 0.881524 0.227797 0.025400 0.015917
88 0.733299 0.370358 0.028880 0.015917
88 0.201113 0.650634 0.029228 0.015917
1821 0.582289 0.415571 0.029576 0.015917
120 0.653271 0.762745 0.013570 0.016378
120 0.580028 0.306228 0.013918 0.016378
87 0.132046 0.333910 0.014266 0.016378
1810 0.358907 0.272088 0.016354 0.016378
126 0.655880 0.432411 0.020877 0.016378
126 0.287926 0.213725 0.025400 0.016378
126 0.580202 0.340600 0.025400 0.016378
88 0.128219 0.698385 0.028880 0.016378
1834 0.806541 0.807958 0.033403 0.016378
251 0.660926 0.179815 0.033751 0.016378
93 0.286534 0.301730 0.019833 0.016609
88 0.580202 0.677970 0.022617 0.016609
126 0.131350 0.396770 0.026792 0.016609
126 0.355428 0.824913 0.026792 0.016609
1834 0.355080 0.594694 0.032359 0.016609
316 0.281837 0.643599 0.034795 0.016609
85 0.650313 0.892849 0.012526 0.016840
70 0.283229 0.269550 0.015310 0.016840
111 0.505567 0.500000 0.015310 0.016840
119 0.505741 0.550519 0.016354 0.016840
111 0.356994 0.894233 0.019485 0.016840
3053 0.200244 0.712918 0.019833 0.016840
88 0.509047 0.242561 0.022269 0.016840
91 0.204593 0.254556 0.025052 0.016840
126 0.359429 0.232641 0.026444 0.016840
88 0.204941 0.293772 0.026444 0.016840
2595 0.875783 0.670012 0.026444 0.016840
2595 0.804628 0.668627 0.026792 0.016840
126 0.432672 0.235179 0.027488 0.016840
978 0.581594 0.400577 0.028184 0.016840
72 0.574809 0.826413 0.029228 0.016840
121 0.284621 0.286851 0.030619 0.016840
302 0.507307 0.434025 0.033403 0.016840
42 0.811587 0.264475 0.010090 0.017301
111 0.728079 0.785582 0.014266 0.017301
88 0.804106 0.686621 0.022269 0.017301
720 0.580898 0.585121 0.024008 0.017301
126 0.202679 0.503922 0.028880 0.017301
70 0.586465 0.193195 0.030271 0.017301
1834 0.581246 0.323529 0.030967 0.017301
547 0.659534 0.385813 0.031663 0.017301
683 0.731211 0.649712 0.034447 0.017301
63 0.207898 0.695848 0.034447 0.017301
42 0.579854 0.762630 0.008699 0.017532
117 0.504697 0.532872 0.010786 0.017532
60 0.128566 0.351096 0.011482 0.017532
85 0.657794 0.546713 0.011482 0.017532
88 0.737474 0.287428 0.031663 0.017532
1821 0.427279 0.562399 0.032011 0.017532
683 0.805498 0.559400 0.038970 0.017532
2598 0.585595 0.177739 0.013918 0.017762
120 0.280967 0.476932 0.014962 0.017762
87 0.426409 0.782584 0.016354 0.017762
87 0.355254 0.632641 0.020877 0.017762
547 0.811935 0.197347 0.026792 0.017762
126 0.876305 0.690773 0.027488 0.017762
689 0.651009 0.744983 0.030619 0.017762
1834 0.734342 0.434256 0.030967 0.017762
71 0.136917 0.453864 0.030967 0.017762
3942 0.504697 0.867013 0.033055 0.017762
119 0.505219 0.282468 0.015310 0.018224
979 0.282359 0.602191 0.030271 0.018224
98 0.804976 0.541292 0.030967 0.018224
597 0.130654 0.561361 0.030967 0.018224
98 0.877001 0.385352 0.031663 0.018224
4451 0.582289 0.361592 0.032359 0.018224
98 0.728601 0.630565 0.033403 0.018224
85 0.729123 0.767705 0.008003 0.018454
42 0.200244 0.833910 0.010090 0.018454
85 0.581942 0.459516 0.011482 0.018454
3053 0.730167 0.612226 0.019833 0.018454
83 0.577766 0.721569 0.020529 0.018454
3053 0.504697 0.713033 0.021225 0.018454
2590 0.658142 0.472664 0.022617 0.018454
2795 0.121086 0.867820 0.027836 0.018454
2795 0.652749 0.876586 0.029228 0.018454
72 0.427453 0.302422 0.029576 0.018454
1834 0.658142 0.414302 0.033055 0.018454
2151 0.286708 0.177393 0.033403 0.018454
4440 0.506785 0.799539 0.034447 0.018454
398 0.805672 0.829296 0.034447 0.018454
1834 0.581072 0.743714 0.036186 0.018454
70 0.581246 0.288697 0.015658 0.018685
83 0.502784 0.750980 0.026444 0.018685
126 0.806367 0.604037 0.026792 0.018685
1102 0.133090 0.416955 0.030271 0.018685
1834 0.652401 0.778893 0.030619 0.018685
1834 0.808803 0.350058 0.033055 0.018685
2984 0.876653 0.823645 0.034447 0.018685
117 0.507133 0.264014 0.010786 0.019146
118 0.427801 0.283622 0.012178 0.019146
92 0.506959 0.478547 0.020877 0.019146
95 0.504001 0.731834 0.026792 0.019146
120 0.585247 0.540138 0.027836 0.019146
249 0.130480 0.180507 0.029228 0.019146
126 0.504175 0.668397 0.029228 0.019146
2151 0.129958 0.500231 0.029576 0.019146
979 0.278880 0.727451 0.029576 0.019146
98 0.874565 0.521223 0.033055 0.019146
4557 0.733473 0.523529 0.033403 0.019146
398 0.206159 0.180277 0.034447 0.019146
287 0.507307 0.415340 0.040362 0.019146
68 0.815414 0.216148 0.006611 0.019377
117 0.199548 0.769781 0.010090 0.019377
92 0.732777 0.453518 0.019485 0.019377
3285 0.205115 0.312341 0.026792 0.019377
98 0.425365 0.344637 0.030271 0.019377
121 0.128392 0.647290 0.032011 0.019377
2846 0.731559 0.501730 0.032359 0.019377
2984 0.660230 0.321569 0.034447 0.019377
4293 0.504349 0.845444 0.034447 0.019377
98 0.124217 0.731027 0.034795 0.019377
683 0.281141 0.579931 0.036186 0.019377
87 0.880654 0.272780 0.016701 0.019608
3053 0.577070 0.847405 0.019833 0.019608
1457 0.122999 0.888005 0.026792 0.019608
3562 0.429367 0.871396 0.032011 0.019608
2846 0.651879 0.800577 0.033055 0.019608
346 0.504175 0.887774 0.037578 0.019608
119 0.354384 0.651788 0.012874 0.020069
70 0.282011 0.458247 0.019833 0.020069
120 0.734864 0.418108 0.027836 0.020069
98 0.735560 0.244637 0.030619 0.020069
127 0.133090 0.438408 0.031663 0.020069
98 0.198852 0.732526 0.032359 0.020069
2846 0.728775 0.669319 0.033055 0.020069
1411 0.506263 0.223183 0.033403 0.020069
119 0.129262 0.604383 0.012874 0.020300
119 0.736256 0.329412 0.013918 0.020300
718 0.356820 0.252595 0.024704 0.020300
273 0.737126 0.181776 0.026792 0.020300
2595 0.878740 0.425606 0.028184 0.020300
2036 0.804280 0.707728 0.028880 0.020300
2841 0.807759 0.372780 0.030967 0.020300
1834 0.359081 0.369089 0.032011 0.020300
333 0.660230 0.289504 0.034447 0.020300
2846 0.656054 0.451442 0.034447 0.020300
85 0.879088 0.351903 0.010786 0.020531
119 0.729123 0.861707 0.010786 0.020531
93 0.427279 0.461246 0.022269 0.020531
95 0.131524 0.315456 0.026444 0.020531
3347 0.659882 0.267935 0.028184 0.020531
3053 0.735734 0.224337 0.029576 0.020531
3053 0.804628 0.521915 0.030271 0.020531
2402 0.584725 0.213956 0.032359 0.020531
119 0.738866 0.202422 0.010786 0.020992
119 0.201809 0.542907 0.016701 0.020992
273 0.730167 0.571050 0.021225 0.020992
691 0.806019 0.623875 0.024704 0.020992
718 0.280793 0.392734 0.025052 0.020992
120 0.356820 0.571972 0.026096 0.020992
1809 0.655706 0.622953 0.029576 0.020992
2846 0.351427 0.720761 0.032011 0.020992
119 0.806715 0.499423 0.012178 0.021223
119 0.427105 0.802076 0.013570 0.021223
118 0.873173 0.463437 0.015658 0.021223
87 0.426583 0.418454 0.016701 0.021223
92 0.877697 0.404844 0.019833 0.021223
83 0.501740 0.302191 0.025052 0.021223
58 0.425539 0.762399 0.027836 0.021223
3285 0.736952 0.308651 0.029228 0.021223
2269 0.502262 0.823991 0.030967 0.021223
571 0.355428 0.614994 0.031663 0.021223
2844 0.876305 0.843829 0.033751 0.021223
2425 0.127349 0.626990 0.034795 0.021223
119 0.731385 0.592042 0.012526 0.021453
119 0.206333 0.333679 0.013918 0.021453
53 0.277662 0.843945 0.013918 0.021453
87 0.281663 0.533679 0.016354 0.021453
1113 0.282707 0.512226 0.026792 0.021453
252 0.126131 0.679469 0.027488 0.021453
259 0.199026 0.813956 0.033403 0.021453
58 0.583159 0.237947 0.018093 0.021915
85 0.283751 0.435409 0.026096 0.021915
2323 0.356298 0.551442 0.032011 0.021915
712 0.657098 0.568281 0.032359 0.021915
2853 0.202331 0.374279 0.035143 0.021915
83 0.279923 0.884890 0.012178 0.022145
83 0.285143 0.249366 0.014962 0.022145
3385 0.652923 0.823760 0.026792 0.022145
2442 0.281837 0.622607 0.029228 0.022145
1472 0.133438 0.294118 0.029576 0.022145
4463 0.133264 0.256747 0.036186 0.022145
119 0.199896 0.790657 0.012874 0.022376
691 0.354906 0.409804 0.022269 0.022376
87 0.129610 0.583045 0.022617 0.022376
85 0.810891 0.284314 0.025400 0.022376
350 0.199548 0.873010 0.028184 0.022376
2795 0.124043 0.810727 0.030967 0.022376
721 0.576374 0.658016 0.032359 0.022376
2844 0.202853 0.410957 0.033403 0.022376
683 0.429193 0.824567 0.037230 0.022376
2590 0.809499 0.307843 0.023312 0.022837
1820 0.431454 0.214187 0.025052 0.022837
2621 0.579158 0.634025 0.025400 0.022837
273 0.804976 0.477393 0.027488 0.022837
1809 0.733646 0.350980 0.030967 0.022837
4303 0.355602 0.512226 0.032011 0.022837
2853 0.507133 0.455479 0.037230 0.022837
121 0.423278 0.440484 0.037926 0.022837
990 0.728775 0.840138 0.014266 0.023068
92 0.278184 0.702191 0.017049 0.023068
62 0.279923 0.862053 0.023312 0.023068
3385 0.352644 0.745098 0.024008 0.023068
3385 0.730167 0.690657 0.026792 0.023068
2795 0.730515 0.747866 0.028880 0.023068
2795 0.351949 0.803230 0.030967 0.023068
2822 0.737126 0.267128 0.033055 0.023068
3182 0.804628 0.731257 0.033055 0.023068
2443 0.584029 0.263668 0.033751 0.023068
1870 0.354210 0.699654 0.034795 0.023068
83 0.652923 0.691696 0.012178 0.023299
2682 0.582463 0.562284 0.025052 0.023299
980 0.200765 0.601269 0.027836 0.023299
350 0.200939 0.564821 0.028184 0.023299
3053 0.428149 0.323299 0.030967 0.023299
2161 0.354036 0.676471 0.031663 0.023299
333 0.877697 0.608420 0.033751 0.023299
410 0.734168 0.476932 0.040362 0.023299
3347 0.875261 0.762745 0.024008 0.023760
70 0.360647 0.307843 0.028880 0.023760
119 0.280445 0.556401 0.012526 0.023991
120 0.806541 0.787774 0.025052 0.023991
85 0.425887 0.606920 0.027836 0.023991
1559 0.583855 0.383852 0.032011 0.023991
2056 0.280619 0.351557 0.032359 0.023991
3984 0.129610 0.375779 0.033751 0.023991
3562 0.284447 0.325721 0.035839 0.023991
2795 0.875609 0.584083 0.035839 0.023991
365 0.579854 0.608189 0.030967 0.024221
2795 0.205811 0.232872 0.032359 0.024221
3562 0.505045 0.604268 0.033055 0.024221
102 0.429541 0.739677 0.035143 0.024221
85 0.877349 0.486390 0.027488 0.024683
647 0.359081 0.331834 0.032011 0.024683
3758 0.875435 0.542445 0.032011 0.024683
1768 0.504697 0.690542 0.035839 0.024683
119 0.880132 0.295502 0.017049 0.024913
2590 0.656750 0.361015 0.020529 0.024913
120 0.809847 0.331719 0.026792 0.024913
1796 0.504697 0.327336 0.027488 0.024913
535 0.129958 0.230450 0.030967 0.024913
2795 0.129262 0.523414 0.030967 0.024913
607 0.279228 0.800461 0.030967 0.024913
2795 0.657446 0.525490 0.031663 0.024913
4112 0.505045 0.775548 0.033751 0.024913
3562 0.205463 0.438754 0.035143 0.024913
2591 0.806193 0.395732 0.026444 0.025144
2800 0.352992 0.847174 0.026792 0.025144
110 0.428845 0.669550 0.031663 0.025144
2795 0.731907 0.547520 0.033055 0.025144
119 0.662317 0.245098 0.011482 0.025606
1579 0.125957 0.753287 0.029228 0.025606
2190 0.134656 0.205882 0.032011 0.025606
1665 0.202157 0.673933 0.033403 0.025606
3347 0.806367 0.581776 0.024704 0.025836
1231 0.729471 0.810611 0.025400 0.025836
4447 0.208942 0.205767 0.034447 0.025836
2443 0.735386 0.393772 0.035839 0.025836
3562 0.428497 0.522030 0.037230 0.025836
83 0.727209 0.887313 0.012526 0.026067
273 0.577766 0.788120 0.022617 0.026067
3153 0.883960 0.250865 0.024008 0.026067
2795 0.426757 0.583968 0.030271 0.026067
3180 0.876131 0.714072 0.030619 0.026067
647 0.358559 0.184429 0.030967 0.026067
4447 0.808803 0.853633 0.033055 0.026067
4356 0.807063 0.423645 0.030967 0.026528
333 0.876305 0.787889 0.030967 0.026528
3153 0.663013 0.203345 0.032359 0.026528
2675 0.656924 0.665398 0.036186 0.026528
68 0.875957 0.735640 0.004523 0.026759
68 0.582637 0.698731 0.010090 0.026759
3342 0.874217 0.885121 0.024008 0.026759
4064 0.502088 0.645444 0.030619 0.026759
2795 0.805672 0.646828 0.030967 0.026759
2795 0.279749 0.678662 0.033403 0.026759
83 0.353688 0.434487 0.014266 0.026990
554 0.651531 0.720069 0.025400 0.026990
2800 0.426061 0.696309 0.028184 0.026990
2800 0.581594 0.516840 0.028880 0.026990
3108 0.430237 0.183968 0.033751 0.026990
2795 0.508003 0.198962 0.032011 0.027451
2795 0.201983 0.626874 0.033751 0.027451
3461 0.811935 0.242330 0.035143 0.027451
1101 0.431628 0.261246 0.037230 0.027451
4460 0.424495 0.847059 0.023660 0.027682
990 0.506785 0.381200 0.021225 0.027912
3120 0.201287 0.480854 0.026792 0.027912
2795 0.806715 0.452018 0.030967 0.027912
2795 0.427975 0.395963 0.032011 0.027912
3768 0.207898 0.275087 0.032359 0.027912
712 0.506437 0.353979 0.034447 0.028374
268 0.355776 0.485813 0.028184 0.028604
1231 0.582637 0.485121 0.030271 0.028604
1579 0.577070 0.887082 0.028184 0.028835
2795 0.582811 0.437947 0.030619 0.028835
68 0.655010 0.596424 0.005219 0.029296
2795 0.875609 0.647866 0.030271 0.030219
2795 0.806367 0.884314 0.030967 0.030219
3215 0.802192 0.759746 0.022617 0.030681
2795 0.278532 0.754902 0.030967 0.030681
1406 0.430759 0.367589 0.033403 0.030681
2959 0.883264 0.186967 0.036534 0.031142
1114 0.879958 0.324683 0.029228 0.031603
4460 0.501914 0.575548 0.025400 0.033218
1231 0.427279 0.638062 0.030619 0.034141
4460 0.426409 0.490311 0.029576 0.035755
