173 0.465432 0.884430 0.024401 0.008449
173 0.465883 0.910682 0.027113 0.008449
173 0.429056 0.921243 0.023046 0.010260
169 0.668098 0.229028 0.029372 0.010260
173 0.429282 0.896801 0.025305 0.010863
52 0.818346 0.831171 0.023498 0.011165
92 0.146182 0.923657 0.038409 0.011467
127 0.824221 0.216506 0.028920 0.011768
92 0.665838 0.853048 0.038409 0.012070
162 0.468595 0.924110 0.019883 0.012372
209 0.368504 0.846711 0.016719 0.012674
68 0.819024 0.845051 0.006778 0.012975
172 0.245820 0.406005 0.015364 0.012975
113 0.819476 0.858027 0.020334 0.012975
92 0.558292 0.682106 0.035698 0.012975
52 0.818798 0.203681 0.021690 0.013277
92 0.130592 0.261617 0.037958 0.013881
203 0.362630 0.833283 0.029372 0.014182
92 0.244013 0.644689 0.039765 0.014182
162 0.432445 0.908871 0.019883 0.014484
52 0.919340 0.767502 0.022142 0.014786
113 0.920696 0.798129 0.019431 0.015088
162 0.467239 0.897858 0.020786 0.015389
68 0.919792 0.782740 0.008586 0.015691
56 0.454361 0.867230 0.016719 0.015691
91 0.141437 0.866023 0.035246 0.015691
88 0.349074 0.748642 0.040217 0.015691
52 0.336873 0.324532 0.031179 0.015993
52 0.348396 0.905100 0.039765 0.015993
88 0.561455 0.852142 0.044736 0.016295
120 0.557162 0.923205 0.022594 0.016596
52 0.555129 0.341732 0.037506 0.016596
52 0.662675 0.814424 0.038409 0.016898
93 0.354044 0.815027 0.049254 0.016898
117 0.821961 0.253923 0.018979 0.017200
57 0.666064 0.283343 0.027113 0.017502
203 0.250565 0.308238 0.032083 0.017803
88 0.336421 0.196590 0.042024 0.017803
56 0.555807 0.732046 0.020786 0.018105
83 0.251243 0.811406 0.030728 0.018105
85 0.347718 0.883977 0.019431 0.018407
88 0.250565 0.754828 0.043832 0.018407
209 0.256213 0.326494 0.017171 0.018709
57 0.458879 0.706699 0.032083 0.018709
88 0.557840 0.314424 0.043832 0.018709
57 0.233168 0.202625 0.031631 0.019010
65 0.884546 0.651931 0.038409 0.019010
57 0.456168 0.542849 0.031179 0.019312
58 0.819928 0.235516 0.017623 0.019614
84 0.772255 0.921998 0.035246 0.019614
132 0.250565 0.388654 0.021238 0.019916
168 0.788522 0.187990 0.023498 0.019916
91 0.344103 0.699155 0.032987 0.019916
91 0.772255 0.371756 0.034343 0.019916
102 0.140533 0.741098 0.046995 0.019916
85 0.449616 0.297978 0.014460 0.020217
168 0.669679 0.211678 0.025305 0.020217
87 0.558518 0.906005 0.030728 0.020217
88 0.337777 0.400573 0.035698 0.020217
84 0.248080 0.879451 0.037958 0.020217
168 0.572978 0.409475 0.030728 0.020519
91 0.452327 0.436934 0.033439 0.020519
55 0.874831 0.254979 0.044284 0.020519
164 0.572074 0.389710 0.025305 0.020821
55 0.770221 0.399065 0.034794 0.020821
88 0.130592 0.364665 0.038861 0.020821
98 0.665160 0.833283 0.048803 0.020821
724 0.662223 0.612402 0.049254 0.020821
85 0.337325 0.299638 0.019431 0.021123
98 0.352011 0.923657 0.056936 0.021123
85 0.141211 0.625679 0.020334 0.021424
85 0.665612 0.791943 0.021690 0.021424
120 0.555581 0.621756 0.022142 0.021424
120 0.234975 0.252716 0.026209 0.021424
66 0.877316 0.571213 0.023949 0.021726
121 0.351785 0.795715 0.046543 0.021726
120 0.455038 0.794357 0.024401 0.022028
83 0.238590 0.576795 0.034343 0.022028
83 0.131496 0.494719 0.040669 0.022028
83 0.875734 0.350483 0.031631 0.022631
84 0.874831 0.448853 0.039765 0.022631
120 0.140307 0.678033 0.023046 0.022933
91 0.453683 0.845806 0.042476 0.022933
1173 0.450972 0.572118 0.049706 0.022933
45 0.778807 0.842185 0.055581 0.022933
68 0.450520 0.320006 0.013556 0.023235
83 0.137822 0.767200 0.034343 0.023235
86 0.349526 0.675769 0.034794 0.023235
91 0.443742 0.190253 0.037054 0.023235
92 0.875960 0.471786 0.040217 0.023235
111 0.663805 0.673506 0.018979 0.023537
76 0.873023 0.194327 0.026209 0.023537
77 0.447131 0.213639 0.037506 0.023537
81 0.237912 0.520821 0.037506 0.023537
83 0.447131 0.343543 0.027564 0.023838
86 0.776548 0.288926 0.030276 0.023838
98 0.337777 0.344750 0.043832 0.023838
52 0.657479 0.187839 0.046091 0.023838
111 0.774288 0.495926 0.026661 0.024442
84 0.450294 0.644387 0.036602 0.024442
65 0.242431 0.496832 0.040217 0.024442
2885 0.876186 0.923506 0.055129 0.024442
316 0.134659 0.236723 0.058744 0.024442
83 0.228197 0.280628 0.033439 0.024744
51 0.140081 0.654194 0.034343 0.024744
85 0.878671 0.857121 0.022142 0.025045
111 0.453909 0.821817 0.024853 0.025045
107 0.877768 0.595504 0.038409 0.025045
45 0.882512 0.807031 0.056033 0.025045
113 0.774062 0.625528 0.035246 0.025347
84 0.878446 0.625830 0.036150 0.025347
98 0.555581 0.362704 0.050158 0.025347
2644 0.769092 0.894991 0.052418 0.025347
118 0.771803 0.720428 0.024401 0.025649
111 0.340714 0.423506 0.025305 0.025649
87 0.554225 0.598823 0.030276 0.025649
91 0.662675 0.698099 0.034794 0.025649
2885 0.774740 0.467864 0.048351 0.025649
85 0.772029 0.652987 0.021238 0.025951
76 0.772029 0.344297 0.027564 0.025951
111 0.556484 0.161135 0.032083 0.025951
51 0.231586 0.229028 0.039313 0.025951
395 0.668098 0.878093 0.066426 0.025951
83 0.443064 0.243060 0.034794 0.026252
67 0.886127 0.678485 0.042476 0.026252
117 0.347492 0.771575 0.025305 0.026554
87 0.771577 0.318045 0.027564 0.026554
111 0.443290 0.165208 0.022594 0.026856
87 0.340036 0.650724 0.028468 0.026856
356 0.246724 0.785305 0.057840 0.026856
69 0.782422 0.599276 0.018527 0.027158
70 0.138952 0.597767 0.024853 0.027158
509 0.339584 0.369644 0.042928 0.027158
107 0.771125 0.776856 0.025757 0.027459
83 0.664709 0.585546 0.032535 0.027459
84 0.233168 0.470278 0.037054 0.027459
316 0.146634 0.842939 0.055581 0.027459
70 0.240398 0.549487 0.027113 0.027761
51 0.451423 0.407061 0.037958 0.027761
288 0.130140 0.169584 0.064166 0.027761
406 0.135789 0.527761 0.065522 0.027761
366 0.345685 0.865118 0.067781 0.027761
45 0.779937 0.218618 0.049706 0.028063
702 0.875056 0.381110 0.042024 0.028365
71 0.665386 0.408871 0.042024 0.028365
2489 0.665386 0.915208 0.055581 0.028365
683 0.562585 0.796922 0.056033 0.028365
107 0.771125 0.230386 0.023949 0.028666
107 0.662223 0.380356 0.023949 0.028666
87 0.559422 0.704134 0.035246 0.028666
121 0.772255 0.747586 0.045188 0.028666
119 0.881835 0.706095 0.019431 0.028968
76 0.774062 0.159928 0.042476 0.028968
70 0.769544 0.809445 0.028016 0.029270
639 0.334162 0.228274 0.042024 0.029270
70 0.663353 0.643331 0.023498 0.029572
82 0.775870 0.259505 0.042476 0.029572
3806 0.349300 0.724502 0.056936 0.029572
3824 0.140307 0.564273 0.059196 0.029572
83 0.131044 0.421998 0.036150 0.029873
126 0.666742 0.725860 0.040217 0.029873
4166 0.345007 0.579209 0.053773 0.029873
2598 0.878220 0.321364 0.022142 0.030175
1799 0.343877 0.616476 0.046091 0.030175
2644 0.659738 0.348521 0.052418 0.030175
978 0.561455 0.828002 0.057388 0.030175
68 0.449390 0.739137 0.041121 0.030477
2644 0.130818 0.333283 0.056484 0.030477
272 0.879123 0.502112 0.050158 0.030779
2621 0.559422 0.882317 0.051514 0.030779
366 0.232264 0.436934 0.061455 0.030779
1685 0.554225 0.240193 0.061907 0.030779
68 0.664709 0.556276 0.009038 0.031080
87 0.654767 0.162191 0.031631 0.031080
3217 0.558970 0.566536 0.034343 0.031080
126 0.662449 0.480839 0.037054 0.031080
2644 0.772029 0.568045 0.052869 0.031080
1809 0.332354 0.166415 0.059196 0.031080
107 0.879349 0.736270 0.027113 0.031382
268 0.873701 0.162945 0.036602 0.031382
643 0.341166 0.546168 0.046995 0.031382
366 0.872571 0.829511 0.059648 0.031382
68 0.138048 0.391068 0.009489 0.031986
121 0.450746 0.770368 0.042024 0.031986
366 0.446453 0.276403 0.059648 0.031986
70 0.877090 0.771123 0.028920 0.032287
4431 0.874153 0.287266 0.053773 0.032589
96 0.876186 0.222541 0.044284 0.032891
981 0.661319 0.255281 0.047447 0.033193
70 0.141437 0.714393 0.022594 0.033494
3735 0.771803 0.432861 0.056033 0.033494
366 0.232716 0.358027 0.058744 0.033494
1460 0.146859 0.893633 0.047899 0.034098
3175 0.553547 0.651931 0.049706 0.034098
2599 0.452327 0.466807 0.037958 0.035003
837 0.557614 0.484912 0.061455 0.035003
3169 0.556936 0.527761 0.061907 0.035003
3735 0.878220 0.892124 0.061907 0.035305
366 0.450520 0.678033 0.058744 0.035607
47 0.453457 0.373868 0.040217 0.036210
2643 0.140759 0.805975 0.047447 0.036210
971 0.341618 0.459264 0.056936 0.036210
3261 0.765025 0.865419 0.061455 0.036210
322 0.876186 0.418980 0.056033 0.036512
4085 0.136240 0.458208 0.058292 0.036512
68 0.134207 0.200060 0.009038 0.036814
338 0.766380 0.691310 0.063263 0.036814
1771 0.255084 0.914303 0.065522 0.036814
4165 0.452327 0.607574 0.053321 0.037115
2489 0.659964 0.446439 0.058292 0.037115
3261 0.125169 0.292849 0.063263 0.037115
1871 0.335743 0.264484 0.043380 0.037719
1460 0.243335 0.612100 0.052869 0.037719
3261 0.658834 0.762070 0.060551 0.037719
2022 0.250791 0.723144 0.064166 0.037719
3261 0.553547 0.444025 0.066878 0.037719
3261 0.770221 0.529270 0.061003 0.038021
3261 0.658156 0.311859 0.053773 0.038322
2299 0.876412 0.540736 0.045639 0.039228
4165 0.553999 0.280477 0.053321 0.039529
4445 0.253728 0.846258 0.054677 0.039529
2917 0.450972 0.507695 0.048803 0.040736
4447 0.662901 0.522179 0.055129 0.040736
1373 0.555581 0.200513 0.055581 0.041943
224 0.231812 0.173054 0.055129 0.042547
241 0.341166 0.502414 0.049706 0.042849
47 0.560777 0.755281 0.037958 0.045263
4672 0.247176 0.679843 0.058744 0.045263
