102 0.670086 0.403588 0.037077 0.008565
52 0.821634 0.598264 0.026278 0.009028
52 0.821994 0.701968 0.027718 0.009028
85 0.594132 0.472917 0.016919 0.009259
52 0.670086 0.792361 0.024838 0.009259
173 0.594312 0.428819 0.023038 0.009954
173 0.594492 0.525231 0.022678 0.010185
88 0.668107 0.211343 0.034557 0.010185
101 0.670446 0.802083 0.037797 0.010185
173 0.359431 0.252662 0.026278 0.010880
173 0.366091 0.793287 0.024478 0.011111
173 0.748920 0.515741 0.024838 0.011111
173 0.284557 0.849769 0.024838 0.011111
91 0.667567 0.876157 0.033477 0.011111
120 0.669366 0.393634 0.017639 0.011343
52 0.595212 0.589699 0.024118 0.011343
52 0.204824 0.597569 0.028798 0.011343
101 0.822354 0.608449 0.035637 0.011343
56 0.210403 0.707523 0.012599 0.011806
120 0.511699 0.319097 0.018359 0.011806
120 0.593053 0.400579 0.021238 0.011806
102 0.512419 0.330903 0.035637 0.011806
56 0.667567 0.200231 0.011879 0.012037
88 0.438265 0.513194 0.028438 0.012037
173 0.823974 0.687731 0.028798 0.012037
102 0.281497 0.258102 0.041757 0.012037
62 0.746760 0.817477 0.021958 0.012269
92 0.592693 0.789699 0.022678 0.012269
173 0.822354 0.275347 0.024118 0.012269
202 0.666487 0.242477 0.024118 0.012731
76 0.666307 0.255324 0.020158 0.012963
128 0.596832 0.740856 0.008639 0.013194
56 0.057235 0.303819 0.010079 0.013194
174 0.593952 0.237153 0.027358 0.013194
88 0.594852 0.758681 0.029158 0.013657
173 0.438265 0.431944 0.024838 0.013889
91 0.746760 0.803009 0.026278 0.013889
88 0.748200 0.230787 0.028438 0.013889
91 0.821274 0.233681 0.028438 0.014120
126 0.671706 0.778125 0.030238 0.014120
120 0.281677 0.245023 0.013319 0.014583
91 0.668647 0.329282 0.026998 0.014583
91 0.205364 0.580440 0.028438 0.014583
91 0.822714 0.534375 0.029158 0.014583
117 0.670446 0.654861 0.010439 0.014815
76 0.744600 0.311111 0.020518 0.014815
91 0.510619 0.481713 0.027718 0.014815
88 0.361951 0.473843 0.030598 0.014815
1023 0.591253 0.413889 0.034917 0.014815
120 0.058495 0.779977 0.014039 0.015046
173 0.284017 0.704977 0.024478 0.015046
91 0.512059 0.440856 0.024838 0.015046
91 0.512239 0.237384 0.025918 0.015046
91 0.366991 0.897106 0.028438 0.015046
126 0.443125 0.879051 0.028798 0.015046
91 0.055616 0.642708 0.030598 0.015046
127 0.134809 0.746181 0.030598 0.015046
42 0.135349 0.791319 0.011519 0.015509
111 0.207883 0.427894 0.019078 0.015509
83 0.208603 0.690162 0.022678 0.015509
91 0.282217 0.831597 0.028798 0.015509
1173 0.823074 0.289236 0.032037 0.015509
978 0.825594 0.873264 0.032037 0.015509
120 0.517459 0.729167 0.014039 0.015741
87 0.283297 0.229861 0.023038 0.015741
1810 0.753960 0.694907 0.028438 0.015741
1002 0.593952 0.892824 0.034557 0.015741
1810 0.282757 0.537847 0.018359 0.015972
129 0.362671 0.359144 0.022678 0.015972
126 0.590173 0.368171 0.028438 0.015972
126 0.132649 0.226273 0.032757 0.015972
107 0.441505 0.745486 0.014759 0.016435
85 0.748560 0.599653 0.020518 0.016435
42 0.831713 0.359838 0.021238 0.016435
56 0.284917 0.868634 0.032757 0.016435
91 0.519798 0.588542 0.034557 0.016435
1834 0.669006 0.290625 0.036357 0.016435
85 0.595752 0.572454 0.011519 0.016667
85 0.210043 0.366435 0.019078 0.016667
120 0.211123 0.894676 0.021238 0.016667
68 0.593772 0.441898 0.029878 0.016667
1173 0.821994 0.646528 0.033477 0.016667
2822 0.671886 0.862037 0.034917 0.016667
115 0.280598 0.211111 0.035637 0.016667
1834 0.515659 0.545602 0.036357 0.016667
2151 0.823794 0.190741 0.037077 0.016667
66 0.747120 0.713310 0.016919 0.016898
85 0.744780 0.501736 0.018719 0.016898
91 0.283117 0.787847 0.028438 0.016898
1262 0.749280 0.213079 0.029878 0.016898
1810 0.753060 0.394792 0.030238 0.016898
356 0.361231 0.492477 0.032757 0.016898
83 0.210583 0.851968 0.033117 0.016898
1821 0.133009 0.306829 0.033477 0.016898
113 0.667387 0.185532 0.034557 0.016898
64 0.596292 0.725579 0.013319 0.017361
119 0.673146 0.670949 0.017279 0.017361
111 0.743701 0.874190 0.024478 0.017361
87 0.594132 0.647338 0.026278 0.017361
64 0.209683 0.446644 0.026998 0.017361
110 0.594132 0.555671 0.028438 0.017361
72 0.130670 0.245486 0.028798 0.017361
126 0.518719 0.692245 0.030238 0.017361
252 0.365551 0.857060 0.032757 0.017361
547 0.749460 0.759375 0.033117 0.017361
83 0.824694 0.856829 0.034557 0.017361
91 0.593952 0.876273 0.034557 0.017361
3121 0.443485 0.895486 0.035997 0.017361
87 0.591793 0.203935 0.023038 0.017593
51 0.055616 0.496759 0.027718 0.017593
88 0.591973 0.186343 0.030598 0.017593
88 0.514939 0.525694 0.030598 0.017593
1834 0.823794 0.494213 0.036357 0.017593
117 0.746580 0.635764 0.012959 0.017824
119 0.748740 0.616551 0.015839 0.017824
117 0.592873 0.539236 0.017279 0.017824
53 0.596292 0.459144 0.017639 0.017824
85 0.206803 0.612384 0.018359 0.017824
111 0.593053 0.707986 0.018359 0.017824
91 0.439885 0.474653 0.024478 0.017824
98 0.593053 0.604282 0.032037 0.017824
107 0.207883 0.630208 0.032757 0.017824
126 0.442765 0.599884 0.033117 0.017824
121 0.591613 0.221644 0.034197 0.017824
189 0.746760 0.294560 0.014039 0.018287
42 0.437545 0.329745 0.014759 0.018287
70 0.517639 0.712153 0.020158 0.018287
119 0.751620 0.327662 0.027358 0.018287
110 0.594492 0.486690 0.028438 0.018287
83 0.593952 0.774653 0.028798 0.018287
3731 0.282577 0.558449 0.033117 0.018287
126 0.824694 0.581366 0.034557 0.018287
87 0.055256 0.319676 0.030598 0.018519
91 0.669546 0.740741 0.033117 0.018519
104 0.749280 0.578704 0.033477 0.018519
370 0.591613 0.385417 0.034197 0.018519
752 0.672426 0.504861 0.034557 0.018519
42 0.361411 0.296412 0.010079 0.018750
76 0.365911 0.510301 0.016199 0.018750
51 0.208603 0.650810 0.028438 0.018750
1845 0.669366 0.225810 0.040677 0.018750
87 0.517099 0.771644 0.017639 0.019213
1850 0.284197 0.409838 0.036357 0.019213
119 0.672426 0.816898 0.017279 0.019444
119 0.744600 0.654398 0.017639 0.019444
85 0.516379 0.283796 0.019078 0.019444
77 0.825234 0.740278 0.024838 0.019444
88 0.131569 0.461806 0.029158 0.019444
95 0.360511 0.341435 0.033477 0.019444
702 0.594132 0.807176 0.034197 0.019444
91 0.748560 0.559722 0.035637 0.019444
2277 0.750360 0.892361 0.035637 0.019444
1421 0.516379 0.606250 0.037077 0.019444
287 0.060115 0.568287 0.040317 0.019444
68 0.751800 0.833681 0.010439 0.019676
126 0.210223 0.807986 0.028798 0.019676
85 0.825414 0.813542 0.028798 0.019676
3735 0.512059 0.303356 0.029158 0.019676
370 0.367711 0.875579 0.029878 0.019676
58 0.361951 0.377199 0.031317 0.019676
3731 0.132109 0.373032 0.031677 0.019676
87 0.057595 0.439699 0.031677 0.019676
126 0.208423 0.242940 0.033117 0.019676
127 0.133369 0.263773 0.034197 0.019676
58 0.519798 0.649421 0.034557 0.019676
88 0.056875 0.396181 0.035997 0.019676
115 0.439705 0.581134 0.036357 0.019676
1023 0.668647 0.443171 0.039957 0.019676
119 0.519978 0.791319 0.016199 0.020139
1814 0.592333 0.275579 0.027718 0.020139
2710 0.670086 0.485764 0.029878 0.020139
4345 0.437545 0.394329 0.032757 0.020139
91 0.134089 0.415625 0.032757 0.020139
4402 0.672966 0.891782 0.033477 0.020139
91 0.359071 0.214931 0.037077 0.020139
356 0.435925 0.349190 0.037437 0.020139
1421 0.670986 0.549884 0.037437 0.020139
118 0.129770 0.722222 0.012599 0.020370
111 0.440785 0.785185 0.016199 0.020370
86 0.597012 0.688889 0.022678 0.020370
83 0.130850 0.533102 0.026278 0.020370
3735 0.669006 0.377778 0.030598 0.020370
4712 0.826674 0.890972 0.031317 0.020370
680 0.280238 0.663194 0.032037 0.020370
577 0.432685 0.208333 0.034557 0.020370
978 0.824514 0.378009 0.034917 0.020370
4253 0.435565 0.187963 0.035997 0.020370
126 0.056515 0.691898 0.035997 0.020370
68 0.826134 0.837847 0.007199 0.020602
85 0.436825 0.414699 0.010439 0.020602
107 0.439345 0.560995 0.021238 0.020602
119 0.671346 0.272106 0.021598 0.020602
76 0.059215 0.762153 0.023398 0.020602
95 0.441145 0.835995 0.029878 0.020602
85 0.672246 0.604514 0.032037 0.020602
547 0.750180 0.414931 0.035997 0.020602
85 0.822714 0.446644 0.023398 0.021065
1126 0.596292 0.857060 0.029878 0.021065
95 0.512419 0.398495 0.031317 0.021065
725 0.514039 0.377431 0.031677 0.021065
365 0.671886 0.760532 0.034197 0.021065
85 0.283117 0.686806 0.011879 0.021296
84 0.444204 0.764352 0.031677 0.021296
113 0.133009 0.284491 0.033477 0.021296
3121 0.436105 0.259491 0.034917 0.021296
2595 0.060295 0.588657 0.039237 0.021296
1877 0.592873 0.254514 0.023038 0.021528
121 0.444384 0.654051 0.026278 0.021528
3120 0.519798 0.893171 0.030238 0.021528
2277 0.748560 0.482292 0.034917 0.021528
58 0.056695 0.246644 0.035637 0.021528
979 0.747840 0.436921 0.038517 0.021528
42 0.824514 0.792477 0.012599 0.021991
92 0.743701 0.190856 0.024478 0.021991
92 0.130850 0.348958 0.024838 0.021991
60 0.370230 0.615394 0.026278 0.021991
92 0.046616 0.419097 0.030598 0.021991
58 0.748740 0.854514 0.034557 0.021991
119 0.211303 0.671296 0.017279 0.022222
83 0.205364 0.290509 0.024118 0.022222
4397 0.362671 0.236111 0.029158 0.022222
1052 0.592153 0.506713 0.033117 0.022222
1821 0.283297 0.516435 0.034557 0.022222
1887 0.748740 0.675926 0.038877 0.022222
85 0.209683 0.466782 0.010439 0.022454
1810 0.133009 0.326736 0.018359 0.022454
4253 0.132649 0.394329 0.032757 0.022454
1052 0.670626 0.464236 0.034557 0.022454
4416 0.746760 0.375116 0.036357 0.022454
2423 0.363931 0.693403 0.037437 0.022454
121 0.207523 0.385995 0.038517 0.022454
3936 0.748020 0.251273 0.040317 0.022454
118 0.745680 0.274190 0.014039 0.022917
85 0.200684 0.408681 0.024838 0.022917
301 0.512779 0.502199 0.024838 0.022917
121 0.595212 0.667245 0.025558 0.022917
3060 0.283117 0.459838 0.032037 0.022917
4253 0.443305 0.700116 0.032757 0.022917
1644 0.132829 0.482986 0.033117 0.022917
1845 0.366271 0.837153 0.034197 0.022917
3786 0.518898 0.672338 0.035637 0.022917
111 0.510979 0.462731 0.014759 0.023148
111 0.592693 0.325231 0.021958 0.023148
2949 0.668287 0.310417 0.026998 0.023148
4712 0.823794 0.399769 0.033477 0.023148
365 0.518898 0.750463 0.036357 0.023148
4046 0.060115 0.740278 0.040317 0.023148
68 0.513319 0.627662 0.017279 0.023380
4712 0.821994 0.309838 0.027718 0.023380
4345 0.361591 0.429514 0.029878 0.023380
3120 0.591073 0.348495 0.031677 0.023380
1396 0.438805 0.495255 0.031677 0.023380
4253 0.282757 0.583218 0.034197 0.023380
3984 0.209323 0.755440 0.034917 0.023380
3353 0.516199 0.216088 0.035997 0.023380
85 0.057775 0.341551 0.014039 0.023843
119 0.823074 0.626042 0.016919 0.023843
4440 0.360691 0.454514 0.033117 0.023843
979 0.366271 0.813773 0.033477 0.023843
93 0.446184 0.676736 0.034197 0.023843
3019 0.443305 0.859838 0.034197 0.023843
3322 0.749640 0.459838 0.036357 0.023843
107 0.821994 0.718519 0.019078 0.024074
111 0.211483 0.526157 0.021958 0.024074
3354 0.206263 0.190509 0.031677 0.024074
2949 0.825954 0.515046 0.032757 0.024074
111 0.284377 0.811458 0.014399 0.024306
2190 0.674046 0.691782 0.029158 0.024306
4318 0.513679 0.421181 0.034557 0.024306
577 0.440065 0.723495 0.034917 0.024306
87 0.058855 0.827431 0.022678 0.024769
1087 0.594132 0.625579 0.026278 0.024769
1269 0.130490 0.438079 0.026998 0.024769
2727 0.209503 0.874190 0.030238 0.024769
4722 0.825594 0.423727 0.030598 0.024769
126 0.208243 0.343171 0.032757 0.024769
322 0.284377 0.321644 0.035997 0.024769
98 0.052916 0.517940 0.035997 0.024769
107 0.282037 0.190278 0.019798 0.025000
3283 0.209143 0.728472 0.023038 0.025000
85 0.360871 0.318287 0.028438 0.025000
4440 0.438805 0.371759 0.031677 0.025000
825 0.433405 0.308102 0.033117 0.025000
3019 0.282757 0.640509 0.033477 0.025000
3993 0.435025 0.283102 0.036357 0.025000
1880 0.669906 0.526736 0.024478 0.025231
68 0.676566 0.420718 0.025558 0.025231
85 0.366271 0.774884 0.029878 0.025231
3103 0.365191 0.746875 0.036357 0.025231
3172 0.511699 0.191088 0.039957 0.025231
2864 0.752340 0.782060 0.031677 0.025694
3114 0.210043 0.830671 0.033477 0.025694
1396 0.520338 0.842708 0.034197 0.025694
3782 0.058135 0.802431 0.035637 0.025694
119 0.364651 0.532639 0.015839 0.025926
3782 0.823074 0.213657 0.034197 0.025926
119 0.062455 0.852894 0.016199 0.026157
68 0.752880 0.735069 0.020518 0.026157
2949 0.514939 0.567014 0.028438 0.026157
628 0.446904 0.812384 0.032757 0.026157
3298 0.438085 0.451968 0.033117 0.026157
1592 0.132649 0.770486 0.035637 0.026157
3298 0.518359 0.816782 0.037437 0.026157
68 0.209323 0.266088 0.007559 0.026620
60 0.286717 0.890162 0.015479 0.026620
296 0.512599 0.258449 0.028798 0.026620
1502 0.821994 0.254282 0.030598 0.026620
3231 0.055616 0.715394 0.035637 0.026620
3060 0.209143 0.780671 0.035997 0.026620
4712 0.822714 0.668287 0.030598 0.026852
2438 0.516919 0.868981 0.031677 0.026852
1421 0.053276 0.190972 0.043197 0.026852
3665 0.130130 0.509144 0.027718 0.027083
4712 0.673326 0.840162 0.029158 0.027083
301 0.059935 0.369792 0.033477 0.027083
675 0.744960 0.350347 0.035637 0.027083
3019 0.208603 0.317245 0.037077 0.027083
365 0.058135 0.544792 0.041397 0.027083
3562 0.594672 0.298958 0.044636 0.027083
1126 0.672966 0.717708 0.029878 0.027546
3993 0.359971 0.191319 0.033117 0.027546
4030 0.593772 0.830787 0.030598 0.027778
4484 0.433225 0.233565 0.031317 0.027778
3019 0.365191 0.640046 0.036357 0.027778
1844 0.667207 0.351157 0.044996 0.027778
680 0.130490 0.698032 0.031317 0.028009
3120 0.363931 0.560069 0.031677 0.028009
4252 0.361591 0.667940 0.034917 0.028009
4109 0.282757 0.384375 0.037077 0.028009
365 0.059395 0.667477 0.041757 0.028009
3114 0.285637 0.433681 0.034197 0.028472
485 0.823434 0.471412 0.035637 0.028472
1795 0.364111 0.719907 0.034917 0.028704
91 0.131569 0.885995 0.026998 0.028935
674 0.362671 0.588542 0.031317 0.028935
1844 0.821454 0.557755 0.034557 0.028935
825 0.358891 0.272569 0.035997 0.028935
4371 0.823974 0.766782 0.021598 0.029398
4109 0.207883 0.556366 0.037797 0.029398
83 0.356731 0.401852 0.020158 0.029630
2727 0.280778 0.487963 0.027358 0.029630
1831 0.674586 0.632523 0.030238 0.029861
604 0.209323 0.217477 0.033477 0.029861
4371 0.825234 0.336458 0.033477 0.029861
68 0.518719 0.351968 0.024478 0.030324
675 0.747840 0.536458 0.033477 0.030324
1126 0.285637 0.764236 0.033477 0.030324
60 0.130130 0.630324 0.024118 0.030556
68 0.054176 0.220255 0.014039 0.031250
296 0.672606 0.575579 0.032757 0.031250
2591 0.131210 0.817940 0.029158 0.032176
83 0.439345 0.535417 0.017639 0.032407
959 0.283117 0.611343 0.034917 0.032407
1297 0.283837 0.350347 0.035637 0.032639
48 0.135709 0.598148 0.024478 0.033796
4030 0.284017 0.731134 0.035997 0.034028
68 0.208783 0.495139 0.008639 0.034259
296 0.132289 0.197685 0.031317 0.034259
2438 0.442585 0.626157 0.031317 0.034259
959 0.131569 0.666088 0.034917 0.035880
1126 0.061015 0.617245 0.038517 0.035880
296 0.055616 0.275579 0.032757 0.036343
68 0.057415 0.468634 0.008999 0.037731
2056 0.130490 0.852894 0.039237 0.037731
68 0.288697 0.286690 0.027358 0.045139
