88 0.658977 0.233148 0.012036 0.014725
111 0.439819 0.226276 0.013039 0.014725
52 0.360582 0.172775 0.035105 0.015052
120 0.358074 0.291558 0.012036 0.015707
91 0.710130 0.235766 0.018054 0.017343
56 0.360080 0.246728 0.014042 0.017670
119 0.442578 0.276342 0.012538 0.017997
81 0.812187 0.251473 0.023571 0.017997
547 0.356068 0.270779 0.027081 0.017997
501 0.574975 0.243946 0.030592 0.017997
60 0.360582 0.193390 0.013039 0.018325
259 0.623872 0.312827 0.032096 0.018325
98 0.655216 0.285668 0.029589 0.019634
90 0.701103 0.281577 0.020060 0.020615
4252 0.317452 0.306119 0.023069 0.020615
91 0.482949 0.262925 0.023069 0.021270
68 0.400201 0.293848 0.006018 0.021597
91 0.697593 0.306774 0.024072 0.021924
4260 0.707623 0.212533 0.027081 0.021924
92 0.395938 0.271924 0.012538 0.022251
98 0.694835 0.260144 0.028586 0.022251
3735 0.623370 0.287467 0.027081 0.022579
1784 0.142678 0.319863 0.040622 0.022579
117 0.793631 0.269634 0.011535 0.022906
53 0.813190 0.230857 0.008526 0.023233
119 0.792879 0.292866 0.011033 0.023560
2946 0.318455 0.334260 0.023069 0.023887
2600 0.481444 0.236911 0.031093 0.024215
123 0.754764 0.250327 0.013039 0.024869
2915 0.144935 0.343586 0.024072 0.024869
1899 0.575476 0.271924 0.024574 0.024869
3313 0.392929 0.245746 0.028586 0.024869
68 0.758275 0.275360 0.007021 0.025196
4397 0.812187 0.269634 0.018556 0.025524
91 0.317703 0.276832 0.022568 0.025524
2031 0.358576 0.220550 0.030090 0.025524
62 0.813190 0.193226 0.022568 0.026505
4052 0.437312 0.253927 0.030090 0.026832
1197 0.259529 0.330825 0.033601 0.026832
4064 0.654213 0.262107 0.026580 0.027487
1607 0.859579 0.170975 0.036108 0.027814
3906 0.481444 0.205170 0.029087 0.028141
1999 0.263290 0.274869 0.034102 0.028141
92 0.859328 0.227912 0.016550 0.028469
1116 0.439067 0.201734 0.031595 0.028469
2108 0.710130 0.182101 0.033099 0.028469
877 0.575727 0.308246 0.034102 0.030105
3785 0.857573 0.201734 0.033099 0.031086
3914 0.758024 0.224476 0.037613 0.031414
127 0.814945 0.219568 0.040120 0.031414
364 0.478937 0.174738 0.036108 0.032723
721 0.656469 0.211060 0.030090 0.033377
2299 0.144183 0.291885 0.045637 0.033377
91 0.439819 0.304974 0.019057 0.034686
113 0.394684 0.316427 0.025075 0.035340
113 0.750502 0.299738 0.026580 0.035995
3156 0.315446 0.244110 0.033099 0.037958
