113 0.585411 0.474301 0.056452 0.013605
113 0.398460 0.799131 0.052053 0.015495
101 0.299853 0.882275 0.064516 0.015495
88 0.586877 0.458995 0.043255 0.016251
52 0.217009 0.407785 0.041056 0.016629
127 0.269062 0.352041 0.052786 0.017763
86 0.273827 0.371126 0.041789 0.018141
52 0.317815 0.409108 0.043255 0.018519
113 0.266129 0.445767 0.046921 0.019274
56 0.084677 0.852608 0.022727 0.019652
127 0.450880 0.750945 0.049853 0.019652
73 0.222507 0.326153 0.059384 0.019652
123 0.343842 0.789683 0.023460 0.020030
64 0.399560 0.729214 0.026393 0.020786
64 0.584677 0.417989 0.024194 0.021164
64 0.610337 0.869992 0.037390 0.021164
91 0.611804 0.848450 0.054985 0.021164
64 0.608871 0.733749 0.032991 0.021542
88 0.446848 0.729592 0.038856 0.021542
52 0.701979 0.387566 0.041789 0.021542
698 0.126466 0.648715 0.049120 0.021542
113 0.317082 0.324452 0.053519 0.021542
127 0.589809 0.440098 0.059384 0.021542
66 0.108138 0.778345 0.028592 0.022298
127 0.226540 0.347506 0.058651 0.022298
111 0.267595 0.424225 0.020528 0.023054
60 0.591276 0.489607 0.022727 0.023054
88 0.396994 0.779101 0.049120 0.023054
64 0.669721 0.785525 0.024194 0.023810
115 0.645894 0.322562 0.052786 0.023810
2677 0.108871 0.745276 0.041789 0.024187
127 0.398460 0.752079 0.047654 0.024187
127 0.452346 0.809713 0.052786 0.024565
113 0.746334 0.790060 0.055718 0.024565
91 0.314883 0.380763 0.031525 0.025321
119 0.746701 0.764739 0.038856 0.025321
104 0.365469 0.358088 0.040323 0.025321
1927 0.362170 0.390590 0.049853 0.025321
60 0.401393 0.820484 0.024194 0.025699
85 0.107405 0.806878 0.032991 0.025699
77 0.365469 0.414210 0.037390 0.025699
108 0.748167 0.347695 0.046188 0.025699
53 0.750733 0.816138 0.017595 0.026077
117 0.606672 0.794218 0.018328 0.026077
107 0.318915 0.349395 0.035191 0.026077
2689 0.390762 0.639267 0.085044 0.026077
189 0.583944 0.389834 0.024194 0.026833
58 0.347141 0.732237 0.035924 0.026833
63 0.418255 0.355064 0.049120 0.026833
107 0.216276 0.378685 0.032258 0.027211
99 0.268695 0.328798 0.050587 0.027211
74 0.754765 0.375094 0.030059 0.027589
3936 0.751466 0.309713 0.049853 0.028345
99 0.670821 0.846372 0.061584 0.028345
68 0.269795 0.470144 0.011730 0.028723
53 0.605938 0.822751 0.019795 0.028723
76 0.701979 0.419879 0.025660 0.028723
69 0.457111 0.782691 0.028592 0.028723
111 0.317815 0.433862 0.035924 0.028723
110 0.179619 0.842026 0.049853 0.028723
2677 0.296554 0.821051 0.040323 0.029101
68 0.363270 0.330121 0.012463 0.029856
90 0.644795 0.421958 0.063783 0.029856
67 0.351540 0.761149 0.040323 0.030234
68 0.703079 0.361300 0.043988 0.030234
68 0.604472 0.765684 0.049120 0.030234
127 0.671188 0.812925 0.057918 0.030234
91 0.644062 0.390967 0.034457 0.030612
62 0.090176 0.878118 0.038123 0.030612
978 0.704912 0.325208 0.047654 0.030612
95 0.747434 0.734883 0.057918 0.030612
68 0.354472 0.816327 0.010997 0.031746
51 0.412757 0.327286 0.038123 0.031746
51 0.297287 0.858277 0.038856 0.031746
71 0.754032 0.845427 0.041789 0.031746
81 0.584677 0.326153 0.050587 0.031746
53 0.269062 0.396259 0.017595 0.032880
2769 0.667522 0.644558 0.084311 0.032880
107 0.584677 0.359033 0.035924 0.033258
53 0.105938 0.836924 0.024194 0.033636
62 0.703079 0.451436 0.041056 0.033636
119 0.649194 0.355064 0.018328 0.035903
2320 0.417155 0.392479 0.046921 0.036659
62 0.362537 0.446523 0.038856 0.037415
2685 0.416789 0.430461 0.043255 0.037793
268 0.387830 0.601663 0.073314 0.037793
2522 0.127199 0.606009 0.084311 0.038927
1964 0.349340 0.855442 0.057918 0.040438
53 0.174120 0.803288 0.021261 0.041950
278 0.874267 0.755858 0.087243 0.045351
3375 0.663123 0.604119 0.063783 0.045729
1083 0.862903 0.256047 0.085044 0.046485
2197 0.649927 0.201436 0.079912 0.046863
1296 0.315982 0.201625 0.082111 0.047241
4371 0.668988 0.742819 0.046188 0.048753
2438 0.176320 0.745087 0.063783 0.050265
4072 0.867302 0.467687 0.096774 0.051020
3266 0.868402 0.691799 0.094575 0.052532
2597 0.861437 0.184996 0.079179 0.055556
1392 0.861070 0.321618 0.097507 0.055933
4447 0.870235 0.622260 0.102639 0.059335
3003 0.859604 0.396259 0.098974 0.060091
975 0.869868 0.546674 0.091642 0.064626
4119 0.867302 0.826720 0.102639 0.067649
