92 0.791011 0.827281 0.026966 0.011889
92 0.793034 0.480559 0.031011 0.013175
92 0.720000 0.575353 0.027865 0.013817
92 0.177079 0.242449 0.037753 0.013817
92 0.563371 0.227828 0.034607 0.014139
92 0.492809 0.828567 0.025618 0.015103
92 0.642022 0.257551 0.031011 0.015746
56 0.564045 0.753374 0.015281 0.016388
93 0.644719 0.593348 0.040899 0.017031
57 0.642921 0.919987 0.029213 0.017995
297 0.330112 0.642031 0.050787 0.017995
861 0.330562 0.852185 0.044494 0.019280
113 0.722921 0.341902 0.042697 0.019923
120 0.715281 0.861343 0.016629 0.020244
698 0.175506 0.900546 0.030112 0.020244
52 0.490562 0.269441 0.048989 0.020244
126 0.167191 0.919826 0.050337 0.020244
110 0.408090 0.768316 0.028764 0.020566
52 0.638876 0.829692 0.040000 0.020566
56 0.490562 0.879820 0.051685 0.020566
72 0.635955 0.853952 0.031461 0.020887
259 0.711236 0.885765 0.054382 0.020887
52 0.493034 0.850900 0.042247 0.021208
67 0.727416 0.639460 0.031910 0.021851
547 0.866966 0.715938 0.046742 0.021851
118 0.647191 0.380302 0.011685 0.022172
547 0.648315 0.524582 0.047191 0.022172
162 0.334157 0.874036 0.027416 0.022494
95 0.861124 0.892192 0.048539 0.022815
87 0.645843 0.357326 0.033258 0.023136
60 0.494382 0.804306 0.035955 0.023136
248 0.406517 0.373393 0.055281 0.023136
66 0.568090 0.355238 0.021573 0.023458
72 0.935506 0.847847 0.036404 0.023458
56 0.404944 0.793862 0.050337 0.023458
57 0.719551 0.840135 0.052135 0.023458
99 0.172360 0.355880 0.056180 0.023458
501 0.722697 0.457905 0.038652 0.023779
57 0.866742 0.427699 0.054382 0.023779
72 0.247191 0.735540 0.033258 0.024422
251 0.333483 0.673843 0.038652 0.024422
68 0.713933 0.707423 0.031011 0.024743
547 0.942247 0.618895 0.041798 0.025064
126 0.867640 0.215617 0.046292 0.025064
117 0.642022 0.663400 0.014831 0.025386
1406 0.718876 0.220437 0.037303 0.025707
1173 0.180449 0.273136 0.047191 0.025707
642 0.331011 0.617449 0.036404 0.026028
85 0.497753 0.244537 0.014831 0.026350
98 0.241124 0.236504 0.050787 0.026350
88 0.170337 0.620019 0.035056 0.026671
91 0.715506 0.187179 0.044045 0.026671
119 0.868315 0.456620 0.022472 0.026992
72 0.323146 0.461761 0.044944 0.026992
72 0.867191 0.146530 0.046292 0.026992
91 0.566067 0.914846 0.048989 0.026992
92 0.566742 0.387371 0.035955 0.027314
2631 0.408764 0.253695 0.052584 0.027314
68 0.406292 0.740842 0.059326 0.027314
88 0.935506 0.702442 0.028315 0.027635
1083 0.171685 0.811375 0.034157 0.027635
126 0.940449 0.191195 0.037303 0.027635
251 0.411011 0.218509 0.046292 0.027635
88 0.941124 0.550289 0.025169 0.027956
88 0.939775 0.906973 0.027865 0.027956
88 0.323371 0.206780 0.031910 0.027956
264 0.171685 0.875000 0.044045 0.028278
886 0.565843 0.883033 0.054831 0.028278
85 0.729438 0.390906 0.014382 0.028599
119 0.646292 0.691356 0.025169 0.028599
91 0.330562 0.785186 0.041798 0.028599
56 0.328539 0.433483 0.016180 0.028920
278 0.712584 0.911954 0.020225 0.028920
88 0.795056 0.455013 0.036854 0.028920
978 0.798652 0.510283 0.047640 0.028920
259 0.864494 0.246787 0.048090 0.028920
53 0.168090 0.648940 0.018876 0.029242
88 0.645618 0.495019 0.031011 0.029242
88 0.865843 0.526189 0.031910 0.029242
83 0.238652 0.604756 0.037753 0.029563
85 0.868764 0.909865 0.016180 0.029884
2885 0.567416 0.325353 0.039101 0.029884
323 0.645843 0.150225 0.059326 0.029884
92 0.490787 0.741967 0.021573 0.030206
95 0.250787 0.675771 0.047640 0.030206
126 0.413034 0.553663 0.057528 0.030206
72 0.860899 0.861022 0.041798 0.030527
91 0.488989 0.542256 0.045843 0.030527
978 0.567640 0.852024 0.045843 0.030527
83 0.852360 0.784865 0.048090 0.030527
3086 0.413034 0.671433 0.052135 0.030527
91 0.488315 0.711600 0.052584 0.030527
495 0.166067 0.602667 0.071461 0.030527
119 0.727865 0.282455 0.022022 0.030848
2677 0.415730 0.591581 0.035056 0.030848
111 0.940449 0.422558 0.038202 0.030848
2904 0.718876 0.774422 0.041798 0.030848
91 0.248090 0.163239 0.051236 0.030848
1604 0.725393 0.363753 0.053034 0.030848
111 0.173034 0.842384 0.024270 0.031170
1083 0.865843 0.686215 0.036404 0.031170
1834 0.177753 0.215778 0.055281 0.031170
83 0.717528 0.741324 0.020225 0.031491
76 0.172360 0.677699 0.027416 0.031491
83 0.165843 0.740039 0.044045 0.031491
126 0.724494 0.483290 0.044944 0.031491
91 0.173708 0.420308 0.054382 0.031491
98 0.490112 0.297879 0.060674 0.031491
92 0.324719 0.397012 0.022022 0.031812
119 0.258427 0.265585 0.022472 0.031812
111 0.940225 0.224775 0.034157 0.031812
2231 0.721124 0.254659 0.041798 0.031812
91 0.246517 0.766710 0.049888 0.032134
75 0.570337 0.724293 0.050337 0.032134
323 0.868315 0.313625 0.054831 0.032134
76 0.865618 0.599454 0.023371 0.032455
88 0.257528 0.424004 0.031461 0.032455
1083 0.330112 0.818927 0.037303 0.032455
1559 0.642247 0.800932 0.043146 0.032455
1418 0.642022 0.326960 0.045393 0.032455
95 0.169888 0.713850 0.047640 0.032455
81 0.244944 0.581298 0.039551 0.032776
2489 0.566067 0.498072 0.045393 0.032776
1559 0.333034 0.708869 0.051236 0.032776
83 0.792584 0.716742 0.031910 0.033098
111 0.642921 0.186215 0.038202 0.033098
1579 0.790112 0.418862 0.047640 0.033098
278 0.870112 0.281491 0.025169 0.033419
2083 0.713708 0.150386 0.037753 0.033419
63 0.801798 0.679627 0.041348 0.033419
4486 0.492584 0.424807 0.042247 0.033419
81 0.405393 0.410668 0.044944 0.033419
3687 0.255506 0.296594 0.046292 0.033419
69 0.733258 0.315392 0.023820 0.033740
381 0.937528 0.152796 0.040449 0.033740
903 0.785618 0.875803 0.047640 0.033740
346 0.493258 0.467063 0.052584 0.033740
3901 0.791461 0.910347 0.044045 0.034062
366 0.330337 0.501607 0.056629 0.034062
85 0.565843 0.253053 0.015281 0.034383
88 0.413034 0.707102 0.034157 0.034383
85 0.941348 0.733933 0.013034 0.034704
3735 0.720000 0.512532 0.043146 0.034704
71 0.947416 0.310090 0.044045 0.034704
4253 0.565843 0.290006 0.040449 0.035026
3051 0.639775 0.729595 0.041798 0.035026
111 0.322921 0.241163 0.044494 0.035026
4486 0.166966 0.777796 0.051685 0.035026
60 0.568315 0.690231 0.018427 0.035347
454 0.786742 0.852185 0.040899 0.035347
126 0.331461 0.367931 0.042697 0.035347
3735 0.494157 0.504820 0.047191 0.035347
68 0.180899 0.384479 0.006742 0.035668
111 0.329888 0.580977 0.024270 0.035990
91 0.406742 0.905527 0.053034 0.035990
83 0.935955 0.582102 0.033708 0.036311
3025 0.252360 0.462886 0.039101 0.036311
120 0.793708 0.319248 0.039551 0.036311
71 0.649438 0.406973 0.051236 0.036311
2904 0.795056 0.151028 0.045843 0.036632
53 0.250112 0.547076 0.021124 0.036954
681 0.641348 0.887371 0.034157 0.036954
120 0.566966 0.198747 0.036404 0.036954
395 0.939551 0.387693 0.040000 0.036954
978 0.254831 0.201317 0.043146 0.036954
3967 0.564270 0.461922 0.045393 0.036954
2077 0.641348 0.766228 0.048539 0.036954
59 0.572809 0.420308 0.038202 0.037275
1876 0.331910 0.905848 0.038202 0.037275
4486 0.406067 0.864235 0.048090 0.037596
1560 0.867640 0.492770 0.048989 0.037596
3101 0.412584 0.633194 0.051236 0.037596
107 0.250112 0.701157 0.021124 0.037918
120 0.568539 0.609576 0.038652 0.037918
4408 0.862247 0.565231 0.044494 0.037918
126 0.568539 0.533740 0.044944 0.037918
2904 0.871011 0.349454 0.039551 0.038239
3735 0.863596 0.822461 0.040000 0.038239
1039 0.331236 0.748072 0.052135 0.038560
3307 0.486517 0.209512 0.055281 0.038560
83 0.720000 0.546754 0.020674 0.038882
60 0.870112 0.179788 0.022472 0.038882
87 0.252360 0.640906 0.031910 0.038882
3029 0.250112 0.808644 0.047191 0.038882
313 0.644944 0.628535 0.044944 0.039203
2334 0.939775 0.775064 0.048539 0.039203
611 0.723820 0.420308 0.049888 0.039203
121 0.492135 0.904724 0.026966 0.039524
126 0.796404 0.601703 0.031461 0.039524
127 0.495506 0.777474 0.045393 0.039524
1645 0.719551 0.605880 0.045843 0.039524
98 0.785618 0.187500 0.053933 0.039524
83 0.791011 0.227185 0.020674 0.039846
51 0.790112 0.644280 0.044045 0.039846
864 0.411461 0.514460 0.045393 0.039846
2352 0.490562 0.583869 0.048090 0.039846
126 0.254382 0.851542 0.048539 0.039846
108 0.558202 0.570694 0.058427 0.040488
322 0.645618 0.227506 0.064270 0.040488
4164 0.941124 0.465296 0.037753 0.041131
1693 0.408764 0.292738 0.055281 0.041131
322 0.796629 0.753856 0.058876 0.041131
973 0.938876 0.813143 0.029663 0.041452
83 0.413258 0.335476 0.026517 0.041774
3019 0.328315 0.330334 0.035506 0.041774
58 0.941798 0.883676 0.042697 0.041774
918 0.641348 0.288239 0.055730 0.041774
2279 0.497303 0.676414 0.056180 0.041774
282 0.494607 0.334672 0.038202 0.042095
4440 0.945618 0.346722 0.040449 0.042416
975 0.796180 0.797237 0.047191 0.042416
4166 0.861124 0.644923 0.062022 0.042416
68 0.722472 0.671112 0.006742 0.042738
62 0.407865 0.820212 0.028315 0.042738
51 0.562697 0.158901 0.044045 0.042738
1551 0.487865 0.381266 0.062472 0.042738
4727 0.488764 0.162918 0.048090 0.043059
68 0.717528 0.813143 0.007640 0.043380
365 0.943146 0.511729 0.042697 0.043380
2214 0.329213 0.168541 0.051685 0.043380
68 0.868764 0.750000 0.007191 0.043702
121 0.641348 0.563946 0.044045 0.044344
1129 0.168315 0.562821 0.038202 0.044666
4070 0.939326 0.266388 0.047640 0.044987
2263 0.492135 0.629177 0.051236 0.044987
121 0.329888 0.535347 0.027865 0.045630
2909 0.256404 0.383355 0.038202 0.045630
781 0.324944 0.286472 0.047640 0.045951
1118 0.178202 0.314749 0.039101 0.047237
68 0.936629 0.659062 0.008090 0.047558
3404 0.256404 0.338046 0.041798 0.047558
1193 0.788764 0.276832 0.046742 0.048522
1831 0.414831 0.169184 0.043146 0.049165
3698 0.243596 0.503535 0.053933 0.049486
68 0.864719 0.390906 0.010787 0.049807
268 0.172360 0.513817 0.037303 0.050771
3675 0.643820 0.450514 0.040899 0.050771
330 0.253034 0.901028 0.047640 0.052057
3458 0.409888 0.462243 0.049438 0.052378
505 0.177978 0.169505 0.038652 0.054949
957 0.789213 0.556716 0.043146 0.060090
707 0.795056 0.366485 0.035056 0.065231
68 0.565618 0.799165 0.012135 0.066838
