92 0.619322 0.918182 0.024407 0.012273
102 0.691017 0.211818 0.051864 0.012273
92 0.328136 0.477386 0.027119 0.012500
56 0.683559 0.506705 0.010508 0.013864
60 0.471186 0.224432 0.031186 0.015682
56 0.751695 0.400568 0.012542 0.016136
56 0.196780 0.360455 0.011186 0.016364
52 0.399322 0.243523 0.037288 0.016591
56 0.124407 0.270795 0.011525 0.017045
56 0.262542 0.405000 0.013220 0.017273
56 0.821695 0.431477 0.016271 0.017500
56 0.055424 0.407614 0.015932 0.017955
56 0.817797 0.755909 0.013898 0.018636
64 0.819322 0.676705 0.018983 0.019318
66 0.473390 0.546591 0.015254 0.019545
60 0.050169 0.543409 0.030508 0.019545
60 0.468983 0.402500 0.024068 0.020000
101 0.404068 0.517159 0.050169 0.020682
66 0.683898 0.271932 0.020000 0.021136
577 0.074915 0.787159 0.026441 0.021136
60 0.257627 0.689432 0.032542 0.021136
120 0.478814 0.209432 0.016610 0.021591
81 0.816780 0.274432 0.033559 0.021591
118 0.479492 0.303409 0.010508 0.021818
60 0.611356 0.816591 0.029492 0.021818
76 0.682034 0.234318 0.033898 0.022273
118 0.125763 0.289091 0.008136 0.022727
66 0.329661 0.544773 0.022034 0.022727
57 0.063898 0.297614 0.026780 0.022955
60 0.399153 0.547500 0.032881 0.023182
87 0.332712 0.262955 0.035593 0.023182
81 0.680508 0.191364 0.041017 0.023182
56 0.609661 0.400795 0.041017 0.023409
113 0.057627 0.606250 0.055593 0.023864
117 0.066271 0.682727 0.010508 0.024091
108 0.470847 0.189091 0.049492 0.024091
64 0.540508 0.541932 0.013898 0.024318
119 0.541017 0.354205 0.015593 0.024318
95 0.477627 0.249205 0.043390 0.024318
87 0.068475 0.707273 0.020339 0.024545
64 0.197797 0.264091 0.026780 0.024545
113 0.473220 0.462273 0.058305 0.024545
87 0.611695 0.681250 0.034915 0.024773
98 0.534407 0.609886 0.051864 0.024773
68 0.828644 0.587386 0.007119 0.025227
101 0.473559 0.800114 0.055593 0.025227
1214 0.538814 0.428864 0.043729 0.025455
720 0.070678 0.763523 0.026102 0.025682
68 0.263559 0.713182 0.009831 0.025909
123 0.324746 0.405795 0.037966 0.026136
118 0.260678 0.425455 0.012203 0.026364
66 0.120339 0.412955 0.036610 0.026364
88 0.820847 0.409205 0.036949 0.026591
68 0.619661 0.577045 0.008136 0.026818
66 0.404915 0.433409 0.016610 0.026818
56 0.475085 0.277955 0.038983 0.026818
2489 0.263559 0.601136 0.052542 0.026818
88 0.821186 0.877727 0.013898 0.027273
58 0.069492 0.733409 0.026441 0.027273
104 0.052373 0.189886 0.036949 0.027500
88 0.749153 0.273523 0.037288 0.027500
2489 0.752203 0.308750 0.050847 0.027500
118 0.053729 0.430682 0.015932 0.027727
113 0.610000 0.456136 0.051864 0.027727
113 0.818475 0.329432 0.055932 0.027955
105 0.825085 0.301136 0.047458 0.028182
82 0.751186 0.462386 0.054237 0.028409
58 0.819153 0.362045 0.024746 0.028636
93 0.821525 0.731932 0.024068 0.028864
68 0.828136 0.854432 0.010847 0.029318
87 0.262373 0.828295 0.033898 0.029318
88 0.397797 0.692614 0.036949 0.029318
58 0.057288 0.494091 0.026441 0.029545
118 0.407458 0.270568 0.010169 0.029773
91 0.815593 0.824545 0.037966 0.030000
123 0.403220 0.404659 0.013898 0.030227
93 0.196271 0.336932 0.021695 0.030227
58 0.473559 0.365341 0.028475 0.030227
330 0.542542 0.671818 0.038305 0.030455
51 0.406610 0.491250 0.041017 0.030682
113 0.124407 0.321023 0.059661 0.030682
68 0.614407 0.843295 0.020000 0.031136
93 0.685254 0.478295 0.025424 0.031136
66 0.607966 0.547841 0.037627 0.031136
3634 0.819153 0.229205 0.043051 0.031136
1559 0.820847 0.907159 0.046441 0.031136
113 0.259661 0.454432 0.056271 0.031136
76 0.051186 0.226477 0.023729 0.031591
113 0.261525 0.742159 0.054576 0.031591
88 0.539153 0.388068 0.046441 0.032045
118 0.612373 0.425909 0.017966 0.032273
70 0.331356 0.330000 0.028136 0.032273
70 0.606271 0.761364 0.032881 0.032273
126 0.548644 0.577500 0.038305 0.032273
113 0.473051 0.331705 0.049153 0.032500
113 0.055763 0.461023 0.061356 0.032500
3883 0.262881 0.222727 0.027458 0.032727
108 0.820169 0.619886 0.031525 0.032955
123 0.472034 0.689773 0.013220 0.033182
58 0.820508 0.495455 0.024746 0.033182
64 0.681525 0.410114 0.011186 0.033409
83 0.047288 0.259205 0.032881 0.033409
3936 0.261864 0.188977 0.039661 0.033409
108 0.328983 0.617386 0.040339 0.033409
91 0.536780 0.505795 0.045763 0.033409
58 0.259661 0.490909 0.024407 0.033636
58 0.055254 0.637045 0.024407 0.033636
2489 0.404915 0.733295 0.048475 0.033864
113 0.819831 0.457500 0.057288 0.034091
58 0.261695 0.773864 0.029153 0.034545
107 0.335254 0.296250 0.012881 0.034773
66 0.817627 0.557045 0.036610 0.035000
119 0.542712 0.640455 0.022373 0.035455
1967 0.816780 0.198068 0.037627 0.035682
108 0.613898 0.608750 0.041356 0.036136
83 0.538305 0.715000 0.021695 0.036364
68 0.403390 0.578977 0.013559 0.036591
117 0.543898 0.759432 0.015254 0.036591
76 0.328136 0.441932 0.030508 0.036591
3883 0.131017 0.229205 0.035593 0.036591
51 0.470508 0.768750 0.039322 0.036591
122 0.193729 0.294886 0.041695 0.036591
122 0.678644 0.445227 0.050847 0.036818
68 0.476780 0.431250 0.009153 0.037045
117 0.618475 0.201250 0.014576 0.037045
4646 0.126271 0.191705 0.026102 0.037045
2426 0.618983 0.875795 0.049492 0.037045
96 0.407966 0.462386 0.051186 0.037045
88 0.261525 0.554886 0.024068 0.037500
2426 0.405085 0.618295 0.048136 0.037500
68 0.682712 0.301591 0.006780 0.037727
107 0.264407 0.861818 0.019661 0.037727
95 0.061017 0.328182 0.047458 0.037727
70 0.747458 0.431023 0.031186 0.038409
68 0.682542 0.533182 0.008475 0.038636
70 0.258305 0.900455 0.035254 0.039091
58 0.471356 0.494545 0.028136 0.039545
68 0.132373 0.446364 0.009831 0.040000
68 0.823390 0.785682 0.021695 0.040455
108 0.678136 0.343182 0.057966 0.040455
68 0.057458 0.573750 0.016610 0.040682
108 0.118305 0.482727 0.051525 0.040909
122 0.817966 0.707159 0.046780 0.041136
76 0.468136 0.727273 0.035932 0.041364
87 0.611186 0.241932 0.031864 0.041591
108 0.468814 0.621364 0.048814 0.041818
107 0.540508 0.320682 0.019322 0.042273
68 0.472881 0.577955 0.009492 0.042727
62 0.750678 0.498864 0.016610 0.043182
58 0.124237 0.354545 0.028136 0.043182
58 0.612373 0.489432 0.030847 0.043409
76 0.398983 0.199773 0.037288 0.043636
68 0.330169 0.578409 0.007458 0.044091
107 0.612034 0.721932 0.022712 0.046136
76 0.542203 0.277045 0.037627 0.048182
59 0.411864 0.314318 0.044068 0.050000
2038 0.539492 0.465795 0.052542 0.051136
58 0.617797 0.299886 0.026102 0.058409
68 0.543220 0.810795 0.007797 0.065682
2197 0.263390 0.297386 0.033220 0.069318
68 0.194746 0.405341 0.009831 0.072955
2197 0.403220 0.855341 0.038305 0.072955
