92 0.780137 0.707929 0.032699 0.014563
92 0.270864 0.346117 0.037091 0.014563
92 0.709126 0.713269 0.036115 0.014887
92 0.915813 0.410518 0.039531 0.015210
92 0.564422 0.524272 0.039531 0.015534
101 0.850903 0.567799 0.055149 0.016505
52 0.492191 0.678803 0.038555 0.017152
101 0.424841 0.548058 0.057101 0.017152
92 0.492679 0.442395 0.039531 0.017476
92 0.346510 0.156796 0.037091 0.017799
128 0.427770 0.637702 0.011225 0.019094
128 0.278917 0.152913 0.012201 0.019094
88 0.917765 0.129612 0.043436 0.019094
128 0.140556 0.759223 0.012689 0.019417
56 0.915569 0.287540 0.014641 0.019741
57 0.642509 0.751294 0.033675 0.019741
91 0.852855 0.698220 0.033675 0.020388
110 0.498780 0.812298 0.034163 0.020712
110 0.918497 0.780421 0.030259 0.021036
126 0.631528 0.264239 0.044900 0.021036
120 0.426061 0.881553 0.018546 0.021359
52 0.209858 0.829126 0.042948 0.021359
55 0.853343 0.728317 0.041484 0.021683
127 0.209858 0.185275 0.061493 0.021683
110 0.637628 0.587379 0.030747 0.022006
91 0.279405 0.601294 0.037579 0.022006
88 0.781113 0.876699 0.044412 0.022006
113 0.203270 0.425405 0.044412 0.022330
56 0.569790 0.872330 0.044412 0.022330
87 0.418497 0.442395 0.031723 0.022654
3053 0.857980 0.828479 0.033187 0.022654
91 0.642020 0.872168 0.038555 0.022654
87 0.777452 0.518608 0.036115 0.022977
126 0.418985 0.331553 0.043436 0.022977
1435 0.137140 0.670065 0.048804 0.022977
82 0.273792 0.250971 0.050756 0.022977
68 0.796974 0.897735 0.004880 0.023301
117 0.918253 0.666667 0.018058 0.023301
88 0.284773 0.847896 0.020010 0.023301
120 0.497072 0.834304 0.020986 0.023301
881 0.710591 0.732362 0.034163 0.023301
1435 0.563446 0.439482 0.038555 0.023301
56 0.351879 0.418770 0.041972 0.023301
117 0.195949 0.241909 0.020986 0.023625
83 0.279161 0.783010 0.034163 0.023625
66 0.776964 0.192880 0.026354 0.023948
87 0.139336 0.783819 0.037579 0.023948
81 0.201806 0.127508 0.038555 0.023948
55 0.915813 0.225566 0.040508 0.023948
91 0.565886 0.688350 0.040508 0.023948
91 0.136164 0.544984 0.041972 0.023948
126 0.699610 0.206472 0.043436 0.023948
98 0.634212 0.649515 0.047340 0.023948
118 0.571010 0.889159 0.013665 0.024272
85 0.491459 0.161974 0.017570 0.024272
88 0.348219 0.127670 0.043436 0.024272
2542 0.492435 0.280421 0.043924 0.024272
89 0.778917 0.581392 0.045876 0.024272
126 0.707418 0.761327 0.050268 0.024272
127 0.212787 0.510841 0.056613 0.024272
2151 0.352855 0.726214 0.041972 0.024595
1406 0.779893 0.346926 0.042948 0.024595
88 0.567106 0.495307 0.021474 0.024919
68 0.641776 0.332686 0.004880 0.025243
117 0.500732 0.785113 0.019522 0.025243
91 0.208150 0.669903 0.039531 0.025243
88 0.275012 0.182362 0.020010 0.025566
83 0.782333 0.910518 0.033187 0.025566
110 0.632260 0.357443 0.033675 0.025566
126 0.916057 0.724110 0.041972 0.025566
96 0.288921 0.912460 0.046852 0.025566
120 0.275988 0.410356 0.019034 0.025890
117 0.488775 0.191424 0.019034 0.026214
88 0.355783 0.792718 0.024402 0.026214
123 0.844314 0.446764 0.037091 0.026214
126 0.704490 0.613430 0.041484 0.026214
2151 0.132260 0.190129 0.041972 0.026214
120 0.563690 0.293204 0.018546 0.026537
88 0.496340 0.549191 0.020498 0.026537
88 0.708394 0.685761 0.022938 0.026537
72 0.849927 0.504531 0.031723 0.026537
87 0.703270 0.380259 0.032211 0.026537
3553 0.914348 0.196440 0.044412 0.026537
51 0.210347 0.745307 0.044900 0.026537
683 0.136896 0.844660 0.049292 0.026537
87 0.777940 0.130906 0.035139 0.026861
81 0.561493 0.266505 0.042460 0.026861
68 0.574183 0.858252 0.006345 0.027184
120 0.423133 0.467314 0.014641 0.027184
117 0.710347 0.842071 0.018058 0.027184
120 0.563202 0.384790 0.018546 0.027184
119 0.212299 0.772168 0.026354 0.027184
2151 0.912396 0.433981 0.039531 0.027184
1435 0.423377 0.525890 0.039531 0.027184
120 0.139336 0.735761 0.018058 0.027508
1006 0.857247 0.879126 0.034651 0.027508
64 0.274036 0.129612 0.036603 0.027508
978 0.782577 0.646440 0.037579 0.027508
87 0.564422 0.355825 0.041484 0.027508
68 0.920693 0.753560 0.043436 0.027508
98 0.199366 0.372330 0.052221 0.027508
98 0.206686 0.853560 0.053197 0.027508
108 0.847243 0.201294 0.015617 0.027832
2151 0.489263 0.249191 0.041484 0.027832
2151 0.562958 0.546926 0.041484 0.027832
55 0.927038 0.848220 0.043436 0.027832
88 0.351635 0.580097 0.020010 0.028155
83 0.488775 0.344822 0.030747 0.028155
90 0.569790 0.911812 0.042460 0.028155
95 0.779405 0.413430 0.042948 0.028155
978 0.631528 0.208414 0.040020 0.028479
597 0.559053 0.325890 0.049292 0.028479
117 0.414592 0.273301 0.020010 0.028803
119 0.136652 0.388835 0.020498 0.028803
2220 0.352611 0.662945 0.039531 0.028803
88 0.281113 0.706472 0.021474 0.029126
111 0.349927 0.386731 0.022450 0.029126
51 0.493899 0.579612 0.037091 0.029126
1214 0.354075 0.755987 0.038555 0.029126
51 0.202294 0.452104 0.039531 0.029126
87 0.139336 0.416181 0.040508 0.029126
98 0.854319 0.854369 0.046364 0.029126
111 0.136164 0.640939 0.027330 0.029450
58 0.919229 0.639644 0.044412 0.029450
118 0.343094 0.210680 0.019522 0.029773
119 0.140312 0.810680 0.024890 0.029773
95 0.706930 0.472816 0.042460 0.029773
64 0.850171 0.388673 0.042948 0.029773
632 0.636652 0.386084 0.053197 0.029773
85 0.848951 0.418608 0.015129 0.030097
118 0.708150 0.502751 0.015617 0.030097
60 0.857491 0.907929 0.016593 0.030097
85 0.847487 0.354369 0.013177 0.030421
60 0.136896 0.910841 0.015129 0.030744
111 0.137140 0.517638 0.023426 0.030744
60 0.132016 0.359061 0.035627 0.030744
119 0.353587 0.514239 0.021962 0.031068
58 0.920937 0.875728 0.025378 0.031068
58 0.701318 0.409061 0.027330 0.031068
93 0.426794 0.576375 0.027818 0.031068
82 0.497072 0.697087 0.053197 0.031068
88 0.201562 0.398544 0.013665 0.031392
60 0.630307 0.175243 0.014153 0.031392
117 0.135920 0.130259 0.018058 0.031392
107 0.915081 0.576537 0.025378 0.031392
72 0.200098 0.306311 0.029283 0.031392
51 0.425085 0.848058 0.037091 0.031392
62 0.916301 0.340291 0.039531 0.031392
327 0.633968 0.529288 0.049780 0.031392
111 0.489263 0.133981 0.023914 0.031715
83 0.560517 0.200647 0.041484 0.031715
107 0.570034 0.790291 0.048804 0.031715
118 0.204978 0.482686 0.012689 0.032039
253 0.850415 0.666505 0.025866 0.032039
86 0.785749 0.247411 0.033187 0.032039
64 0.424841 0.612460 0.036603 0.032039
83 0.923865 0.907282 0.037091 0.032039
84 0.346755 0.238350 0.037579 0.032039
2220 0.490971 0.314725 0.039043 0.032039
98 0.489995 0.374919 0.051733 0.032039
91 0.349927 0.312783 0.058565 0.032039
120 0.355783 0.869903 0.014641 0.032362
56 0.136164 0.573139 0.021474 0.032362
3754 0.774036 0.486731 0.037091 0.032362
2499 0.208638 0.879288 0.053197 0.032362
91 0.570766 0.615210 0.061981 0.032362
56 0.352123 0.482362 0.017082 0.032686
119 0.776720 0.160680 0.021962 0.032686
1584 0.283309 0.814401 0.031723 0.032686
58 0.417765 0.242557 0.032211 0.032686
870 0.491215 0.465534 0.042460 0.032686
62 0.850415 0.289482 0.043436 0.032686
126 0.205222 0.542880 0.046364 0.032686
3575 0.634212 0.234466 0.055149 0.032686
111 0.500000 0.907443 0.026842 0.033010
3053 0.203270 0.342071 0.035627 0.033010
51 0.344802 0.179288 0.037579 0.033010
3754 0.207906 0.908091 0.041972 0.033010
85 0.565398 0.412621 0.042460 0.033010
3778 0.566618 0.722330 0.043924 0.033010
338 0.641776 0.906796 0.043924 0.033010
91 0.204490 0.607767 0.053685 0.033010
91 0.426794 0.666019 0.057101 0.033010
85 0.134212 0.609547 0.011713 0.033333
92 0.131040 0.292395 0.020010 0.033333
120 0.848219 0.322492 0.020498 0.033333
119 0.493899 0.610841 0.020498 0.033333
119 0.138360 0.162621 0.024890 0.033333
2542 0.425817 0.698544 0.038555 0.033333
72 0.137628 0.445146 0.041972 0.033333
379 0.846755 0.230583 0.048804 0.033333
68 0.634456 0.558252 0.007809 0.033657
120 0.272572 0.279288 0.020010 0.033657
91 0.419229 0.213592 0.041972 0.033657
58 0.420693 0.304531 0.041972 0.033657
76 0.563202 0.173786 0.044900 0.033657
3778 0.130796 0.259871 0.045876 0.033657
118 0.781357 0.547087 0.010737 0.033981
85 0.209858 0.804693 0.013665 0.033981
118 0.846022 0.476861 0.014153 0.033981
117 0.846755 0.170388 0.021474 0.033981
126 0.500488 0.761974 0.046364 0.033981
98 0.562225 0.468123 0.046852 0.033981
58 0.710835 0.533495 0.049292 0.033981
68 0.701562 0.269256 0.009273 0.034304
93 0.357247 0.448867 0.035139 0.034304
107 0.562958 0.235922 0.047340 0.034304
2286 0.138604 0.873786 0.051733 0.034304
2255 0.429966 0.908091 0.052709 0.034304
253 0.635188 0.782686 0.033675 0.034628
2795 0.781601 0.738026 0.046364 0.034628
4064 0.788433 0.778479 0.061005 0.034628
118 0.201562 0.156958 0.012689 0.034951
111 0.277696 0.484790 0.027330 0.034951
1279 0.782333 0.681877 0.044900 0.034951
121 0.777696 0.222330 0.053197 0.034951
111 0.426794 0.767476 0.024890 0.035275
119 0.488531 0.222168 0.026354 0.035275
54 0.861396 0.799838 0.039043 0.035275
979 0.638848 0.724434 0.041972 0.035275
92 0.779405 0.611327 0.020498 0.035599
505 0.414837 0.133981 0.027330 0.035599
91 0.354563 0.697735 0.041484 0.035599
126 0.635188 0.457605 0.044412 0.035599
121 0.913860 0.373948 0.036603 0.035922
126 0.917277 0.510194 0.039531 0.035922
59 0.571742 0.134466 0.040508 0.035922
81 0.132260 0.330259 0.042948 0.035922
4317 0.702294 0.132524 0.044900 0.035922
2633 0.775500 0.381392 0.044900 0.035922
2255 0.415325 0.176861 0.046852 0.035922
119 0.916545 0.315534 0.022450 0.036246
111 0.712055 0.908091 0.025378 0.036246
104 0.916301 0.257929 0.047340 0.036246
3948 0.855539 0.633495 0.033187 0.036570
4452 0.913860 0.546440 0.045388 0.036570
2894 0.131284 0.223463 0.045876 0.036570
2894 0.564666 0.654531 0.048804 0.036570
721 0.346022 0.547573 0.040996 0.036893
107 0.201806 0.272168 0.045388 0.036893
3053 0.631772 0.619094 0.047340 0.036893
91 0.640312 0.810680 0.059541 0.036893
85 0.199854 0.206311 0.017082 0.037217
126 0.356759 0.904693 0.037091 0.037217
1396 0.847243 0.133495 0.051733 0.037217
316 0.643973 0.842880 0.056125 0.037217
119 0.710102 0.874434 0.024402 0.037540
119 0.846510 0.265696 0.025866 0.037540
93 0.850659 0.591586 0.026354 0.037540
75 0.574183 0.753074 0.036603 0.037540
2143 0.494143 0.870874 0.047340 0.037540
91 0.784041 0.317152 0.063934 0.037540
2179 0.424841 0.808576 0.049292 0.037864
2179 0.913860 0.162298 0.050268 0.037864
2143 0.568326 0.580906 0.040508 0.038188
883 0.784529 0.851780 0.043436 0.038188
68 0.919717 0.697896 0.007321 0.038511
68 0.418253 0.409547 0.007809 0.038511
69 0.924353 0.611489 0.023426 0.038511
126 0.426550 0.500162 0.042948 0.038511
1420 0.276964 0.378155 0.043436 0.038511
4084 0.702782 0.346117 0.043924 0.038511
3780 0.268424 0.218770 0.041972 0.038835
2255 0.279893 0.527184 0.043436 0.038835
1688 0.283553 0.877023 0.053685 0.038835
316 0.275500 0.314078 0.055149 0.039159
68 0.138848 0.481553 0.016105 0.039482
83 0.492679 0.647249 0.020010 0.039482
92 0.137140 0.702265 0.024402 0.039482
3792 0.418009 0.366019 0.051245 0.039482
2293 0.278429 0.636731 0.039531 0.039806
58 0.278429 0.671845 0.029771 0.040129
121 0.281845 0.566667 0.033675 0.040129
1502 0.349927 0.344984 0.046852 0.040129
1250 0.488775 0.407605 0.039531 0.040453
1384 0.700830 0.239320 0.050756 0.040453
4646 0.632992 0.419417 0.029283 0.040777
83 0.701074 0.306958 0.017082 0.041100
121 0.497316 0.724434 0.031235 0.041100
1823 0.634456 0.136084 0.036115 0.041100
1396 0.205710 0.574272 0.043436 0.041100
3283 0.784285 0.814239 0.030259 0.041424
2143 0.351635 0.277994 0.045388 0.041424
126 0.705222 0.443042 0.046852 0.041424
105 0.859200 0.760841 0.053197 0.041424
469 0.775256 0.450647 0.052221 0.041748
316 0.211567 0.639320 0.058077 0.041748
51 0.356759 0.832686 0.034163 0.042071
2255 0.915325 0.471197 0.045388 0.042071
322 0.779405 0.287702 0.049780 0.042071
2795 0.702538 0.173786 0.045388 0.042718
3053 0.846999 0.544498 0.044412 0.043042
2179 0.210591 0.706796 0.058077 0.043366
2804 0.633480 0.298058 0.046852 0.044013
4242 0.704734 0.645955 0.052709 0.044013
990 0.633724 0.491424 0.037579 0.044337
3886 0.348219 0.620874 0.040508 0.044337
1250 0.421425 0.733819 0.044412 0.044337
296 0.638604 0.683657 0.028795 0.047573
1505 0.282821 0.748220 0.045388 0.049191
68 0.925573 0.812136 0.013177 0.049515
1248 0.707662 0.573139 0.057589 0.051133
2865 0.710835 0.805663 0.049292 0.054693
47 0.500976 0.506472 0.040508 0.064078
47 0.281113 0.439968 0.035139 0.068932
