246 0.634428 0.527834 0.124679 0.015857
56 0.797075 0.753036 0.034377 0.019568
92 0.478707 0.593117 0.062596 0.021592
56 0.350693 0.675607 0.043612 0.026653
129 0.801693 0.286943 0.015906 0.029352
56 0.466906 0.227901 0.032837 0.031377
56 0.498717 0.874325 0.034890 0.032726
120 0.802976 0.508772 0.030785 0.036437
76 0.179323 0.390013 0.109287 0.036437
56 0.635454 0.340924 0.044638 0.038124
108 0.183940 0.252868 0.046691 0.038124
88 0.332735 0.390688 0.026167 0.038462
259 0.175475 0.714744 0.180605 0.038799
56 0.795023 0.250675 0.039507 0.040486
92 0.651360 0.820850 0.041560 0.041161
111 0.727809 0.896424 0.046691 0.041835
121 0.803232 0.860830 0.068240 0.042848
68 0.474859 0.167510 0.080554 0.042848
83 0.168805 0.640013 0.077989 0.045209
2677 0.640585 0.681005 0.083633 0.046221
55 0.476655 0.655533 0.131349 0.047233
91 0.488712 0.738192 0.082606 0.051282
2233 0.780913 0.578610 0.114931 0.051282
119 0.481529 0.337551 0.028220 0.051619
119 0.204720 0.484649 0.028733 0.052294
126 0.180862 0.318489 0.087737 0.052632
121 0.489225 0.793522 0.102104 0.055331
126 0.209338 0.902497 0.108774 0.056005
87 0.466650 0.280196 0.076449 0.056343
85 0.192150 0.434211 0.042586 0.056680
119 0.500257 0.526316 0.026680 0.057355
98 0.316829 0.268050 0.118522 0.057692
51 0.331195 0.610155 0.126732 0.058367
66 0.798615 0.443320 0.074397 0.058704
1584 0.473320 0.409582 0.102104 0.059379
118 0.655208 0.379386 0.077989 0.059717
70 0.653412 0.448718 0.093894 0.060054
95 0.797332 0.351721 0.089277 0.061741
119 0.356593 0.318489 0.028733 0.062753
1770 0.158799 0.567139 0.145203 0.064103
91 0.361467 0.884447 0.077476 0.064440
98 0.476142 0.485661 0.121088 0.065789
348 0.636224 0.597672 0.133402 0.065789
1584 0.324012 0.181849 0.082606 0.068151
113 0.641611 0.273279 0.099025 0.070850
53 0.791175 0.173920 0.049256 0.074561
81 0.802976 0.796390 0.116983 0.075236
2526 0.631606 0.882254 0.127245 0.076248
3041 0.166752 0.188934 0.113905 0.077598
4317 0.642124 0.752699 0.120575 0.077598
51 0.622884 0.177126 0.118009 0.080297
83 0.335557 0.533570 0.029759 0.080634
68 0.339918 0.441802 0.014879 0.081984
934 0.209595 0.800776 0.099025 0.093455
47 0.855054 0.865553 0.061057 0.108974
3158 0.359415 0.770749 0.116470 0.114372
1279 0.791175 0.678981 0.082093 0.118421
