246 0.645581 0.363077 0.036279 0.004103
246 0.286047 0.264231 0.044651 0.004872
101 0.647674 0.300769 0.046047 0.012308
297 0.551395 0.399231 0.040465 0.012821
162 0.566047 0.416667 0.019535 0.013333
52 0.290465 0.592308 0.036744 0.013846
56 0.289070 0.328590 0.016279 0.015128
162 0.566047 0.483462 0.019535 0.015128
56 0.289535 0.430897 0.020000 0.015641
56 0.733023 0.558462 0.019535 0.015897
56 0.646279 0.658846 0.017209 0.016154
85 0.641395 0.561026 0.032558 0.016923
56 0.644186 0.494359 0.015814 0.017436
83 0.553256 0.568974 0.028372 0.017436
101 0.734186 0.851795 0.043256 0.017436
93 0.479070 0.263205 0.041860 0.017692
88 0.646977 0.820769 0.023256 0.017949
64 0.197674 0.426282 0.017674 0.018205
64 0.820465 0.558590 0.017674 0.018205
83 0.731628 0.625513 0.033488 0.018205
251 0.554419 0.465000 0.038140 0.018205
56 0.732558 0.823077 0.021395 0.018462
88 0.733953 0.725769 0.021395 0.018718
56 0.286744 0.530769 0.021860 0.018974
85 0.289302 0.826410 0.026977 0.018974
85 0.376977 0.499231 0.029302 0.018974
88 0.201395 0.761795 0.038140 0.018974
83 0.822326 0.757821 0.031628 0.019231
123 0.734419 0.392564 0.019535 0.019487
111 0.554884 0.501795 0.026977 0.020000
88 0.558605 0.628333 0.016744 0.020256
91 0.378372 0.629359 0.031163 0.020256
86 0.830000 0.816795 0.033953 0.020256
56 0.733488 0.361667 0.022326 0.020769
66 0.918605 0.820385 0.025116 0.020769
85 0.913023 0.562308 0.030698 0.021026
66 0.556977 0.661154 0.026512 0.021282
88 0.822558 0.427179 0.022791 0.021538
91 0.822326 0.363205 0.028837 0.021795
111 0.554186 0.436282 0.029302 0.021795
66 0.646512 0.725385 0.026047 0.022051
74 0.733256 0.332564 0.027442 0.022051
83 0.464419 0.757949 0.028372 0.022051
83 0.913256 0.885128 0.035814 0.022051
74 0.558140 0.796026 0.026977 0.022308
93 0.203488 0.269872 0.034884 0.022308
66 0.733721 0.755897 0.026512 0.022564
68 0.463256 0.364103 0.035349 0.022564
66 0.821628 0.458846 0.026512 0.022821
74 0.732326 0.536282 0.026512 0.022821
683 0.467209 0.463462 0.044186 0.022821
126 0.465581 0.593333 0.031628 0.023077
3223 0.466279 0.531026 0.049767 0.023077
2395 0.826047 0.787821 0.036279 0.023333
83 0.202093 0.825385 0.026512 0.023590
126 0.555581 0.826923 0.034884 0.023590
87 0.646512 0.784872 0.035349 0.023590
111 0.470233 0.791667 0.031628 0.023846
91 0.376512 0.464744 0.038605 0.023846
126 0.291628 0.791923 0.044651 0.023846
691 0.641628 0.692179 0.046047 0.023846
66 0.731628 0.428333 0.024186 0.024359
121 0.465349 0.401410 0.041395 0.024359
710 0.199535 0.858974 0.044651 0.024615
74 0.912093 0.500128 0.026977 0.024872
1113 0.647209 0.854231 0.039535 0.024872
327 0.376977 0.661795 0.044186 0.025128
2489 0.644186 0.461026 0.045581 0.025128
68 0.475116 0.883462 0.007907 0.025385
85 0.201860 0.532436 0.015814 0.025385
119 0.469767 0.662949 0.017674 0.025385
122 0.380930 0.562949 0.034419 0.025385
4286 0.733488 0.593718 0.041860 0.025385
108 0.555116 0.764744 0.046047 0.025385
2038 0.733721 0.267051 0.055349 0.025385
56 0.647209 0.760000 0.018140 0.025641
1799 0.377907 0.693846 0.039535 0.025641
978 0.284419 0.364103 0.042326 0.025641
126 0.823721 0.297051 0.027907 0.025897
126 0.913721 0.790641 0.033023 0.025897
3203 0.554884 0.267308 0.034419 0.025897
710 0.286977 0.561923 0.044651 0.025897
60 0.912791 0.591282 0.018140 0.026154
108 0.728837 0.302051 0.045581 0.026154
70 0.639535 0.268333 0.017674 0.026410
85 0.203953 0.628077 0.019070 0.026410
58 0.915349 0.689872 0.020465 0.026410
126 0.195581 0.365256 0.032093 0.026410
4132 0.199070 0.499872 0.042791 0.026410
2222 0.202326 0.598333 0.042791 0.026410
1214 0.826744 0.887308 0.045116 0.026410
385 0.909767 0.297564 0.051163 0.026410
70 0.551860 0.299744 0.029302 0.026667
1305 0.462558 0.563846 0.044186 0.026667
64 0.552558 0.326795 0.017674 0.026923
126 0.820698 0.657821 0.028372 0.026923
3203 0.292093 0.887564 0.039070 0.026923
1083 0.291628 0.500128 0.041860 0.026923
2896 0.817674 0.330385 0.054884 0.026923
1354 0.643953 0.431026 0.031163 0.027179
505 0.905814 0.266410 0.042326 0.027179
88 0.910698 0.329359 0.020465 0.027436
4286 0.556977 0.858333 0.043256 0.027436
4132 0.822326 0.626795 0.043721 0.027436
85 0.911628 0.624615 0.013023 0.027692
126 0.911628 0.526923 0.030698 0.027692
4727 0.468372 0.495385 0.042791 0.027692
111 0.294651 0.692692 0.033953 0.027949
2685 0.289535 0.759615 0.035814 0.027949
648 0.200000 0.663974 0.036279 0.027949
108 0.725814 0.502308 0.040465 0.028205
122 0.472326 0.855641 0.044186 0.028205
71 0.468372 0.430385 0.045581 0.028462
4332 0.287674 0.463974 0.060930 0.028462
56 0.197674 0.297564 0.016744 0.028974
56 0.470000 0.697564 0.020930 0.028974
552 0.199535 0.697821 0.036279 0.028974
96 0.736047 0.459872 0.037674 0.028974
710 0.911395 0.722692 0.046977 0.028974
2685 0.916744 0.755256 0.047442 0.028974
4252 0.375814 0.363718 0.050233 0.028974
119 0.640465 0.591923 0.025116 0.029487
691 0.911395 0.363974 0.051628 0.029487
108 0.908140 0.466795 0.052558 0.029487
119 0.196744 0.327179 0.018605 0.029744
119 0.918372 0.845897 0.020000 0.029744
3203 0.824884 0.266667 0.037674 0.029744
547 0.911163 0.394872 0.039070 0.029744
47 0.203721 0.731410 0.025116 0.030000
117 0.472558 0.826282 0.025116 0.030000
1584 0.641163 0.530897 0.027442 0.030000
54 0.467442 0.331923 0.032558 0.030000
547 0.732558 0.887564 0.038140 0.030000
4646 0.203953 0.889872 0.042326 0.030000
2197 0.379535 0.596667 0.039070 0.030256
119 0.822326 0.849231 0.018605 0.030769
3735 0.466977 0.301282 0.031628 0.030769
270 0.556279 0.597436 0.035349 0.030769
3216 0.640930 0.626410 0.040930 0.030769
121 0.558837 0.887692 0.047907 0.030769
98 0.911163 0.660897 0.038140 0.031026
2426 0.560233 0.728205 0.045116 0.031282
89 0.822791 0.696410 0.045581 0.031282
70 0.193256 0.401026 0.037674 0.031795
82 0.290698 0.629744 0.045581 0.031795
3232 0.286047 0.729487 0.045581 0.031795
4661 0.288605 0.299231 0.051628 0.031795
4646 0.374651 0.429872 0.048837 0.032051
119 0.292791 0.852308 0.019070 0.032308
270 0.732093 0.692564 0.030698 0.032308
70 0.820000 0.533077 0.036279 0.032308
4660 0.285814 0.397692 0.052558 0.032308
121 0.290698 0.662179 0.021395 0.032564
68 0.646512 0.888462 0.008372 0.032821
119 0.823023 0.728718 0.022791 0.032821
270 0.823256 0.396795 0.034419 0.033077
1232 0.378372 0.398590 0.046977 0.033077
98 0.466977 0.633333 0.041860 0.033333
122 0.380698 0.528846 0.036744 0.033590
4371 0.735349 0.658718 0.038140 0.034359
68 0.556279 0.693462 0.013953 0.034615
68 0.824651 0.496026 0.008372 0.035128
62 0.467674 0.729103 0.033953 0.035128
4147 0.198837 0.565513 0.046977 0.035128
241 0.639070 0.395513 0.044651 0.036667
68 0.914419 0.432821 0.015814 0.037949
68 0.820465 0.587179 0.009302 0.038462
68 0.203256 0.794103 0.011163 0.038974
68 0.733256 0.792821 0.011628 0.038974
68 0.554651 0.362436 0.008837 0.039231
1132 0.550698 0.536538 0.042791 0.039231
68 0.643953 0.328846 0.010698 0.042821
68 0.193721 0.457564 0.009767 0.043846
