68 0.620936 0.336750 0.008374 0.014557
56 0.286453 0.138146 0.020197 0.016637
56 0.286946 0.655080 0.020197 0.016637
56 0.285468 0.593880 0.022167 0.016637
92 0.844089 0.691622 0.040887 0.016637
118 0.292118 0.671866 0.022660 0.016934
52 0.839655 0.372698 0.055665 0.016934
101 0.618719 0.908794 0.048276 0.017231
65 0.847783 0.845217 0.052217 0.017231
113 0.612562 0.269459 0.063547 0.017231
92 0.400000 0.699198 0.037438 0.017528
83 0.284975 0.532828 0.041872 0.017528
65 0.177833 0.141563 0.046305 0.017528
56 0.614778 0.286988 0.020690 0.017825
113 0.615764 0.192365 0.061084 0.018122
113 0.062315 0.435680 0.069458 0.018717
88 0.170936 0.327986 0.031527 0.019014
57 0.513793 0.496435 0.041379 0.019014
84 0.288424 0.285799 0.044828 0.019014
65 0.294828 0.311349 0.052709 0.019014
57 0.408374 0.803030 0.035468 0.019608
1406 0.063793 0.242424 0.044828 0.019608
56 0.071182 0.883987 0.021182 0.019905
1406 0.287931 0.165033 0.046798 0.019905
55 0.621921 0.767231 0.057635 0.019905
57 0.403448 0.363933 0.038424 0.020202
55 0.842611 0.143048 0.063547 0.020499
91 0.063300 0.345811 0.040887 0.020796
88 0.511576 0.907457 0.035961 0.021093
56 0.508374 0.591206 0.022660 0.021390
91 0.064532 0.411765 0.042365 0.021390
1406 0.846059 0.591800 0.045813 0.021390
55 0.179064 0.821153 0.051724 0.021390
88 0.839901 0.281937 0.053202 0.021390
95 0.288670 0.573678 0.057143 0.021390
66 0.621429 0.864676 0.032020 0.021687
57 0.187931 0.501931 0.035961 0.021687
83 0.281773 0.434789 0.038424 0.021687
57 0.294581 0.774955 0.042365 0.021687
52 0.176108 0.791889 0.045813 0.021687
66 0.394335 0.219548 0.022167 0.021985
57 0.735468 0.532977 0.034483 0.021985
57 0.854926 0.763518 0.037931 0.021985
83 0.500493 0.177956 0.043350 0.021985
55 0.289409 0.490196 0.064532 0.021985
118 0.289409 0.613339 0.020197 0.022282
57 0.629557 0.573827 0.031527 0.022282
500 0.844581 0.666221 0.035961 0.022282
67 0.295320 0.334967 0.042857 0.022282
55 0.068473 0.645425 0.056158 0.022282
101 0.395320 0.198307 0.059606 0.022282
76 0.392118 0.502971 0.032512 0.022579
51 0.288177 0.512775 0.044335 0.022579
55 0.397537 0.140523 0.053202 0.022579
56 0.843350 0.497772 0.023645 0.022876
88 0.730542 0.791592 0.023645 0.022876
88 0.065517 0.483809 0.035468 0.022876
57 0.291133 0.551545 0.037438 0.022876
127 0.403695 0.241979 0.069458 0.022876
107 0.618227 0.887106 0.026601 0.023173
76 0.839409 0.791444 0.032512 0.023173
83 0.505911 0.659239 0.042365 0.023173
84 0.289901 0.903743 0.046798 0.023173
107 0.172906 0.222371 0.025616 0.023470
83 0.063547 0.615419 0.039409 0.023470
57 0.849015 0.252971 0.039901 0.023470
52 0.283990 0.357843 0.041872 0.023470
91 0.617241 0.169192 0.043350 0.023470
126 0.055419 0.216429 0.049754 0.023470
55 0.401970 0.725045 0.062069 0.023470
118 0.071429 0.905823 0.030542 0.023767
88 0.614286 0.244207 0.035468 0.023767
55 0.506650 0.364825 0.056650 0.023767
117 0.731527 0.562240 0.021675 0.024064
52 0.179064 0.531343 0.046798 0.024064
127 0.292365 0.875668 0.063547 0.024064
171 0.404680 0.269162 0.028079 0.024361
77 0.291379 0.851159 0.040887 0.024361
55 0.178325 0.617053 0.055172 0.024361
4119 0.178325 0.356803 0.060099 0.024361
119 0.068473 0.804367 0.022660 0.024658
66 0.175369 0.448455 0.029557 0.024658
72 0.618719 0.709596 0.045320 0.024658
68 0.736453 0.382650 0.013793 0.024955
60 0.731281 0.586750 0.019212 0.024955
52 0.171675 0.193999 0.043842 0.024955
1197 0.180542 0.383541 0.053695 0.024955
55 0.395567 0.532086 0.054187 0.024955
55 0.733990 0.823827 0.055172 0.024955
121 0.179803 0.306892 0.061084 0.024955
74 0.175369 0.281788 0.026601 0.025253
91 0.179310 0.733660 0.041379 0.025253
55 0.503695 0.206625 0.053695 0.025253
119 0.624877 0.636661 0.022167 0.025550
111 0.618473 0.464646 0.028079 0.025550
52 0.729064 0.861260 0.045320 0.025550
89 0.624138 0.734700 0.047291 0.025550
252 0.391872 0.391563 0.052709 0.025550
68 0.397291 0.478758 0.014286 0.025847
107 0.065271 0.829917 0.026108 0.025847
171 0.856158 0.561943 0.030542 0.025847
107 0.285468 0.384581 0.031034 0.025847
83 0.616256 0.438948 0.042365 0.025847
84 0.177340 0.902704 0.049261 0.025847
2151 0.394089 0.296643 0.054187 0.025847
119 0.844089 0.904932 0.023153 0.026144
66 0.397537 0.642602 0.031527 0.026144
86 0.631034 0.144385 0.041379 0.026144
67 0.180049 0.168449 0.045813 0.026144
68 0.286453 0.410725 0.014286 0.026441
85 0.506158 0.334373 0.041872 0.026441
119 0.403448 0.417706 0.021675 0.026738
120 0.728079 0.291444 0.024631 0.026738
85 0.728325 0.318182 0.033005 0.026738
67 0.850985 0.878194 0.045813 0.026738
127 0.295567 0.826797 0.063054 0.026738
366 0.286700 0.639037 0.066995 0.026738
66 0.064778 0.778520 0.029064 0.027035
98 0.288670 0.799911 0.049261 0.027035
541 0.513793 0.565211 0.061084 0.027035
53 0.067241 0.458705 0.016256 0.027332
171 0.297537 0.466726 0.028571 0.027332
119 0.733005 0.652555 0.026601 0.027629
252 0.505172 0.144236 0.052709 0.027629
74 0.513054 0.847891 0.034975 0.027926
1197 0.627094 0.797386 0.050246 0.027926
107 0.178079 0.474896 0.038916 0.028223
2598 0.618966 0.411765 0.033005 0.028520
107 0.726108 0.144682 0.040394 0.028520
3741 0.177586 0.415478 0.053695 0.028818
74 0.180049 0.587938 0.034975 0.029115
107 0.837685 0.400030 0.035961 0.029412
1579 0.399261 0.871806 0.039901 0.029412
70 0.177586 0.248812 0.049754 0.029412
119 0.516256 0.730095 0.025616 0.030006
81 0.178818 0.558378 0.041379 0.030006
1197 0.404926 0.563725 0.050246 0.030006
88 0.727340 0.410279 0.033005 0.030303
107 0.400493 0.670826 0.043350 0.030303
53 0.618966 0.217023 0.017241 0.030600
66 0.835961 0.348930 0.032512 0.030600
81 0.070197 0.587790 0.043842 0.030600
74 0.506650 0.434343 0.033005 0.030897
107 0.507143 0.270053 0.037931 0.030897
117 0.181034 0.765449 0.023153 0.031194
53 0.840640 0.818627 0.026108 0.031194
70 0.068719 0.858437 0.039901 0.031194
259 0.068473 0.679887 0.055172 0.031194
68 0.842118 0.430481 0.013300 0.031491
3231 0.401970 0.834225 0.055172 0.031491
249 0.288177 0.696227 0.048276 0.031788
121 0.509113 0.465686 0.055665 0.031788
68 0.848768 0.526738 0.008867 0.032086
107 0.394581 0.171123 0.032512 0.032086
87 0.065025 0.748960 0.036453 0.032086
552 0.067241 0.313725 0.044828 0.032086
3786 0.066749 0.711527 0.051724 0.032086
117 0.730296 0.211081 0.033005 0.032383
107 0.390640 0.449495 0.036453 0.032680
64 0.063054 0.148396 0.040394 0.032977
1083 0.065271 0.378045 0.054680 0.032977
107 0.508374 0.766191 0.028571 0.033274
58 0.503941 0.235888 0.031527 0.033274
509 0.731527 0.763518 0.040394 0.033274
107 0.616256 0.312686 0.030542 0.033571
87 0.838424 0.224450 0.037438 0.033571
87 0.065764 0.517974 0.043842 0.033571
87 0.729310 0.353090 0.036946 0.034165
107 0.623645 0.670232 0.033498 0.034462
1083 0.395567 0.330957 0.047291 0.034462
87 0.729557 0.621361 0.032512 0.034759
121 0.063793 0.182264 0.059606 0.034759
2885 0.178325 0.702466 0.041379 0.035354
2709 0.619458 0.606209 0.049754 0.035354
2412 0.399754 0.902406 0.049754 0.035354
70 0.507882 0.303327 0.035468 0.035651
107 0.730049 0.686126 0.029557 0.035948
70 0.731034 0.176916 0.030542 0.035948
121 0.520197 0.879828 0.067980 0.035948
3283 0.065517 0.275401 0.027586 0.036245
87 0.835714 0.315359 0.055665 0.036542
70 0.731034 0.722519 0.034483 0.036839
68 0.840887 0.467766 0.050246 0.037136
366 0.507635 0.531788 0.062562 0.037433
70 0.067241 0.553624 0.038916 0.037730
121 0.507143 0.396465 0.040887 0.037730
681 0.511576 0.696227 0.046798 0.037730
1195 0.617734 0.540255 0.050246 0.037730
60 0.614286 0.371361 0.020690 0.038027
4086 0.509360 0.625371 0.058128 0.038027
1607 0.618719 0.499554 0.053202 0.038324
3665 0.723399 0.454248 0.051724 0.038622
1136 0.284729 0.202169 0.045320 0.038919
990 0.844828 0.627302 0.031527 0.040107
1778 0.625862 0.833779 0.045813 0.040107
1880 0.845567 0.726976 0.040887 0.040404
3153 0.730049 0.497475 0.041379 0.040701
1778 0.402709 0.605318 0.045813 0.041889
1799 0.181773 0.862151 0.047291 0.042187
3899 0.282020 0.249109 0.057635 0.043672
70 0.510591 0.804961 0.033005 0.044266
296 0.289901 0.738711 0.033990 0.044266
2191 0.836700 0.181224 0.044828 0.045157
83 0.731034 0.897356 0.025616 0.046643
2191 0.176355 0.655526 0.045320 0.046643
4528 0.402709 0.767974 0.054680 0.046940
