52 0.545504 0.681996 0.027086 0.009515
120 0.314554 0.467065 0.013001 0.010490
52 0.391296 0.550866 0.032142 0.010734
52 0.082160 0.601244 0.026363 0.010978
56 0.241242 0.237985 0.014446 0.011466
101 0.466053 0.654184 0.040087 0.011466
52 0.236728 0.427665 0.029252 0.011710
499 0.553268 0.274457 0.034670 0.011710
102 0.861141 0.494145 0.039364 0.011954
52 0.782954 0.536228 0.026002 0.012686
91 0.392741 0.238839 0.026363 0.012686
120 0.235464 0.866919 0.014446 0.012930
62 0.627844 0.163333 0.019140 0.012930
499 0.557602 0.238473 0.040448 0.012930
128 0.548032 0.783240 0.009029 0.013418
861 0.162152 0.414613 0.027447 0.013418
101 0.240339 0.440229 0.042254 0.013418
698 0.856085 0.710905 0.021307 0.013662
60 0.238714 0.252989 0.024558 0.013662
91 0.389671 0.667236 0.027447 0.013662
1006 0.313290 0.494999 0.037920 0.013662
499 0.163055 0.458892 0.040087 0.013662
91 0.471289 0.299463 0.026002 0.013906
102 0.703684 0.918395 0.042976 0.013906
57 0.315999 0.481581 0.026002 0.014638
118 0.392380 0.710051 0.006862 0.014882
120 0.314735 0.331178 0.014085 0.014882
88 0.630553 0.276531 0.026002 0.014882
1810 0.470386 0.821054 0.015529 0.015370
88 0.390394 0.807880 0.031780 0.015370
115 0.311845 0.433154 0.035031 0.015370
495 0.782412 0.419737 0.042254 0.015370
495 0.235825 0.832764 0.046226 0.015370
91 0.703503 0.444987 0.024558 0.015614
118 0.855002 0.819834 0.009751 0.016345
117 0.233839 0.906929 0.019140 0.016345
88 0.860599 0.189680 0.027447 0.016345
120 0.549837 0.768236 0.015529 0.016589
67 0.394908 0.726031 0.024919 0.016589
91 0.234200 0.532813 0.026363 0.016589
126 0.157638 0.576726 0.028530 0.016589
683 0.784760 0.243718 0.040448 0.016589
1810 0.473276 0.257502 0.015529 0.016833
126 0.710184 0.268968 0.024919 0.016833
495 0.851752 0.805440 0.041531 0.016833
102 0.782593 0.187973 0.041892 0.016833
120 0.164319 0.240668 0.017335 0.017321
1810 0.392741 0.851427 0.016251 0.017565
189 0.547671 0.720786 0.014085 0.017809
120 0.471289 0.883996 0.017335 0.017809
126 0.235103 0.576604 0.028891 0.017809
85 0.468039 0.639302 0.014446 0.018297
120 0.390935 0.743718 0.016974 0.018297
91 0.391116 0.486094 0.027447 0.018297
126 0.856085 0.619541 0.029975 0.018297
88 0.702781 0.741766 0.031780 0.018297
111 0.466233 0.622591 0.014446 0.018541
93 0.630011 0.204440 0.017696 0.018541
1814 0.313651 0.703586 0.025641 0.018541
88 0.316540 0.797756 0.032864 0.018541
683 0.708378 0.318370 0.040087 0.018541
56 0.083785 0.238961 0.011557 0.018785
1810 0.392019 0.439741 0.016251 0.018785
642 0.553810 0.254574 0.031419 0.018785
88 0.159263 0.519761 0.031780 0.018785
109 0.313651 0.569529 0.028530 0.019273
88 0.857169 0.449012 0.029252 0.019273
88 0.236367 0.810320 0.031419 0.019273
547 0.161611 0.596853 0.035031 0.019273
287 0.316901 0.588802 0.042254 0.019273
113 0.852113 0.858746 0.032864 0.019517
978 0.550199 0.497682 0.037198 0.019517
93 0.241423 0.288729 0.017696 0.019761
1810 0.856808 0.558307 0.019863 0.019761
107 0.390213 0.565626 0.020585 0.019761
300 0.779884 0.916931 0.027808 0.019761
126 0.471470 0.838375 0.029975 0.019761
51 0.701517 0.514394 0.030697 0.019761
88 0.707114 0.196511 0.033225 0.019761
88 0.853918 0.912540 0.034308 0.019761
107 0.387505 0.373872 0.014446 0.020249
691 0.785302 0.266528 0.029975 0.020249
89 0.853016 0.839107 0.030336 0.020249
98 0.547309 0.550500 0.032864 0.020249
68 0.083243 0.216760 0.035753 0.020249
111 0.234922 0.886558 0.014085 0.020493
51 0.780968 0.708465 0.024196 0.020493
77 0.317263 0.453037 0.032864 0.020493
3942 0.317804 0.747011 0.034670 0.020493
1834 0.314012 0.635765 0.035753 0.020493
683 0.392922 0.421322 0.040448 0.020493
1834 0.162875 0.474506 0.040448 0.020493
78 0.392019 0.788119 0.020585 0.020737
1834 0.475442 0.237985 0.037920 0.020737
83 0.701517 0.561478 0.027086 0.021225
88 0.855002 0.729324 0.030697 0.021225
3731 0.860058 0.167968 0.032142 0.021225
912 0.239256 0.647841 0.040087 0.021225
683 0.236728 0.482923 0.042976 0.021225
253 0.237450 0.692608 0.023474 0.021469
83 0.233117 0.669188 0.027086 0.021469
87 0.783135 0.467431 0.027808 0.021469
88 0.317443 0.245914 0.033225 0.021469
91 0.545143 0.631861 0.034308 0.021469
42 0.704225 0.719810 0.011557 0.021713
85 0.781690 0.895950 0.011918 0.021713
60 0.313832 0.512930 0.014446 0.021713
1214 0.782774 0.843010 0.030697 0.021713
121 0.240339 0.271164 0.035753 0.021713
53 0.389310 0.767138 0.010112 0.022201
85 0.473276 0.429739 0.012640 0.022201
92 0.163778 0.281410 0.021307 0.022201
126 0.318346 0.907660 0.030697 0.022201
1762 0.316901 0.353379 0.035031 0.022201
252 0.704948 0.465845 0.036114 0.022201
85 0.082701 0.554282 0.010112 0.022444
76 0.546226 0.700659 0.020585 0.022444
547 0.550740 0.400586 0.031780 0.022444
1365 0.389852 0.292998 0.033586 0.022444
683 0.704406 0.672847 0.038642 0.022444
60 0.312568 0.725421 0.013362 0.022688
70 0.783676 0.168212 0.020224 0.022688
2707 0.159444 0.496585 0.023474 0.022688
92 0.390574 0.531959 0.024196 0.022688
85 0.237811 0.406319 0.029975 0.022688
121 0.628566 0.183825 0.031419 0.022688
2083 0.778801 0.686631 0.032142 0.022688
98 0.780246 0.553916 0.035031 0.022688
107 0.860058 0.294828 0.014807 0.023176
92 0.783135 0.342157 0.022030 0.023176
1887 0.390394 0.830812 0.036114 0.023176
119 0.236367 0.456941 0.019140 0.023420
92 0.309317 0.654306 0.019863 0.023420
2435 0.394908 0.876311 0.033586 0.023420
1762 0.470386 0.909002 0.035753 0.023420
1174 0.238714 0.351305 0.037559 0.023420
42 0.784579 0.606855 0.011195 0.023664
128 0.785121 0.514882 0.011557 0.023664
552 0.471831 0.778361 0.024196 0.023664
552 0.553268 0.473652 0.024558 0.023664
66 0.704767 0.366797 0.027086 0.023664
4296 0.472553 0.280434 0.029975 0.023664
88 0.157096 0.782752 0.030336 0.023664
252 0.705489 0.790559 0.032864 0.023664
642 0.160888 0.435106 0.033586 0.023664
1834 0.165583 0.260429 0.034308 0.023664
1409 0.466775 0.671505 0.037198 0.023664
1684 0.783135 0.441205 0.040809 0.023664
91 0.856266 0.783728 0.041892 0.023664
99 0.629108 0.394364 0.046226 0.023664
111 0.706212 0.764211 0.022752 0.024152
4311 0.630011 0.298000 0.031419 0.024152
577 0.550560 0.320688 0.031419 0.024152
2885 0.156374 0.839351 0.033225 0.024152
1684 0.785663 0.291413 0.039364 0.024152
92 0.704045 0.340815 0.022752 0.024396
725 0.862225 0.212491 0.031419 0.024396
4260 0.549837 0.846060 0.032864 0.024396
91 0.781510 0.631617 0.036114 0.024396
60 0.390213 0.316785 0.011195 0.024640
92 0.470928 0.346304 0.023113 0.024640
870 0.704948 0.696389 0.028891 0.024640
86 0.786927 0.490485 0.030336 0.024640
1891 0.704045 0.421444 0.034308 0.024640
88 0.082521 0.429007 0.034308 0.024640
2286 0.236006 0.598561 0.035031 0.024640
1774 0.703684 0.844718 0.035031 0.024640
316 0.631275 0.257502 0.037559 0.024640
1834 0.550921 0.449500 0.037920 0.024640
91 0.161069 0.730056 0.039003 0.024640
2425 0.164139 0.219444 0.040087 0.024640
1684 0.708378 0.292388 0.042976 0.024640
68 0.082521 0.261161 0.006139 0.025128
60 0.315096 0.850573 0.012640 0.025128
87 0.783857 0.369968 0.027086 0.025128
1894 0.783135 0.868870 0.028530 0.025128
1831 0.863308 0.267992 0.029975 0.025128
1977 0.234922 0.554160 0.032864 0.025128
3814 0.470386 0.861552 0.033586 0.025128
1409 0.390574 0.690290 0.035031 0.025128
85 0.700614 0.620395 0.010112 0.025372
330 0.394186 0.904611 0.022030 0.025372
126 0.237811 0.756770 0.025641 0.025372
1880 0.702781 0.898268 0.026002 0.025372
1562 0.786024 0.319834 0.035031 0.025372
91 0.470386 0.549158 0.037198 0.025372
3829 0.707295 0.218834 0.038642 0.025372
120 0.550018 0.425348 0.030336 0.025616
2191 0.471831 0.598805 0.032864 0.025616
1887 0.467858 0.804708 0.033586 0.025616
1375 0.855182 0.426567 0.036114 0.025616
1834 0.468581 0.753476 0.036475 0.025616
1715 0.781329 0.793242 0.038642 0.025616
1887 0.311665 0.681264 0.034670 0.026104
1684 0.854641 0.684191 0.035753 0.026104
60 0.234200 0.623079 0.014085 0.026348
119 0.466775 0.697731 0.015529 0.026348
111 0.082521 0.578678 0.018418 0.026348
121 0.233658 0.847280 0.023113 0.026348
62 0.861683 0.237863 0.026002 0.026348
3353 0.315096 0.379849 0.027086 0.026348
77 0.391477 0.588680 0.028891 0.026348
84 0.863127 0.319590 0.039003 0.026348
1396 0.547309 0.346670 0.040087 0.026348
1891 0.707476 0.245792 0.033225 0.026592
92 0.081076 0.361918 0.024196 0.027080
63 0.786927 0.396072 0.033225 0.027080
1684 0.779884 0.657355 0.036475 0.027080
1938 0.547490 0.745914 0.037559 0.027080
101 0.628386 0.419859 0.027447 0.027324
505 0.160527 0.665284 0.031419 0.027324
505 0.309679 0.611857 0.032864 0.027324
3814 0.390574 0.464260 0.035031 0.027324
2425 0.471470 0.403757 0.035753 0.027324
2593 0.156194 0.810564 0.031419 0.027568
975 0.550740 0.294096 0.034670 0.027568
98 0.080896 0.621737 0.034670 0.027568
53 0.854460 0.882532 0.010112 0.028056
3283 0.470748 0.376067 0.016974 0.028056
1584 0.704948 0.815931 0.020224 0.028056
2193 0.853557 0.758112 0.028530 0.028056
71 0.391838 0.397780 0.028891 0.028056
505 0.471109 0.212369 0.031419 0.028056
1579 0.392741 0.509027 0.034308 0.028056
2191 0.392019 0.643938 0.035031 0.028056
2709 0.236728 0.786045 0.023474 0.028300
1880 0.857530 0.349110 0.024919 0.028300
1579 0.472914 0.323250 0.032142 0.028300
68 0.707114 0.392901 0.010112 0.028544
119 0.548032 0.574896 0.014807 0.028544
70 0.704586 0.647353 0.030336 0.028544
3322 0.783857 0.579776 0.032864 0.028544
3003 0.390935 0.617102 0.035753 0.028544
1584 0.703684 0.489510 0.020585 0.029031
505 0.629108 0.230910 0.030336 0.029031
1251 0.783135 0.820078 0.031419 0.029031
1587 0.237811 0.217492 0.037198 0.029031
3003 0.469122 0.571359 0.036114 0.029275
1684 0.856988 0.474994 0.037559 0.029275
68 0.239256 0.376555 0.006862 0.029519
119 0.781690 0.733472 0.013362 0.029519
119 0.702781 0.539278 0.015890 0.029519
2193 0.314554 0.880093 0.027447 0.029519
1827 0.552004 0.212613 0.027808 0.029519
3562 0.161430 0.756160 0.031780 0.029519
4360 0.315096 0.276043 0.032864 0.029519
1986 0.235645 0.506343 0.037920 0.029519
102 0.159805 0.867407 0.041531 0.029519
119 0.082160 0.524884 0.017696 0.030007
1986 0.393102 0.215296 0.035031 0.030007
3562 0.551824 0.373140 0.040448 0.030007
51 0.547309 0.876311 0.024196 0.030251
87 0.083062 0.494389 0.027447 0.030495
3342 0.314554 0.408270 0.028891 0.030495
2649 0.386782 0.346304 0.033225 0.030495
2649 0.164500 0.312149 0.037198 0.030495
2056 0.703684 0.589534 0.037198 0.030495
3342 0.546587 0.658087 0.028530 0.030983
679 0.316540 0.820322 0.035753 0.030983
1579 0.706392 0.172603 0.037559 0.030983
4360 0.468942 0.459868 0.029975 0.031227
3749 0.471109 0.493535 0.032864 0.031227
1986 0.313651 0.771652 0.035031 0.031227
322 0.783315 0.763845 0.040448 0.031227
68 0.466414 0.726641 0.009029 0.031471
1986 0.162514 0.389973 0.036114 0.031959
1986 0.548212 0.606123 0.036114 0.031959
119 0.547309 0.907660 0.022030 0.032447
4360 0.546948 0.523664 0.033586 0.032447
3749 0.317443 0.307270 0.030336 0.032935
4360 0.081076 0.296292 0.031419 0.032935
1986 0.084326 0.329959 0.036475 0.032935
2179 0.083062 0.460722 0.044782 0.032935
2649 0.236728 0.320078 0.035031 0.033179
2649 0.311845 0.543181 0.035031 0.033423
1438 0.319429 0.218468 0.035753 0.033423
1986 0.470206 0.522201 0.036114 0.033423
83 0.628566 0.327031 0.013362 0.033911
3342 0.390394 0.263845 0.031780 0.033911
973 0.698989 0.875335 0.030697 0.034155
3342 0.158541 0.548792 0.028891 0.034399
3733 0.856446 0.589778 0.032864 0.034887
1094 0.627483 0.364967 0.029252 0.035131
68 0.783135 0.213101 0.006139 0.035374
296 0.547671 0.810929 0.027808 0.037082
3562 0.083062 0.398146 0.033225 0.037082
68 0.161972 0.350573 0.008306 0.038058
68 0.855002 0.650403 0.008306 0.038058
3012 0.233478 0.724323 0.039364 0.038058
68 0.159083 0.901561 0.011195 0.038790
1297 0.162875 0.701513 0.031780 0.041230
68 0.857891 0.387046 0.008306 0.042205
68 0.160527 0.627714 0.009029 0.043913
68 0.235645 0.903025 0.040087 0.044157
68 0.857530 0.523176 0.007584 0.045621
68 0.630553 0.457551 0.013001 0.048061
