101 0.635973 0.474330 0.058206 0.010978
101 0.146947 0.439458 0.054389 0.012270
101 0.213502 0.630126 0.056775 0.013239
101 0.145038 0.880368 0.056298 0.015822
102 0.429389 0.276881 0.060115 0.015822
92 0.637643 0.910881 0.036737 0.016145
92 0.558206 0.719083 0.042939 0.016145
92 0.633111 0.632709 0.035305 0.017113
92 0.775525 0.359057 0.041508 0.017436
102 0.564647 0.453826 0.051050 0.017759
1002 0.352576 0.741201 0.052481 0.017759
57 0.844704 0.558928 0.036737 0.018082
52 0.353292 0.540200 0.041508 0.018082
102 0.785544 0.131095 0.057729 0.018082
128 0.148855 0.830965 0.010496 0.018405
57 0.779819 0.415402 0.033874 0.018405
52 0.711832 0.163707 0.032443 0.018728
52 0.635735 0.459477 0.037691 0.018728
57 0.859017 0.110268 0.039599 0.019696
55 0.283397 0.817727 0.041031 0.019696
56 0.770992 0.765902 0.017176 0.020019
85 0.644323 0.110429 0.029103 0.020019
248 0.352099 0.907330 0.043893 0.020019
52 0.355200 0.651760 0.035782 0.020342
52 0.769323 0.749596 0.041508 0.020342
56 0.564408 0.473846 0.017176 0.020988
85 0.079914 0.371811 0.026240 0.020988
64 0.421517 0.817727 0.022424 0.021634
55 0.772424 0.819987 0.041031 0.021634
87 0.362118 0.157733 0.041985 0.021634
1406 0.774571 0.689861 0.042462 0.021634
87 0.566317 0.262512 0.041031 0.021957
126 0.215172 0.543752 0.045802 0.021957
56 0.360210 0.327091 0.046756 0.021957
88 0.846135 0.179690 0.041508 0.022280
81 0.497376 0.323377 0.042462 0.022280
56 0.147424 0.421537 0.043893 0.022280
60 0.499284 0.343235 0.032920 0.022603
72 0.640506 0.261221 0.036737 0.022603
124 0.283397 0.869551 0.041031 0.022603
98 0.709924 0.184372 0.048664 0.022603
128 0.216603 0.784146 0.013359 0.022925
91 0.494752 0.494834 0.039122 0.022925
126 0.427958 0.192929 0.046756 0.022925
93 0.294370 0.295932 0.055344 0.022925
1810 0.080391 0.321924 0.024332 0.023248
57 0.565124 0.786245 0.033874 0.023248
87 0.774809 0.546012 0.035305 0.023248
89 0.291269 0.237972 0.052958 0.023248
2595 0.570611 0.198418 0.038168 0.023571
56 0.495468 0.816112 0.039599 0.023571
113 0.714695 0.114466 0.049618 0.023571
120 0.364504 0.180497 0.015267 0.023894
108 0.837309 0.692606 0.015267 0.023894
88 0.357824 0.433645 0.020992 0.023894
88 0.213502 0.723603 0.021469 0.023894
87 0.836594 0.909590 0.034828 0.023894
113 0.220897 0.212787 0.047710 0.023894
126 0.079914 0.344204 0.052958 0.023894
87 0.149332 0.239748 0.037214 0.024217
91 0.704198 0.682112 0.039122 0.024217
2150 0.844466 0.360510 0.041985 0.024217
98 0.357109 0.409590 0.046279 0.024217
126 0.079437 0.533904 0.047233 0.024217
66 0.769084 0.877946 0.026718 0.024540
91 0.635019 0.708428 0.039122 0.024540
111 0.363073 0.209073 0.020992 0.024863
66 0.351861 0.563287 0.030057 0.024863
91 0.145754 0.860026 0.033874 0.024863
87 0.495706 0.846303 0.027672 0.025186
98 0.834447 0.746529 0.046756 0.025186
1415 0.284351 0.759768 0.047710 0.025186
128 0.426527 0.904908 0.016221 0.025509
85 0.426527 0.337262 0.026718 0.025509
87 0.571803 0.145140 0.035782 0.025509
91 0.769800 0.663707 0.038645 0.025509
88 0.359017 0.267356 0.017653 0.025831
117 0.428197 0.751372 0.020515 0.025831
118 0.563216 0.497255 0.035782 0.025831
126 0.141460 0.689054 0.047233 0.025831
88 0.150286 0.394414 0.022901 0.026154
87 0.643130 0.373426 0.036260 0.026154
72 0.281011 0.593639 0.036260 0.026154
91 0.362118 0.233613 0.040076 0.026154
55 0.562261 0.590087 0.040553 0.026154
109 0.215649 0.809655 0.046756 0.026154
85 0.714456 0.139490 0.015744 0.026477
85 0.145515 0.808524 0.027672 0.026477
980 0.710401 0.243139 0.028626 0.026477
88 0.632395 0.814821 0.017653 0.026800
88 0.425095 0.518405 0.020038 0.026800
119 0.775763 0.571036 0.024809 0.026800
1810 0.221135 0.269777 0.028149 0.026800
3053 0.218511 0.610107 0.036260 0.026800
87 0.291985 0.184856 0.037214 0.026800
91 0.285544 0.670488 0.039599 0.026800
98 0.427242 0.256216 0.044370 0.026800
98 0.352099 0.675331 0.052481 0.026800
88 0.704437 0.906038 0.022424 0.027123
111 0.284590 0.644172 0.023378 0.027123
3053 0.839456 0.720375 0.034828 0.027123
126 0.077767 0.818211 0.048664 0.027123
88 0.841842 0.624960 0.019561 0.027446
88 0.709208 0.338231 0.020515 0.027446
1560 0.493798 0.788344 0.043893 0.027446
88 0.290792 0.388602 0.045324 0.027446
60 0.220420 0.238618 0.018130 0.027769
119 0.151240 0.265741 0.021947 0.027769
119 0.640267 0.400065 0.024809 0.027769
95 0.560830 0.811753 0.039599 0.027769
4253 0.570134 0.319987 0.044847 0.027769
87 0.288168 0.532451 0.049618 0.027769
117 0.078721 0.592993 0.022901 0.028092
88 0.353531 0.835163 0.022901 0.028092
119 0.293655 0.211334 0.023378 0.028092
126 0.499046 0.294317 0.041985 0.028092
978 0.498807 0.438005 0.043416 0.028092
88 0.771708 0.790119 0.019561 0.028415
119 0.569895 0.287698 0.020515 0.028415
117 0.709685 0.433000 0.022424 0.028415
88 0.079914 0.903132 0.023378 0.028415
74 0.562977 0.620762 0.022901 0.028737
72 0.707777 0.566516 0.030057 0.028737
127 0.286737 0.620439 0.049618 0.028737
62 0.078006 0.681627 0.025286 0.029060
111 0.705391 0.660639 0.026240 0.029060
98 0.771708 0.482725 0.047233 0.029060
71 0.500954 0.904747 0.051527 0.029060
127 0.774809 0.904747 0.055344 0.029060
119 0.498330 0.369228 0.021469 0.029383
111 0.281727 0.788666 0.022424 0.029383
1083 0.354008 0.767678 0.029580 0.029383
978 0.771947 0.602034 0.042939 0.029383
88 0.150763 0.216500 0.045802 0.029383
118 0.224237 0.362286 0.013359 0.029706
98 0.492128 0.631579 0.047233 0.029706
88 0.292462 0.159509 0.047710 0.029706
98 0.702767 0.635777 0.047710 0.029706
108 0.353769 0.590733 0.013836 0.030029
78 0.282920 0.841621 0.025763 0.030029
93 0.217557 0.863255 0.033397 0.030029
2151 0.635258 0.652083 0.043416 0.030029
119 0.498807 0.566355 0.018607 0.030352
85 0.640267 0.433323 0.021947 0.030352
111 0.632872 0.523733 0.025286 0.030352
118 0.225906 0.113013 0.030057 0.030352
76 0.361403 0.348725 0.033874 0.030352
2189 0.573473 0.115273 0.037214 0.030352
870 0.637166 0.681304 0.039599 0.030352
87 0.706823 0.735228 0.051050 0.030352
117 0.081107 0.267194 0.022901 0.030675
119 0.146469 0.460930 0.022901 0.030675
120 0.781011 0.118663 0.038168 0.030675
84 0.156011 0.183888 0.041031 0.030675
2151 0.780534 0.191637 0.041985 0.030675
3028 0.214933 0.577494 0.044370 0.030675
1887 0.290076 0.322086 0.048664 0.030675
91 0.504055 0.188731 0.055821 0.030675
119 0.080868 0.397804 0.020515 0.030998
60 0.559160 0.689054 0.020992 0.030998
111 0.707538 0.493058 0.026718 0.030998
86 0.643130 0.493058 0.030534 0.030998
83 0.642176 0.164675 0.034351 0.030998
96 0.713025 0.405554 0.052958 0.030998
92 0.221374 0.185179 0.021947 0.031321
83 0.349952 0.623668 0.033874 0.031321
1415 0.773378 0.717953 0.041031 0.031321
1579 0.777195 0.514207 0.043893 0.031321
2526 0.076813 0.746690 0.045802 0.031321
88 0.426765 0.695350 0.047233 0.031321
1777 0.566317 0.393122 0.049618 0.031321
111 0.079437 0.566355 0.022424 0.031644
83 0.424857 0.403294 0.028149 0.031644
126 0.222567 0.298999 0.046279 0.031644
2783 0.216365 0.511140 0.052004 0.031644
111 0.425334 0.718922 0.022424 0.031966
249 0.432729 0.114466 0.036260 0.031966
2151 0.704198 0.762189 0.037214 0.031966
726 0.843034 0.527769 0.039122 0.031966
863 0.838979 0.658863 0.041508 0.031966
978 0.708731 0.309816 0.044370 0.031966
1809 0.352815 0.802228 0.050095 0.031966
111 0.352338 0.511140 0.025286 0.032289
111 0.844227 0.327737 0.029103 0.032289
83 0.078006 0.426542 0.032920 0.032289
83 0.149332 0.294156 0.037214 0.032289
121 0.215410 0.838876 0.055821 0.032289
85 0.213502 0.649822 0.017653 0.032612
111 0.360687 0.296577 0.021947 0.032612
119 0.078006 0.712464 0.022424 0.032612
92 0.562739 0.868098 0.022424 0.032612
60 0.710162 0.460930 0.023378 0.032612
316 0.496660 0.468034 0.048664 0.032612
108 0.218273 0.392154 0.052004 0.032612
105 0.775763 0.847110 0.056298 0.032612
92 0.839218 0.770100 0.027672 0.032935
1560 0.355916 0.710688 0.041985 0.032935
118 0.361164 0.380530 0.015267 0.033258
85 0.641221 0.236196 0.016221 0.033258
60 0.143607 0.773168 0.016221 0.033258
119 0.086355 0.159348 0.021947 0.033258
83 0.144561 0.903616 0.022901 0.033258
104 0.075620 0.624637 0.037691 0.033258
62 0.845420 0.426057 0.042939 0.033258
58 0.572519 0.171618 0.045802 0.033258
316 0.772424 0.634646 0.047710 0.033258
2783 0.143845 0.655634 0.052004 0.033258
718 0.834685 0.847917 0.031966 0.033581
58 0.287929 0.445270 0.041508 0.033581
3806 0.424857 0.554407 0.047233 0.033581
1183 0.778626 0.295124 0.047710 0.033581
1385 0.423903 0.628350 0.050095 0.033581
85 0.282443 0.724411 0.017176 0.033904
83 0.631679 0.838715 0.031489 0.033904
93 0.845420 0.491605 0.033397 0.033904
70 0.150525 0.153213 0.034828 0.033904
121 0.845420 0.454795 0.040076 0.033904
2218 0.148378 0.364062 0.045802 0.033904
126 0.285544 0.699225 0.048187 0.033904
93 0.567748 0.556668 0.031489 0.034227
379 0.283397 0.902486 0.040076 0.034227
983 0.424618 0.482402 0.046756 0.034227
93 0.426050 0.590733 0.026718 0.034550
643 0.644084 0.199709 0.033397 0.034550
91 0.641460 0.293671 0.037691 0.034550
54 0.222328 0.330481 0.041031 0.034550
121 0.291985 0.264934 0.043893 0.034550
127 0.783158 0.327252 0.049141 0.034550
2701 0.214933 0.901679 0.052004 0.034550
117 0.284590 0.417824 0.031011 0.034872
3021 0.845420 0.289958 0.040076 0.034872
1126 0.705391 0.872134 0.041508 0.034872
81 0.424857 0.874717 0.046279 0.034872
303 0.146469 0.328382 0.046756 0.034872
2587 0.492844 0.705360 0.038168 0.035195
3028 0.080630 0.194866 0.044847 0.035195
1050 0.077052 0.463513 0.045324 0.035195
3839 0.495468 0.526800 0.047233 0.035195
1799 0.423426 0.661608 0.027195 0.035518
57 0.283397 0.516306 0.038168 0.035518
3053 0.561069 0.837585 0.047710 0.035518
91 0.783158 0.258314 0.056775 0.035518
1056 0.499523 0.116726 0.045802 0.035841
96 0.424857 0.846464 0.046279 0.035841
1387 0.426050 0.368260 0.049618 0.035841
70 0.217557 0.754601 0.032443 0.036164
981 0.567987 0.231191 0.044370 0.036164
1560 0.637643 0.879238 0.044370 0.036164
90 0.562261 0.521472 0.046279 0.036164
316 0.287214 0.477882 0.052481 0.036164
3899 0.634781 0.742493 0.032920 0.036487
2189 0.502385 0.152567 0.033397 0.036487
970 0.285067 0.358573 0.044370 0.036487
3828 0.431059 0.225218 0.055821 0.036487
118 0.567748 0.653536 0.015267 0.036810
118 0.491412 0.877301 0.019084 0.036810
70 0.146947 0.534711 0.036260 0.036810
3053 0.704676 0.602519 0.043893 0.036810
1560 0.703244 0.835002 0.045802 0.036810
1437 0.704914 0.372942 0.047233 0.036810
121 0.083492 0.228124 0.037214 0.037133
665 0.146231 0.576526 0.037691 0.037133
983 0.633826 0.600420 0.047233 0.037133
3213 0.559399 0.747659 0.051050 0.037133
119 0.641460 0.139167 0.029103 0.037456
1045 0.282443 0.562803 0.046756 0.037456
642 0.352338 0.873587 0.037691 0.037778
71 0.223044 0.147078 0.045324 0.037778
83 0.498569 0.402971 0.019084 0.038101
296 0.782443 0.229254 0.028626 0.038101
1365 0.214933 0.688408 0.038645 0.038101
2904 0.500477 0.259283 0.039122 0.038101
1934 0.836594 0.810139 0.039599 0.038101
58 0.083015 0.296900 0.040076 0.038424
3053 0.493798 0.601066 0.044847 0.038424
981 0.710162 0.274459 0.052004 0.038747
68 0.090649 0.659832 0.006679 0.039070
3172 0.776479 0.382790 0.043416 0.039070
3024 0.151718 0.117695 0.044847 0.039070
3384 0.708969 0.216338 0.045802 0.039393
1806 0.633349 0.783016 0.046279 0.039393
1126 0.841603 0.589441 0.042939 0.039716
2799 0.835162 0.884243 0.048187 0.039716
83 0.216603 0.430417 0.020038 0.040039
4484 0.427719 0.443332 0.040553 0.040039
122 0.423664 0.784307 0.041031 0.040039
470 0.077529 0.501776 0.045324 0.040039
3190 0.145992 0.616887 0.047710 0.040362
68 0.841603 0.394898 0.009542 0.040685
69 0.574905 0.898289 0.022901 0.040685
1126 0.848760 0.255086 0.040076 0.040685
83 0.846851 0.211334 0.017176 0.041007
1575 0.566794 0.355990 0.031489 0.041007
296 0.493559 0.664998 0.032920 0.041007
4052 0.085639 0.121246 0.050095 0.041007
4431 0.776718 0.449952 0.046756 0.041653
3806 0.705153 0.533904 0.047710 0.041653
68 0.425573 0.302551 0.009542 0.041976
296 0.707061 0.802712 0.037214 0.041976
4484 0.634065 0.564417 0.038168 0.041976
70 0.564647 0.432677 0.038645 0.041976
3158 0.503817 0.215531 0.043893 0.042299
68 0.783158 0.157572 0.009065 0.042622
3700 0.849952 0.145302 0.043416 0.042622
3190 0.218034 0.474330 0.049618 0.042622
56 0.695849 0.717469 0.029103 0.043268
1018 0.362357 0.118825 0.050095 0.043268
2155 0.429866 0.156280 0.043893 0.043913
1018 0.351861 0.469164 0.049141 0.043913
1300 0.081107 0.785438 0.052481 0.044882
2155 0.294847 0.123022 0.044847 0.045851
3756 0.642414 0.335325 0.052958 0.046174
68 0.490935 0.748466 0.007634 0.047142
674 0.144323 0.731353 0.037691 0.047788
2795 0.078483 0.862770 0.040553 0.048434
