246 0.566818 0.794534 0.044377 0.008097
246 0.210287 0.695513 0.044377 0.009784
92 0.754160 0.468623 0.022693 0.010121
92 0.570852 0.455466 0.034291 0.012146
92 0.629349 0.561741 0.032274 0.012821
1810 0.505547 0.375169 0.022693 0.014845
88 0.756430 0.341768 0.024206 0.015520
861 0.508321 0.260121 0.033283 0.016194
62 0.434695 0.292341 0.016137 0.016532
108 0.448815 0.277328 0.018154 0.016869
2177 0.133636 0.412618 0.040343 0.016869
55 0.135905 0.463225 0.041856 0.016869
111 0.203480 0.461876 0.017650 0.017544
55 0.271558 0.463563 0.043873 0.017544
501 0.502774 0.349696 0.031266 0.017881
128 0.452345 0.776991 0.010086 0.018219
91 0.139687 0.624831 0.032274 0.018219
108 0.448563 0.650304 0.016641 0.018556
91 0.749874 0.577429 0.029249 0.018556
56 0.629349 0.457321 0.033283 0.018556
91 0.569592 0.405702 0.033787 0.018556
2149 0.440242 0.628036 0.036309 0.018556
91 0.572617 0.534413 0.029753 0.018893
56 0.442007 0.763495 0.037821 0.018893
111 0.814170 0.597503 0.021684 0.019568
56 0.819465 0.324730 0.013111 0.019906
547 0.199697 0.559885 0.048411 0.019906
128 0.816944 0.439271 0.009077 0.020243
111 0.634897 0.318826 0.019163 0.020243
128 0.755673 0.672233 0.014624 0.020580
120 0.443016 0.433030 0.022693 0.020580
254 0.444024 0.818657 0.037821 0.020580
60 0.688603 0.496626 0.016641 0.020918
91 0.511851 0.458502 0.033283 0.020918
128 0.697932 0.643219 0.014120 0.021255
111 0.442259 0.738698 0.017146 0.021255
120 0.444024 0.712382 0.020676 0.021255
91 0.688351 0.274123 0.032274 0.021255
88 0.507816 0.522773 0.033283 0.021255
91 0.629097 0.694332 0.034796 0.021592
88 0.816944 0.268387 0.023197 0.021930
88 0.271558 0.438596 0.023701 0.022267
83 0.202975 0.585358 0.037821 0.022267
642 0.502774 0.329453 0.018154 0.022605
88 0.690872 0.344973 0.027231 0.022605
56 0.564801 0.736167 0.013111 0.022942
88 0.134140 0.437922 0.025214 0.022942
95 0.690116 0.523279 0.031770 0.022942
680 0.507060 0.232119 0.036813 0.022942
259 0.567827 0.433198 0.046394 0.022942
60 0.137166 0.478239 0.017146 0.023279
259 0.562532 0.563259 0.046899 0.023279
120 0.138427 0.561404 0.015633 0.023617
51 0.380232 0.235493 0.028240 0.023617
110 0.387544 0.565789 0.033787 0.023617
95 0.633888 0.391026 0.034291 0.023617
2193 0.749117 0.545547 0.043873 0.023617
111 0.695915 0.375337 0.015129 0.023954
120 0.449319 0.789811 0.013111 0.024291
78 0.506808 0.429825 0.035300 0.024291
129 0.388805 0.537281 0.013111 0.024629
120 0.436712 0.307861 0.014120 0.024629
56 0.571861 0.615553 0.015129 0.024629
117 0.817700 0.417848 0.027736 0.024629
118 0.516137 0.609649 0.015633 0.024966
66 0.443016 0.365385 0.018659 0.024966
64 0.758195 0.238529 0.024710 0.024966
4040 0.380988 0.317645 0.042864 0.025304
51 0.691629 0.672571 0.047907 0.025304
118 0.215330 0.513158 0.015129 0.025641
120 0.815683 0.736167 0.016641 0.025641
51 0.441503 0.545884 0.035804 0.025641
88 0.136914 0.728408 0.035804 0.025641
127 0.385275 0.286100 0.036309 0.025641
287 0.631619 0.843455 0.042864 0.025641
89 0.691377 0.469298 0.043369 0.025641
56 0.808371 0.762652 0.018154 0.025978
98 0.382753 0.627024 0.059506 0.025978
76 0.199445 0.398448 0.025719 0.026316
91 0.394352 0.485493 0.038326 0.026316
1083 0.271810 0.407557 0.040343 0.026316
62 0.571609 0.237348 0.031770 0.026653
87 0.569592 0.590924 0.031770 0.026653
2791 0.382753 0.399629 0.037317 0.026653
1435 0.636914 0.352395 0.039334 0.026653
76 0.134392 0.537449 0.014624 0.026991
1158 0.505799 0.798920 0.017146 0.026991
64 0.270045 0.627530 0.023701 0.026991
2007 0.200202 0.851889 0.040343 0.026991
76 0.632879 0.478914 0.017146 0.027328
92 0.444024 0.396255 0.018659 0.027328
118 0.392083 0.259447 0.012607 0.027665
85 0.813666 0.525641 0.016641 0.027665
120 0.271306 0.588057 0.021180 0.027665
92 0.200202 0.530364 0.024206 0.027665
66 0.138174 0.692982 0.032274 0.027665
126 0.440494 0.342443 0.035804 0.027665
85 0.508825 0.675607 0.016137 0.028003
56 0.512355 0.583671 0.014120 0.028340
85 0.387040 0.513158 0.018659 0.028340
66 0.554967 0.657895 0.020676 0.028340
87 0.564044 0.711876 0.032779 0.028340
2237 0.811649 0.566802 0.039839 0.028340
76 0.754665 0.648279 0.018659 0.028677
553 0.629349 0.427294 0.037317 0.028677
87 0.385779 0.658907 0.031266 0.029015
127 0.388805 0.728408 0.047403 0.029015
127 0.509077 0.641532 0.043873 0.029352
60 0.508321 0.490216 0.013111 0.029690
1083 0.140696 0.593792 0.036309 0.029690
119 0.554463 0.683704 0.012607 0.030027
76 0.270045 0.561572 0.020676 0.030027
85 0.701210 0.395749 0.022693 0.030364
87 0.694150 0.591430 0.028744 0.030364
109 0.816692 0.629555 0.040847 0.030364
121 0.134392 0.507928 0.021684 0.030702
3053 0.381493 0.597672 0.023701 0.030702
127 0.765255 0.398617 0.042864 0.030702
118 0.762481 0.770580 0.012103 0.031039
85 0.698941 0.618421 0.021180 0.031039
685 0.752143 0.369602 0.032779 0.031377
122 0.273071 0.661437 0.039839 0.031377
108 0.503278 0.405027 0.040343 0.031377
118 0.395613 0.691970 0.016641 0.031714
1879 0.504791 0.293522 0.022189 0.031714
58 0.626072 0.518219 0.023701 0.031714
89 0.444528 0.684211 0.040847 0.031714
60 0.271054 0.487011 0.016641 0.032051
118 0.576904 0.641700 0.017146 0.032389
70 0.757690 0.801619 0.017650 0.032389
118 0.561523 0.763158 0.019667 0.032389
87 0.813414 0.710189 0.034291 0.032389
95 0.753404 0.712551 0.044377 0.032389
119 0.451084 0.570682 0.015633 0.032726
486 0.504539 0.765688 0.034796 0.032726
51 0.198941 0.487348 0.041856 0.032726
356 0.196167 0.368927 0.054463 0.032726
83 0.432426 0.594467 0.018659 0.033063
98 0.751387 0.619096 0.052446 0.033063
119 0.822743 0.347166 0.017650 0.033738
107 0.506051 0.553981 0.031770 0.033738
3434 0.203984 0.811741 0.047907 0.033738
1771 0.753656 0.845479 0.048916 0.033738
118 0.694150 0.436741 0.012607 0.034076
101 0.813918 0.671896 0.036309 0.034076
127 0.211296 0.653340 0.055472 0.034076
110 0.686586 0.792679 0.034796 0.034750
4084 0.385275 0.358131 0.035300 0.034750
1282 0.750630 0.748819 0.051942 0.034750
58 0.692133 0.712551 0.033787 0.035088
70 0.819213 0.302800 0.029753 0.035425
3735 0.201210 0.620614 0.032274 0.035425
3338 0.687595 0.238698 0.046899 0.035425
91 0.757438 0.272605 0.028240 0.035762
3375 0.567070 0.845142 0.050933 0.035762
58 0.626324 0.732962 0.032274 0.036100
81 0.627584 0.777497 0.035804 0.036100
768 0.141704 0.658063 0.036309 0.036100
1457 0.633132 0.596491 0.045890 0.036437
505 0.323500 0.445175 0.036813 0.036775
87 0.631619 0.814440 0.057993 0.037112
1888 0.754917 0.309885 0.040343 0.037449
119 0.574887 0.265857 0.013111 0.037787
2153 0.445789 0.244602 0.044377 0.037787
3964 0.206001 0.753036 0.050933 0.037787
83 0.809128 0.377024 0.021684 0.038124
68 0.626576 0.243252 0.009581 0.038462
3665 0.753152 0.510290 0.040847 0.038799
83 0.626324 0.281714 0.020171 0.039136
121 0.269289 0.526316 0.025214 0.039136
83 0.756682 0.437584 0.025719 0.039811
2005 0.690368 0.306343 0.041351 0.039811
1300 0.442259 0.849528 0.040343 0.040486
118 0.693142 0.749325 0.021684 0.041835
1505 0.630610 0.648279 0.043873 0.042173
2795 0.388301 0.446694 0.044377 0.044534
4365 0.566566 0.365891 0.051942 0.048246
4365 0.574130 0.493927 0.051942 0.048583
798 0.502269 0.718455 0.038326 0.049595
4036 0.501765 0.836370 0.034291 0.051282
47 0.820222 0.482625 0.027736 0.054993
1354 0.321230 0.499494 0.050429 0.055668
296 0.441755 0.484987 0.027231 0.066464
87 0.808875 0.818489 0.049420 0.079622
