246 0.760949 0.819005 0.060422 0.005430
246 0.760746 0.613122 0.056772 0.007541
92 0.764396 0.789894 0.026764 0.008748
85 0.107867 0.729110 0.023520 0.016893
101 0.566504 0.709804 0.053528 0.016893
101 0.104826 0.621418 0.057178 0.016893
1810 0.289740 0.518552 0.018248 0.018703
72 0.381792 0.873756 0.057989 0.019608
335 0.474453 0.361237 0.064071 0.019608
297 0.376926 0.292308 0.052311 0.020513
85 0.386050 0.490045 0.030008 0.020814
297 0.288321 0.452338 0.050284 0.020814
126 0.205799 0.874661 0.053122 0.020814
81 0.565288 0.586576 0.052717 0.021418
56 0.571573 0.369532 0.011760 0.021719
120 0.203569 0.719910 0.018654 0.022021
126 0.471614 0.542986 0.051095 0.022323
72 0.758719 0.760483 0.055150 0.022323
56 0.760746 0.523228 0.015410 0.022624
126 0.383212 0.704223 0.047040 0.022624
126 0.289538 0.657466 0.051906 0.023228
66 0.105637 0.339668 0.027170 0.023529
51 0.568329 0.832428 0.037713 0.023831
251 0.288929 0.487179 0.057178 0.024133
85 0.571979 0.754449 0.010138 0.025339
56 0.477899 0.642081 0.017437 0.025641
108 0.200527 0.423379 0.025547 0.025641
83 0.661800 0.345098 0.043796 0.025943
126 0.473844 0.326697 0.053933 0.025943
51 0.569951 0.341931 0.045823 0.026244
88 0.477697 0.714932 0.019465 0.026546
88 0.763990 0.582504 0.021087 0.026546
62 0.576845 0.863952 0.039335 0.026546
88 0.110503 0.505882 0.047445 0.026546
87 0.204582 0.455204 0.049067 0.026546
88 0.662409 0.747511 0.051500 0.026546
120 0.573601 0.468024 0.025547 0.027451
87 0.481549 0.618401 0.036091 0.027753
83 0.105231 0.644344 0.040957 0.027753
88 0.298662 0.806938 0.049067 0.027753
91 0.111111 0.822021 0.051095 0.027753
495 0.569140 0.735747 0.078264 0.027753
1810 0.665856 0.528054 0.023520 0.028054
2489 0.475872 0.293363 0.066910 0.028054
117 0.667275 0.404374 0.016626 0.028658
76 0.568329 0.443741 0.028792 0.028959
51 0.380779 0.573454 0.048662 0.029563
251 0.379359 0.330618 0.052311 0.029563
87 0.203569 0.345249 0.035685 0.029864
107 0.107259 0.539970 0.016626 0.030166
111 0.668694 0.374359 0.023520 0.030166
87 0.767234 0.493514 0.047851 0.030166
62 0.665247 0.820362 0.042579 0.030468
88 0.669303 0.559125 0.045012 0.030468
88 0.203974 0.595173 0.052717 0.030769
83 0.470600 0.457768 0.045012 0.031071
1810 0.382603 0.364103 0.022303 0.031976
2677 0.296026 0.830015 0.035685 0.032278
83 0.753244 0.379336 0.043390 0.032278
51 0.658151 0.783258 0.048662 0.032278
60 0.198905 0.383710 0.017437 0.032579
109 0.754258 0.290799 0.051095 0.032579
76 0.479724 0.782202 0.029197 0.033183
1834 0.571979 0.507994 0.056367 0.033183
58 0.296026 0.869080 0.025142 0.033786
3136 0.286294 0.296983 0.038929 0.034087
51 0.571573 0.547360 0.046634 0.034087
1834 0.204785 0.761237 0.055961 0.034087
119 0.391727 0.806335 0.016221 0.034389
680 0.476480 0.577677 0.040552 0.034389
83 0.377129 0.453695 0.043796 0.034389
3136 0.665450 0.856109 0.045418 0.034389
121 0.479927 0.684465 0.056367 0.034992
76 0.760746 0.727149 0.034063 0.035294
96 0.385848 0.777225 0.053122 0.035897
90 0.389700 0.837858 0.059205 0.035897
121 0.768045 0.555505 0.060827 0.035897
119 0.389903 0.531976 0.017437 0.036501
107 0.383414 0.738763 0.020681 0.036802
70 0.474655 0.820513 0.050689 0.037406
98 0.754055 0.465158 0.066910 0.037406
119 0.111922 0.372097 0.014599 0.037707
62 0.390105 0.622624 0.047040 0.038009
95 0.764599 0.693514 0.056367 0.038009
2191 0.208232 0.841327 0.058800 0.039216
76 0.199311 0.692006 0.026358 0.039819
2397 0.203569 0.801508 0.058394 0.039819
95 0.476886 0.751433 0.055961 0.040422
2397 0.382198 0.667572 0.056367 0.040422
2025 0.655515 0.709653 0.067721 0.040724
2395 0.663828 0.657919 0.044607 0.041026
1316 0.761963 0.856410 0.056772 0.041026
2246 0.111517 0.295475 0.055150 0.041327
683 0.665653 0.490347 0.066099 0.041327
2685 0.479116 0.505430 0.043390 0.041931
119 0.571573 0.796682 0.019870 0.042232
2983 0.111517 0.465611 0.042174 0.042534
1295 0.660584 0.604977 0.047851 0.043137
3322 0.198702 0.299397 0.036496 0.043741
2320 0.568329 0.668326 0.053933 0.043741
119 0.572182 0.400754 0.025953 0.044344
683 0.286091 0.418250 0.064477 0.044344
68 0.669708 0.439517 0.008516 0.044646
69 0.112530 0.580995 0.024736 0.045249
1129 0.759935 0.653997 0.047851 0.045249
1295 0.570154 0.302262 0.049473 0.045249
1559 0.201135 0.650377 0.068938 0.045249
58 0.566910 0.612821 0.034063 0.045551
296 0.481549 0.862142 0.051500 0.045852
4458 0.110300 0.689291 0.060827 0.046456
3322 0.197283 0.553394 0.038524 0.047360
68 0.111314 0.857315 0.006083 0.047662
1115 0.289740 0.617496 0.049067 0.047662
68 0.381184 0.405581 0.006488 0.049170
3017 0.110908 0.415385 0.068532 0.049472
4447 0.754461 0.424284 0.058800 0.050377
2438 0.664639 0.301659 0.043796 0.050679
1587 0.472019 0.411011 0.055961 0.050980
68 0.755272 0.335596 0.007705 0.052187
4722 0.201946 0.504374 0.041363 0.052489
571 0.287307 0.702564 0.052311 0.052489
68 0.113544 0.769080 0.007299 0.052790
268 0.288929 0.763198 0.043390 0.054902
68 0.292579 0.562896 0.010949 0.059125
296 0.287307 0.353394 0.040146 0.073303
