173 0.225621 0.219724 0.026326 0.009263
173 0.142195 0.372232 0.038191 0.009715
64 0.804783 0.842521 0.021135 0.013556
127 0.760289 0.862178 0.050797 0.015364
698 0.825918 0.258247 0.032258 0.017171
127 0.806266 0.817329 0.044123 0.018301
88 0.385984 0.256552 0.040044 0.019205
81 0.835929 0.681315 0.031516 0.019657
287 0.384687 0.499322 0.055247 0.019883
278 0.390248 0.188658 0.012977 0.020786
85 0.385243 0.758134 0.014831 0.021012
66 0.724509 0.666177 0.031146 0.021464
42 0.387282 0.815409 0.023359 0.021690
56 0.751576 0.782874 0.023730 0.022594
119 0.836485 0.628446 0.013348 0.023272
91 0.218576 0.843651 0.030775 0.023498
62 0.748980 0.813940 0.043011 0.024175
85 0.300148 0.421261 0.018168 0.024627
120 0.377642 0.378333 0.024842 0.024627
252 0.538005 0.280728 0.056359 0.024627
119 0.149611 0.431880 0.015202 0.025079
76 0.138858 0.484749 0.031516 0.025079
698 0.729514 0.642680 0.038932 0.025079
88 0.946237 0.586986 0.020764 0.025305
115 0.909714 0.659738 0.030775 0.025305
51 0.748980 0.841618 0.043011 0.025305
101 0.143307 0.216900 0.050056 0.025305
120 0.146274 0.191030 0.023359 0.025983
121 0.141268 0.875621 0.045977 0.025983
42 0.228587 0.818911 0.012236 0.026887
121 0.228958 0.192612 0.048572 0.026887
56 0.142195 0.458315 0.020393 0.027338
56 0.836300 0.657366 0.030033 0.027338
91 0.137004 0.763556 0.035966 0.027338
300 0.375046 0.789539 0.050797 0.027790
121 0.141268 0.343312 0.053393 0.028694
252 0.530219 0.634320 0.057842 0.028694
70 0.222099 0.164483 0.043011 0.028920
4166 0.911198 0.594103 0.047089 0.029146
91 0.224509 0.421035 0.025584 0.029598
93 0.916018 0.687415 0.032258 0.029598
95 0.226363 0.911771 0.073786 0.029598
58 0.872822 0.664031 0.020764 0.029824
110 0.952354 0.656236 0.030775 0.030502
702 0.301817 0.275079 0.043011 0.030502
68 0.949759 0.615454 0.004820 0.030728
117 0.834631 0.601220 0.017798 0.030728
683 0.388209 0.530840 0.063775 0.030953
83 0.304227 0.627542 0.038932 0.031405
53 0.723582 0.726277 0.018910 0.031857
92 0.871153 0.598396 0.022618 0.031857
120 0.295328 0.801740 0.038191 0.031857
51 0.144791 0.161545 0.047089 0.032535
1375 0.293103 0.166290 0.058954 0.032535
85 0.726177 0.693516 0.015202 0.032761
111 0.297182 0.234410 0.024842 0.032761
3868 0.871153 0.698034 0.031516 0.032761
725 0.914164 0.175667 0.047089 0.032761
2748 0.141083 0.402508 0.065628 0.032761
784 0.295884 0.561229 0.057842 0.033439
101 0.301261 0.594781 0.048572 0.033665
68 0.875603 0.631835 0.005562 0.034117
55 0.831479 0.708540 0.038932 0.034343
2769 0.917501 0.771125 0.052280 0.034343
87 0.135336 0.845346 0.035595 0.034568
85 0.303115 0.200294 0.018168 0.035020
505 0.222284 0.612630 0.026326 0.035020
3019 0.910456 0.628897 0.027067 0.035472
91 0.227290 0.349300 0.041528 0.036150
3047 0.385799 0.295752 0.065628 0.036150
4458 0.845198 0.451085 0.055988 0.036376
2194 0.821839 0.293719 0.046348 0.037054
1834 0.222469 0.386353 0.053393 0.037054
2037 0.936782 0.288183 0.037449 0.037280
3161 0.219689 0.874266 0.054505 0.037280
335 0.525213 0.593651 0.072303 0.037280
93 0.134779 0.907027 0.058213 0.037732
710 0.377271 0.162336 0.064145 0.037732
2522 0.723582 0.605626 0.066370 0.038183
725 0.912310 0.545300 0.059696 0.038635
2033 0.909344 0.448034 0.057471 0.038861
1894 0.389136 0.467352 0.045606 0.039991
68 0.804227 0.787732 0.045977 0.039991
503 0.134965 0.614437 0.029663 0.040443
335 0.540786 0.247967 0.052280 0.040443
2255 0.219318 0.785472 0.061179 0.040443
2522 0.823693 0.224356 0.047089 0.040669
2593 0.138116 0.721532 0.054505 0.041798
111 0.296440 0.511862 0.026326 0.042250
322 0.375788 0.573317 0.051539 0.042250
4713 0.860215 0.830886 0.056359 0.042702
74 0.138487 0.302643 0.035966 0.043154
717 0.295699 0.722436 0.081943 0.043154
2698 0.920467 0.815070 0.058954 0.043606
68 0.134409 0.516380 0.043382 0.044962
87 0.227290 0.522368 0.019281 0.045188
51 0.296997 0.840036 0.063775 0.045188
76 0.295514 0.763217 0.040044 0.046091
2264 0.857434 0.786263 0.044865 0.046091
975 0.380237 0.672503 0.066370 0.046769
2083 0.385243 0.223113 0.059325 0.047221
1969 0.887468 0.228762 0.046348 0.047673
119 0.224879 0.569137 0.016685 0.047899
349 0.388209 0.858789 0.087505 0.047899
68 0.150908 0.256552 0.008899 0.048125
3376 0.938636 0.331563 0.033000 0.048577
2195 0.373563 0.723113 0.058954 0.048577
2425 0.139043 0.570718 0.062291 0.048803
3375 0.898591 0.403638 0.035966 0.049028
3047 0.295514 0.676118 0.053393 0.049028
1280 0.380237 0.908947 0.053763 0.049706
70 0.382833 0.341731 0.030033 0.049932
296 0.141083 0.802643 0.044123 0.049932
349 0.221728 0.306033 0.060808 0.049932
4116 0.820727 0.337890 0.037449 0.050384
3439 0.853726 0.407140 0.034483 0.050610
296 0.384872 0.417081 0.048943 0.051514
3375 0.218205 0.255084 0.053763 0.051514
349 0.292362 0.315861 0.074527 0.051514
119 0.304598 0.886918 0.021135 0.051740
3756 0.297553 0.464867 0.042640 0.052643
3375 0.665184 0.344103 0.056359 0.055129
1126 0.224879 0.722436 0.051539 0.055807
3375 0.745087 0.260393 0.055988 0.055807
1373 0.138858 0.672616 0.050056 0.056033
2151 0.379125 0.621441 0.061179 0.056258
3375 0.629588 0.578965 0.062291 0.057162
1280 0.298665 0.372910 0.047831 0.060777
2524 0.229514 0.467126 0.071190 0.062133
2429 0.668150 0.283778 0.050426 0.065070
3375 0.219132 0.661997 0.060808 0.065070
