246 0.630640 0.152301 0.050367 0.007129
246 0.116999 0.152787 0.048269 0.007453
246 0.453568 0.758587 0.044596 0.008425
101 0.459864 0.648412 0.030955 0.014906
101 0.628279 0.846403 0.032004 0.014906
101 0.549843 0.271387 0.027282 0.015230
56 0.538825 0.775924 0.016789 0.015878
101 0.109654 0.580039 0.032529 0.016850
57 0.376180 0.352560 0.029381 0.018795
101 0.375918 0.501944 0.030955 0.018795
861 0.885887 0.238496 0.042497 0.018795
91 0.542497 0.471970 0.032529 0.019767
82 0.887723 0.351426 0.040923 0.020415
126 0.627230 0.315133 0.039349 0.021063
126 0.456716 0.282242 0.039349 0.021387
55 0.371459 0.240441 0.039874 0.021387
128 0.885100 0.372489 0.010493 0.021711
110 0.107030 0.851426 0.034627 0.021711
126 0.106506 0.679358 0.039874 0.021711
126 0.366474 0.789047 0.036201 0.022683
55 0.537251 0.901167 0.040923 0.022683
91 0.626443 0.775924 0.031480 0.023007
120 0.539612 0.832469 0.020462 0.023331
1810 0.453568 0.823396 0.026758 0.023331
51 0.543022 0.295852 0.036726 0.023331
302 0.883788 0.275924 0.041448 0.023655
88 0.807712 0.200907 0.022560 0.023979
91 0.111490 0.276086 0.034103 0.023979
102 0.883001 0.477155 0.039874 0.024303
126 0.886411 0.201717 0.042497 0.024303
120 0.370147 0.760207 0.020462 0.024627
553 0.624607 0.431303 0.046695 0.025275
495 0.624869 0.869410 0.049318 0.025275
271 0.112015 0.820966 0.050892 0.025599
60 0.621983 0.395658 0.011018 0.026572
76 0.539612 0.503402 0.020462 0.026896
252 0.882739 0.595107 0.042497 0.026896
95 0.458552 0.391121 0.039874 0.027220
2707 0.546170 0.201393 0.031480 0.027544
62 0.456191 0.453500 0.035152 0.027544
122 0.457503 0.200097 0.035677 0.027544
2542 0.629066 0.243357 0.037775 0.027868
56 0.805876 0.243033 0.045121 0.027868
122 0.368048 0.274303 0.037251 0.028192
63 0.544596 0.329067 0.040923 0.028192
28 0.714848 0.276572 0.048793 0.028192
56 0.454879 0.425956 0.015740 0.028840
252 0.107817 0.605152 0.042497 0.028840
495 0.107030 0.712735 0.059811 0.028840
87 0.537251 0.806222 0.032529 0.029164
91 0.454617 0.584900 0.034103 0.029164
91 0.878017 0.861309 0.046695 0.029164
1834 0.539874 0.633182 0.049318 0.029164
252 0.282791 0.402949 0.039874 0.029488
2542 0.372508 0.427900 0.039874 0.029488
68 0.885100 0.705930 0.043022 0.029488
28 0.201731 0.275599 0.048793 0.029488
2542 0.201469 0.319994 0.052466 0.029488
123 0.804302 0.271873 0.022036 0.029812
88 0.882739 0.627349 0.044596 0.029812
2752 0.541710 0.400843 0.049843 0.029812
120 0.539612 0.600616 0.018363 0.030136
287 0.458290 0.902625 0.045645 0.030136
85 0.283578 0.202528 0.015215 0.030460
108 0.368048 0.563513 0.015215 0.030460
76 0.627492 0.588464 0.022036 0.030460
70 0.284365 0.238496 0.044071 0.030460
2194 0.537251 0.864550 0.047219 0.030460
4345 0.714586 0.435839 0.052466 0.031108
60 0.801679 0.308976 0.014690 0.031432
252 0.454355 0.619410 0.036726 0.031432
2194 0.625656 0.659268 0.047744 0.031432
3211 0.110965 0.243195 0.054040 0.031432
2489 0.283316 0.512314 0.051417 0.031756
87 0.365687 0.731854 0.035677 0.032080
2059 0.538562 0.705930 0.047744 0.032080
87 0.278856 0.440052 0.030955 0.032404
1174 0.107817 0.746922 0.046695 0.032404
126 0.108867 0.356286 0.042497 0.032728
120 0.282791 0.472780 0.018888 0.033052
509 0.881165 0.896630 0.037251 0.033052
2194 0.369098 0.202203 0.048793 0.033052
121 0.541973 0.533377 0.052466 0.033052
3009 0.624869 0.279650 0.048269 0.033701
60 0.104407 0.782728 0.015740 0.034025
1894 0.886411 0.316105 0.038300 0.034025
2901 0.547744 0.241251 0.040923 0.034025
2752 0.625656 0.699125 0.050892 0.034025
120 0.625131 0.620868 0.021511 0.034349
264 0.453568 0.787427 0.035152 0.034349
60 0.880902 0.821938 0.017838 0.034673
3285 0.286726 0.271387 0.041448 0.034673
117 0.365950 0.825340 0.021511 0.034997
76 0.540399 0.568049 0.023085 0.034997
68 0.369622 0.530784 0.038300 0.034997
60 0.367261 0.693616 0.014690 0.035321
2709 0.105456 0.435677 0.036726 0.035321
552 0.543022 0.667693 0.039874 0.035321
3785 0.624344 0.555250 0.047219 0.035321
87 0.880378 0.407971 0.029381 0.035645
3041 0.539612 0.746598 0.049843 0.035645
2198 0.117261 0.200259 0.052991 0.035645
4466 0.102308 0.645172 0.053515 0.035645
2428 0.107030 0.394524 0.050367 0.035969
1906 0.714848 0.314323 0.059286 0.036293
119 0.800892 0.390635 0.016264 0.036617
87 0.801417 0.353856 0.037251 0.036941
3009 0.540136 0.438432 0.048793 0.036941
68 0.109654 0.471970 0.013641 0.037265
93 0.887985 0.745463 0.041448 0.037265
4166 0.371196 0.387071 0.055089 0.037265
1834 0.717733 0.374433 0.056663 0.037265
83 0.540923 0.361957 0.014690 0.037589
98 0.452256 0.320480 0.039874 0.037589
268 0.108080 0.553467 0.044071 0.037589
83 0.453568 0.490765 0.015215 0.037913
120 0.454879 0.358393 0.019937 0.038237
87 0.282004 0.552171 0.037251 0.038237
2844 0.104669 0.319831 0.048793 0.038237
119 0.280955 0.590570 0.016264 0.038561
83 0.881952 0.512152 0.019937 0.038561
914 0.369098 0.652463 0.044596 0.038561
83 0.623295 0.898574 0.017838 0.038885
3136 0.881689 0.665262 0.041448 0.038885
4166 0.631689 0.203824 0.060860 0.038885
118 0.878804 0.445399 0.020986 0.039209
3136 0.104932 0.896144 0.041973 0.039209
83 0.625393 0.469540 0.017838 0.039533
118 0.881165 0.783863 0.020462 0.039533
491 0.199895 0.397278 0.059811 0.039533
3500 0.626967 0.350778 0.047219 0.039857
266 0.453305 0.683085 0.035677 0.040181
2438 0.623033 0.514096 0.043547 0.040506
83 0.107030 0.511017 0.019937 0.040830
3009 0.366474 0.472132 0.051941 0.040830
83 0.281742 0.316267 0.018888 0.041478
505 0.881165 0.558976 0.028856 0.042126
3009 0.624082 0.739793 0.051941 0.042126
83 0.452781 0.724887 0.017838 0.043422
1877 0.281480 0.366332 0.039349 0.043746
3136 0.449895 0.865846 0.038300 0.044070
83 0.365687 0.601588 0.017838 0.045690
268 0.624607 0.815781 0.035152 0.045690
68 0.459864 0.241413 0.008919 0.046014
68 0.369622 0.313513 0.008919 0.048283
2962 0.454092 0.540992 0.037251 0.052171
68 0.366212 0.878970 0.012592 0.072262
