128 0.201299 0.444502 0.014069 0.010653
92 0.564935 0.695361 0.041126 0.010653
101 0.777868 0.411340 0.033009 0.012371
108 0.311147 0.850859 0.018398 0.013746
81 0.196970 0.431443 0.030303 0.014777
1255 0.288149 0.625430 0.057900 0.017182
108 0.197240 0.239691 0.021104 0.017526
91 0.192911 0.551375 0.034091 0.018213
52 0.643669 0.869931 0.044913 0.018213
1173 0.756223 0.637973 0.040584 0.018900
56 0.204816 0.291753 0.013528 0.019244
56 0.099838 0.785567 0.013528 0.019244
55 0.847673 0.678694 0.045996 0.019244
76 0.206981 0.848969 0.023268 0.019588
108 0.301407 0.643299 0.016234 0.019931
91 0.668561 0.429210 0.038420 0.019931
55 0.384199 0.679381 0.046537 0.019931
52 0.573323 0.485052 0.052489 0.020275
88 0.477543 0.499656 0.035173 0.020619
113 0.476732 0.352234 0.047619 0.020619
98 0.103626 0.653265 0.061147 0.020619
120 0.477543 0.592955 0.021104 0.020962
2151 0.292208 0.409450 0.053030 0.020962
56 0.477814 0.857732 0.016234 0.021306
76 0.293561 0.735395 0.018939 0.021306
66 0.099838 0.676289 0.022186 0.021306
81 0.195076 0.270962 0.048160 0.021649
252 0.744859 0.784880 0.031926 0.021993
81 0.753788 0.474227 0.040043 0.021993
418 0.397998 0.454639 0.043831 0.021993
56 0.294643 0.561340 0.016775 0.022337
120 0.854978 0.246564 0.025974 0.022337
418 0.489448 0.247938 0.040584 0.022337
120 0.293019 0.757388 0.017857 0.022680
88 0.854978 0.621306 0.022727 0.022680
120 0.195887 0.893127 0.024892 0.022680
259 0.563853 0.617182 0.048701 0.022680
98 0.669372 0.405155 0.069264 0.022680
108 0.292208 0.502921 0.019481 0.023024
101 0.316288 0.719759 0.021104 0.023024
252 0.290584 0.438316 0.032468 0.023024
62 0.290584 0.244502 0.030303 0.023711
113 0.648268 0.749828 0.046537 0.024055
547 0.838203 0.769072 0.047619 0.024055
88 0.559794 0.892784 0.052489 0.024055
128 0.212392 0.869931 0.015693 0.024399
76 0.479708 0.570790 0.018939 0.024742
88 0.744318 0.848797 0.031926 0.024742
128 0.392316 0.700515 0.012987 0.025086
108 0.397186 0.537629 0.015152 0.025086
547 0.472673 0.793986 0.034091 0.025086
92 0.850920 0.345361 0.025433 0.025430
117 0.399080 0.511684 0.027597 0.025430
91 0.848485 0.882474 0.031385 0.025430
92 0.574675 0.505326 0.023810 0.025773
113 0.849567 0.376976 0.049784 0.026117
252 0.846861 0.463918 0.051948 0.026117
890 0.741071 0.819759 0.053571 0.026460
120 0.296807 0.270790 0.018939 0.026804
85 0.665855 0.608419 0.020022 0.027148
85 0.856602 0.703608 0.022727 0.027148
92 0.480519 0.319759 0.023810 0.027148
58 0.193994 0.406014 0.023268 0.027835
88 0.099297 0.580928 0.031926 0.027835
87 0.200216 0.347595 0.032468 0.027835
91 0.666937 0.379553 0.033009 0.027835
119 0.853355 0.313746 0.016234 0.028179
118 0.207792 0.315979 0.012987 0.028522
78 0.398268 0.386426 0.033550 0.028522
2489 0.102543 0.550687 0.055736 0.028522
66 0.760281 0.438144 0.027056 0.028866
395 0.109578 0.849141 0.063312 0.028866
88 0.295725 0.879210 0.039502 0.029210
1256 0.759470 0.337629 0.040584 0.029210
98 0.100920 0.435911 0.062229 0.029210
83 0.845779 0.647766 0.027056 0.029553
4260 0.483496 0.286082 0.027597 0.029897
109 0.474838 0.831100 0.047078 0.029897
2794 0.100108 0.401546 0.050866 0.029897
3052 0.203463 0.720790 0.058442 0.029897
2273 0.095238 0.251546 0.042208 0.030241
85 0.109578 0.472680 0.022186 0.030584
83 0.380411 0.639003 0.030303 0.030584
81 0.289773 0.540378 0.049242 0.030584
85 0.397457 0.481443 0.016775 0.030928
60 0.568452 0.541237 0.016775 0.030928
76 0.642045 0.896220 0.027597 0.030928
126 0.750271 0.756701 0.041667 0.030928
101 0.470779 0.617354 0.055195 0.031271
83 0.662879 0.676117 0.057359 0.031271
56 0.295455 0.344330 0.022727 0.031615
58 0.668290 0.349485 0.030303 0.031615
560 0.196699 0.469588 0.044913 0.031959
2833 0.751353 0.879897 0.053571 0.031959
2237 0.375541 0.839175 0.045455 0.032302
1477 0.290043 0.787285 0.049784 0.032302
119 0.848755 0.733849 0.013528 0.032646
710 0.757576 0.375086 0.040043 0.032646
2323 0.564123 0.860309 0.051407 0.032646
3948 0.850379 0.588832 0.056818 0.032646
85 0.387716 0.796564 0.017857 0.032990
117 0.857143 0.282818 0.021645 0.032990
85 0.756494 0.500687 0.021645 0.032990
68 0.202922 0.821649 0.042208 0.032990
3664 0.476732 0.756701 0.048701 0.032990
119 0.395292 0.616838 0.015693 0.033677
3354 0.565206 0.773540 0.039502 0.033677
95 0.475379 0.885567 0.043831 0.033677
2233 0.757576 0.673540 0.045455 0.033677
4253 0.846591 0.842268 0.048160 0.033677
3709 0.841991 0.549141 0.051948 0.033677
60 0.641504 0.842268 0.018939 0.034364
126 0.202922 0.682818 0.044372 0.034364
113 0.296807 0.377663 0.055736 0.034364
85 0.298972 0.310825 0.020022 0.034708
62 0.211310 0.379553 0.025433 0.034708
870 0.477002 0.467526 0.042749 0.034708
107 0.104437 0.704983 0.048701 0.034708
2499 0.099297 0.622165 0.049242 0.034708
4256 0.757035 0.549313 0.055195 0.034708
119 0.665043 0.639863 0.020563 0.035052
739 0.475649 0.427148 0.033550 0.035052
482 0.559524 0.815120 0.040043 0.035052
83 0.095509 0.371306 0.025433 0.035395
3735 0.102543 0.331271 0.039502 0.035739
119 0.222132 0.755842 0.014610 0.036082
126 0.095509 0.290206 0.038420 0.036082
3674 0.199675 0.643643 0.051948 0.036426
495 0.389881 0.421821 0.068723 0.036770
118 0.098214 0.814089 0.023268 0.037113
76 0.569264 0.257388 0.024892 0.037113
83 0.193723 0.786254 0.029221 0.037113
60 0.847673 0.423883 0.015693 0.037457
1584 0.674513 0.462371 0.035173 0.037457
126 0.668019 0.575430 0.057900 0.037457
121 0.385281 0.885567 0.030303 0.037801
126 0.762175 0.298625 0.035173 0.037801
505 0.559524 0.582131 0.046537 0.037801
3664 0.567100 0.725086 0.050866 0.037801
1639 0.288961 0.686770 0.056277 0.038144
118 0.300595 0.589175 0.026515 0.038832
87 0.102273 0.753436 0.045455 0.038832
3045 0.388528 0.578007 0.050866 0.039175
60 0.475379 0.386426 0.016775 0.040206
53 0.656656 0.716667 0.024351 0.040893
83 0.564123 0.345533 0.029762 0.040893
3189 0.472944 0.713058 0.043290 0.041237
83 0.567100 0.450859 0.021645 0.041924
83 0.835498 0.804639 0.029221 0.042268
1917 0.478626 0.536942 0.039502 0.042268
316 0.112554 0.885052 0.099567 0.042268
107 0.392045 0.350000 0.029762 0.043643
68 0.387987 0.249485 0.008658 0.043986
83 0.662338 0.309622 0.024892 0.043986
316 0.296537 0.472165 0.063853 0.043986
83 0.379058 0.298454 0.026515 0.045017
92 0.104978 0.510825 0.030303 0.045017
1827 0.197511 0.513574 0.054113 0.045017
58 0.567370 0.299141 0.018939 0.045704
68 0.668290 0.256357 0.008658 0.046048
83 0.750541 0.595876 0.024892 0.046735
3807 0.569264 0.403436 0.050866 0.046735
68 0.636093 0.802577 0.009199 0.047766
2256 0.190476 0.599485 0.048701 0.047766
68 0.311959 0.817182 0.008117 0.048797
316 0.851732 0.506357 0.069264 0.050515
1279 0.755952 0.718385 0.048701 0.052577
2605 0.571699 0.658935 0.050325 0.052577
1583 0.767045 0.255498 0.054654 0.053265
47 0.659091 0.776632 0.031385 0.054983
47 0.396374 0.747251 0.027597 0.058763
3032 0.667749 0.520790 0.040043 0.064261
68 0.454816 0.633333 0.013528 0.075601
