246 0.035539 0.703307 0.032680 0.007504
246 0.276757 0.801834 0.034722 0.010006
246 0.275940 0.891606 0.034722 0.010006
246 0.277574 0.353947 0.042075 0.011951
113 0.402165 0.272374 0.037173 0.012229
113 0.641544 0.543079 0.044526 0.013341
101 0.462623 0.187604 0.049428 0.014452
173 0.217525 0.867565 0.030637 0.014730
101 0.214665 0.855058 0.047794 0.014730
173 0.518178 0.835047 0.038807 0.015286
113 0.515931 0.870762 0.037582 0.015564
246 0.885008 0.297110 0.041258 0.015564
56 0.881944 0.899805 0.013072 0.015842
56 0.824959 0.283908 0.015114 0.015842
52 0.880515 0.887576 0.037990 0.015842
173 0.340482 0.578794 0.039624 0.015842
113 0.397263 0.498193 0.042892 0.015842
56 0.459559 0.905086 0.016340 0.016398
173 0.765319 0.408977 0.037173 0.016398
128 0.762663 0.760422 0.016340 0.016676
85 0.762255 0.896887 0.024510 0.016676
113 0.342525 0.286270 0.040441 0.016676
56 0.345997 0.112285 0.016340 0.017788
66 0.703227 0.814341 0.021650 0.017788
91 0.215278 0.909116 0.032680 0.017788
56 0.765727 0.131323 0.014297 0.018066
173 0.459355 0.169400 0.030637 0.018066
287 0.343342 0.808922 0.045343 0.018066
495 0.397059 0.927043 0.052288 0.018621
81 0.703023 0.349917 0.039216 0.018899
52 0.342729 0.181490 0.042484 0.018899
56 0.334967 0.697193 0.016340 0.019177
52 0.639093 0.711089 0.033088 0.019177
287 0.886029 0.184408 0.039216 0.019177
126 0.400123 0.906476 0.039624 0.019177
88 0.885008 0.921762 0.037990 0.019733
91 0.040441 0.559616 0.039216 0.019733
52 0.884600 0.599639 0.039624 0.019733
495 0.884191 0.621873 0.048611 0.019733
128 0.337214 0.786826 0.011846 0.020011
56 0.517565 0.422735 0.017974 0.020011
119 0.460580 0.859644 0.021650 0.020011
66 0.522263 0.275987 0.024918 0.020011
81 0.639910 0.755142 0.034722 0.020011
104 0.820874 0.895497 0.037173 0.020011
113 0.819649 0.543635 0.041258 0.020011
52 0.332925 0.745970 0.042484 0.020011
495 0.458129 0.550584 0.046977 0.020011
57 0.407680 0.314202 0.031046 0.020289
52 0.885212 0.677182 0.037582 0.020289
56 0.576593 0.903141 0.041258 0.020289
55 0.276757 0.661618 0.043709 0.020289
126 0.523693 0.329767 0.047386 0.020289
287 0.524918 0.634380 0.049020 0.020289
76 0.346609 0.197193 0.024101 0.020845
52 0.396855 0.783630 0.034722 0.020845
418 0.406658 0.204697 0.035539 0.020845
495 0.338440 0.429822 0.055964 0.020845
64 0.824551 0.230684 0.019199 0.021123
85 0.822508 0.766815 0.024918 0.021123
67 0.404820 0.335464 0.035948 0.021123
91 0.220384 0.388827 0.036356 0.021123
81 0.883783 0.314341 0.039624 0.021123
52 0.403391 0.138827 0.034722 0.021401
113 0.283088 0.111590 0.039216 0.021401
76 0.164420 0.322540 0.042075 0.021401
56 0.649714 0.114647 0.015931 0.021957
76 0.406250 0.157449 0.024101 0.021957
287 0.410335 0.223041 0.039624 0.021957
126 0.759804 0.659116 0.045752 0.021957
113 0.278391 0.273346 0.046160 0.021957
120 0.338031 0.766537 0.026552 0.022235
52 0.882761 0.814341 0.035948 0.022235
55 0.828227 0.329628 0.042075 0.022235
495 0.578227 0.757643 0.048611 0.022235
495 0.765727 0.117843 0.051062 0.022235
495 0.701389 0.766259 0.053922 0.022235
119 0.467525 0.271401 0.020833 0.022513
418 0.642361 0.800862 0.022467 0.022513
52 0.577410 0.775848 0.031454 0.022513
91 0.880515 0.867009 0.037990 0.022513
127 0.460784 0.924263 0.042484 0.022513
127 0.525531 0.470678 0.044526 0.022513
68 0.892565 0.139105 0.009804 0.023068
119 0.219975 0.816982 0.015931 0.023068
117 0.767157 0.198583 0.017974 0.023068
118 0.578636 0.924819 0.020016 0.023068
72 0.698734 0.859227 0.033905 0.023068
91 0.585784 0.239439 0.034314 0.023068
91 0.588440 0.183852 0.037173 0.023068
52 0.700776 0.449555 0.037990 0.023068
125 0.460989 0.594358 0.042892 0.023068
287 0.344158 0.446776 0.044526 0.023068
495 0.704657 0.307810 0.052288 0.023068
56 0.579861 0.534742 0.018382 0.023346
56 0.646038 0.268760 0.020016 0.023346
68 0.818015 0.873819 0.037173 0.023346
72 0.643382 0.169539 0.037582 0.023346
81 0.701389 0.495831 0.039216 0.023346
126 0.520221 0.698166 0.040441 0.023346
126 0.458742 0.526959 0.045752 0.023346
127 0.345588 0.133130 0.047386 0.023346
102 0.821078 0.853530 0.047386 0.023346
60 0.281454 0.146331 0.022876 0.023624
66 0.640114 0.325320 0.027778 0.023624
66 0.881740 0.366732 0.028186 0.023624
51 0.338031 0.840328 0.031454 0.023624
52 0.222426 0.366732 0.040441 0.023624
127 0.703636 0.836159 0.044526 0.023624
126 0.398897 0.562396 0.049428 0.023624
56 0.764093 0.321151 0.017565 0.024180
119 0.579861 0.799750 0.018382 0.024180
119 0.039011 0.897304 0.018382 0.024180
111 0.881740 0.840606 0.025735 0.024180
68 0.638276 0.525153 0.033905 0.024180
76 0.044730 0.113535 0.043709 0.024180
495 0.164828 0.379516 0.046160 0.024180
126 0.580882 0.445108 0.047386 0.024180
98 0.639502 0.607143 0.047794 0.024180
102 0.705678 0.266120 0.051062 0.024180
119 0.283292 0.170372 0.017565 0.024458
92 0.639297 0.831017 0.024510 0.024458
58 0.767770 0.922179 0.024918 0.024458
91 0.766340 0.175375 0.032680 0.024458
418 0.167279 0.235409 0.033905 0.024458
68 0.515727 0.849083 0.034722 0.024458
1834 0.214257 0.887993 0.039624 0.024458
418 0.344158 0.241245 0.040441 0.024458
495 0.642565 0.474152 0.050654 0.024458
495 0.525123 0.262924 0.054330 0.024458
189 0.338031 0.467343 0.019199 0.024736
119 0.642770 0.733880 0.020833 0.024736
119 0.399306 0.806976 0.020833 0.024736
83 0.524306 0.194414 0.031454 0.024736
90 0.704044 0.372568 0.036356 0.024736
95 0.515931 0.756670 0.042484 0.024736
68 0.527369 0.595748 0.006536 0.025292
128 0.582721 0.608533 0.011846 0.025292
189 0.526757 0.116315 0.018382 0.025292
64 0.579044 0.470956 0.018382 0.025292
64 0.646446 0.139661 0.020833 0.025292
64 0.277982 0.726654 0.020833 0.025292
119 0.702819 0.473457 0.024101 0.025292
92 0.337623 0.920650 0.024918 0.025292
251 0.039011 0.644664 0.033088 0.025292
68 0.403391 0.253057 0.035539 0.025292
67 0.465278 0.445386 0.035948 0.025292
68 0.579044 0.674680 0.037990 0.025292
68 0.341912 0.265564 0.040850 0.025292
717 0.460172 0.882296 0.056781 0.025292
60 0.455678 0.762924 0.019199 0.025570
119 0.884395 0.444691 0.019608 0.025570
57 0.345384 0.331851 0.033088 0.025570
1214 0.882966 0.770150 0.042892 0.025570
88 0.167075 0.114230 0.044118 0.025570
127 0.770221 0.153141 0.046160 0.025570
126 0.824551 0.208727 0.047794 0.025570
418 0.213031 0.836159 0.015114 0.025848
60 0.762459 0.713869 0.020833 0.025848
64 0.707516 0.920650 0.026144 0.025848
57 0.404208 0.541273 0.031454 0.025848
62 0.641544 0.920372 0.033905 0.025848
68 0.397467 0.476515 0.034314 0.025848
547 0.885417 0.115481 0.035539 0.025848
88 0.280637 0.463730 0.039216 0.025848
98 0.582925 0.301140 0.040850 0.025848
302 0.224469 0.114091 0.041258 0.025848
76 0.037786 0.788355 0.042892 0.025848
126 0.042688 0.374792 0.043709 0.025848
495 0.218750 0.622707 0.054330 0.025848
66 0.699959 0.680795 0.028186 0.026404
123 0.047794 0.227487 0.029412 0.026404
66 0.583538 0.380072 0.032271 0.026404
88 0.523897 0.168844 0.034722 0.026404
52 0.035948 0.872012 0.035948 0.026404
88 0.829657 0.305586 0.039216 0.026404
91 0.881127 0.796415 0.039216 0.026404
4132 0.037377 0.922318 0.041258 0.026404
126 0.343342 0.158004 0.046977 0.026404
53 0.698938 0.884658 0.019608 0.026681
64 0.463031 0.369372 0.024918 0.026681
87 0.641953 0.378266 0.025735 0.026681
66 0.393178 0.858810 0.028186 0.026681
418 0.885008 0.161479 0.031454 0.026681
62 0.642157 0.774597 0.032680 0.026681
55 0.883374 0.419678 0.037990 0.026681
4132 0.337623 0.892996 0.037990 0.026681
98 0.041462 0.201501 0.040441 0.026681
88 0.885417 0.339355 0.042075 0.026681
60 0.819240 0.684408 0.018382 0.026959
60 0.461397 0.145775 0.026552 0.026959
268 0.587214 0.263341 0.037173 0.026959
189 0.704044 0.118260 0.013480 0.027515
189 0.336806 0.601306 0.015931 0.027515
56 0.041462 0.585186 0.018382 0.027515
88 0.217933 0.594358 0.020016 0.027515
88 0.703840 0.279461 0.022876 0.027515
119 0.337827 0.722207 0.022876 0.027515
58 0.824551 0.183574 0.024101 0.027515
251 0.880923 0.535158 0.029003 0.027515
95 0.459559 0.571012 0.034314 0.027515
83 0.821691 0.626598 0.034722 0.027515
115 0.640523 0.583519 0.035948 0.027515
67 0.641748 0.894803 0.035948 0.027515
2677 0.826797 0.151890 0.039216 0.027515
88 0.581699 0.557949 0.039216 0.027515
88 0.702410 0.425097 0.039624 0.027515
85 0.762868 0.538077 0.016748 0.027793
107 0.463848 0.344080 0.021650 0.027793
91 0.820874 0.831295 0.033905 0.027793
710 0.575572 0.852974 0.039216 0.027793
91 0.706904 0.904669 0.048611 0.027793
77 0.285948 0.198444 0.049020 0.027793
126 0.279820 0.408004 0.049020 0.027793
68 0.346814 0.222763 0.009804 0.028071
53 0.400940 0.520150 0.013480 0.028071
117 0.764297 0.686631 0.014706 0.028071
278 0.581904 0.880350 0.019199 0.028071
83 0.763072 0.880628 0.029412 0.028071
718 0.639297 0.494858 0.034314 0.028071
122 0.398489 0.587688 0.037990 0.028071
76 0.037582 0.724986 0.042484 0.028071
126 0.407067 0.117148 0.043709 0.028071
126 0.705678 0.180517 0.044526 0.028071
111 0.702614 0.739717 0.022876 0.028627
62 0.337623 0.557115 0.033905 0.028627
65 0.050858 0.347276 0.035539 0.028627
1174 0.826593 0.919817 0.036356 0.028627
62 0.277982 0.637437 0.037173 0.028627
88 0.884191 0.507921 0.040441 0.028627
366 0.525123 0.145220 0.042892 0.028627
88 0.464257 0.395081 0.045343 0.028627
91 0.650123 0.220261 0.052696 0.028627
53 0.281250 0.225403 0.013480 0.028905
117 0.168505 0.136743 0.015931 0.028905
88 0.764706 0.853252 0.016340 0.028905
85 0.700163 0.614230 0.021242 0.028905
64 0.219567 0.488327 0.024101 0.028905
64 0.648489 0.242357 0.024918 0.028905
83 0.764093 0.441912 0.032271 0.028905
83 0.398693 0.831851 0.032680 0.028905
115 0.515931 0.919956 0.035948 0.028905
1174 0.469158 0.118955 0.039624 0.028905
547 0.519812 0.569483 0.040441 0.028905
76 0.761234 0.738466 0.041258 0.028905
95 0.276348 0.580322 0.042892 0.028905
4132 0.884804 0.737076 0.044118 0.028905
118 0.278391 0.549333 0.017565 0.029183
107 0.338440 0.866732 0.024101 0.029183
70 0.398489 0.662173 0.031454 0.029183
88 0.519404 0.492913 0.033088 0.029183
2542 0.044730 0.504864 0.037173 0.029183
88 0.398489 0.455392 0.042075 0.029183
81 0.397672 0.729433 0.043709 0.029183
53 0.280433 0.299750 0.015931 0.029739
117 0.225694 0.171623 0.016748 0.029739
83 0.581495 0.825875 0.029820 0.029739
62 0.459763 0.650222 0.030637 0.029739
83 0.642361 0.658560 0.033905 0.029739
62 0.394199 0.885631 0.035948 0.029739
2677 0.461806 0.416759 0.037173 0.029739
104 0.580678 0.701362 0.037990 0.029739
1174 0.645629 0.444275 0.039624 0.029739
67 0.464665 0.620206 0.039624 0.029739
95 0.822304 0.518482 0.040850 0.029739
76 0.044118 0.301140 0.045752 0.029739
91 0.591708 0.285019 0.046977 0.029739
102 0.219158 0.576292 0.051879 0.029739
85 0.464461 0.473041 0.017974 0.030017
53 0.513889 0.893552 0.017974 0.030017
83 0.221405 0.467482 0.034314 0.030017
418 0.523284 0.611451 0.035948 0.030017
115 0.278799 0.438855 0.037173 0.030017
4132 0.465074 0.295720 0.040441 0.030017
67 0.342729 0.530017 0.040850 0.030017
76 0.885417 0.207337 0.041258 0.030017
189 0.279003 0.247499 0.016340 0.030295
117 0.458129 0.734714 0.018382 0.030295
60 0.166871 0.167454 0.020833 0.030295
76 0.580678 0.581017 0.024101 0.030295
107 0.219567 0.925097 0.024101 0.030295
66 0.037377 0.611590 0.024918 0.030295
83 0.458946 0.707754 0.026552 0.030295
60 0.513685 0.728043 0.027369 0.030295
83 0.700368 0.550167 0.029003 0.030295
83 0.278799 0.490967 0.030637 0.030295
65 0.047794 0.534603 0.032680 0.030295
718 0.760212 0.471512 0.035948 0.030295
51 0.280842 0.520428 0.039624 0.030295
4132 0.762868 0.566009 0.044526 0.030295
76 0.463031 0.328655 0.046977 0.030295
717 0.225286 0.140773 0.052696 0.030295
88 0.643178 0.629099 0.012663 0.030850
117 0.822304 0.655781 0.016340 0.030850
107 0.045139 0.320039 0.022467 0.030850
65 0.887051 0.266676 0.032271 0.030850
68 0.591299 0.329628 0.011846 0.031128
2598 0.168709 0.211506 0.016340 0.031128
111 0.822508 0.497499 0.017565 0.031128
53 0.461806 0.506948 0.017565 0.031128
60 0.222426 0.200389 0.020833 0.031128
87 0.704861 0.240133 0.024918 0.031128
74 0.400940 0.429405 0.030637 0.031128
62 0.699959 0.708727 0.033088 0.031128
4132 0.761642 0.827960 0.046160 0.031128
1559 0.166667 0.188994 0.049020 0.031128
53 0.400940 0.292802 0.017565 0.031406
123 0.643995 0.295859 0.019199 0.031406
718 0.460172 0.202752 0.031454 0.031406
83 0.043096 0.475959 0.031454 0.031406
62 0.882966 0.396192 0.033905 0.031406
1174 0.710989 0.208310 0.037173 0.031406
68 0.222426 0.518760 0.011029 0.031962
53 0.342116 0.309755 0.017565 0.031962
92 0.763072 0.600750 0.022876 0.031962
58 0.761846 0.348944 0.026144 0.031962
111 0.885621 0.704697 0.032680 0.031962
51 0.041871 0.406198 0.034722 0.031962
83 0.520833 0.540717 0.039216 0.031962
82 0.285335 0.129377 0.041258 0.031962
88 0.221609 0.440939 0.044526 0.031962
53 0.638685 0.564758 0.018382 0.032240
92 0.763685 0.507504 0.024101 0.032240
93 0.339257 0.666481 0.033905 0.032240
68 0.530433 0.524319 0.009395 0.032518
85 0.762868 0.633546 0.018382 0.032518
92 0.585784 0.211089 0.021242 0.032518
83 0.222018 0.299750 0.031454 0.032518
718 0.700572 0.784742 0.032680 0.032518
62 0.522263 0.302529 0.033905 0.032518
83 0.824551 0.427599 0.033905 0.032518
83 0.765523 0.301140 0.034314 0.032518
90 0.463440 0.243330 0.040441 0.032518
122 0.826185 0.356448 0.041258 0.032518
4132 0.823529 0.569344 0.045752 0.032518
107 0.885212 0.233602 0.021242 0.033074
53 0.279003 0.756531 0.016340 0.033352
107 0.035743 0.812118 0.018382 0.033352
53 0.220792 0.415787 0.019199 0.033352
88 0.823325 0.598110 0.019199 0.033352
58 0.765114 0.230128 0.026144 0.033352
718 0.883578 0.643969 0.032680 0.033352
111 0.827819 0.120067 0.037173 0.033352
79 0.592116 0.155642 0.037990 0.033352
1174 0.580678 0.729572 0.037990 0.033352
111 0.342116 0.399389 0.040441 0.033352
96 0.641953 0.353530 0.041258 0.033352
58 0.586601 0.121317 0.026144 0.033630
87 0.217320 0.554058 0.026144 0.033630
74 0.338031 0.634936 0.028186 0.033630
65 0.047590 0.170511 0.033905 0.033630
63 0.521446 0.442051 0.039624 0.033630
3322 0.704044 0.399528 0.041258 0.033630
68 0.406863 0.183852 0.009804 0.034186
85 0.216912 0.641329 0.019608 0.034186
92 0.700368 0.581851 0.024101 0.034186
111 0.639910 0.682185 0.028186 0.034186
58 0.580270 0.636882 0.029003 0.034186
88 0.456904 0.678016 0.031454 0.034186
2677 0.167892 0.261673 0.034314 0.034186
67 0.171160 0.296137 0.039216 0.034186
130 0.582516 0.350750 0.031046 0.034464
62 0.042688 0.439689 0.038807 0.034464
1834 0.517565 0.808227 0.042484 0.034464
189 0.400531 0.395914 0.017565 0.034742
117 0.521855 0.357560 0.018382 0.034742
122 0.215686 0.677738 0.035948 0.034742
107 0.826593 0.258616 0.039624 0.034742
119 0.399714 0.694136 0.024101 0.035297
646 0.278799 0.916203 0.024918 0.035297
58 0.820874 0.799750 0.027369 0.035297
107 0.766136 0.382852 0.037990 0.035297
53 0.645016 0.198999 0.014706 0.035575
53 0.167279 0.351306 0.015114 0.035575
119 0.223243 0.268205 0.020833 0.035575
70 0.221609 0.234297 0.021650 0.035575
86 0.647672 0.409394 0.034722 0.035575
111 0.701185 0.646887 0.020833 0.036409
58 0.702819 0.326709 0.022467 0.036409
107 0.764910 0.265842 0.024101 0.036409
56 0.109477 0.436215 0.029412 0.036409
51 0.279208 0.606587 0.034722 0.036409
62 0.702410 0.517371 0.035539 0.036409
85 0.215278 0.747082 0.019608 0.036687
74 0.706904 0.153974 0.024101 0.036687
58 0.582312 0.415509 0.029820 0.036687
62 0.401552 0.357004 0.034314 0.036965
62 0.400940 0.755003 0.034722 0.036965
90 0.456904 0.830600 0.041258 0.036965
102 0.882353 0.475681 0.042484 0.037521
119 0.039011 0.847415 0.021650 0.037799
107 0.045139 0.136743 0.022467 0.037799
646 0.278799 0.826292 0.027369 0.037799
58 0.521446 0.392718 0.029003 0.037799
552 0.041462 0.677043 0.036356 0.037799
107 0.581904 0.501946 0.037173 0.037799
111 0.529003 0.231518 0.037582 0.037799
1831 0.825776 0.461923 0.043709 0.037799
93 0.885212 0.567954 0.027778 0.038633
90 0.215891 0.785853 0.043709 0.038633
74 0.336601 0.498610 0.026144 0.038911
58 0.276552 0.691356 0.026144 0.039188
3756 0.341708 0.362007 0.030637 0.039188
117 0.163399 0.402724 0.019608 0.040022
98 0.638072 0.862146 0.037582 0.040022
646 0.280433 0.379099 0.044526 0.040022
70 0.220997 0.336159 0.022876 0.041968
58 0.762663 0.791829 0.028595 0.043913
2193 0.275940 0.865064 0.033088 0.044191
68 0.286152 0.317815 0.037173 0.044191
3984 0.513480 0.666064 0.040850 0.044191
69 0.275531 0.767232 0.034722 0.045859
2598 0.512051 0.780573 0.021650 0.047526
87 0.114788 0.478738 0.070261 0.047526
68 0.040850 0.758060 0.009804 0.048082
68 0.400327 0.619928 0.009804 0.049194
68 0.165645 0.446498 0.010212 0.049194
47 0.223652 0.710534 0.032271 0.049194
91 0.116626 0.525431 0.073938 0.049750
68 0.827002 0.389800 0.011029 0.050306
68 0.757353 0.400917 0.047386 0.050306
47 0.458946 0.791968 0.026552 0.053085
501 0.110907 0.341996 0.065768 0.054753
47 0.047794 0.260145 0.029412 0.055586
66 0.110907 0.395775 0.061683 0.055586
47 0.823325 0.724708 0.031454 0.063091
2913 0.110703 0.280989 0.055556 0.066704
4119 0.112132 0.597137 0.084559 0.084213
