146 0.644928 0.617667 0.026756 0.011454
101 0.107581 0.597362 0.052397 0.011801
146 0.750557 0.349184 0.026198 0.013190
146 0.107023 0.493752 0.028986 0.013537
146 0.428930 0.241756 0.026198 0.014231
190 0.644649 0.582957 0.026198 0.014925
152 0.427258 0.223186 0.021739 0.015272
190 0.750000 0.311350 0.028428 0.015272
190 0.211260 0.149948 0.030100 0.015272
146 0.214047 0.192989 0.030100 0.015272
101 0.188685 0.648907 0.039576 0.015620
190 0.104515 0.455571 0.029543 0.016314
190 0.428651 0.203054 0.025641 0.017355
152 0.105630 0.473794 0.029543 0.017355
146 0.335006 0.406283 0.027871 0.017702
152 0.644091 0.600833 0.029543 0.018049
93 0.240245 0.629469 0.050167 0.018396
152 0.747770 0.329920 0.030658 0.019091
188 0.778707 0.857168 0.037904 0.019091
92 0.428372 0.430233 0.045151 0.019091
132 0.744983 0.873655 0.026198 0.019438
52 0.751394 0.572718 0.050167 0.020826
101 0.753902 0.767442 0.057414 0.020826
101 0.106466 0.421729 0.059086 0.020826
101 0.644928 0.553107 0.057971 0.021173
56 0.192029 0.577230 0.015050 0.021520
127 0.192865 0.598924 0.037904 0.021867
101 0.646042 0.720757 0.056856 0.021867
152 0.210981 0.171121 0.031773 0.022215
1002 0.540412 0.151683 0.035117 0.022215
57 0.194816 0.628254 0.035117 0.022215
52 0.749443 0.381812 0.050725 0.022215
127 0.534838 0.879903 0.064103 0.022215
1002 0.646600 0.359250 0.032330 0.022909
52 0.535396 0.578271 0.047380 0.022909
118 0.234392 0.648907 0.013935 0.023256
101 0.113155 0.855085 0.056856 0.023950
683 0.240245 0.575842 0.041249 0.024297
91 0.316054 0.237070 0.054627 0.024297
128 0.754181 0.595106 0.018952 0.024644
57 0.198718 0.264318 0.028428 0.024644
1002 0.110925 0.631552 0.037904 0.024644
1002 0.429487 0.628775 0.035117 0.025338
61 0.855072 0.864630 0.034560 0.025686
113 0.104515 0.315168 0.061873 0.025686
56 0.533166 0.780805 0.020624 0.026033
101 0.322742 0.872440 0.061315 0.026033
1002 0.212375 0.521694 0.039019 0.026380
110 0.645485 0.693162 0.042363 0.026380
91 0.641862 0.284276 0.055184 0.026380
132 0.768395 0.692294 0.028428 0.026727
91 0.422520 0.502430 0.054627 0.026727
60 0.233835 0.673377 0.025084 0.027074
118 0.193701 0.290871 0.026198 0.027074
56 0.423077 0.278028 0.059086 0.027074
52 0.107302 0.529851 0.050725 0.027421
4116 0.544872 0.167650 0.023969 0.027768
68 0.233556 0.604998 0.039019 0.027768
86 0.113434 0.878167 0.049610 0.027768
52 0.852564 0.513711 0.050725 0.027768
56 0.107302 0.396217 0.020624 0.028115
135 0.325251 0.439951 0.023969 0.028115
4116 0.117057 0.646477 0.025641 0.028809
92 0.105072 0.185352 0.045151 0.029157
87 0.647993 0.877820 0.065217 0.029157
166 0.304069 0.472926 0.018395 0.029504
123 0.234392 0.229261 0.019509 0.029504
4116 0.430881 0.643527 0.025641 0.029851
81 0.108696 0.786185 0.045708 0.029851
4116 0.648272 0.377126 0.025641 0.030198
4116 0.217949 0.536793 0.025641 0.030198
56 0.645485 0.526727 0.028986 0.030198
95 0.231048 0.292433 0.039576 0.030198
88 0.211817 0.876258 0.063545 0.030198
78 0.208751 0.330788 0.048495 0.030545
126 0.535674 0.544255 0.061315 0.030545
108 0.644370 0.847449 0.023411 0.030892
127 0.855351 0.706178 0.056299 0.030892
83 0.186734 0.675807 0.027871 0.031239
56 0.530379 0.386324 0.061873 0.031239
85 0.750836 0.506595 0.021182 0.032280
57 0.215440 0.367754 0.037347 0.032280
56 0.100334 0.155675 0.055741 0.032280
127 0.641026 0.455050 0.044593 0.032628
72 0.849220 0.271781 0.046265 0.032628
88 0.428651 0.463034 0.052397 0.032628
88 0.321906 0.198889 0.055184 0.032628
104 0.643813 0.424332 0.052397 0.032975
118 0.230491 0.260673 0.019509 0.033322
66 0.418060 0.588511 0.036789 0.033669
78 0.428930 0.746789 0.045151 0.033669
88 0.643534 0.490281 0.056299 0.033669
68 0.431996 0.308573 0.010033 0.034016
56 0.756968 0.792260 0.025641 0.034363
81 0.209588 0.401076 0.051282 0.034363
113 0.751115 0.659667 0.059643 0.034363
118 0.539298 0.448455 0.037347 0.034710
66 0.644649 0.320722 0.038462 0.034710
72 0.851171 0.673030 0.044593 0.034710
87 0.195931 0.232385 0.028428 0.035057
117 0.749721 0.276814 0.033445 0.035057
1810 0.322185 0.691600 0.033445 0.035057
87 0.426143 0.787747 0.050725 0.035057
90 0.753902 0.828011 0.052954 0.035057
69 0.760312 0.624089 0.027871 0.035404
111 0.748328 0.539743 0.031773 0.035404
83 0.105909 0.824714 0.035674 0.035404
72 0.529543 0.811871 0.046823 0.035404
81 0.536232 0.609163 0.051282 0.035404
69 0.430881 0.541999 0.023411 0.035751
56 0.322185 0.843284 0.030100 0.035751
87 0.536789 0.850920 0.039019 0.035751
118 0.428930 0.336515 0.041806 0.035751
55 0.540134 0.700451 0.060201 0.036099
90 0.210145 0.477959 0.064660 0.036099
76 0.208751 0.437175 0.040691 0.036446
127 0.102285 0.562131 0.044036 0.036446
127 0.861483 0.637105 0.068562 0.036446
68 0.542921 0.413398 0.013378 0.036793
55 0.644928 0.655675 0.056856 0.036793
127 0.322742 0.553627 0.059086 0.036793
127 0.759476 0.196112 0.066332 0.036793
85 0.638517 0.160882 0.023969 0.037140
83 0.641583 0.789656 0.037904 0.037487
127 0.431996 0.824019 0.069119 0.037487
74 0.213489 0.717286 0.028986 0.037834
60 0.855072 0.786706 0.045708 0.037834
77 0.321349 0.328705 0.055184 0.038181
74 0.539298 0.213641 0.035117 0.038528
87 0.217391 0.798507 0.049052 0.038528
51 0.644928 0.751822 0.045708 0.038875
56 0.849498 0.235682 0.021182 0.039570
85 0.853400 0.740021 0.024526 0.039570
87 0.850334 0.310656 0.042921 0.039570
90 0.752787 0.735509 0.055184 0.039570
55 0.854794 0.156196 0.062988 0.039570
117 0.316332 0.156716 0.037347 0.039917
118 0.542085 0.345193 0.039576 0.039917
58 0.850892 0.195939 0.040691 0.039917
87 0.854794 0.598577 0.047380 0.039917
126 0.641026 0.200451 0.061315 0.039917
119 0.752787 0.158105 0.037347 0.041305
74 0.321906 0.515099 0.032887 0.041652
68 0.107023 0.696980 0.055741 0.041652
55 0.852285 0.473447 0.059086 0.041652
127 0.214883 0.757376 0.059643 0.041652
118 0.323021 0.644741 0.044036 0.041999
127 0.536511 0.254078 0.052954 0.042346
92 0.750000 0.414960 0.031773 0.042694
68 0.853679 0.384589 0.009476 0.043041
68 0.426143 0.159667 0.010591 0.043041
247 0.102564 0.225963 0.043478 0.043041
58 0.535396 0.743145 0.044036 0.043041
127 0.855072 0.352135 0.057971 0.043388
90 0.323021 0.367754 0.068562 0.043388
87 0.858974 0.427282 0.051282 0.043735
118 0.214047 0.838077 0.021182 0.044082
85 0.099777 0.275078 0.027871 0.044776
95 0.852285 0.551024 0.054627 0.044776
69 0.323300 0.279417 0.023411 0.045123
95 0.642977 0.244880 0.051839 0.045470
70 0.751394 0.235682 0.036789 0.045817
70 0.855351 0.828879 0.038462 0.045817
118 0.106187 0.354391 0.042921 0.045817
71 0.751115 0.464249 0.041806 0.046165
2108 0.320513 0.793127 0.057971 0.046512
1087 0.535674 0.498959 0.052397 0.047553
68 0.429208 0.865672 0.017837 0.048594
83 0.530658 0.653766 0.027871 0.048941
87 0.535953 0.299722 0.045151 0.048941
87 0.320792 0.598056 0.042921 0.049288
1087 0.425864 0.389622 0.047938 0.050330
1894 0.326923 0.737591 0.056299 0.054148
107 0.426700 0.701145 0.036232 0.054842
121 0.103958 0.742798 0.039576 0.056230
