101 0.355764 0.612835 0.059377 0.014696
101 0.504453 0.546702 0.062840 0.015676
52 0.351311 0.654311 0.034636 0.016656
92 0.574715 0.171946 0.039090 0.017309
92 0.192479 0.137165 0.035626 0.017636
92 0.936418 0.503266 0.041069 0.017636
113 0.356754 0.801437 0.044532 0.018289
102 0.722909 0.442521 0.066304 0.018289
60 0.865413 0.805683 0.040574 0.018942
57 0.216724 0.911006 0.031667 0.019268
92 0.649431 0.830013 0.042058 0.019268
128 0.802573 0.840627 0.013855 0.019595
120 0.722415 0.423579 0.020782 0.019595
102 0.201633 0.265186 0.055913 0.019595
52 0.790945 0.679784 0.034142 0.019922
52 0.192726 0.159373 0.043048 0.020248
52 0.132360 0.608099 0.046017 0.020248
128 0.213261 0.334422 0.013855 0.020901
52 0.791935 0.307642 0.045027 0.020901
126 0.269421 0.157413 0.047996 0.020901
113 0.504453 0.734487 0.054923 0.020901
64 0.194458 0.112182 0.027709 0.021228
52 0.503464 0.528250 0.040079 0.021228
120 0.719941 0.715709 0.020782 0.021881
91 0.205839 0.558295 0.037605 0.021881
128 0.722415 0.176029 0.013855 0.022208
120 0.213261 0.884063 0.019792 0.022208
87 0.347105 0.114631 0.037110 0.022208
126 0.419594 0.312541 0.053439 0.022208
117 0.866403 0.601404 0.018803 0.022534
120 0.141514 0.748694 0.020782 0.022534
87 0.347600 0.411006 0.031173 0.022534
87 0.941860 0.667864 0.030183 0.022861
91 0.125186 0.136675 0.031667 0.023187
64 0.346116 0.172273 0.038100 0.023187
64 0.204107 0.318256 0.039090 0.023187
126 0.791687 0.281352 0.052449 0.023187
120 0.275606 0.388635 0.019792 0.023514
56 0.646215 0.397453 0.019792 0.023514
110 0.646215 0.576094 0.032657 0.023514
3053 0.356012 0.593730 0.036121 0.023514
1173 0.272637 0.182887 0.044532 0.023514
113 0.721672 0.339321 0.050965 0.023514
105 0.935428 0.113651 0.055913 0.023514
87 0.792924 0.443338 0.039090 0.023841
67 0.939881 0.315970 0.040079 0.023841
91 0.719198 0.826094 0.041069 0.023841
113 0.573231 0.259144 0.046017 0.023841
126 0.575210 0.668027 0.047996 0.023841
117 0.132113 0.182234 0.016823 0.024167
56 0.344384 0.262900 0.016823 0.024167
87 0.576447 0.283148 0.035626 0.024167
91 0.200643 0.427172 0.036121 0.024167
89 0.427264 0.111692 0.050965 0.024167
113 0.271400 0.208687 0.051954 0.024167
76 0.790203 0.324461 0.035626 0.024494
126 0.866898 0.450849 0.048491 0.024494
56 0.273380 0.342423 0.051954 0.024494
85 0.354033 0.631287 0.015339 0.024820
56 0.268679 0.233181 0.017813 0.024820
120 0.575705 0.373939 0.020287 0.024820
85 0.721920 0.362182 0.028699 0.024820
91 0.129391 0.338994 0.038100 0.024820
98 0.126175 0.160843 0.050470 0.025147
85 0.135082 0.632593 0.010886 0.025474
128 0.730332 0.524494 0.016823 0.025474
57 0.869619 0.388635 0.035131 0.025474
56 0.427511 0.138798 0.040574 0.025474
87 0.794161 0.818093 0.040574 0.025474
52 0.346363 0.238080 0.043543 0.025474
2151 0.128154 0.235794 0.049480 0.025474
82 0.209797 0.860222 0.054429 0.025474
88 0.210045 0.797355 0.023256 0.025800
111 0.272637 0.565153 0.030678 0.025800
547 0.426769 0.409700 0.047006 0.025800
120 0.649431 0.802417 0.019297 0.026127
56 0.424790 0.656434 0.045027 0.026127
52 0.643988 0.251796 0.046017 0.026127
81 0.500000 0.174722 0.048986 0.026127
56 0.716477 0.199543 0.049480 0.026127
88 0.352796 0.779066 0.012865 0.026453
88 0.428006 0.544905 0.017813 0.026453
88 0.202622 0.362018 0.019297 0.026453
76 0.790945 0.142880 0.036121 0.026453
87 0.718951 0.151698 0.039584 0.026453
118 0.358486 0.854997 0.026225 0.026780
1821 0.506185 0.902678 0.046512 0.026780
88 0.197180 0.213749 0.021277 0.027106
66 0.874320 0.864631 0.026719 0.027106
58 0.125433 0.111528 0.034142 0.027106
76 0.135824 0.549477 0.035131 0.027106
126 0.573726 0.509634 0.044038 0.027106
56 0.501484 0.308132 0.047006 0.027106
2726 0.578674 0.637002 0.054923 0.027106
110 0.501484 0.147943 0.032162 0.027433
87 0.645967 0.775637 0.033152 0.027433
83 0.571499 0.733181 0.035626 0.027433
1214 0.940623 0.809602 0.045522 0.027433
547 0.577932 0.113978 0.051460 0.027433
56 0.421573 0.600098 0.019792 0.027760
120 0.506432 0.710483 0.020287 0.027760
88 0.797625 0.729752 0.027709 0.027760
3053 0.646462 0.460973 0.036121 0.027760
117 0.646462 0.117897 0.025235 0.028086
64 0.721920 0.503592 0.040574 0.028086
739 0.645225 0.180927 0.051460 0.028086
85 0.866650 0.286251 0.017318 0.028413
83 0.280059 0.741182 0.041564 0.028413
51 0.788718 0.115447 0.042553 0.028413
702 0.794409 0.760451 0.047996 0.028413
495 0.502721 0.663782 0.063335 0.028413
111 0.136566 0.659700 0.029688 0.028739
95 0.424542 0.625082 0.043543 0.028739
81 0.501237 0.281189 0.053439 0.028739
127 0.945324 0.693664 0.054923 0.028739
119 0.135082 0.521391 0.021771 0.029066
88 0.133102 0.458034 0.022761 0.029066
76 0.502969 0.682724 0.031173 0.029066
3053 0.936418 0.377041 0.040079 0.029066
56 0.646710 0.520738 0.043543 0.029066
98 0.791440 0.704278 0.053934 0.029066
68 0.274369 0.279882 0.007422 0.029393
88 0.575705 0.834095 0.019297 0.029393
56 0.863187 0.151208 0.020287 0.029393
88 0.646462 0.309928 0.023256 0.029393
88 0.930975 0.242978 0.024245 0.029393
119 0.354033 0.562051 0.025235 0.029393
119 0.135329 0.577727 0.026225 0.029393
87 0.137556 0.722730 0.036616 0.029393
95 0.286987 0.902678 0.040574 0.029393
4377 0.279565 0.595363 0.044532 0.029393
95 0.793667 0.584585 0.048491 0.029393
98 0.356259 0.677335 0.051460 0.029393
68 0.349085 0.310745 0.006432 0.029719
88 0.865908 0.697747 0.020782 0.029719
70 0.199901 0.240529 0.038595 0.029719
123 0.796635 0.790496 0.043543 0.029719
1406 0.794161 0.206238 0.045522 0.029719
117 0.350569 0.465056 0.020287 0.030046
3053 0.791687 0.554866 0.037605 0.030046
77 0.873825 0.830176 0.041564 0.030046
51 0.433449 0.904964 0.041564 0.030046
122 0.725136 0.907577 0.047006 0.030046
81 0.647699 0.369693 0.048491 0.030046
3663 0.869619 0.418354 0.052944 0.030046
56 0.643493 0.280046 0.020287 0.030372
88 0.937407 0.471097 0.021277 0.030372
92 0.501237 0.330340 0.023751 0.030372
76 0.273627 0.361692 0.034636 0.030372
702 0.501237 0.602057 0.045522 0.030372
120 0.578921 0.143044 0.020782 0.030699
109 0.424790 0.570869 0.045027 0.030699
109 0.649926 0.338994 0.047006 0.030699
88 0.794161 0.420640 0.048491 0.030699
121 0.426027 0.384389 0.064325 0.030699
111 0.353785 0.703952 0.025730 0.031025
92 0.937160 0.407087 0.027709 0.031025
83 0.864671 0.516492 0.035131 0.031025
74 0.794904 0.615447 0.035131 0.031025
122 0.571252 0.231058 0.039090 0.031025
76 0.646462 0.635696 0.040079 0.031025
85 0.360713 0.903658 0.014844 0.031352
70 0.580901 0.901698 0.031667 0.031352
1406 0.648936 0.696277 0.046017 0.031352
4255 0.572736 0.701176 0.047006 0.031352
2489 0.502969 0.436969 0.053934 0.031352
91 0.434438 0.744285 0.068283 0.031352
53 0.429985 0.679784 0.016823 0.031679
4486 0.202622 0.491346 0.025235 0.031679
95 0.939139 0.640594 0.040574 0.031679
126 0.279812 0.626551 0.042058 0.031679
58 0.648936 0.667048 0.047996 0.031679
757 0.500990 0.118387 0.057892 0.031679
66 0.948540 0.903005 0.025730 0.032005
725 0.128402 0.262573 0.043048 0.032005
88 0.574963 0.402351 0.045522 0.032005
88 0.500990 0.796375 0.013360 0.032332
108 0.934686 0.566460 0.014844 0.032332
62 0.719941 0.689255 0.026719 0.032332
713 0.275854 0.451502 0.032162 0.032332
4504 0.133845 0.693501 0.051954 0.032332
82 0.793419 0.352874 0.055913 0.032332
88 0.798367 0.902351 0.026225 0.032658
111 0.279565 0.488570 0.026719 0.032658
3022 0.939881 0.724037 0.047996 0.032658
88 0.276348 0.261920 0.048986 0.032658
98 0.643988 0.491182 0.052944 0.032658
60 0.866898 0.256205 0.025730 0.032985
83 0.503958 0.829033 0.036121 0.032985
56 0.191737 0.186153 0.017318 0.033312
111 0.864671 0.486610 0.025235 0.033312
713 0.419842 0.512410 0.033152 0.033312
68 0.720930 0.870999 0.046512 0.033312
465 0.203612 0.586545 0.047006 0.033312
91 0.938644 0.786414 0.060366 0.033312
3735 0.578179 0.344709 0.044038 0.033638
88 0.350074 0.291803 0.046017 0.033638
2144 0.281544 0.770248 0.048491 0.033638
91 0.211776 0.621653 0.060366 0.033638
495 0.722662 0.660189 0.060861 0.033638
88 0.137556 0.855976 0.016823 0.033965
60 0.350322 0.490856 0.017813 0.033965
58 0.281049 0.802417 0.028699 0.033965
86 0.291440 0.870999 0.029688 0.033965
58 0.198169 0.285434 0.031173 0.033965
83 0.350322 0.342587 0.034636 0.033965
60 0.283770 0.690235 0.015339 0.034291
83 0.275854 0.311724 0.034142 0.034291
83 0.718704 0.266329 0.042058 0.034291
83 0.427264 0.195787 0.045027 0.034291
58 0.432707 0.839157 0.050965 0.034291
127 0.359476 0.439745 0.058882 0.034291
68 0.501237 0.249510 0.006927 0.034618
118 0.793172 0.386349 0.019792 0.034618
120 0.503958 0.360875 0.020287 0.034618
85 0.795893 0.649249 0.020287 0.034618
60 0.428996 0.160353 0.021771 0.034618
119 0.645473 0.149249 0.023256 0.034618
725 0.574468 0.797518 0.045522 0.034618
3865 0.870114 0.665578 0.059871 0.034618
127 0.367392 0.877531 0.067788 0.034618
119 0.575952 0.312704 0.025730 0.034944
86 0.509896 0.568093 0.032162 0.034944
58 0.721425 0.473057 0.049480 0.034944
119 0.865166 0.183540 0.025235 0.035271
111 0.865661 0.318093 0.036121 0.035271
1129 0.130381 0.492489 0.042058 0.035271
119 0.132360 0.212116 0.021277 0.035598
119 0.868877 0.630470 0.025730 0.035598
58 0.795398 0.868223 0.030183 0.035598
121 0.350074 0.201666 0.037110 0.035598
84 0.649431 0.605650 0.042058 0.035598
2159 0.501237 0.635042 0.046512 0.035598
3780 0.205096 0.831319 0.047996 0.035598
88 0.724146 0.594219 0.052944 0.035598
1446 0.431470 0.774494 0.053439 0.035598
127 0.943840 0.437786 0.054923 0.035598
118 0.789708 0.174069 0.016823 0.035924
119 0.646957 0.427172 0.025235 0.035924
4371 0.284265 0.655127 0.030183 0.035924
93 0.870361 0.118550 0.040574 0.035924
1158 0.205839 0.526127 0.046512 0.035924
4164 0.204354 0.760287 0.047501 0.035924
1456 0.930975 0.532332 0.047996 0.035924
683 0.576695 0.432724 0.049975 0.035924
346 0.578179 0.766819 0.052944 0.035924
4122 0.199654 0.395167 0.053934 0.035924
123 0.719693 0.120346 0.019297 0.036251
119 0.346858 0.143860 0.020782 0.036251
59 0.872588 0.774167 0.039090 0.036251
4267 0.422563 0.233344 0.043543 0.036251
3192 0.352796 0.828707 0.049480 0.036251
3281 0.577437 0.867897 0.049480 0.036251
107 0.571499 0.194317 0.027709 0.036577
121 0.720188 0.227956 0.042058 0.036577
1222 0.127165 0.300131 0.047501 0.036577
53 0.504453 0.762084 0.014349 0.036904
78 0.504206 0.502776 0.032657 0.036904
2442 0.209797 0.722567 0.046512 0.036904
1279 0.138298 0.816297 0.047006 0.036904
3959 0.936912 0.751306 0.048986 0.036904
975 0.501979 0.865121 0.050965 0.037231
53 0.647947 0.544905 0.018308 0.037557
107 0.283770 0.840464 0.045027 0.037557
4440 0.722662 0.797028 0.058882 0.037557
53 0.500247 0.471587 0.020782 0.037884
726 0.643246 0.219138 0.041564 0.037884
2233 0.138050 0.780862 0.049480 0.037884
83 0.929738 0.165415 0.020782 0.038210
4528 0.868135 0.220607 0.029193 0.038210
1934 0.792429 0.515676 0.046017 0.038537
1760 0.348095 0.378837 0.052944 0.038537
4445 0.574468 0.547355 0.055418 0.038537
62 0.937160 0.347322 0.039584 0.038863
83 0.424295 0.442195 0.021277 0.039190
1297 0.208808 0.645330 0.044532 0.039190
3353 0.124196 0.420314 0.045522 0.039190
53 0.718209 0.860712 0.020287 0.039517
726 0.864424 0.359732 0.044532 0.039517
3384 0.421573 0.485467 0.044532 0.039517
83 0.649431 0.901045 0.024245 0.039843
68 0.431470 0.805683 0.006927 0.040496
68 0.791440 0.475506 0.008412 0.040496
3219 0.354280 0.743632 0.045522 0.040496
4389 0.201138 0.459504 0.056903 0.040496
490 0.421326 0.348628 0.042058 0.040823
921 0.933696 0.604017 0.052449 0.041476
3756 0.351806 0.526617 0.053439 0.041476
68 0.276348 0.699869 0.036121 0.041803
1018 0.276843 0.527760 0.052944 0.041803
4089 0.936912 0.280372 0.039090 0.042129
127 0.878773 0.899412 0.062345 0.042456
4516 0.498516 0.210810 0.047996 0.042782
2159 0.720930 0.626061 0.055418 0.043109
118 0.721920 0.392064 0.017813 0.043436
992 0.647947 0.738080 0.041069 0.043762
1365 0.932212 0.208687 0.044532 0.043762
85 0.646957 0.859079 0.015339 0.044089
78 0.719941 0.559438 0.036616 0.044415
296 0.429490 0.873612 0.038595 0.044415
2359 0.866898 0.733834 0.050470 0.044415
3541 0.125928 0.377041 0.046017 0.045395
957 0.270905 0.123285 0.047006 0.045395
3384 0.275111 0.427498 0.048491 0.045722
3218 0.571499 0.469628 0.057397 0.045722
83 0.143246 0.895983 0.022266 0.046048
322 0.720683 0.304540 0.047006 0.046048
68 0.945571 0.137655 0.009896 0.047355
47 0.434438 0.708197 0.044532 0.047355
1200 0.717961 0.754409 0.054429 0.047681
1578 0.418852 0.277270 0.041069 0.048334
3984 0.784513 0.243795 0.035131 0.049314
68 0.570015 0.591607 0.005938 0.049967
47 0.212519 0.681254 0.037110 0.054213
1228 0.866898 0.559928 0.053439 0.055846
47 0.512865 0.394187 0.042058 0.060091
47 0.948540 0.851568 0.036616 0.069562
