101 0.422498 0.320542 0.055879 0.012737
92 0.413508 0.585075 0.036929 0.013390
101 0.126093 0.579033 0.052964 0.013717
101 0.776482 0.332299 0.054422 0.016003
101 0.702138 0.182724 0.056365 0.016003
128 0.641642 0.454605 0.010204 0.016329
56 0.493197 0.882103 0.017493 0.016982
128 0.286200 0.226323 0.010690 0.017636
52 0.273810 0.585565 0.040330 0.017636
102 0.706268 0.253592 0.059767 0.017962
92 0.272838 0.421783 0.036443 0.018615
57 0.492711 0.774984 0.034014 0.018942
120 0.844752 0.681907 0.019922 0.019595
95 0.060496 0.515023 0.021866 0.019595
92 0.061710 0.144350 0.034985 0.019595
126 0.413508 0.695297 0.047619 0.019595
52 0.273324 0.446767 0.051992 0.019595
56 0.202381 0.696604 0.020894 0.020248
52 0.203596 0.107609 0.035957 0.020575
81 0.129009 0.133083 0.043246 0.020575
113 0.842080 0.784128 0.047619 0.020901
126 0.482750 0.639941 0.039359 0.021228
88 0.347182 0.110222 0.042274 0.021228
56 0.270894 0.470607 0.017007 0.021555
62 0.418853 0.334749 0.026239 0.021555
64 0.132167 0.257511 0.026239 0.021881
126 0.560010 0.260124 0.047133 0.022534
99 0.562925 0.417864 0.051020 0.022534
64 0.130709 0.734814 0.024295 0.022861
64 0.561224 0.816133 0.030126 0.022861
57 0.281098 0.164925 0.033528 0.022861
76 0.555151 0.313357 0.030612 0.023187
98 0.203110 0.253592 0.044704 0.023187
1002 0.553936 0.639288 0.047619 0.023187
68 0.142128 0.234324 0.007289 0.023841
62 0.344752 0.791150 0.030612 0.023841
74 0.489067 0.303723 0.028669 0.024167
85 0.635083 0.434357 0.034014 0.024167
55 0.277697 0.109732 0.039359 0.024167
56 0.844023 0.235794 0.048591 0.024167
120 0.063897 0.636349 0.016035 0.024494
110 0.060496 0.457054 0.032556 0.024494
1002 0.776725 0.866917 0.044218 0.024494
56 0.346696 0.695460 0.047133 0.024494
56 0.777211 0.312378 0.051020 0.024494
108 0.700923 0.636512 0.014091 0.024820
60 0.206511 0.304703 0.021380 0.024820
62 0.558795 0.467668 0.028183 0.024820
72 0.273081 0.526780 0.034985 0.024820
55 0.489553 0.276290 0.041302 0.024820
68 0.130224 0.107446 0.042760 0.024820
81 0.273081 0.606466 0.044704 0.024820
53 0.557580 0.288863 0.020894 0.025147
66 0.129009 0.407740 0.025753 0.025147
980 0.348639 0.259471 0.028669 0.025147
76 0.343780 0.715056 0.033528 0.025147
87 0.843294 0.480242 0.038387 0.025147
91 0.275024 0.790007 0.040816 0.025474
64 0.634597 0.173416 0.041788 0.025474
98 0.201166 0.130634 0.047619 0.025474
118 0.064140 0.739876 0.011662 0.025800
88 0.202138 0.783965 0.022352 0.025800
1415 0.064626 0.663455 0.043732 0.025800
1023 0.057337 0.209830 0.045675 0.025800
89 0.847911 0.291476 0.048591 0.025800
88 0.065598 0.312867 0.018465 0.026127
56 0.121963 0.562051 0.024295 0.026127
56 0.064626 0.791966 0.038873 0.026127
91 0.556608 0.610712 0.043246 0.026127
2150 0.348882 0.234814 0.044704 0.026127
126 0.840865 0.354017 0.049077 0.026127
53 0.063411 0.713749 0.015063 0.026453
120 0.775510 0.217342 0.015549 0.026453
120 0.773324 0.694154 0.019922 0.026453
57 0.710884 0.548498 0.033042 0.026453
91 0.634111 0.477629 0.036929 0.026453
81 0.344509 0.582462 0.043732 0.026453
327 0.420797 0.300294 0.048591 0.026453
88 0.203110 0.223710 0.021380 0.026780
95 0.346939 0.769432 0.042760 0.026780
91 0.278183 0.851404 0.058795 0.026780
56 0.206025 0.278739 0.020408 0.027106
117 0.848397 0.205585 0.027211 0.027106
72 0.637269 0.906760 0.035471 0.027106
91 0.558309 0.161496 0.041788 0.027106
117 0.270651 0.691705 0.017493 0.027433
85 0.415452 0.819073 0.017493 0.027433
120 0.275996 0.361855 0.020408 0.027433
88 0.560982 0.845526 0.025753 0.027433
66 0.341837 0.852711 0.031584 0.027433
1415 0.417881 0.144024 0.038873 0.027433
547 0.841351 0.846832 0.043246 0.027433
85 0.274295 0.910353 0.019922 0.027760
87 0.203110 0.326094 0.034985 0.027760
95 0.131438 0.179458 0.042274 0.027760
91 0.844266 0.452155 0.042274 0.027760
56 0.129009 0.208524 0.044218 0.027760
109 0.345238 0.556662 0.046161 0.027760
1023 0.485423 0.540007 0.050534 0.027760
108 0.133139 0.875245 0.014577 0.028086
88 0.636297 0.256368 0.019922 0.028086
60 0.491011 0.329850 0.020894 0.028086
93 0.639942 0.228282 0.033042 0.028086
87 0.704082 0.202482 0.041788 0.028086
64 0.559281 0.366427 0.043732 0.028086
1002 0.202381 0.193011 0.050049 0.028086
88 0.489067 0.209830 0.022838 0.028413
87 0.061710 0.609895 0.036929 0.028413
95 0.202381 0.575931 0.037415 0.028413
547 0.204325 0.604670 0.048105 0.028413
126 0.849854 0.109569 0.048591 0.028413
85 0.633382 0.878837 0.014091 0.028739
117 0.490768 0.113325 0.020408 0.028739
88 0.344995 0.443174 0.021380 0.028739
64 0.063654 0.813847 0.026239 0.028739
92 0.494655 0.857283 0.034014 0.028739
83 0.564869 0.910843 0.036443 0.028739
95 0.636540 0.505225 0.040816 0.028739
109 0.772595 0.666558 0.049563 0.028739
98 0.700194 0.576094 0.050534 0.028739
68 0.417396 0.788537 0.010690 0.029066
111 0.845481 0.423743 0.026239 0.029066
3178 0.348882 0.133410 0.050534 0.029066
121 0.349368 0.880960 0.060253 0.029066
127 0.846210 0.875082 0.064626 0.029066
1810 0.129981 0.319399 0.024781 0.029393
83 0.482993 0.390594 0.034985 0.029393
126 0.835277 0.758981 0.034985 0.029393
91 0.488338 0.571195 0.038873 0.029393
2286 0.704082 0.762900 0.045675 0.029393
83 0.415452 0.842097 0.034014 0.029719
87 0.703596 0.666395 0.035957 0.029719
2180 0.274781 0.661496 0.043246 0.029719
118 0.134597 0.158720 0.013605 0.030046
88 0.203353 0.503266 0.020894 0.030046
88 0.132410 0.287394 0.022838 0.030046
91 0.274781 0.138798 0.035471 0.030046
863 0.704082 0.604507 0.039845 0.030046
121 0.707969 0.696277 0.061224 0.030046
85 0.772352 0.250653 0.018950 0.030372
87 0.841108 0.656270 0.037901 0.030372
92 0.705053 0.871979 0.022352 0.030699
680 0.484694 0.669170 0.027697 0.030699
111 0.345724 0.331809 0.028669 0.030699
91 0.277211 0.633573 0.056851 0.030699
85 0.637269 0.195460 0.014091 0.031025
119 0.488581 0.143207 0.024781 0.031025
83 0.342080 0.524331 0.036929 0.031025
95 0.560010 0.340464 0.045190 0.031025
3281 0.488338 0.360385 0.045675 0.031025
120 0.706268 0.232201 0.023810 0.031352
1083 0.556851 0.669497 0.030126 0.031352
126 0.491011 0.832136 0.045190 0.031352
126 0.064626 0.690072 0.045675 0.031352
108 0.205539 0.381123 0.046647 0.031352
76 0.414966 0.761757 0.031098 0.031679
254 0.839893 0.577890 0.034500 0.031679
91 0.058552 0.240202 0.040330 0.031679
91 0.275753 0.253592 0.041302 0.031679
107 0.773567 0.760777 0.044704 0.031679
96 0.425656 0.908067 0.058309 0.031679
111 0.063168 0.907250 0.022352 0.032005
86 0.352041 0.907577 0.032556 0.032005
126 0.418610 0.173743 0.040330 0.032005
1562 0.061224 0.489876 0.041788 0.032005
3741 0.629495 0.638472 0.049077 0.032005
4162 0.201895 0.750000 0.033528 0.032332
83 0.413508 0.112835 0.034014 0.032332
2189 0.631924 0.710810 0.037415 0.032332
127 0.280126 0.555356 0.054908 0.032332
56 0.130224 0.385042 0.022352 0.032658
76 0.273324 0.331809 0.035471 0.032658
83 0.129495 0.465709 0.040330 0.032658
107 0.348397 0.610059 0.042760 0.032658
88 0.275024 0.497877 0.024295 0.032985
90 0.129738 0.436479 0.039845 0.032985
3687 0.273567 0.881613 0.052478 0.032985
108 0.065598 0.767636 0.054422 0.032985
118 0.348639 0.744285 0.014091 0.033312
118 0.843780 0.509471 0.023810 0.033312
111 0.771623 0.282495 0.028183 0.033312
93 0.352041 0.201829 0.031584 0.033312
3942 0.487366 0.244611 0.042760 0.033312
56 0.558066 0.776290 0.047133 0.033312
91 0.634597 0.827890 0.064140 0.033312
60 0.702867 0.799314 0.015063 0.033638
78 0.205053 0.669007 0.034985 0.033638
83 0.417396 0.267636 0.037901 0.033638
88 0.489067 0.469464 0.044218 0.033638
505 0.346696 0.369040 0.032556 0.033965
93 0.706997 0.157740 0.033042 0.033965
1562 0.063411 0.113651 0.041302 0.033965
126 0.131924 0.351078 0.044218 0.033965
85 0.562196 0.388472 0.022352 0.034291
126 0.198980 0.907087 0.042274 0.034291
88 0.131438 0.539027 0.044218 0.034291
2145 0.419582 0.875082 0.045190 0.034291
1439 0.485180 0.799314 0.047133 0.034291
1589 0.060496 0.346995 0.049077 0.034291
58 0.776239 0.148759 0.050049 0.034291
562 0.202381 0.819399 0.044218 0.034618
1439 0.271866 0.388961 0.049077 0.034618
4387 0.272595 0.755715 0.051506 0.034618
58 0.562925 0.446440 0.053936 0.034618
119 0.560496 0.497551 0.029640 0.034944
111 0.699223 0.396310 0.032070 0.034944
93 0.422498 0.402515 0.036443 0.034944
83 0.769922 0.597485 0.036443 0.034944
1188 0.418610 0.202972 0.037415 0.034944
2249 0.275996 0.819236 0.047619 0.034944
91 0.636783 0.151698 0.069485 0.034944
118 0.129738 0.603527 0.014577 0.035271
86 0.073858 0.875245 0.028183 0.035271
3815 0.768707 0.634553 0.043732 0.035271
58 0.204568 0.720771 0.049563 0.035271
92 0.065598 0.542619 0.026239 0.035598
126 0.130709 0.802907 0.042760 0.035598
2218 0.414237 0.480568 0.043246 0.035598
3754 0.841108 0.321522 0.044704 0.035598
1419 0.344752 0.407413 0.045190 0.035598
981 0.489310 0.745428 0.045675 0.035598
90 0.703596 0.515513 0.049563 0.035598
68 0.575073 0.798171 0.009232 0.035924
68 0.422983 0.238406 0.015063 0.035924
92 0.773810 0.725343 0.026725 0.035924
119 0.495384 0.908556 0.026725 0.035924
264 0.637026 0.539517 0.039845 0.035924
333 0.559038 0.230242 0.048105 0.035924
1400 0.632410 0.290007 0.051020 0.035924
972 0.491497 0.177335 0.056851 0.035924
68 0.771866 0.566133 0.013120 0.036251
119 0.273567 0.723547 0.027211 0.036251
2633 0.704810 0.836871 0.043246 0.036251
1052 0.410593 0.550131 0.046647 0.036251
327 0.842080 0.813357 0.047619 0.036251
983 0.556608 0.578870 0.048105 0.036251
983 0.699951 0.363651 0.053936 0.036251
71 0.711856 0.905617 0.057337 0.036577
85 0.773567 0.417538 0.017493 0.036904
85 0.772352 0.115447 0.021866 0.036904
83 0.133139 0.907740 0.024295 0.036904
119 0.346939 0.821522 0.028183 0.036904
93 0.706511 0.725833 0.030126 0.036904
981 0.414237 0.510287 0.042274 0.036904
643 0.634840 0.846016 0.043246 0.036904
249 0.558309 0.192848 0.044704 0.036904
126 0.774295 0.496571 0.045190 0.036904
90 0.348882 0.169987 0.050534 0.036904
71 0.133382 0.632756 0.051020 0.036904
91 0.635569 0.611855 0.066084 0.036904
93 0.844995 0.538863 0.035957 0.037231
1010 0.200680 0.157087 0.046647 0.037231
2776 0.133139 0.667211 0.048591 0.037231
121 0.420068 0.364304 0.040330 0.037557
88 0.773081 0.837851 0.045675 0.037557
443 0.485180 0.604833 0.042274 0.037884
3815 0.059281 0.428805 0.043732 0.037884
69 0.220360 0.356466 0.021866 0.038210
1429 0.064383 0.278086 0.043246 0.038210
1468 0.769436 0.185010 0.051020 0.038210
83 0.633382 0.326257 0.019922 0.038537
69 0.361516 0.641737 0.020408 0.038537
1090 0.416181 0.614958 0.042274 0.038537
83 0.068027 0.845199 0.043732 0.038537
2776 0.553207 0.702809 0.046161 0.038537
1387 0.560010 0.877204 0.051020 0.038537
121 0.129495 0.765676 0.030612 0.038863
3320 0.558066 0.736937 0.031584 0.038863
1188 0.773567 0.528250 0.034014 0.038863
71 0.490525 0.706238 0.034500 0.038863
1400 0.705539 0.433867 0.044704 0.038863
107 0.277940 0.198073 0.047619 0.038863
60 0.342809 0.666395 0.015063 0.039517
3754 0.769679 0.459340 0.037901 0.039517
1440 0.133868 0.837198 0.048105 0.039517
118 0.778912 0.360549 0.021380 0.039843
3320 0.130952 0.703462 0.030612 0.039843
1399 0.060010 0.581646 0.045190 0.039843
1806 0.631681 0.676355 0.046647 0.039843
4116 0.349611 0.294742 0.035471 0.040170
1050 0.629252 0.364304 0.051506 0.040170
68 0.203353 0.636185 0.012148 0.040496
83 0.204082 0.417048 0.019436 0.040496
1506 0.413508 0.726976 0.041788 0.040496
303 0.416910 0.442848 0.043732 0.040496
1126 0.637512 0.574788 0.043732 0.040496
3192 0.845724 0.390758 0.037415 0.040823
322 0.846210 0.147779 0.051020 0.040823
1018 0.632167 0.117897 0.054422 0.041150
296 0.841837 0.717995 0.034500 0.041476
91 0.771866 0.903821 0.043246 0.041476
4484 0.560496 0.538700 0.046161 0.041476
118 0.841108 0.263553 0.025267 0.041803
1527 0.839407 0.616590 0.043246 0.041803
4076 0.202138 0.461463 0.050534 0.041803
470 0.628523 0.404637 0.051020 0.041803
3292 0.488338 0.501470 0.037901 0.042129
1126 0.131681 0.500980 0.042760 0.042456
1806 0.630952 0.747224 0.050049 0.042456
1502 0.704325 0.120346 0.037415 0.042782
3292 0.058066 0.174886 0.037415 0.042782
83 0.063168 0.385696 0.017493 0.043109
505 0.842323 0.907577 0.035471 0.043109
91 0.848639 0.178805 0.059767 0.043436
3935 0.203596 0.542293 0.050534 0.045395
4484 0.700437 0.326911 0.051020 0.045722
1286 0.486638 0.431091 0.040330 0.046375
2949 0.416910 0.662639 0.041788 0.046375
1917 0.703353 0.471097 0.043246 0.046702
1505 0.339650 0.484324 0.043732 0.047028
291 0.557094 0.120346 0.048105 0.047355
68 0.704082 0.279066 0.008746 0.048661
3384 0.200680 0.862671 0.046647 0.049967
69 0.773081 0.370020 0.046647 0.050947
