92 0.790444 0.730184 0.020889 0.010146
92 0.648889 0.602410 0.030222 0.012048
92 0.184000 0.203393 0.024889 0.012365
92 0.575111 0.415821 0.026667 0.012365
56 0.793556 0.294864 0.015556 0.013951
92 0.863333 0.760938 0.019111 0.013951
57 0.798222 0.475745 0.025778 0.014268
56 0.264667 0.452441 0.012889 0.014585
57 0.271556 0.408529 0.029333 0.014902
52 0.572000 0.768072 0.039111 0.014902
56 0.505778 0.670894 0.014222 0.015219
91 0.706222 0.902029 0.033778 0.015219
128 0.266000 0.211953 0.013778 0.015536
64 0.939111 0.317850 0.018667 0.015536
57 0.654667 0.340361 0.027556 0.015536
56 0.939556 0.341471 0.016889 0.015853
88 0.794222 0.875555 0.018667 0.016804
56 0.506667 0.398383 0.041778 0.016804
56 0.647111 0.743342 0.042667 0.016804
128 0.940222 0.229867 0.008444 0.017121
120 0.514000 0.214965 0.016444 0.017755
248 0.788000 0.453710 0.039111 0.017755
56 0.348000 0.583228 0.017778 0.018072
120 0.722000 0.396164 0.019111 0.018072
52 0.649111 0.793437 0.037778 0.018072
111 0.790222 0.750476 0.022222 0.018389
55 0.795778 0.205453 0.032444 0.018389
52 0.720000 0.449905 0.037333 0.018389
88 0.180444 0.897907 0.030222 0.019023
52 0.934444 0.784401 0.037778 0.019023
113 0.714889 0.538840 0.049333 0.019341
56 0.264444 0.194673 0.039111 0.019658
1002 0.856889 0.681357 0.061333 0.019658
52 0.573778 0.436747 0.041778 0.019975
1002 0.782222 0.706880 0.059556 0.019975
259 0.938889 0.472257 0.036889 0.020609
52 0.788222 0.498098 0.036000 0.021560
66 0.645111 0.690552 0.017333 0.022194
2151 0.792667 0.682308 0.033333 0.022194
95 0.427556 0.870640 0.042667 0.022194
120 0.263556 0.864141 0.014222 0.022511
76 0.431111 0.438966 0.020444 0.022511
101 0.642444 0.816899 0.056444 0.022511
56 0.433556 0.537413 0.010222 0.022828
93 0.647556 0.837032 0.024000 0.022828
1173 0.185333 0.809765 0.043556 0.022828
88 0.863778 0.742074 0.020889 0.023145
110 0.647111 0.470355 0.022222 0.023145
72 0.430889 0.560717 0.027111 0.023145
51 0.258889 0.779803 0.041333 0.023145
53 0.869556 0.224160 0.013778 0.023462
88 0.508222 0.773304 0.027111 0.023462
125 0.647333 0.174699 0.034222 0.023462
91 0.936444 0.497146 0.037333 0.023462
66 0.934444 0.611763 0.017333 0.023779
98 0.783556 0.247464 0.048000 0.023779
126 0.500889 0.537254 0.048889 0.023779
1406 0.655778 0.146164 0.033333 0.024096
83 0.930000 0.405834 0.039556 0.024096
108 0.714667 0.219404 0.056889 0.024096
74 0.578000 0.353678 0.017333 0.024413
248 0.639778 0.893627 0.039556 0.024413
51 0.349556 0.513158 0.040444 0.024413
101 0.721111 0.473843 0.052889 0.024413
75 0.800000 0.270767 0.030222 0.024731
327 0.574000 0.816741 0.041333 0.024731
91 0.862667 0.659480 0.043556 0.024731
52 0.865556 0.308497 0.044000 0.024731
83 0.510667 0.895371 0.045333 0.024731
495 0.343778 0.426443 0.077778 0.024731
111 0.798889 0.224001 0.020889 0.025048
88 0.506444 0.869214 0.022667 0.025048
87 0.266000 0.238903 0.023556 0.025048
88 0.723556 0.244610 0.025778 0.025048
881 0.181333 0.380628 0.025778 0.025048
122 0.720222 0.843849 0.031556 0.025048
547 0.942444 0.585130 0.036889 0.025048
64 0.867778 0.428979 0.013778 0.025365
58 0.315333 0.897273 0.019111 0.025365
88 0.346667 0.825301 0.021333 0.025999
70 0.497778 0.721306 0.042667 0.025999
259 0.510222 0.341471 0.056889 0.025999
60 0.725333 0.889505 0.016000 0.026316
104 0.182222 0.466233 0.042667 0.026316
91 0.508000 0.371750 0.047111 0.026316
99 0.502222 0.199588 0.064000 0.026316
111 0.655556 0.365250 0.018667 0.026633
58 0.341556 0.763158 0.021778 0.026633
84 0.571111 0.788205 0.036444 0.026633
91 0.571778 0.496512 0.043111 0.026633
83 0.794000 0.897273 0.045778 0.026633
61 0.506444 0.745244 0.020889 0.026950
107 0.790889 0.586715 0.023556 0.026950
87 0.931333 0.724635 0.028889 0.026950
87 0.872000 0.495720 0.032889 0.026950
126 0.431111 0.381579 0.047111 0.026950
111 0.722000 0.787571 0.011111 0.027267
58 0.433111 0.512999 0.018222 0.027267
1083 0.574000 0.648700 0.028000 0.027267
68 0.343111 0.735891 0.042667 0.027267
95 0.652222 0.424540 0.044889 0.027267
88 0.790222 0.654566 0.027556 0.027584
87 0.718444 0.629201 0.028000 0.027584
89 0.646000 0.716550 0.049333 0.027901
108 0.861111 0.278060 0.056444 0.027901
68 0.722000 0.816265 0.005778 0.028218
92 0.866889 0.334337 0.018222 0.028218
109 0.576889 0.711002 0.040889 0.028218
91 0.180000 0.348605 0.050667 0.028218
118 0.870889 0.249841 0.016444 0.028535
107 0.867333 0.819277 0.019111 0.028535
62 0.190889 0.149651 0.024444 0.028535
83 0.415556 0.805961 0.036444 0.028535
1559 0.869778 0.784718 0.047111 0.028535
88 0.943333 0.291218 0.023556 0.028852
77 0.578000 0.617153 0.028000 0.028852
1180 0.793556 0.386018 0.034222 0.028852
88 0.262222 0.894578 0.035556 0.028852
115 0.264889 0.431674 0.040000 0.028852
89 0.351556 0.642200 0.048000 0.028852
85 0.423778 0.776791 0.014667 0.029169
88 0.722222 0.735574 0.028444 0.029169
4252 0.642444 0.866519 0.032444 0.029169
111 0.422667 0.681357 0.034667 0.029169
1579 0.791333 0.552632 0.035111 0.029169
51 0.424889 0.713380 0.041778 0.029169
98 0.780889 0.524096 0.051556 0.029169
81 0.723778 0.274413 0.034222 0.029486
1385 0.791556 0.816265 0.040889 0.029486
55 0.721778 0.767438 0.041778 0.029486
118 0.511111 0.420736 0.016000 0.029803
76 0.649556 0.444832 0.023556 0.029803
118 0.502000 0.693722 0.023556 0.029803
88 0.437111 0.266011 0.029778 0.029803
2489 0.797333 0.147432 0.045333 0.029803
58 0.724889 0.301046 0.018667 0.030120
980 0.862222 0.564204 0.025778 0.030120
81 0.717778 0.872067 0.032889 0.030120
1435 0.935111 0.527108 0.039111 0.030120
83 0.574444 0.323240 0.040444 0.030120
2222 0.350222 0.849873 0.043556 0.030120
118 0.647333 0.664553 0.019111 0.030438
119 0.720667 0.563094 0.022667 0.030438
119 0.425778 0.744769 0.037333 0.030438
4162 0.795556 0.849556 0.028444 0.030755
81 0.573111 0.468136 0.042222 0.030755
91 0.864667 0.197368 0.047556 0.030755
717 0.578444 0.837508 0.066222 0.030755
107 0.575333 0.582435 0.021778 0.031072
120 0.505333 0.605580 0.034667 0.031072
85 0.725111 0.423748 0.015556 0.031389
88 0.352000 0.392042 0.029333 0.031389
111 0.435556 0.231611 0.040889 0.031389
3192 0.434889 0.414394 0.036889 0.031706
85 0.800444 0.177394 0.015111 0.032023
58 0.262000 0.713221 0.020889 0.032023
111 0.934222 0.838776 0.032889 0.032023
83 0.502889 0.308656 0.040444 0.032023
2489 0.183556 0.314680 0.045333 0.032023
93 0.870889 0.399810 0.030667 0.032340
2411 0.264222 0.381737 0.042222 0.032340
95 0.346667 0.710526 0.043556 0.032340
1644 0.863333 0.628725 0.046667 0.032340
93 0.350667 0.479391 0.026667 0.032974
87 0.720667 0.190552 0.031556 0.032974
628 0.349556 0.674699 0.034222 0.032974
4429 0.574667 0.244769 0.039111 0.032974
118 0.649778 0.393944 0.014222 0.033291
119 0.934000 0.756024 0.020889 0.033291
85 0.267333 0.512682 0.014667 0.033608
107 0.573556 0.741281 0.016444 0.033608
85 0.439333 0.194039 0.017333 0.033608
101 0.646222 0.631896 0.039111 0.033608
353 0.426444 0.840520 0.041333 0.033608
316 0.430444 0.891249 0.072444 0.033608
70 0.936667 0.640932 0.017333 0.033925
1799 0.503556 0.838776 0.032000 0.033925
1317 0.347556 0.315314 0.047111 0.033925
70 0.186667 0.539949 0.016000 0.034242
119 0.724000 0.657578 0.019556 0.034242
119 0.346222 0.793278 0.020444 0.034242
101 0.648667 0.240013 0.035111 0.034242
95 0.940667 0.559607 0.036000 0.034242
816 0.350222 0.886810 0.052444 0.034242
1871 0.168222 0.841154 0.054667 0.034242
4291 0.182667 0.876347 0.055111 0.034242
92 0.720667 0.369531 0.021778 0.034559
81 0.932444 0.808973 0.037333 0.034559
1052 0.262000 0.585764 0.042222 0.034559
98 0.172444 0.179613 0.058667 0.034559
1316 0.430889 0.593532 0.049333 0.034876
4252 0.792889 0.423431 0.032000 0.035193
120 0.182000 0.781706 0.044000 0.035193
1559 0.356444 0.233196 0.046222 0.035193
127 0.271111 0.269341 0.047111 0.035193
4385 0.865778 0.598763 0.047111 0.035193
85 0.652667 0.765377 0.012889 0.035510
119 0.271333 0.808180 0.019111 0.035510
120 0.182889 0.579264 0.038667 0.035510
90 0.869333 0.367787 0.045333 0.035510
89 0.267778 0.477806 0.051111 0.035510
717 0.263333 0.749207 0.074222 0.035510
1560 0.941556 0.441186 0.036000 0.035828
62 0.259778 0.830850 0.040444 0.035828
1584 0.718444 0.591313 0.027111 0.036145
2103 0.938000 0.256817 0.039556 0.036145
1827 0.652444 0.311985 0.056000 0.036145
68 0.653111 0.498573 0.008444 0.036462
118 0.186444 0.676443 0.022667 0.036462
85 0.267111 0.300571 0.013333 0.036779
81 0.264000 0.680723 0.041778 0.036779
3799 0.507111 0.571021 0.048000 0.036779
107 0.938000 0.202441 0.020000 0.037096
121 0.864889 0.528060 0.026667 0.037096
127 0.649111 0.277267 0.041333 0.037096
1174 0.646000 0.535669 0.045778 0.037096
981 0.264444 0.546766 0.064000 0.037096
121 0.347111 0.443247 0.022222 0.037413
58 0.867111 0.886176 0.033778 0.037413
1560 0.509778 0.809765 0.054222 0.037413
74 0.864444 0.462746 0.039111 0.037730
338 0.184222 0.648542 0.052000 0.037730
121 0.578000 0.387127 0.024444 0.038047
301 0.720889 0.697844 0.026667 0.038047
1578 0.862889 0.710209 0.033333 0.038047
126 0.579111 0.677235 0.047111 0.038047
85 0.184667 0.606373 0.013778 0.038364
107 0.356000 0.157102 0.022222 0.038364
121 0.182667 0.710685 0.022222 0.038364
58 0.507111 0.453551 0.036444 0.038364
2507 0.941556 0.879360 0.049333 0.038364
118 0.350889 0.608751 0.008444 0.038681
69 0.873333 0.849398 0.016889 0.038681
121 0.352444 0.194515 0.024000 0.038998
1824 0.433111 0.304217 0.025333 0.038998
68 0.724444 0.331325 0.007111 0.039315
2593 0.182222 0.423906 0.032000 0.039315
120 0.723556 0.506341 0.039111 0.039315
1831 0.510000 0.642042 0.031556 0.039949
95 0.574222 0.200698 0.038222 0.039949
3526 0.726889 0.152822 0.043111 0.039949
95 0.509111 0.247464 0.043111 0.040266
127 0.656667 0.203551 0.044889 0.040583
717 0.267333 0.344325 0.060889 0.040583
85 0.793778 0.778694 0.018667 0.041218
350 0.182889 0.232403 0.046667 0.041218
4166 0.648667 0.572606 0.061778 0.041218
85 0.575111 0.877933 0.012444 0.042486
998 0.351333 0.273462 0.033333 0.042803
975 0.436444 0.158370 0.050667 0.042803
68 0.513333 0.278060 0.007111 0.043120
1778 0.356222 0.350666 0.041333 0.043120
3354 0.575556 0.156468 0.035556 0.043437
3984 0.513333 0.158212 0.050667 0.043754
68 0.432222 0.474477 0.009333 0.044705
62 0.180000 0.741915 0.050667 0.045022
692 0.178000 0.274096 0.070667 0.045339
92 0.266000 0.154724 0.024444 0.046290
505 0.940222 0.158053 0.026222 0.046607
68 0.580667 0.282340 0.009333 0.047242
1142 0.873556 0.155834 0.051111 0.047242
4747 0.260222 0.633957 0.039556 0.047876
68 0.350000 0.546607 0.010222 0.048193
68 0.184889 0.493342 0.008000 0.049461
68 0.433556 0.349239 0.006667 0.049778
68 0.942222 0.376506 0.006222 0.051680
296 0.427778 0.638871 0.030667 0.051997
296 0.934667 0.683576 0.030222 0.053900
296 0.505778 0.500634 0.039111 0.057070
68 0.792889 0.335764 0.008000 0.059607
296 0.573556 0.530279 0.039556 0.065631
