246 0.477226 0.683636 0.020890 0.003636
246 0.598288 0.861705 0.040411 0.007500
92 0.947774 0.556477 0.024315 0.009773
297 0.396918 0.286591 0.022603 0.010455
93 0.673459 0.869091 0.027055 0.010455
297 0.476541 0.540795 0.025000 0.011591
297 0.409589 0.501364 0.024658 0.011818
52 0.393151 0.405795 0.049315 0.012045
92 0.956336 0.349886 0.034589 0.012500
52 0.742295 0.850227 0.046233 0.012727
92 0.250342 0.426136 0.030822 0.014091
297 0.475856 0.818295 0.027740 0.014318
861 0.527055 0.335455 0.045205 0.014545
52 0.739897 0.524205 0.046918 0.014773
861 0.386815 0.896477 0.047603 0.015682
119 0.674658 0.908864 0.024658 0.015909
861 0.811301 0.763068 0.050685 0.016136
56 0.254623 0.324773 0.019521 0.017273
418 0.740240 0.774432 0.013356 0.017500
698 0.884418 0.337273 0.029795 0.017727
56 0.670377 0.886591 0.009932 0.018182
64 0.742123 0.717273 0.023973 0.018182
418 0.248973 0.897386 0.016438 0.019318
64 0.744521 0.332386 0.018493 0.019773
72 0.600000 0.468409 0.039726 0.020000
1214 0.745034 0.462500 0.045548 0.020000
110 0.671062 0.331932 0.033219 0.020682
64 0.391267 0.651136 0.022945 0.020909
264 0.413356 0.524205 0.030137 0.021591
88 0.322089 0.530682 0.021575 0.021818
66 0.744863 0.872727 0.026027 0.021818
418 0.672603 0.756477 0.034932 0.022045
117 0.948459 0.788295 0.016781 0.022500
117 0.535445 0.514205 0.017466 0.022500
499 0.330137 0.783750 0.045890 0.022500
264 0.480822 0.705455 0.031507 0.023182
64 0.881164 0.299886 0.015068 0.023409
72 0.530137 0.428750 0.043836 0.023409
418 0.179281 0.426591 0.014041 0.023636
264 0.479966 0.565455 0.038699 0.023636
264 0.402397 0.310341 0.032192 0.024318
501 0.810959 0.882955 0.046575 0.024545
264 0.476712 0.837614 0.031507 0.024773
83 0.746404 0.795341 0.040068 0.024773
111 0.327740 0.892500 0.015753 0.025000
88 0.387842 0.684091 0.040068 0.025000
495 0.529966 0.404091 0.077740 0.025909
56 0.598973 0.561932 0.015753 0.026136
117 0.254281 0.258295 0.016781 0.026136
117 0.394007 0.589091 0.014726 0.026364
127 0.530308 0.454318 0.040068 0.026364
72 0.245890 0.452500 0.042466 0.026364
85 0.676199 0.390568 0.016096 0.026591
88 0.533219 0.261705 0.023288 0.026591
88 0.394349 0.433864 0.030479 0.026818
83 0.180308 0.257159 0.034589 0.027955
68 0.752911 0.686591 0.009247 0.028182
74 0.675000 0.502727 0.024658 0.028182
66 0.607192 0.757273 0.030137 0.028182
125 0.948288 0.578182 0.039726 0.028182
366 0.317295 0.865227 0.042123 0.028182
83 0.671575 0.613864 0.043836 0.028182
126 0.254966 0.737045 0.045548 0.028182
120 0.811473 0.651250 0.018836 0.028409
88 0.956164 0.317159 0.021233 0.028409
127 0.605137 0.492614 0.045890 0.028409
978 0.943322 0.883295 0.048288 0.028409
88 0.675342 0.582273 0.011644 0.028636
117 0.391781 0.345682 0.016438 0.028636
501 0.320205 0.381364 0.043836 0.028636
90 0.251199 0.527955 0.046918 0.028636
53 0.392979 0.765909 0.016096 0.029091
109 0.254452 0.853182 0.044521 0.029091
710 0.317808 0.835000 0.047260 0.029091
495 0.945377 0.768636 0.068151 0.029091
91 0.880479 0.568523 0.049315 0.029318
111 0.808733 0.825455 0.016781 0.029545
70 0.319692 0.602273 0.030479 0.029545
264 0.329623 0.807500 0.037329 0.030000
120 0.387500 0.788523 0.017466 0.030227
59 0.956849 0.648523 0.031507 0.030227
1214 0.462329 0.741023 0.047945 0.030227
552 0.809932 0.791023 0.016438 0.030682
60 0.251027 0.287955 0.017123 0.030909
91 0.255651 0.568636 0.064726 0.030909
111 0.952740 0.611477 0.017123 0.031136
552 0.810788 0.909432 0.061301 0.031136
4119 0.813185 0.492727 0.049658 0.031364
68 0.267123 0.882841 0.007534 0.031591
111 0.317123 0.301705 0.017123 0.031591
418 0.605308 0.689091 0.018151 0.031818
88 0.743664 0.367727 0.048288 0.031818
118 0.679281 0.301250 0.010616 0.032045
111 0.602740 0.270114 0.023288 0.032045
91 0.802911 0.683523 0.061301 0.032045
60 0.947774 0.377500 0.034589 0.032273
91 0.946062 0.688409 0.042123 0.032273
126 0.609589 0.436023 0.044521 0.032500
119 0.321575 0.638636 0.019863 0.032727
2180 0.177226 0.549091 0.046233 0.032727
91 0.740753 0.497273 0.046575 0.032727
117 0.749829 0.263295 0.015411 0.032955
60 0.740925 0.898750 0.027055 0.032955
3203 0.389555 0.259205 0.030479 0.032955
76 0.322774 0.715000 0.027055 0.033182
547 0.593836 0.628636 0.027397 0.033182
2677 0.456678 0.459773 0.030479 0.033182
3868 0.944521 0.910000 0.034247 0.033182
81 0.251370 0.490227 0.044521 0.033182
547 0.171233 0.367841 0.021233 0.033409
108 0.668322 0.469318 0.057192 0.033636
552 0.320890 0.262727 0.062329 0.033636
127 0.393493 0.463977 0.042466 0.033864
3669 0.465068 0.236705 0.054110 0.033864
53 0.817123 0.625909 0.016438 0.034091
60 0.389897 0.379205 0.016781 0.034318
552 0.326712 0.420568 0.031507 0.034318
83 0.387500 0.730568 0.031849 0.034318
88 0.673630 0.721705 0.045890 0.034318
350 0.814897 0.567159 0.048973 0.034318
710 0.390925 0.557500 0.045548 0.034545
58 0.180479 0.296932 0.026027 0.034773
717 0.319692 0.564886 0.061301 0.034773
78 0.816781 0.859318 0.036301 0.035000
122 0.740582 0.660455 0.044863 0.035000
346 0.464384 0.611591 0.059589 0.035000
119 0.604281 0.306023 0.020205 0.035227
88 0.674486 0.366477 0.047603 0.035227
95 0.676541 0.267500 0.052397 0.035455
60 0.387500 0.618068 0.019521 0.035682
4038 0.458562 0.197841 0.047260 0.035682
126 0.744349 0.592159 0.055137 0.035682
83 0.742295 0.425909 0.024315 0.035909
87 0.951199 0.449318 0.044863 0.035909
1579 0.815240 0.256818 0.047603 0.035909
90 0.736986 0.749091 0.050685 0.035909
91 0.388185 0.822045 0.054452 0.035909
53 0.601541 0.831932 0.016096 0.036136
91 0.315240 0.459432 0.044178 0.036136
117 0.677568 0.643977 0.024315 0.036591
4346 0.456678 0.314545 0.040753 0.036818
55 0.741610 0.625682 0.047603 0.036818
78 0.742123 0.826705 0.038356 0.037045
2083 0.460445 0.271705 0.050342 0.037045
717 0.528938 0.366932 0.059932 0.037500
4371 0.945205 0.847727 0.031507 0.037727
883 0.881507 0.415568 0.035616 0.037955
66 0.318493 0.678523 0.045205 0.037955
83 0.665068 0.792045 0.026712 0.038182
68 0.248288 0.776477 0.008904 0.038409
60 0.245377 0.645682 0.022260 0.038636
111 0.741952 0.552614 0.023630 0.038864
3345 0.464555 0.646023 0.070890 0.038864
58 0.249144 0.355227 0.034589 0.039091
91 0.876884 0.270000 0.057877 0.039091
2216 0.603767 0.347273 0.050000 0.039545
3435 0.886473 0.611705 0.045548 0.039773
78 0.954110 0.414545 0.032192 0.040000
1952 0.883904 0.530000 0.054110 0.040000
51 0.250000 0.398977 0.043151 0.040227
76 0.600342 0.794091 0.042466 0.040455
119 0.674486 0.429091 0.022260 0.041818
60 0.745719 0.296705 0.022945 0.042500
1896 0.457192 0.500341 0.043836 0.042500
287 0.610445 0.726364 0.036644 0.042727
2173 0.813014 0.531477 0.047945 0.042955
68 0.952911 0.824545 0.005822 0.043182
2423 0.181678 0.522159 0.048973 0.043409
68 0.756849 0.400682 0.021918 0.043636
119 0.181164 0.336364 0.023973 0.043636
4371 0.949658 0.517159 0.032192 0.043864
78 0.323801 0.344091 0.030479 0.044091
653 0.814384 0.455000 0.037671 0.044091
2083 0.815753 0.299205 0.058219 0.044318
58 0.246062 0.810682 0.029795 0.044545
2193 0.530993 0.302386 0.029795 0.044773
60 0.673288 0.680000 0.021918 0.045000
350 0.885274 0.372273 0.043836 0.045000
2987 0.320034 0.497955 0.051712 0.045455
68 0.619521 0.649886 0.015753 0.045682
53 0.316096 0.753523 0.020548 0.045682
2983 0.383219 0.854659 0.037671 0.045682
68 0.402911 0.717045 0.006507 0.045909
3009 0.605651 0.389773 0.057877 0.045909
68 0.962842 0.486477 0.007877 0.046136
646 0.600856 0.892159 0.047603 0.046591
1270 0.246747 0.698636 0.042808 0.047727
4435 0.175856 0.582273 0.047603 0.047727
3513 0.461301 0.779432 0.046575 0.047955
2983 0.808562 0.722273 0.036986 0.048182
4722 0.957363 0.278864 0.040068 0.049545
62 0.603767 0.598409 0.043836 0.049545
3468 0.456849 0.883864 0.053425 0.049545
287 0.176541 0.466364 0.044178 0.051818
278 0.883390 0.460341 0.025685 0.052955
1406 0.825342 0.213068 0.053425 0.053864
287 0.188185 0.632045 0.035274 0.054091
2197 0.946575 0.733295 0.039041 0.054318
68 0.536644 0.554773 0.008219 0.058182
4458 0.458562 0.368409 0.057534 0.060455
2197 0.673116 0.550455 0.042808 0.060909
68 0.193664 0.396023 0.027055 0.062045
4458 0.671575 0.849773 0.058904 0.062273
4458 0.812500 0.357955 0.055822 0.062727
69 0.621062 0.533636 0.018836 0.068182
69 0.556164 0.492045 0.023973 0.070909
