128 0.570736 0.225496 0.012597 0.013229
203 0.353682 0.144317 0.031008 0.014432
120 0.782703 0.545701 0.022771 0.015033
101 0.569525 0.434756 0.057655 0.015033
101 0.457607 0.658599 0.054748 0.015334
92 0.565649 0.561636 0.042151 0.015634
52 0.124273 0.647474 0.047965 0.017739
101 0.785853 0.116356 0.059109 0.018040
52 0.673692 0.119212 0.046027 0.018340
52 0.778585 0.805322 0.051357 0.018340
113 0.121609 0.827571 0.057171 0.018340
57 0.789729 0.670926 0.032946 0.019543
57 0.683624 0.449639 0.034884 0.019543
83 0.780523 0.435508 0.040698 0.019543
68 0.459060 0.505111 0.014050 0.019844
92 0.675630 0.650631 0.040213 0.019844
56 0.561289 0.208809 0.053779 0.020144
56 0.457122 0.232562 0.055717 0.020144
91 0.792393 0.746843 0.031492 0.020445
83 0.890019 0.423031 0.043605 0.020445
92 0.787064 0.139056 0.043120 0.020746
120 0.240310 0.588695 0.022287 0.021046
83 0.668362 0.773301 0.037306 0.021046
92 0.343750 0.475045 0.043120 0.021046
81 0.786095 0.220986 0.046027 0.021046
724 0.783188 0.407998 0.055717 0.021046
83 0.669816 0.270144 0.038275 0.021347
91 0.562984 0.759621 0.040698 0.021347
83 0.777859 0.722489 0.040213 0.021648
101 0.341812 0.836741 0.055717 0.021648
162 0.569525 0.675135 0.025678 0.021948
91 0.891957 0.288785 0.043605 0.021948
83 0.232558 0.483614 0.043605 0.021948
127 0.248062 0.146272 0.067829 0.021948
120 0.459060 0.206554 0.024709 0.022249
56 0.681202 0.330427 0.025194 0.022249
66 0.568314 0.383343 0.031008 0.022249
126 0.122335 0.546302 0.057655 0.022249
61 0.785126 0.526909 0.059593 0.022550
56 0.122093 0.776007 0.022287 0.022850
66 0.238614 0.123873 0.031492 0.022850
111 0.674419 0.200842 0.033915 0.022850
126 0.782461 0.380938 0.050388 0.022850
56 0.678537 0.508870 0.021802 0.023151
83 0.562500 0.271948 0.042636 0.023151
126 0.562742 0.507968 0.048934 0.023151
126 0.890262 0.312237 0.049903 0.023151
198 0.136628 0.428443 0.019380 0.023452
66 0.885174 0.751353 0.028101 0.023452
88 0.890746 0.371016 0.046996 0.023452
126 0.457364 0.322309 0.053295 0.023452
724 0.563469 0.536079 0.061047 0.023452
74 0.349564 0.323963 0.034399 0.023752
83 0.346415 0.297505 0.042636 0.023752
124 0.460271 0.183253 0.044574 0.023752
126 0.342781 0.729555 0.056686 0.023752
102 0.352471 0.120415 0.061531 0.023752
85 0.557171 0.893566 0.028101 0.024053
83 0.669574 0.628082 0.035853 0.024053
56 0.345446 0.554570 0.024225 0.024354
85 0.781492 0.611996 0.031977 0.024354
84 0.784884 0.502255 0.044574 0.024354
91 0.231105 0.890409 0.044574 0.024354
77 0.132267 0.752405 0.052326 0.024354
93 0.676841 0.889507 0.056202 0.024354
85 0.347868 0.244738 0.042636 0.024654
52 0.888566 0.451894 0.049419 0.024654
55 0.457122 0.451594 0.057655 0.024654
127 0.132994 0.725496 0.063469 0.024654
91 0.133236 0.121918 0.041667 0.024955
97 0.791424 0.249699 0.054748 0.024955
91 0.894380 0.232411 0.043605 0.025256
83 0.335029 0.813289 0.046996 0.025256
51 0.347141 0.380337 0.047965 0.025256
85 0.788517 0.303818 0.031492 0.025556
97 0.788275 0.170325 0.055233 0.025556
55 0.675872 0.389206 0.057171 0.025556
271 0.783915 0.775857 0.058140 0.025556
91 0.778343 0.859892 0.042151 0.025857
52 0.565407 0.122670 0.044574 0.025857
55 0.236676 0.512928 0.057655 0.025857
88 0.127180 0.358839 0.038275 0.026158
55 0.565649 0.300812 0.056686 0.026158
68 0.786579 0.693927 0.008236 0.026458
88 0.565407 0.180397 0.038760 0.026458
91 0.342297 0.863800 0.044089 0.026458
83 0.457607 0.425436 0.046027 0.026458
547 0.673692 0.717078 0.057655 0.026458
91 0.889050 0.854630 0.039729 0.026759
87 0.568556 0.591551 0.046996 0.026759
98 0.124758 0.669723 0.058624 0.026759
107 0.568072 0.407998 0.045058 0.027060
67 0.248304 0.174684 0.046027 0.027060
117 0.785126 0.196783 0.019864 0.027360
77 0.237888 0.748196 0.047481 0.027360
119 0.565165 0.735117 0.027616 0.027661
56 0.118944 0.851473 0.027616 0.027661
56 0.341085 0.674985 0.028101 0.027661
86 0.245397 0.864402 0.040213 0.027661
107 0.123062 0.870866 0.028101 0.027962
81 0.674661 0.599068 0.039244 0.027962
83 0.456638 0.155592 0.041182 0.027962
85 0.133963 0.249549 0.025678 0.028262
118 0.125242 0.801563 0.026647 0.028262
85 0.129603 0.618160 0.032461 0.028262
91 0.346899 0.349970 0.044574 0.028262
1341 0.669089 0.570956 0.056202 0.028262
888 0.551841 0.869212 0.056202 0.028262
99 0.344961 0.616657 0.065891 0.028262
68 0.354409 0.271347 0.015019 0.028563
85 0.342054 0.891311 0.027132 0.028563
119 0.894380 0.164311 0.028101 0.028563
110 0.457607 0.397775 0.040213 0.028863
81 0.565407 0.246542 0.040698 0.028863
81 0.345930 0.645219 0.041667 0.028863
118 0.464632 0.257216 0.029070 0.029164
62 0.891957 0.478803 0.041667 0.029164
81 0.241037 0.202796 0.044089 0.029164
1931 0.895107 0.342604 0.062500 0.029164
60 0.342054 0.449790 0.015504 0.029465
117 0.786095 0.276308 0.026647 0.029465
53 0.888808 0.546452 0.020833 0.029765
60 0.457607 0.564492 0.021802 0.029765
68 0.894864 0.397775 0.017442 0.030066
126 0.778585 0.887553 0.055233 0.030066
1887 0.559351 0.790740 0.055717 0.030066
118 0.677083 0.174233 0.037306 0.030367
79 0.571948 0.150782 0.042151 0.030367
60 0.674903 0.143716 0.021318 0.030667
118 0.679264 0.356885 0.031008 0.030667
93 0.241279 0.329976 0.046512 0.030968
85 0.239583 0.616957 0.031492 0.031269
93 0.455184 0.779916 0.045058 0.031269
1083 0.233527 0.828022 0.047481 0.031269
3956 0.674661 0.481660 0.058624 0.031269
1678 0.676599 0.682201 0.064438 0.031269
111 0.457122 0.595159 0.037306 0.031569
51 0.238372 0.298707 0.047481 0.031569
316 0.460998 0.289988 0.062500 0.031569
68 0.456638 0.847865 0.010174 0.031870
111 0.128634 0.697535 0.025678 0.031870
118 0.239583 0.268491 0.031492 0.031870
68 0.675872 0.746693 0.021318 0.032171
85 0.891957 0.615003 0.039729 0.032171
122 0.458576 0.531118 0.042151 0.032171
94 0.239341 0.236470 0.042636 0.032171
62 0.344961 0.704901 0.043605 0.032171
127 0.352955 0.175436 0.064438 0.032171
1679 0.126938 0.286981 0.064922 0.032171
717 0.891231 0.198437 0.054748 0.032471
58 0.460271 0.125225 0.031977 0.032772
141 0.141231 0.394317 0.046996 0.032772
126 0.238857 0.436109 0.055233 0.032772
68 0.235950 0.457607 0.018411 0.033073
111 0.892684 0.261275 0.025678 0.033073
121 0.245882 0.362147 0.079942 0.033373
2397 0.784884 0.469032 0.058140 0.033674
111 0.459787 0.478202 0.024225 0.033975
111 0.781492 0.829976 0.025194 0.033975
118 0.679748 0.537432 0.035853 0.033975
94 0.569283 0.704149 0.039729 0.034275
3996 0.783188 0.643265 0.059593 0.034576
118 0.345446 0.584636 0.037791 0.035177
3136 0.680475 0.301714 0.048934 0.035177
2395 0.891231 0.783674 0.048934 0.035177
71 0.896560 0.513830 0.049903 0.035478
90 0.452762 0.632892 0.061531 0.036079
87 0.449370 0.813740 0.038275 0.036380
268 0.881056 0.885598 0.057655 0.036981
4185 0.887355 0.817498 0.043120 0.037282
68 0.125969 0.885749 0.067829 0.037282
47 0.890019 0.580126 0.021318 0.037583
2275 0.569283 0.470084 0.054264 0.037583
126 0.450097 0.883043 0.043605 0.037883
3754 0.128634 0.214071 0.047965 0.037883
121 0.675145 0.420926 0.049903 0.037883
1193 0.448886 0.738575 0.057655 0.038184
121 0.670300 0.854179 0.043120 0.039086
63 0.354409 0.411305 0.057655 0.039687
763 0.123789 0.584035 0.056686 0.039988
717 0.128391 0.325767 0.062016 0.039988
1639 0.675630 0.232862 0.063469 0.040589
47 0.138566 0.456855 0.022287 0.041792
4528 0.233043 0.658298 0.044574 0.041792
4330 0.455184 0.359441 0.061531 0.041792
2154 0.127180 0.504811 0.047965 0.042093
47 0.357074 0.211215 0.029070 0.042393
2655 0.782703 0.340649 0.046027 0.043295
1460 0.234012 0.786230 0.056202 0.043295
1137 0.559593 0.831479 0.052326 0.043596
3331 0.452277 0.692123 0.048934 0.043897
4447 0.229167 0.401082 0.057171 0.043897
1373 0.895833 0.127631 0.051357 0.044799
48 0.787306 0.572910 0.031977 0.045400
1125 0.565407 0.636651 0.054264 0.046001
1666 0.668362 0.811636 0.061531 0.046001
4748 0.229893 0.707306 0.070252 0.046603
2880 0.567829 0.343355 0.049419 0.047505
1137 0.890504 0.711966 0.049419 0.047505
1137 0.135659 0.164011 0.056202 0.047805
1138 0.340359 0.517889 0.054748 0.049008
1833 0.890504 0.660704 0.060078 0.049008
1137 0.235707 0.553367 0.060562 0.049609
4447 0.345446 0.770144 0.054264 0.050210
