246 0.454894 0.293205 0.036596 0.002821
246 0.291915 0.223205 0.040000 0.002821
246 0.536383 0.799487 0.041277 0.003590
154 0.065106 0.580513 0.017021 0.008718
92 0.538723 0.632821 0.020426 0.009231
102 0.540638 0.458718 0.034468 0.016923
89 0.301064 0.863590 0.037021 0.017436
1837 0.052553 0.258077 0.038723 0.017692
88 0.055106 0.358974 0.016596 0.018462
83 0.130851 0.226026 0.026809 0.019231
126 0.622766 0.432308 0.026809 0.019487
117 0.130851 0.390385 0.026809 0.019744
81 0.535319 0.293205 0.030638 0.019744
102 0.700851 0.826795 0.038298 0.019744
91 0.134468 0.663974 0.038298 0.020256
83 0.619149 0.801026 0.026383 0.020513
83 0.215745 0.393333 0.027234 0.021538
88 0.136596 0.730897 0.020426 0.021795
91 0.053830 0.292308 0.024255 0.022051
113 0.213617 0.226410 0.038298 0.022051
95 0.135532 0.762051 0.040426 0.022051
710 0.049787 0.600256 0.042553 0.022051
91 0.303404 0.764744 0.045106 0.022308
91 0.055532 0.430385 0.045532 0.022308
720 0.536383 0.733333 0.031064 0.022564
83 0.700638 0.291154 0.024255 0.023333
91 0.375319 0.460641 0.034894 0.023333
66 0.620638 0.324487 0.026809 0.023846
4090 0.536170 0.533205 0.028936 0.023846
83 0.701277 0.390256 0.032340 0.024103
81 0.301702 0.800000 0.033191 0.024103
60 0.700851 0.625897 0.036596 0.024103
88 0.297021 0.597308 0.024681 0.024359
83 0.533617 0.356795 0.029787 0.024359
68 0.214894 0.666667 0.034894 0.024615
91 0.054468 0.699487 0.040000 0.024615
117 0.461277 0.397564 0.028936 0.024872
1592 0.215745 0.429103 0.055319 0.024872
88 0.217234 0.827436 0.016596 0.025128
126 0.701277 0.225385 0.022979 0.025128
117 0.705532 0.560256 0.023830 0.025128
88 0.534894 0.700769 0.023830 0.025128
667 0.374894 0.429231 0.040851 0.025128
717 0.055532 0.564615 0.054043 0.025128
126 0.134894 0.496282 0.032340 0.025385
70 0.047234 0.832179 0.037447 0.025385
109 0.619787 0.295000 0.039574 0.025385
750 0.537021 0.259103 0.044255 0.025385
85 0.460426 0.361538 0.011915 0.025641
128 0.704894 0.651026 0.018298 0.025641
58 0.137234 0.564615 0.020851 0.025641
92 0.459574 0.260256 0.026383 0.025641
83 0.294468 0.664359 0.034894 0.025641
2193 0.218511 0.462308 0.040426 0.025641
85 0.537872 0.228846 0.011915 0.025897
65 0.299574 0.318077 0.028936 0.025897
691 0.616383 0.462179 0.048936 0.025897
117 0.618511 0.225256 0.024255 0.026410
111 0.699149 0.523718 0.029787 0.026410
91 0.216809 0.562436 0.032766 0.026410
552 0.052979 0.532308 0.030213 0.026667
648 0.052553 0.498974 0.034468 0.026667
83 0.699787 0.724872 0.035319 0.026667
1928 0.136809 0.631026 0.050638 0.026667
3984 0.537872 0.864487 0.035745 0.026923
88 0.050851 0.762436 0.019149 0.027436
252 0.054043 0.734744 0.034894 0.027436
2266 0.055745 0.630897 0.043404 0.027436
1592 0.133404 0.597821 0.043830 0.027436
2987 0.050851 0.326026 0.044681 0.027436
67 0.626809 0.831154 0.045957 0.027436
60 0.051915 0.858974 0.017872 0.027692
51 0.128298 0.325897 0.031915 0.027692
252 0.130426 0.697308 0.033617 0.027949
87 0.702553 0.423974 0.034894 0.027949
1799 0.536596 0.597308 0.037447 0.027949
327 0.378085 0.496538 0.042128 0.027949
2193 0.131702 0.461667 0.060000 0.027949
547 0.617234 0.496667 0.030213 0.028205
2266 0.378936 0.324103 0.046383 0.028205
68 0.541277 0.765513 0.005957 0.028462
60 0.215319 0.759103 0.018723 0.028462
109 0.704043 0.759359 0.038723 0.028462
271 0.294043 0.529359 0.049362 0.028462
85 0.702766 0.484359 0.014894 0.028718
83 0.134894 0.863077 0.026383 0.028718
76 0.294043 0.257949 0.028936 0.028718
126 0.211915 0.629487 0.028936 0.028718
95 0.538085 0.559744 0.034468 0.028718
113 0.616596 0.662564 0.036596 0.028718
53 0.050638 0.798333 0.011915 0.028974
4090 0.534468 0.393205 0.028936 0.028974
110 0.299362 0.732692 0.031064 0.028974
1645 0.535319 0.828846 0.041702 0.028974
119 0.132979 0.286410 0.014043 0.029231
126 0.295319 0.356667 0.028085 0.029231
1799 0.375532 0.529744 0.037872 0.029231
2987 0.048511 0.464103 0.051064 0.029231
88 0.218085 0.294487 0.026809 0.029487
85 0.132553 0.256795 0.029362 0.029487
2193 0.214894 0.799872 0.043404 0.029487
83 0.295106 0.495385 0.029362 0.029744
69 0.621702 0.633077 0.049362 0.029744
366 0.700851 0.328718 0.041702 0.030256
113 0.210851 0.324744 0.039574 0.030513
56 0.297447 0.839231 0.017021 0.030769
87 0.297660 0.396026 0.032766 0.031026
60 0.618936 0.254359 0.018298 0.031282
577 0.214043 0.496410 0.038298 0.031282
63 0.138723 0.832821 0.039149 0.031282
2167 0.460426 0.330000 0.042553 0.031282
1267 0.372128 0.396154 0.052340 0.031282
53 0.617447 0.566282 0.016170 0.031538
3346 0.051702 0.664744 0.034468 0.031538
70 0.617872 0.598077 0.036596 0.031538
1158 0.217660 0.528333 0.039574 0.032051
2426 0.298723 0.561410 0.046809 0.032051
118 0.218723 0.728462 0.014468 0.032308
107 0.296383 0.288718 0.025957 0.032308
81 0.619787 0.861282 0.037872 0.032308
68 0.618085 0.531795 0.007234 0.032821
88 0.458936 0.230769 0.021702 0.032821
93 0.222553 0.695641 0.031489 0.032821
98 0.537021 0.424359 0.037447 0.032821
119 0.700851 0.454872 0.019574 0.033333
88 0.298723 0.463590 0.022979 0.033333
115 0.618085 0.734615 0.037021 0.033333
53 0.618511 0.693974 0.010638 0.033590
88 0.701064 0.361026 0.027660 0.033846
1138 0.050851 0.226923 0.040426 0.033846
88 0.620638 0.773333 0.023404 0.034359
122 0.136383 0.799744 0.037872 0.034359
2354 0.217872 0.862564 0.039149 0.034359
3439 0.045745 0.394872 0.045532 0.034359
60 0.705745 0.588846 0.020000 0.034615
98 0.132766 0.534231 0.038298 0.034615
68 0.702979 0.261795 0.007660 0.034872
119 0.620426 0.354103 0.020426 0.034872
102 0.301915 0.429231 0.042979 0.034872
58 0.217872 0.357949 0.026383 0.035385
62 0.535957 0.323462 0.028511 0.035641
3346 0.374468 0.361026 0.034043 0.035897
60 0.132128 0.418590 0.024255 0.036154
577 0.532340 0.669744 0.040851 0.036410
53 0.215532 0.256282 0.016596 0.037179
119 0.215319 0.594487 0.022128 0.037179
2426 0.296170 0.699359 0.046809 0.037179
68 0.704681 0.858333 0.008511 0.037692
68 0.539787 0.492308 0.008936 0.037949
70 0.700000 0.797308 0.017872 0.038718
68 0.461277 0.431282 0.009362 0.038974
63 0.135106 0.360128 0.042979 0.040256
68 0.299362 0.630513 0.018298 0.041538
119 0.702553 0.685769 0.019574 0.043333
68 0.615745 0.401282 0.014468 0.048718
