91 0.429786 0.203233 0.018950 0.009730
92 0.765549 0.384024 0.026725 0.009730
52 0.733236 0.430634 0.028183 0.010044
91 0.769922 0.463748 0.023810 0.011613
84 0.773324 0.500314 0.027697 0.011927
76 0.734451 0.850753 0.017979 0.012241
683 0.908649 0.454175 0.025267 0.012555
64 0.732507 0.738858 0.019922 0.013183
120 0.734694 0.885593 0.016521 0.013497
203 0.876822 0.687853 0.035471 0.013497
57 0.737123 0.789077 0.023324 0.013810
172 0.878280 0.561833 0.026725 0.013810
209 0.536200 0.271030 0.014091 0.014752
2151 0.763362 0.348085 0.026239 0.015066
91 0.319242 0.558067 0.027211 0.015066
92 0.766278 0.728500 0.028183 0.015066
132 0.091351 0.319523 0.029155 0.015066
193 0.878523 0.821092 0.034014 0.015066
101 0.416181 0.829253 0.060739 0.015066
91 0.431487 0.543785 0.024295 0.015380
209 0.316327 0.615819 0.013605 0.015694
88 0.766035 0.713120 0.023810 0.015694
190 0.532070 0.255807 0.027211 0.015694
132 0.538144 0.168079 0.023810 0.016008
91 0.432459 0.867389 0.027211 0.016008
56 0.734694 0.694288 0.015549 0.016321
111 0.770651 0.514438 0.020408 0.016321
683 0.575073 0.252982 0.024781 0.016321
91 0.765549 0.824859 0.025753 0.016321
93 0.736152 0.773070 0.031098 0.016321
87 0.733722 0.903641 0.022352 0.016949
91 0.432945 0.731481 0.026239 0.017263
55 0.732021 0.631670 0.029640 0.017263
203 0.309524 0.599027 0.032070 0.017263
111 0.767250 0.444758 0.019436 0.017577
91 0.731778 0.650659 0.025267 0.017577
683 0.233965 0.577841 0.025753 0.017577
1083 0.765063 0.368958 0.023810 0.017891
132 0.086006 0.486974 0.025267 0.017891
120 0.304179 0.916981 0.027211 0.017891
64 0.637512 0.354834 0.032070 0.017891
1083 0.768950 0.404269 0.021866 0.018205
509 0.770408 0.482109 0.022838 0.018205
55 0.765549 0.565913 0.033528 0.018205
85 0.764334 0.584275 0.014577 0.018519
85 0.732750 0.370841 0.018465 0.018519
107 0.732750 0.868801 0.019436 0.018832
101 0.866132 0.359385 0.058795 0.018832
26 0.749757 0.537665 0.067055 0.018832
166 0.766278 0.321877 0.014577 0.019146
56 0.082119 0.631356 0.023324 0.019146
91 0.179543 0.192875 0.037415 0.019146
88 0.745627 0.213591 0.043246 0.019146
68 0.732264 0.414626 0.008746 0.019460
56 0.079932 0.401444 0.022838 0.019460
55 0.728863 0.351852 0.029155 0.019460
94 0.768465 0.896422 0.030612 0.019460
85 0.732507 0.757533 0.013120 0.019774
86 0.769679 0.425455 0.019436 0.019774
60 0.765792 0.914783 0.019436 0.019774
56 0.634840 0.261927 0.021866 0.019774
91 0.732507 0.587100 0.025753 0.019774
101 0.418124 0.687853 0.056851 0.019774
127 0.763848 0.871940 0.027211 0.020088
101 0.643829 0.919021 0.053450 0.020088
111 0.731778 0.566384 0.019436 0.020402
56 0.865403 0.223321 0.020408 0.020402
132 0.646259 0.426083 0.024295 0.020402
718 0.343780 0.577370 0.024781 0.020402
51 0.733965 0.811205 0.029640 0.020402
73 0.646501 0.898776 0.053936 0.020402
718 0.117590 0.415254 0.024295 0.020716
91 0.643343 0.494350 0.039845 0.020716
55 0.298591 0.761456 0.048105 0.020716
66 0.866618 0.774796 0.023810 0.021030
55 0.634354 0.240898 0.047133 0.021030
56 0.184159 0.452605 0.025267 0.021343
87 0.729835 0.394068 0.024295 0.021657
132 0.880709 0.545982 0.028669 0.021657
55 0.079932 0.691463 0.051020 0.021971
45 0.526239 0.248588 0.068027 0.021971
118 0.736152 0.832549 0.015549 0.022285
87 0.764091 0.606560 0.016035 0.022285
119 0.737609 0.503923 0.016521 0.022285
1083 0.767250 0.688481 0.022352 0.022285
57 0.645287 0.833176 0.035957 0.022285
91 0.537901 0.910703 0.041788 0.022285
755 0.299563 0.834118 0.065598 0.022285
132 0.095724 0.849969 0.024295 0.022599
92 0.527454 0.431890 0.043246 0.022599
101 0.180272 0.257690 0.057337 0.022599
57 0.530126 0.752511 0.029155 0.022913
76 0.527454 0.574545 0.035471 0.022913
91 0.527211 0.600596 0.037901 0.022913
101 0.193149 0.876177 0.059767 0.022913
45 0.871234 0.465317 0.070943 0.022913
58 0.765549 0.657564 0.020894 0.023227
1083 0.734208 0.453233 0.024295 0.023227
82 0.732507 0.672003 0.027697 0.023227
91 0.870748 0.521657 0.038873 0.023227
101 0.749271 0.196171 0.056365 0.023227
101 0.189990 0.767420 0.056365 0.023227
118 0.736395 0.714218 0.013120 0.023540
132 0.544704 0.883082 0.025267 0.023540
110 0.865889 0.667765 0.037901 0.023540
55 0.081876 0.876177 0.047133 0.023540
55 0.748299 0.139203 0.048591 0.023540
101 0.087707 0.923572 0.058795 0.023540
45 0.870748 0.712335 0.070943 0.023540
68 0.765306 0.629630 0.009718 0.023854
76 0.638727 0.282486 0.029640 0.023854
57 0.413022 0.330508 0.034014 0.023854
110 0.084548 0.900502 0.034014 0.023854
77 0.643100 0.699309 0.038387 0.023854
686 0.768222 0.752197 0.031098 0.024168
52 0.635083 0.379002 0.039845 0.024168
52 0.186103 0.551632 0.047619 0.024168
113 0.861516 0.383710 0.054422 0.024168
111 0.731535 0.607345 0.023810 0.024482
78 0.765306 0.803202 0.027211 0.024482
81 0.638970 0.403327 0.039845 0.024482
113 0.748056 0.274325 0.050049 0.024482
120 0.181487 0.424200 0.022838 0.024796
57 0.081876 0.183145 0.035471 0.024796
77 0.080661 0.604363 0.037901 0.024796
91 0.300292 0.209824 0.039845 0.024796
91 0.300292 0.538136 0.044704 0.024796
101 0.302235 0.736817 0.054422 0.024796
111 0.859572 0.140929 0.031098 0.025110
683 0.522595 0.192090 0.051992 0.025110
127 0.637755 0.214689 0.054908 0.025110
45 0.309281 0.588512 0.055879 0.025110
101 0.078960 0.382925 0.059767 0.025110
117 0.638484 0.723949 0.027211 0.025424
111 0.418853 0.842279 0.030126 0.025424
77 0.767979 0.777464 0.024781 0.025738
66 0.632410 0.189266 0.027697 0.025738
83 0.296161 0.379473 0.040330 0.025738
91 0.642128 0.634809 0.042274 0.026051
87 0.734694 0.479912 0.022352 0.026365
110 0.299563 0.785938 0.030612 0.026365
70 0.305151 0.894539 0.035957 0.026365
500 0.522109 0.219397 0.037415 0.026365
101 0.298834 0.811362 0.056365 0.026365
85 0.180515 0.139203 0.029640 0.026679
113 0.077502 0.297709 0.043246 0.026679
56 0.420068 0.488858 0.021866 0.027307
77 0.866375 0.197269 0.042760 0.027307
56 0.179786 0.366761 0.050534 0.027307
600 0.300777 0.175612 0.053450 0.027307
45 0.191448 0.585530 0.068027 0.027307
1300 0.909378 0.703390 0.030612 0.027621
66 0.866861 0.437539 0.033042 0.027621
57 0.408649 0.188010 0.034014 0.027621
117 0.303693 0.474890 0.034014 0.027621
81 0.867833 0.409918 0.041788 0.027621
55 0.189261 0.822348 0.047133 0.027621
2151 0.522109 0.295669 0.053936 0.027621
127 0.868562 0.799121 0.053936 0.027621
62 0.084062 0.785468 0.040816 0.027935
52 0.527211 0.694444 0.041788 0.027935
76 0.302721 0.677024 0.034014 0.028249
87 0.191448 0.787508 0.039845 0.028249
69 0.532313 0.822348 0.048105 0.028249
127 0.867833 0.167608 0.064140 0.028249
123 0.766521 0.852950 0.017007 0.028562
110 0.190962 0.850126 0.031098 0.028562
252 0.415695 0.760044 0.045190 0.028562
60 0.526239 0.509102 0.022352 0.028876
111 0.414480 0.707156 0.031098 0.028876
870 0.642371 0.600753 0.045675 0.028876
126 0.870505 0.900502 0.047133 0.028876
120 0.302964 0.444601 0.029640 0.029190
87 0.522838 0.141557 0.039845 0.030132
55 0.524781 0.665411 0.050534 0.030132
55 0.415209 0.575643 0.051992 0.030132
600 0.526725 0.405210 0.055394 0.030132
62 0.636297 0.328154 0.035471 0.030446
51 0.300049 0.509887 0.046161 0.030446
316 0.178571 0.172473 0.053936 0.030446
111 0.191448 0.903327 0.032070 0.030760
126 0.304179 0.864407 0.041788 0.030760
600 0.407434 0.299749 0.056851 0.030760
58 0.304908 0.647363 0.030612 0.031073
62 0.183673 0.395951 0.033042 0.031073
90 0.860058 0.334275 0.037901 0.031387
53 0.634111 0.520402 0.037901 0.031387
1579 0.527454 0.785311 0.060739 0.031387
278 0.300049 0.141086 0.044218 0.031701
252 0.751458 0.242781 0.046161 0.031701
113 0.529883 0.853892 0.049077 0.031701
366 0.864674 0.492624 0.050049 0.031701
53 0.521623 0.628060 0.030612 0.032015
81 0.079203 0.754237 0.049563 0.032015
90 0.299077 0.707156 0.053936 0.032015
53 0.743440 0.303672 0.035957 0.032329
107 0.747813 0.168236 0.029155 0.032643
118 0.528912 0.724733 0.033528 0.032643
2325 0.524295 0.332078 0.059281 0.032643
77 0.418610 0.454175 0.038387 0.033271
252 0.298591 0.414156 0.042274 0.033584
2223 0.081147 0.820935 0.053450 0.034212
278 0.525996 0.371626 0.036443 0.034526
68 0.187075 0.699309 0.045675 0.034526
2325 0.421040 0.903013 0.054908 0.034526
68 0.078231 0.721751 0.021380 0.034840
45 0.079203 0.437382 0.072886 0.034840
3553 0.865403 0.634024 0.045675 0.035154
1418 0.189747 0.661331 0.052964 0.035154
118 0.181001 0.481011 0.030612 0.035468
118 0.080904 0.658663 0.031584 0.035468
118 0.860058 0.250628 0.033042 0.035468
278 0.408406 0.264909 0.023810 0.035782
90 0.077988 0.352480 0.056851 0.035782
2325 0.403547 0.228970 0.052964 0.036095
1036 0.638727 0.760672 0.075316 0.036095
69 0.633139 0.290960 0.052478 0.036409
4182 0.866132 0.741368 0.056851 0.036409
1799 0.413751 0.798180 0.039359 0.037037
1197 0.417153 0.609385 0.051992 0.037351
918 0.181730 0.618016 0.071914 0.037665
69 0.086006 0.265380 0.025267 0.037979
90 0.186832 0.736660 0.055879 0.038293
126 0.181244 0.330979 0.037901 0.038606
1787 0.301506 0.284526 0.048105 0.039234
4429 0.174927 0.226773 0.052478 0.039234
1476 0.182459 0.519774 0.053936 0.039548
785 0.176628 0.291902 0.061710 0.039548
221 0.647230 0.802574 0.072886 0.039548
118 0.412293 0.521814 0.040330 0.040490
1871 0.526482 0.544099 0.044218 0.040490
1778 0.416424 0.653955 0.053450 0.040490
3058 0.300534 0.244664 0.059767 0.040490
2643 0.071914 0.521500 0.063168 0.040490
3058 0.641156 0.667137 0.064626 0.040490
1831 0.870505 0.856560 0.051992 0.041431
3231 0.641399 0.459667 0.054422 0.041745
3231 0.640671 0.866133 0.053936 0.042373
796 0.860787 0.292373 0.051020 0.044884
3934 0.408163 0.368173 0.048591 0.045198
1203 0.404033 0.415254 0.054908 0.045198
3231 0.526482 0.472065 0.056851 0.045198
1831 0.078474 0.454175 0.059767 0.045198
3901 0.299563 0.338512 0.048105 0.045512
796 0.862488 0.594790 0.063168 0.046453
2682 0.405005 0.150031 0.047133 0.047081
3871 0.635569 0.555712 0.057337 0.047395
2191 0.078231 0.568110 0.036929 0.047709
1300 0.631195 0.151130 0.048591 0.048023
4776 0.076774 0.223007 0.054422 0.048023
