246 0.130935 0.521088 0.029674 0.007256
246 0.886499 0.826984 0.035608 0.007256
246 0.214948 0.876304 0.037463 0.007937
246 0.282085 0.129819 0.030045 0.008844
173 0.913390 0.286054 0.015208 0.009297
169 0.296180 0.459637 0.018175 0.011791
173 0.134829 0.501134 0.027077 0.011791
88 0.907826 0.180385 0.021884 0.012472
128 0.545809 0.764399 0.012982 0.013605
42 0.397626 0.335488 0.016320 0.015646
1173 0.742767 0.239116 0.049332 0.017007
128 0.647441 0.751927 0.012240 0.017234
297 0.891506 0.847959 0.031528 0.017460
70 0.908754 0.199546 0.017804 0.018141
70 0.888353 0.933900 0.022255 0.018367
287 0.210126 0.489456 0.042656 0.018367
85 0.879266 0.216213 0.014466 0.019274
56 0.646884 0.733220 0.025223 0.019728
115 0.495364 0.820522 0.048591 0.019728
81 0.519288 0.303855 0.040059 0.019955
297 0.132604 0.158617 0.033754 0.020181
68 0.910423 0.243424 0.006306 0.020635
395 0.906157 0.162698 0.029674 0.020635
52 0.586795 0.567687 0.040059 0.020635
56 0.203450 0.154535 0.029303 0.021088
287 0.138909 0.408957 0.054525 0.021542
42 0.953079 0.675964 0.010757 0.021769
88 0.215504 0.595011 0.014837 0.021769
85 0.291543 0.726190 0.019288 0.021995
91 0.132789 0.597392 0.034125 0.021995
121 0.293398 0.693084 0.045994 0.022902
91 0.210497 0.417574 0.033012 0.023356
60 0.687685 0.551927 0.020772 0.023583
91 0.208086 0.261451 0.031157 0.023583
2197 0.912834 0.265873 0.019288 0.023810
107 0.910423 0.220748 0.024852 0.023810
251 0.584013 0.495578 0.024852 0.023810
1173 0.288761 0.799887 0.057493 0.024263
98 0.880749 0.264853 0.027077 0.024490
92 0.295438 0.381973 0.032270 0.024717
92 0.213093 0.618707 0.021884 0.025170
643 0.590875 0.737755 0.029674 0.025170
92 0.288761 0.887415 0.022626 0.025624
85 0.220883 0.781746 0.024110 0.025624
123 0.624815 0.522562 0.028561 0.025624
1083 0.683791 0.603741 0.028561 0.025624
189 0.521699 0.272562 0.019659 0.026304
251 0.137426 0.191837 0.026335 0.026304
52 0.878709 0.239229 0.026706 0.026304
698 0.216803 0.563039 0.039688 0.026304
3785 0.592174 0.803515 0.046365 0.026531
88 0.960312 0.414626 0.008902 0.026984
1083 0.683234 0.487188 0.031157 0.026984
120 0.953820 0.746485 0.018175 0.027211
1083 0.284496 0.158957 0.048961 0.027211
111 0.636869 0.332540 0.023739 0.027891
189 0.541543 0.785488 0.013353 0.028118
698 0.297663 0.278231 0.040430 0.028118
101 0.949184 0.774490 0.034125 0.028345
111 0.293954 0.511451 0.024110 0.028798
83 0.289874 0.479705 0.038205 0.028798
683 0.948071 0.849093 0.045994 0.028798
278 0.217730 0.381859 0.014837 0.029025
1644 0.685089 0.519841 0.051929 0.029252
88 0.953820 0.256122 0.010015 0.029705
1346 0.685274 0.330045 0.036721 0.029705
121 0.892990 0.755896 0.040430 0.029705
643 0.578079 0.258277 0.028561 0.029932
91 0.300260 0.305442 0.033754 0.029932
648 0.680267 0.293764 0.032641 0.030159
3984 0.746291 0.797392 0.053412 0.030159
120 0.899666 0.367234 0.025593 0.030612
3322 0.222552 0.902834 0.059347 0.030612
120 0.395586 0.546485 0.024852 0.030839
683 0.211053 0.227664 0.053412 0.030839
111 0.138353 0.278571 0.025223 0.031066
66 0.628524 0.493764 0.027077 0.031066
87 0.888168 0.725737 0.035979 0.031066
58 0.753895 0.728458 0.035979 0.031066
125 0.699555 0.797166 0.047478 0.031066
98 0.594399 0.832540 0.051558 0.031066
333 0.580304 0.289229 0.049332 0.031519
333 0.595883 0.768141 0.050816 0.031519
1834 0.891691 0.398526 0.051929 0.031519
2037 0.643361 0.814739 0.045623 0.031746
87 0.288576 0.664966 0.038576 0.031973
52 0.634829 0.302154 0.041172 0.031973
111 0.956046 0.287415 0.016691 0.032426
111 0.888909 0.432766 0.027819 0.032426
78 0.543769 0.741156 0.031157 0.032426
553 0.647070 0.776984 0.046365 0.032426
111 0.588835 0.594558 0.027819 0.032653
128 0.209384 0.181973 0.017433 0.033333
111 0.959570 0.445011 0.017804 0.033333
95 0.636869 0.591270 0.044510 0.033333
553 0.755378 0.538435 0.058976 0.033333
3760 0.891691 0.911678 0.066766 0.033333
1891 0.583642 0.529478 0.044139 0.033560
2037 0.525223 0.543424 0.043027 0.033787
111 0.289318 0.754762 0.025223 0.034240
2689 0.630564 0.211451 0.089021 0.034240
278 0.400408 0.409297 0.017433 0.034467
1902 0.954191 0.168481 0.037463 0.034467
1999 0.293027 0.915306 0.066766 0.035147
111 0.215690 0.342630 0.028561 0.035374
2590 0.523924 0.500680 0.025593 0.036281
51 0.949740 0.714286 0.035237 0.036281
1799 0.886128 0.518821 0.040059 0.036281
68 0.692136 0.582653 0.011869 0.036961
278 0.401150 0.216440 0.039688 0.036961
119 0.755378 0.762812 0.020401 0.037188
126 0.887611 0.875850 0.023739 0.037868
720 0.288947 0.554308 0.043027 0.037868
1006 0.816395 0.242971 0.060831 0.037868
91 0.820104 0.204762 0.043027 0.038095
720 0.624073 0.678458 0.050816 0.038095
118 0.630193 0.554989 0.022255 0.038776
503 0.885015 0.794218 0.038576 0.038776
2522 0.289503 0.244558 0.059718 0.038776
64 0.210682 0.749206 0.041543 0.039002
769 0.295438 0.339002 0.058976 0.039002
971 0.399666 0.254762 0.045623 0.039229
3047 0.885942 0.480839 0.058976 0.039683
3322 0.404859 0.298299 0.064169 0.039683
270 0.738872 0.271655 0.040059 0.039909
68 0.946773 0.809184 0.018917 0.040590
4163 0.680453 0.255215 0.030045 0.040590
3322 0.952337 0.633673 0.033012 0.040590
51 0.897441 0.329138 0.038947 0.040590
1834 0.397070 0.371542 0.065653 0.040590
691 0.951966 0.542290 0.027077 0.041043
2689 0.955675 0.383787 0.039688 0.041043
51 0.395215 0.510317 0.044881 0.041043
4564 0.755007 0.839342 0.048591 0.041497
717 0.948999 0.584580 0.057493 0.042630
720 0.631862 0.424376 0.054525 0.042857
3435 0.542470 0.826417 0.041914 0.043311
1256 0.214948 0.661111 0.049332 0.043311
720 0.888909 0.563152 0.051558 0.043311
1256 0.814540 0.167687 0.057864 0.043311
2522 0.211795 0.527891 0.060831 0.043537
95 0.702337 0.835034 0.054525 0.043764
2593 0.952708 0.493084 0.030786 0.044218
3338 0.498702 0.788209 0.043398 0.044444
2844 0.130007 0.232426 0.052300 0.044444
3984 0.749073 0.577664 0.053042 0.044671
366 0.287277 0.430045 0.072329 0.044671
2698 0.144288 0.327551 0.059347 0.045125
4435 0.212908 0.451247 0.045994 0.045351
4252 0.634458 0.263152 0.037463 0.045578
4597 0.744993 0.316213 0.065653 0.045578
91 0.218843 0.706122 0.040059 0.046259
1995 0.287648 0.198413 0.063427 0.046259
4713 0.576595 0.334807 0.054525 0.047392
117 0.131677 0.639116 0.023739 0.047846
2844 0.127782 0.562245 0.054525 0.047846
3993 0.700297 0.741837 0.041543 0.048753
4365 0.874258 0.182086 0.029674 0.048980
296 0.889280 0.684127 0.032270 0.048980
1995 0.286907 0.844671 0.056751 0.048980
717 0.135200 0.375283 0.075297 0.049887
68 0.219399 0.298526 0.014466 0.050113
102 0.405230 0.587415 0.065653 0.050113
710 0.395586 0.170635 0.054525 0.050567
3435 0.519102 0.339909 0.033754 0.051701
2946 0.954191 0.214853 0.032270 0.052381
1115 0.134644 0.455782 0.053412 0.052608
1296 0.955304 0.337075 0.043398 0.053288
1296 0.628524 0.171202 0.054525 0.054422
3173 0.392062 0.461565 0.050445 0.055556
4597 0.752411 0.493424 0.070846 0.056236
3376 0.645215 0.860658 0.036721 0.059184
2197 0.948999 0.898186 0.035979 0.063492
68 0.132604 0.695918 0.012240 0.065306
68 0.405972 0.646599 0.010757 0.067800
68 0.892804 0.619501 0.005935 0.068934
3376 0.528004 0.595692 0.033754 0.069841
68 0.290801 0.604762 0.008902 0.073469
68 0.224036 0.824036 0.017804 0.083447
68 0.821773 0.310091 0.012982 0.095918
