246 0.896575 0.834091 0.045205 0.008636
92 0.965068 0.712841 0.023973 0.008864
52 0.617123 0.333977 0.034247 0.011136
92 0.546918 0.872386 0.028082 0.011591
92 0.198288 0.647045 0.032192 0.011818
92 0.200171 0.381023 0.025000 0.012955
92 0.197945 0.859773 0.027397 0.013182
92 0.690582 0.447727 0.029795 0.014091
92 0.338185 0.362386 0.029110 0.014318
101 0.759760 0.890000 0.061301 0.014545
101 0.687158 0.327727 0.056507 0.015455
57 0.979281 0.451477 0.025685 0.015682
64 0.555822 0.444773 0.018493 0.016364
64 0.410274 0.760795 0.015753 0.017045
101 0.203425 0.411364 0.067808 0.017273
64 0.763870 0.653523 0.020890 0.017500
93 0.272089 0.522955 0.041438 0.017727
297 0.264726 0.262159 0.036986 0.017955
92 0.900000 0.812500 0.032877 0.018182
56 0.691610 0.512955 0.014041 0.018636
101 0.623459 0.842159 0.057877 0.019318
56 0.266952 0.541136 0.009932 0.019545
56 0.901370 0.709318 0.014384 0.019545
56 0.688527 0.428864 0.018151 0.019545
60 0.900000 0.303864 0.034247 0.020000
81 0.612842 0.877500 0.044863 0.020000
101 0.623630 0.318182 0.052055 0.020000
102 0.688356 0.757045 0.067808 0.020000
418 0.265240 0.806136 0.035274 0.020909
102 0.757021 0.298864 0.066781 0.021364
418 0.688356 0.304773 0.017808 0.021818
56 0.756849 0.483977 0.016438 0.022045
64 0.899315 0.407045 0.015753 0.022273
60 0.336301 0.261477 0.036301 0.022500
115 0.688870 0.883295 0.044863 0.022500
495 0.470719 0.656250 0.063356 0.022955
83 0.823630 0.705227 0.022603 0.023182
418 0.546747 0.711023 0.040753 0.023409
64 0.403082 0.410000 0.017808 0.023636
113 0.544692 0.301818 0.057192 0.023636
56 0.201541 0.583523 0.016781 0.023864
113 0.477226 0.590568 0.061986 0.023864
120 0.970719 0.470455 0.015411 0.024091
88 0.338527 0.470909 0.009247 0.024545
66 0.762842 0.417273 0.023630 0.024545
127 0.835959 0.915795 0.048630 0.024773
101 0.482021 0.534886 0.059247 0.024773
418 0.688527 0.656250 0.038699 0.025227
251 0.270034 0.448864 0.029110 0.025455
88 0.900685 0.525909 0.036986 0.025455
81 0.755308 0.394659 0.046233 0.025682
88 0.409075 0.693636 0.009932 0.025909
120 0.204110 0.468864 0.023973 0.025909
91 0.398116 0.378977 0.046233 0.026136
51 0.476370 0.768182 0.036301 0.026364
91 0.616610 0.754432 0.044178 0.026591
72 0.834075 0.884091 0.029795 0.026818
72 0.329110 0.394205 0.045205 0.027045
110 0.836473 0.315227 0.027740 0.027273
87 0.758219 0.268977 0.029452 0.027500
91 0.335959 0.809886 0.038356 0.027500
88 0.689212 0.858750 0.043493 0.027500
553 0.546918 0.902614 0.048630 0.027500
418 0.477911 0.859773 0.018151 0.027727
92 0.332363 0.868182 0.018151 0.027727
58 0.269692 0.699318 0.026370 0.027727
88 0.764555 0.910341 0.022945 0.027955
74 0.263014 0.862955 0.019178 0.028182
88 0.201370 0.709773 0.010274 0.028636
53 0.618836 0.854205 0.019178 0.028864
91 0.759760 0.836932 0.041438 0.028864
117 0.831678 0.735227 0.018151 0.029091
117 0.407363 0.831705 0.017466 0.029318
418 0.478767 0.676932 0.018493 0.029318
251 0.262842 0.296932 0.028425 0.029318
91 0.899315 0.377614 0.042466 0.029318
418 0.899829 0.679773 0.017466 0.029545
720 0.963356 0.827727 0.032877 0.029545
91 0.689384 0.911364 0.043151 0.029545
88 0.623973 0.414205 0.034932 0.029773
66 0.265925 0.414318 0.033219 0.030000
720 0.476541 0.321591 0.038699 0.030000
83 0.902055 0.866818 0.040411 0.030000
88 0.202740 0.499773 0.045205 0.030000
85 0.898801 0.606705 0.014726 0.030227
60 0.197260 0.356250 0.027397 0.030227
60 0.398288 0.307841 0.038356 0.030227
51 0.756336 0.359432 0.040068 0.030227
91 0.827911 0.391705 0.052397 0.030227
129 0.341610 0.899318 0.027740 0.030455
72 0.834075 0.426818 0.031164 0.030455
1834 0.967637 0.501136 0.048973 0.030455
495 0.757534 0.762727 0.076027 0.030455
86 0.841438 0.611818 0.026027 0.030909
127 0.762500 0.545227 0.047603 0.030909
88 0.755137 0.326705 0.015753 0.031136
88 0.965925 0.274886 0.039384 0.031136
91 0.757192 0.455795 0.047945 0.031136
88 0.762329 0.727955 0.019863 0.031364
51 0.620890 0.633409 0.043151 0.031364
92 0.479966 0.557159 0.015411 0.032045
418 0.631507 0.482614 0.019178 0.032045
683 0.199829 0.615114 0.070205 0.032045
63 0.766952 0.512500 0.049658 0.032273
102 0.338699 0.845909 0.069178 0.032273
58 0.549315 0.569659 0.026712 0.032500
119 0.271575 0.734886 0.024658 0.032955
108 0.257877 0.835341 0.061644 0.032955
117 0.762671 0.573409 0.015068 0.033182
88 0.832877 0.351591 0.045890 0.033182
88 0.271575 0.609545 0.047945 0.033182
83 0.404281 0.731250 0.033219 0.033409
87 0.691267 0.729432 0.035274 0.033409
95 0.545890 0.269659 0.043151 0.033409
117 0.552226 0.368409 0.016096 0.033636
76 0.691438 0.541136 0.026027 0.033636
120 0.828596 0.536023 0.021575 0.033864
76 0.835788 0.462614 0.027740 0.033864
71 0.912329 0.334886 0.039726 0.033864
85 0.409418 0.571364 0.015411 0.034091
83 0.331507 0.506591 0.034932 0.034091
88 0.830651 0.648636 0.040068 0.034091
85 0.690925 0.783977 0.014041 0.034318
60 0.402911 0.863409 0.020890 0.034545
111 0.969692 0.626591 0.022945 0.034545
126 0.906849 0.440682 0.041781 0.034545
95 0.623630 0.560455 0.044521 0.034545
90 0.330993 0.298636 0.044863 0.034545
577 0.963699 0.867955 0.045890 0.034545
51 0.333904 0.335568 0.042466 0.034773
83 0.337329 0.657614 0.023973 0.035227
111 0.337500 0.542159 0.033904 0.035227
1834 0.688356 0.694432 0.052055 0.035227
53 0.334760 0.742500 0.018151 0.035455
53 0.760274 0.866136 0.024658 0.035455
83 0.194692 0.746591 0.038014 0.035455
81 0.410959 0.897727 0.050000 0.035455
126 0.414041 0.443409 0.051370 0.035455
552 0.271233 0.334432 0.030137 0.035682
71 0.413356 0.340114 0.039726 0.035682
88 0.266267 0.900455 0.046918 0.035909
91 0.477226 0.442045 0.047603 0.035909
51 0.970034 0.425227 0.048288 0.035909
2193 0.905308 0.200909 0.053082 0.035909
127 0.904110 0.779432 0.049315 0.036136
63 0.905822 0.738750 0.050000 0.036136
60 0.477055 0.827955 0.023288 0.036364
68 0.625514 0.903977 0.007192 0.036591
107 0.837158 0.505114 0.019521 0.036591
53 0.967466 0.350000 0.015068 0.036818
2193 0.903082 0.478636 0.031507 0.036818
718 0.967637 0.540909 0.033219 0.036818
54 0.622774 0.449545 0.035274 0.036818
107 0.691952 0.581364 0.046233 0.036818
88 0.203938 0.437841 0.042808 0.037045
60 0.476712 0.623068 0.017123 0.037500
2193 0.828425 0.843750 0.044521 0.037500
2320 0.763356 0.801705 0.048630 0.037500
4449 0.403938 0.237614 0.049658 0.037500
93 0.693836 0.356364 0.026712 0.037727
577 0.481849 0.356591 0.044521 0.037727
58 0.966267 0.385909 0.032534 0.038182
58 0.554281 0.412727 0.033219 0.038182
126 0.631849 0.519545 0.047260 0.038182
111 0.200342 0.780114 0.022603 0.038409
88 0.553425 0.527614 0.026712 0.038409
3136 0.691096 0.272614 0.039041 0.038409
90 0.404966 0.795682 0.040753 0.038636
1592 0.830308 0.807727 0.052397 0.038636
111 0.688185 0.820568 0.015411 0.038864
1831 0.973116 0.582841 0.036644 0.038864
119 0.691952 0.484318 0.019521 0.039091
88 0.335788 0.619432 0.044178 0.039318
119 0.694863 0.622500 0.021918 0.039545
58 0.901199 0.649773 0.041438 0.039545
366 0.198288 0.678864 0.047945 0.039545
3136 0.197945 0.894318 0.037671 0.040000
553 0.962500 0.749091 0.046233 0.040000
81 0.832363 0.275455 0.047603 0.040000
119 0.269007 0.573977 0.016096 0.040227
4712 0.966267 0.784432 0.029795 0.040227
2193 0.399315 0.200341 0.036986 0.040227
78 0.340925 0.778864 0.033219 0.040455
4252 0.263356 0.375227 0.033562 0.040455
111 0.408904 0.536136 0.026027 0.040909
1831 0.411130 0.488636 0.033219 0.040909
58 0.763699 0.619091 0.033562 0.040909
2320 0.480822 0.404545 0.047260 0.040909
54 0.967123 0.313295 0.042466 0.041136
121 0.622260 0.369659 0.058904 0.041136
111 0.412158 0.612159 0.022260 0.041591
77 0.208219 0.270795 0.043836 0.041591
3322 0.690240 0.396591 0.039384 0.041818
58 0.905993 0.905114 0.031849 0.042045
1157 0.271233 0.491364 0.035616 0.042273
2193 0.617295 0.710455 0.040068 0.042273
63 0.624315 0.668864 0.045205 0.042273
1891 0.335445 0.580114 0.039384 0.042955
104 0.830993 0.574659 0.041438 0.042955
68 0.551370 0.333068 0.005479 0.043409
122 0.757192 0.695795 0.048630 0.043864
68 0.487842 0.797955 0.011986 0.044545
1831 0.553253 0.745682 0.042123 0.044545
119 0.551027 0.619886 0.024658 0.044773
68 0.203425 0.318182 0.013699 0.045000
3111 0.908219 0.241136 0.062329 0.045455
68 0.836815 0.769659 0.009247 0.045682
53 0.199486 0.824318 0.016096 0.045909
111 0.548459 0.793182 0.025000 0.046364
2193 0.407877 0.659318 0.043836 0.046364
4712 0.473801 0.275114 0.029110 0.046591
58 0.624658 0.591591 0.036301 0.046818
83 0.898459 0.567841 0.029795 0.047045
2896 0.336644 0.435909 0.052055 0.047273
2598 0.270034 0.772727 0.016096 0.047727
122 0.551027 0.487159 0.052055 0.047955
111 0.333904 0.695795 0.023973 0.049318
68 0.844521 0.685909 0.010959 0.050455
111 0.270548 0.655114 0.022603 0.050682
118 0.201884 0.543864 0.021575 0.051818
268 0.619692 0.278750 0.026370 0.053864
2197 0.970890 0.671818 0.040411 0.054545
2197 0.551712 0.844773 0.047260 0.055455
296 0.479110 0.724432 0.022603 0.057045
2598 0.544863 0.667841 0.025342 0.058409
268 0.618664 0.798295 0.040753 0.059773
268 0.478767 0.490455 0.030822 0.060455
