128 0.189574 0.298981 0.014894 0.010186
128 0.335957 0.795686 0.010638 0.011384
92 0.550851 0.641102 0.033617 0.011384
128 0.123404 0.575644 0.011915 0.012882
92 0.701702 0.892151 0.034043 0.013182
129 0.471702 0.733223 0.017447 0.015279
56 0.394255 0.860995 0.039574 0.015578
1002 0.624681 0.282205 0.055319 0.017376
248 0.252340 0.838526 0.046809 0.018574
56 0.547872 0.591222 0.017447 0.018874
101 0.464468 0.371180 0.051489 0.019173
56 0.123404 0.620581 0.015319 0.019473
52 0.399362 0.621780 0.041277 0.020072
302 0.250851 0.774566 0.059149 0.020072
1002 0.041064 0.320851 0.049787 0.020371
64 0.548085 0.531456 0.026383 0.021570
89 0.792340 0.512582 0.045106 0.021570
95 0.052553 0.827442 0.034468 0.022169
547 0.394894 0.172558 0.044255 0.022768
953 0.385532 0.360695 0.046809 0.022768
87 0.053617 0.849760 0.028936 0.023068
117 0.327447 0.851708 0.020851 0.023367
57 0.402128 0.475734 0.025532 0.023367
85 0.399149 0.447124 0.027234 0.023667
691 0.630213 0.865039 0.043404 0.023667
68 0.787872 0.462552 0.037021 0.023966
1173 0.631277 0.250749 0.042128 0.023966
56 0.395745 0.716747 0.023830 0.024266
126 0.790000 0.398292 0.034468 0.024266
83 0.630638 0.890803 0.048511 0.024266
126 0.119362 0.260336 0.042128 0.024566
60 0.052128 0.720042 0.021702 0.024865
66 0.466170 0.475584 0.025957 0.024865
56 0.052766 0.602457 0.012766 0.025165
89 0.700638 0.764230 0.045532 0.025165
60 0.464894 0.702367 0.033617 0.025464
110 0.396596 0.502247 0.035745 0.025464
91 0.119362 0.598712 0.049787 0.025464
2151 0.258298 0.547933 0.036596 0.025764
1173 0.119787 0.448173 0.038723 0.025764
126 0.117660 0.518574 0.047234 0.025764
126 0.704468 0.555123 0.055745 0.025764
119 0.703830 0.730827 0.026383 0.026064
2600 0.707234 0.515129 0.049362 0.026064
117 0.710213 0.210006 0.016170 0.026363
92 0.323617 0.512283 0.022553 0.026363
91 0.790426 0.337927 0.041277 0.026363
91 0.051489 0.546435 0.045106 0.026363
55 0.393404 0.745656 0.046383 0.026363
58 0.186170 0.845566 0.019149 0.026663
66 0.465319 0.330587 0.020851 0.026663
87 0.052766 0.694278 0.028936 0.026663
1083 0.122766 0.762882 0.031064 0.026663
51 0.625532 0.606501 0.043404 0.026663
113 0.247447 0.362343 0.051489 0.026663
126 0.626596 0.834632 0.045532 0.026962
88 0.120426 0.794038 0.028085 0.027262
91 0.705106 0.439335 0.045957 0.027262
85 0.546383 0.817256 0.012766 0.027561
74 0.118936 0.549431 0.021702 0.027561
91 0.326383 0.483823 0.044255 0.027561
91 0.177660 0.178550 0.048936 0.027561
126 0.460638 0.446075 0.050638 0.027561
56 0.698936 0.703565 0.014894 0.027861
88 0.187234 0.877322 0.029787 0.027861
495 0.390638 0.203865 0.068936 0.027861
118 0.791277 0.489215 0.014043 0.028161
111 0.055106 0.665368 0.014043 0.028161
76 0.550426 0.615039 0.020000 0.028161
60 0.332979 0.877771 0.025957 0.028161
2255 0.797447 0.312163 0.045957 0.028161
89 0.183617 0.543140 0.051489 0.028161
89 0.252979 0.518424 0.046383 0.028460
91 0.544043 0.562762 0.054043 0.028460
117 0.464468 0.810665 0.017447 0.028760
91 0.252766 0.618334 0.045957 0.028760
91 0.540213 0.214799 0.049787 0.028760
110 0.547021 0.847364 0.035319 0.029059
978 0.550638 0.323397 0.046809 0.029059
117 0.546809 0.468544 0.018723 0.029359
126 0.546383 0.789994 0.047660 0.029359
91 0.113617 0.420012 0.049362 0.029359
91 0.548511 0.291492 0.055319 0.029359
123 0.054043 0.573847 0.014468 0.029658
111 0.394681 0.768574 0.020000 0.029658
119 0.635745 0.634961 0.022979 0.029658
2180 0.322979 0.223936 0.040000 0.029658
85 0.052979 0.179149 0.011489 0.029958
88 0.704468 0.637358 0.029362 0.030258
64 0.330638 0.774266 0.030638 0.030258
85 0.633191 0.363391 0.012766 0.030557
91 0.619362 0.768125 0.050638 0.030557
88 0.251915 0.442031 0.028085 0.030857
107 0.701915 0.672858 0.017447 0.031156
119 0.466809 0.844218 0.022979 0.031156
1193 0.116809 0.731576 0.041277 0.031156
118 0.400851 0.882714 0.016170 0.031456
81 0.175106 0.435440 0.044681 0.031456
91 0.542766 0.715249 0.053191 0.031456
108 0.251915 0.324446 0.017021 0.031756
91 0.048085 0.349311 0.043404 0.031756
51 0.178936 0.391252 0.049787 0.031756
91 0.467447 0.877172 0.049787 0.031756
118 0.052553 0.212552 0.009787 0.032055
85 0.255532 0.698772 0.015745 0.032055
91 0.184043 0.685890 0.056596 0.032055
119 0.184468 0.509587 0.022553 0.032355
119 0.713404 0.239664 0.024255 0.032355
91 0.251702 0.280557 0.048085 0.032654
3175 0.623404 0.574446 0.055319 0.032654
2193 0.328085 0.329688 0.056170 0.032654
4162 0.258511 0.804374 0.033617 0.032954
68 0.396596 0.800479 0.007660 0.033553
2599 0.794255 0.368185 0.025106 0.033553
119 0.550638 0.500449 0.026383 0.033853
111 0.320851 0.736519 0.039149 0.033853
655 0.627447 0.174805 0.055745 0.033853
83 0.463830 0.553325 0.034043 0.034152
72 0.125319 0.293289 0.038723 0.034152
1579 0.253830 0.583883 0.048936 0.034152
78 0.053617 0.632714 0.024681 0.034751
643 0.187021 0.714799 0.030213 0.034751
58 0.053830 0.880917 0.018298 0.035051
71 0.322553 0.179299 0.045957 0.035051
122 0.327021 0.822798 0.047234 0.035051
121 0.048085 0.245956 0.019574 0.035351
337 0.113191 0.181845 0.049362 0.035351
1039 0.116383 0.484721 0.054043 0.035351
4122 0.709149 0.174356 0.059149 0.035351
64 0.182979 0.275764 0.024681 0.035650
4162 0.117872 0.384512 0.030638 0.035650
1373 0.791915 0.278460 0.032340 0.035650
62 0.625532 0.658628 0.039149 0.035650
59 0.549574 0.431246 0.026809 0.036249
83 0.248085 0.736818 0.035745 0.036249
973 0.630000 0.212403 0.037021 0.036549
3331 0.122553 0.695926 0.041702 0.036549
82 0.401915 0.655482 0.049787 0.036549
316 0.624043 0.736369 0.063404 0.036549
975 0.054043 0.469293 0.035745 0.036848
4253 0.461915 0.406681 0.040426 0.036848
83 0.620638 0.448622 0.041277 0.036848
3818 0.047234 0.430497 0.040000 0.037148
120 0.625957 0.700419 0.040000 0.037148
2191 0.632766 0.533853 0.044255 0.037148
107 0.181064 0.472588 0.023404 0.037448
4162 0.254255 0.875824 0.034468 0.037448
1958 0.702553 0.475884 0.047660 0.037448
2316 0.549574 0.251498 0.054043 0.037448
2425 0.391064 0.240713 0.055319 0.037448
3735 0.791702 0.431696 0.038723 0.037747
3687 0.541915 0.178250 0.054043 0.037747
1102 0.246383 0.186639 0.056170 0.037747
111 0.391064 0.279658 0.028085 0.038047
2727 0.250426 0.482475 0.044681 0.038047
683 0.056596 0.754494 0.045957 0.038047
1999 0.715319 0.316357 0.052766 0.038346
1833 0.053404 0.510935 0.025957 0.038646
4079 0.050000 0.288047 0.038723 0.038646
3307 0.321489 0.650240 0.066809 0.038646
518 0.625745 0.491612 0.039574 0.038945
126 0.125532 0.873277 0.044255 0.038945
4084 0.542766 0.750899 0.043830 0.039245
2598 0.627021 0.408029 0.019149 0.039545
4445 0.712766 0.276513 0.045957 0.039545
2924 0.715106 0.354853 0.051489 0.039844
2507 0.465532 0.600060 0.049362 0.040144
83 0.462766 0.227232 0.020851 0.040443
1229 0.253830 0.402187 0.047234 0.040443
3901 0.048511 0.385860 0.033191 0.040743
1269 0.257447 0.656231 0.029787 0.041043
122 0.397234 0.831486 0.046383 0.041043
3959 0.330638 0.694877 0.058723 0.041043
118 0.547660 0.883164 0.025532 0.041941
68 0.124681 0.651738 0.009362 0.042241
379 0.395319 0.538496 0.044255 0.042241
753 0.624043 0.797334 0.071915 0.042241
1824 0.697447 0.806171 0.028936 0.043140
4116 0.632766 0.325794 0.036596 0.043439
2622 0.182979 0.756291 0.036596 0.043439
68 0.469574 0.510336 0.007234 0.044038
1142 0.114681 0.221839 0.038723 0.044038
577 0.710638 0.400389 0.042553 0.044038
69 0.195745 0.804673 0.018723 0.044338
120 0.396383 0.582085 0.042128 0.044338
121 0.398936 0.679149 0.022553 0.044937
3735 0.707234 0.597963 0.044255 0.044937
68 0.121277 0.335380 0.008511 0.045237
69 0.335957 0.548682 0.015745 0.045237
1879 0.326170 0.440833 0.031915 0.045237
4435 0.050426 0.793439 0.036170 0.045237
2152 0.393191 0.323547 0.045106 0.045536
316 0.181277 0.223188 0.053617 0.046135
577 0.188723 0.643200 0.040426 0.046735
110 0.330638 0.599461 0.043404 0.046735
975 0.548085 0.676303 0.046809 0.047633
119 0.466170 0.769323 0.042979 0.047933
121 0.465745 0.182594 0.026809 0.048232
2191 0.128298 0.837178 0.038723 0.049431
68 0.697872 0.855902 0.007660 0.053325
3340 0.255745 0.230827 0.042553 0.053625
2795 0.184894 0.587777 0.048085 0.053925
88 0.180426 0.340773 0.013617 0.054823
92 0.390000 0.402786 0.026809 0.054823
2423 0.320426 0.382265 0.052766 0.055123
841 0.544468 0.376872 0.050638 0.055722
92 0.322979 0.275764 0.029787 0.056022
1833 0.467234 0.287597 0.036596 0.058718
47 0.470000 0.653835 0.037872 0.066806
