92 0.409831 0.519958 0.025281 0.008330
92 0.660674 0.348664 0.028090 0.008678
57 0.675000 0.615064 0.034270 0.011107
101 0.318539 0.110205 0.040449 0.011454
92 0.324719 0.296078 0.028090 0.011801
57 0.335393 0.371746 0.035955 0.011801
56 0.660955 0.897952 0.010674 0.012496
56 0.575843 0.757029 0.011236 0.012496
88 0.742978 0.893093 0.036517 0.012496
64 0.573315 0.515272 0.020787 0.012843
102 0.665169 0.848837 0.039326 0.012843
93 0.332865 0.145609 0.044382 0.012843
93 0.587640 0.321243 0.046067 0.012843
56 0.575843 0.857168 0.013483 0.013537
62 0.411517 0.364630 0.018539 0.013537
92 0.823596 0.332350 0.028090 0.013537
56 0.326404 0.513016 0.012360 0.013884
56 0.408146 0.911142 0.016292 0.013884
88 0.407584 0.873134 0.019663 0.014231
92 0.577809 0.220236 0.025281 0.014231
92 0.494101 0.401423 0.025281 0.014231
57 0.255899 0.398299 0.037640 0.014231
56 0.742416 0.472753 0.014045 0.014578
88 0.492135 0.286012 0.015730 0.014578
88 0.243258 0.245054 0.021348 0.014578
92 0.659551 0.305797 0.028090 0.014578
57 0.167135 0.237070 0.038764 0.014578
92 0.573315 0.440993 0.032022 0.014925
57 0.335393 0.784623 0.037079 0.014925
56 0.820506 0.754252 0.015169 0.015272
57 0.754213 0.558834 0.035393 0.015272
88 0.661517 0.912183 0.038764 0.015272
93 0.502247 0.220757 0.049438 0.015272
120 0.326124 0.655154 0.017416 0.015620
418 0.492978 0.441340 0.026404 0.015620
72 0.741011 0.322631 0.028090 0.015620
1406 0.824719 0.570462 0.029213 0.015620
91 0.491854 0.650989 0.029775 0.015620
57 0.418539 0.826970 0.035955 0.015620
101 0.493258 0.458001 0.046067 0.015620
56 0.577809 0.252690 0.015169 0.015967
76 0.576124 0.870184 0.019663 0.015967
113 0.819382 0.268310 0.037640 0.015967
418 0.658989 0.836342 0.024719 0.016314
91 0.823034 0.553107 0.025843 0.016314
91 0.323034 0.219195 0.030337 0.016314
101 0.576966 0.309094 0.043820 0.016314
495 0.658146 0.114023 0.053371 0.016314
82 0.168820 0.430233 0.055618 0.016314
120 0.409831 0.377300 0.018539 0.016661
88 0.322753 0.835474 0.021910 0.016661
85 0.746629 0.197848 0.028090 0.016661
953 0.411236 0.683096 0.034831 0.016661
58 0.576966 0.908712 0.039326 0.016661
52 0.657584 0.882680 0.039888 0.016661
88 0.241292 0.726310 0.021910 0.017008
62 0.158708 0.636411 0.023034 0.017008
57 0.751966 0.351440 0.038764 0.017008
52 0.240730 0.415654 0.041011 0.017008
56 0.824719 0.422423 0.013483 0.017355
109 0.575281 0.842416 0.037079 0.017355
120 0.325562 0.552065 0.016292 0.017702
83 0.658708 0.573238 0.033146 0.017702
56 0.407303 0.396217 0.042697 0.017702
64 0.492416 0.817425 0.021910 0.018049
52 0.574438 0.292954 0.032022 0.018049
52 0.322191 0.498438 0.044382 0.018049
1002 0.077528 0.543214 0.047191 0.018049
88 0.494382 0.137279 0.017978 0.018396
120 0.744101 0.802846 0.018539 0.018743
88 0.822472 0.642832 0.030337 0.018743
88 0.575562 0.662964 0.035393 0.018743
72 0.659270 0.552239 0.042135 0.018743
119 0.489888 0.911663 0.015730 0.019091
111 0.491011 0.748351 0.015730 0.019438
108 0.327809 0.480736 0.016292 0.019438
111 0.822472 0.404373 0.016854 0.019438
111 0.574157 0.400902 0.019101 0.019438
111 0.740730 0.708087 0.020787 0.019438
123 0.323596 0.767789 0.021348 0.019438
83 0.571348 0.795557 0.032584 0.019438
108 0.409551 0.160187 0.011236 0.019785
111 0.741011 0.910274 0.023596 0.019785
91 0.657865 0.732558 0.029213 0.019785
83 0.739607 0.429885 0.032022 0.019785
91 0.151966 0.173724 0.033146 0.019785
98 0.490169 0.526727 0.038764 0.019785
1002 0.658989 0.369837 0.047191 0.019785
72 0.322753 0.722839 0.052247 0.019785
86 0.505337 0.731690 0.033146 0.020132
1611 0.818539 0.885109 0.047191 0.020132
67 0.586798 0.739674 0.047753 0.020132
111 0.657022 0.182402 0.019663 0.020479
64 0.575843 0.423638 0.024719 0.020479
91 0.739888 0.848143 0.026966 0.020479
127 0.575843 0.235509 0.032584 0.020479
72 0.820787 0.712426 0.034831 0.020479
302 0.034270 0.248351 0.038202 0.020479
121 0.742697 0.677369 0.044944 0.020479
120 0.161236 0.656369 0.016854 0.020826
86 0.754775 0.690385 0.035393 0.020826
98 0.819101 0.252690 0.037079 0.020826
52 0.820225 0.231170 0.039326 0.020826
119 0.495787 0.329226 0.012921 0.021173
123 0.410112 0.809615 0.019101 0.021173
117 0.323596 0.744360 0.023596 0.021173
87 0.325281 0.533322 0.029213 0.021173
95 0.243258 0.293127 0.035955 0.021173
89 0.823315 0.465984 0.036517 0.021173
67 0.255056 0.339292 0.039326 0.021173
121 0.320506 0.128601 0.046629 0.021173
87 0.577528 0.887886 0.030337 0.021520
862 0.034551 0.281152 0.030899 0.021520
122 0.573034 0.533842 0.035955 0.021520
1005 0.238764 0.908712 0.047191 0.021520
121 0.743539 0.542520 0.047753 0.021520
58 0.410112 0.342763 0.023596 0.021867
83 0.821629 0.663485 0.032022 0.021867
126 0.409270 0.733947 0.032022 0.021867
95 0.235955 0.843284 0.038202 0.021867
370 0.157584 0.350052 0.042135 0.021867
254 0.740449 0.604478 0.042697 0.021867
111 0.321067 0.699757 0.023034 0.022215
64 0.153933 0.197501 0.024719 0.022215
118 0.664326 0.533495 0.027528 0.022215
840 0.824438 0.797293 0.036517 0.022215
111 0.575562 0.683964 0.017416 0.022562
85 0.163764 0.562131 0.018539 0.022562
126 0.236236 0.883547 0.030899 0.022562
87 0.745506 0.134849 0.035955 0.022562
95 0.822191 0.383027 0.037640 0.022562
95 0.656461 0.263277 0.038764 0.022562
68 0.242978 0.117320 0.005056 0.022909
85 0.496348 0.471017 0.018539 0.022909
119 0.572753 0.775425 0.019663 0.022909
64 0.822191 0.313780 0.026404 0.022909
126 0.239888 0.184311 0.026966 0.022909
2677 0.659831 0.417563 0.027528 0.022909
126 0.659551 0.780979 0.029213 0.022909
87 0.821629 0.772648 0.032022 0.022909
121 0.322472 0.878514 0.035955 0.022909
1214 0.239607 0.627560 0.039888 0.022909
249 0.408989 0.207567 0.040449 0.022909
287 0.573315 0.557792 0.041011 0.022909
1296 0.821910 0.907324 0.042697 0.022909
99 0.495225 0.839292 0.058989 0.022909
117 0.492416 0.772128 0.016292 0.023256
85 0.746348 0.784970 0.017416 0.023256
119 0.661236 0.157064 0.017978 0.023256
118 0.749438 0.159146 0.022472 0.023256
66 0.241573 0.773516 0.023596 0.023256
902 0.238202 0.749913 0.055056 0.023256
60 0.660955 0.633808 0.011798 0.023603
85 0.245506 0.434918 0.016854 0.023603
285 0.017135 0.546685 0.020787 0.023603
1585 0.740730 0.628254 0.032022 0.023603
126 0.239888 0.600486 0.032584 0.023603
91 0.238483 0.165568 0.033146 0.023603
62 0.162079 0.450538 0.035393 0.023603
4253 0.242135 0.653940 0.035955 0.023603
95 0.578652 0.175286 0.039326 0.023603
492 0.664045 0.392225 0.041573 0.023603
2794 0.404213 0.315863 0.044382 0.023603
2497 0.327247 0.608122 0.047753 0.023603
363 0.322191 0.166956 0.050000 0.023603
68 0.237640 0.864110 0.006742 0.023950
53 0.825000 0.116453 0.016292 0.023950
60 0.409270 0.135890 0.016292 0.023950
117 0.496067 0.237244 0.020225 0.023950
85 0.579213 0.271607 0.020225 0.023950
119 0.157865 0.377820 0.025843 0.023950
91 0.241573 0.677369 0.026966 0.023950
126 0.411517 0.606907 0.027528 0.023950
122 0.488202 0.796078 0.032584 0.023950
88 0.491573 0.549983 0.033708 0.023950
72 0.235674 0.794689 0.037640 0.023950
68 0.740449 0.454877 0.038202 0.023950
1401 0.240730 0.317772 0.045506 0.023950
121 0.826124 0.134849 0.046629 0.023950
4290 0.490449 0.890142 0.047191 0.023950
1005 0.659831 0.755814 0.050000 0.023950
119 0.495787 0.419993 0.015169 0.024297
111 0.154775 0.152378 0.016292 0.024297
108 0.825562 0.177716 0.016292 0.024297
85 0.574157 0.493579 0.016854 0.024297
126 0.076966 0.608469 0.029213 0.024297
713 0.826404 0.622006 0.029213 0.024297
3984 0.489607 0.114891 0.030899 0.024297
126 0.327809 0.423811 0.030899 0.024297
481 0.575000 0.612635 0.042135 0.024297
4422 0.574157 0.818466 0.042697 0.024297
2885 0.408146 0.894134 0.043258 0.024297
316 0.742416 0.116279 0.051124 0.024297
71 0.752528 0.176328 0.054494 0.024297
87 0.742135 0.655849 0.030337 0.024644
87 0.408708 0.182402 0.033146 0.024644
126 0.660393 0.472232 0.034270 0.024644
95 0.411798 0.659667 0.035955 0.024644
121 0.155056 0.219195 0.043820 0.024644
2255 0.079494 0.509719 0.045506 0.024644
96 0.162360 0.614544 0.047191 0.024644
68 0.823876 0.735161 0.008427 0.024991
83 0.409270 0.781326 0.012921 0.024991
1251 0.015449 0.577230 0.016292 0.024991
126 0.017697 0.608469 0.018539 0.024991
74 0.742416 0.519611 0.021910 0.024991
107 0.744944 0.250260 0.022472 0.024991
62 0.825562 0.442555 0.033146 0.024991
83 0.239326 0.543214 0.033708 0.024991
4440 0.077809 0.473447 0.053371 0.024991
3053 0.494663 0.381638 0.018539 0.025338
1770 0.017416 0.513884 0.021348 0.025338
87 0.408708 0.115758 0.034270 0.025338
124 0.740449 0.274731 0.039326 0.025338
111 0.242978 0.141617 0.014045 0.025686
85 0.410393 0.263797 0.014045 0.025686
3053 0.578371 0.200625 0.018539 0.025686
58 0.493258 0.261368 0.025843 0.025686
88 0.322753 0.676848 0.027528 0.025686
51 0.490730 0.175633 0.030899 0.025686
870 0.410393 0.499826 0.035393 0.025686
1424 0.408989 0.472058 0.041573 0.025686
4284 0.493258 0.601180 0.042697 0.025686
118 0.743539 0.303193 0.032022 0.026033
87 0.661517 0.597883 0.034270 0.026033
126 0.240169 0.462166 0.037640 0.026033
3756 0.495225 0.309094 0.045506 0.026033
4053 0.321348 0.859944 0.048315 0.026033
971 0.239888 0.702707 0.049438 0.026033
83 0.493539 0.352308 0.011798 0.026380
83 0.157865 0.474141 0.014607 0.026380
60 0.412640 0.412704 0.015169 0.026380
3053 0.658989 0.287747 0.019101 0.026380
121 0.657865 0.134675 0.030337 0.026380
1352 0.742135 0.735509 0.030337 0.026380
126 0.155337 0.322457 0.035393 0.026380
2325 0.821910 0.491496 0.038202 0.026380
75 0.506461 0.570982 0.045506 0.026380
3053 0.237079 0.820722 0.022472 0.026727
121 0.490169 0.200451 0.032022 0.026727
120 0.080337 0.680840 0.032584 0.026727
883 0.824157 0.690906 0.037079 0.026727
4768 0.324157 0.274731 0.047191 0.026727
1358 0.575000 0.639361 0.030899 0.027074
75 0.420225 0.290177 0.040449 0.027074
87 0.160112 0.708782 0.041573 0.027074
1198 0.240449 0.571329 0.044944 0.027074
85 0.159551 0.679452 0.015730 0.027421
296 0.489326 0.863415 0.024719 0.027421
1385 0.325281 0.317425 0.040449 0.027421
504 0.078933 0.576015 0.042135 0.027421
68 0.658427 0.866366 0.006742 0.027768
68 0.245506 0.489760 0.007865 0.027768
70 0.013483 0.678931 0.008989 0.027768
53 0.818820 0.289136 0.018539 0.027768
51 0.322472 0.634849 0.033708 0.027768
3735 0.745225 0.224575 0.046629 0.027768
1165 0.409551 0.757029 0.047191 0.027768
930 0.160674 0.535231 0.048315 0.027768
1774 0.739888 0.874002 0.048315 0.027768
68 0.659831 0.197327 0.007303 0.028115
85 0.244101 0.516661 0.015169 0.028115
4523 0.820787 0.857515 0.037079 0.028115
2767 0.156461 0.297987 0.046629 0.028115
1644 0.322753 0.195245 0.053371 0.028115
1887 0.014045 0.429712 0.015730 0.028462
346 0.019663 0.644568 0.021348 0.028462
1872 0.822472 0.592850 0.028090 0.028462
3984 0.739607 0.827490 0.035393 0.028462
2525 0.159551 0.506074 0.046067 0.028462
127 0.163202 0.732732 0.048876 0.028462
4467 0.408146 0.849879 0.042135 0.028809
1836 0.659551 0.665568 0.044944 0.028809
353 0.410393 0.633634 0.050000 0.028809
1765 0.239045 0.268483 0.052247 0.028809
119 0.740449 0.492884 0.015730 0.029157
87 0.578090 0.149254 0.029213 0.029157
1874 0.493258 0.625477 0.032584 0.029157
2746 0.743539 0.763277 0.036517 0.029157
1917 0.321910 0.904200 0.040449 0.029157
1934 0.743820 0.375217 0.042697 0.029157
71 0.668820 0.325581 0.043258 0.029157
2677 0.072753 0.388233 0.026404 0.029504
68 0.489607 0.145956 0.033146 0.029504
3135 0.324719 0.579139 0.040449 0.029504
1887 0.409270 0.578445 0.042135 0.029504
119 0.246067 0.362027 0.014607 0.029851
68 0.737079 0.406456 0.015730 0.029851
117 0.160112 0.588684 0.022472 0.029851
721 0.156461 0.404026 0.037640 0.029851
650 0.409831 0.707740 0.039888 0.029851
4322 0.494944 0.706005 0.051685 0.029851
83 0.820225 0.203922 0.014607 0.030198
83 0.407303 0.441687 0.014607 0.030198
1126 0.492135 0.675286 0.033708 0.030198
1740 0.075281 0.644394 0.042697 0.030198
4165 0.821067 0.825755 0.037640 0.030545
3741 0.574438 0.582784 0.048876 0.030545
1887 0.574719 0.376432 0.042697 0.030892
2525 0.323034 0.349011 0.047191 0.030892
68 0.824719 0.150989 0.008989 0.031239
3189 0.323315 0.244707 0.043258 0.031239
3831 0.578933 0.117667 0.047753 0.031239
768 0.327528 0.454183 0.041573 0.031586
3100 0.658708 0.443770 0.045506 0.031586
1117 0.493820 0.500521 0.032584 0.031933
1435 0.822753 0.356473 0.036517 0.031933
4072 0.658427 0.503992 0.042697 0.031933
3100 0.075000 0.432142 0.045506 0.031933
68 0.741292 0.572371 0.030899 0.032628
1158 0.324438 0.808400 0.038764 0.032628
2159 0.325562 0.396390 0.046629 0.032628
608 0.014326 0.475356 0.012921 0.032975
2155 0.410674 0.237591 0.049438 0.032975
296 0.151404 0.121138 0.027528 0.033322
3082 0.658146 0.811524 0.042135 0.033322
68 0.738483 0.326102 0.039888 0.033669
4089 0.576966 0.714509 0.049438 0.033669
1126 0.825562 0.523429 0.034270 0.034016
2412 0.579494 0.345366 0.042135 0.034016
1273 0.573876 0.462339 0.043258 0.034016
4076 0.238483 0.216418 0.044382 0.035057
1065 0.657022 0.234814 0.044382 0.035057
937 0.158989 0.262582 0.049438 0.035057
2829 0.661798 0.700104 0.047191 0.036099
2412 0.411236 0.544950 0.038202 0.036793
2412 0.014045 0.391010 0.016854 0.037140
2913 0.032584 0.212079 0.030337 0.040958
68 0.242697 0.368622 0.029213 0.042346
