92 0.197912 0.841845 0.017399 0.009895
92 0.404741 0.419087 0.029143 0.012767
92 0.551327 0.193106 0.034363 0.012767
92 0.718138 0.857006 0.036538 0.012767
57 0.719878 0.312320 0.026098 0.013086
92 0.257503 0.287105 0.029578 0.013086
92 0.474554 0.565911 0.025228 0.014682
57 0.635494 0.542930 0.026098 0.014682
92 0.119835 0.314236 0.037843 0.015640
64 0.716181 0.793329 0.016964 0.016278
57 0.055024 0.577083 0.022184 0.016598
56 0.632666 0.455155 0.012614 0.017236
120 0.633101 0.646984 0.016094 0.017236
56 0.547412 0.262688 0.043062 0.017236
64 0.191170 0.329078 0.023923 0.017874
297 0.405829 0.865943 0.053936 0.017874
128 0.413658 0.639164 0.014789 0.018193
91 0.631361 0.566071 0.043062 0.018832
499 0.256851 0.139323 0.045672 0.018832
86 0.131579 0.485158 0.035233 0.019151
128 0.630926 0.208586 0.008264 0.019470
120 0.051979 0.332748 0.012614 0.019470
248 0.253154 0.352378 0.049587 0.019789
4253 0.714441 0.290297 0.053502 0.020109
52 0.470639 0.194063 0.043497 0.020428
87 0.119182 0.182094 0.031318 0.020747
56 0.269900 0.805777 0.045672 0.020747
57 0.268595 0.481647 0.024793 0.021066
72 0.712266 0.410788 0.043062 0.021066
87 0.472597 0.281041 0.027403 0.021385
120 0.551109 0.283434 0.013919 0.021704
115 0.050457 0.311842 0.032188 0.021704
56 0.404959 0.288063 0.011309 0.022024
66 0.261853 0.503511 0.020009 0.022024
81 0.408221 0.840568 0.042192 0.022024
1406 0.127882 0.600383 0.033928 0.022343
91 0.126577 0.751835 0.038278 0.022662
318 0.713571 0.221353 0.039582 0.022662
56 0.548282 0.143154 0.043062 0.022662
118 0.341018 0.781679 0.009569 0.022981
117 0.122445 0.511012 0.016964 0.022981
66 0.716398 0.588573 0.017399 0.022981
101 0.714876 0.614108 0.043932 0.022981
72 0.119400 0.289180 0.044802 0.022981
91 0.794041 0.362911 0.044802 0.022981
70 0.626142 0.629109 0.054371 0.022981
120 0.126142 0.204437 0.016529 0.023300
117 0.411483 0.688477 0.013049 0.023620
120 0.407786 0.438876 0.016094 0.023620
51 0.472162 0.457389 0.036103 0.023620
55 0.197695 0.688797 0.042192 0.023620
62 0.471292 0.403926 0.026533 0.023939
126 0.192910 0.659591 0.047412 0.023939
547 0.475859 0.338813 0.047847 0.023939
108 0.262288 0.825247 0.059156 0.023939
88 0.633754 0.706990 0.022619 0.024258
57 0.128534 0.228535 0.025663 0.024258
1406 0.050457 0.278327 0.028708 0.024258
95 0.335146 0.618257 0.036973 0.024258
91 0.475424 0.668688 0.046977 0.024258
128 0.406264 0.463294 0.010439 0.024577
66 0.634841 0.800670 0.021314 0.024577
87 0.062853 0.851101 0.031753 0.024577
1406 0.333841 0.331791 0.033493 0.024577
55 0.628534 0.379508 0.040887 0.024896
55 0.715528 0.669646 0.041757 0.024896
91 0.707916 0.533674 0.049152 0.024896
1256 0.713789 0.243058 0.025228 0.025215
64 0.406916 0.617140 0.025663 0.025215
111 0.053936 0.824928 0.031318 0.025215
978 0.630709 0.303383 0.040017 0.025215
120 0.630274 0.185764 0.018269 0.025535
119 0.475207 0.428663 0.024793 0.025535
88 0.329926 0.449410 0.025663 0.025535
278 0.205089 0.893393 0.032623 0.025535
3669 0.717051 0.268752 0.037843 0.025535
1005 0.797086 0.441430 0.048282 0.025535
51 0.334928 0.755985 0.036538 0.025854
83 0.183558 0.301149 0.041757 0.025854
85 0.473467 0.256942 0.016094 0.026173
66 0.267508 0.713055 0.018269 0.026173
91 0.180513 0.494414 0.048717 0.026173
101 0.548064 0.617300 0.053067 0.026173
88 0.269030 0.779604 0.026533 0.026492
3204 0.555676 0.460741 0.046542 0.026492
68 0.407351 0.527290 0.037843 0.026811
71 0.408873 0.586020 0.040017 0.026811
95 0.412353 0.796361 0.040017 0.026811
52 0.472814 0.480370 0.044367 0.026811
980 0.477816 0.743537 0.024793 0.027131
1214 0.551327 0.311363 0.035233 0.027131
91 0.629404 0.275614 0.046977 0.027131
91 0.624837 0.408714 0.048282 0.027131
259 0.195955 0.867060 0.055241 0.027131
62 0.546542 0.557932 0.027403 0.027450
58 0.403871 0.262847 0.021314 0.027769
88 0.475207 0.542771 0.022184 0.027769
71 0.556764 0.643632 0.047847 0.027769
88 0.332101 0.301628 0.023054 0.028088
110 0.120922 0.538142 0.035668 0.028088
1197 0.481296 0.841047 0.036103 0.028088
122 0.406481 0.662624 0.040452 0.028088
88 0.551544 0.427545 0.028708 0.028407
59 0.191388 0.192308 0.033928 0.028407
1197 0.480426 0.635653 0.036103 0.028407
81 0.470422 0.228375 0.038712 0.028407
1256 0.258156 0.384935 0.023923 0.028726
111 0.403001 0.494095 0.032623 0.028726
104 0.192040 0.358442 0.040452 0.028726
126 0.335146 0.586020 0.044802 0.028726
1880 0.053719 0.406479 0.025663 0.029046
70 0.058069 0.762209 0.014354 0.029365
118 0.630709 0.478136 0.015659 0.029365
93 0.120705 0.567507 0.024793 0.029365
4036 0.055024 0.793169 0.029143 0.029365
70 0.199217 0.384615 0.047847 0.029365
86 0.209004 0.709703 0.024793 0.029684
88 0.403219 0.227418 0.026968 0.029684
81 0.409091 0.891957 0.035233 0.029684
78 0.329709 0.270986 0.030448 0.030003
2273 0.193345 0.422279 0.039582 0.030003
2746 0.344280 0.889244 0.051762 0.030003
107 0.633101 0.592882 0.010874 0.030322
91 0.259896 0.637568 0.045672 0.030322
111 0.544585 0.489946 0.036538 0.030642
81 0.632449 0.436961 0.037408 0.030642
81 0.551544 0.527929 0.041757 0.030642
1935 0.715311 0.639004 0.048282 0.030642
323 0.118530 0.143951 0.057851 0.030642
118 0.408221 0.557134 0.011744 0.030961
85 0.264245 0.570859 0.016964 0.030961
111 0.044585 0.246250 0.026533 0.030961
720 0.553936 0.676189 0.035233 0.030961
2885 0.330361 0.514363 0.038712 0.030961
85 0.125054 0.256623 0.013484 0.031280
85 0.417138 0.812959 0.014789 0.031280
70 0.717921 0.766039 0.019574 0.031280
60 0.123967 0.380785 0.020879 0.031280
51 0.549587 0.588254 0.035233 0.031280
51 0.634189 0.832748 0.040017 0.031280
118 0.550239 0.168050 0.016529 0.031599
83 0.397347 0.351899 0.038712 0.031599
60 0.471509 0.304979 0.019139 0.032237
1485 0.716398 0.883658 0.048717 0.032237
1521 0.717268 0.377434 0.049587 0.032237
81 0.554589 0.852538 0.036538 0.032557
978 0.257721 0.213533 0.043932 0.032557
1927 0.710744 0.559528 0.048717 0.032557
118 0.339495 0.644909 0.016094 0.032876
83 0.637451 0.767794 0.016964 0.032876
102 0.055459 0.452123 0.033493 0.032876
4345 0.192258 0.461379 0.036538 0.032876
4132 0.635059 0.675391 0.042627 0.033195
1197 0.714876 0.188637 0.046542 0.033195
1560 0.198565 0.819342 0.047412 0.033195
2726 0.335581 0.555059 0.056111 0.033195
83 0.469334 0.370731 0.019139 0.033514
58 0.271422 0.894829 0.020009 0.033514
107 0.125924 0.678423 0.022184 0.033514
83 0.118747 0.454676 0.030448 0.033514
91 0.256416 0.454676 0.046542 0.033514
60 0.340800 0.812959 0.019574 0.033833
119 0.192692 0.223747 0.022619 0.033833
2263 0.332753 0.481647 0.041757 0.033833
1559 0.638756 0.735397 0.050022 0.033833
366 0.048499 0.146984 0.039582 0.034153
81 0.267073 0.860677 0.046977 0.034153
3307 0.323836 0.367539 0.061331 0.034153
3283 0.709004 0.342164 0.033058 0.034472
249 0.391040 0.151293 0.039147 0.034472
4427 0.324489 0.415895 0.046107 0.034472
370 0.397129 0.192946 0.040887 0.034791
58 0.198130 0.782636 0.016964 0.035110
60 0.409091 0.715768 0.019574 0.035429
121 0.403654 0.317108 0.025228 0.035429
864 0.550457 0.394031 0.036973 0.035429
1309 0.474989 0.509575 0.045237 0.035429
4440 0.635276 0.512927 0.043932 0.035748
981 0.477381 0.774338 0.064811 0.035748
3307 0.111788 0.636451 0.070465 0.035748
83 0.715746 0.729492 0.021314 0.036068
1319 0.715311 0.499042 0.043932 0.036068
2904 0.410178 0.389882 0.046107 0.036068
58 0.334928 0.670603 0.028708 0.036387
975 0.633101 0.242898 0.041322 0.036387
4346 0.628534 0.339132 0.039147 0.036706
1292 0.252284 0.174753 0.046107 0.036706
58 0.052849 0.647941 0.016964 0.037025
1352 0.338843 0.854612 0.024358 0.037344
1560 0.050892 0.547239 0.040017 0.037344
2078 0.478034 0.807373 0.040017 0.037344
122 0.195520 0.746090 0.042192 0.037344
69 0.268160 0.533674 0.018704 0.037664
2083 0.260766 0.417810 0.045672 0.037664
1931 0.550457 0.227258 0.053502 0.037664
1035 0.543280 0.809129 0.068726 0.037664
976 0.128534 0.781519 0.031753 0.037983
53 0.324489 0.238110 0.017399 0.038302
1256 0.261853 0.606447 0.033928 0.038302
4317 0.056546 0.728375 0.034798 0.038302
107 0.628752 0.153367 0.019574 0.038621
91 0.481949 0.878551 0.039147 0.038621
121 0.712919 0.691350 0.021749 0.038940
1797 0.476512 0.598149 0.043062 0.038940
313 0.713354 0.149058 0.043497 0.038940
1795 0.123749 0.416214 0.036103 0.039579
322 0.259678 0.316629 0.061766 0.040217
1831 0.195302 0.625120 0.033058 0.040536
53 0.051762 0.609799 0.012179 0.041813
1831 0.639843 0.881264 0.045237 0.042132
121 0.554806 0.880785 0.029143 0.042451
3458 0.550239 0.352218 0.035668 0.042451
3735 0.326011 0.151133 0.043932 0.042451
3411 0.794693 0.400575 0.031318 0.042771
976 0.415398 0.760134 0.035668 0.043090
1142 0.555676 0.768592 0.046542 0.043409
4166 0.476729 0.703639 0.054806 0.043728
68 0.050457 0.364826 0.006090 0.044047
68 0.717703 0.825407 0.008699 0.044686
58 0.270335 0.743696 0.027403 0.044686
68 0.191605 0.578519 0.007395 0.045005
68 0.328404 0.192308 0.007829 0.045643
721 0.048499 0.692308 0.033493 0.046601
3212 0.262070 0.673795 0.034363 0.046601
4748 0.472162 0.154485 0.050892 0.046601
1142 0.797956 0.270986 0.052632 0.046601
68 0.121357 0.344239 0.005220 0.046920
3739 0.126577 0.829078 0.038278 0.049473
957 0.334711 0.722790 0.044802 0.050112
68 0.552849 0.716246 0.007829 0.050431
68 0.712049 0.451165 0.007829 0.051388
68 0.193345 0.269071 0.008264 0.051708
2154 0.190953 0.155123 0.037408 0.051708
83 0.133536 0.882222 0.025228 0.052346
296 0.260331 0.249122 0.032623 0.052665
3739 0.796651 0.323811 0.050892 0.052665
68 0.051979 0.500319 0.007395 0.055219
296 0.048717 0.192467 0.029578 0.061921
68 0.053067 0.847271 0.037408 0.113310
