92 0.618393 0.254943 0.023256 0.009712
93 0.079545 0.864377 0.041755 0.009712
92 0.298362 0.187131 0.023784 0.010059
92 0.700317 0.497745 0.028541 0.011100
85 0.225423 0.924037 0.023784 0.011793
92 0.067653 0.149150 0.025370 0.011793
128 0.629757 0.849809 0.006871 0.012487
92 0.070825 0.673257 0.022199 0.012487
101 0.621036 0.445543 0.042283 0.012834
56 0.144820 0.209504 0.015856 0.013181
92 0.775634 0.373916 0.025899 0.013181
56 0.540169 0.427506 0.015856 0.013528
101 0.383192 0.334547 0.040169 0.013528
93 0.632400 0.815297 0.049154 0.013528
418 0.458245 0.122789 0.032770 0.013874
88 0.544133 0.840271 0.018499 0.014221
52 0.541226 0.862817 0.035941 0.014221
101 0.386892 0.659209 0.050740 0.014221
52 0.379493 0.126604 0.032770 0.014568
93 0.782770 0.224766 0.042283 0.014568
56 0.704545 0.843392 0.015856 0.014915
57 0.467495 0.401145 0.028013 0.014915
92 0.702167 0.748006 0.028013 0.014915
102 0.465381 0.143427 0.058668 0.014915
418 0.540698 0.334721 0.028541 0.015262
101 0.074789 0.854318 0.044926 0.015262
1810 0.777220 0.560007 0.016385 0.015609
118 0.547569 0.722511 0.019027 0.015956
120 0.146934 0.892300 0.014799 0.016302
56 0.070032 0.774714 0.015328 0.016302
1810 0.462738 0.456642 0.018499 0.016302
88 0.303383 0.481790 0.017970 0.016649
91 0.698467 0.582033 0.031184 0.016649
88 0.540698 0.354665 0.016913 0.016996
91 0.149577 0.677246 0.028541 0.016996
52 0.147727 0.491675 0.038584 0.016996
120 0.625000 0.862990 0.017442 0.017343
62 0.461945 0.359001 0.024313 0.017343
91 0.307082 0.716268 0.029598 0.017343
93 0.153805 0.221297 0.041226 0.017343
56 0.306554 0.762574 0.016913 0.017690
56 0.151956 0.510059 0.017442 0.017690
64 0.621829 0.884322 0.025899 0.017690
88 0.464323 0.541623 0.028013 0.017690
101 0.301533 0.375130 0.050211 0.017690
92 0.071882 0.514742 0.025370 0.018037
91 0.776427 0.540062 0.030655 0.018037
72 0.379228 0.618800 0.038584 0.018037
56 0.621300 0.837322 0.045983 0.018037
81 0.144556 0.878078 0.033298 0.018384
62 0.698732 0.325702 0.021142 0.018730
387 0.385042 0.641346 0.025899 0.018730
1406 0.071617 0.594173 0.032241 0.018730
101 0.625000 0.800555 0.051268 0.018730
1810 0.228330 0.196150 0.022199 0.019077
126 0.306818 0.918661 0.025899 0.019077
91 0.228330 0.643254 0.030655 0.019077
68 0.709567 0.917100 0.029070 0.019424
72 0.537791 0.629899 0.044926 0.019424
120 0.463795 0.643600 0.013214 0.019771
113 0.539112 0.704301 0.042283 0.019771
102 0.784091 0.898543 0.055497 0.019771
123 0.307611 0.739507 0.017970 0.020118
120 0.301533 0.226500 0.021670 0.020118
88 0.227008 0.387270 0.021670 0.020465
88 0.069503 0.128165 0.024841 0.020465
126 0.626321 0.696323 0.026427 0.020465
91 0.072674 0.572147 0.026956 0.020465
113 0.145877 0.310267 0.041226 0.020465
88 0.152220 0.527922 0.021142 0.020812
72 0.379757 0.413111 0.041755 0.020812
547 0.461416 0.281998 0.048626 0.020812
120 0.697410 0.344259 0.018499 0.021159
418 0.622093 0.781651 0.029598 0.021159
85 0.299947 0.209331 0.030127 0.021159
126 0.383192 0.555151 0.033827 0.021159
95 0.540698 0.880506 0.035941 0.021159
88 0.148520 0.764308 0.036998 0.021159
98 0.534355 0.681755 0.043340 0.021159
108 0.616015 0.125911 0.014271 0.021505
120 0.462738 0.379466 0.017442 0.021505
98 0.377378 0.143600 0.041226 0.021505
85 0.074260 0.552376 0.008985 0.021852
118 0.231501 0.257544 0.019027 0.021852
118 0.074789 0.728234 0.026956 0.021852
91 0.378171 0.188866 0.030127 0.021852
72 0.144292 0.157995 0.040169 0.021852
1338 0.067918 0.920222 0.039641 0.022199
72 0.772992 0.393687 0.042812 0.022199
126 0.697146 0.190600 0.031712 0.022546
366 0.144820 0.652272 0.044397 0.022546
82 0.545190 0.788935 0.050211 0.022546
76 0.466702 0.628859 0.019027 0.022893
66 0.696089 0.280957 0.025370 0.022893
57 0.159355 0.329865 0.035412 0.022893
62 0.704545 0.698231 0.036998 0.022893
113 0.149313 0.551856 0.038584 0.022893
70 0.779863 0.877038 0.021670 0.023240
126 0.377907 0.216268 0.029598 0.023240
3280 0.700846 0.476760 0.031712 0.023240
89 0.071617 0.752862 0.036469 0.023240
84 0.544397 0.313042 0.050740 0.023240
124 0.224366 0.853625 0.038584 0.023587
3731 0.620243 0.391606 0.039641 0.023587
3959 0.305497 0.894207 0.043340 0.023587
60 0.700581 0.864551 0.014271 0.023933
111 0.380550 0.166667 0.016913 0.023933
118 0.781184 0.852064 0.025370 0.023933
117 0.539641 0.523240 0.027484 0.023933
118 0.539905 0.294658 0.029070 0.023933
126 0.778013 0.660943 0.030655 0.023933
118 0.542019 0.612036 0.032241 0.023933
91 0.297040 0.275928 0.036998 0.023933
252 0.775899 0.249566 0.042283 0.023933
3059 0.623150 0.725113 0.044397 0.023933
68 0.533562 0.915366 0.034355 0.024280
83 0.697939 0.793965 0.036469 0.024280
253 0.617865 0.499827 0.041226 0.024280
2471 0.148256 0.918141 0.047040 0.024280
316 0.538584 0.408949 0.056025 0.024280
111 0.297569 0.299514 0.016913 0.024627
119 0.229123 0.905134 0.021670 0.024627
126 0.070296 0.431322 0.027484 0.024627
980 0.380550 0.243323 0.036998 0.024627
691 0.300211 0.327263 0.044397 0.024627
2836 0.387156 0.846167 0.047040 0.024627
2836 0.375264 0.387617 0.050740 0.024627
60 0.305497 0.869927 0.014799 0.024974
111 0.535677 0.203954 0.017442 0.024974
3053 0.072410 0.493236 0.020085 0.024974
58 0.781977 0.914672 0.023784 0.024974
66 0.385835 0.770725 0.024313 0.024974
2134 0.462209 0.788415 0.039641 0.024974
4488 0.225159 0.130767 0.048626 0.024974
1338 0.459831 0.887617 0.052854 0.024974
119 0.147199 0.857267 0.013214 0.025321
60 0.380550 0.462886 0.013742 0.025321
85 0.386628 0.672737 0.015328 0.025321
87 0.068446 0.204475 0.030127 0.025321
4377 0.150106 0.412591 0.035941 0.025321
95 0.458774 0.335588 0.040169 0.025321
98 0.698467 0.821540 0.041755 0.025321
127 0.074260 0.531911 0.045983 0.025321
68 0.535941 0.264308 0.040169 0.025668
95 0.772992 0.451960 0.042812 0.025668
1441 0.704017 0.893167 0.046512 0.025668
2489 0.461681 0.571974 0.047040 0.025668
338 0.225951 0.669442 0.048097 0.025668
111 0.297304 0.252688 0.021670 0.026015
83 0.144292 0.351890 0.029598 0.026015
126 0.779598 0.788241 0.032770 0.026015
119 0.151427 0.463059 0.017442 0.026361
88 0.072146 0.654873 0.024841 0.026361
3959 0.621036 0.669788 0.041226 0.026361
3942 0.378171 0.353451 0.048097 0.026361
121 0.699524 0.304891 0.049154 0.026361
3781 0.542019 0.817204 0.049154 0.026361
4090 0.539905 0.905480 0.037526 0.026708
2134 0.298890 0.130593 0.042812 0.026708
366 0.535677 0.381027 0.043869 0.026708
60 0.539641 0.549428 0.014799 0.027055
111 0.304440 0.811655 0.017970 0.027055
118 0.308140 0.600416 0.023256 0.027055
107 0.227537 0.828304 0.024841 0.027055
117 0.695560 0.126257 0.026427 0.027055
87 0.776427 0.348942 0.029598 0.027055
121 0.225687 0.883108 0.029598 0.027055
62 0.777220 0.176899 0.033298 0.027055
51 0.619450 0.305238 0.033827 0.027055
51 0.148784 0.440166 0.034355 0.027055
51 0.225423 0.737426 0.034355 0.027055
2147 0.067125 0.327784 0.038055 0.027055
883 0.066068 0.266389 0.039112 0.027055
1338 0.149049 0.622268 0.042283 0.027055
85 0.539641 0.181929 0.008457 0.027402
85 0.461416 0.192334 0.013742 0.027402
83 0.623679 0.754943 0.014799 0.027402
85 0.463531 0.914152 0.014799 0.027402
126 0.304704 0.538155 0.031184 0.027402
126 0.702167 0.642560 0.034355 0.027402
870 0.618922 0.420916 0.036998 0.027402
107 0.540433 0.768991 0.024841 0.027749
51 0.539112 0.127992 0.031712 0.027749
253 0.697674 0.252862 0.033827 0.027749
71 0.311047 0.393687 0.043869 0.027749
253 0.145085 0.827957 0.043869 0.027749
4291 0.701903 0.522026 0.047569 0.027749
68 0.386099 0.816337 0.005814 0.028096
127 0.540169 0.744884 0.048626 0.028096
60 0.067125 0.233437 0.011628 0.028443
85 0.069503 0.795352 0.014271 0.028443
3053 0.459038 0.308359 0.019556 0.028443
2598 0.458510 0.218869 0.020613 0.028443
87 0.306818 0.841485 0.031184 0.028443
121 0.773784 0.201526 0.032770 0.028443
68 0.538055 0.581339 0.040169 0.028443
4059 0.618658 0.467569 0.042812 0.028443
68 0.146934 0.184357 0.005285 0.028789
85 0.382664 0.440340 0.012685 0.028789
119 0.228858 0.762921 0.019027 0.028789
51 0.299947 0.352237 0.031184 0.028789
978 0.227537 0.586368 0.040698 0.028789
4486 0.302326 0.458030 0.041226 0.028789
2134 0.776163 0.515609 0.042812 0.028789
2200 0.301533 0.425772 0.043869 0.028789
1338 0.226744 0.556885 0.046512 0.028789
1450 0.069503 0.173430 0.035412 0.029136
392 0.459567 0.482484 0.043869 0.029136
1833 0.305497 0.656261 0.046512 0.029136
3053 0.701638 0.725460 0.020613 0.029483
975 0.307611 0.687652 0.047569 0.029483
3053 0.540169 0.656261 0.021142 0.029830
2593 0.149049 0.737773 0.034884 0.029830
3831 0.772727 0.317031 0.043340 0.029830
1159 0.148784 0.381200 0.044926 0.029830
121 0.386099 0.796393 0.048097 0.029830
338 0.695560 0.222685 0.048626 0.029830
53 0.700317 0.674298 0.016913 0.030524
119 0.618658 0.332293 0.017442 0.030524
2598 0.147463 0.131113 0.023256 0.030524
4402 0.461416 0.514395 0.036998 0.030524
1117 0.699524 0.553243 0.042812 0.030524
1385 0.614165 0.156781 0.043340 0.030524
1579 0.151691 0.704475 0.046512 0.030524
4064 0.620507 0.641693 0.048626 0.030524
68 0.620507 0.529136 0.006342 0.030871
68 0.695560 0.153139 0.009514 0.030871
83 0.775106 0.481963 0.014271 0.030871
3053 0.772992 0.423691 0.021670 0.030871
1762 0.616808 0.280784 0.045455 0.030871
4683 0.382135 0.523240 0.046512 0.030871
119 0.697674 0.769337 0.025370 0.031217
1315 0.378700 0.310094 0.044926 0.031217
1887 0.697939 0.449532 0.048097 0.031217
83 0.616543 0.360215 0.015328 0.031564
78 0.305761 0.784079 0.032241 0.031564
1385 0.380814 0.491328 0.041755 0.031564
338 0.385042 0.707423 0.048097 0.031564
119 0.540962 0.155047 0.014271 0.031911
71 0.234408 0.286507 0.042812 0.031911
4322 0.465645 0.714880 0.045455 0.031911
1315 0.224366 0.362123 0.047040 0.031911
2173 0.225687 0.616719 0.050740 0.031911
4392 0.304440 0.509192 0.054968 0.031911
83 0.225687 0.793444 0.013742 0.032258
704 0.778277 0.692161 0.028013 0.032258
1117 0.070296 0.828477 0.032770 0.032258
3947 0.701638 0.609608 0.047040 0.032258
4489 0.460624 0.604752 0.049154 0.032258
83 0.536998 0.492542 0.013742 0.032605
3768 0.071882 0.465487 0.042283 0.032605
1373 0.460624 0.428720 0.042812 0.032605
566 0.225159 0.417967 0.044397 0.032605
4072 0.781184 0.821020 0.048626 0.032605
2829 0.384778 0.913285 0.048626 0.032605
83 0.149577 0.792751 0.011628 0.032952
1844 0.067125 0.891606 0.030655 0.032952
1917 0.621300 0.607874 0.037526 0.032952
1887 0.145349 0.282518 0.043340 0.032952
68 0.461945 0.161637 0.008457 0.033299
83 0.226216 0.163371 0.011628 0.033299
70 0.068182 0.297954 0.019027 0.033299
3192 0.539112 0.235172 0.038055 0.033299
376 0.073467 0.624350 0.046512 0.033299
611 0.069239 0.362470 0.047569 0.033299
85 0.622357 0.909990 0.014271 0.033646
4090 0.383721 0.741068 0.045455 0.033646
1122 0.378964 0.275061 0.040169 0.033992
4652 0.305497 0.571627 0.046512 0.033992
83 0.777220 0.725113 0.013214 0.034339
88 0.383192 0.878425 0.014799 0.034339
4116 0.467759 0.816684 0.040169 0.034339
83 0.459038 0.249740 0.016385 0.034686
87 0.226216 0.225806 0.033827 0.034686
4116 0.303911 0.163718 0.040169 0.034686
1887 0.615486 0.229969 0.040698 0.034686
4072 0.382928 0.586368 0.051268 0.035033
68 0.227273 0.485605 0.007400 0.035380
296 0.228594 0.702740 0.026956 0.035380
68 0.304968 0.622615 0.027484 0.035380
2683 0.777220 0.280957 0.037526 0.035380
3192 0.541490 0.455255 0.040698 0.035727
1844 0.224366 0.522893 0.041755 0.035727
51 0.071882 0.699272 0.030655 0.036074
1126 0.463531 0.677593 0.035941 0.036420
1844 0.463266 0.853451 0.037526 0.036420
4683 0.778277 0.759972 0.045983 0.036767
1844 0.148520 0.585675 0.036998 0.037114
2191 0.076374 0.398543 0.045983 0.037461
2412 0.146670 0.250607 0.041755 0.037808
2412 0.779598 0.589664 0.041226 0.038155
1122 0.224630 0.323448 0.039112 0.038502
3153 0.698732 0.416233 0.046512 0.038848
2727 0.225423 0.450399 0.045983 0.039195
2412 0.619715 0.193895 0.041755 0.039542
1297 0.620243 0.568852 0.048097 0.039542
3153 0.778277 0.630246 0.047040 0.040236
2829 0.464323 0.753729 0.048097 0.040236
2412 0.700317 0.378078 0.040169 0.040930
2803 0.772727 0.135796 0.041226 0.041970
