128 0.726862 0.491471 0.012039 0.009477
128 0.594808 0.282600 0.015801 0.010235
52 0.586531 0.820887 0.056433 0.014026
72 0.714823 0.547574 0.039127 0.017058
56 0.772385 0.770470 0.023326 0.017817
72 0.807374 0.879644 0.045147 0.017817
64 0.886757 0.516300 0.030850 0.018196
92 0.732506 0.452237 0.038375 0.018196
72 0.159142 0.777483 0.047404 0.018196
52 0.508277 0.879833 0.053424 0.018196
52 0.515049 0.261372 0.054929 0.018575
113 0.799473 0.728393 0.054929 0.018575
64 0.843868 0.824299 0.021821 0.019333
76 0.176448 0.446361 0.038375 0.019333
52 0.773514 0.790182 0.045147 0.019333
57 0.414597 0.332828 0.033108 0.019712
52 0.768247 0.554966 0.045147 0.019712
55 0.889014 0.571645 0.047404 0.019712
52 0.464635 0.300227 0.056433 0.019712
52 0.288187 0.718726 0.063205 0.019712
128 0.588036 0.637036 0.017306 0.020091
64 0.518059 0.641205 0.032355 0.020091
83 0.209932 0.893290 0.036117 0.020849
81 0.464259 0.350455 0.042137 0.020849
57 0.459368 0.508150 0.053424 0.020849
118 0.466892 0.529568 0.018811 0.021228
57 0.694131 0.588324 0.023326 0.021228
84 0.758089 0.865428 0.044394 0.021228
115 0.174944 0.356331 0.054929 0.021228
72 0.290444 0.750569 0.063205 0.021228
57 0.162528 0.852729 0.030098 0.021607
57 0.776524 0.534306 0.039127 0.021607
104 0.156132 0.493366 0.039880 0.021607
57 0.522950 0.596096 0.042137 0.021607
81 0.584274 0.265921 0.056433 0.021607
56 0.586531 0.841357 0.024831 0.022365
65 0.695636 0.493366 0.030850 0.022365
57 0.112491 0.535823 0.038375 0.022365
91 0.513544 0.619598 0.041384 0.022365
74 0.703913 0.909970 0.032355 0.023124
60 0.709180 0.746209 0.048909 0.023124
122 0.890895 0.599507 0.030098 0.023882
57 0.702784 0.362206 0.039127 0.023882
115 0.583898 0.589651 0.045147 0.023882
127 0.820166 0.901251 0.060196 0.023882
56 0.584274 0.490523 0.026336 0.024261
72 0.103461 0.481046 0.042889 0.024261
113 0.098194 0.338135 0.050414 0.024261
553 0.584274 0.309325 0.066968 0.024261
64 0.582769 0.173427 0.033860 0.024640
72 0.405192 0.271986 0.041384 0.024640
84 0.587284 0.614291 0.051919 0.024640
189 0.418736 0.613154 0.020316 0.025398
66 0.139202 0.589651 0.027088 0.025398
53 0.458239 0.484458 0.018059 0.025777
110 0.513544 0.536770 0.041384 0.025777
52 0.283296 0.537908 0.054929 0.025777
72 0.726110 0.303260 0.057186 0.025777
53 0.715952 0.570318 0.012792 0.026156
74 0.197893 0.255307 0.030098 0.026156
53 0.108352 0.507013 0.018059 0.026914
119 0.475922 0.324299 0.020316 0.026914
92 0.509406 0.801175 0.024078 0.026914
120 0.289315 0.481994 0.026336 0.026914
58 0.805493 0.751137 0.041384 0.026914
58 0.143717 0.616187 0.048157 0.026914
84 0.178706 0.470053 0.039880 0.027293
96 0.300602 0.826763 0.060948 0.027293
85 0.519564 0.233321 0.021821 0.027672
68 0.864936 0.608984 0.041384 0.027672
72 0.175696 0.291698 0.045899 0.027672
77 0.205794 0.577900 0.050414 0.027672
109 0.220090 0.827710 0.056433 0.027672
118 0.724229 0.472517 0.024831 0.028431
978 0.802483 0.619977 0.042889 0.028431
85 0.455606 0.456406 0.033860 0.028810
107 0.885252 0.485974 0.038375 0.028810
60 0.277652 0.510235 0.051166 0.028810
67 0.585779 0.517817 0.054929 0.028810
120 0.586531 0.760993 0.029345 0.029189
118 0.710309 0.773124 0.036117 0.029189
62 0.469150 0.375853 0.048909 0.029189
127 0.852144 0.848939 0.062453 0.029189
1977 0.749812 0.643101 0.068473 0.029189
53 0.514296 0.565390 0.017306 0.029947
66 0.518435 0.204132 0.030098 0.029947
70 0.769752 0.240902 0.030098 0.029947
978 0.842739 0.798711 0.045147 0.030326
110 0.588036 0.791130 0.047404 0.030326
119 0.110986 0.299659 0.017306 0.030705
108 0.189992 0.226118 0.059443 0.030705
58 0.110609 0.366376 0.060196 0.030705
70 0.451843 0.817096 0.032355 0.031463
76 0.452220 0.748863 0.033108 0.031463
110 0.586531 0.547953 0.048909 0.031463
87 0.888262 0.453374 0.050414 0.031842
74 0.418736 0.642343 0.036870 0.032221
84 0.456734 0.780705 0.051166 0.032221
98 0.583521 0.455080 0.059443 0.032221
1952 0.109481 0.879644 0.069977 0.032221
1927 0.196764 0.546058 0.082017 0.032221
1295 0.428518 0.235974 0.045899 0.032980
53 0.410835 0.300986 0.015049 0.033359
111 0.518811 0.907127 0.044394 0.033359
119 0.887509 0.811789 0.018811 0.033738
111 0.522573 0.287149 0.039880 0.034496
553 0.266366 0.323541 0.063205 0.034496
2435 0.099699 0.266490 0.050414 0.034875
68 0.700903 0.880023 0.048909 0.035254
108 0.284048 0.450152 0.066968 0.035254
76 0.749812 0.840788 0.042889 0.036391
70 0.417983 0.581312 0.053424 0.037528
83 0.146351 0.649735 0.023326 0.037908
63 0.714071 0.800986 0.051166 0.037908
53 0.174944 0.324678 0.024831 0.038287
66 0.886757 0.728772 0.035365 0.038287
3936 0.813017 0.503791 0.062453 0.039424
53 0.732506 0.336429 0.023326 0.040561
74 0.414597 0.879265 0.060196 0.040561
70 0.582017 0.725550 0.062453 0.040940
4135 0.850263 0.181766 0.087284 0.041319
53 0.164786 0.807809 0.018059 0.042456
70 0.509029 0.836240 0.054929 0.042456
111 0.282167 0.227635 0.039127 0.042835
125 0.291196 0.792456 0.048157 0.042835
68 0.232882 0.864102 0.009782 0.043594
92 0.278781 0.183283 0.033860 0.045110
68 0.454477 0.559515 0.012039 0.045489
117 0.889014 0.771228 0.026336 0.045868
78 0.588412 0.209439 0.048157 0.045868
4523 0.267118 0.280705 0.054176 0.045868
3589 0.844620 0.242418 0.085026 0.047384
119 0.773138 0.279757 0.026336 0.048522
62 0.205794 0.614860 0.050414 0.048522
68 0.410459 0.832259 0.015801 0.051933
