92 0.365716 0.243239 0.026721 0.011635
92 0.835145 0.289465 0.037138 0.012893
128 0.449955 0.732075 0.013134 0.016352
56 0.446332 0.678145 0.016757 0.016667
66 0.673913 0.800786 0.025362 0.018553
499 0.447237 0.296384 0.058424 0.018553
56 0.122962 0.776572 0.042120 0.019811
64 0.841486 0.450629 0.023551 0.020126
57 0.925272 0.801258 0.025362 0.020126
66 0.451540 0.571541 0.023551 0.020440
56 0.526042 0.175314 0.044837 0.020440
66 0.525815 0.869182 0.025362 0.020755
117 0.209239 0.665566 0.018116 0.021069
56 0.296649 0.352987 0.017210 0.021698
56 0.603714 0.292296 0.047101 0.021698
72 0.213768 0.443868 0.057971 0.021698
64 0.373415 0.533333 0.024004 0.022013
57 0.529212 0.892453 0.024909 0.022013
77 0.602808 0.789780 0.036232 0.022327
64 0.294611 0.694025 0.020380 0.022642
76 0.912591 0.495283 0.027174 0.022642
72 0.443841 0.509748 0.038949 0.022642
66 0.911005 0.324686 0.021286 0.022956
52 0.139493 0.169025 0.056159 0.022956
66 0.754982 0.561478 0.024457 0.023585
117 0.129076 0.717610 0.016304 0.023899
108 0.293252 0.626730 0.022192 0.023899
52 0.136549 0.568239 0.050272 0.023899
755 0.517437 0.274843 0.056612 0.023899
72 0.365942 0.421226 0.048007 0.024843
91 0.443841 0.473742 0.067029 0.025472
111 0.668025 0.855660 0.048007 0.025786
117 0.217844 0.559591 0.026268 0.026101
88 0.197464 0.907704 0.042572 0.026101
95 0.292799 0.790094 0.052083 0.026101
76 0.527853 0.196855 0.022192 0.026415
74 0.444746 0.829560 0.023551 0.026415
77 0.604620 0.349057 0.043478 0.026415
1173 0.840580 0.552516 0.054348 0.026415
87 0.677083 0.297013 0.028986 0.026730
107 0.910100 0.349843 0.041214 0.026730
51 0.918025 0.859277 0.045290 0.026730
118 0.608922 0.209591 0.014040 0.027358
88 0.916440 0.263994 0.030344 0.027358
67 0.842618 0.818396 0.039402 0.027358
91 0.295969 0.267296 0.048460 0.027673
91 0.443614 0.385849 0.054801 0.027673
56 0.144928 0.203302 0.016304 0.027987
51 0.752944 0.771226 0.049366 0.027987
91 0.129303 0.650786 0.050272 0.027987
2489 0.682971 0.896069 0.053442 0.027987
118 0.287817 0.750629 0.015851 0.028302
76 0.289855 0.859434 0.031703 0.028302
51 0.366848 0.652201 0.045290 0.028302
113 0.281250 0.722956 0.074275 0.028302
88 0.912138 0.381447 0.033514 0.028931
126 0.126132 0.899686 0.052989 0.028931
92 0.759511 0.490094 0.019928 0.029245
118 0.603940 0.619969 0.021286 0.029245
495 0.907609 0.295755 0.072464 0.029245
118 0.918252 0.826415 0.017663 0.029560
107 0.211051 0.818868 0.018116 0.029560
2489 0.129076 0.830818 0.054348 0.029560
118 0.605978 0.316195 0.017210 0.029874
107 0.443841 0.865566 0.019022 0.029874
111 0.524457 0.581918 0.023551 0.029874
57 0.610734 0.590723 0.029438 0.029874
87 0.143116 0.375314 0.036232 0.029874
88 0.141984 0.234119 0.038496 0.029874
1173 0.681386 0.369340 0.052989 0.029874
96 0.765172 0.830660 0.054801 0.029874
111 0.671875 0.264465 0.044837 0.030189
120 0.680254 0.771698 0.048913 0.030189
120 0.603940 0.902830 0.049366 0.030189
74 0.371150 0.498428 0.025815 0.030818
119 0.213089 0.889623 0.030344 0.030818
88 0.221467 0.346226 0.035326 0.030818
87 0.605525 0.559748 0.040761 0.030818
327 0.525589 0.422013 0.057518 0.030818
126 0.522192 0.376730 0.057971 0.030818
76 0.221694 0.417138 0.023098 0.031132
86 0.850996 0.177830 0.028080 0.031132
88 0.605752 0.472799 0.030344 0.031132
1083 0.677310 0.603302 0.036685 0.031132
95 0.295516 0.379717 0.051178 0.031132
123 0.915534 0.467925 0.017663 0.031447
76 0.674366 0.683019 0.024457 0.031447
88 0.831975 0.783648 0.035326 0.031447
111 0.362319 0.386792 0.050725 0.031447
88 0.758379 0.322799 0.033967 0.031761
88 0.678895 0.455503 0.034420 0.031761
88 0.370471 0.618396 0.037138 0.031761
95 0.372509 0.797327 0.049366 0.031761
85 0.145833 0.496226 0.013587 0.032075
2133 0.144475 0.335220 0.038043 0.032075
2395 0.758379 0.282390 0.043931 0.032075
64 0.446558 0.707390 0.029891 0.032390
88 0.444973 0.794182 0.030344 0.032390
107 0.675045 0.827516 0.040308 0.032390
119 0.131114 0.746226 0.029438 0.032704
83 0.759284 0.908805 0.042120 0.032704
101 0.523551 0.235220 0.057971 0.032704
77 0.529891 0.614308 0.038949 0.033019
109 0.215127 0.635377 0.052536 0.033019
3754 0.187953 0.786006 0.073370 0.033019
93 0.141757 0.463522 0.026268 0.033333
51 0.599185 0.178931 0.048913 0.033333
88 0.921422 0.611950 0.033062 0.033962
101 0.596694 0.761321 0.042120 0.033962
2885 0.680254 0.493082 0.047101 0.033962
1666 0.682065 0.225472 0.065217 0.033962
1317 0.915987 0.181132 0.052989 0.034591
122 0.440897 0.758019 0.049366 0.034906
83 0.831748 0.375943 0.050272 0.034906
60 0.672554 0.327044 0.023551 0.035220
55 0.755208 0.641509 0.050272 0.035220
89 0.444973 0.899057 0.071105 0.035220
71 0.762455 0.597956 0.054801 0.035535
2885 0.924139 0.733333 0.042120 0.035849
87 0.761096 0.522956 0.045743 0.035849
2178 0.127491 0.862893 0.071105 0.035849
85 0.213768 0.694497 0.015399 0.036164
70 0.226902 0.175000 0.020833 0.036164
119 0.761322 0.677201 0.028080 0.036164
126 0.922781 0.523270 0.044837 0.036478
71 0.373641 0.458176 0.049819 0.036478
2836 0.764493 0.446855 0.052536 0.036478
87 0.921875 0.772484 0.037591 0.036792
111 0.221467 0.382704 0.018116 0.037107
87 0.761775 0.366352 0.042572 0.037107
81 0.129076 0.613208 0.045290 0.037107
83 0.825634 0.908491 0.060688 0.037107
101 0.527174 0.653616 0.058877 0.037421
69 0.222373 0.852830 0.023551 0.037736
62 0.920969 0.694025 0.027627 0.037736
81 0.442029 0.345597 0.047101 0.037736
120 0.761096 0.401887 0.048460 0.037736
70 0.844656 0.416509 0.024457 0.038050
60 0.761775 0.796384 0.028080 0.038050
86 0.306159 0.663365 0.038949 0.038050
111 0.293025 0.177516 0.042572 0.038050
58 0.834013 0.636792 0.017663 0.038365
76 0.598732 0.868082 0.028080 0.038679
389 0.682518 0.417138 0.063406 0.038679
107 0.835598 0.257862 0.025362 0.038994
83 0.134058 0.533962 0.038949 0.038994
2836 0.127717 0.685692 0.048007 0.039308
120 0.291667 0.895755 0.048007 0.039308
126 0.221694 0.259748 0.047554 0.039623
76 0.218750 0.485377 0.036232 0.039937
126 0.529212 0.840566 0.058424 0.040252
60 0.600770 0.250157 0.026721 0.040566
83 0.595562 0.821541 0.038949 0.040566
60 0.211957 0.599528 0.045290 0.040566
127 0.842165 0.213994 0.047554 0.040566
60 0.216712 0.522327 0.031250 0.040881
2103 0.601676 0.430818 0.060236 0.040881
2836 0.829937 0.747956 0.048460 0.041195
2593 0.682065 0.180818 0.036232 0.041509
943 0.919158 0.565409 0.043931 0.041509
54 0.295516 0.828302 0.046649 0.041509
81 0.920516 0.653302 0.043025 0.041824
3136 0.605978 0.516509 0.038949 0.042453
1778 0.920290 0.221698 0.048913 0.042767
126 0.604620 0.383962 0.050725 0.042767
3136 0.912817 0.424686 0.038496 0.043082
91 0.292346 0.592767 0.056612 0.043396
4747 0.361413 0.837107 0.060688 0.043396
3565 0.521739 0.798270 0.041667 0.043711
81 0.297328 0.317296 0.044837 0.044025
4039 0.367527 0.282547 0.050272 0.044340
60 0.449049 0.600000 0.022192 0.044654
60 0.129076 0.790566 0.028986 0.044654
90 0.214447 0.216667 0.049366 0.044654
4483 0.756793 0.237264 0.034420 0.044969
1560 0.454484 0.652673 0.061141 0.044969
83 0.519022 0.747170 0.032609 0.045283
118 0.367754 0.758491 0.038949 0.045283
4327 0.755435 0.184591 0.061594 0.045283
1551 0.528759 0.472327 0.056612 0.045912
4240 0.444746 0.431918 0.048913 0.046226
4271 0.841486 0.594025 0.049819 0.046541
4440 0.600996 0.713836 0.056159 0.046541
975 0.445879 0.188365 0.057518 0.046541
1354 0.670290 0.648742 0.048007 0.047170
3032 0.370924 0.892925 0.057971 0.047484
1200 0.601449 0.661635 0.057065 0.047799
1142 0.215580 0.744182 0.056159 0.048113
127 0.927763 0.895755 0.050272 0.048742
127 0.452672 0.541352 0.057518 0.048742
1396 0.290761 0.477987 0.061594 0.049686
316 0.224638 0.306132 0.070652 0.050000
68 0.833786 0.860535 0.008152 0.050629
68 0.761096 0.866509 0.009511 0.051258
4316 0.680027 0.554874 0.049366 0.051258
316 0.302763 0.229560 0.066576 0.052830
121 0.143342 0.417453 0.039402 0.053774
3984 0.525362 0.540094 0.062500 0.053774
648 0.446105 0.246226 0.037138 0.054088
81 0.668705 0.726258 0.046649 0.054403
4748 0.289855 0.536321 0.058877 0.054403
296 0.372509 0.332547 0.022192 0.055031
268 0.830389 0.689937 0.043025 0.055346
505 0.291440 0.419811 0.034873 0.055975
68 0.523098 0.694969 0.018116 0.056604
68 0.504755 0.886321 0.007699 0.058805
68 0.369112 0.694654 0.007246 0.059119
296 0.138587 0.279560 0.049819 0.059119
68 0.840127 0.326887 0.007246 0.060063
47 0.376812 0.571384 0.038043 0.061006
68 0.843297 0.496541 0.009964 0.061635
47 0.761775 0.722484 0.040761 0.062579
68 0.528759 0.321069 0.009511 0.064151
296 0.372283 0.193082 0.042572 0.071698
