246 0.562791 0.240128 0.049302 0.003846
101 0.388372 0.804744 0.039070 0.007949
92 0.203721 0.240385 0.021395 0.010000
101 0.296512 0.702179 0.038605 0.010000
101 0.208837 0.806667 0.039070 0.012308
297 0.915349 0.536154 0.047442 0.012821
698 0.203953 0.539872 0.027442 0.015128
92 0.291860 0.243590 0.030233 0.016410
88 0.385349 0.309615 0.018140 0.016667
91 0.290233 0.305128 0.024186 0.018462
88 0.206512 0.603077 0.037209 0.018462
88 0.293256 0.472308 0.017209 0.018974
88 0.382093 0.736667 0.041395 0.018974
91 0.564186 0.771410 0.031628 0.019231
64 0.473023 0.308205 0.018605 0.019487
553 0.206279 0.570513 0.046977 0.019487
126 0.382791 0.377821 0.026977 0.019744
126 0.293488 0.637692 0.025116 0.020513
91 0.739302 0.341026 0.032093 0.020513
495 0.470000 0.406923 0.061860 0.020513
122 0.473256 0.641538 0.036744 0.021026
91 0.471163 0.474231 0.026977 0.021282
102 0.293488 0.371154 0.047442 0.021282
126 0.559535 0.405513 0.030698 0.021795
91 0.558140 0.305897 0.037209 0.022051
710 0.288140 0.272564 0.044186 0.022051
683 0.210465 0.873333 0.045116 0.022051
73 0.482558 0.838205 0.046047 0.022051
1173 0.203023 0.507821 0.037674 0.022308
60 0.196512 0.300256 0.022791 0.022564
87 0.291163 0.338718 0.031628 0.022564
91 0.653721 0.437949 0.043256 0.023077
249 0.922326 0.243846 0.044651 0.023077
68 0.199767 0.408974 0.006047 0.023590
91 0.295581 0.571795 0.023721 0.023590
2555 0.916047 0.338462 0.048837 0.023590
278 0.920698 0.504359 0.055349 0.023590
2677 0.560000 0.337308 0.030698 0.023846
3223 0.290233 0.505256 0.047442 0.023846
2193 0.380698 0.473974 0.054419 0.023846
126 0.468140 0.246667 0.031163 0.024103
1112 0.470465 0.376154 0.033023 0.024103
113 0.297907 0.838205 0.040465 0.024103
529 0.206279 0.372564 0.051628 0.024103
1983 0.289535 0.538462 0.054419 0.024103
91 0.293256 0.405769 0.045116 0.024359
2222 0.295116 0.602821 0.039535 0.024615
95 0.299070 0.807436 0.043721 0.024615
1592 0.476279 0.872308 0.044651 0.024615
83 0.472558 0.567564 0.032558 0.024872
88 0.562093 0.572179 0.040465 0.024872
68 0.384884 0.439487 0.006977 0.025641
1296 0.383488 0.246923 0.046047 0.025641
750 0.559535 0.370641 0.044651 0.025897
1799 0.650465 0.503077 0.034884 0.026154
327 0.644186 0.470256 0.053953 0.026154
98 0.562093 0.808590 0.042326 0.026410
2824 0.918372 0.371923 0.051628 0.026410
4214 0.381163 0.538590 0.056279 0.026410
68 0.386279 0.832308 0.006047 0.026667
667 0.650233 0.408462 0.043721 0.026667
2896 0.467209 0.437179 0.044186 0.026667
4214 0.381395 0.275897 0.052093 0.026667
331 0.381628 0.506410 0.056279 0.026667
4166 0.645116 0.339744 0.056744 0.026667
117 0.201163 0.275256 0.027442 0.026923
72 0.382791 0.674487 0.028837 0.026923
60 0.203721 0.706667 0.016744 0.027179
85 0.563023 0.440256 0.020000 0.027179
120 0.211395 0.773846 0.043256 0.027179
667 0.561860 0.276154 0.043721 0.027179
2987 0.560698 0.872051 0.061860 0.027179
83 0.382558 0.602436 0.030233 0.027436
88 0.475116 0.541154 0.038605 0.027436
4166 0.563721 0.703462 0.046512 0.027436
58 0.475349 0.772564 0.028837 0.027692
119 0.560698 0.468077 0.021860 0.027949
1311 0.289070 0.438846 0.050698 0.027949
1354 0.295349 0.673077 0.027907 0.028205
83 0.562093 0.599103 0.035814 0.028462
1831 0.384186 0.870256 0.039070 0.028718
68 0.564884 0.670897 0.006977 0.028974
88 0.382558 0.573974 0.013488 0.028974
270 0.471860 0.505769 0.037674 0.028974
648 0.558372 0.507564 0.042326 0.028974
2320 0.381860 0.341282 0.041860 0.029231
127 0.388372 0.702821 0.050233 0.029231
83 0.202326 0.477051 0.029767 0.029487
56 0.476279 0.743718 0.042791 0.029487
667 0.740000 0.307051 0.048372 0.029487
74 0.474884 0.604487 0.034419 0.030000
1788 0.913721 0.308590 0.054419 0.030000
119 0.564186 0.837308 0.021395 0.030513
58 0.207442 0.744615 0.031628 0.030769
3032 0.564419 0.537564 0.051628 0.031026
1114 0.917674 0.274103 0.044651 0.031282
2946 0.914651 0.437436 0.049767 0.031282
3019 0.649535 0.373974 0.036744 0.031538
1134 0.914884 0.403462 0.065116 0.031538
47 0.195814 0.331923 0.023256 0.032051
85 0.479767 0.707179 0.017209 0.032308
53 0.298140 0.866667 0.017674 0.032308
2939 0.561395 0.737949 0.048372 0.032308
2426 0.386047 0.769744 0.048372 0.032308
1267 0.916279 0.471154 0.059535 0.032564
107 0.477442 0.810513 0.018140 0.032821
68 0.296279 0.733718 0.009302 0.033077
2429 0.377674 0.407308 0.040000 0.033077
4090 0.298372 0.778333 0.042326 0.033077
2346 0.564884 0.638077 0.045116 0.033590
70 0.472093 0.281282 0.023256 0.033846
4119 0.740930 0.375897 0.045581 0.033846
70 0.204186 0.675769 0.031628 0.034103
115 0.383023 0.643205 0.046047 0.035128
47 0.475581 0.673077 0.025581 0.035385
1267 0.201628 0.443718 0.046977 0.036667
53 0.205116 0.640000 0.017674 0.036923
68 0.474884 0.338590 0.015814 0.040769
68 0.211628 0.832051 0.012093 0.041538
