246 0.449875 0.126869 0.039742 0.007250
246 0.568027 0.402016 0.030433 0.007476
52 0.764590 0.363389 0.038310 0.012687
52 0.757787 0.777979 0.044755 0.012687
172 0.455424 0.296670 0.015754 0.014726
297 0.573756 0.465904 0.027569 0.014726
162 0.468135 0.867807 0.027569 0.014726
172 0.451486 0.401110 0.020050 0.015179
162 0.461690 0.758836 0.031865 0.016085
56 0.130147 0.794517 0.015396 0.016312
72 0.677229 0.458541 0.025421 0.016312
297 0.450233 0.270616 0.040458 0.016991
91 0.702649 0.819098 0.027569 0.017444
56 0.767096 0.383779 0.018976 0.018124
162 0.463301 0.539533 0.028643 0.018351
119 0.762800 0.800748 0.018260 0.018804
52 0.087898 0.278546 0.033298 0.018804
88 0.458468 0.928070 0.041890 0.019710
119 0.689760 0.656094 0.017544 0.019937
81 0.053885 0.818192 0.026853 0.020616
248 0.447547 0.513480 0.045829 0.020616
110 0.702649 0.839035 0.041890 0.021976
60 0.737021 0.623244 0.014680 0.022655
115 0.679019 0.501812 0.039742 0.022655
123 0.690834 0.634232 0.020408 0.022882
1214 0.019871 0.725986 0.026137 0.022882
58 0.776226 0.633552 0.030075 0.022882
110 0.708199 0.408586 0.032939 0.023335
81 0.733262 0.257476 0.051557 0.023335
248 0.450949 0.845265 0.061224 0.023561
85 0.463480 0.656434 0.016828 0.024241
56 0.055496 0.795537 0.017186 0.024241
87 0.695489 0.678410 0.027569 0.024241
42 0.570712 0.289533 0.017186 0.024468
119 0.672216 0.401337 0.014680 0.024694
118 0.735947 0.646919 0.018260 0.024694
251 0.452918 0.375283 0.035804 0.024694
119 0.655030 0.653715 0.016828 0.025147
92 0.455066 0.687925 0.028643 0.025147
53 0.681525 0.479724 0.021840 0.025600
104 0.061762 0.841527 0.033298 0.025600
120 0.358038 0.245696 0.021482 0.026053
126 0.739527 0.283530 0.026137 0.026053
111 0.574293 0.706955 0.021482 0.026507
56 0.732546 0.237313 0.022914 0.026960
88 0.573756 0.679542 0.011815 0.027866
56 0.090942 0.723947 0.028643 0.028319
83 0.064984 0.341300 0.029001 0.028319
66 0.128536 0.240258 0.024347 0.028772
683 0.459184 0.480630 0.068385 0.028772
119 0.056212 0.760648 0.012889 0.029678
4132 0.675976 0.433620 0.040100 0.029905
698 0.819907 0.214545 0.047261 0.029905
111 0.353741 0.158926 0.018618 0.030131
52 0.657895 0.625850 0.029717 0.030131
1891 0.731651 0.592546 0.036162 0.030585
501 0.460079 0.725986 0.055854 0.030585
2489 0.450233 0.232556 0.064805 0.030585
62 0.732546 0.675464 0.031507 0.031038
52 0.673111 0.371319 0.030075 0.031717
4132 0.657358 0.683960 0.042965 0.031717
118 0.132832 0.758156 0.008593 0.031944
1891 0.703724 0.788287 0.046903 0.031944
3883 0.695310 0.598550 0.035804 0.032623
932 0.176513 0.796330 0.051557 0.032623
717 0.703366 0.869733 0.079842 0.032623
62 0.172216 0.753512 0.042965 0.033530
68 0.132116 0.724853 0.004296 0.034209
76 0.063910 0.309810 0.026853 0.034209
2689 0.445220 0.198573 0.061941 0.034209
287 0.358575 0.275940 0.044755 0.034436
2689 0.263158 0.211033 0.061583 0.034662
117 0.132832 0.276280 0.012889 0.035116
2489 0.275510 0.245922 0.071250 0.035116
189 0.093627 0.836769 0.014680 0.035569
2151 0.573398 0.162098 0.060508 0.036022
2426 0.208199 0.510082 0.069101 0.036022
117 0.707483 0.378342 0.022914 0.036248
70 0.776942 0.668101 0.027211 0.036248
2707 0.462585 0.899638 0.030075 0.036248
117 0.054064 0.727118 0.014322 0.036475
66 0.172932 0.718056 0.025779 0.036475
2750 0.768170 0.416402 0.049051 0.037155
118 0.095775 0.757250 0.018976 0.037381
87 0.459542 0.625170 0.039026 0.037381
720 0.821160 0.351042 0.044039 0.037834
720 0.827605 0.538514 0.055496 0.038061
70 0.089689 0.795310 0.023989 0.038287
1185 0.774078 0.456842 0.045829 0.038287
268 0.446473 0.159832 0.048693 0.038287
4582 0.185285 0.324989 0.053348 0.038287
1250 0.018439 0.766538 0.026137 0.038740
51 0.571608 0.744903 0.056212 0.038967
720 0.825456 0.751359 0.051199 0.039193
76 0.085571 0.249094 0.031507 0.039647
1317 0.181704 0.285795 0.044755 0.039647
971 0.572682 0.203104 0.046903 0.039647
2844 0.570892 0.496715 0.049051 0.040100
4371 0.134264 0.468509 0.031507 0.040779
720 0.274615 0.408473 0.045829 0.040779
1999 0.735231 0.195401 0.064089 0.041006
720 0.276047 0.628228 0.051557 0.041686
308 0.575009 0.645560 0.074472 0.041912
119 0.575009 0.370526 0.014322 0.042365
3266 0.454350 0.332465 0.058718 0.042818
4633 0.200322 0.460240 0.060508 0.043271
4132 0.020945 0.809130 0.035446 0.043725
3785 0.460437 0.571704 0.065879 0.045084
3883 0.126208 0.826121 0.027569 0.045990
4564 0.571250 0.547123 0.044755 0.046217
2844 0.568743 0.434073 0.047619 0.046217
1267 0.773899 0.598210 0.039742 0.046443
87 0.572861 0.325555 0.035804 0.047123
4132 0.243824 0.708541 0.060150 0.047802
2593 0.358396 0.200952 0.038668 0.048029
3322 0.575009 0.251812 0.042965 0.048709
119 0.134443 0.318532 0.014680 0.048935
119 0.579126 0.789080 0.016828 0.048935
3411 0.714465 0.444948 0.041174 0.048935
3266 0.450591 0.434073 0.058360 0.049841
4435 0.573577 0.595492 0.051557 0.050068
268 0.268170 0.168215 0.050125 0.050521
2707 0.461332 0.792478 0.028285 0.050748
1354 0.178303 0.838808 0.045829 0.051427
1373 0.178840 0.239805 0.053348 0.051880
2267 0.249373 0.769030 0.070533 0.053240
2522 0.807734 0.172066 0.061583 0.054599
