128 0.718470 0.464603 0.008137 0.009194
300 0.682669 0.499387 0.013832 0.015017
111 0.683279 0.478547 0.014239 0.015017
64 0.713181 0.481459 0.015460 0.015936
92 0.406428 0.538768 0.036615 0.015936
101 0.404394 0.599448 0.058584 0.016549
66 0.680635 0.442384 0.016273 0.017469
56 0.779699 0.760496 0.051668 0.017469
92 0.130797 0.761263 0.037836 0.017775
85 0.683686 0.462151 0.006916 0.019001
108 0.314890 0.376341 0.026037 0.019614
56 0.408055 0.614618 0.013019 0.019920
61 0.717250 0.502758 0.022783 0.019920
101 0.132832 0.792063 0.070382 0.019920
56 0.492677 0.696905 0.061025 0.020840
101 0.596623 0.441312 0.063873 0.020840
113 0.505696 0.327153 0.063466 0.021146
60 0.399308 0.444683 0.042718 0.022679
72 0.402766 0.565890 0.053702 0.024211
76 0.686941 0.288078 0.033767 0.024517
92 0.716233 0.446368 0.023190 0.024824
101 0.597437 0.543212 0.071196 0.025437
83 0.777461 0.781183 0.039056 0.025743
85 0.784784 0.839258 0.011391 0.026050
126 0.311839 0.513485 0.059805 0.026663
42 0.137510 0.516243 0.015460 0.027276
1083 0.594996 0.652620 0.034581 0.027276
120 0.314076 0.605424 0.030106 0.027888
68 0.689382 0.351670 0.060618 0.027888
115 0.689788 0.838186 0.051668 0.028195
2489 0.784581 0.813055 0.058177 0.028195
83 0.686534 0.873889 0.048413 0.028501
129 0.791904 0.375421 0.022376 0.028808
83 0.686941 0.803861 0.049227 0.028808
111 0.690806 0.649862 0.024410 0.029114
126 0.786005 0.518082 0.054516 0.029114
126 0.137714 0.433190 0.052482 0.029727
2489 0.500203 0.761263 0.055736 0.030034
64 0.689788 0.412504 0.028072 0.030647
95 0.401953 0.477628 0.046379 0.030953
126 0.137510 0.679589 0.058584 0.030953
85 0.403987 0.412351 0.013832 0.031566
83 0.127339 0.605271 0.045566 0.031873
88 0.592148 0.682501 0.049227 0.031873
88 0.693653 0.773368 0.053702 0.032179
83 0.493694 0.723261 0.035395 0.032485
51 0.405207 0.508121 0.044752 0.032485
78 0.698942 0.380785 0.036615 0.032792
115 0.499593 0.464143 0.051261 0.032792
359 0.405818 0.325621 0.060618 0.032792
111 0.692433 0.578149 0.023596 0.033405
115 0.783767 0.554245 0.055736 0.033405
83 0.589707 0.757279 0.043531 0.033711
98 0.122050 0.853203 0.063466 0.033711
932 0.132018 0.644652 0.074451 0.034018
683 0.784581 0.733374 0.069569 0.034324
118 0.406428 0.641281 0.012205 0.034631
111 0.317941 0.638216 0.025631 0.034631
85 0.501221 0.795280 0.012205 0.035550
98 0.493287 0.630555 0.063059 0.035857
28 0.217657 0.330677 0.050448 0.036163
96 0.785191 0.587803 0.055330 0.036163
4448 0.318755 0.475023 0.072010 0.036163
62 0.695281 0.323169 0.048820 0.036470
58 0.781530 0.616917 0.025224 0.036776
70 0.776444 0.873889 0.045972 0.037082
107 0.594589 0.462458 0.017494 0.037389
96 0.503865 0.503831 0.054109 0.038002
3366 0.692026 0.543365 0.055330 0.038002
98 0.776241 0.704720 0.065094 0.038308
86 0.140155 0.294514 0.030513 0.038615
2193 0.692840 0.733834 0.062653 0.038921
93 0.318552 0.339258 0.030106 0.039228
91 0.312653 0.679743 0.053295 0.039228
3435 0.690602 0.618143 0.056550 0.039228
53 0.780513 0.294974 0.019121 0.040147
98 0.589097 0.840025 0.066721 0.040454
92 0.688975 0.255746 0.046786 0.040760
92 0.502034 0.254827 0.048820 0.040760
91 0.593369 0.347686 0.050854 0.040760
92 0.783564 0.256819 0.044752 0.041067
96 0.504882 0.293135 0.056957 0.041373
2397 0.688161 0.692308 0.061432 0.041679
69 0.600488 0.499694 0.022783 0.041986
68 0.606387 0.716672 0.011798 0.042599
1977 0.126526 0.392737 0.077299 0.042599
92 0.312246 0.253754 0.045972 0.042905
60 0.131204 0.723414 0.026444 0.043212
104 0.130391 0.256359 0.052482 0.043212
4458 0.597234 0.571407 0.067535 0.043825
683 0.501221 0.666718 0.070789 0.043825
864 0.594996 0.620595 0.051668 0.044131
3231 0.134459 0.477628 0.062246 0.044438
70 0.493694 0.844162 0.054923 0.045051
600 0.318755 0.559608 0.063873 0.045357
4447 0.126729 0.813668 0.045972 0.047196
4447 0.591334 0.799877 0.055736 0.047196
4447 0.778682 0.662887 0.058584 0.047196
3435 0.781530 0.477168 0.061025 0.047196
2983 0.594996 0.298958 0.053295 0.047502
4738 0.402970 0.372970 0.050041 0.047809
68 0.321400 0.298345 0.005696 0.049341
104 0.218267 0.397487 0.049227 0.049648
70 0.403784 0.687251 0.043531 0.049954
53 0.495525 0.365461 0.028478 0.050567
2438 0.130391 0.558229 0.051668 0.051793
4447 0.496949 0.591633 0.060618 0.051793
2987 0.594793 0.393809 0.067535 0.052099
58 0.501424 0.536929 0.033767 0.055777
58 0.781123 0.326540 0.048007 0.056083
