128 0.144712 0.832190 0.008654 0.011438
128 0.075240 0.231863 0.010096 0.014052
92 0.485817 0.363072 0.035096 0.015686
92 0.764904 0.707353 0.038462 0.016667
92 0.553846 0.577614 0.037500 0.017320
92 0.557933 0.792157 0.035096 0.017647
126 0.561058 0.881699 0.046154 0.017647
52 0.491346 0.145261 0.039423 0.017974
52 0.207692 0.848529 0.043269 0.017974
92 0.835817 0.284967 0.039904 0.018301
57 0.141827 0.535458 0.025000 0.018627
56 0.554567 0.497549 0.017788 0.019281
92 0.420913 0.209641 0.040865 0.019281
56 0.208894 0.863399 0.013942 0.019608
92 0.627404 0.615359 0.039423 0.020261
98 0.419712 0.186765 0.053846 0.020588
120 0.629087 0.278431 0.013942 0.020915
110 0.623798 0.748529 0.031250 0.021242
57 0.075721 0.563725 0.028365 0.022222
698 0.832692 0.672876 0.030769 0.022222
259 0.072356 0.656373 0.052404 0.022549
2542 0.627885 0.483987 0.049038 0.022876
120 0.073798 0.533824 0.017788 0.023203
91 0.072356 0.632190 0.035096 0.023203
126 0.416827 0.821078 0.049038 0.023203
98 0.554087 0.152778 0.049519 0.023203
1264 0.208413 0.820915 0.040865 0.023529
126 0.698077 0.119608 0.048077 0.023529
68 0.491587 0.120425 0.039904 0.023856
66 0.349038 0.538235 0.019231 0.024183
91 0.555048 0.266013 0.039904 0.024183
127 0.631731 0.771242 0.052885 0.024183
120 0.700240 0.194608 0.018750 0.024510
91 0.072596 0.374673 0.034615 0.024510
126 0.348798 0.360294 0.043750 0.024510
126 0.764663 0.772712 0.043750 0.024510
95 0.280288 0.841667 0.044231 0.024510
68 0.149519 0.332353 0.005769 0.024837
64 0.139423 0.347059 0.019231 0.024837
72 0.136058 0.156863 0.033654 0.024837
126 0.277404 0.721895 0.041346 0.024837
60 0.280288 0.428268 0.015385 0.025163
88 0.558173 0.403105 0.018269 0.025163
120 0.421635 0.706373 0.018269 0.025163
2151 0.768750 0.191340 0.037500 0.025163
88 0.212981 0.610784 0.020192 0.025490
110 0.420192 0.911765 0.036538 0.025490
104 0.699760 0.852941 0.045673 0.025490
127 0.075962 0.183007 0.047115 0.025490
88 0.353606 0.915033 0.049519 0.025490
126 0.068750 0.828268 0.040385 0.025817
56 0.137740 0.308333 0.041827 0.025817
64 0.554327 0.605882 0.025000 0.026144
88 0.484615 0.533824 0.014423 0.026471
120 0.423558 0.354085 0.015385 0.026471
62 0.418510 0.680556 0.024519 0.026471
72 0.348798 0.563562 0.027404 0.026471
500 0.140625 0.634804 0.032212 0.026471
126 0.628365 0.909967 0.038462 0.026471
91 0.769712 0.640359 0.039423 0.026471
91 0.832933 0.567810 0.041827 0.026471
88 0.631731 0.836275 0.021154 0.026797
2151 0.487740 0.734641 0.040865 0.026797
68 0.351923 0.801471 0.006731 0.027124
120 0.698317 0.909641 0.018750 0.027124
111 0.141346 0.699183 0.020192 0.027124
67 0.216106 0.303105 0.038942 0.027124
91 0.212260 0.497712 0.037019 0.027451
51 0.834375 0.802614 0.042788 0.027451
118 0.833894 0.830229 0.020673 0.027778
88 0.768990 0.356046 0.022596 0.027778
111 0.693750 0.822059 0.025962 0.027778
110 0.768510 0.840359 0.030288 0.027778
3053 0.136779 0.185131 0.032212 0.027778
104 0.556971 0.662908 0.035096 0.027778
87 0.492788 0.228268 0.037500 0.027778
91 0.354808 0.862908 0.063462 0.027778
88 0.209856 0.384641 0.019712 0.028105
92 0.422115 0.852288 0.028846 0.028105
3053 0.280529 0.815359 0.032212 0.028105
72 0.487740 0.660784 0.037019 0.028105
51 0.280288 0.753268 0.038462 0.028105
2151 0.348558 0.226144 0.042308 0.028105
89 0.553846 0.551961 0.047115 0.028105
88 0.830048 0.741993 0.014904 0.028431
111 0.558654 0.908987 0.025000 0.028431
4652 0.209135 0.271732 0.043269 0.028431
55 0.488702 0.594935 0.043750 0.028431
120 0.212740 0.719608 0.018750 0.028758
91 0.769712 0.252288 0.043269 0.028758
87 0.634375 0.419281 0.043750 0.028758
88 0.350962 0.465359 0.044231 0.028758
85 0.837500 0.189052 0.016346 0.029085
53 0.347596 0.773366 0.017308 0.029085
88 0.072356 0.260948 0.019712 0.029085
83 0.627163 0.513235 0.029327 0.029085
98 0.626683 0.542320 0.050481 0.029085
56 0.279327 0.400980 0.019231 0.029412
120 0.490625 0.195752 0.019712 0.029412
2220 0.700000 0.761438 0.043269 0.029412
66 0.072115 0.155392 0.020192 0.029739
111 0.831250 0.771078 0.023077 0.029739
87 0.698317 0.261275 0.030288 0.029739
406 0.068990 0.724673 0.045673 0.029739
104 0.836538 0.912908 0.046154 0.029739
316 0.418510 0.791013 0.054327 0.029739
2542 0.768269 0.477778 0.039423 0.030065
108 0.423558 0.125163 0.048077 0.030065
86 0.565385 0.691993 0.027885 0.030392
88 0.210577 0.888399 0.044231 0.030392
109 0.700481 0.880882 0.050962 0.030392
120 0.280529 0.528431 0.016827 0.030719
111 0.486298 0.562418 0.023558 0.030719
51 0.209856 0.689869 0.036058 0.030719
123 0.350721 0.300654 0.037981 0.030719
88 0.419712 0.658824 0.045192 0.030719
85 0.697837 0.792647 0.015865 0.031046
117 0.486538 0.427941 0.019231 0.031046
119 0.489663 0.257680 0.022596 0.031046
700 0.139183 0.600163 0.033173 0.031046
870 0.768269 0.222386 0.037500 0.031046
75 0.216346 0.754739 0.039423 0.031046
98 0.836779 0.162908 0.049519 0.031046
98 0.350481 0.633824 0.050000 0.031046
85 0.419952 0.500980 0.012981 0.031373
88 0.138221 0.669935 0.016827 0.031373
107 0.068269 0.861438 0.020192 0.031373
64 0.414904 0.432680 0.029808 0.031373
83 0.207212 0.236275 0.037500 0.031373
126 0.700240 0.471569 0.044712 0.031373
82 0.495192 0.165359 0.054808 0.031373
53 0.068029 0.892974 0.012019 0.031699
85 0.554327 0.174346 0.014423 0.031699
88 0.835577 0.255065 0.025000 0.031699
1406 0.144952 0.732516 0.038942 0.031699
120 0.701442 0.291993 0.046154 0.031699
91 0.493510 0.797549 0.061058 0.031699
119 0.138702 0.416993 0.019712 0.032026
119 0.349279 0.433007 0.019712 0.032026
119 0.350481 0.332026 0.020192 0.032026
2542 0.702885 0.724183 0.042308 0.032026
55 0.835817 0.882026 0.044712 0.032026
109 0.487740 0.459477 0.045673 0.032026
1920 0.275481 0.690523 0.046154 0.032026
98 0.135817 0.215033 0.048558 0.032026
2542 0.770673 0.392647 0.037500 0.032353
2542 0.699760 0.535784 0.038942 0.032353
62 0.075481 0.506046 0.039423 0.032353
325 0.278365 0.124673 0.044231 0.032353
118 0.697837 0.358170 0.020673 0.032680
78 0.281731 0.369935 0.030769 0.032680
76 0.557933 0.124837 0.038942 0.032680
91 0.210817 0.125163 0.040865 0.032680
91 0.833894 0.379085 0.042788 0.032680
96 0.144231 0.855229 0.045192 0.032680
3043 0.208413 0.791830 0.046635 0.032680
56 0.697356 0.325327 0.020673 0.033007
117 0.771635 0.125654 0.021154 0.033007
64 0.073077 0.208333 0.036538 0.033007
378 0.278125 0.906373 0.041827 0.033007
109 0.557212 0.203431 0.047115 0.033007
111 0.697115 0.499346 0.025000 0.033333
107 0.142308 0.888235 0.025962 0.033333
1406 0.349760 0.663072 0.040865 0.033333
91 0.349519 0.739216 0.041346 0.033333
3041 0.553846 0.437255 0.047115 0.033333
4440 0.074519 0.795425 0.050000 0.033333
86 0.635817 0.448856 0.028365 0.033660
104 0.765625 0.809641 0.035096 0.033660
2542 0.701923 0.617157 0.037500 0.033660
3824 0.068750 0.760294 0.039423 0.033660
316 0.354087 0.124673 0.040865 0.033660
91 0.073317 0.689706 0.044712 0.033660
975 0.074760 0.441013 0.047596 0.033660
111 0.348077 0.196405 0.025962 0.033987
91 0.831731 0.640196 0.037500 0.033987
74 0.420673 0.464379 0.047115 0.033987
3761 0.555529 0.761438 0.053365 0.033987
60 0.415385 0.583497 0.016346 0.034314
107 0.071394 0.123366 0.043750 0.034314
2750 0.141827 0.564869 0.045192 0.034314
1375 0.761779 0.740359 0.049519 0.034314
91 0.698798 0.647549 0.056250 0.034314
118 0.632452 0.682680 0.012981 0.034641
1012 0.553365 0.466993 0.046154 0.034641
4064 0.076683 0.406536 0.050481 0.034641
85 0.280048 0.241013 0.017788 0.034967
74 0.771394 0.159641 0.027404 0.034967
83 0.273317 0.866830 0.032212 0.034967
1502 0.489904 0.822386 0.032692 0.034967
2233 0.279087 0.156699 0.042788 0.034967
560 0.834615 0.601797 0.046154 0.034967
85 0.212260 0.908497 0.017788 0.035294
253 0.484135 0.333007 0.030769 0.035294
1799 0.347837 0.886601 0.034135 0.035294
4132 0.212740 0.530392 0.042788 0.035294
126 0.628846 0.388889 0.043269 0.035294
70 0.142067 0.808660 0.035096 0.035621
3799 0.629327 0.579575 0.048077 0.035621
118 0.551923 0.525163 0.018269 0.035948
3778 0.765865 0.325163 0.043269 0.035948
51 0.418990 0.322876 0.043750 0.035948
3799 0.699519 0.231699 0.048077 0.035948
58 0.765385 0.908007 0.024038 0.036275
1502 0.556010 0.368137 0.034135 0.036275
121 0.556971 0.637092 0.056250 0.036275
69 0.435577 0.884641 0.018269 0.036601
88 0.281250 0.562092 0.021154 0.036601
699 0.764904 0.284967 0.032692 0.036601
3053 0.349760 0.600000 0.042788 0.036601
2143 0.487260 0.767974 0.043750 0.036601
84 0.499038 0.700490 0.035577 0.036928
2593 0.417308 0.237092 0.039423 0.036928
51 0.627644 0.249510 0.039904 0.036928
913 0.349519 0.699183 0.041346 0.036928
2143 0.486779 0.391993 0.044712 0.036928
2143 0.555288 0.301471 0.046154 0.036928
3812 0.831731 0.416176 0.048077 0.036928
68 0.069952 0.476471 0.009135 0.037255
121 0.627163 0.352614 0.030288 0.037255
115 0.281250 0.494444 0.042308 0.037255
3809 0.137981 0.124183 0.045192 0.037255
316 0.281250 0.650654 0.045192 0.037255
3053 0.419231 0.157843 0.046154 0.037255
91 0.563221 0.722222 0.055288 0.037255
118 0.561058 0.853758 0.025000 0.037582
3184 0.142548 0.769444 0.039904 0.037582
1804 0.071154 0.302778 0.048077 0.037582
119 0.626202 0.167974 0.025481 0.037908
107 0.137740 0.382026 0.027404 0.037908
2550 0.764663 0.565033 0.045673 0.037908
316 0.557933 0.236275 0.054327 0.037908
119 0.211298 0.335784 0.020673 0.038235
975 0.209615 0.462582 0.045192 0.038235
2633 0.838462 0.128268 0.046154 0.038235
68 0.490625 0.905229 0.009135 0.038562
1506 0.417067 0.619444 0.050481 0.038889
71 0.838221 0.848529 0.051442 0.038889
63 0.284135 0.781863 0.051923 0.038889
91 0.555529 0.339379 0.056250 0.038889
3674 0.766827 0.606209 0.041346 0.039216
3948 0.488942 0.293627 0.031731 0.039542
87 0.628125 0.129248 0.032212 0.039542
92 0.488462 0.628105 0.019231 0.039869
2621 0.491106 0.865686 0.031250 0.039869
1506 0.350481 0.503595 0.043269 0.039869
4421 0.347596 0.397059 0.048077 0.039869
4440 0.838221 0.707190 0.051442 0.039869
2956 0.413221 0.540850 0.047596 0.040523
1304 0.558654 0.814542 0.033654 0.040850
3059 0.209135 0.199510 0.044231 0.040850
2233 0.138221 0.241503 0.038942 0.041176
122 0.348558 0.831046 0.039423 0.041176
3192 0.277644 0.464706 0.041827 0.041176
2151 0.834135 0.310784 0.042308 0.041176
4646 0.207452 0.159314 0.027404 0.041503
2193 0.699519 0.575654 0.037500 0.041503
1279 0.141827 0.277614 0.043269 0.041503
322 0.212500 0.421732 0.043269 0.041503
316 0.075000 0.345915 0.050962 0.041503
2143 0.835096 0.346405 0.044231 0.041830
1365 0.629087 0.799673 0.045673 0.041830
91 0.835577 0.492484 0.053846 0.041830
2193 0.698317 0.434804 0.034135 0.042157
58 0.838702 0.224837 0.049519 0.042484
68 0.623798 0.718137 0.011058 0.042810
68 0.133894 0.903758 0.034135 0.042810
1967 0.209615 0.650163 0.041346 0.042810
2293 0.767548 0.878595 0.044712 0.042810
325 0.631010 0.872712 0.051442 0.042810
1947 0.139183 0.498039 0.039904 0.043137
4435 0.765865 0.671895 0.044231 0.043137
518 0.626202 0.645752 0.046635 0.043137
316 0.489423 0.495098 0.048077 0.043137
1502 0.419231 0.279902 0.035577 0.043464
2293 0.697837 0.393627 0.038942 0.043464
83 0.139663 0.455065 0.019712 0.044118
322 0.076442 0.598529 0.049038 0.044118
796 0.280769 0.285458 0.050000 0.044118
322 0.839183 0.459641 0.052404 0.044771
3899 0.276923 0.609477 0.048077 0.045098
4397 0.278365 0.327614 0.025000 0.046078
296 0.419231 0.395588 0.038462 0.046078
2255 0.625721 0.317810 0.046635 0.046078
313 0.835817 0.529085 0.038942 0.046405
68 0.062981 0.899673 0.030769 0.047059
2179 0.627644 0.205229 0.055288 0.047059
303 0.695433 0.681536 0.045673 0.047386
68 0.209615 0.340850 0.047115 0.048366
3919 0.696635 0.157843 0.041346 0.049020
1124 0.208894 0.571242 0.040865 0.049673
3542 0.765625 0.435948 0.043750 0.049673
3899 0.416346 0.747876 0.053846 0.050654
2972 0.767308 0.522876 0.050000 0.051634
47 0.289183 0.200000 0.036058 0.064052
