92 0.643486 0.660019 0.017606 0.008864
92 0.777729 0.930516 0.022007 0.009180
92 0.416153 0.272555 0.024208 0.009497
56 0.479754 0.827635 0.008803 0.009813
92 0.194982 0.279994 0.024648 0.009813
110 0.128961 0.273821 0.020246 0.010130
92 0.194102 0.688667 0.024648 0.010446
297 0.127201 0.156537 0.034331 0.011079
418 0.128521 0.329693 0.027289 0.011713
101 0.422315 0.260842 0.038292 0.012029
101 0.261664 0.283159 0.044454 0.012346
120 0.131162 0.817664 0.009683 0.012662
56 0.334067 0.818613 0.037852 0.012662
56 0.264305 0.265274 0.034771 0.013295
56 0.485475 0.252612 0.041373 0.013295
49 0.268706 0.189142 0.011004 0.013612
117 0.200704 0.880184 0.011444 0.013612
85 0.487016 0.305476 0.011004 0.013928
115 0.128521 0.805793 0.030810 0.014245
57 0.640185 0.815606 0.022447 0.014878
128 0.131162 0.259259 0.007923 0.015195
66 0.557218 0.793606 0.013204 0.015195
1415 0.057438 0.332067 0.036532 0.015195
287 0.056118 0.300095 0.040933 0.015195
126 0.200924 0.861823 0.038292 0.015511
56 0.055018 0.374169 0.011444 0.015828
3177 0.056118 0.491611 0.015405 0.015828
72 0.410431 0.339348 0.027729 0.015828
1214 0.338688 0.851852 0.033011 0.015828
126 0.126320 0.789174 0.042254 0.015828
66 0.128961 0.289174 0.012324 0.016144
57 0.805898 0.708927 0.024648 0.016144
87 0.729093 0.492719 0.027729 0.016144
72 0.409111 0.671257 0.030370 0.016144
91 0.638864 0.921019 0.030370 0.016144
56 0.632482 0.750079 0.036972 0.016144
56 0.332526 0.749763 0.037412 0.016144
113 0.194542 0.581988 0.041373 0.016144
56 0.723812 0.710510 0.044454 0.016144
118 0.335827 0.761633 0.011444 0.016461
72 0.120379 0.649256 0.025088 0.016461
72 0.123019 0.313074 0.027729 0.016461
1406 0.055018 0.317189 0.029930 0.016461
81 0.720070 0.907566 0.031690 0.016461
56 0.411092 0.654954 0.043134 0.016461
98 0.336268 0.246280 0.045775 0.016461
113 0.723812 0.435581 0.052377 0.016461
56 0.127201 0.902343 0.013204 0.016777
72 0.484375 0.270180 0.033891 0.016777
56 0.562060 0.392371 0.044894 0.016777
128 0.637104 0.765116 0.009243 0.017094
87 0.128301 0.427350 0.029489 0.017094
83 0.195643 0.801836 0.031250 0.017094
113 0.406250 0.805318 0.037852 0.017094
72 0.331646 0.833808 0.031250 0.017727
63 0.342870 0.383982 0.036092 0.017727
49 0.800616 0.597816 0.014085 0.018044
91 0.481294 0.543368 0.030370 0.018044
259 0.050836 0.678854 0.030370 0.018044
101 0.643046 0.650364 0.036972 0.018044
107 0.716109 0.882558 0.012324 0.018360
117 0.122579 0.524850 0.013644 0.018360
72 0.636004 0.704970 0.022887 0.018360
72 0.553917 0.814498 0.026849 0.018360
1214 0.487896 0.288066 0.033011 0.018360
323 0.413732 0.457423 0.051937 0.018360
259 0.411532 0.413422 0.058979 0.018360
74 0.264305 0.814340 0.013644 0.018677
980 0.049076 0.869737 0.020687 0.018677
88 0.799296 0.655429 0.024648 0.018677
72 0.049736 0.391738 0.030810 0.018677
122 0.264525 0.833650 0.030810 0.018677
98 0.189701 0.705128 0.045775 0.018677
1002 0.474912 0.361982 0.058099 0.018677
117 0.725792 0.636277 0.018486 0.018993
120 0.727333 0.768281 0.019806 0.018993
83 0.484155 0.921811 0.026408 0.018993
1406 0.271347 0.537828 0.032130 0.018993
52 0.189261 0.493511 0.039613 0.018993
111 0.486576 0.232669 0.046215 0.018993
683 0.119278 0.870529 0.053697 0.018993
85 0.198944 0.718740 0.008803 0.019310
128 0.566901 0.193732 0.008803 0.019626
107 0.053477 0.798037 0.010123 0.019626
85 0.124560 0.603672 0.011444 0.019626
76 0.636004 0.873378 0.016725 0.019626
76 0.125880 0.243115 0.022007 0.019626
1083 0.125880 0.506489 0.022887 0.019626
88 0.110475 0.925609 0.023768 0.019626
74 0.196963 0.236467 0.024208 0.019626
62 0.642386 0.465337 0.024208 0.019626
75 0.727333 0.725546 0.025088 0.019626
88 0.126761 0.745489 0.030810 0.019626
68 0.718090 0.835708 0.034771 0.019626
51 0.058539 0.756885 0.035211 0.019626
2489 0.648548 0.265274 0.040933 0.019626
252 0.343090 0.316081 0.033891 0.019943
91 0.723812 0.355334 0.044454 0.019943
117 0.414833 0.188351 0.011004 0.020260
111 0.198063 0.757518 0.014965 0.020260
72 0.726232 0.475150 0.021127 0.020260
85 0.267386 0.924027 0.024208 0.020260
87 0.268046 0.594175 0.034331 0.020260
52 0.553257 0.861349 0.038732 0.020260
69 0.408451 0.785692 0.045775 0.020260
1005 0.801496 0.533080 0.053697 0.020260
111 0.336708 0.683286 0.015845 0.020576
56 0.194322 0.161602 0.016285 0.020576
88 0.267826 0.248338 0.018926 0.020576
2677 0.335387 0.732669 0.022007 0.020576
87 0.414393 0.848528 0.033011 0.020576
83 0.260123 0.766540 0.033451 0.020576
126 0.413732 0.476891 0.036972 0.020576
1214 0.413512 0.692783 0.037412 0.020576
501 0.811400 0.237575 0.041813 0.020576
66 0.415053 0.317189 0.017606 0.020893
78 0.124560 0.888572 0.024648 0.020893
83 0.716329 0.923393 0.030370 0.020893
88 0.054577 0.719531 0.030810 0.020893
1406 0.808979 0.359291 0.036092 0.020893
108 0.475132 0.477999 0.043574 0.020893
2423 0.200044 0.407724 0.049736 0.020893
92 0.723371 0.557930 0.016285 0.021209
62 0.339129 0.556347 0.025088 0.021209
83 0.401188 0.887464 0.037412 0.021209
89 0.722271 0.583571 0.046655 0.021209
120 0.057658 0.774929 0.014965 0.021526
87 0.185739 0.903134 0.023768 0.021526
2489 0.196743 0.536879 0.033451 0.021526
107 0.056118 0.350902 0.013644 0.021842
60 0.341769 0.625356 0.018926 0.021842
87 0.340009 0.606363 0.025968 0.021842
51 0.125880 0.222697 0.032570 0.021842
98 0.050616 0.186926 0.040493 0.021842
1002 0.644806 0.163501 0.062500 0.021842
107 0.806338 0.282368 0.014965 0.022159
120 0.729754 0.451092 0.015845 0.022159
60 0.122799 0.546692 0.019366 0.022159
88 0.193662 0.430199 0.020246 0.022159
51 0.053697 0.162393 0.022887 0.022159
111 0.050176 0.246914 0.036092 0.022159
52 0.479754 0.322570 0.039613 0.022159
98 0.185960 0.513454 0.047095 0.022159
113 0.806558 0.163976 0.048856 0.022159
85 0.345731 0.261633 0.010123 0.022475
60 0.730194 0.512346 0.018486 0.022475
323 0.555678 0.734884 0.050616 0.022475
113 0.563820 0.369896 0.051056 0.022475
495 0.639305 0.288857 0.063820 0.022475
85 0.267165 0.459323 0.009683 0.022792
85 0.570643 0.545742 0.011004 0.022792
107 0.408451 0.825261 0.014965 0.022792
107 0.559199 0.838873 0.016285 0.022792
92 0.566681 0.339031 0.017165 0.022792
83 0.116417 0.846470 0.043574 0.022792
83 0.118178 0.668883 0.044454 0.022792
72 0.339349 0.191516 0.045775 0.022792
259 0.563160 0.686610 0.050616 0.022792
85 0.343310 0.533555 0.013204 0.023109
111 0.125000 0.405666 0.014085 0.023109
58 0.188820 0.927350 0.014085 0.023109
60 0.261004 0.874169 0.017606 0.023109
88 0.055238 0.411997 0.021567 0.023109
83 0.562280 0.572808 0.032130 0.023109
4377 0.646567 0.566793 0.039613 0.023109
91 0.404930 0.770339 0.048415 0.023109
111 0.261664 0.781893 0.018046 0.023425
120 0.568002 0.486863 0.019806 0.023425
1296 0.333627 0.873378 0.022007 0.023425
126 0.127421 0.198164 0.028609 0.023425
72 0.555458 0.916429 0.032570 0.023425
55 0.265625 0.802786 0.038292 0.023425
91 0.340229 0.301994 0.043134 0.023425
123 0.636004 0.853593 0.009683 0.023742
85 0.123239 0.458848 0.012324 0.023742
111 0.807658 0.335074 0.018486 0.023742
278 0.414393 0.436056 0.020687 0.023742
83 0.262984 0.899494 0.026849 0.023742
327 0.050616 0.572808 0.035211 0.023742
287 0.476452 0.589269 0.055018 0.023742
2597 0.124340 0.350427 0.027729 0.024058
88 0.724692 0.792339 0.027729 0.024058
1214 0.803257 0.575815 0.036092 0.024058
51 0.560960 0.470402 0.040933 0.024058
91 0.801717 0.559038 0.042694 0.024058
119 0.417694 0.210984 0.021127 0.024375
83 0.336268 0.508230 0.025528 0.024375
1406 0.646787 0.543052 0.029489 0.024375
126 0.267606 0.434789 0.045775 0.024375
91 0.637544 0.406933 0.047975 0.024375
71 0.642606 0.728553 0.051056 0.024375
85 0.193882 0.476733 0.010123 0.024691
330 0.125660 0.722064 0.028609 0.024691
59 0.569102 0.411206 0.029049 0.024691
4377 0.335607 0.706869 0.036532 0.024691
91 0.051937 0.550491 0.038732 0.024691
91 0.193442 0.631212 0.039173 0.024691
51 0.340889 0.361823 0.040053 0.024691
1559 0.194982 0.455524 0.042254 0.024691
529 0.198504 0.782843 0.044014 0.024691
85 0.483495 0.866255 0.011004 0.025008
69 0.201805 0.561728 0.018046 0.025008
104 0.193882 0.654163 0.033891 0.025008
683 0.054357 0.736784 0.043574 0.025008
3204 0.130062 0.767806 0.043574 0.025008
119 0.814481 0.177588 0.017165 0.025324
278 0.560299 0.711934 0.022007 0.025324
88 0.340889 0.340298 0.026849 0.025324
718 0.334067 0.898386 0.027289 0.025324
3025 0.807658 0.433682 0.036092 0.025324
560 0.057658 0.467553 0.036092 0.025324
82 0.724032 0.864514 0.040493 0.025324
1560 0.421875 0.166825 0.047975 0.025324
85 0.334727 0.798829 0.008363 0.025641
83 0.724472 0.261000 0.026408 0.025641
83 0.478873 0.726021 0.035211 0.025641
91 0.190801 0.322729 0.035651 0.025641
2605 0.055458 0.701171 0.029049 0.025958
691 0.571083 0.634695 0.040053 0.025958
2820 0.193442 0.299778 0.040933 0.025958
1419 0.197403 0.345679 0.041813 0.025958
91 0.804798 0.408674 0.044454 0.025958
127 0.348592 0.284267 0.051056 0.025958
121 0.196523 0.260051 0.018926 0.026274
86 0.204886 0.668408 0.020687 0.026274
127 0.204886 0.741216 0.047975 0.026274
68 0.343530 0.579297 0.006602 0.026591
119 0.725352 0.655904 0.014085 0.026591
2598 0.195643 0.211776 0.016285 0.026591
66 0.566021 0.170307 0.019366 0.026591
88 0.414393 0.712884 0.025968 0.026591
562 0.051276 0.657170 0.030370 0.026591
51 0.478433 0.677113 0.038732 0.026591
105 0.482835 0.808167 0.040493 0.026591
111 0.718750 0.410256 0.043134 0.026591
2709 0.124340 0.692783 0.028609 0.026907
84 0.805678 0.309750 0.030370 0.026907
83 0.560519 0.662393 0.033891 0.026907
83 0.263204 0.513612 0.043134 0.026907
51 0.727333 0.538620 0.045335 0.026907
1931 0.484155 0.566793 0.048415 0.026907
85 0.055898 0.440013 0.009683 0.027224
69 0.059859 0.819247 0.016725 0.027224
338 0.264965 0.681545 0.040493 0.027224
98 0.476232 0.345996 0.054577 0.027224
117 0.344410 0.163185 0.012764 0.027540
121 0.264965 0.619342 0.020246 0.027540
971 0.644366 0.624090 0.028169 0.027540
560 0.195863 0.607946 0.039613 0.027540
380 0.729974 0.235992 0.047095 0.027540
3942 0.411532 0.537195 0.030810 0.027857
81 0.477333 0.709402 0.035651 0.027857
126 0.342870 0.916746 0.044014 0.027857
91 0.272007 0.201330 0.050176 0.027857
85 0.482835 0.519310 0.013204 0.028173
4082 0.565361 0.276512 0.028609 0.028173
3735 0.634903 0.680120 0.033011 0.028173
485 0.417254 0.239158 0.035211 0.028173
68 0.479754 0.451884 0.046655 0.028173
85 0.411092 0.389680 0.008803 0.028490
85 0.266945 0.648940 0.011884 0.028490
121 0.263424 0.741057 0.017165 0.028490
93 0.645026 0.311491 0.021567 0.028490
2083 0.121919 0.485280 0.038732 0.028490
1309 0.266285 0.222222 0.046655 0.028490
981 0.052817 0.893796 0.035211 0.028807
71 0.201585 0.186293 0.045775 0.028807
716 0.053257 0.629313 0.025528 0.029123
558 0.637764 0.791706 0.031690 0.029123
4375 0.797535 0.841406 0.036092 0.029123
71 0.339789 0.781260 0.044014 0.029123
98 0.710167 0.750871 0.058539 0.029123
1296 0.412632 0.600981 0.025088 0.029440
90 0.412632 0.293922 0.041813 0.029440
85 0.486576 0.420703 0.011004 0.029756
83 0.635563 0.512504 0.040493 0.029756
2682 0.343530 0.219690 0.043574 0.029756
316 0.128961 0.177271 0.047535 0.029756
3027 0.813380 0.384932 0.047535 0.029756
4116 0.490537 0.388097 0.025088 0.030389
1917 0.483055 0.895853 0.028609 0.030389
1444 0.410211 0.742640 0.041373 0.030389
752 0.410431 0.914530 0.049736 0.030389
718 0.414173 0.632004 0.029049 0.030706
316 0.722271 0.817822 0.061620 0.030706
68 0.640405 0.897436 0.007042 0.031022
119 0.570643 0.439380 0.018926 0.031022
47 0.492298 0.493827 0.033011 0.031022
1354 0.409111 0.506173 0.036532 0.031022
613 0.648548 0.345996 0.042694 0.031022
485 0.724032 0.615385 0.044014 0.031022
1456 0.725132 0.684710 0.053257 0.031022
68 0.416153 0.873219 0.005722 0.031339
1296 0.484375 0.171098 0.020687 0.031339
1381 0.644586 0.598132 0.045335 0.031339
610 0.799076 0.683286 0.050616 0.031339
68 0.645467 0.489079 0.007482 0.031656
118 0.559199 0.887306 0.010123 0.031656
1880 0.200044 0.826211 0.023327 0.031656
648 0.728873 0.327002 0.024648 0.031656
47 0.133583 0.915796 0.028609 0.031656
2396 0.644806 0.436847 0.042254 0.031656
68 0.412192 0.569167 0.005722 0.032289
56 0.122359 0.628680 0.017606 0.032289
83 0.337588 0.405825 0.024648 0.032289
4193 0.266725 0.167142 0.036972 0.032289
975 0.733055 0.294397 0.040053 0.032289
3322 0.805458 0.503799 0.029930 0.032605
3836 0.339789 0.440171 0.038732 0.032605
1551 0.055238 0.597024 0.033011 0.032922
1309 0.053477 0.524850 0.040053 0.032922
91 0.057879 0.502691 0.043574 0.032922
68 0.122799 0.832384 0.003521 0.033238
118 0.265405 0.711143 0.022887 0.033238
1354 0.634903 0.838082 0.033891 0.033238
322 0.795335 0.876543 0.055458 0.033555
68 0.803917 0.769389 0.006602 0.033871
83 0.566241 0.309275 0.022447 0.034188
1584 0.808759 0.207661 0.025968 0.034188
1584 0.643926 0.376068 0.028169 0.034188
718 0.487456 0.203862 0.028609 0.034188
1785 0.123019 0.376385 0.033891 0.034188
1185 0.812720 0.261792 0.044454 0.034188
68 0.478653 0.660177 0.003961 0.034505
68 0.266725 0.303419 0.007042 0.034505
47 0.484815 0.837765 0.033891 0.034505
1392 0.729533 0.204337 0.040053 0.034505
68 0.195202 0.378601 0.006602 0.034821
68 0.267386 0.856284 0.006602 0.035454
4528 0.478213 0.749921 0.024208 0.035454
4328 0.477553 0.783159 0.041373 0.035454
282 0.648768 0.232827 0.038732 0.035771
975 0.570643 0.519310 0.040053 0.035771
1281 0.125220 0.575340 0.041813 0.035771
1208 0.474032 0.621241 0.051056 0.035771
58 0.049296 0.839190 0.022887 0.036087
1831 0.343970 0.654004 0.029489 0.036087
1142 0.558979 0.767965 0.046655 0.036087
85 0.734815 0.166983 0.010123 0.036404
1831 0.802597 0.806901 0.035651 0.036720
4240 0.727993 0.379550 0.036092 0.036720
1870 0.801276 0.630263 0.062940 0.036720
3435 0.805898 0.466287 0.030810 0.037354
1142 0.273768 0.563311 0.048415 0.037670
1551 0.338028 0.476100 0.034331 0.037987
1578 0.650088 0.194049 0.032570 0.038620
69 0.422095 0.364831 0.019366 0.038936
1396 0.261444 0.374327 0.050176 0.038936
296 0.057218 0.211143 0.022887 0.039253
68 0.203565 0.904242 0.005722 0.039569
1273 0.054577 0.279994 0.029049 0.039569
1309 0.569322 0.603355 0.051496 0.039886
1125 0.798195 0.914688 0.034771 0.040203
1281 0.263424 0.409307 0.028609 0.042418
505 0.267826 0.332067 0.029489 0.042418
58 0.269366 0.481798 0.036092 0.042418
68 0.199384 0.827477 0.029049 0.046850
68 0.122359 0.418645 0.026408 0.048433
287 0.045555 0.901235 0.046215 0.048750
296 0.564261 0.234410 0.030810 0.054131
