246 0.474891 0.455487 0.044760 0.005521
92 0.477893 0.917184 0.022380 0.006211
92 0.076965 0.709800 0.032751 0.008282
57 0.729803 0.911491 0.032751 0.009317
92 0.722707 0.570566 0.029476 0.010007
92 0.560044 0.689441 0.029476 0.010352
92 0.641648 0.145963 0.027838 0.011042
92 0.231987 0.518288 0.029476 0.011042
1415 0.013646 0.892685 0.015284 0.011732
92 0.724072 0.757591 0.027838 0.012077
120 0.556496 0.916149 0.016921 0.012422
101 0.079694 0.548309 0.045852 0.012422
128 0.073417 0.769669 0.012555 0.012767
92 0.232806 0.170635 0.027838 0.012767
92 0.156386 0.400104 0.032205 0.012767
56 0.158024 0.517426 0.012555 0.013458
72 0.312773 0.905280 0.021834 0.013458
93 0.019651 0.492926 0.026201 0.013458
93 0.082969 0.660801 0.049127 0.013803
56 0.558133 0.906315 0.013646 0.014148
91 0.801583 0.910455 0.033297 0.014148
76 0.394105 0.899931 0.017467 0.014493
92 0.155022 0.639061 0.031659 0.014493
547 0.076146 0.870428 0.039847 0.014838
88 0.234716 0.364562 0.021834 0.015528
88 0.725164 0.716184 0.024563 0.015528
57 0.813592 0.660628 0.036572 0.015528
91 0.010917 0.911663 0.010917 0.015873
119 0.395197 0.913389 0.014192 0.015873
120 0.400928 0.791925 0.020197 0.015873
56 0.233897 0.504313 0.015830 0.016218
62 0.723799 0.353865 0.018559 0.016218
88 0.641648 0.768116 0.020197 0.016563
120 0.314683 0.651311 0.014738 0.016908
120 0.233079 0.859386 0.017467 0.016908
111 0.009007 0.869220 0.004913 0.017253
88 0.397926 0.744997 0.020742 0.017253
88 0.804312 0.812974 0.021288 0.017253
66 0.477620 0.881988 0.022926 0.017253
62 0.723799 0.800552 0.024017 0.017253
91 0.394924 0.187026 0.032205 0.017253
101 0.077784 0.646653 0.047489 0.017253
64 0.725437 0.179262 0.024017 0.017598
52 0.313319 0.697205 0.038210 0.017598
88 0.011463 0.724293 0.010917 0.017943
88 0.480622 0.592823 0.023472 0.017943
88 0.153384 0.380952 0.026201 0.017943
92 0.721889 0.839890 0.028930 0.017943
88 0.314410 0.810904 0.036026 0.017943
110 0.012555 0.346618 0.013100 0.018288
120 0.397107 0.291408 0.020197 0.018288
88 0.312500 0.542961 0.020197 0.018288
88 0.560862 0.835231 0.020197 0.018288
83 0.070688 0.891822 0.020197 0.018288
120 0.152293 0.839717 0.020742 0.018288
88 0.471889 0.833161 0.038755 0.018288
57 0.812500 0.120945 0.072598 0.018288
123 0.719432 0.894755 0.019651 0.018634
91 0.235535 0.676674 0.030022 0.018634
102 0.401201 0.811594 0.049127 0.018634
88 0.151474 0.127502 0.036572 0.018979
1645 0.073417 0.912181 0.038755 0.018979
98 0.309498 0.715839 0.045852 0.018979
70 0.014738 0.595583 0.017467 0.019324
91 0.560862 0.155625 0.034389 0.019324
52 0.721343 0.736370 0.043122 0.019324
91 0.642194 0.590235 0.035480 0.019669
91 0.641921 0.283471 0.036026 0.019669
495 0.472707 0.618185 0.050218 0.019669
76 0.804585 0.139406 0.016376 0.020014
56 0.236627 0.124569 0.016921 0.020014
88 0.561681 0.451001 0.028384 0.020014
72 0.719705 0.776743 0.042031 0.020014
102 0.234989 0.321256 0.058406 0.020014
76 0.235262 0.843858 0.016376 0.020359
76 0.803493 0.280366 0.022926 0.020359
83 0.147926 0.212733 0.026201 0.020359
91 0.074509 0.492754 0.032205 0.020704
258 0.477893 0.195307 0.044214 0.020704
76 0.073417 0.754831 0.015830 0.021049
85 0.805131 0.454624 0.016376 0.021049
120 0.560590 0.351794 0.020742 0.021049
72 0.150928 0.712043 0.043122 0.021049
76 0.645469 0.679434 0.015830 0.021394
76 0.157478 0.575914 0.016921 0.021394
596 0.072052 0.848171 0.026201 0.021394
91 0.476255 0.718081 0.032205 0.021394
91 0.723526 0.203244 0.033297 0.021394
111 0.072052 0.157177 0.015284 0.021739
120 0.313592 0.152692 0.018013 0.021739
2151 0.394105 0.626467 0.048035 0.021739
366 0.151474 0.664424 0.048581 0.021739
88 0.012828 0.370255 0.013646 0.022084
120 0.724345 0.820911 0.017467 0.022084
64 0.155568 0.620428 0.026201 0.022084
126 0.312227 0.858868 0.036026 0.022084
979 0.644651 0.223948 0.048035 0.022084
85 0.396561 0.444272 0.014738 0.022429
111 0.478439 0.695825 0.020197 0.022429
111 0.312500 0.757074 0.016921 0.022774
52 0.393013 0.464113 0.036026 0.022774
495 0.310590 0.630435 0.051310 0.022774
120 0.012555 0.220324 0.008734 0.023119
88 0.640284 0.858006 0.025109 0.023119
52 0.397107 0.574707 0.037664 0.023119
1114 0.234716 0.882505 0.042576 0.023119
1214 0.642467 0.126121 0.043668 0.023119
67 0.406659 0.272084 0.048035 0.023119
85 0.156932 0.754313 0.020197 0.023464
111 0.471889 0.433747 0.022380 0.023464
66 0.155841 0.335404 0.027838 0.023464
96 0.402020 0.247067 0.054039 0.023464
95 0.396834 0.598516 0.038210 0.023810
58 0.231714 0.345928 0.044214 0.023810
318 0.641103 0.167184 0.051856 0.023810
85 0.314138 0.673223 0.013646 0.024155
126 0.724618 0.511387 0.031114 0.024155
126 0.559771 0.611801 0.036572 0.024155
88 0.640557 0.376812 0.040939 0.024155
68 0.232806 0.480676 0.044214 0.024155
127 0.157478 0.357143 0.049672 0.024155
96 0.079967 0.789165 0.050764 0.024155
66 0.013100 0.131988 0.012009 0.024500
92 0.013373 0.292098 0.013646 0.024500
64 0.557860 0.402864 0.028384 0.024500
126 0.234989 0.792788 0.030022 0.024500
76 0.010098 0.448585 0.009279 0.024845
85 0.478439 0.413043 0.013646 0.024845
126 0.155022 0.270876 0.027293 0.024845
4256 0.642740 0.615942 0.042031 0.024845
541 0.805404 0.789855 0.045306 0.024845
1424 0.314410 0.179779 0.049127 0.024845
325 0.557860 0.183920 0.050218 0.024845
127 0.478439 0.902001 0.050764 0.024845
57 0.158024 0.554520 0.056223 0.024845
107 0.011190 0.573326 0.010371 0.025190
85 0.315502 0.737233 0.010917 0.025190
1887 0.012282 0.848344 0.013646 0.025190
3053 0.073417 0.627157 0.019105 0.025190
92 0.155295 0.494306 0.026747 0.025190
68 0.308406 0.909420 0.030568 0.025190
126 0.312773 0.341787 0.033843 0.025190
126 0.563046 0.275535 0.038755 0.025190
121 0.234989 0.568841 0.046397 0.025190
928 0.231168 0.912181 0.047489 0.025190
4082 0.013100 0.421325 0.015284 0.025535
76 0.477347 0.476536 0.018013 0.025535
76 0.563865 0.331953 0.019651 0.025535
88 0.562773 0.374051 0.025109 0.025535
86 0.246452 0.588682 0.036572 0.025535
1479 0.151201 0.814700 0.041485 0.025535
95 0.149563 0.187716 0.042576 0.025535
885 0.076965 0.292271 0.052402 0.025535
85 0.394924 0.851794 0.015830 0.025880
2593 0.073144 0.186853 0.028384 0.025880
75 0.161572 0.882505 0.036026 0.025880
3028 0.231987 0.819358 0.044760 0.025880
111 0.010917 0.392685 0.009825 0.026225
119 0.011463 0.699448 0.009825 0.026225
121 0.015557 0.469634 0.019105 0.026225
88 0.151201 0.860939 0.024017 0.026225
118 0.236354 0.151139 0.029476 0.026225
78 0.803766 0.573844 0.030022 0.026225
62 0.799672 0.337819 0.034934 0.026225
51 0.476801 0.358178 0.035480 0.026225
126 0.474891 0.740166 0.037118 0.026225
2412 0.153384 0.909248 0.041485 0.026225
95 0.558952 0.512767 0.042576 0.026225
1448 0.232533 0.263285 0.043668 0.026225
3028 0.560317 0.304348 0.048581 0.026225
1809 0.318504 0.785369 0.050764 0.026225
316 0.313319 0.836784 0.055677 0.026225
85 0.397926 0.548137 0.019651 0.026570
126 0.721889 0.265528 0.028930 0.026570
87 0.395197 0.352830 0.038210 0.026570
2262 0.803493 0.758627 0.043668 0.026570
363 0.722707 0.125776 0.048035 0.026570
2169 0.313046 0.884576 0.050764 0.026570
127 0.806496 0.363872 0.054039 0.026570
68 0.396834 0.826432 0.010917 0.026915
1455 0.013373 0.193582 0.014738 0.026915
870 0.014465 0.547274 0.015830 0.026915
870 0.722707 0.692892 0.033843 0.026915
2710 0.072598 0.320566 0.046943 0.026915
978 0.643559 0.528295 0.046943 0.026915
1357 0.640011 0.473430 0.048581 0.026915
607 0.638373 0.908903 0.050764 0.026915
1424 0.015557 0.516391 0.020197 0.027260
126 0.801583 0.197895 0.032205 0.027260
1770 0.231168 0.197895 0.054039 0.027260
85 0.157205 0.688061 0.013100 0.027605
119 0.157478 0.533126 0.014738 0.027605
870 0.315229 0.209800 0.036572 0.027605
2233 0.396561 0.128019 0.042031 0.027605
95 0.394105 0.488958 0.043668 0.027605
127 0.560317 0.668737 0.054039 0.027605
918 0.014465 0.752415 0.015830 0.027950
119 0.805950 0.255866 0.021288 0.027950
118 0.239083 0.423568 0.025109 0.027950
1887 0.073417 0.130262 0.038755 0.027950
4046 0.392194 0.880090 0.048581 0.027950
1161 0.235808 0.650276 0.049127 0.027950
96 0.484170 0.501898 0.057860 0.027950
53 0.803493 0.547619 0.016376 0.028295
62 0.313865 0.128019 0.028384 0.028295
1428 0.075873 0.260524 0.038210 0.028295
3940 0.311954 0.569358 0.038755 0.028295
2714 0.305677 0.311939 0.040393 0.028295
2233 0.803493 0.395445 0.040393 0.028295
1159 0.150109 0.158040 0.044760 0.028295
1821 0.640830 0.194962 0.045852 0.028295
68 0.802948 0.230159 0.045852 0.028295
1424 0.724618 0.659420 0.047489 0.028295
127 0.152566 0.734990 0.047489 0.028295
127 0.727893 0.373016 0.054039 0.028295
121 0.561954 0.429607 0.054039 0.028295
92 0.640011 0.883195 0.019105 0.028640
71 0.016103 0.783126 0.020197 0.028640
1354 0.554312 0.643030 0.045306 0.028640
2423 0.476255 0.771049 0.045306 0.028640
3098 0.477074 0.225155 0.052402 0.028640
2490 0.641648 0.739648 0.054039 0.028640
68 0.157205 0.589372 0.032751 0.028986
509 0.479531 0.567978 0.035480 0.028986
2169 0.475710 0.859903 0.044214 0.028986
564 0.231441 0.764320 0.046943 0.028986
607 0.640284 0.308834 0.052402 0.028986
296 0.398472 0.654934 0.027293 0.029676
4408 0.391921 0.772257 0.043668 0.029676
1644 0.723526 0.155625 0.049672 0.029676
1161 0.560044 0.128019 0.052402 0.029676
119 0.481987 0.637164 0.017467 0.030021
253 0.475983 0.806246 0.034934 0.030021
98 0.073690 0.731366 0.039301 0.030021
490 0.400655 0.718599 0.041485 0.030021
102 0.487172 0.129572 0.052948 0.030021
1887 0.555950 0.714458 0.052948 0.030021
4768 0.722707 0.479641 0.049127 0.030366
60 0.804585 0.636473 0.016376 0.030711
71 0.243996 0.448068 0.041485 0.030711
1279 0.398199 0.160283 0.045306 0.030711
3298 0.236081 0.733437 0.048581 0.030711
1385 0.308679 0.418392 0.050764 0.030711
1602 0.721070 0.869393 0.054585 0.030711
68 0.547216 0.880262 0.034389 0.031056
3192 0.313319 0.244306 0.040393 0.031056
2233 0.642194 0.500000 0.042031 0.031056
2525 0.312227 0.450656 0.043668 0.031056
2525 0.073963 0.688061 0.045306 0.031056
4051 0.074509 0.571084 0.047489 0.031056
3135 0.479803 0.328502 0.052402 0.031056
119 0.479258 0.384921 0.017467 0.031401
1352 0.556496 0.579883 0.033297 0.031401
3192 0.721889 0.330055 0.036572 0.031401
1119 0.396015 0.686853 0.039847 0.031401
2425 0.805950 0.427019 0.045306 0.031401
1777 0.560044 0.747585 0.048035 0.031401
616 0.075328 0.820738 0.049127 0.031401
58 0.073417 0.597654 0.023472 0.031746
928 0.637282 0.826087 0.051856 0.031746
325 0.235808 0.700828 0.054585 0.031746
51 0.233079 0.393202 0.036026 0.032091
1498 0.151747 0.783816 0.044760 0.032091
4431 0.640284 0.345238 0.046943 0.032091
922 0.309498 0.516046 0.046943 0.032091
4778 0.156932 0.463596 0.051856 0.032091
68 0.806769 0.482402 0.010917 0.032436
51 0.233624 0.541063 0.031659 0.032436
1373 0.800218 0.841960 0.045852 0.032436
541 0.073963 0.521739 0.048581 0.032436
68 0.073417 0.384231 0.010371 0.032781
69 0.018013 0.320393 0.019651 0.032781
58 0.801583 0.164769 0.025655 0.032781
1396 0.155841 0.429434 0.045306 0.032781
1385 0.638919 0.796239 0.049672 0.032781
1385 0.478439 0.257937 0.050764 0.032781
564 0.554312 0.248275 0.051856 0.032781
607 0.233897 0.617495 0.054039 0.032781
83 0.802402 0.515528 0.015284 0.033126
2525 0.475710 0.296066 0.049672 0.033126
1579 0.395742 0.321256 0.051310 0.033126
1159 0.561408 0.480331 0.051856 0.033126
1777 0.558679 0.811939 0.051856 0.033126
68 0.012555 0.161663 0.004367 0.033471
2746 0.153657 0.242409 0.039847 0.033471
1158 0.476528 0.534334 0.043668 0.033471
3298 0.562773 0.212043 0.057860 0.033471
83 0.232806 0.230849 0.013646 0.033816
83 0.722434 0.625604 0.013646 0.033816
4086 0.075055 0.353002 0.044214 0.033816
1539 0.014192 0.665459 0.016376 0.034161
68 0.481714 0.667357 0.009279 0.034507
83 0.071234 0.417529 0.013646 0.034507
2412 0.013373 0.817115 0.015830 0.034507
83 0.310590 0.278468 0.016376 0.034507
119 0.644924 0.704279 0.016921 0.034507
68 0.725983 0.591615 0.006550 0.034852
70 0.232533 0.296929 0.024017 0.034852
1158 0.800491 0.879400 0.044214 0.034852
83 0.558679 0.543823 0.014738 0.035197
119 0.395197 0.385093 0.019651 0.035197
2683 0.643013 0.250518 0.043668 0.035197
3199 0.722434 0.404417 0.050764 0.035197
68 0.479258 0.164769 0.009825 0.035542
1279 0.642740 0.560214 0.047489 0.035542
325 0.558406 0.779676 0.049127 0.035542
83 0.641648 0.440994 0.013646 0.035887
1385 0.394651 0.418219 0.050218 0.035887
1502 0.074782 0.223430 0.039301 0.036232
1418 0.396561 0.217564 0.040939 0.036232
68 0.644924 0.406142 0.010371 0.036577
119 0.319869 0.598689 0.022926 0.036577
2674 0.152293 0.304693 0.043668 0.036577
2144 0.801583 0.604900 0.048581 0.036577
2250 0.723799 0.299862 0.049127 0.036577
119 0.801583 0.310214 0.024563 0.037267
296 0.723526 0.231539 0.028930 0.037267
1831 0.396015 0.523119 0.044214 0.037267
4090 0.722707 0.542961 0.052402 0.037612
1783 0.557860 0.867840 0.045852 0.037957
1812 0.071507 0.457729 0.037118 0.038302
68 0.805404 0.723775 0.007096 0.039683
911 0.640011 0.649931 0.049672 0.039683
47 0.013100 0.625259 0.013100 0.040718
4438 0.310317 0.379917 0.043122 0.042098
296 0.724072 0.442719 0.042031 0.044859
296 0.014192 0.255694 0.015284 0.046929
