128 0.488814 0.312198 0.010067 0.008270
92 0.157438 0.466575 0.029642 0.009649
92 0.403803 0.331151 0.025727 0.011027
92 0.904083 0.426258 0.028523 0.011027
56 0.973154 0.168332 0.010067 0.011371
92 0.323546 0.407650 0.029642 0.011716
88 0.158557 0.908339 0.035235 0.011716
128 0.738814 0.277223 0.007830 0.012061
56 0.241331 0.666265 0.015101 0.012061
92 0.975112 0.453997 0.018456 0.012061
92 0.651566 0.563921 0.030201 0.012061
92 0.320190 0.299966 0.031879 0.012061
93 0.245805 0.183839 0.046421 0.012061
101 0.237136 0.167471 0.042506 0.012405
56 0.239933 0.559786 0.014541 0.012750
56 0.407718 0.597691 0.014541 0.012750
56 0.321868 0.578394 0.016219 0.012750
92 0.487696 0.418332 0.033557 0.013094
56 0.737975 0.884045 0.017338 0.013439
93 0.578859 0.297726 0.043624 0.013784
56 0.735459 0.135424 0.014541 0.014473
88 0.408277 0.908339 0.035794 0.014473
101 0.737975 0.150241 0.038591 0.014473
56 0.488814 0.787905 0.012304 0.014817
92 0.736018 0.590455 0.034676 0.014817
56 0.485738 0.167815 0.017338 0.015162
76 0.653523 0.455548 0.018456 0.015162
52 0.148770 0.186768 0.045861 0.015162
101 0.734340 0.515507 0.050336 0.015162
56 0.654362 0.167988 0.013423 0.015507
56 0.736298 0.498966 0.016219 0.015851
88 0.736298 0.324259 0.019575 0.015851
85 0.735459 0.258098 0.022371 0.015851
64 0.323826 0.626465 0.025727 0.015851
101 0.238814 0.574431 0.042506 0.015851
56 0.151846 0.202102 0.016219 0.016196
72 0.904083 0.138008 0.022931 0.016196
88 0.238255 0.381806 0.020134 0.016540
57 0.333613 0.444521 0.035235 0.016540
93 0.498043 0.799793 0.043065 0.016540
499 0.900447 0.263956 0.046980 0.016540
66 0.157718 0.872674 0.016779 0.016885
72 0.240213 0.588043 0.022931 0.016885
62 0.572707 0.255858 0.025727 0.016885
88 0.973434 0.316334 0.015101 0.017229
1406 0.486577 0.619917 0.032438 0.017229
117 0.404083 0.136285 0.017338 0.017574
101 0.972595 0.439524 0.027964 0.017574
57 0.661913 0.254135 0.040828 0.017574
724 0.491331 0.821675 0.046421 0.017574
120 0.403244 0.262578 0.017897 0.017919
120 0.651566 0.179876 0.022371 0.017919
101 0.970917 0.183322 0.025727 0.017919
88 0.406040 0.378360 0.034676 0.017919
113 0.567953 0.629910 0.046421 0.017919
88 0.572707 0.234493 0.021253 0.018263
81 0.817394 0.412646 0.035235 0.018263
93 0.414989 0.580117 0.035794 0.018263
120 0.567673 0.849759 0.015660 0.018608
88 0.243568 0.847347 0.025168 0.018608
88 0.650168 0.657822 0.036353 0.018608
62 0.904362 0.157650 0.017897 0.018952
76 0.482383 0.184873 0.018456 0.018952
88 0.737136 0.716230 0.021253 0.018952
72 0.402405 0.712784 0.037472 0.018952
72 0.814318 0.388181 0.043624 0.018952
52 0.155201 0.660062 0.044183 0.018952
85 0.491611 0.870434 0.013423 0.019297
88 0.739094 0.478291 0.020694 0.019297
88 0.404362 0.281530 0.021253 0.019297
72 0.489933 0.746382 0.033557 0.019297
67 0.749161 0.609580 0.043065 0.019297
547 0.408557 0.689180 0.046421 0.019297
120 0.156600 0.891282 0.020134 0.019642
60 0.236298 0.685562 0.037472 0.019642
547 0.571309 0.209338 0.044183 0.019642
2151 0.818792 0.227257 0.048098 0.019642
120 0.487416 0.495520 0.015101 0.019986
76 0.237696 0.401447 0.016779 0.019986
123 0.322427 0.426602 0.017338 0.019986
64 0.650727 0.580634 0.026286 0.019986
91 0.237416 0.799449 0.031879 0.019986
85 0.980145 0.686595 0.010626 0.020331
108 0.650727 0.850965 0.015101 0.020331
64 0.567673 0.875086 0.019016 0.020331
111 0.567673 0.436768 0.021253 0.020331
91 0.649049 0.605961 0.029642 0.020331
91 0.321588 0.499828 0.032438 0.020331
81 0.483501 0.297209 0.034116 0.020331
87 0.649888 0.876465 0.034676 0.020331
68 0.490213 0.771881 0.007271 0.020675
111 0.487416 0.698484 0.018456 0.020675
88 0.652405 0.203308 0.021812 0.020675
88 0.487696 0.599931 0.023490 0.020675
86 0.747483 0.369745 0.032998 0.020675
88 0.973434 0.262750 0.022931 0.021020
86 0.829698 0.112509 0.038591 0.021020
85 0.652125 0.788766 0.012304 0.021365
120 0.904362 0.178153 0.015660 0.021365
85 0.568512 0.797726 0.016219 0.021365
126 0.978468 0.801516 0.018456 0.021365
107 0.403244 0.187457 0.024609 0.021365
74 0.239653 0.493453 0.025168 0.021365
126 0.822987 0.250861 0.029642 0.021365
88 0.902964 0.542729 0.032998 0.021365
111 0.566555 0.712784 0.019016 0.021709
107 0.903523 0.902309 0.027405 0.021709
91 0.484340 0.547381 0.032438 0.021709
91 0.481544 0.148001 0.034676 0.021709
83 0.316555 0.876465 0.034676 0.021709
53 0.902405 0.727774 0.016219 0.022054
118 0.741051 0.902136 0.021253 0.022054
124 0.815716 0.340799 0.043065 0.022054
109 0.819072 0.728119 0.044183 0.022054
111 0.734899 0.389559 0.020134 0.022398
107 0.155201 0.850276 0.025168 0.022398
633 0.974832 0.777567 0.029083 0.022398
87 0.403244 0.480531 0.031320 0.022398
91 0.322427 0.650758 0.031879 0.022398
1214 0.902964 0.516368 0.040828 0.022398
113 0.567673 0.581151 0.043624 0.022398
1415 0.567953 0.413336 0.048658 0.022398
102 0.156600 0.364059 0.059284 0.022398
119 0.737416 0.169538 0.016219 0.022743
119 0.401846 0.113025 0.022931 0.022743
126 0.406320 0.431427 0.029642 0.022743
91 0.649329 0.348036 0.030201 0.022743
117 0.157159 0.681254 0.032438 0.022743
70 0.732103 0.792557 0.041387 0.022743
68 0.649888 0.147829 0.042506 0.022743
121 0.405201 0.506203 0.043065 0.022743
3022 0.319631 0.114404 0.047539 0.022743
3554 0.904922 0.493453 0.051454 0.022743
60 0.157159 0.773088 0.011186 0.023088
91 0.239094 0.515334 0.031879 0.023088
93 0.332774 0.732081 0.039150 0.023088
2600 0.902405 0.287560 0.039709 0.023088
2223 0.903523 0.404721 0.040828 0.023088
883 0.489933 0.722777 0.041387 0.023088
85 0.236298 0.112336 0.013982 0.023432
119 0.149609 0.112681 0.017338 0.023432
92 0.404922 0.456926 0.023490 0.023432
107 0.239933 0.825293 0.024609 0.023432
126 0.974273 0.567023 0.019016 0.023777
111 0.407998 0.832012 0.019575 0.023777
117 0.323266 0.903687 0.027964 0.023777
126 0.570749 0.147657 0.031879 0.023777
126 0.322707 0.194866 0.032438 0.023777
87 0.817394 0.753446 0.038591 0.023777
683 0.409116 0.857512 0.038591 0.023777
2223 0.321309 0.166609 0.040828 0.023777
547 0.487416 0.270675 0.047539 0.023777
1809 0.408277 0.354066 0.048098 0.023777
74 0.321029 0.254307 0.022371 0.024121
118 0.407438 0.163680 0.024049 0.024121
111 0.235738 0.293246 0.024049 0.024121
88 0.482662 0.208477 0.039150 0.024121
3313 0.401286 0.309097 0.047539 0.024121
1415 0.736857 0.740524 0.053132 0.024121
60 0.817953 0.802033 0.011745 0.024466
126 0.976510 0.661785 0.020134 0.024466
123 0.649888 0.231737 0.022371 0.024466
70 0.154362 0.338215 0.025727 0.024466
713 0.490213 0.675224 0.029642 0.024466
126 0.904083 0.668677 0.031879 0.024466
95 0.903244 0.807547 0.039150 0.024466
2223 0.236577 0.267229 0.041387 0.024466
254 0.902405 0.206926 0.044183 0.024466
3313 0.239094 0.539456 0.046421 0.024466
118 0.159396 0.515507 0.023490 0.024810
87 0.156040 0.799449 0.033557 0.024810
87 0.319911 0.279118 0.035794 0.024810
3022 0.903244 0.348380 0.046980 0.024810
85 0.239094 0.609063 0.015101 0.025155
111 0.734899 0.299276 0.023490 0.025155
107 0.736857 0.768263 0.024049 0.025155
70 0.402405 0.242074 0.026286 0.025155
885 0.972595 0.509132 0.029083 0.025155
87 0.569911 0.489145 0.035794 0.025155
642 0.404922 0.531185 0.038031 0.025155
121 0.485459 0.396795 0.046980 0.025155
3313 0.153523 0.417815 0.055369 0.025155
3053 0.973993 0.414197 0.012864 0.025500
88 0.822707 0.900414 0.013423 0.025500
95 0.970638 0.145417 0.022931 0.025500
118 0.826622 0.671950 0.023490 0.025500
1821 0.567114 0.770503 0.043624 0.025500
68 0.652125 0.435562 0.044743 0.025500
547 0.486577 0.472433 0.048098 0.025500
118 0.816555 0.367505 0.013423 0.025844
119 0.653244 0.476396 0.017897 0.025844
702 0.485179 0.333735 0.039709 0.025844
229 0.150447 0.136285 0.051454 0.025844
121 0.572427 0.277567 0.055369 0.025844
68 0.821868 0.776017 0.006152 0.026189
60 0.571588 0.514473 0.016779 0.026189
1435 0.971197 0.117505 0.021812 0.026189
70 0.567673 0.828050 0.023490 0.026189
1296 0.318792 0.139904 0.040268 0.026189
688 0.409396 0.559269 0.049217 0.026189
119 0.406040 0.616988 0.019016 0.026533
126 0.151566 0.160062 0.030201 0.026533
75 0.333893 0.557719 0.045861 0.026533
2836 0.739374 0.692109 0.057047 0.026533
60 0.150447 0.276706 0.014541 0.026878
58 0.153523 0.386975 0.022931 0.026878
86 0.829698 0.463473 0.037472 0.026878
821 0.491331 0.845279 0.043065 0.026878
68 0.153523 0.486906 0.045302 0.026878
3940 0.240772 0.901447 0.046421 0.026878
1296 0.234899 0.237767 0.048098 0.026878
3022 0.237136 0.206754 0.051454 0.026878
84 0.158557 0.219848 0.052013 0.026878
3313 0.650727 0.405582 0.053132 0.026878
1804 0.654642 0.901792 0.057606 0.026878
68 0.156879 0.604583 0.008389 0.027223
273 0.899329 0.605272 0.036913 0.027223
316 0.155761 0.444349 0.050895 0.027223
3313 0.319911 0.677292 0.053691 0.027223
119 0.977908 0.713301 0.011745 0.027567
119 0.156879 0.824604 0.019575 0.027567
107 0.819631 0.316334 0.025168 0.027567
107 0.570190 0.320469 0.026286 0.027567
3313 0.968680 0.293246 0.032438 0.027567
86 0.248043 0.739490 0.034116 0.027567
95 0.816834 0.140937 0.040828 0.027567
4005 0.151846 0.249483 0.054251 0.027567
68 0.323546 0.317540 0.007271 0.027912
85 0.571029 0.459511 0.020134 0.027912
3313 0.479027 0.523260 0.053132 0.027912
68 0.322987 0.757753 0.006152 0.028256
119 0.975951 0.384907 0.008949 0.028256
2709 0.971477 0.233977 0.025727 0.028256
1428 0.974832 0.478980 0.025727 0.028256
2885 0.735738 0.114748 0.038591 0.028256
68 0.321029 0.707788 0.044743 0.028256
1887 0.405761 0.803928 0.046421 0.028256
1392 0.734340 0.349070 0.051454 0.028256
53 0.569631 0.607340 0.017338 0.028601
76 0.817394 0.492936 0.018456 0.028601
78 0.238535 0.429876 0.028523 0.028601
229 0.972875 0.537388 0.028523 0.028601
3311 0.971477 0.631116 0.034676 0.028601
725 0.568233 0.738973 0.036913 0.028601
726 0.896812 0.638697 0.039709 0.028601
4440 0.242729 0.773777 0.049217 0.028601
1385 0.817394 0.204514 0.050895 0.028601
3735 0.901286 0.700379 0.052013 0.028601
58 0.901286 0.877326 0.018456 0.028946
3053 0.734899 0.568229 0.022371 0.028946
2885 0.483781 0.239145 0.042506 0.028946
2780 0.898490 0.316678 0.050895 0.028946
60 0.402685 0.213473 0.012304 0.029290
119 0.736577 0.538766 0.017897 0.029290
70 0.569631 0.350965 0.027405 0.029290
126 0.651007 0.722777 0.034676 0.029290
87 0.900447 0.780669 0.034676 0.029290
121 0.818512 0.434011 0.036353 0.029290
122 0.566555 0.900586 0.044743 0.029290
1848 0.655761 0.629049 0.046421 0.029290
68 0.736298 0.661613 0.008389 0.029635
68 0.314597 0.851137 0.020694 0.029635
3940 0.975671 0.896623 0.029642 0.029635
121 0.236577 0.711578 0.032438 0.029635
268 0.483781 0.573398 0.038031 0.029635
1799 0.236857 0.354238 0.040828 0.029635
1117 0.234060 0.139559 0.043065 0.029635
3312 0.648490 0.536871 0.050895 0.029635
68 0.901007 0.752068 0.008949 0.029979
1364 0.973993 0.597002 0.027405 0.029979
1296 0.902964 0.379221 0.045302 0.029979
389 0.648490 0.373363 0.050895 0.029979
1400 0.652125 0.318573 0.051454 0.029979
60 0.567953 0.654032 0.013982 0.030324
119 0.737416 0.635079 0.019575 0.030324
273 0.651846 0.284631 0.044183 0.030324
4426 0.899888 0.236389 0.045861 0.030324
4051 0.570190 0.179876 0.047539 0.030324
2599 0.321309 0.527050 0.034116 0.030669
3735 0.319631 0.224156 0.045302 0.030669
71 0.164150 0.541178 0.045302 0.030669
4429 0.155201 0.572881 0.045302 0.030669
803 0.241611 0.642488 0.046980 0.030669
4467 0.817673 0.867505 0.046980 0.030669
353 0.319351 0.471916 0.050336 0.030669
1102 0.732383 0.862681 0.055369 0.030669
975 0.569351 0.685734 0.048098 0.031013
68 0.653523 0.504997 0.006152 0.031358
119 0.408557 0.738284 0.017338 0.031358
3045 0.735738 0.451585 0.047539 0.031358
1576 0.321588 0.821330 0.052573 0.031358
2776 0.235738 0.322364 0.057606 0.031358
68 0.974273 0.202274 0.004474 0.031702
118 0.906600 0.117505 0.023490 0.031702
1385 0.321868 0.383873 0.049776 0.031702
3940 0.491051 0.899552 0.039150 0.032047
54 0.815996 0.527050 0.044743 0.032047
71 0.659676 0.118022 0.045302 0.032047
3315 0.317673 0.787388 0.049217 0.032391
2316 0.482383 0.116127 0.049776 0.032391
83 0.977908 0.865782 0.009508 0.032736
83 0.817114 0.171433 0.015660 0.032736
3735 0.483221 0.364059 0.036913 0.032736
71 0.826063 0.699345 0.041387 0.032736
975 0.734620 0.232771 0.048658 0.032736
3129 0.652964 0.687629 0.050895 0.032736
2776 0.403244 0.405065 0.058166 0.032736
83 0.818233 0.562371 0.015660 0.033081
1886 0.974553 0.830462 0.028523 0.033081
1872 0.486577 0.644383 0.031320 0.033081
1804 0.817673 0.830117 0.050336 0.033081
4091 0.407438 0.883356 0.045302 0.033425
68 0.322987 0.601309 0.007271 0.033770
83 0.155481 0.635079 0.014541 0.033770
83 0.735179 0.197795 0.016219 0.033770
4467 0.570190 0.116816 0.045302 0.033770
322 0.486577 0.440558 0.060403 0.034114
4089 0.155761 0.742591 0.050895 0.034459
1921 0.979027 0.745176 0.021812 0.034804
83 0.902405 0.571330 0.015101 0.035148
83 0.649609 0.819090 0.016219 0.035148
3749 0.648770 0.757064 0.045861 0.035148
47 0.244128 0.871123 0.019575 0.035837
3037 0.818792 0.283253 0.038031 0.035837
4069 0.820470 0.597519 0.051454 0.036527
83 0.319631 0.350276 0.013982 0.036871
1282 0.154922 0.309614 0.048098 0.036871
83 0.236018 0.462440 0.017897 0.037216
2412 0.407998 0.772398 0.041946 0.037560
47 0.162192 0.704170 0.021253 0.038939
282 0.971756 0.349759 0.022931 0.039283
4516 0.901007 0.838904 0.044743 0.039628
83 0.568233 0.548587 0.017897 0.040662
990 0.820749 0.636113 0.034116 0.040662
282 0.406040 0.656616 0.034676 0.041006
1812 0.902405 0.457443 0.036353 0.041695
47 0.741890 0.413336 0.024049 0.044452
47 0.744966 0.818057 0.026846 0.046175
47 0.574944 0.378877 0.025727 0.049276
