246 0.084681 0.688846 0.034043 0.003333
246 0.571277 0.754231 0.040426 0.003333
246 0.081277 0.853333 0.034043 0.003590
246 0.491277 0.423077 0.037021 0.003590
246 0.492766 0.756154 0.038298 0.003590
246 0.491277 0.256538 0.038723 0.004872
246 0.488511 0.624744 0.039149 0.004872
200 0.767234 0.403590 0.017021 0.005128
246 0.248936 0.254744 0.040000 0.006410
154 0.765106 0.438590 0.019574 0.007436
92 0.083191 0.659487 0.025106 0.008205
92 0.573830 0.725385 0.020851 0.009744
92 0.660213 0.430000 0.028511 0.010256
92 0.250213 0.730000 0.022979 0.011795
101 0.410426 0.584744 0.037021 0.012564
92 0.741277 0.787564 0.023830 0.013077
92 0.574681 0.257308 0.025106 0.014103
101 0.164681 0.623205 0.036596 0.014103
102 0.657234 0.751795 0.040426 0.014359
102 0.742128 0.653846 0.036596 0.015385
102 0.163191 0.856795 0.040426 0.016154
2151 0.086170 0.526667 0.034468 0.016410
56 0.489362 0.890769 0.022128 0.017436
495 0.746809 0.389103 0.038298 0.018205
91 0.166809 0.791538 0.028085 0.018462
91 0.493404 0.728205 0.041277 0.018462
113 0.653404 0.850513 0.043830 0.018462
113 0.085106 0.356154 0.036596 0.019487
91 0.497660 0.591923 0.040426 0.019744
91 0.495319 0.391410 0.040851 0.019744
88 0.168511 0.559744 0.020426 0.020000
126 0.739362 0.358462 0.026809 0.020000
88 0.250851 0.527821 0.021702 0.020256
88 0.575319 0.455256 0.022128 0.020256
88 0.163617 0.885128 0.018298 0.021026
1415 0.575532 0.424103 0.033617 0.021026
247 0.572128 0.326282 0.037021 0.021795
3047 0.493404 0.290385 0.045532 0.021795
111 0.578511 0.856154 0.035319 0.022051
316 0.576596 0.356667 0.036596 0.022051
302 0.326809 0.355641 0.045106 0.022051
3047 0.654894 0.824359 0.047660 0.022564
91 0.249362 0.887051 0.040851 0.022821
683 0.166383 0.695256 0.050213 0.022821
60 0.656170 0.359487 0.012766 0.023077
91 0.332979 0.459744 0.041277 0.023077
58 0.741489 0.759359 0.021702 0.023333
111 0.492766 0.358077 0.029787 0.023333
2590 0.737447 0.292692 0.037447 0.023333
87 0.413830 0.258974 0.030213 0.023590
553 0.083617 0.796923 0.038723 0.023590
91 0.573830 0.390385 0.031064 0.023846
978 0.489574 0.458846 0.037872 0.023846
691 0.246170 0.790128 0.043830 0.023846
2489 0.162766 0.356282 0.045532 0.023846
691 0.487660 0.823974 0.045957 0.023846
735 0.493617 0.658462 0.045106 0.024103
91 0.576809 0.889744 0.048085 0.024103
4163 0.082128 0.824231 0.028085 0.024359
107 0.657660 0.652692 0.029362 0.024359
126 0.248085 0.594872 0.024681 0.024615
1799 0.572128 0.689231 0.036170 0.024615
495 0.165319 0.493077 0.051489 0.024615
88 0.161277 0.391923 0.013617 0.024872
70 0.573404 0.525513 0.016596 0.024872
87 0.164043 0.820385 0.035319 0.024872
95 0.574894 0.654487 0.036596 0.024872
91 0.743404 0.492949 0.040000 0.024872
750 0.657021 0.557821 0.040851 0.024872
683 0.246596 0.758333 0.047234 0.024872
3231 0.086170 0.323590 0.035319 0.025128
341 0.572979 0.492821 0.039574 0.025128
56 0.739362 0.826667 0.039574 0.025128
327 0.329362 0.493846 0.054468 0.025128
128 0.660426 0.677821 0.014468 0.025385
111 0.738511 0.852179 0.020851 0.025385
91 0.656170 0.494487 0.028085 0.025385
67 0.495957 0.858846 0.034468 0.025385
60 0.247660 0.498974 0.011915 0.025641
91 0.655106 0.296923 0.027660 0.025641
83 0.407872 0.425128 0.028511 0.025641
102 0.576809 0.551026 0.035319 0.025641
2167 0.250851 0.392051 0.040426 0.025641
529 0.166383 0.289744 0.045106 0.025641
2763 0.491702 0.492051 0.050638 0.025641
505 0.736170 0.260385 0.026383 0.025897
3047 0.082979 0.723974 0.039149 0.025897
121 0.254043 0.692179 0.049362 0.025897
83 0.082979 0.258718 0.027234 0.026154
667 0.656596 0.261538 0.038298 0.026154
667 0.657447 0.459231 0.040000 0.026154
710 0.734468 0.458718 0.048511 0.026154
717 0.741915 0.424487 0.047234 0.026410
111 0.247447 0.856410 0.026809 0.026667
1799 0.330213 0.525897 0.031489 0.026667
3735 0.407234 0.494231 0.037447 0.026923
88 0.410638 0.398462 0.015319 0.027179
4090 0.084468 0.561282 0.031064 0.027179
95 0.085106 0.588718 0.032340 0.027179
111 0.249787 0.322949 0.027234 0.027436
1296 0.080851 0.886282 0.038298 0.027436
971 0.412553 0.329615 0.040426 0.027436
717 0.249362 0.623718 0.062128 0.027436
60 0.744043 0.562308 0.013191 0.027692
717 0.411915 0.527436 0.047660 0.027692
117 0.086170 0.458077 0.024255 0.027949
1354 0.569787 0.823718 0.033191 0.027949
70 0.411064 0.561282 0.022979 0.028205
91 0.657234 0.622564 0.029362 0.028205
1799 0.082766 0.624615 0.034468 0.028205
2197 0.740851 0.325128 0.040851 0.028205
68 0.164255 0.327564 0.007660 0.028974
4090 0.570426 0.627051 0.027660 0.029487
3322 0.250426 0.560897 0.043830 0.029487
667 0.327234 0.427051 0.044255 0.029487
3216 0.077447 0.756923 0.036596 0.029744
1831 0.248723 0.287692 0.042128 0.029744
1312 0.567660 0.292051 0.046809 0.029744
111 0.088723 0.422949 0.026809 0.030000
3322 0.331702 0.389872 0.037872 0.030000
3216 0.236596 0.822692 0.041702 0.030000
505 0.407447 0.291923 0.042128 0.030000
74 0.657447 0.593077 0.028936 0.030256
366 0.411064 0.363846 0.044255 0.030256
91 0.249362 0.426923 0.028085 0.030769
577 0.245532 0.357436 0.040851 0.030769
667 0.164681 0.728590 0.041702 0.031026
2946 0.161489 0.460000 0.042979 0.031282
2426 0.741277 0.624872 0.050213 0.031282
3464 0.490638 0.524744 0.043404 0.031538
111 0.489362 0.563333 0.022128 0.031795
111 0.085532 0.288077 0.030638 0.032051
1584 0.490000 0.792436 0.037872 0.032051
241 0.570638 0.788077 0.040851 0.032051
64 0.249362 0.662692 0.030638 0.032564
3216 0.485957 0.325513 0.038298 0.032564
2426 0.166170 0.756282 0.048936 0.032564
70 0.166383 0.595897 0.021277 0.032821
4722 0.653617 0.525385 0.039149 0.033846
92 0.164043 0.421795 0.032766 0.034359
4722 0.654468 0.394103 0.043404 0.034359
60 0.085106 0.390256 0.016170 0.034872
2429 0.158723 0.259231 0.043404 0.034872
4727 0.740638 0.729359 0.041277 0.035128
3459 0.168511 0.525385 0.042553 0.035385
2426 0.654255 0.721538 0.056596 0.035385
68 0.658298 0.789231 0.008511 0.035897
111 0.415106 0.456154 0.025957 0.035897
69 0.745745 0.883462 0.024255 0.036667
68 0.577021 0.587308 0.008511 0.038205
111 0.488936 0.698846 0.030638 0.038718
68 0.741702 0.687179 0.011064 0.039487
68 0.085532 0.495641 0.006809 0.040000
68 0.164894 0.657692 0.009787 0.042051
53 0.656170 0.882179 0.014468 0.044359
68 0.409362 0.621923 0.012766 0.056154
