246 0.711333 0.268370 0.041333 0.006938
57 0.416000 0.296909 0.029333 0.013560
101 0.236889 0.444497 0.048889 0.014191
56 0.384889 0.864869 0.042667 0.015453
92 0.775778 0.472879 0.044889 0.015453
92 0.554667 0.254967 0.035556 0.017975
64 0.854444 0.268843 0.018222 0.018606
128 0.158222 0.638600 0.010667 0.018921
92 0.553333 0.508988 0.024889 0.019552
93 0.716444 0.235257 0.040889 0.019552
64 0.691333 0.679754 0.021778 0.019868
57 0.460444 0.912961 0.020444 0.020183
1255 0.304444 0.830337 0.074667 0.020183
297 0.238000 0.484863 0.046667 0.020498
302 0.228222 0.575055 0.066222 0.021129
64 0.240889 0.320246 0.025778 0.021760
56 0.612889 0.842163 0.046222 0.021760
113 0.544000 0.712236 0.058667 0.021760
120 0.388889 0.909492 0.019556 0.022075
52 0.474667 0.800378 0.049778 0.022075
64 0.780000 0.401608 0.018667 0.022390
64 0.157111 0.230842 0.019111 0.023336
110 0.920667 0.496689 0.024444 0.023336
66 0.846667 0.557080 0.025778 0.023652
117 0.700222 0.607064 0.019111 0.025229
91 0.926444 0.427310 0.034222 0.025229
64 0.482889 0.293756 0.016444 0.025544
52 0.156000 0.428729 0.048889 0.025544
76 0.390000 0.885052 0.023556 0.026175
126 0.634667 0.390886 0.050667 0.026175
87 0.633111 0.423999 0.030667 0.026805
89 0.922222 0.464995 0.046222 0.026805
98 0.551333 0.643646 0.038667 0.027121
126 0.862222 0.157364 0.048000 0.027121
251 0.235778 0.606749 0.051111 0.027121
101 0.843111 0.685746 0.054222 0.027436
118 0.554889 0.572848 0.015556 0.028067
553 0.156889 0.498739 0.055111 0.028067
66 0.315556 0.597288 0.021333 0.028382
88 0.485333 0.500788 0.027556 0.028382
88 0.553556 0.484390 0.030667 0.028382
88 0.315333 0.856197 0.030667 0.028382
2151 0.554667 0.285714 0.040889 0.028382
91 0.319333 0.472091 0.049333 0.028382
64 0.152000 0.616367 0.027556 0.028698
88 0.696444 0.913750 0.033778 0.028698
501 0.248000 0.150268 0.049778 0.028698
52 0.842000 0.529171 0.041333 0.029013
76 0.618000 0.865815 0.023556 0.029328
91 0.542667 0.745033 0.048000 0.029328
66 0.322889 0.356039 0.018222 0.029644
95 0.920889 0.700095 0.049778 0.029644
885 0.695778 0.846421 0.055556 0.029644
259 0.477333 0.466572 0.048000 0.029959
83 0.537778 0.904131 0.030222 0.030274
2151 0.392889 0.728477 0.042667 0.030274
501 0.238889 0.535162 0.045778 0.030274
88 0.317556 0.724850 0.022667 0.030590
83 0.778222 0.265374 0.033778 0.030590
111 0.155778 0.824030 0.020889 0.030905
92 0.476222 0.824346 0.020889 0.030905
548 0.917333 0.730369 0.026667 0.030905
72 0.547333 0.673920 0.041333 0.030905
99 0.693556 0.711447 0.051111 0.030905
119 0.925556 0.524283 0.020000 0.031220
87 0.932444 0.160360 0.032000 0.031220
88 0.229333 0.904604 0.033778 0.031220
88 0.544667 0.831441 0.034222 0.031220
95 0.840222 0.905866 0.044000 0.031220
3234 0.915778 0.851624 0.044889 0.031220
53 0.846222 0.624409 0.016889 0.031536
88 0.914444 0.766635 0.029778 0.031536
87 0.625333 0.710817 0.033778 0.031536
91 0.550667 0.368338 0.052444 0.031536
91 0.327778 0.242037 0.052000 0.031851
88 0.151111 0.703564 0.032889 0.032167
286 0.236444 0.687480 0.045333 0.032167
99 0.924667 0.554084 0.045778 0.032167
91 0.238444 0.179439 0.053778 0.032167
117 0.851333 0.499369 0.018222 0.032482
85 0.239333 0.646641 0.018222 0.032482
53 0.228444 0.797067 0.018667 0.032482
60 0.930444 0.189372 0.021778 0.032482
111 0.164667 0.149007 0.023556 0.032482
1083 0.775111 0.603122 0.028444 0.032482
88 0.623111 0.638127 0.029333 0.032482
51 0.550222 0.540997 0.040889 0.032482
91 0.151333 0.527436 0.051111 0.032482
509 0.228444 0.869442 0.031111 0.032797
2885 0.935333 0.229896 0.036889 0.032797
327 0.393556 0.766950 0.048444 0.032797
111 0.835111 0.834279 0.017778 0.033113
81 0.224667 0.834595 0.037778 0.033113
83 0.758667 0.863923 0.040889 0.033113
118 0.635778 0.453800 0.010222 0.033428
74 0.161556 0.192053 0.026222 0.033428
84 0.849111 0.337118 0.044000 0.033428
91 0.924667 0.352570 0.044889 0.033428
71 0.412444 0.366919 0.052444 0.033743
66 0.848000 0.460423 0.018667 0.034059
1821 0.322000 0.391990 0.055556 0.034059
76 0.847111 0.654525 0.024000 0.034374
88 0.709778 0.380479 0.028444 0.034374
87 0.834667 0.876537 0.032889 0.034374
88 0.401778 0.456165 0.034667 0.034374
86 0.856000 0.713182 0.034667 0.034374
83 0.327111 0.206244 0.036444 0.034689
126 0.702889 0.470987 0.044000 0.035005
126 0.162889 0.261589 0.050222 0.035005
3204 0.623556 0.677231 0.056889 0.035005
58 0.161556 0.304793 0.020889 0.035635
83 0.696444 0.570640 0.032889 0.035635
2707 0.234000 0.727688 0.033333 0.035635
126 0.235778 0.764585 0.050222 0.035635
98 0.153778 0.460265 0.063111 0.035635
1193 0.536222 0.869442 0.043111 0.035951
53 0.703556 0.503469 0.017778 0.036266
111 0.639333 0.154368 0.025333 0.036266
2528 0.698222 0.882371 0.054222 0.036582
717 0.394444 0.795963 0.055556 0.036582
85 0.479778 0.765216 0.012000 0.036897
121 0.473778 0.853832 0.026667 0.036897
81 0.698667 0.543519 0.042667 0.036897
81 0.859556 0.240460 0.044444 0.036897
121 0.406667 0.327657 0.024000 0.037212
126 0.485556 0.254178 0.031556 0.037212
2894 0.621556 0.600757 0.041333 0.037212
2697 0.554667 0.402397 0.045333 0.037212
675 0.758667 0.774046 0.047111 0.037528
4012 0.832444 0.795017 0.057778 0.037843
1560 0.566667 0.156575 0.054222 0.038158
85 0.397333 0.831914 0.016000 0.038474
122 0.147111 0.668243 0.046222 0.038474
72 0.846444 0.422580 0.048444 0.038474
3032 0.318889 0.692841 0.052889 0.038474
121 0.618222 0.753548 0.026667 0.038789
3041 0.316222 0.803059 0.055556 0.038789
83 0.476000 0.580889 0.036444 0.039104
2904 0.157333 0.862977 0.046222 0.039420
2280 0.320444 0.504100 0.048889 0.039420
120 0.620000 0.901766 0.051556 0.039420
83 0.761333 0.694103 0.032889 0.039735
122 0.476667 0.326711 0.042222 0.039735
85 0.847111 0.587985 0.011556 0.040050
4122 0.921111 0.389467 0.051111 0.040366
2305 0.482444 0.424472 0.052889 0.040366
83 0.312667 0.762378 0.020889 0.040681
121 0.710444 0.200410 0.024444 0.040681
102 0.631778 0.491170 0.044889 0.040681
4038 0.633111 0.203879 0.051111 0.040681
2489 0.327556 0.274204 0.051556 0.040681
330 0.633556 0.255125 0.036889 0.040997
71 0.558000 0.603595 0.050222 0.040997
3945 0.768222 0.819615 0.050222 0.040997
322 0.476667 0.623463 0.064444 0.040997
126 0.856444 0.380795 0.038222 0.041312
3338 0.932667 0.318354 0.043111 0.041312
1927 0.762444 0.734311 0.051111 0.041312
121 0.398222 0.644276 0.025778 0.041627
3964 0.712667 0.159886 0.053778 0.041627
83 0.394222 0.687007 0.023111 0.041943
120 0.157778 0.796121 0.043556 0.041943
120 0.780444 0.357931 0.040000 0.042258
105 0.868889 0.193630 0.053333 0.042258
1931 0.636889 0.352570 0.062222 0.042258
85 0.165778 0.393409 0.012444 0.042573
83 0.928889 0.271050 0.024000 0.042573
83 0.320222 0.433775 0.028000 0.042573
126 0.244444 0.280826 0.037333 0.042573
127 0.857556 0.298802 0.044889 0.042573
2102 0.838000 0.753548 0.049333 0.042573
118 0.237111 0.412015 0.034222 0.043204
4429 0.785556 0.170451 0.050222 0.043204
85 0.633778 0.303374 0.014222 0.043519
68 0.475556 0.896720 0.006222 0.043835
118 0.404667 0.603753 0.025333 0.043835
121 0.778222 0.435352 0.025778 0.043835
4252 0.914667 0.808893 0.039111 0.044781
687 0.316000 0.897824 0.047111 0.044781
91 0.401778 0.267739 0.052444 0.044781
1663 0.403333 0.557868 0.060889 0.044781
4252 0.478444 0.674393 0.042222 0.045096
1804 0.488000 0.156575 0.051556 0.045096
1316 0.555111 0.325134 0.054222 0.045412
121 0.161556 0.346105 0.028000 0.045727
1876 0.768667 0.650899 0.034222 0.046042
1316 0.713778 0.332387 0.053333 0.046042
83 0.615556 0.798329 0.024889 0.046358
85 0.777111 0.509618 0.014667 0.046673
85 0.765778 0.905077 0.016000 0.046673
2950 0.478444 0.722485 0.048444 0.046673
316 0.483778 0.207190 0.066222 0.046673
68 0.154222 0.900978 0.008000 0.047304
53 0.322444 0.317250 0.017333 0.047304
122 0.694667 0.645853 0.038222 0.047304
3045 0.402889 0.411542 0.042222 0.047304
1396 0.688667 0.750552 0.043111 0.047304
1645 0.912444 0.895301 0.049778 0.047304
316 0.554667 0.446074 0.064000 0.047619
1193 0.783111 0.313466 0.044444 0.047934
505 0.410667 0.158467 0.032889 0.049511
92 0.688667 0.800378 0.029778 0.049827
2083 0.774667 0.562914 0.049778 0.049827
68 0.788667 0.217439 0.009333 0.050773
1087 0.153778 0.569379 0.033778 0.051403
4252 0.917778 0.657994 0.038222 0.052034
68 0.239111 0.361873 0.011556 0.052665
1856 0.329556 0.161148 0.036889 0.052980
2704 0.239778 0.226112 0.054667 0.052980
1584 0.705111 0.426837 0.031556 0.053295
1551 0.155333 0.748187 0.052889 0.053295
2823 0.408444 0.211921 0.050667 0.053611
68 0.916889 0.598076 0.010667 0.055188
92 0.400444 0.500946 0.027556 0.056449
934 0.314000 0.643646 0.043111 0.056764
68 0.485333 0.543046 0.010667 0.057395
3500 0.623556 0.547461 0.043556 0.057395
2029 0.542222 0.780984 0.047111 0.058341
68 0.318667 0.546831 0.008889 0.059918
47 0.558000 0.209082 0.031556 0.061179
68 0.482667 0.368023 0.004444 0.065594
