246 0.627629 0.861366 0.034581 0.006515
52 0.245811 0.614744 0.027451 0.009894
101 0.633333 0.655164 0.039572 0.010618
91 0.550089 0.792230 0.027094 0.011583
118 0.783422 0.898287 0.006061 0.012307
52 0.551693 0.828427 0.033155 0.012548
56 0.402317 0.552727 0.034581 0.012790
91 0.552050 0.912765 0.026025 0.013272
95 0.790018 0.190878 0.024242 0.013514
101 0.246524 0.626448 0.039572 0.013514
89 0.785027 0.912283 0.032799 0.014237
91 0.782353 0.854971 0.027451 0.014479
56 0.172371 0.595439 0.011765 0.014720
101 0.171658 0.908904 0.035294 0.014720
120 0.170945 0.725507 0.014617 0.015203
88 0.477184 0.817447 0.026738 0.015203
91 0.168093 0.824324 0.026025 0.015444
88 0.785918 0.766409 0.030303 0.015444
113 0.708734 0.554054 0.038503 0.015444
118 0.173084 0.612814 0.007487 0.015685
91 0.170232 0.676520 0.027451 0.015685
102 0.478966 0.911559 0.037433 0.016168
56 0.477540 0.839527 0.011052 0.016409
91 0.550802 0.708856 0.022816 0.016651
88 0.399822 0.910835 0.028877 0.016651
118 0.404813 0.567447 0.007487 0.017133
120 0.552228 0.813586 0.014260 0.017133
83 0.782888 0.635738 0.022816 0.017133
88 0.246524 0.909146 0.028877 0.017133
88 0.398930 0.776665 0.029947 0.017133
316 0.171301 0.552968 0.048841 0.017133
1810 0.171123 0.655767 0.017112 0.017616
126 0.096435 0.850265 0.026738 0.017616
91 0.320677 0.677727 0.030303 0.017616
868 0.738146 0.166385 0.026025 0.018098
88 0.627986 0.818653 0.029590 0.018098
85 0.246346 0.597249 0.012834 0.018340
88 0.711230 0.590492 0.029947 0.018340
95 0.247059 0.808156 0.029947 0.018340
109 0.097148 0.899252 0.028877 0.018581
495 0.784670 0.786318 0.045633 0.019064
62 0.477897 0.857384 0.023886 0.019305
53 0.709091 0.571549 0.008556 0.019546
1083 0.786275 0.585787 0.026025 0.019546
3896 0.788948 0.168798 0.028520 0.019546
109 0.402852 0.832408 0.032799 0.019546
88 0.320321 0.723818 0.033155 0.019546
547 0.245276 0.551762 0.031373 0.020029
83 0.091087 0.700048 0.026025 0.020270
88 0.245098 0.759411 0.028164 0.020270
683 0.476114 0.763031 0.039572 0.020270
1083 0.400535 0.751569 0.023173 0.020512
2844 0.838503 0.197032 0.028520 0.020994
117 0.705704 0.693292 0.010339 0.021236
87 0.479323 0.706805 0.023173 0.021236
83 0.243672 0.733591 0.025312 0.021236
1417 0.860606 0.685328 0.037077 0.021236
3136 0.788414 0.213200 0.021034 0.021477
83 0.706417 0.632601 0.028164 0.021477
978 0.399465 0.888152 0.032442 0.021477
932 0.552763 0.557794 0.035294 0.021477
720 0.861854 0.710787 0.025312 0.021959
51 0.093761 0.723335 0.027094 0.021959
58 0.635116 0.607505 0.028877 0.021959
95 0.096078 0.827944 0.032442 0.022201
1579 0.167736 0.745415 0.033868 0.022201
92 0.318182 0.876327 0.018182 0.022442
3245 0.481818 0.624155 0.036720 0.022442
2396 0.321747 0.653354 0.038859 0.022442
58 0.246168 0.859918 0.016756 0.022925
2489 0.246168 0.885256 0.033155 0.022925
2222 0.627629 0.874397 0.033868 0.022925
529 0.634046 0.557070 0.040285 0.022925
3562 0.840463 0.170125 0.031016 0.023166
1364 0.399109 0.692809 0.033155 0.023166
978 0.480036 0.650338 0.033868 0.023166
119 0.246168 0.644908 0.015330 0.023407
1396 0.785561 0.658422 0.029590 0.023407
1489 0.247594 0.671694 0.031016 0.023407
81 0.321212 0.747708 0.029947 0.023890
119 0.322995 0.771718 0.015686 0.024131
58 0.094474 0.781371 0.034225 0.024131
2844 0.859358 0.628861 0.035294 0.024131
2083 0.859893 0.767616 0.035651 0.024131
92 0.785205 0.684242 0.023886 0.024373
299 0.478075 0.557312 0.024242 0.024373
101 0.631907 0.725507 0.027451 0.024373
1562 0.402317 0.611848 0.032442 0.024373
1476 0.322816 0.556829 0.030303 0.024855
102 0.173797 0.573238 0.031729 0.024855
1476 0.092870 0.612572 0.033868 0.024855
296 0.092335 0.586149 0.022816 0.025097
3136 0.634046 0.698118 0.026025 0.025097
252 0.318895 0.700772 0.027451 0.025097
71 0.405526 0.584942 0.032442 0.025097
3560 0.401961 0.664937 0.038859 0.025338
121 0.786453 0.801762 0.024242 0.025820
4122 0.092513 0.677003 0.033155 0.025820
4171 0.634581 0.671935 0.037077 0.025820
92 0.401604 0.636342 0.022460 0.026062
2395 0.170945 0.801882 0.028877 0.026062
629 0.402496 0.804295 0.029947 0.026062
104 0.245633 0.783181 0.028520 0.026303
71 0.248663 0.574928 0.030303 0.026303
3562 0.322638 0.907939 0.035651 0.026303
91 0.707130 0.813586 0.039572 0.026303
119 0.477897 0.731781 0.012478 0.026786
628 0.095900 0.802244 0.024242 0.026786
3665 0.319964 0.624155 0.031729 0.026786
4182 0.552406 0.765565 0.032442 0.026786
4435 0.551515 0.735401 0.032799 0.026786
68 0.631907 0.583012 0.008200 0.027027
3136 0.475045 0.886100 0.025312 0.027027
1417 0.096613 0.875241 0.031373 0.027027
71 0.174510 0.632481 0.033155 0.027027
4720 0.551693 0.886342 0.033868 0.027027
2198 0.787879 0.611245 0.038503 0.027027
2191 0.785205 0.831443 0.032442 0.027268
2987 0.552406 0.682794 0.036720 0.027268
4038 0.169162 0.848818 0.036720 0.027268
1285 0.400891 0.724059 0.037433 0.027268
119 0.706595 0.717785 0.015686 0.027751
2191 0.556328 0.586149 0.033868 0.027992
91 0.861497 0.793678 0.037433 0.027992
2426 0.172014 0.774011 0.040998 0.028234
68 0.708913 0.609918 0.008200 0.028716
1579 0.632442 0.632843 0.031373 0.028716
2179 0.480036 0.676520 0.035294 0.028716
3032 0.788592 0.712476 0.037077 0.028716
3562 0.863102 0.599300 0.039929 0.028716
2844 0.628520 0.795125 0.035651 0.028958
2913 0.626203 0.842061 0.027451 0.029199
3375 0.552050 0.853161 0.028164 0.029199
1373 0.171836 0.701134 0.029947 0.029199
3136 0.092870 0.559001 0.026738 0.029681
3435 0.553119 0.651906 0.030303 0.029681
943 0.475936 0.789093 0.034225 0.029923
2191 0.630125 0.902268 0.035294 0.029923
84 0.709269 0.906733 0.022460 0.030164
1476 0.245098 0.833374 0.031016 0.030164
1579 0.170588 0.880671 0.033868 0.030164
3896 0.859180 0.741675 0.034225 0.030164
2844 0.783601 0.561414 0.042781 0.030164
2179 0.860250 0.656974 0.037077 0.030647
68 0.097326 0.750241 0.012834 0.031853
1827 0.703565 0.837717 0.028164 0.032095
3160 0.707843 0.751810 0.031729 0.032095
2844 0.319964 0.849059 0.034581 0.032095
969 0.707487 0.663248 0.028164 0.032577
2959 0.782888 0.878499 0.037077 0.032577
68 0.321747 0.587958 0.007487 0.033542
3684 0.787879 0.739744 0.035651 0.033542
2099 0.478253 0.591216 0.038146 0.033784
973 0.549554 0.620777 0.023886 0.034508
107 0.706417 0.874276 0.016756 0.034749
68 0.093048 0.643702 0.007130 0.034990
69 0.249020 0.704271 0.013904 0.035473
1297 0.707487 0.786800 0.034581 0.036438
68 0.319608 0.809001 0.008200 0.038369
68 0.632264 0.756998 0.008913 0.038610
296 0.863993 0.829271 0.031016 0.047056
