128 0.232615 0.809524 0.009794 0.009276
92 0.481391 0.151515 0.031342 0.010513
128 0.484819 0.752938 0.015671 0.011132
120 0.911117 0.176562 0.018119 0.011132
56 0.226983 0.634508 0.018119 0.011132
92 0.312439 0.744743 0.026445 0.012059
92 0.059990 0.316327 0.029873 0.012369
56 0.825906 0.327613 0.016161 0.012678
62 0.229677 0.227118 0.021548 0.012678
92 0.480901 0.250309 0.031342 0.012678
92 0.401077 0.303958 0.027424 0.012987
92 0.311704 0.472480 0.030852 0.012987
101 0.578599 0.859617 0.058276 0.012987
92 0.400833 0.425015 0.030852 0.013296
92 0.655730 0.863791 0.033301 0.013296
56 0.909892 0.333643 0.019589 0.013605
56 0.570274 0.690476 0.020078 0.013605
92 0.400343 0.473253 0.031832 0.013915
55 0.224290 0.576376 0.037218 0.014224
101 0.568560 0.587817 0.050930 0.014224
81 0.224045 0.621985 0.036729 0.014533
81 0.570274 0.674552 0.038688 0.014533
81 0.230901 0.794218 0.038688 0.014533
56 0.058031 0.125541 0.019099 0.014842
120 0.312194 0.873840 0.022037 0.014842
92 0.826396 0.636054 0.031832 0.014842
98 0.654505 0.195114 0.039667 0.014842
92 0.823702 0.478973 0.035260 0.015461
81 0.911117 0.820965 0.036729 0.015461
93 0.144711 0.203772 0.037708 0.015461
102 0.402302 0.239951 0.051420 0.015461
62 0.820519 0.128479 0.023017 0.015770
91 0.312439 0.908318 0.031342 0.015770
52 0.228208 0.748145 0.034280 0.015770
418 0.228697 0.701608 0.034280 0.016079
98 0.658423 0.259431 0.039667 0.016079
120 0.483839 0.567873 0.022527 0.016388
55 0.569050 0.604669 0.038198 0.016388
93 0.062684 0.569419 0.039177 0.016388
120 0.314153 0.219852 0.017140 0.016698
64 0.660137 0.338281 0.026445 0.016698
57 0.408178 0.773964 0.027914 0.016698
81 0.567581 0.737477 0.039177 0.016698
93 0.235064 0.275201 0.045054 0.016698
127 0.912586 0.396104 0.046523 0.016698
68 0.313908 0.669295 0.007835 0.017007
69 0.754652 0.563234 0.018609 0.017007
64 0.827620 0.878015 0.024486 0.017007
418 0.571988 0.186611 0.032321 0.017007
101 0.742654 0.761750 0.046523 0.017007
99 0.485064 0.549011 0.049461 0.017007
287 0.405975 0.379252 0.053869 0.017007
1810 0.653771 0.846630 0.025465 0.017316
91 0.825906 0.295918 0.032811 0.017316
68 0.655730 0.775665 0.005877 0.017625
108 0.140793 0.465213 0.017140 0.017625
91 0.742654 0.612090 0.032811 0.017625
72 0.398139 0.171459 0.034280 0.017625
55 0.907933 0.378942 0.035260 0.017625
91 0.398629 0.127860 0.036239 0.017625
55 0.821499 0.276283 0.046523 0.017625
83 0.481146 0.299011 0.026934 0.017934
88 0.230656 0.153061 0.033301 0.017934
91 0.825416 0.530921 0.035749 0.017934
127 0.226249 0.557205 0.039177 0.017934
108 0.059500 0.387600 0.019099 0.018244
120 0.402791 0.622604 0.023996 0.018244
57 0.746082 0.520254 0.031832 0.018244
64 0.484084 0.734848 0.031832 0.018244
91 0.911606 0.719697 0.032811 0.018244
81 0.911117 0.697124 0.035749 0.018244
82 0.827865 0.312461 0.042605 0.018244
117 0.228697 0.414348 0.015671 0.018553
53 0.226738 0.883117 0.022527 0.018553
64 0.057052 0.588745 0.025955 0.018553
72 0.056807 0.781076 0.036239 0.018553
83 0.060235 0.844465 0.036239 0.018553
120 0.744123 0.809678 0.023017 0.018862
88 0.909403 0.193105 0.033301 0.018862
124 0.313663 0.152597 0.037708 0.018862
52 0.908913 0.675479 0.039177 0.018862
107 0.311949 0.624613 0.028404 0.019171
91 0.484574 0.624304 0.033790 0.019171
89 0.060725 0.464131 0.040157 0.019171
60 0.913320 0.836889 0.014691 0.019481
88 0.060725 0.188776 0.036239 0.019481
82 0.316112 0.647495 0.041626 0.019790
127 0.576151 0.622758 0.053379 0.019790
68 0.485309 0.199598 0.007835 0.020099
108 0.398874 0.148268 0.016161 0.020099
120 0.744858 0.441404 0.024486 0.020099
66 0.821499 0.166821 0.025955 0.020099
91 0.655975 0.721243 0.035749 0.020099
126 0.908913 0.654762 0.039177 0.020099
95 0.917728 0.903680 0.042116 0.020099
104 0.910137 0.246599 0.042605 0.020099
53 0.738737 0.159246 0.016161 0.020408
88 0.658423 0.214595 0.023996 0.020408
62 0.658178 0.177180 0.031342 0.020408
88 0.310725 0.451144 0.034770 0.020408
88 0.569295 0.395795 0.038688 0.020408
88 0.912831 0.769017 0.042116 0.020408
88 0.485798 0.847248 0.042116 0.020408
120 0.064643 0.144094 0.046033 0.020408
60 0.656464 0.154143 0.019099 0.020717
111 0.312194 0.822665 0.024976 0.020717
66 0.567336 0.452845 0.025955 0.020717
110 0.742165 0.876160 0.032811 0.020717
62 0.226249 0.536024 0.035260 0.020717
91 0.656219 0.504793 0.038198 0.020717
88 0.824927 0.403061 0.038688 0.020717
84 0.400833 0.493043 0.044564 0.020717
60 0.823213 0.231911 0.018609 0.021027
88 0.656954 0.396104 0.024976 0.021027
111 0.822723 0.187384 0.025465 0.021027
120 0.826151 0.580087 0.025465 0.021027
88 0.825416 0.698207 0.025955 0.021027
95 0.311704 0.600804 0.034770 0.021027
60 0.823457 0.456555 0.017140 0.021336
85 0.059990 0.266388 0.024976 0.021336
83 0.820274 0.255875 0.031342 0.021336
88 0.745348 0.256494 0.036239 0.021336
119 0.226983 0.435993 0.023017 0.021645
95 0.229187 0.772418 0.037218 0.021645
115 0.655485 0.614409 0.039667 0.021645
105 0.230411 0.599258 0.041626 0.021645
495 0.571254 0.344774 0.052400 0.021645
119 0.226983 0.510668 0.018119 0.021954
53 0.742165 0.689703 0.023017 0.021954
88 0.653281 0.825139 0.027424 0.021954
51 0.656709 0.238868 0.032321 0.021954
78 0.232125 0.904298 0.036239 0.021954
72 0.737267 0.181354 0.039667 0.021954
53 0.911361 0.265615 0.018609 0.022263
76 0.224045 0.487631 0.024976 0.022263
107 0.400833 0.841991 0.025955 0.022263
119 0.487512 0.827149 0.026934 0.022263
87 0.908668 0.219233 0.029873 0.022263
107 0.910627 0.742115 0.029873 0.022263
111 0.482615 0.318800 0.030852 0.022263
88 0.909647 0.455782 0.038688 0.022263
86 0.578599 0.877551 0.040646 0.022263
121 0.144711 0.185529 0.043585 0.022263
113 0.396915 0.517625 0.044564 0.022263
58 0.315867 0.691713 0.045054 0.022263
127 0.825661 0.145949 0.046033 0.022263
107 0.315132 0.128479 0.026934 0.022573
85 0.571988 0.811843 0.028404 0.022573
111 0.572478 0.228973 0.031342 0.022573
95 0.062194 0.827613 0.038198 0.022573
74 0.836680 0.901515 0.040646 0.022573
96 0.663320 0.314317 0.041626 0.022573
119 0.746572 0.391466 0.023017 0.022882
66 0.138590 0.525356 0.029383 0.022882
78 0.142507 0.409091 0.030362 0.022882
110 0.741185 0.586889 0.033790 0.022882
67 0.752449 0.366419 0.042605 0.022882
1435 0.397649 0.448670 0.043095 0.022882
121 0.402791 0.574830 0.053379 0.022882
316 0.315622 0.892393 0.056317 0.022882
85 0.571988 0.205782 0.019589 0.023191
123 0.483595 0.523964 0.020078 0.023191
85 0.141773 0.359462 0.023996 0.023191
67 0.317826 0.199289 0.040157 0.023191
978 0.059745 0.707019 0.041136 0.023191
53 0.139079 0.385900 0.019589 0.023500
88 0.481881 0.437539 0.028404 0.023500
92 0.738492 0.545764 0.028404 0.023500
113 0.225514 0.360544 0.039667 0.023500
84 0.747796 0.901979 0.040157 0.023500
58 0.912096 0.354669 0.040646 0.023500
2202 0.060970 0.294063 0.041626 0.023500
370 0.828110 0.555349 0.055828 0.023500
60 0.652791 0.634045 0.014691 0.023810
123 0.908423 0.314007 0.021548 0.023810
118 0.317336 0.175170 0.022527 0.023810
107 0.570274 0.711967 0.023017 0.023810
118 0.910872 0.288652 0.024486 0.023810
62 0.745593 0.418522 0.035749 0.023810
1385 0.058766 0.243506 0.040157 0.023810
254 0.313173 0.310297 0.040646 0.023810
1401 0.747062 0.313080 0.041626 0.023810
127 0.401812 0.192177 0.043585 0.023810
316 0.059256 0.728664 0.049951 0.023810
323 0.142997 0.722171 0.052889 0.023810
53 0.742899 0.740878 0.017630 0.024119
118 0.057052 0.443105 0.018119 0.024119
111 0.310480 0.543290 0.025465 0.024119
92 0.226249 0.333024 0.027424 0.024119
74 0.141528 0.633581 0.030362 0.024119
3053 0.058521 0.803649 0.033790 0.024119
268 0.059256 0.167904 0.035260 0.024119
1435 0.571743 0.837662 0.039667 0.024119
95 0.142507 0.607916 0.040157 0.024119
1102 0.572968 0.528139 0.042116 0.024119
68 0.655730 0.556432 0.006856 0.024428
117 0.144711 0.128169 0.018119 0.024428
107 0.741675 0.132808 0.025955 0.024428
85 0.744613 0.664966 0.029873 0.024428
87 0.141528 0.553030 0.034280 0.024428
127 0.574437 0.474799 0.050930 0.024428
1977 0.230411 0.860080 0.051420 0.024428
127 0.577865 0.789270 0.053869 0.024428
60 0.225024 0.681200 0.018119 0.024737
87 0.908178 0.159246 0.025955 0.024737
87 0.823947 0.211194 0.026934 0.024737
87 0.484819 0.175325 0.032321 0.024737
85 0.230411 0.722635 0.032811 0.024737
58 0.398629 0.282931 0.037218 0.024737
2203 0.569785 0.370439 0.041626 0.024737
58 0.573213 0.320346 0.042605 0.024737
113 0.567826 0.500928 0.042605 0.024737
119 0.829089 0.817718 0.027424 0.025046
58 0.655240 0.801020 0.049951 0.025046
912 0.400343 0.646413 0.055338 0.025046
76 0.655975 0.131725 0.027914 0.025356
76 0.399363 0.598639 0.029873 0.025356
111 0.404750 0.903216 0.031832 0.025356
1083 0.314887 0.798701 0.038198 0.025356
83 0.060970 0.215059 0.018119 0.025665
111 0.657689 0.481602 0.024486 0.025665
111 0.907933 0.539734 0.026445 0.025665
85 0.401812 0.398732 0.026934 0.025665
74 0.057542 0.612090 0.032811 0.025665
125 0.654750 0.694651 0.043095 0.025665
328 0.312194 0.495207 0.045544 0.025665
316 0.312194 0.522418 0.048482 0.025665
107 0.658913 0.422387 0.027914 0.025974
87 0.394221 0.254484 0.029383 0.025974
509 0.402302 0.676252 0.033790 0.025974
51 0.058031 0.521027 0.038688 0.025974
89 0.911606 0.591528 0.042605 0.025974
3050 0.229432 0.177489 0.045544 0.025974
87 0.478942 0.678881 0.032321 0.026283
979 0.484574 0.229901 0.040646 0.026283
87 0.226249 0.205628 0.028404 0.026592
121 0.059990 0.547310 0.032811 0.026592
111 0.576151 0.901670 0.032811 0.026592
122 0.485064 0.772727 0.038688 0.026592
4271 0.484084 0.410946 0.039667 0.026592
3051 0.740451 0.209029 0.043095 0.026592
3313 0.478452 0.130179 0.045054 0.026592
316 0.063908 0.337044 0.047502 0.026592
480 0.742165 0.495980 0.051420 0.026592
2193 0.398874 0.326840 0.052400 0.026592
70 0.399608 0.215677 0.024486 0.026902
66 0.481636 0.708565 0.028893 0.026902
3665 0.401322 0.354824 0.040646 0.026902
1419 0.063173 0.491187 0.043095 0.026902
1392 0.483350 0.496753 0.044074 0.026902
68 0.917728 0.848639 0.047013 0.026902
2424 0.487512 0.869666 0.047502 0.026902
2489 0.821499 0.378633 0.049461 0.026902
83 0.570029 0.162956 0.020568 0.027211
70 0.143487 0.159246 0.026445 0.027211
87 0.223800 0.656153 0.029383 0.027211
739 0.061459 0.866110 0.042605 0.027211
2476 0.142507 0.334261 0.050930 0.027211
316 0.908423 0.518089 0.053869 0.027520
118 0.746327 0.717069 0.025465 0.027829
118 0.826396 0.348176 0.029873 0.027829
3735 0.910382 0.568027 0.038198 0.027829
1891 0.145201 0.661719 0.044564 0.027829
389 0.482370 0.650897 0.052889 0.027829
87 0.821988 0.791744 0.036729 0.028139
83 0.743144 0.284477 0.022037 0.028448
87 0.570519 0.289734 0.028404 0.028448
87 0.059256 0.360853 0.030362 0.028448
3053 0.911117 0.877242 0.033790 0.028448
84 0.408423 0.873840 0.036239 0.028448
1821 0.569050 0.424861 0.042116 0.028448
70 0.654995 0.663420 0.024976 0.028757
87 0.656464 0.529839 0.034770 0.028757
3665 0.398874 0.746908 0.043585 0.028757
2633 0.142018 0.579623 0.045054 0.028757
717 0.312929 0.573748 0.047013 0.028757
2597 0.482615 0.348485 0.028893 0.029066
87 0.058031 0.415275 0.032811 0.029066
381 0.566112 0.650588 0.047013 0.029066
4421 0.485064 0.802721 0.053379 0.029066
121 0.227473 0.249382 0.024976 0.029375
4053 0.226494 0.463049 0.045544 0.029375
1934 0.572233 0.134045 0.046523 0.029375
3172 0.145201 0.749691 0.048482 0.029375
121 0.661117 0.364873 0.032321 0.029685
2835 0.906954 0.133271 0.045054 0.029685
83 0.910382 0.485931 0.024486 0.029994
1169 0.058766 0.677644 0.029383 0.029994
1879 0.480656 0.466759 0.031832 0.029994
3800 0.229432 0.131262 0.050441 0.029994
903 0.743879 0.236085 0.051910 0.029994
2714 0.224535 0.831787 0.039667 0.030303
979 0.823702 0.505257 0.052889 0.030303
1165 0.822968 0.764533 0.052400 0.030612
83 0.137365 0.495053 0.021058 0.030921
2159 0.747796 0.339518 0.045054 0.030921
1396 0.398384 0.544836 0.046523 0.030921
2455 0.485798 0.899814 0.049951 0.030921
2304 0.226738 0.304113 0.037218 0.031231
2189 0.741185 0.471088 0.044564 0.031231
70 0.660872 0.453927 0.031832 0.031540
3807 0.913075 0.794682 0.056317 0.031540
975 0.482860 0.380489 0.046033 0.031849
118 0.571743 0.765306 0.028893 0.032158
1874 0.142262 0.692331 0.037708 0.032158
3732 0.570519 0.257885 0.046033 0.032158
973 0.144466 0.899041 0.029383 0.032468
87 0.740206 0.783086 0.035749 0.032468
1796 0.655975 0.585807 0.040646 0.032468
726 0.821009 0.609617 0.041626 0.032468
1845 0.485064 0.273810 0.044564 0.032468
1536 0.655730 0.748454 0.045054 0.032468
3153 0.143242 0.231602 0.036729 0.032777
1018 0.313173 0.767780 0.047502 0.032777
4343 0.312929 0.849567 0.047992 0.033086
3353 0.141038 0.827149 0.040157 0.033395
1126 0.059990 0.644403 0.044564 0.033395
1543 0.743389 0.637910 0.056807 0.033395
2904 0.142262 0.440476 0.038688 0.033704
2145 0.661851 0.284941 0.040646 0.033704
1610 0.060235 0.755875 0.053869 0.033704
1578 0.566112 0.560606 0.037218 0.034014
1115 0.142262 0.263605 0.033790 0.034323
2587 0.314643 0.276592 0.039667 0.034323
1834 0.313663 0.719697 0.043585 0.034323
4061 0.227718 0.389920 0.042116 0.034632
1297 0.909892 0.425325 0.042116 0.034941
4061 0.484329 0.593537 0.047013 0.034941
655 0.821499 0.429963 0.047502 0.034941
1136 0.313173 0.379561 0.039667 0.035560
1871 0.909158 0.623686 0.042605 0.035869
322 0.830313 0.848485 0.058276 0.035869
3320 0.826396 0.730210 0.039667 0.036178
322 0.403526 0.806895 0.048972 0.037415
3884 0.401322 0.711194 0.024976 0.037724
1151 0.316112 0.341991 0.047502 0.037724
4733 0.143242 0.863482 0.041626 0.038652
3394 0.143976 0.300247 0.036239 0.038961
3899 0.310480 0.417749 0.041136 0.038961
1140 0.829334 0.665275 0.047502 0.041744
1856 0.660872 0.891311 0.049461 0.042362
753 0.744368 0.844001 0.053869 0.042362
4733 0.143732 0.786642 0.042605 0.043290
