246 0.429568 0.400480 0.033753 0.006080
246 0.213546 0.330400 0.046355 0.006720
246 0.932493 0.274400 0.049505 0.009920
101 0.227273 0.490400 0.033303 0.011200
92 0.618812 0.601600 0.023402 0.011520
92 0.842934 0.468480 0.019802 0.012160
92 0.797705 0.518880 0.020252 0.012480
92 0.227048 0.550240 0.020252 0.012480
259 0.180243 0.657120 0.033753 0.014400
57 0.429793 0.603200 0.026103 0.016000
91 0.282853 0.464160 0.023852 0.016320
861 0.325158 0.291040 0.045455 0.016320
56 0.520477 0.593280 0.013051 0.016640
98 0.372187 0.502080 0.029703 0.016640
56 0.425518 0.454720 0.035554 0.016640
91 0.803555 0.650400 0.025653 0.016960
52 0.528128 0.409600 0.025653 0.017280
861 0.220072 0.290080 0.043204 0.017600
119 0.179568 0.566720 0.017102 0.017920
302 0.812106 0.319040 0.059856 0.017920
499 0.516427 0.320480 0.049055 0.018240
91 0.680018 0.563040 0.026103 0.018880
285 0.420117 0.319520 0.043654 0.018880
248 0.601035 0.322080 0.050855 0.018880
108 0.476373 0.444800 0.012151 0.019200
91 0.570657 0.561120 0.025203 0.019520
88 0.183393 0.587360 0.027453 0.019520
108 0.278353 0.492960 0.012151 0.020160
60 0.380738 0.520480 0.013501 0.020160
113 0.272727 0.521280 0.035104 0.020480
95 0.521602 0.578560 0.035104 0.020480
128 0.229748 0.467040 0.013051 0.020800
1197 0.676643 0.515680 0.031053 0.021440
109 0.569982 0.475520 0.027453 0.021760
259 0.613861 0.488000 0.036004 0.021760
111 0.174617 0.521280 0.014401 0.022400
645 0.603510 0.294720 0.054905 0.022400
645 0.709496 0.293920 0.041854 0.022720
64 0.226598 0.448320 0.022052 0.023040
88 0.619937 0.547200 0.027453 0.023040
95 0.727948 0.481600 0.031953 0.023040
91 0.612736 0.468480 0.040054 0.023040
501 0.710171 0.320000 0.044104 0.023040
1810 0.428668 0.433120 0.018452 0.023360
122 0.567282 0.502880 0.030153 0.023360
642 0.214671 0.313120 0.039604 0.023360
122 0.376238 0.543680 0.026103 0.023680
91 0.274527 0.578560 0.032403 0.023680
2489 0.428443 0.625920 0.035104 0.023680
86 0.186769 0.543840 0.023402 0.024000
366 0.422142 0.551840 0.034203 0.024000
2489 0.522277 0.636640 0.037354 0.024000
119 0.524527 0.614080 0.017552 0.024320
91 0.472772 0.560640 0.031953 0.024320
547 0.227273 0.571200 0.034203 0.024320
2600 0.679568 0.540480 0.036004 0.024320
978 0.685869 0.414560 0.027903 0.024640
645 0.416967 0.295520 0.041854 0.024640
645 0.815932 0.293920 0.047705 0.024640
91 0.521377 0.554240 0.033753 0.024960
113 0.471647 0.470720 0.040504 0.024960
126 0.329433 0.540960 0.038704 0.025280
1250 0.470522 0.497600 0.028353 0.025600
60 0.618812 0.440800 0.018002 0.025920
83 0.421017 0.524640 0.018452 0.025920
64 0.796805 0.545760 0.018452 0.025920
51 0.283078 0.409440 0.027903 0.025920
2255 0.333483 0.450400 0.039604 0.025920
88 0.842034 0.447680 0.025203 0.026240
127 0.798605 0.572800 0.034653 0.026240
117 0.801080 0.414240 0.016202 0.026560
1251 0.382313 0.444640 0.025653 0.026560
3735 0.186994 0.636960 0.033753 0.026560
4079 0.172142 0.495200 0.034653 0.026560
91 0.725248 0.508000 0.039154 0.026560
91 0.325383 0.479200 0.040504 0.026560
91 0.184743 0.672160 0.049055 0.026560
117 0.619037 0.414080 0.018452 0.026880
78 0.526553 0.462720 0.019802 0.026880
105 0.804230 0.599680 0.044104 0.026880
2236 0.180468 0.437920 0.031503 0.027200
2600 0.378488 0.570080 0.033303 0.027200
89 0.331683 0.659680 0.043204 0.027200
645 0.517102 0.291040 0.048605 0.027200
91 0.381188 0.599360 0.033303 0.027520
683 0.616562 0.621760 0.054905 0.027520
302 0.921242 0.659200 0.085509 0.027520
58 0.280828 0.438560 0.013501 0.027840
330 0.841809 0.536480 0.022952 0.027840
75 0.432718 0.652960 0.029253 0.027840
2249 0.569307 0.532960 0.030603 0.027840
642 0.319757 0.318240 0.033753 0.027840
99 0.850360 0.637920 0.044554 0.027840
2836 0.425068 0.580480 0.038254 0.028160
117 0.844059 0.607840 0.018452 0.028480
1251 0.573582 0.446720 0.028353 0.028800
924 0.381188 0.477120 0.041404 0.028800
83 0.523402 0.524320 0.018902 0.029120
2600 0.475923 0.528800 0.035554 0.029120
91 0.523627 0.434720 0.036454 0.029120
1229 0.271377 0.547200 0.034203 0.029440
57 0.737399 0.454240 0.031953 0.029760
3735 0.328758 0.571840 0.036454 0.030080
68 0.800405 0.443520 0.005851 0.030720
975 0.184518 0.611840 0.034203 0.030720
3307 0.173042 0.465280 0.038254 0.030720
2230 0.385014 0.413600 0.027453 0.031680
1732 0.575383 0.417120 0.036454 0.031680
322 0.226598 0.416480 0.050855 0.031680
268 0.613411 0.516480 0.029703 0.032640
127 0.802880 0.629920 0.031503 0.032960
1666 0.521827 0.493120 0.041854 0.033280
1831 0.619262 0.576800 0.027003 0.033600
2599 0.327858 0.511520 0.029253 0.033600
1959 0.680018 0.485760 0.027003 0.033920
90 0.731998 0.419200 0.037354 0.033920
118 0.329208 0.629920 0.011251 0.034240
313 0.477048 0.416480 0.029703 0.034240
1396 0.840234 0.415200 0.032403 0.034880
2489 0.227723 0.608160 0.036004 0.034880
1186 0.224572 0.518400 0.036004 0.035200
4344 0.176868 0.410080 0.034203 0.036160
4164 0.795230 0.481280 0.035104 0.037120
1373 0.331233 0.416000 0.031503 0.037760
68 0.334383 0.600480 0.007201 0.038080
1691 0.727048 0.541920 0.043654 0.038080
83 0.843159 0.570080 0.020252 0.038720
2707 0.932718 0.703200 0.031953 0.038720
2249 0.684293 0.447840 0.031053 0.039360
296 0.183393 0.692640 0.023852 0.040640
2083 0.842484 0.497120 0.039604 0.040640
2155 0.220072 0.356160 0.057606 0.041600
4213 0.935644 0.744320 0.071107 0.041600
1005 0.932943 0.175680 0.073807 0.042240
2155 0.820657 0.348320 0.052655 0.042560
2155 0.614086 0.355360 0.054455 0.042560
2155 0.324482 0.352800 0.055806 0.042560
296 0.797705 0.681120 0.036454 0.043200
2155 0.711521 0.350240 0.054005 0.043200
2155 0.518002 0.352640 0.054005 0.044160
2155 0.420567 0.351200 0.055356 0.044480
4458 0.728623 0.589920 0.047705 0.045120
68 0.426418 0.484960 0.004950 0.048960
2599 0.940819 0.371520 0.031953 0.054400
296 0.384338 0.643680 0.018002 0.055360
1267 0.930243 0.600480 0.070207 0.056640
333 0.940144 0.315840 0.062106 0.060160
3322 0.936094 0.228160 0.036904 0.062080
296 0.677093 0.607520 0.029253 0.066880
296 0.276778 0.617600 0.031503 0.068480
296 0.566157 0.611840 0.035104 0.071680
296 0.472997 0.622400 0.027903 0.072320
