246 0.436596 0.281355 0.038932 0.005505
173 0.795328 0.475826 0.020764 0.006702
173 0.625139 0.558162 0.014831 0.007659
118 0.266593 0.508377 0.013348 0.010531
56 0.321839 0.583652 0.008899 0.011728
56 0.620133 0.483964 0.008528 0.012446
91 0.323137 0.524773 0.023359 0.012685
76 0.680571 0.555409 0.024842 0.012685
118 0.628105 0.548229 0.016314 0.013164
2151 0.790693 0.430230 0.031516 0.014122
42 0.325732 0.455960 0.011494 0.014361
56 0.679459 0.541407 0.031516 0.014361
119 0.747312 0.474509 0.011494 0.014600
76 0.618836 0.499162 0.017798 0.015079
91 0.681498 0.569531 0.023730 0.015079
51 0.625139 0.533629 0.023730 0.016036
70 0.620133 0.470440 0.024101 0.016036
127 0.263812 0.521302 0.026326 0.016276
68 0.190953 0.499761 0.028179 0.016276
88 0.623471 0.516994 0.029292 0.016276
91 0.796070 0.575993 0.025213 0.016994
95 0.680200 0.524174 0.027067 0.017233
757 0.792176 0.495931 0.031516 0.017233
76 0.321468 0.597535 0.016314 0.017472
1022 0.738598 0.457276 0.031146 0.017472
252 0.323508 0.478578 0.021135 0.017951
95 0.326103 0.566060 0.029292 0.018191
2824 0.680386 0.588320 0.031146 0.018191
120 0.189284 0.516874 0.014461 0.018909
87 0.266036 0.492700 0.025584 0.018909
296 0.680386 0.607707 0.019281 0.019148
3829 0.741565 0.535783 0.029663 0.019387
4454 0.321654 0.547032 0.030033 0.020345
251 0.477382 0.785663 0.041898 0.020823
370 0.326103 0.500359 0.033000 0.022259
870 0.742306 0.556845 0.028179 0.022738
512 0.479236 0.812949 0.051539 0.022738
2351 0.794772 0.517353 0.032258 0.023696
898 0.705228 0.331498 0.050426 0.023935
2694 0.266593 0.466850 0.026696 0.025132
1871 0.794401 0.454883 0.030033 0.025132
126 0.234891 0.545357 0.030775 0.025132
3058 0.622914 0.448181 0.034112 0.025132
496 0.479607 0.724031 0.050797 0.025850
870 0.506489 0.317257 0.038561 0.026089
252 0.704301 0.304572 0.041157 0.027046
1595 0.508899 0.249043 0.050797 0.027046
4119 0.473489 0.756462 0.056359 0.027046
2155 0.325918 0.433222 0.028179 0.027764
870 0.708565 0.387267 0.043011 0.027764
3562 0.795884 0.546673 0.030775 0.028722
1101 0.708009 0.357587 0.050056 0.028722
1986 0.503893 0.283030 0.047460 0.028961
4460 0.682054 0.500598 0.032258 0.029440
3438 0.706155 0.417903 0.041157 0.030637
3562 0.678346 0.464696 0.027809 0.031355
70 0.188543 0.542006 0.033000 0.031833
2913 0.440860 0.253351 0.035595 0.033270
2591 0.439192 0.312350 0.038932 0.033509
1298 0.737301 0.505026 0.023359 0.034466
68 0.627549 0.552298 0.044865 0.036142
2824 0.477011 0.568573 0.127178 0.065342
4213 0.483871 0.647559 0.137931 0.079225
3562 0.477382 0.484323 0.108639 0.080182
4460 0.483871 0.396123 0.126066 0.088080
