246 0.487640 0.476632 0.038202 0.004811
246 0.403933 0.507732 0.042697 0.006529
128 0.912360 0.170962 0.006742 0.009966
92 0.980899 0.590378 0.019101 0.010309
93 0.755056 0.779038 0.050562 0.010309
128 0.488202 0.584364 0.011236 0.010653
101 0.574438 0.507388 0.038764 0.010653
92 0.659831 0.678351 0.032022 0.010997
128 0.407022 0.902577 0.010674 0.011340
128 0.234831 0.375258 0.008989 0.011684
92 0.488483 0.349828 0.029775 0.011684
92 0.406742 0.730584 0.031461 0.011684
56 0.234831 0.743127 0.015730 0.012027
56 0.909551 0.553436 0.017978 0.012027
56 0.320225 0.783333 0.017978 0.012027
93 0.979213 0.256186 0.019101 0.012027
92 0.321067 0.303093 0.029775 0.012371
92 0.576124 0.456186 0.029775 0.012715
56 0.146348 0.141924 0.014045 0.013058
52 0.741854 0.746735 0.032022 0.013058
101 0.145506 0.153608 0.046067 0.013058
56 0.826966 0.596048 0.014607 0.013402
60 0.488764 0.768729 0.037079 0.013746
52 0.317978 0.502749 0.042697 0.013746
88 0.985393 0.867182 0.012360 0.014089
56 0.578933 0.901890 0.017416 0.014089
72 0.980618 0.473540 0.017416 0.014433
56 0.492416 0.671649 0.010674 0.014777
56 0.910955 0.295017 0.015169 0.014777
92 0.827809 0.246907 0.030899 0.014777
120 0.492135 0.784192 0.020225 0.015120
120 0.321067 0.218557 0.020787 0.015120
62 0.826966 0.642955 0.022472 0.015120
62 0.154213 0.770790 0.023034 0.015120
93 0.404494 0.155670 0.040449 0.015120
93 0.921629 0.651890 0.045506 0.015120
166 0.433708 0.519072 0.011236 0.015464
120 0.321629 0.722852 0.016292 0.015464
92 0.657303 0.872337 0.029213 0.015464
52 0.655899 0.524570 0.043258 0.015464
56 0.654775 0.196735 0.012921 0.016151
92 0.151966 0.542440 0.029775 0.016151
81 0.907022 0.157216 0.037640 0.016151
81 0.230056 0.359622 0.039888 0.016151
499 0.830056 0.786082 0.045506 0.016151
1415 0.656461 0.282646 0.046629 0.016151
62 0.741292 0.361512 0.018539 0.016495
66 0.150843 0.727835 0.019663 0.016495
88 0.492416 0.860481 0.023034 0.016495
85 0.489045 0.629553 0.024157 0.016495
91 0.147472 0.339519 0.033146 0.016495
52 0.321910 0.847423 0.037079 0.016495
52 0.907022 0.187629 0.042135 0.016495
72 0.656461 0.734192 0.021910 0.016838
88 0.151685 0.453093 0.022472 0.016838
56 0.401966 0.142612 0.018539 0.017182
88 0.323315 0.351546 0.023034 0.017182
52 0.318820 0.161168 0.038764 0.017182
55 0.574157 0.825773 0.042697 0.017182
49 0.741011 0.138316 0.012360 0.017526
88 0.235112 0.250687 0.018539 0.017526
83 0.981461 0.744502 0.021348 0.017526
88 0.575843 0.800515 0.021348 0.017526
91 0.654494 0.832818 0.025843 0.017526
64 0.234270 0.846564 0.025843 0.017526
81 0.907303 0.107045 0.037079 0.017526
547 0.239045 0.558935 0.046629 0.017526
91 0.572753 0.142612 0.030899 0.017869
91 0.745225 0.901375 0.032022 0.017869
91 0.319101 0.764605 0.037079 0.017869
101 0.747191 0.762543 0.056180 0.017869
88 0.744382 0.822509 0.019101 0.018213
85 0.487360 0.369931 0.027528 0.018213
54 0.490730 0.900859 0.027528 0.018213
91 0.823596 0.538660 0.035955 0.018213
56 0.486236 0.410825 0.043258 0.018213
55 0.740730 0.618041 0.043258 0.018213
120 0.408427 0.879381 0.012360 0.018557
120 0.656742 0.260137 0.017978 0.018557
1810 0.829213 0.862199 0.021348 0.018557
91 0.235393 0.869072 0.030337 0.018557
88 0.489888 0.715808 0.031461 0.018557
91 0.488483 0.204467 0.033146 0.018557
88 0.824157 0.230241 0.033708 0.018557
91 0.571629 0.631615 0.034270 0.018557
115 0.572191 0.655326 0.042135 0.018557
85 0.151966 0.522852 0.012921 0.018900
76 0.656742 0.242096 0.015730 0.018900
111 0.487079 0.390893 0.021348 0.018900
111 0.826404 0.835223 0.022472 0.018900
86 0.671067 0.754467 0.034270 0.018900
115 0.319663 0.706014 0.034831 0.018900
86 0.982865 0.491753 0.006180 0.019244
60 0.488202 0.429897 0.012360 0.019244
64 0.485674 0.563230 0.025281 0.019244
88 0.912921 0.877320 0.025843 0.019244
98 0.316292 0.180069 0.042697 0.019244
3735 0.487921 0.882818 0.046629 0.019244
63 0.917135 0.853265 0.048876 0.019244
85 0.322191 0.826976 0.016292 0.019588
83 0.231180 0.535911 0.029775 0.019588
108 0.908708 0.698625 0.016292 0.019931
66 0.657584 0.451203 0.019663 0.019931
62 0.575281 0.418557 0.023596 0.019931
91 0.317697 0.454639 0.034270 0.019931
88 0.738483 0.232990 0.036517 0.019931
88 0.908427 0.312715 0.038202 0.019931
85 0.321067 0.109107 0.011798 0.020275
76 0.655337 0.598110 0.018539 0.020275
111 0.912079 0.897766 0.024157 0.020275
88 0.147191 0.597079 0.040449 0.020275
98 0.650562 0.853780 0.046067 0.020275
119 0.236798 0.173196 0.015169 0.020619
76 0.572191 0.556357 0.018539 0.020619
88 0.575281 0.250859 0.020225 0.020619
89 0.148034 0.197423 0.042135 0.020962
98 0.821067 0.497766 0.042135 0.020962
111 0.978933 0.168729 0.014045 0.021306
49 0.405618 0.270447 0.017978 0.021306
88 0.487079 0.603093 0.039326 0.021306
98 0.567978 0.439519 0.044944 0.021306
120 0.986798 0.808419 0.007303 0.021649
123 0.740449 0.402234 0.017978 0.021649
120 0.155618 0.789519 0.019101 0.021649
111 0.656461 0.775086 0.020787 0.021649
252 0.823034 0.109107 0.038202 0.021649
95 0.320225 0.868213 0.039326 0.021649
1435 0.147753 0.648625 0.042697 0.021649
69 0.985393 0.695189 0.005618 0.021993
74 0.659270 0.574570 0.020787 0.021993
111 0.149719 0.395533 0.021910 0.021993
62 0.573876 0.204124 0.035393 0.021993
113 0.235955 0.824399 0.040449 0.021993
126 0.978933 0.143127 0.016292 0.022337
111 0.979494 0.510481 0.019663 0.022337
111 0.486517 0.454124 0.023596 0.022337
118 0.152247 0.175430 0.026966 0.022337
118 0.747472 0.310825 0.028652 0.022337
126 0.573876 0.325945 0.033146 0.022337
87 0.317978 0.201546 0.037079 0.022337
81 0.571067 0.581271 0.038764 0.022337
120 0.321067 0.408935 0.017416 0.022680
85 0.658989 0.501375 0.019101 0.022680
66 0.319663 0.576976 0.019101 0.022680
111 0.318820 0.743299 0.021910 0.022680
126 0.909831 0.789003 0.029775 0.022680
87 0.319663 0.603780 0.037079 0.022680
127 0.826685 0.207560 0.046629 0.022680
1455 0.739326 0.288316 0.049438 0.022680
111 0.316292 0.433505 0.021348 0.023024
117 0.486517 0.229038 0.025843 0.023024
126 0.658427 0.143814 0.032584 0.023024
83 0.399157 0.710137 0.034270 0.023024
95 0.571910 0.301546 0.038202 0.023024
90 0.655337 0.217698 0.043258 0.023024
127 0.740730 0.378866 0.043258 0.023024
4260 0.746348 0.877835 0.043258 0.023024
68 0.235112 0.513402 0.006180 0.023368
85 0.823876 0.441924 0.014045 0.023368
85 0.233708 0.195533 0.015730 0.023368
85 0.318539 0.521306 0.016854 0.023368
111 0.319663 0.652234 0.029213 0.023368
126 0.405899 0.820619 0.032022 0.023368
95 0.402247 0.415808 0.047191 0.023368
53 0.232303 0.275086 0.014045 0.023711
85 0.909831 0.208076 0.016292 0.023711
118 0.831180 0.392955 0.018539 0.023711
95 0.739326 0.337629 0.042697 0.023711
95 0.148596 0.673368 0.046629 0.023711
316 0.575281 0.606357 0.051685 0.023711
3687 0.657303 0.393986 0.056180 0.023711
76 0.401685 0.525773 0.016854 0.024055
78 0.404213 0.350172 0.034270 0.024055
51 0.823876 0.163918 0.035393 0.024055
60 0.740449 0.476804 0.015730 0.024399
111 0.739607 0.501546 0.020787 0.024399
87 0.980618 0.611168 0.020787 0.024399
118 0.831461 0.189863 0.024719 0.024399
127 0.978090 0.399141 0.024719 0.024399
118 0.237079 0.490206 0.024719 0.024399
87 0.742135 0.642096 0.038202 0.024399
51 0.823596 0.368557 0.039326 0.024399
70 0.571348 0.710481 0.039326 0.024399
93 0.917416 0.532474 0.041573 0.024399
1415 0.740730 0.693986 0.047753 0.024399
121 0.909551 0.633162 0.048315 0.024399
118 0.984270 0.379038 0.008989 0.024742
85 0.981461 0.421649 0.011236 0.024742
58 0.234831 0.723711 0.021348 0.024742
87 0.234270 0.761168 0.032584 0.024742
126 0.319944 0.481443 0.033146 0.024742
51 0.485955 0.295876 0.035955 0.024742
1435 0.573034 0.277320 0.040449 0.024742
98 0.230618 0.609622 0.043258 0.024742
1401 0.736517 0.561856 0.049438 0.024742
111 0.825562 0.515979 0.018539 0.025086
111 0.827247 0.759278 0.024157 0.025086
126 0.743258 0.720790 0.029213 0.025086
752 0.236236 0.664433 0.053371 0.025086
1435 0.825843 0.471821 0.031461 0.025430
680 0.403371 0.654639 0.039326 0.025430
87 0.320787 0.802062 0.039326 0.025430
93 0.497753 0.651203 0.040449 0.025430
96 0.410112 0.552577 0.060674 0.025430
117 0.825562 0.270619 0.015169 0.025773
58 0.571629 0.227320 0.017416 0.025773
3286 0.978652 0.450000 0.024719 0.025773
126 0.909551 0.469244 0.026966 0.025773
4440 0.976685 0.568213 0.029775 0.025773
126 0.238202 0.433162 0.031461 0.025773
75 0.157584 0.620790 0.037640 0.025773
113 0.908146 0.270619 0.041011 0.025773
107 0.319944 0.551031 0.041011 0.025773
121 0.149438 0.751375 0.048315 0.025773
104 0.980899 0.637801 0.021348 0.026117
69 0.756461 0.665292 0.032022 0.026117
87 0.909831 0.723368 0.034270 0.026117
54 0.746067 0.798625 0.037079 0.026117
87 0.738483 0.453952 0.037640 0.026117
113 0.738764 0.259794 0.039326 0.026117
53 0.401685 0.327320 0.015730 0.026460
119 0.741854 0.424914 0.018539 0.026460
126 0.403933 0.623883 0.031461 0.026460
2677 0.826404 0.699485 0.032584 0.026460
981 0.151966 0.313230 0.041011 0.026460
3665 0.237360 0.896392 0.043258 0.026460
751 0.407022 0.247595 0.045506 0.026460
75 0.331742 0.135567 0.046629 0.026460
979 0.320506 0.327663 0.047753 0.026460
3059 0.148315 0.476117 0.052809 0.026460
105 0.584270 0.849656 0.053933 0.026460
68 0.658146 0.329210 0.009551 0.026804
60 0.657584 0.546048 0.014045 0.026804
58 0.907303 0.129897 0.017978 0.026804
119 0.490449 0.692096 0.020225 0.026804
3053 0.236517 0.581787 0.021348 0.026804
843 0.981742 0.890034 0.021910 0.026804
4051 0.978371 0.665979 0.026404 0.026804
316 0.910955 0.674914 0.051124 0.026804
1400 0.151404 0.257045 0.052247 0.026804
60 0.573315 0.679553 0.011798 0.027148
60 0.320506 0.625258 0.014045 0.027148
87 0.485674 0.112887 0.038764 0.027148
3735 0.317697 0.681959 0.042135 0.027148
2808 0.317135 0.243127 0.050000 0.027148
333 0.827809 0.811856 0.050000 0.027148
1644 0.655899 0.304296 0.051124 0.027148
920 0.653933 0.170275 0.052809 0.027148
2193 0.655056 0.113230 0.053933 0.027148
96 0.661236 0.622509 0.053933 0.027148
3229 0.490730 0.744330 0.043258 0.027491
1477 0.236517 0.693471 0.046067 0.027491
119 0.406180 0.682990 0.014607 0.027835
703 0.905056 0.340378 0.038202 0.027835
127 0.149438 0.504639 0.051685 0.027835
1017 0.149438 0.286426 0.056180 0.027835
99 0.911798 0.368900 0.059551 0.027835
81 0.574719 0.879725 0.037079 0.028179
1083 0.404775 0.484880 0.038764 0.028179
125 0.573596 0.737113 0.039326 0.028179
717 0.153652 0.702749 0.053371 0.028179
2809 0.316854 0.275945 0.053933 0.028179
119 0.910112 0.573368 0.019101 0.028522
68 0.976124 0.235223 0.025281 0.028522
2247 0.824157 0.136254 0.042697 0.028522
1420 0.405337 0.849313 0.043258 0.028522
4254 0.233427 0.149656 0.044382 0.028522
273 0.150562 0.226117 0.039326 0.028866
1083 0.402809 0.789347 0.040449 0.028866
85 0.405899 0.296392 0.018539 0.029210
58 0.654494 0.803608 0.022472 0.029210
87 0.907865 0.606014 0.038202 0.029210
4421 0.908427 0.820103 0.042697 0.029210
2247 0.576404 0.481271 0.047191 0.029210
1419 0.658427 0.654124 0.047191 0.029210
1804 0.577247 0.528351 0.048876 0.029210
85 0.983146 0.721306 0.010112 0.029553
58 0.483989 0.143299 0.018539 0.029553
2610 0.740449 0.532990 0.031461 0.029553
1220 0.738202 0.850172 0.041573 0.029553
1887 0.403371 0.216495 0.044944 0.029553
2266 0.573596 0.113746 0.052809 0.029553
68 0.492978 0.807732 0.007303 0.029897
92 0.489045 0.533505 0.018539 0.029897
69 0.669101 0.475773 0.029213 0.029897
78 0.233989 0.301203 0.033146 0.029897
71 0.748596 0.588832 0.036517 0.029897
69 0.833708 0.414948 0.039326 0.029897
3179 0.830618 0.891237 0.047753 0.029897
975 0.487640 0.501890 0.048315 0.029897
1795 0.910955 0.501375 0.047753 0.030241
4164 0.977528 0.539347 0.026966 0.030584
2382 0.658989 0.423196 0.046067 0.030584
3984 0.481180 0.177148 0.046629 0.030584
3100 0.828090 0.729725 0.047191 0.030584
1755 0.983427 0.775258 0.018539 0.030928
4090 0.975562 0.349141 0.027528 0.030928
2714 0.902528 0.755670 0.042135 0.030928
4486 0.233708 0.226460 0.049438 0.030928
390 0.315169 0.379038 0.049438 0.030928
603 0.652528 0.705842 0.054494 0.030928
63 0.503090 0.835395 0.062360 0.030928
68 0.488764 0.324570 0.006742 0.031271
68 0.740169 0.165808 0.009551 0.031271
4328 0.738764 0.109794 0.051685 0.031271
4502 0.231180 0.333162 0.054494 0.031271
119 0.826404 0.666323 0.017978 0.031615
58 0.823876 0.299656 0.021910 0.031615
4050 0.975843 0.315808 0.025843 0.031615
1870 0.573315 0.773196 0.037640 0.031615
653 0.658427 0.893814 0.039326 0.031615
4392 0.234270 0.400344 0.051685 0.031615
1396 0.150281 0.569416 0.057865 0.031615
2022 0.980899 0.838316 0.023596 0.031959
1548 0.323034 0.893299 0.046067 0.031959
3257 0.905337 0.434536 0.046629 0.031959
992 0.150281 0.367182 0.048876 0.031959
68 0.573596 0.390722 0.006742 0.032302
119 0.826404 0.617182 0.017978 0.032302
3373 0.150000 0.425086 0.043820 0.032302
4652 0.238202 0.464948 0.046067 0.032302
819 0.237079 0.633333 0.046067 0.032302
68 0.234831 0.117010 0.007865 0.032646
2022 0.973315 0.114605 0.026404 0.032646
1831 0.237640 0.793986 0.035955 0.032646
83 0.148034 0.118557 0.015169 0.032990
58 0.737079 0.198797 0.021348 0.033333
83 0.656180 0.359450 0.016854 0.034364
4528 0.910112 0.240206 0.040449 0.034364
1018 0.407022 0.754983 0.044382 0.034364
68 0.402528 0.115979 0.010674 0.034708
2599 0.405056 0.447766 0.034831 0.035052
4091 0.569382 0.171821 0.042135 0.035052
2424 0.573876 0.357732 0.044382 0.035052
47 0.983989 0.280412 0.011798 0.035739
957 0.901404 0.399313 0.038764 0.036426
2412 0.403933 0.182474 0.043820 0.037113
1126 0.401966 0.586942 0.046629 0.037113
83 0.977528 0.198969 0.010112 0.037801
296 0.826124 0.338832 0.032022 0.038488
2904 0.404494 0.385052 0.044944 0.038832
68 0.488764 0.260825 0.006742 0.039175
973 0.821067 0.573540 0.041011 0.039863
