246 0.565470 0.368648 0.052798 0.011407
92 0.569166 0.337539 0.038015 0.013481
93 0.431626 0.676288 0.049102 0.015555
92 0.706969 0.510197 0.039071 0.018666
499 0.830781 0.339613 0.070222 0.021777
92 0.168427 0.572935 0.042239 0.022468
57 0.449050 0.879364 0.056494 0.026962
93 0.303062 0.392845 0.064414 0.028690
861 0.835797 0.217076 0.100317 0.034566
88 0.300950 0.886623 0.038015 0.035258
1101 0.704329 0.888697 0.041183 0.035949
91 0.426082 0.451089 0.051742 0.035949
111 0.431890 0.771863 0.046463 0.036640
980 0.560982 0.819046 0.044879 0.037677
88 0.567582 0.592810 0.061246 0.038714
3569 0.422122 0.726236 0.088173 0.039405
101 0.430042 0.660214 0.078669 0.040097
1584 0.708025 0.314898 0.035903 0.042171
119 0.708289 0.697891 0.025871 0.042862
87 0.699314 0.654857 0.062830 0.043208
72 0.165787 0.614414 0.063358 0.043208
693 0.833685 0.449015 0.100317 0.044936
101 0.571542 0.672140 0.082893 0.045973
1894 0.573390 0.416868 0.064414 0.046319
66 0.570750 0.625475 0.036959 0.047356
85 0.149155 0.777912 0.026927 0.048047
108 0.288543 0.518666 0.027983 0.048047
81 0.428722 0.269789 0.070750 0.048047
83 0.162619 0.283616 0.057022 0.048738
1584 0.565998 0.541479 0.045407 0.049430
3837 0.151003 0.826651 0.089757 0.050121
83 0.423706 0.324922 0.054382 0.050467
66 0.704329 0.545627 0.066526 0.052195
1424 0.568374 0.215520 0.069166 0.052195
126 0.577878 0.867093 0.069166 0.052195
3032 0.299102 0.852748 0.087117 0.052541
58 0.159451 0.875043 0.043295 0.052886
501 0.560718 0.704459 0.074974 0.053923
1584 0.833685 0.388870 0.054910 0.054615
87 0.288807 0.285517 0.065470 0.055306
118 0.703537 0.600415 0.045935 0.057380
62 0.438490 0.497753 0.086061 0.057380
1359 0.563622 0.770135 0.093453 0.058071
76 0.428194 0.537504 0.042239 0.058763
91 0.567318 0.482890 0.063886 0.059454
85 0.431890 0.215693 0.036959 0.060145
107 0.171595 0.666782 0.027455 0.061528
3948 0.426874 0.822848 0.079725 0.061873
1605 0.421331 0.392845 0.089757 0.063256
4397 0.703801 0.459558 0.051742 0.065330
121 0.161035 0.529036 0.091869 0.065330
118 0.166579 0.463014 0.051214 0.066713
85 0.291183 0.642413 0.024815 0.069478
118 0.290919 0.348600 0.040127 0.070861
1316 0.564414 0.288455 0.080253 0.070861
3163 0.296990 0.713273 0.058606 0.071552
107 0.425026 0.603526 0.036959 0.073280
1584 0.289863 0.221224 0.051742 0.073280
1720 0.700370 0.831835 0.067054 0.074317
629 0.165259 0.226063 0.058078 0.075354
642 0.837117 0.283788 0.039599 0.076737
113 0.290655 0.455755 0.087117 0.077083
3742 0.700370 0.384203 0.091341 0.077774
2972 0.311246 0.788801 0.076558 0.078811
3510 0.706177 0.758728 0.078669 0.080885
643 0.705121 0.239198 0.056494 0.093329
69 0.182682 0.745247 0.040127 0.095403
1666 0.161563 0.375562 0.081309 0.100588
47 0.312830 0.574836 0.067054 0.132734
