246 0.074530 0.274356 0.053546 0.007820
92 0.775929 0.833496 0.038109 0.013685
101 0.846358 0.327631 0.055475 0.015314
57 0.849493 0.913653 0.031838 0.015640
120 0.780270 0.382861 0.018813 0.019550
126 0.843222 0.704301 0.041486 0.019876
102 0.780994 0.914304 0.052098 0.020202
72 0.771828 0.330401 0.035697 0.023460
56 0.700675 0.115347 0.040039 0.023460
2151 0.844670 0.175627 0.040521 0.024112
278 0.083213 0.297980 0.047757 0.024438
111 0.770863 0.178886 0.019296 0.024764
99 0.776893 0.889541 0.050651 0.024764
51 0.844911 0.731672 0.035215 0.025090
85 0.777617 0.696481 0.016401 0.025741
108 0.843946 0.821603 0.013025 0.026393
68 0.847564 0.231672 0.005789 0.026719
4253 0.845876 0.887260 0.042933 0.026719
3999 0.775929 0.558162 0.042933 0.027370
126 0.775446 0.148420 0.036179 0.027696
92 0.842258 0.761486 0.017366 0.028022
117 0.847323 0.204138 0.021708 0.028348
277 0.847082 0.149886 0.046310 0.028674
2489 0.071394 0.205279 0.051134 0.028674
67 0.782682 0.357934 0.048722 0.029000
91 0.843464 0.593190 0.031356 0.029651
3050 0.847564 0.117791 0.048239 0.030303
118 0.704534 0.142392 0.011095 0.030629
401 0.843222 0.506680 0.042451 0.030629
121 0.847805 0.790974 0.048722 0.030955
71 0.707188 0.175138 0.049204 0.030955
92 0.775446 0.775008 0.022672 0.031606
87 0.777376 0.450147 0.032320 0.032258
85 0.702123 0.204627 0.017849 0.032584
83 0.844670 0.391007 0.031838 0.032584
4345 0.079836 0.123819 0.045827 0.032584
119 0.776411 0.482731 0.020743 0.032910
119 0.778341 0.807266 0.021708 0.032910
1365 0.771587 0.212773 0.038109 0.033236
761 0.773758 0.519062 0.041486 0.033236
3956 0.774481 0.117954 0.046792 0.033236
85 0.777135 0.411372 0.013507 0.033561
126 0.843946 0.264581 0.043898 0.033887
316 0.777376 0.670903 0.046792 0.033887
1256 0.844187 0.860052 0.035697 0.034213
3051 0.774240 0.860052 0.039556 0.034213
4059 0.771105 0.296839 0.047757 0.034539
91 0.777376 0.634734 0.036179 0.035191
442 0.845634 0.296188 0.045345 0.036494
308 0.777135 0.737700 0.049204 0.037146
83 0.774240 0.253014 0.015437 0.037471
3799 0.074288 0.244542 0.055958 0.037471
58 0.845152 0.676442 0.036662 0.037797
127 0.707429 0.282828 0.052581 0.037797
87 0.703087 0.244868 0.031356 0.038123
3192 0.843946 0.353861 0.037144 0.038449
481 0.842740 0.430270 0.037627 0.038775
1358 0.840810 0.469697 0.040521 0.040078
3045 0.077183 0.382535 0.049204 0.040404
3500 0.777135 0.599055 0.035697 0.041382
1879 0.073806 0.166667 0.037627 0.041382
1267 0.078871 0.332356 0.055475 0.043662
2956 0.845152 0.635386 0.031838 0.044314
3153 0.844428 0.550342 0.040039 0.050179
