88 0.299843 0.702074 0.011018 0.007026
128 0.229276 0.847106 0.012592 0.007360
128 0.740031 0.848779 0.013116 0.007360
128 0.805876 0.849281 0.010493 0.007695
246 0.874869 0.782369 0.046695 0.007695
128 0.413956 0.844597 0.013641 0.008364
128 0.366999 0.848277 0.014166 0.008364
128 0.590504 0.847441 0.015215 0.008699
128 0.523085 0.840749 0.016789 0.008699
88 0.678122 0.646370 0.012067 0.009368
88 0.181794 0.672466 0.014166 0.009368
128 0.293547 0.849113 0.014166 0.009368
92 0.413431 0.445299 0.031480 0.009368
128 0.477177 0.844430 0.018363 0.010037
92 0.589979 0.766477 0.032004 0.010037
92 0.359129 0.480428 0.033054 0.010706
128 0.154774 0.849448 0.015740 0.011375
92 0.234260 0.449147 0.034103 0.011710
91 0.170252 0.558046 0.030955 0.012713
108 0.675761 0.741385 0.020986 0.013382
56 0.163694 0.511040 0.016789 0.013717
1173 0.414481 0.533121 0.039874 0.015055
56 0.418416 0.351121 0.046695 0.015055
111 0.233998 0.507193 0.014690 0.016059
52 0.800367 0.405821 0.033054 0.016728
120 0.284627 0.751589 0.015215 0.017732
55 0.868573 0.688692 0.048793 0.017732
76 0.236097 0.553362 0.023085 0.018066
91 0.475079 0.733188 0.025708 0.018401
2595 0.668940 0.432753 0.034627 0.018401
52 0.361490 0.386584 0.036726 0.019070
62 0.149528 0.736199 0.019937 0.019739
64 0.300892 0.505688 0.022560 0.019739
111 0.363326 0.529274 0.020462 0.020074
111 0.165005 0.688692 0.017314 0.020408
62 0.364638 0.728003 0.020986 0.020743
58 0.355981 0.410505 0.026758 0.020743
60 0.423137 0.646370 0.033054 0.020743
85 0.479801 0.353128 0.019412 0.021077
56 0.360178 0.558883 0.042497 0.021077
85 0.173662 0.710104 0.013641 0.021746
83 0.867524 0.606725 0.029906 0.021746
81 0.796432 0.377551 0.041973 0.021746
3560 0.225866 0.719806 0.045645 0.021746
108 0.390871 0.723653 0.014690 0.022081
91 0.294596 0.400134 0.034103 0.022081
1214 0.605456 0.610907 0.038825 0.022081
62 0.407660 0.713115 0.019937 0.022416
62 0.729276 0.708431 0.022036 0.022416
51 0.796432 0.351121 0.049318 0.022416
119 0.538825 0.661760 0.013641 0.022750
1006 0.668416 0.550519 0.065058 0.023085
118 0.492655 0.668786 0.012592 0.023419
252 0.481899 0.753764 0.027807 0.023419
111 0.419990 0.502676 0.017314 0.023754
268 0.668416 0.458849 0.035677 0.023754
76 0.602571 0.576782 0.023610 0.024088
675 0.672088 0.520910 0.032529 0.024088
119 0.173137 0.734861 0.011542 0.024423
119 0.363851 0.750251 0.013116 0.024423
91 0.555089 0.562563 0.033578 0.024423
51 0.228489 0.531616 0.043547 0.024757
1197 0.232949 0.747742 0.049318 0.024757
683 0.361228 0.506858 0.056139 0.024757
128 0.874344 0.727668 0.015215 0.025427
1126 0.445698 0.440281 0.028856 0.025427
970 0.864376 0.355637 0.036201 0.025427
87 0.167629 0.581465 0.039349 0.025427
978 0.737408 0.349950 0.047744 0.025427
109 0.874082 0.661927 0.045121 0.025761
76 0.795121 0.677819 0.021511 0.026096
93 0.875131 0.701572 0.032529 0.026096
4040 0.794334 0.436266 0.044071 0.026096
92 0.165005 0.356474 0.025708 0.026430
770 0.866212 0.753931 0.036726 0.026430
91 0.866474 0.423720 0.051941 0.026430
118 0.807188 0.513884 0.014166 0.026765
118 0.375131 0.582804 0.023085 0.026765
51 0.543809 0.435597 0.047744 0.026765
1083 0.171826 0.533791 0.039349 0.027099
85 0.301417 0.471395 0.017314 0.027434
1927 0.293022 0.366009 0.054040 0.027434
4652 0.541186 0.683841 0.055089 0.027434
3626 0.421039 0.470057 0.060336 0.027434
95 0.354669 0.359819 0.040923 0.027768
56 0.863326 0.638508 0.022560 0.028438
115 0.728489 0.424724 0.043547 0.028438
70 0.233473 0.608397 0.019937 0.029107
3735 0.589717 0.712111 0.032529 0.029107
2265 0.666579 0.719137 0.057188 0.029107
87 0.296432 0.730177 0.058762 0.029107
108 0.554040 0.464035 0.020986 0.029441
1584 0.805089 0.587153 0.028856 0.029441
117 0.543809 0.634995 0.029906 0.029441
770 0.803515 0.747240 0.038300 0.029776
3161 0.805876 0.620943 0.037775 0.030110
87 0.604669 0.361994 0.041448 0.030110
126 0.607030 0.638006 0.046170 0.030110
325 0.548531 0.536300 0.046695 0.030110
4652 0.295645 0.589495 0.046695 0.030110
126 0.609916 0.392606 0.041448 0.030445
3612 0.295645 0.435597 0.055089 0.030780
118 0.238458 0.578956 0.018363 0.031114
121 0.592865 0.742891 0.024134 0.031114
2220 0.669465 0.490632 0.041973 0.031114
3577 0.730850 0.382904 0.043022 0.031114
770 0.534890 0.751589 0.043547 0.031114
60 0.170776 0.609568 0.014166 0.031449
76 0.545383 0.494814 0.032004 0.031449
109 0.550630 0.402476 0.037251 0.031449
119 0.408709 0.738541 0.013641 0.031783
87 0.476653 0.640515 0.041448 0.031783
83 0.618311 0.707929 0.019412 0.032118
60 0.418416 0.376882 0.016264 0.032452
117 0.479801 0.433423 0.020462 0.032452
3468 0.469832 0.704082 0.039349 0.032452
119 0.729014 0.491134 0.017314 0.032787
3560 0.537775 0.719304 0.044071 0.032787
121 0.166579 0.430244 0.022560 0.033456
119 0.745016 0.685012 0.011542 0.033791
2320 0.669727 0.617765 0.050892 0.033791
118 0.732949 0.456507 0.012592 0.034460
1799 0.541448 0.599699 0.035677 0.034460
3307 0.168153 0.651556 0.046695 0.034460
1833 0.233736 0.645199 0.048793 0.034460
85 0.735047 0.604885 0.020986 0.034794
81 0.795645 0.483105 0.047744 0.034794
3137 0.231375 0.478588 0.040923 0.035129
1833 0.294596 0.675644 0.049843 0.035129
616 0.417104 0.566577 0.057712 0.035129
1083 0.804302 0.714286 0.046170 0.035463
2264 0.367786 0.693878 0.049318 0.035463
3565 0.476653 0.475243 0.039349 0.035798
1142 0.228489 0.686852 0.043547 0.036132
1833 0.665005 0.677150 0.048793 0.036132
118 0.433106 0.674975 0.015215 0.036467
1502 0.666842 0.577618 0.026233 0.036467
68 0.604145 0.452492 0.048793 0.036467
4064 0.730588 0.648879 0.054040 0.036467
3984 0.361490 0.616594 0.033578 0.036802
322 0.233473 0.365507 0.045121 0.037136
83 0.361490 0.654734 0.019937 0.037471
83 0.411857 0.609234 0.023085 0.037471
4671 0.163956 0.478421 0.049843 0.037471
119 0.150577 0.766310 0.011542 0.037805
121 0.418940 0.412345 0.023610 0.037805
87 0.549580 0.367514 0.036201 0.037805
1142 0.609129 0.671295 0.038825 0.037805
68 0.676548 0.769823 0.005771 0.038140
720 0.481375 0.522917 0.039349 0.038140
3338 0.866999 0.463366 0.056139 0.038140
83 0.295383 0.625460 0.025184 0.038474
87 0.164743 0.393777 0.039874 0.038809
4671 0.358604 0.446303 0.052991 0.038809
322 0.606768 0.493476 0.045645 0.039478
1851 0.608080 0.430746 0.034627 0.039813
3375 0.877492 0.835229 0.059286 0.040482
83 0.787251 0.543326 0.020462 0.041485
83 0.655037 0.807293 0.024659 0.042155
119 0.730588 0.741385 0.018363 0.042824
1917 0.606243 0.542489 0.030955 0.043827
83 0.859129 0.510204 0.023610 0.046169
4036 0.304040 0.544831 0.034103 0.046504
68 0.493442 0.559384 0.004722 0.046838
4036 0.232424 0.412680 0.039874 0.049180
68 0.811647 0.661593 0.006296 0.049849
101 0.477702 0.390432 0.037251 0.052860
68 0.421301 0.700903 0.008395 0.055537
2272 0.868048 0.569087 0.059286 0.056875
296 0.476128 0.588993 0.028856 0.065908
47 0.736884 0.548678 0.033054 0.080294
