92 0.741100 0.896019 0.039914 0.016472
88 0.583333 0.357756 0.076052 0.029170
128 0.299622 0.322066 0.017799 0.029856
85 0.462513 0.893617 0.027508 0.035003
1867 0.730583 0.526767 0.069579 0.036376
120 0.300701 0.289979 0.039374 0.037062
85 0.448220 0.376630 0.026969 0.038092
111 0.321467 0.888813 0.055016 0.039808
1002 0.729773 0.675189 0.084142 0.041524
111 0.317691 0.719629 0.042071 0.043926
85 0.592772 0.692519 0.024811 0.044612
88 0.173948 0.683596 0.038296 0.045299
111 0.456041 0.474091 0.032902 0.045642
111 0.304207 0.518188 0.048544 0.049417
2061 0.738403 0.846088 0.070119 0.049760
2576 0.323625 0.838538 0.071197 0.049760
87 0.603560 0.806966 0.085221 0.050446
2285 0.727077 0.788435 0.091694 0.051819
126 0.591424 0.582189 0.071737 0.053878
1113 0.593312 0.754804 0.077670 0.053878
111 0.456311 0.707618 0.046386 0.055594
55 0.457389 0.423473 0.070119 0.055594
1010 0.447950 0.653054 0.092233 0.055594
1613 0.584142 0.643960 0.091694 0.055937
91 0.733549 0.731469 0.070119 0.056623
83 0.173409 0.884351 0.039374 0.056966
2590 0.726537 0.462594 0.070119 0.057653
4524 0.175566 0.464482 0.090076 0.058682
3950 0.864887 0.320350 0.094391 0.058682
892 0.710356 0.321894 0.100324 0.061771
1435 0.300971 0.233699 0.091694 0.063143
98 0.444175 0.523850 0.090076 0.063487
3019 0.311219 0.778140 0.091694 0.063487
2682 0.167745 0.308682 0.062567 0.064173
485 0.724110 0.397049 0.080367 0.065889
2997 0.302050 0.586307 0.087379 0.066918
119 0.600324 0.874056 0.039914 0.067261
706 0.435005 0.234043 0.081446 0.067261
3323 0.312298 0.459849 0.106796 0.069321
1877 0.455502 0.772992 0.077131 0.069664
95 0.575243 0.307996 0.091154 0.070350
91 0.172060 0.540151 0.074434 0.074125
1505 0.454423 0.846088 0.065264 0.074468
2599 0.735437 0.606040 0.068501 0.074811
1921 0.717098 0.236445 0.079288 0.075498
1570 0.175836 0.620110 0.102481 0.076184
476 0.299083 0.382292 0.107335 0.076184
1463 0.170982 0.234557 0.077670 0.076527
301 0.573894 0.234386 0.051780 0.076870
4524 0.590345 0.515957 0.091154 0.077900
3283 0.854099 0.240048 0.065264 0.078586
4456 0.305286 0.671414 0.100324 0.081332
3284 0.174218 0.386925 0.053937 0.086136
1505 0.444714 0.315031 0.062028 0.086479
3284 0.583333 0.423988 0.058792 0.086822
68 0.176106 0.783974 0.027508 0.143789
