52 0.381148 0.231416 0.021739 0.007812
52 0.331433 0.179332 0.024234 0.007812
101 0.419280 0.215791 0.028867 0.009233
56 0.418211 0.205848 0.010335 0.010653
115 0.382395 0.259115 0.018532 0.012074
115 0.210620 0.265270 0.024234 0.012074
55 0.282431 0.170810 0.026728 0.012547
87 0.283678 0.188802 0.038489 0.012547
91 0.382038 0.219815 0.019957 0.013494
60 0.416429 0.169863 0.020314 0.013494
98 0.380791 0.272846 0.026016 0.015388
85 0.272096 0.235914 0.011048 0.016809
259 0.331076 0.214844 0.029936 0.016809
108 0.210976 0.247751 0.025659 0.017756
60 0.331433 0.194602 0.015681 0.017992
108 0.270670 0.221828 0.031718 0.017992
118 0.212580 0.280895 0.006771 0.018229
127 0.211333 0.293916 0.028510 0.018229
85 0.385780 0.241596 0.010335 0.019176
1126 0.146472 0.289891 0.029936 0.019650
1111 0.145225 0.265388 0.030292 0.019886
119 0.418567 0.188329 0.013899 0.020123
91 0.276372 0.279711 0.039558 0.020123
68 0.418389 0.235085 0.005702 0.020833
1827 0.380791 0.199455 0.020314 0.022017
83 0.331967 0.258641 0.009622 0.022964
101 0.332145 0.235322 0.022808 0.023674
119 0.270314 0.257339 0.018888 0.025568
68 0.284212 0.207268 0.005346 0.025805
88 0.225944 0.239820 0.007128 0.026515
2864 0.226835 0.209872 0.016750 0.033381
