246 0.538222 0.264317 0.036444 0.008181
92 0.760889 0.590308 0.024889 0.010699
92 0.383556 0.206419 0.034667 0.011328
92 0.142889 0.196193 0.023556 0.011643
92 0.686222 0.867369 0.024889 0.011643
56 0.831778 0.307898 0.014667 0.012272
92 0.546222 0.392857 0.029333 0.012272
92 0.688222 0.371617 0.028889 0.013216
93 0.910889 0.734581 0.039556 0.013531
92 0.380222 0.859660 0.025333 0.013845
92 0.905778 0.343140 0.030222 0.014160
56 0.751778 0.771240 0.039556 0.015104
56 0.611111 0.331498 0.016889 0.015419
110 0.904889 0.717590 0.024889 0.015419
1415 0.222889 0.467118 0.046667 0.015419
57 0.619778 0.181246 0.027111 0.015733
57 0.666444 0.914254 0.020889 0.016048
52 0.898889 0.567967 0.038667 0.016362
55 0.693778 0.878855 0.040889 0.016362
56 0.678889 0.739931 0.045778 0.017306
698 0.761333 0.364380 0.024889 0.017621
69 0.910444 0.828508 0.045778 0.017621
52 0.831111 0.233166 0.040889 0.018250
101 0.611556 0.547199 0.056889 0.018250
76 0.831556 0.348490 0.020444 0.018565
113 0.458889 0.197137 0.048444 0.018565
91 0.686889 0.450441 0.029778 0.019194
56 0.687556 0.491504 0.016000 0.019509
58 0.223556 0.417873 0.020444 0.019509
57 0.596222 0.887980 0.024444 0.019509
60 0.541778 0.406388 0.027556 0.019824
287 0.142444 0.374135 0.062667 0.020138
1406 0.616667 0.560573 0.031556 0.020453
1002 0.222000 0.911108 0.074222 0.020453
66 0.144667 0.853367 0.017333 0.020768
117 0.222889 0.889868 0.019111 0.020768
88 0.385333 0.366897 0.020444 0.020768
1415 0.692000 0.469478 0.048889 0.020768
52 0.683111 0.224827 0.038222 0.021082
72 0.141556 0.216646 0.040444 0.021082
52 0.683778 0.264475 0.043111 0.021082
128 0.546444 0.371303 0.009333 0.021397
117 0.538000 0.782568 0.015556 0.021397
2595 0.906222 0.755192 0.035556 0.021397
52 0.609333 0.254563 0.046222 0.021397
56 0.381556 0.160164 0.050222 0.021397
118 0.595556 0.910478 0.013333 0.021712
65 0.464444 0.346287 0.032889 0.021712
52 0.534889 0.773285 0.043111 0.021712
72 0.219778 0.866740 0.047556 0.021712
95 0.458222 0.610761 0.038222 0.022026
66 0.760889 0.195878 0.016889 0.022341
72 0.755333 0.220422 0.041333 0.022341
87 0.902889 0.673065 0.028889 0.022656
259 0.758222 0.609503 0.056889 0.022656
98 0.600444 0.778162 0.057778 0.022656
259 0.538889 0.540906 0.059111 0.022656
88 0.222000 0.813562 0.021778 0.022970
88 0.828222 0.837791 0.024444 0.022970
87 0.618444 0.899150 0.038667 0.022970
113 0.900889 0.701542 0.049778 0.022970
56 0.381778 0.628383 0.022222 0.023285
89 0.222667 0.396790 0.056000 0.023285
118 0.688444 0.514632 0.017778 0.023600
76 0.469333 0.725456 0.022222 0.023600
88 0.906222 0.324261 0.025778 0.023600
88 0.303111 0.576306 0.027556 0.023600
66 0.913111 0.153556 0.019111 0.023914
76 0.898667 0.588735 0.022222 0.023914
120 0.616889 0.795154 0.022222 0.023914
83 0.538000 0.243549 0.030667 0.023914
68 0.380889 0.253619 0.037333 0.023914
2151 0.143111 0.461611 0.037333 0.023914
113 0.748444 0.793266 0.048889 0.023914
126 0.216667 0.371617 0.050222 0.023914
126 0.384000 0.533040 0.050667 0.023914
128 0.387111 0.603682 0.016000 0.024229
88 0.220222 0.192102 0.027111 0.024229
978 0.908444 0.811674 0.041778 0.024229
72 0.378000 0.651510 0.052000 0.024229
53 0.756000 0.809314 0.012444 0.024544
76 0.538889 0.219006 0.020000 0.024544
52 0.460444 0.569226 0.043556 0.024544
91 0.686222 0.625551 0.047111 0.024544
495 0.757556 0.346130 0.061778 0.024544
495 0.612000 0.159220 0.066667 0.024544
107 0.145556 0.242448 0.018222 0.024858
278 0.760889 0.635935 0.020444 0.025173
77 0.618889 0.234110 0.027111 0.025173
278 0.544000 0.568597 0.028444 0.025173
88 0.301333 0.279421 0.029333 0.025173
88 0.830667 0.718062 0.030222 0.025173
108 0.456444 0.838578 0.061333 0.025173
76 0.613333 0.274544 0.021333 0.025488
88 0.761556 0.388137 0.023556 0.025488
83 0.221333 0.444462 0.031111 0.025488
111 0.909333 0.249056 0.039111 0.025488
91 0.215778 0.590466 0.046667 0.025488
126 0.467556 0.672593 0.050667 0.025488
74 0.614444 0.484896 0.020889 0.025802
88 0.221333 0.535557 0.029333 0.025802
83 0.826889 0.210824 0.033333 0.025802
91 0.214889 0.748584 0.043111 0.025802
68 0.461778 0.700126 0.045333 0.025802
978 0.305333 0.364695 0.050667 0.025802
323 0.541778 0.592826 0.060444 0.025802
53 0.756000 0.911422 0.016000 0.026117
88 0.902889 0.396004 0.023556 0.026117
980 0.682889 0.787760 0.026222 0.026117
51 0.829556 0.327407 0.034222 0.026117
91 0.539778 0.729862 0.041333 0.026117
126 0.461111 0.437539 0.050222 0.026117
119 0.305778 0.735997 0.023111 0.026432
88 0.383333 0.836375 0.024444 0.026432
1083 0.219556 0.614223 0.028444 0.026432
88 0.387778 0.461296 0.028889 0.026432
107 0.144444 0.878855 0.039111 0.026432
91 0.299778 0.225299 0.043111 0.026432
91 0.678889 0.576463 0.044000 0.026432
83 0.526667 0.910321 0.047111 0.026432
85 0.615556 0.710982 0.013333 0.026746
119 0.615333 0.619100 0.017333 0.026746
74 0.386000 0.679515 0.020889 0.026746
109 0.902889 0.619415 0.042222 0.026746
111 0.214667 0.838420 0.046222 0.026746
323 0.758667 0.659062 0.054222 0.026746
85 0.688667 0.241032 0.012889 0.027061
58 0.613556 0.828823 0.017333 0.027061
88 0.902222 0.513531 0.024889 0.027061
109 0.832000 0.533669 0.041778 0.027061
62 0.832000 0.410636 0.047111 0.027061
98 0.676667 0.293581 0.054667 0.027061
120 0.466889 0.849434 0.020000 0.027376
62 0.682444 0.758496 0.023556 0.027376
71 0.396444 0.910793 0.032000 0.027376
51 0.219333 0.221051 0.040444 0.027376
91 0.753111 0.828666 0.044889 0.027376
691 0.757111 0.713499 0.045778 0.027376
111 0.467778 0.909849 0.055556 0.027376
107 0.136000 0.696350 0.022222 0.027690
91 0.755778 0.318439 0.041333 0.027690
71 0.906222 0.460195 0.048000 0.028005
121 0.612667 0.512272 0.020000 0.028320
330 0.759111 0.417244 0.025778 0.028320
88 0.758444 0.682190 0.030667 0.028320
2151 0.538000 0.157017 0.044000 0.028320
91 0.300889 0.492763 0.046222 0.028320
2678 0.214889 0.307741 0.047556 0.028320
66 0.138444 0.555538 0.019111 0.028634
107 0.612000 0.645532 0.019556 0.028634
83 0.378889 0.392228 0.036000 0.028634
85 0.467778 0.753304 0.012000 0.028949
56 0.464667 0.582442 0.019111 0.028949
107 0.382667 0.179043 0.019556 0.028949
58 0.616667 0.392070 0.021778 0.028949
88 0.140667 0.629641 0.028889 0.028949
83 0.300667 0.803650 0.031556 0.028949
51 0.831333 0.151982 0.038667 0.028949
91 0.456889 0.293581 0.041778 0.028949
51 0.540444 0.747483 0.027556 0.029264
944 0.302222 0.197451 0.045333 0.029264
85 0.901333 0.645374 0.010667 0.029578
119 0.223111 0.248899 0.016000 0.029578
119 0.142000 0.722782 0.023556 0.029578
62 0.838889 0.183449 0.025333 0.029578
2707 0.222889 0.562618 0.025333 0.029578
1295 0.299778 0.604783 0.031556 0.029578
126 0.831556 0.472939 0.041778 0.029578
91 0.462444 0.813719 0.043111 0.029578
1189 0.761778 0.886721 0.044444 0.029578
978 0.145778 0.400881 0.045333 0.029578
71 0.387333 0.226243 0.048444 0.029578
287 0.535111 0.512901 0.063111 0.029578
109 0.306444 0.669132 0.041333 0.029893
366 0.220667 0.721366 0.048444 0.029893
107 0.614889 0.207048 0.021778 0.030208
2885 0.145778 0.825677 0.035556 0.030208
2280 0.145333 0.489616 0.045333 0.030208
736 0.828889 0.691001 0.052444 0.030208
108 0.451111 0.546885 0.066667 0.030208
117 0.460667 0.311674 0.019111 0.030522
60 0.912889 0.299087 0.020444 0.030522
83 0.826222 0.773600 0.020444 0.030522
121 0.460000 0.373033 0.022222 0.030522
107 0.687111 0.391598 0.022222 0.030522
3280 0.689778 0.346602 0.029333 0.030522
577 0.302889 0.247483 0.029778 0.030522
88 0.143778 0.909849 0.033333 0.030522
3665 0.384667 0.882473 0.039556 0.030522
1778 0.387333 0.807898 0.044000 0.030522
3868 0.309556 0.425425 0.032444 0.030837
109 0.612000 0.307741 0.039111 0.030837
978 0.687778 0.318754 0.040444 0.030837
4314 0.694444 0.902454 0.042222 0.030837
83 0.300444 0.337476 0.017778 0.031152
60 0.614000 0.418660 0.020000 0.031152
663 0.910444 0.879327 0.023556 0.031152
70 0.903778 0.182033 0.043111 0.031152
895 0.681333 0.547986 0.051556 0.031152
92 0.464889 0.162052 0.016889 0.031466
83 0.135778 0.792008 0.036889 0.031466
83 0.758000 0.488200 0.020889 0.031781
126 0.686889 0.671334 0.030667 0.031781
83 0.820667 0.623191 0.041333 0.031781
1193 0.297111 0.308527 0.045778 0.031781
98 0.531333 0.440371 0.058222 0.031781
102 0.384000 0.287602 0.045333 0.032096
2354 0.301111 0.551605 0.037778 0.032725
68 0.224667 0.277376 0.008444 0.033040
1920 0.905333 0.216960 0.044444 0.033040
1477 0.459333 0.471523 0.046667 0.033040
1644 0.899111 0.426526 0.050667 0.033040
392 0.906000 0.491661 0.051111 0.033040
330 0.757778 0.744808 0.032000 0.033354
68 0.145111 0.269509 0.005778 0.033669
3280 0.145556 0.430931 0.028889 0.033669
70 0.613333 0.679673 0.018667 0.033984
2727 0.458000 0.228760 0.040444 0.033984
91 0.826222 0.501888 0.045333 0.033984
3258 0.907556 0.543738 0.048000 0.033984
4196 0.220667 0.339836 0.051111 0.033984
981 0.684000 0.817810 0.065778 0.033984
2598 0.610222 0.744336 0.018667 0.034298
1666 0.828667 0.746224 0.054667 0.034298
60 0.839111 0.250787 0.024889 0.034613
121 0.380000 0.712398 0.024889 0.034613
81 0.538222 0.350220 0.032889 0.034613
76 0.137556 0.662366 0.034222 0.034613
3513 0.835556 0.284770 0.038222 0.034613
2959 0.914444 0.904972 0.041333 0.034613
2457 0.831333 0.902769 0.044000 0.034613
4630 0.302444 0.634676 0.047556 0.034613
120 0.827333 0.446035 0.031556 0.034928
122 0.907556 0.279264 0.035556 0.034928
4346 0.759778 0.255035 0.036000 0.034928
2397 0.824889 0.661580 0.040000 0.034928
4317 0.761333 0.292322 0.037333 0.035242
3375 0.300667 0.520453 0.037778 0.035242
562 0.540000 0.878225 0.041778 0.035242
1396 0.308667 0.870044 0.042222 0.035242
2489 0.461111 0.258653 0.043111 0.035242
4429 0.829778 0.567967 0.044444 0.035242
2818 0.831111 0.807741 0.045333 0.035242
126 0.467778 0.883575 0.050222 0.035242
85 0.613111 0.355727 0.014667 0.035557
1317 0.380889 0.775173 0.045333 0.035557
813 0.307111 0.771082 0.056889 0.035557
68 0.687111 0.194147 0.007111 0.035872
121 0.542222 0.895060 0.017778 0.036186
3942 0.537111 0.843770 0.037778 0.036186
2083 0.686222 0.844399 0.040000 0.036186
2818 0.615778 0.452329 0.047556 0.036186
3298 0.900222 0.780837 0.061778 0.036186
85 0.541333 0.617684 0.013333 0.036501
119 0.541556 0.809629 0.020889 0.036501
121 0.689111 0.158590 0.025333 0.036501
130 0.390000 0.736627 0.029778 0.036501
505 0.306000 0.833228 0.030667 0.036501
3136 0.759556 0.451857 0.033778 0.036501
1575 0.676222 0.647577 0.038667 0.036501
2593 0.218444 0.686438 0.032444 0.036816
1584 0.308444 0.900724 0.034667 0.036816
2396 0.761556 0.162838 0.044889 0.036816
68 0.304889 0.702329 0.006222 0.037130
3747 0.304222 0.391756 0.029778 0.037130
1584 0.541111 0.188483 0.034222 0.037130
407 0.539111 0.699654 0.047111 0.037445
4447 0.302444 0.460038 0.059111 0.037760
58 0.142444 0.298773 0.029778 0.038074
1584 0.906000 0.361391 0.029778 0.038074
3032 0.831333 0.865167 0.049333 0.038074
508 0.141333 0.755821 0.032000 0.038389
1317 0.136222 0.594399 0.043111 0.038389
4483 0.756667 0.853367 0.032444 0.039018
54 0.827778 0.379799 0.035111 0.039018
127 0.916444 0.851164 0.045333 0.039018
4116 0.142889 0.165041 0.034222 0.039333
2818 0.387556 0.427785 0.040889 0.039333
1821 0.681111 0.707835 0.042222 0.039333
1317 0.608444 0.591410 0.042667 0.039333
325 0.301556 0.164412 0.045778 0.039333
480 0.221333 0.163153 0.047111 0.039333
68 0.143556 0.520453 0.010667 0.039648
68 0.457333 0.409377 0.016889 0.040906
505 0.759333 0.525173 0.029778 0.040906
76 0.382889 0.571271 0.038667 0.041221
2407 0.537778 0.657961 0.039111 0.041536
1707 0.461556 0.639396 0.045778 0.041536
3984 0.761333 0.568282 0.045333 0.042794
268 0.681556 0.598175 0.034222 0.043424
3739 0.222222 0.502360 0.037333 0.043738
68 0.832889 0.598804 0.014222 0.044053
296 0.611111 0.865953 0.044444 0.045312
1316 0.539556 0.311517 0.048000 0.045312
68 0.464667 0.510227 0.011111 0.045626
296 0.142889 0.340308 0.042222 0.046256
316 0.469556 0.781781 0.070667 0.046256
2941 0.220889 0.649780 0.046222 0.046570
3219 0.388222 0.499685 0.049333 0.047829
296 0.540000 0.474040 0.039111 0.050031
2938 0.384000 0.327250 0.035556 0.052863
296 0.220667 0.774072 0.031556 0.053493
