173 0.112613 0.630428 0.027027 0.007867
173 0.114272 0.266992 0.028450 0.007867
173 0.556188 0.227974 0.025605 0.008496
173 0.221195 0.607772 0.028924 0.008496
173 0.442390 0.892542 0.029398 0.008496
209 0.317923 0.931875 0.012802 0.009125
173 0.345661 0.882945 0.021811 0.009440
127 0.265055 0.609975 0.013276 0.009755
173 0.311048 0.898521 0.024656 0.010384
169 0.569464 0.720736 0.028450 0.010384
179 0.437648 0.727030 0.025605 0.011013
92 0.779753 0.233323 0.035562 0.011013
209 0.342105 0.908748 0.008061 0.011328
209 0.315315 0.909377 0.008535 0.011328
127 0.154576 0.257867 0.018966 0.011643
146 0.900190 0.621303 0.022285 0.011643
127 0.485538 0.259440 0.029398 0.011643
209 0.314841 0.921177 0.008535 0.012272
200 0.902798 0.638137 0.024656 0.012587
179 0.328829 0.145060 0.025130 0.012587
127 0.484827 0.879169 0.025130 0.012587
209 0.344239 0.921020 0.013276 0.013216
179 0.311048 0.270610 0.019915 0.013216
205 0.230915 0.300975 0.031294 0.013531
92 0.658606 0.134204 0.040778 0.013531
85 0.483167 0.892385 0.010431 0.013845
209 0.902798 0.569541 0.013276 0.013845
127 0.597440 0.216803 0.021811 0.013845
57 0.238265 0.241661 0.026079 0.013845
127 0.164533 0.620201 0.027501 0.013845
209 0.343291 0.894745 0.010431 0.014160
93 0.485064 0.246539 0.028450 0.014160
85 0.153627 0.271554 0.007587 0.014475
92 0.153864 0.244808 0.014699 0.014475
93 0.267425 0.597860 0.022760 0.014475
190 0.333096 0.159220 0.027975 0.014475
92 0.324087 0.233166 0.035562 0.014475
861 0.436937 0.190057 0.043148 0.014475
190 0.899716 0.555223 0.024182 0.014789
190 0.441441 0.745280 0.024656 0.014789
135 0.342579 0.862177 0.021337 0.015104
1341 0.204125 0.252045 0.023234 0.015104
190 0.876719 0.583700 0.028450 0.015104
209 0.878615 0.598962 0.013276 0.015419
93 0.598625 0.203902 0.025130 0.015733
203 0.442153 0.304594 0.030820 0.015733
861 0.439782 0.476400 0.043148 0.015733
118 0.230678 0.183606 0.007112 0.016048
85 0.481271 0.272026 0.009483 0.016048
119 0.203651 0.193361 0.012802 0.016048
168 0.229256 0.283984 0.027027 0.016048
135 0.311522 0.286973 0.017070 0.016362
93 0.164296 0.605098 0.024182 0.016362
93 0.487672 0.864695 0.030820 0.016362
861 0.888099 0.479547 0.045519 0.016362
93 0.888573 0.938326 0.051209 0.016362
53 0.154101 0.287445 0.010431 0.016677
53 0.597440 0.250000 0.012328 0.016677
190 0.891655 0.375865 0.028924 0.016677
85 0.596965 0.233166 0.009483 0.016992
861 0.887387 0.137823 0.052632 0.016992
56 0.440019 0.402297 0.018018 0.017306
51 0.203414 0.159062 0.027501 0.017306
128 0.333333 0.838892 0.014225 0.017621
134 0.216927 0.621145 0.018492 0.017621
3735 0.205073 0.231592 0.027027 0.017621
95 0.232338 0.202014 0.029398 0.017621
65 0.232575 0.740717 0.040303 0.017621
98 0.769322 0.903084 0.052632 0.017621
53 0.265529 0.640497 0.011380 0.017936
53 0.162162 0.652454 0.011380 0.017936
76 0.201991 0.176369 0.018966 0.017936
83 0.434092 0.166300 0.026079 0.017936
65 0.891418 0.219478 0.036036 0.017936
62 0.881697 0.923851 0.028924 0.018250
85 0.160266 0.633889 0.009483 0.018565
56 0.887387 0.531309 0.022285 0.018565
52 0.115220 0.579138 0.037933 0.018565
101 0.554765 0.175110 0.052157 0.018565
138 0.569701 0.737256 0.025130 0.018880
88 0.775960 0.733480 0.044097 0.018880
861 0.331437 0.543109 0.046468 0.018880
56 0.117591 0.747168 0.016121 0.019194
56 0.115220 0.602108 0.023708 0.019194
168 0.570175 0.703430 0.028924 0.019194
113 0.223329 0.670076 0.042674 0.019194
113 0.772641 0.682662 0.055477 0.019194
118 0.234945 0.257709 0.010906 0.019509
56 0.554528 0.194462 0.015647 0.019509
91 0.121147 0.883575 0.030820 0.019509
84 0.327881 0.216174 0.038407 0.019509
92 0.113087 0.481120 0.039355 0.019509
93 0.333096 0.797986 0.043148 0.019509
68 0.206259 0.269509 0.005690 0.019824
85 0.264817 0.621617 0.009957 0.019824
132 0.566856 0.522184 0.024182 0.019824
92 0.215505 0.407646 0.042200 0.019824
88 0.779042 0.485053 0.042674 0.019824
52 0.329303 0.821114 0.044097 0.019824
134 0.554528 0.244179 0.014699 0.020138
134 0.113087 0.643172 0.015647 0.020138
145 0.343054 0.260541 0.032717 0.020138
52 0.228070 0.886092 0.035088 0.020138
166 0.237316 0.138924 0.016596 0.020453
134 0.438834 0.281781 0.017544 0.020453
135 0.313182 0.879012 0.024182 0.020453
67 0.890706 0.243392 0.039355 0.020453
53 0.482456 0.911265 0.012802 0.020768
56 0.435277 0.244179 0.018018 0.020768
56 0.445709 0.840780 0.020863 0.020768
83 0.325984 0.686910 0.034614 0.020768
84 0.225699 0.715702 0.040778 0.021082
84 0.884780 0.194462 0.037933 0.021397
89 0.883831 0.656702 0.044571 0.021397
56 0.218350 0.581340 0.024182 0.021712
120 0.780228 0.657804 0.024182 0.021712
123 0.775486 0.612177 0.044097 0.021712
53 0.484116 0.291064 0.012328 0.022026
126 0.202703 0.209566 0.023234 0.022026
158 0.232338 0.318439 0.036036 0.022026
56 0.112613 0.430617 0.017544 0.022341
84 0.880986 0.876809 0.047416 0.022341
45 0.446657 0.875551 0.052157 0.022341
91 0.216453 0.482379 0.036510 0.022656
91 0.882172 0.683763 0.039355 0.022656
65 0.446183 0.566079 0.047416 0.022656
91 0.781176 0.408590 0.035562 0.022970
84 0.109294 0.373663 0.042200 0.022970
107 0.118777 0.903084 0.023234 0.023285
57 0.333570 0.516677 0.033665 0.023285
52 0.770744 0.882631 0.039355 0.023285
88 0.773826 0.557898 0.041726 0.023285
119 0.440493 0.422750 0.019915 0.023600
87 0.231389 0.223883 0.021811 0.023600
122 0.229018 0.907961 0.023708 0.023600
120 0.558084 0.677313 0.027501 0.023600
67 0.232101 0.766362 0.045045 0.023600
113 0.552869 0.653398 0.052157 0.023600
123 0.231389 0.162996 0.015173 0.023914
56 0.777146 0.634991 0.019915 0.023914
72 0.550024 0.342668 0.042674 0.023914
84 0.442627 0.537445 0.044097 0.023914
113 0.777146 0.433921 0.047416 0.023914
45 0.443812 0.720894 0.063537 0.023914
85 0.776671 0.168817 0.020863 0.024229
83 0.658369 0.473411 0.035562 0.024229
1871 0.884780 0.902612 0.036036 0.024229
134 0.335704 0.282568 0.018966 0.024544
120 0.110479 0.206891 0.021811 0.024858
83 0.656946 0.190843 0.030820 0.024858
495 0.435989 0.138609 0.053580 0.024858
45 0.238739 0.879327 0.053580 0.024858
134 0.107871 0.283512 0.024182 0.025173
66 0.223803 0.647892 0.024656 0.025173
109 0.660503 0.780365 0.047416 0.025173
45 0.557373 0.404342 0.065908 0.025173
134 0.439545 0.911737 0.020863 0.025488
60 0.662399 0.250944 0.023708 0.025488
118 0.122333 0.769666 0.016121 0.025802
119 0.229018 0.791064 0.018966 0.025802
4133 0.156472 0.314663 0.025605 0.025802
111 0.781176 0.582442 0.031769 0.025802
67 0.447606 0.592826 0.041726 0.025802
85 0.662636 0.276117 0.027027 0.026117
45 0.115220 0.262587 0.059744 0.026117
1003 0.775249 0.142700 0.068279 0.026117
85 0.775723 0.857458 0.026553 0.026432
62 0.775249 0.796728 0.033191 0.026432
68 0.661451 0.889239 0.046468 0.026432
1003 0.663585 0.671177 0.068753 0.026432
67 0.562115 0.493864 0.051683 0.026746
45 0.116643 0.312618 0.058796 0.026746
76 0.115932 0.859031 0.042200 0.027061
127 0.883357 0.847388 0.055002 0.027061
85 0.662162 0.700283 0.020389 0.027376
120 0.329303 0.744021 0.021337 0.027376
4133 0.926031 0.361705 0.025605 0.027376
87 0.111190 0.233008 0.030820 0.027376
1003 0.772404 0.829295 0.060692 0.027376
53 0.221669 0.692574 0.019440 0.027690
119 0.443812 0.619572 0.020863 0.027690
1782 0.446894 0.502832 0.056425 0.027690
45 0.226648 0.604468 0.058796 0.027690
58 0.880512 0.820485 0.028450 0.028005
51 0.329066 0.716174 0.039829 0.028320
1782 0.887387 0.164569 0.048838 0.028320
4133 0.268374 0.871775 0.027501 0.028634
83 0.551446 0.625393 0.031294 0.028634
45 0.890706 0.364223 0.046942 0.028634
45 0.333096 0.142070 0.066856 0.028634
4133 0.489094 0.718376 0.027027 0.028949
107 0.230915 0.816551 0.031294 0.028949
1782 0.890706 0.505035 0.046942 0.028949
366 0.887387 0.407961 0.051683 0.029264
68 0.557847 0.597231 0.009009 0.029578
53 0.780228 0.460352 0.015647 0.029578
85 0.656709 0.565450 0.020863 0.029578
119 0.113324 0.456576 0.021811 0.029578
4133 0.376245 0.140654 0.027975 0.029578
93 0.116880 0.179673 0.037459 0.029578
126 0.118777 0.831340 0.038407 0.029578
4416 0.664296 0.859975 0.059744 0.029578
119 0.881935 0.791536 0.034139 0.029893
1871 0.660266 0.222939 0.042200 0.029893
84 0.442864 0.449497 0.045519 0.029893
1782 0.436700 0.216960 0.051209 0.029893
45 0.559270 0.224512 0.058321 0.029893
1928 0.215031 0.557741 0.059270 0.029893
119 0.885965 0.268722 0.017544 0.030208
87 0.113798 0.554751 0.029398 0.030208
1782 0.333570 0.572373 0.061166 0.030208
60 0.661688 0.535400 0.018492 0.030522
62 0.330014 0.772656 0.031294 0.030522
93 0.442390 0.376809 0.039829 0.030522
1871 0.775486 0.762587 0.041252 0.030522
121 0.122807 0.929987 0.055951 0.030522
4133 0.597914 0.400566 0.028450 0.030837
70 0.885017 0.332756 0.029872 0.031152
45 0.443575 0.273914 0.063063 0.031152
1003 0.662399 0.408433 0.061641 0.031466
53 0.777146 0.708150 0.017070 0.031781
85 0.330725 0.602108 0.020389 0.031781
111 0.559981 0.917401 0.030346 0.031781
107 0.553106 0.311359 0.031769 0.031781
70 0.230915 0.849119 0.033191 0.031781
87 0.778094 0.301762 0.028450 0.032096
121 0.211000 0.381529 0.037933 0.032410
126 0.881460 0.755349 0.041726 0.032410
93 0.111901 0.403241 0.042674 0.032410
51 0.214557 0.349119 0.043148 0.032410
253 0.657895 0.639239 0.044097 0.032410
1357 0.116643 0.808527 0.053106 0.032410
118 0.778805 0.334172 0.024182 0.032725
981 0.324087 0.186281 0.052632 0.032725
107 0.886202 0.300346 0.029398 0.033040
45 0.120199 0.628225 0.059270 0.033040
70 0.437174 0.685022 0.025605 0.033354
252 0.658132 0.159849 0.035088 0.033354
89 0.554291 0.371303 0.042674 0.033354
68 0.552394 0.424009 0.047416 0.033669
47 0.238265 0.928257 0.031769 0.033984
1871 0.660028 0.503147 0.039829 0.033984
253 0.657421 0.443361 0.045993 0.033984
333 0.442390 0.818597 0.062589 0.034298
107 0.440730 0.647892 0.028924 0.034613
118 0.669275 0.920076 0.021337 0.035242
118 0.556425 0.457678 0.018492 0.035557
1799 0.113087 0.717904 0.032717 0.035557
1087 0.770033 0.928414 0.039829 0.035557
2138 0.108819 0.146161 0.056425 0.035557
1088 0.551920 0.278162 0.049312 0.035872
333 0.330014 0.364852 0.054054 0.036186
4416 0.327881 0.452643 0.044097 0.036816
3829 0.115695 0.675739 0.055002 0.037445
1087 0.882409 0.714915 0.046468 0.039648
2715 0.212423 0.519981 0.047416 0.039962
568 0.657658 0.600220 0.056899 0.039962
90 0.551683 0.145689 0.048838 0.040277
3014 0.776908 0.375079 0.060218 0.040277
333 0.328592 0.491661 0.064486 0.040592
3014 0.438122 0.337634 0.061641 0.040906
3014 0.887387 0.447766 0.062115 0.040906
3808 0.775723 0.523285 0.062589 0.040906
3014 0.442627 0.775960 0.066856 0.040906
3807 0.776434 0.204374 0.059270 0.041221
3019 0.664059 0.314978 0.043148 0.041536
2619 0.662399 0.817338 0.056899 0.042480
3014 0.775960 0.263531 0.062115 0.042480
505 0.552157 0.773285 0.045993 0.043109
3014 0.327169 0.323946 0.058796 0.043109
3014 0.553817 0.820485 0.064486 0.043738
1119 0.552632 0.558213 0.049787 0.044053
4447 0.119488 0.514632 0.053106 0.045626
2320 0.110953 0.341252 0.052157 0.046256
3807 0.662162 0.742291 0.062115 0.048458
3513 0.215268 0.442731 0.045519 0.050346
3915 0.661214 0.364065 0.050735 0.050975
2619 0.327881 0.405916 0.046942 0.053493
3684 0.556425 0.874135 0.065908 0.054751
959 0.329777 0.648521 0.051683 0.055381
