200 0.404884 0.731923 0.017209 0.003846
246 0.817209 0.259359 0.044651 0.003846
200 0.661163 0.566667 0.023721 0.006667
92 0.196512 0.755513 0.033953 0.008462
92 0.556977 0.687179 0.025581 0.010769
101 0.557209 0.818846 0.036279 0.013077
56 0.819070 0.387179 0.014884 0.014872
56 0.817907 0.548205 0.013488 0.015385
101 0.286047 0.392308 0.040930 0.015385
101 0.379070 0.686026 0.039070 0.016667
91 0.817442 0.814103 0.027442 0.016923
83 0.725116 0.357821 0.029767 0.017179
88 0.466279 0.493974 0.034884 0.017692
251 0.819070 0.648846 0.036279 0.017692
1006 0.196744 0.886026 0.045581 0.017692
88 0.192791 0.297692 0.033953 0.017949
91 0.286047 0.489615 0.025116 0.018205
83 0.192326 0.424231 0.031163 0.018718
83 0.464419 0.559231 0.028372 0.018974
91 0.283256 0.720769 0.033488 0.019487
495 0.375581 0.716923 0.043256 0.019487
683 0.467442 0.588718 0.054884 0.019487
83 0.375116 0.554487 0.033023 0.019744
91 0.202558 0.853718 0.042326 0.019744
359 0.192558 0.459359 0.052093 0.019744
683 0.820233 0.422179 0.057209 0.019744
83 0.280465 0.324103 0.036279 0.020000
683 0.199767 0.622179 0.049767 0.020256
88 0.552093 0.359615 0.031628 0.020769
72 0.195581 0.389231 0.030233 0.021026
91 0.638372 0.327179 0.031163 0.021026
83 0.635814 0.264615 0.031628 0.021026
495 0.639767 0.548974 0.053488 0.021026
83 0.193488 0.592179 0.029767 0.021282
88 0.731628 0.881410 0.037209 0.021282
91 0.377674 0.617564 0.043721 0.021282
683 0.550465 0.391410 0.054419 0.021282
58 0.467907 0.328974 0.026047 0.021538
253 0.553256 0.783590 0.033953 0.021538
91 0.556744 0.751282 0.037209 0.021538
91 0.822558 0.613077 0.042326 0.021538
2896 0.283721 0.685128 0.047442 0.021538
1270 0.550930 0.878333 0.046977 0.021795
691 0.375814 0.492949 0.048372 0.021795
126 0.465116 0.265897 0.026047 0.022051
126 0.724884 0.265128 0.031163 0.022051
87 0.643023 0.453077 0.031163 0.022051
90 0.640698 0.816667 0.044186 0.022051
252 0.373953 0.522436 0.040930 0.022308
91 0.819302 0.488846 0.043256 0.022308
64 0.376279 0.781795 0.019535 0.022564
268 0.371628 0.651795 0.032558 0.022564
710 0.462558 0.357949 0.037674 0.022564
91 0.469070 0.391538 0.043256 0.022564
691 0.728837 0.329103 0.045581 0.022821
83 0.638140 0.619744 0.030698 0.023077
1295 0.199302 0.787308 0.039535 0.023333
710 0.283721 0.456026 0.041860 0.023333
91 0.643721 0.682949 0.043721 0.023333
710 0.367674 0.264231 0.045116 0.023333
91 0.293953 0.788846 0.055814 0.023333
88 0.730233 0.523846 0.032558 0.023590
90 0.464419 0.717436 0.040465 0.023590
91 0.820698 0.325385 0.046977 0.023590
126 0.374651 0.330128 0.030233 0.023846
91 0.911628 0.422179 0.045581 0.023846
750 0.464186 0.616538 0.048372 0.023846
750 0.642558 0.713077 0.040465 0.024103
88 0.291628 0.847949 0.032558 0.024615
2395 0.730233 0.851795 0.037209 0.024615
750 0.730465 0.554103 0.045116 0.024615
58 0.283256 0.292692 0.022326 0.024872
58 0.470465 0.884231 0.023721 0.024872
126 0.548140 0.520897 0.030233 0.024872
57 0.647907 0.486282 0.031628 0.024872
126 0.637674 0.390641 0.033488 0.024872
1893 0.816744 0.357051 0.040000 0.024872
710 0.634419 0.649359 0.042791 0.024872
710 0.726977 0.388846 0.044651 0.024872
2193 0.371395 0.586026 0.049767 0.024872
126 0.275581 0.267436 0.034884 0.025128
509 0.816279 0.517179 0.038140 0.025128
91 0.381395 0.852308 0.053023 0.025128
327 0.903721 0.454103 0.055814 0.025128
122 0.375814 0.396795 0.026977 0.025385
85 0.373953 0.459487 0.020465 0.025641
58 0.549767 0.330256 0.028837 0.025641
108 0.286977 0.524359 0.041860 0.025641
710 0.637209 0.295897 0.044651 0.025641
93 0.295116 0.420769 0.046977 0.025641
271 0.637907 0.422821 0.052558 0.025641
91 0.820465 0.876795 0.030698 0.025897
126 0.289535 0.589487 0.033023 0.026154
836 0.552093 0.453077 0.040000 0.026154
119 0.468372 0.774744 0.019535 0.026410
83 0.728140 0.779872 0.025581 0.026410
93 0.472558 0.748077 0.027907 0.026410
52 0.552326 0.556538 0.036744 0.026410
2197 0.640465 0.784231 0.038140 0.026410
750 0.551163 0.421410 0.047442 0.026410
1818 0.554884 0.847051 0.040930 0.026923
4260 0.378605 0.881667 0.042791 0.026923
4440 0.197907 0.268846 0.056279 0.026923
53 0.726744 0.649231 0.016279 0.027179
836 0.640000 0.747692 0.041860 0.027179
61 0.821395 0.718974 0.046512 0.027179
1799 0.904651 0.485769 0.039070 0.027436
2197 0.553488 0.488077 0.040930 0.027436
4586 0.196744 0.818846 0.048372 0.027436
121 0.200233 0.723205 0.046047 0.027949
1316 0.553488 0.651923 0.054884 0.027949
60 0.463721 0.464872 0.016744 0.028205
4590 0.816047 0.584872 0.050698 0.028205
119 0.647209 0.877564 0.025581 0.028462
3136 0.288605 0.884231 0.040465 0.028462
95 0.821628 0.778590 0.042326 0.028462
2197 0.728372 0.619359 0.043721 0.028462
4590 0.553256 0.718590 0.049767 0.028462
252 0.289535 0.821026 0.033953 0.028718
121 0.557907 0.584487 0.047907 0.028974
322 0.556279 0.619744 0.050233 0.029231
111 0.818140 0.848846 0.024186 0.029487
111 0.729302 0.488846 0.030698 0.029487
4590 0.194419 0.527051 0.048372 0.029487
85 0.728372 0.458974 0.015814 0.029744
2246 0.286047 0.360000 0.042791 0.029744
4590 0.373023 0.296154 0.047442 0.029744
56 0.196279 0.363462 0.019535 0.030000
93 0.648140 0.848077 0.027442 0.030000
98 0.192791 0.333205 0.043256 0.030000
2197 0.463953 0.686667 0.041395 0.030256
70 0.195581 0.693718 0.020930 0.030513
85 0.548372 0.301923 0.038140 0.030513
2422 0.464884 0.524231 0.041395 0.030513
118 0.639767 0.514359 0.022791 0.030769
836 0.467442 0.651410 0.043721 0.031026
836 0.724419 0.587564 0.048837 0.031026
523 0.819535 0.292436 0.050233 0.031026
118 0.820000 0.748462 0.016744 0.031282
70 0.729302 0.678718 0.039070 0.031282
4634 0.726512 0.422308 0.047442 0.031282
4590 0.903721 0.392564 0.053023 0.031282
74 0.374186 0.363333 0.038605 0.031795
74 0.286977 0.553333 0.040000 0.031795
1734 0.726744 0.298462 0.049767 0.031795
2429 0.640233 0.587051 0.033023 0.032051
68 0.286512 0.656154 0.007442 0.032308
85 0.465814 0.855385 0.037674 0.032308
68 0.197674 0.493974 0.008372 0.032564
76 0.730233 0.749872 0.024186 0.033077
2407 0.726744 0.819359 0.042326 0.033077
3434 0.290930 0.621410 0.051628 0.033077
60 0.734186 0.711282 0.025581 0.033333
4590 0.637907 0.360769 0.052558 0.033333
1138 0.817442 0.454872 0.054419 0.033333
68 0.550233 0.265897 0.011163 0.033846
1297 0.816279 0.686410 0.041860 0.033846
2429 0.194884 0.557051 0.041860 0.034103
1138 0.908837 0.358333 0.042791 0.034103
68 0.465349 0.813846 0.007907 0.034872
47 0.382093 0.423077 0.029302 0.034872
1138 0.194651 0.655256 0.045116 0.035128
68 0.466744 0.298974 0.006047 0.036410
70 0.372558 0.751282 0.029767 0.037949
2962 0.289070 0.754103 0.040465 0.038974
68 0.378837 0.813333 0.008837 0.040000
