246 0.326484 0.229533 0.025875 0.003519
1255 0.800038 0.233756 0.027017 0.011025
1810 0.692922 0.226484 0.015221 0.011494
500 0.166286 0.253460 0.022831 0.012902
1649 0.432268 0.249472 0.033486 0.013371
2677 0.485731 0.229181 0.017884 0.014075
254 0.326484 0.182501 0.028919 0.014075
2451 0.951865 0.227187 0.023212 0.015247
3025 0.381849 0.232583 0.030061 0.015247
3737 0.431317 0.182149 0.032344 0.015247
1002 0.801941 0.211236 0.033105 0.015247
322 0.486872 0.181680 0.030822 0.015717
2507 0.324962 0.206897 0.028919 0.015951
1706 0.588090 0.206076 0.031583 0.016186
2543 0.165335 0.233286 0.022451 0.016655
3882 0.748478 0.232583 0.025875 0.016655
4440 0.591134 0.226249 0.027778 0.016655
975 0.380137 0.207952 0.033486 0.016655
1746 0.168189 0.184494 0.041096 0.016655
3223 0.273021 0.182735 0.029300 0.016890
2396 0.432458 0.232465 0.030061 0.016890
1559 0.750381 0.252639 0.030441 0.016890
3019 0.536530 0.228829 0.028919 0.017124
2143 0.951865 0.207248 0.032344 0.017124
2692 0.537291 0.207718 0.027397 0.017593
4104 0.221081 0.229416 0.025875 0.017828
1887 0.482116 0.209477 0.027397 0.017828
1852 0.277778 0.229416 0.035008 0.017828
2153 0.638889 0.228829 0.021309 0.018062
1921 0.906583 0.234928 0.025495 0.018062
1731 0.746385 0.183556 0.035388 0.018062
3338 0.691591 0.184025 0.028539 0.018532
1951 0.852930 0.211236 0.030822 0.018532
1094 0.638699 0.250293 0.027017 0.018766
1829 0.381469 0.182735 0.028539 0.018766
2904 0.691591 0.206662 0.029300 0.018766
4348 0.854833 0.256040 0.030061 0.019001
3965 0.637938 0.182852 0.031583 0.019001
1958 0.587329 0.183322 0.033105 0.019001
1998 0.905441 0.212644 0.024734 0.019470
1560 0.219178 0.184025 0.033486 0.019470
731 0.853691 0.233873 0.024734 0.019704
2524 0.534056 0.252170 0.032344 0.019704
610 0.803082 0.185316 0.033105 0.019704
1844 0.747907 0.209594 0.027778 0.019939
3888 0.166096 0.207483 0.027017 0.020408
3121 0.535198 0.184025 0.029300 0.020408
3172 0.273402 0.206427 0.031583 0.020643
1126 0.325913 0.250176 0.023973 0.021346
4371 0.640601 0.205020 0.021689 0.021581
1917 0.219939 0.206193 0.028919 0.021581
2973 0.432268 0.207483 0.024353 0.022285
1986 0.852930 0.184612 0.029300 0.022519
4662 0.952435 0.182618 0.025875 0.023692
2601 0.905061 0.182970 0.026256 0.024396
3306 0.950152 0.252756 0.027397 0.025100
