162 0.674297 0.480512 0.028112 0.013374
129 0.388353 0.904280 0.032932 0.016431
65 0.653414 0.860336 0.048996 0.021016
107 0.691566 0.316011 0.051406 0.021399
56 0.353012 0.553878 0.029719 0.021781
52 0.777108 0.876767 0.052209 0.022545
56 0.057430 0.509171 0.042570 0.024073
72 0.549799 0.247803 0.061847 0.024073
57 0.560241 0.321551 0.045783 0.024838
76 0.066265 0.812954 0.053815 0.026366
67 0.046988 0.875239 0.058635 0.026366
122 0.589960 0.541651 0.053815 0.027130
123 0.528514 0.808559 0.025703 0.027512
56 0.854217 0.705006 0.026506 0.027512
72 0.756225 0.536492 0.068273 0.027512
123 0.693574 0.751051 0.028112 0.027895
81 0.846988 0.733091 0.065060 0.028659
65 0.356225 0.580053 0.052209 0.029041
60 0.548193 0.570692 0.063454 0.030187
109 0.350602 0.522927 0.073092 0.030187
91 0.348193 0.217042 0.055422 0.030569
251 0.663855 0.450898 0.069880 0.030569
103 0.782731 0.849828 0.073092 0.030569
127 0.767470 0.565915 0.079518 0.030569
65 0.342570 0.903898 0.058635 0.030951
60 0.685141 0.720864 0.061044 0.030951
105 0.647791 0.886702 0.069880 0.030951
127 0.074297 0.842377 0.073092 0.030951
77 0.698394 0.287161 0.084337 0.030951
93 0.765863 0.604700 0.050602 0.031716
1173 0.826506 0.432747 0.073896 0.031716
109 0.831325 0.156859 0.086747 0.032480
77 0.590361 0.746465 0.051406 0.033244
1173 0.381526 0.712839 0.077108 0.033244
93 0.665462 0.513947 0.048996 0.033626
75 0.590763 0.510890 0.055422 0.033626
99 0.067068 0.538594 0.085944 0.034008
110 0.234137 0.772831 0.048996 0.034773
92 0.392771 0.837218 0.038554 0.035155
96 0.534538 0.875048 0.061847 0.035155
1977 0.114458 0.778945 0.076305 0.035537
2822 0.858233 0.077379 0.100402 0.035537
119 0.607631 0.226404 0.023293 0.036301
978 0.112048 0.735002 0.065060 0.036301
70 0.259036 0.290027 0.040964 0.036683
91 0.781124 0.777990 0.048996 0.036683
104 0.854217 0.766527 0.052209 0.036683
107 0.155823 0.203477 0.038554 0.037065
62 0.583936 0.782002 0.051406 0.037065
2685 0.642972 0.831677 0.060241 0.037065
77 0.214458 0.556935 0.073896 0.037065
119 0.691165 0.345052 0.034538 0.038212
53 0.603614 0.895873 0.021687 0.038594
560 0.581124 0.710164 0.073092 0.038594
119 0.551004 0.605846 0.032129 0.039358
1295 0.099197 0.465992 0.065060 0.039358
60 0.039357 0.903324 0.038554 0.039740
53 0.259036 0.250860 0.031325 0.040122
68 0.233333 0.734620 0.058635 0.040122
81 0.777108 0.816775 0.065060 0.040122
66 0.524498 0.843141 0.044980 0.040887
118 0.397590 0.875621 0.044980 0.040887
3567 0.356225 0.442300 0.105221 0.040887
70 0.605221 0.187237 0.045783 0.041269
560 0.202811 0.513183 0.087550 0.041269
124 0.689960 0.786588 0.051406 0.041651
62 0.200402 0.878869 0.065060 0.042797
81 0.153414 0.258502 0.064257 0.043179
3984 0.252610 0.333397 0.073092 0.043943
4597 0.823695 0.493122 0.082731 0.043943
76 0.196386 0.834352 0.044177 0.045472
4646 0.336948 0.755063 0.058635 0.045854
4596 0.825301 0.250287 0.098795 0.047382
4586 0.342972 0.166412 0.089960 0.047765
53 0.554217 0.284486 0.032129 0.048529
69 0.255020 0.815246 0.036145 0.048529
62 0.206827 0.600688 0.063454 0.050439
68 0.841365 0.197363 0.010442 0.051586
3439 0.687149 0.240925 0.065060 0.059228
3376 0.085542 0.300726 0.073092 0.059610
