162 0.511691 0.759224 0.021044 0.012172
56 0.200701 0.736402 0.022603 0.015215
91 0.158223 0.248764 0.037412 0.016736
57 0.573655 0.872005 0.040530 0.017117
72 0.104053 0.488208 0.041309 0.017117
110 0.160951 0.267212 0.036633 0.019399
52 0.232658 0.302967 0.058457 0.019399
64 0.200701 0.834918 0.025721 0.019779
698 0.197194 0.484595 0.046765 0.019779
56 0.239673 0.334157 0.025721 0.020160
123 0.564692 0.891404 0.028839 0.020160
76 0.527670 0.569989 0.043648 0.020160
127 0.566641 0.853747 0.065472 0.020160
99 0.809431 0.749334 0.070928 0.021301
91 0.394778 0.596995 0.036633 0.021681
67 0.539751 0.618296 0.044427 0.021681
60 0.527670 0.641308 0.024942 0.022822
113 0.895168 0.169266 0.060016 0.022822
91 0.893609 0.579878 0.039751 0.023203
58 0.157054 0.224610 0.031956 0.023963
64 0.820343 0.354317 0.038192 0.023963
86 0.533515 0.534614 0.038192 0.023963
104 0.197584 0.539939 0.044427 0.023963
73 0.489867 0.811525 0.058457 0.023963
553 0.750974 0.455306 0.066251 0.024344
118 0.819174 0.769304 0.021824 0.024724
251 0.499610 0.735070 0.049883 0.024724
109 0.282541 0.770825 0.058457 0.024724
189 0.285659 0.838151 0.027280 0.025485
95 0.429072 0.755610 0.049104 0.025485
56 0.814887 0.255040 0.063133 0.025485
127 0.535853 0.591480 0.061574 0.025865
85 0.466875 0.530430 0.031177 0.026246
1083 0.468044 0.497337 0.049104 0.026246
111 0.732268 0.836630 0.028839 0.027006
57 0.730709 0.773488 0.074045 0.027006
86 0.743959 0.866109 0.038192 0.027387
91 0.273188 0.229365 0.042868 0.027387
118 0.607560 0.754850 0.030398 0.027767
1083 0.898675 0.608787 0.049883 0.027767
2987 0.155885 0.449410 0.056118 0.027767
189 0.285659 0.518638 0.033515 0.028528
125 0.564692 0.829783 0.042868 0.028528
76 0.401403 0.822746 0.037412 0.028908
93 0.506235 0.780525 0.041309 0.028908
64 0.108730 0.459110 0.050663 0.028908
978 0.203429 0.805630 0.056118 0.028908
109 0.559626 0.299353 0.065472 0.028908
58 0.558067 0.329593 0.040530 0.029289
51 0.810210 0.801636 0.061574 0.029289
2542 0.472720 0.461963 0.058457 0.030049
90 0.276306 0.258463 0.064692 0.030049
101 0.132112 0.334157 0.070928 0.030049
189 0.558067 0.360213 0.028059 0.030430
58 0.201481 0.764169 0.035074 0.030430
67 0.295012 0.482503 0.052221 0.030810
107 0.817225 0.289273 0.038192 0.031571
58 0.481294 0.262647 0.041309 0.031571
58 0.289556 0.450932 0.042868 0.031571
58 0.729930 0.899772 0.042868 0.031571
51 0.130553 0.302967 0.047545 0.031571
68 0.407249 0.792126 0.052221 0.031571
720 0.916212 0.099848 0.053780 0.031571
2991 0.122369 0.830164 0.074825 0.031571
3584 0.278644 0.722138 0.077163 0.031571
53 0.106781 0.513503 0.018706 0.031951
2257 0.399844 0.513884 0.056118 0.031951
2677 0.577163 0.451122 0.056898 0.031951
1977 0.887763 0.883986 0.071707 0.031951
119 0.399844 0.625143 0.021824 0.032332
58 0.280982 0.805059 0.027280 0.032332
58 0.911535 0.716812 0.031956 0.032332
107 0.425955 0.307151 0.045986 0.032332
95 0.488309 0.194561 0.064692 0.032332
53 0.527280 0.504564 0.019486 0.033092
105 0.917771 0.787181 0.063133 0.033092
63 0.819564 0.835108 0.064692 0.033092
2896 0.896726 0.547927 0.066251 0.033092
99 0.816056 0.564283 0.077942 0.033092
58 0.813718 0.598707 0.034295 0.033473
3984 0.747857 0.491822 0.052221 0.033473
96 0.728761 0.311525 0.065472 0.033473
95 0.597428 0.723469 0.075604 0.033473
58 0.711224 0.543743 0.042868 0.033853
91 0.713562 0.578357 0.042868 0.033853
978 0.888932 0.840434 0.061574 0.033853
2489 0.767732 0.099467 0.074825 0.033853
69 0.197584 0.510270 0.027280 0.034614
79 0.470772 0.561240 0.049883 0.034614
127 0.210834 0.862495 0.072486 0.034614
119 0.485970 0.841385 0.019486 0.034994
118 0.161730 0.617345 0.031956 0.034994
69 0.499221 0.228984 0.050663 0.034994
127 0.738504 0.801065 0.066251 0.034994
58 0.899065 0.198745 0.033515 0.035375
70 0.425955 0.724040 0.035074 0.035375
66 0.583009 0.219285 0.037412 0.036135
110 0.719797 0.620959 0.058457 0.036135
68 0.923227 0.822556 0.011691 0.036896
123 0.719797 0.236021 0.027280 0.036896
51 0.810990 0.719855 0.044427 0.036896
110 0.597038 0.791746 0.056118 0.036896
2438 0.847233 0.098707 0.065472 0.036896
3381 0.399065 0.554964 0.049883 0.038037
4564 0.577163 0.498288 0.061574 0.038037
105 0.818005 0.322936 0.064692 0.038037
51 0.586516 0.180867 0.056898 0.038418
1818 0.273188 0.552491 0.072486 0.038418
118 0.725643 0.274819 0.040530 0.039178
76 0.155495 0.567706 0.055339 0.039178
119 0.909197 0.753518 0.028839 0.039559
1108 0.891270 0.500571 0.055339 0.039559
3868 0.903741 0.249905 0.042868 0.041080
1091 0.890101 0.454355 0.065472 0.042221
3468 0.270070 0.186763 0.078722 0.044123
119 0.584567 0.260365 0.037412 0.045264
2438 0.121980 0.886078 0.077163 0.046025
2193 0.811769 0.517878 0.052221 0.047547
3249 0.892050 0.299353 0.066251 0.048688
53 0.421278 0.273678 0.030398 0.049068
1270 0.262666 0.595854 0.056118 0.049068
2438 0.429072 0.355268 0.067810 0.050209
69 0.410366 0.867630 0.024162 0.054774
