56 0.338912 0.688619 0.015807 0.010870
246 0.177127 0.834399 0.048350 0.010870
92 0.104603 0.538843 0.040911 0.011829
92 0.184798 0.450607 0.028359 0.013107
56 0.744305 0.443574 0.013017 0.015665
92 0.264761 0.249840 0.033008 0.015665
56 0.584844 0.874680 0.014877 0.017263
57 0.188749 0.272059 0.020456 0.017263
56 0.582520 0.586957 0.015807 0.017903
128 0.187355 0.592231 0.013947 0.018862
120 0.263598 0.876439 0.014877 0.018862
120 0.255230 0.709079 0.016736 0.019182
64 0.187122 0.472826 0.028359 0.019821
56 0.177824 0.572091 0.050674 0.020141
56 0.899117 0.605978 0.041841 0.020780
56 0.580893 0.823529 0.053464 0.021100
113 0.586704 0.173434 0.064156 0.021419
72 0.586471 0.463875 0.029289 0.021739
52 0.339609 0.418638 0.044166 0.022059
56 0.109949 0.282449 0.052534 0.022059
120 0.586007 0.919757 0.019061 0.022379
77 0.261041 0.609974 0.028359 0.022379
87 0.580660 0.766784 0.027894 0.022698
57 0.425151 0.836157 0.024640 0.023338
302 0.426313 0.906170 0.059507 0.023338
113 0.490702 0.285326 0.068340 0.023338
87 0.586704 0.896419 0.036262 0.023657
2595 0.660391 0.621164 0.040446 0.023657
66 0.912366 0.831682 0.021850 0.023977
60 0.255695 0.587116 0.037192 0.023977
91 0.910274 0.914802 0.037192 0.023977
91 0.747094 0.846387 0.064156 0.023977
66 0.500697 0.310422 0.020456 0.024297
87 0.109949 0.374361 0.029289 0.024297
87 0.501162 0.636349 0.028824 0.024616
87 0.910274 0.695492 0.034403 0.024616
111 0.821943 0.668478 0.026034 0.024936
76 0.902603 0.627238 0.026499 0.024936
88 0.819851 0.539003 0.029289 0.024936
1002 0.490237 0.422315 0.068340 0.024936
495 0.805439 0.571611 0.082287 0.024936
119 0.665969 0.857896 0.017201 0.025256
107 0.341469 0.350863 0.022780 0.025256
66 0.667829 0.235774 0.023710 0.025256
88 0.907485 0.400096 0.027894 0.025256
52 0.663877 0.205083 0.039981 0.025256
111 0.570200 0.741848 0.040446 0.025256
91 0.577173 0.635710 0.052534 0.025256
118 0.504649 0.731138 0.011623 0.025575
60 0.832404 0.871483 0.013482 0.025575
66 0.099721 0.621803 0.023710 0.025575
72 0.184333 0.374041 0.046025 0.025575
52 0.577638 0.565537 0.047885 0.025575
91 0.334263 0.783248 0.055788 0.025575
3731 0.741051 0.765825 0.043701 0.025895
52 0.586007 0.407129 0.053464 0.025895
57 0.909809 0.721228 0.021385 0.026215
126 0.833101 0.328325 0.041841 0.026215
1579 0.573919 0.713555 0.052534 0.026215
118 0.583914 0.608855 0.012087 0.026535
87 0.421664 0.810902 0.033473 0.026535
52 0.105067 0.471547 0.050209 0.026854
76 0.813110 0.597666 0.023245 0.027174
88 0.660391 0.919277 0.030219 0.027174
88 0.259182 0.779252 0.036727 0.027174
2151 0.178522 0.769341 0.042771 0.027174
91 0.736169 0.793958 0.047885 0.027174
93 0.826825 0.750000 0.026499 0.027494
118 0.825430 0.722986 0.016272 0.027813
91 0.176894 0.910965 0.056253 0.027813
99 0.582055 0.438779 0.066946 0.027813
88 0.504184 0.257033 0.032078 0.028133
51 0.420270 0.249041 0.046490 0.028133
1799 0.740818 0.824329 0.034868 0.028453
91 0.178289 0.655850 0.052534 0.028453
99 0.579498 0.203804 0.057183 0.028453
85 0.269177 0.315217 0.013017 0.028772
1083 0.665040 0.404412 0.040446 0.028772
88 0.425384 0.178549 0.026034 0.029092
68 0.903533 0.430467 0.043236 0.029092
91 0.420502 0.564418 0.043236 0.029092
78 0.662947 0.830243 0.026964 0.029412
741 0.909577 0.289962 0.027429 0.029412
88 0.745700 0.295716 0.032543 0.029412
62 0.257090 0.857417 0.032543 0.029412
51 0.818224 0.698529 0.043701 0.029412
2151 0.267318 0.175831 0.059507 0.029412
68 0.337517 0.750000 0.064156 0.029412
118 0.421199 0.861733 0.013017 0.029731
111 0.832404 0.175991 0.023710 0.029731
91 0.183171 0.502078 0.052069 0.029731
118 0.905625 0.749680 0.012087 0.030051
60 0.579265 0.792199 0.023245 0.030051
87 0.260112 0.556266 0.046025 0.030051
55 0.741283 0.421995 0.047885 0.030051
629 0.913529 0.367807 0.038122 0.030371
71 0.435379 0.311541 0.047885 0.030371
91 0.418410 0.382193 0.050209 0.030371
91 0.654579 0.539162 0.053928 0.030371
93 0.342399 0.810102 0.027429 0.030691
78 0.672013 0.176790 0.028359 0.030691
60 0.109019 0.309143 0.040446 0.030691
62 0.424919 0.505914 0.028824 0.031010
111 0.420967 0.740729 0.029289 0.031330
2600 0.745002 0.261829 0.047885 0.031330
58 0.905160 0.461157 0.017666 0.031650
83 0.822176 0.917679 0.040446 0.031650
88 0.500232 0.561381 0.036262 0.031969
111 0.085309 0.818734 0.044166 0.031969
2836 0.744073 0.906969 0.044166 0.031969
70 0.576244 0.536125 0.055323 0.031969
98 0.410042 0.536445 0.062297 0.031969
83 0.737331 0.733056 0.036262 0.032609
81 0.820084 0.851982 0.039052 0.032609
3687 0.423989 0.348146 0.052999 0.032609
60 0.112041 0.400735 0.021385 0.033568
111 0.579730 0.371004 0.040911 0.033568
4171 0.670618 0.326247 0.046025 0.033568
1774 0.501860 0.603740 0.054393 0.033568
78 0.507438 0.220269 0.033938 0.033887
125 0.829382 0.291240 0.039052 0.033887
51 0.340074 0.481777 0.048815 0.033887
108 0.895862 0.493926 0.054858 0.033887
98 0.325662 0.665281 0.071130 0.033887
111 0.092748 0.858216 0.018131 0.034207
83 0.256625 0.392743 0.039981 0.034207
268 0.740586 0.871963 0.041841 0.034207
4440 0.916086 0.257832 0.045095 0.034207
85 0.825430 0.781330 0.012552 0.034527
76 0.253835 0.679668 0.039052 0.034527
70 0.586936 0.849584 0.019991 0.034847
121 0.498605 0.761669 0.022780 0.034847
121 0.107392 0.340953 0.023245 0.034847
74 0.415156 0.466912 0.047420 0.034847
85 0.417945 0.643223 0.013017 0.035166
118 0.426546 0.279731 0.017201 0.035166
76 0.501395 0.797315 0.020921 0.035166
4162 0.179916 0.803389 0.031613 0.035166
111 0.651093 0.701087 0.044166 0.035166
2238 0.748954 0.224425 0.052069 0.035166
70 0.743143 0.623561 0.020921 0.035486
1392 0.741748 0.701247 0.043236 0.035486
120 0.261971 0.480978 0.046025 0.035486
3735 0.820084 0.818254 0.047420 0.035486
60 0.498838 0.665601 0.025105 0.035806
3025 0.659926 0.744565 0.043236 0.035806
111 0.732218 0.387148 0.044630 0.035806
126 0.344956 0.274936 0.049279 0.035806
683 0.747327 0.181266 0.068340 0.035806
83 0.339609 0.444853 0.032078 0.036125
58 0.503254 0.833600 0.047885 0.036125
2489 0.191306 0.304508 0.048815 0.036125
111 0.416783 0.211637 0.037657 0.036445
68 0.259182 0.522698 0.045095 0.036445
3735 0.490702 0.704604 0.046025 0.036445
60 0.340772 0.710518 0.021385 0.036765
70 0.833333 0.255435 0.019991 0.037084
87 0.099024 0.696611 0.030683 0.037084
54 0.184798 0.624041 0.045095 0.037724
366 0.266853 0.284527 0.055788 0.037724
3002 0.902603 0.535486 0.056253 0.037724
316 0.736634 0.544757 0.062762 0.037724
3799 0.179916 0.341752 0.066946 0.037724
119 0.261041 0.641145 0.019061 0.038043
83 0.100883 0.434942 0.039052 0.038043
74 0.261041 0.905531 0.039517 0.038043
126 0.904463 0.573689 0.044166 0.038043
717 0.828219 0.400735 0.073919 0.038043
1799 0.178987 0.732896 0.031613 0.038683
3136 0.255695 0.814418 0.037192 0.038683
3175 0.111808 0.246643 0.055323 0.038683
316 0.916783 0.225384 0.064156 0.039003
111 0.088331 0.653932 0.042771 0.039322
1804 0.918410 0.183983 0.053464 0.039322
2432 0.591120 0.333280 0.058113 0.039322
78 0.420037 0.776535 0.028359 0.039642
1778 0.913529 0.328645 0.036262 0.039642
1480 0.502325 0.908887 0.056253 0.039642
83 0.587634 0.287884 0.026964 0.039962
1296 0.185495 0.234175 0.029754 0.039962
86 0.345653 0.383951 0.019991 0.040281
4440 0.506044 0.870524 0.050674 0.040281
3032 0.656439 0.501918 0.053928 0.040921
85 0.828452 0.211797 0.013947 0.041240
58 0.585309 0.495684 0.021385 0.041240
119 0.352394 0.513907 0.024175 0.041240
62 0.907950 0.660646 0.025105 0.041240
3735 0.826360 0.365569 0.046955 0.041240
4312 0.669224 0.367168 0.046955 0.041240
68 0.263598 0.354540 0.010228 0.041560
58 0.343561 0.312980 0.020456 0.041560
58 0.745700 0.659207 0.031613 0.041560
120 0.824500 0.632353 0.049744 0.041560
1666 0.581590 0.671995 0.064156 0.041560
316 0.096467 0.781170 0.071130 0.041880
1782 0.342166 0.184463 0.054858 0.042199
3741 0.186425 0.691496 0.060437 0.042199
53 0.505114 0.181746 0.019991 0.042519
1551 0.262204 0.438139 0.037192 0.043159
1129 0.254300 0.745524 0.039981 0.043478
316 0.182241 0.537084 0.060437 0.043478
2391 0.185960 0.181746 0.052999 0.043798
2887 0.658066 0.580723 0.059972 0.044437
76 0.104138 0.507673 0.033473 0.045396
3893 0.908880 0.790761 0.030683 0.045716
2191 0.828219 0.500799 0.045095 0.045716
58 0.099721 0.738491 0.019061 0.046036
83 0.336588 0.904412 0.029754 0.046036
3353 0.818457 0.450128 0.045095 0.046036
781 0.660855 0.452046 0.045095 0.046036
3435 0.506044 0.516784 0.043236 0.046355
68 0.504649 0.344309 0.008833 0.046675
68 0.817294 0.880115 0.008368 0.047315
1087 0.341702 0.228261 0.034403 0.047315
121 0.583914 0.243926 0.042771 0.047315
1250 0.653417 0.659527 0.051604 0.047315
3405 0.417248 0.602462 0.036727 0.047634
3665 0.738494 0.341113 0.029289 0.047954
58 0.494886 0.382353 0.031148 0.047954
3435 0.662715 0.786925 0.046955 0.049552
316 0.184565 0.874840 0.080893 0.049552
68 0.912831 0.872602 0.006974 0.050192
91 0.733147 0.588075 0.041841 0.050192
47 0.672245 0.882353 0.039981 0.050512
287 0.327755 0.613651 0.055788 0.052110
58 0.670153 0.274936 0.032078 0.052430
4484 0.423524 0.422474 0.028824 0.052749
726 0.263831 0.222986 0.046955 0.052749
68 0.188052 0.410806 0.006974 0.053069
121 0.338447 0.853101 0.047420 0.053389
78 0.090191 0.902494 0.032543 0.053708
68 0.105300 0.577206 0.006044 0.054028
2915 0.417248 0.690058 0.036727 0.054028
3889 0.118550 0.192295 0.041841 0.056586
68 0.745002 0.489290 0.006044 0.064898
