313 0.755870 0.808661 0.072038 0.036232
1782 0.739328 0.764148 0.074173 0.041753
91 0.403148 0.549517 0.088047 0.046584
88 0.530950 0.658213 0.071505 0.047274
91 0.276948 0.679089 0.072572 0.052450
981 0.460245 0.480331 0.079509 0.053830
2822 0.622732 0.347308 0.086446 0.056936
113 0.628335 0.404244 0.093383 0.056936
53 0.596318 0.482402 0.022946 0.057971
4260 0.462647 0.398723 0.065101 0.059006
3984 0.518943 0.587474 0.060299 0.060386
58 0.606190 0.540200 0.069370 0.060386
4271 0.411153 0.608868 0.078442 0.060386
1116 0.280683 0.603692 0.065101 0.062457
1879 0.275080 0.760179 0.062433 0.075914
