246 0.777197 0.791218 0.033473 0.003124
246 0.544456 0.587643 0.039749 0.003471
128 0.466004 0.878167 0.007322 0.009025
92 0.076621 0.835127 0.025628 0.009025
161 0.393567 0.341375 0.018305 0.009372
92 0.152458 0.269524 0.023536 0.009372
161 0.389906 0.305797 0.018305 0.009719
92 0.229341 0.271434 0.027720 0.010413
92 0.781904 0.835474 0.027197 0.011107
57 0.709205 0.356647 0.026151 0.011454
92 0.385460 0.269872 0.027197 0.011454
92 0.387814 0.688997 0.026674 0.011801
92 0.150628 0.122180 0.028243 0.011801
85 0.073745 0.904200 0.017782 0.012496
92 0.625262 0.783756 0.026674 0.013190
56 0.307008 0.618188 0.013598 0.013884
56 0.781904 0.383894 0.014644 0.013884
57 0.161349 0.370705 0.036088 0.013884
92 0.384937 0.450364 0.029289 0.014231
92 0.152197 0.782888 0.029289 0.014231
88 0.781642 0.598924 0.038180 0.014231
93 0.317469 0.282367 0.053347 0.014231
56 0.544456 0.129122 0.014644 0.014578
88 0.704236 0.772995 0.015167 0.014578
113 0.462605 0.867060 0.039226 0.014578
128 0.629446 0.745401 0.010983 0.014925
81 0.073745 0.689170 0.036611 0.014925
88 0.700052 0.403679 0.022490 0.015272
102 0.391998 0.643874 0.055962 0.015272
64 0.542887 0.796078 0.025105 0.015620
56 0.541579 0.481777 0.014121 0.015967
120 0.782427 0.498785 0.020921 0.015967
64 0.233787 0.659146 0.020921 0.015967
88 0.623431 0.397605 0.013598 0.016314
62 0.545502 0.753037 0.018828 0.016314
88 0.308577 0.900729 0.025105 0.016661
57 0.476203 0.612982 0.033996 0.016661
72 0.228033 0.186567 0.020921 0.017008
91 0.303609 0.331309 0.028766 0.017008
120 0.783734 0.649254 0.017259 0.017702
499 0.384153 0.289309 0.046548 0.017702
120 0.467573 0.595279 0.017782 0.018049
81 0.074268 0.102742 0.028243 0.018049
55 0.150889 0.101701 0.040272 0.018049
1002 0.779289 0.519611 0.050209 0.018049
548 0.783473 0.748525 0.024059 0.018396
83 0.225418 0.900555 0.030335 0.018396
52 0.307531 0.699931 0.033473 0.018396
120 0.308577 0.737244 0.017782 0.018743
120 0.627615 0.859771 0.017782 0.018743
91 0.541318 0.818466 0.031381 0.018743
57 0.085513 0.389101 0.035042 0.018743
62 0.626831 0.845887 0.035042 0.018743
285 0.383891 0.323499 0.043933 0.018743
1002 0.307793 0.759806 0.048640 0.018743
93 0.789749 0.396390 0.049163 0.018743
120 0.152458 0.879729 0.012029 0.019091
88 0.544456 0.162964 0.019874 0.019091
64 0.463389 0.384068 0.028243 0.019091
91 0.781119 0.770739 0.029812 0.019091
91 0.304393 0.159840 0.031381 0.019091
91 0.459990 0.131725 0.033996 0.019091
95 0.780858 0.879729 0.034519 0.019091
101 0.308316 0.716591 0.048640 0.019091
120 0.702406 0.509198 0.013598 0.019438
88 0.231433 0.556057 0.019351 0.019438
111 0.385722 0.899688 0.019351 0.019438
56 0.619770 0.466505 0.020921 0.019438
91 0.780335 0.542520 0.031381 0.019438
120 0.543410 0.568032 0.016736 0.019785
120 0.541579 0.142485 0.018305 0.019785
2782 0.228033 0.876952 0.032427 0.019785
62 0.152720 0.859944 0.033473 0.019785
1401 0.784519 0.895696 0.041841 0.019785
120 0.385722 0.509198 0.014121 0.020132
56 0.619247 0.331135 0.016736 0.020132
91 0.703190 0.696286 0.028766 0.020132
91 0.540795 0.250260 0.029289 0.020132
91 0.625000 0.767442 0.029289 0.020132
1415 0.623954 0.420340 0.044979 0.020132
111 0.698745 0.150816 0.021967 0.020479
83 0.300209 0.571850 0.032427 0.020479
126 0.150366 0.900208 0.035042 0.020479
67 0.636506 0.797466 0.049163 0.020479
85 0.626831 0.877820 0.013075 0.020826
88 0.623169 0.444290 0.018305 0.020826
118 0.707636 0.820896 0.025105 0.020826
83 0.378400 0.216591 0.029812 0.020826
91 0.463128 0.798681 0.029812 0.020826
88 0.156119 0.573065 0.033996 0.020826
740 0.076621 0.885804 0.036088 0.020826
251 0.306224 0.107602 0.042364 0.020826
1005 0.778766 0.335647 0.050209 0.020826
117 0.542103 0.872093 0.022490 0.021173
91 0.543410 0.645436 0.031381 0.021173
95 0.619247 0.284103 0.036611 0.021173
123 0.307008 0.597362 0.017782 0.021520
111 0.621600 0.557792 0.018305 0.021520
87 0.700837 0.175286 0.030335 0.021520
91 0.382061 0.360986 0.030858 0.021520
978 0.467050 0.898299 0.041841 0.021520
66 0.153504 0.521867 0.023536 0.021867
91 0.698745 0.249393 0.032427 0.021867
58 0.700314 0.601354 0.040795 0.021867
98 0.618201 0.515446 0.039749 0.022215
93 0.632584 0.342242 0.048640 0.022215
68 0.232479 0.853697 0.005753 0.022562
118 0.311192 0.506595 0.015690 0.022562
111 0.699006 0.530545 0.019351 0.022562
111 0.153504 0.705137 0.020397 0.022562
118 0.161349 0.762409 0.021444 0.022562
81 0.147490 0.165394 0.035565 0.022562
253 0.302040 0.185179 0.038180 0.022562
67 0.712082 0.104651 0.044456 0.022562
85 0.229864 0.800417 0.010983 0.022909
91 0.697176 0.553974 0.027197 0.022909
126 0.308054 0.814648 0.030335 0.022909
126 0.466789 0.682055 0.030858 0.022909
126 0.462082 0.218674 0.031904 0.022909
126 0.701360 0.464075 0.032427 0.022909
84 0.787395 0.691774 0.051778 0.022909
68 0.386506 0.878341 0.007322 0.023256
76 0.073745 0.314995 0.017782 0.023256
88 0.385199 0.429538 0.024582 0.023256
88 0.702667 0.869316 0.024582 0.023256
83 0.621600 0.635717 0.028766 0.023256
75 0.635199 0.897084 0.033996 0.023256
126 0.777197 0.141097 0.034519 0.023256
55 0.227772 0.106387 0.043410 0.023256
120 0.700052 0.128428 0.017259 0.023603
74 0.702667 0.228393 0.022490 0.023603
107 0.781642 0.672336 0.022490 0.023603
91 0.777458 0.259979 0.033996 0.023603
1401 0.465220 0.550850 0.040272 0.023603
2180 0.703452 0.486984 0.041841 0.023603
68 0.468619 0.521173 0.006276 0.023950
66 0.617155 0.157758 0.019874 0.023950
126 0.077667 0.739847 0.028766 0.023950
91 0.233002 0.686741 0.029812 0.023950
547 0.234310 0.634675 0.041841 0.023950
1375 0.461036 0.823152 0.042364 0.023950
2104 0.310146 0.843284 0.049163 0.023950
85 0.465220 0.405762 0.010983 0.024297
85 0.309100 0.676154 0.012552 0.024297
74 0.467573 0.777855 0.019874 0.024297
88 0.149320 0.209302 0.020397 0.024297
107 0.153243 0.545297 0.026151 0.024297
60 0.542103 0.896043 0.012029 0.024644
76 0.467312 0.575321 0.017259 0.024644
87 0.389121 0.165741 0.027197 0.024644
2677 0.228818 0.212253 0.029812 0.024644
126 0.153243 0.431274 0.031381 0.024644
67 0.397490 0.767963 0.044979 0.024644
2498 0.463912 0.848837 0.044979 0.024644
120 0.151935 0.186394 0.014121 0.024991
119 0.152981 0.830614 0.017259 0.024991
126 0.305962 0.418952 0.031381 0.024991
98 0.777458 0.200625 0.038180 0.024991
85 0.071391 0.187261 0.012029 0.025338
2677 0.542887 0.187956 0.027197 0.025338
253 0.078975 0.534016 0.029289 0.025338
126 0.777458 0.309441 0.033996 0.025338
885 0.077144 0.443770 0.046548 0.025338
108 0.777458 0.282194 0.010983 0.025686
60 0.539226 0.502950 0.011506 0.025686
111 0.463128 0.467199 0.023536 0.025686
1645 0.226726 0.830614 0.041318 0.025686
3256 0.780858 0.422076 0.049163 0.025686
53 0.384153 0.137279 0.013075 0.026033
85 0.617155 0.213988 0.016736 0.026033
119 0.385983 0.791913 0.016736 0.026033
111 0.383891 0.556578 0.020921 0.026033
119 0.078190 0.568032 0.021444 0.026033
51 0.704236 0.797466 0.029812 0.026033
120 0.387552 0.619056 0.038703 0.026033
253 0.699006 0.380944 0.040272 0.026033
480 0.782688 0.452100 0.042364 0.026033
2501 0.540010 0.397952 0.044456 0.026033
3768 0.617939 0.132766 0.045502 0.026033
119 0.545502 0.771260 0.014644 0.026380
253 0.307531 0.873655 0.031381 0.026380
3984 0.700837 0.894481 0.036611 0.026380
126 0.620031 0.105172 0.037134 0.026380
127 0.302040 0.525165 0.037134 0.026380
979 0.703713 0.340854 0.040272 0.026380
1613 0.077406 0.632766 0.042887 0.026380
434 0.464435 0.498091 0.048117 0.026380
119 0.544718 0.730128 0.013075 0.026727
76 0.229341 0.577751 0.017259 0.026727
87 0.302824 0.236897 0.030335 0.026727
1815 0.304132 0.209476 0.037134 0.026727
68 0.541318 0.107428 0.038703 0.026727
126 0.462082 0.438563 0.041318 0.026727
98 0.539487 0.459389 0.043410 0.026727
1607 0.302824 0.481951 0.043933 0.026727
60 0.623692 0.611246 0.017259 0.027074
3161 0.780596 0.856647 0.035042 0.027074
71 0.709205 0.846234 0.039749 0.027074
54 0.388337 0.741756 0.041318 0.027074
121 0.303347 0.264491 0.043933 0.027074
316 0.463128 0.110031 0.053870 0.027074
85 0.385460 0.534363 0.010460 0.027421
85 0.627615 0.726657 0.012552 0.027421
58 0.383630 0.109163 0.027720 0.027421
2885 0.226726 0.160187 0.035042 0.027421
87 0.783473 0.479695 0.030335 0.027768
51 0.543672 0.704269 0.031904 0.027768
1935 0.232218 0.708435 0.042887 0.027768
316 0.621600 0.538008 0.048640 0.027768
60 0.072437 0.127213 0.013075 0.028115
1879 0.302824 0.135543 0.035565 0.028115
3735 0.071653 0.217459 0.037657 0.028115
1935 0.231172 0.774557 0.039749 0.028115
2525 0.542364 0.847796 0.041841 0.028115
1385 0.229864 0.740889 0.045502 0.028115
1990 0.305962 0.389622 0.048117 0.028115
68 0.622908 0.308226 0.007322 0.028462
85 0.307531 0.544603 0.012552 0.028462
119 0.625523 0.822284 0.014644 0.028462
118 0.159780 0.494967 0.019351 0.028462
87 0.625000 0.586949 0.032427 0.028462
2885 0.462866 0.315515 0.034519 0.028462
4284 0.075575 0.859771 0.037134 0.028462
376 0.774320 0.172162 0.043410 0.028462
1480 0.702667 0.276293 0.044456 0.028462
53 0.387291 0.666956 0.012029 0.028809
119 0.075052 0.336168 0.018305 0.028809
78 0.231695 0.608643 0.030335 0.028809
126 0.229864 0.366366 0.030858 0.028809
87 0.151935 0.806144 0.030858 0.028809
4252 0.781381 0.720062 0.039749 0.028809
1050 0.622646 0.663832 0.052824 0.028809
68 0.150889 0.140923 0.006799 0.029157
60 0.077929 0.711558 0.011506 0.029157
119 0.230387 0.129122 0.017259 0.029157
51 0.153766 0.736203 0.035565 0.029157
1428 0.077406 0.416175 0.038703 0.029157
1510 0.701098 0.309615 0.040272 0.029157
69 0.627354 0.186567 0.023536 0.029504
3285 0.780335 0.624957 0.035565 0.029504
1847 0.700575 0.628081 0.042364 0.029504
1607 0.385199 0.854738 0.045502 0.029504
60 0.699791 0.199583 0.015690 0.029851
1584 0.784257 0.810135 0.025628 0.029851
2152 0.707374 0.720583 0.041318 0.029851
3353 0.075052 0.772128 0.032950 0.030198
2525 0.150366 0.241062 0.041318 0.030198
3799 0.458159 0.192468 0.041841 0.030198
599 0.383630 0.588511 0.048640 0.030198
68 0.387291 0.822284 0.005753 0.030545
83 0.540272 0.429365 0.016736 0.030545
74 0.155596 0.464075 0.021444 0.030545
83 0.464435 0.745054 0.012552 0.030892
296 0.779027 0.228566 0.023536 0.030892
3100 0.540010 0.219195 0.040272 0.030892
3100 0.228295 0.244533 0.041318 0.030892
3735 0.385722 0.713815 0.041318 0.030892
3050 0.464697 0.712773 0.042364 0.030892
58 0.078452 0.660882 0.017782 0.031239
2525 0.539487 0.676848 0.040272 0.031239
68 0.076098 0.368101 0.006799 0.031586
3754 0.458944 0.160187 0.029812 0.031586
1584 0.305439 0.449670 0.030335 0.031586
1401 0.462605 0.284103 0.041318 0.031586
376 0.307793 0.786706 0.042364 0.031586
1319 0.304132 0.305797 0.043410 0.031933
4077 0.302824 0.356473 0.048117 0.031933
1917 0.538441 0.322284 0.036088 0.032280
2525 0.228818 0.334432 0.042364 0.032280
2891 0.779812 0.570462 0.042887 0.032280
322 0.387814 0.245574 0.051778 0.032280
68 0.781904 0.362374 0.007322 0.032628
83 0.152981 0.635543 0.015167 0.032628
608 0.705544 0.664353 0.029289 0.032628
87 0.699791 0.576883 0.031381 0.032628
2745 0.778504 0.110031 0.032950 0.032628
4415 0.226464 0.523776 0.044979 0.032628
981 0.705805 0.750260 0.041318 0.032975
1385 0.228818 0.297987 0.042364 0.032975
3212 0.698745 0.433009 0.031381 0.033669
3940 0.075052 0.476050 0.036088 0.033669
1193 0.070345 0.289309 0.037134 0.033669
3435 0.076098 0.807879 0.038180 0.033669
613 0.385722 0.478480 0.044456 0.033669
3089 0.623169 0.696460 0.045502 0.033669
83 0.076360 0.597362 0.013598 0.034016
119 0.079236 0.507116 0.018305 0.034016
1584 0.152981 0.398473 0.031904 0.034016
68 0.154812 0.601874 0.009414 0.034710
83 0.071130 0.253384 0.012552 0.034710
87 0.623169 0.490108 0.029812 0.034710
83 0.227249 0.450538 0.014121 0.035404
119 0.381538 0.194377 0.023536 0.035404
4076 0.618985 0.372093 0.045502 0.035404
3749 0.465481 0.251302 0.047071 0.035404
3353 0.151935 0.299375 0.040272 0.036446
2612 0.539487 0.359597 0.039226 0.037487
4324 0.545502 0.614196 0.035565 0.037834
3435 0.305178 0.645783 0.048640 0.037834
1505 0.543149 0.536966 0.042364 0.038181
3708 0.154550 0.672510 0.042364 0.038528
3435 0.154027 0.341201 0.032950 0.039570
3796 0.618985 0.249393 0.046548 0.040611
2891 0.379707 0.391357 0.041841 0.041305
1297 0.463912 0.645262 0.046025 0.041652
3306 0.461036 0.351440 0.035042 0.041999
1297 0.539749 0.283409 0.041841 0.042694
2491 0.228033 0.407324 0.037657 0.043388
48 0.083421 0.152551 0.035042 0.046165
