246 0.677966 0.313686 0.054614 0.005818
146 0.258475 0.319657 0.023540 0.009186
146 0.472458 0.891917 0.024953 0.009186
209 0.447269 0.476883 0.006591 0.009492
52 0.558851 0.925903 0.030132 0.009798
146 0.229520 0.375077 0.024011 0.011023
101 0.480932 0.182486 0.037194 0.011023
209 0.477872 0.467851 0.007533 0.011635
57 0.524247 0.401715 0.024011 0.011635
209 0.477637 0.456062 0.008945 0.011941
81 0.773540 0.529547 0.026365 0.011941
209 0.156073 0.496173 0.008004 0.012554
209 0.156544 0.508726 0.008945 0.012554
209 0.478814 0.479945 0.010358 0.012554
209 0.157721 0.534140 0.010358 0.012554
209 0.157015 0.521433 0.008945 0.012860
162 0.689972 0.880894 0.026836 0.012860
182 0.691384 0.866810 0.037194 0.012860
182 0.664077 0.896816 0.039077 0.012860
209 0.448446 0.465248 0.008004 0.013166
173 0.445857 0.452082 0.029190 0.013166
173 0.154426 0.483313 0.030132 0.013166
173 0.475989 0.428812 0.031073 0.013166
209 0.479049 0.442897 0.009887 0.014391
64 0.483757 0.334813 0.022128 0.014391
56 0.516008 0.372933 0.014124 0.014697
76 0.517655 0.415034 0.021186 0.015003
200 0.235640 0.391151 0.033427 0.015615
101 0.903719 0.312002 0.044727 0.015922
56 0.250235 0.894979 0.018362 0.016534
162 0.664313 0.912431 0.018832 0.016534
108 0.518126 0.388702 0.013653 0.016840
193 0.474812 0.925750 0.031544 0.016840
698 0.143362 0.370637 0.035311 0.016840
99 0.771893 0.543325 0.036252 0.016840
209 0.446563 0.493570 0.008945 0.017146
111 0.810028 0.563380 0.013653 0.017146
91 0.810264 0.580833 0.023540 0.017146
83 0.808616 0.497551 0.025895 0.017759
92 0.146893 0.144213 0.040490 0.017759
118 0.558851 0.911972 0.020716 0.018065
495 0.441149 0.309706 0.038606 0.018065
64 0.248117 0.706981 0.024482 0.018371
193 0.258239 0.366197 0.030603 0.018371
198 0.474105 0.907991 0.017891 0.018677
57 0.801554 0.190294 0.031544 0.018677
81 0.352166 0.495254 0.039548 0.018677
120 0.249765 0.914574 0.027778 0.018983
91 0.480461 0.141151 0.028719 0.018983
192 0.366055 0.142682 0.028719 0.018983
3731 0.810970 0.520821 0.034369 0.018983
101 0.442561 0.290263 0.035782 0.018983
166 0.591102 0.864666 0.016478 0.019596
91 0.349812 0.916105 0.035782 0.019596
113 0.896657 0.611451 0.039077 0.019596
132 0.157486 0.466779 0.023070 0.019902
193 0.913842 0.383497 0.030132 0.019902
870 0.811911 0.543172 0.025895 0.020208
91 0.245763 0.753827 0.035782 0.020208
87 0.481403 0.286742 0.024953 0.020514
91 0.440443 0.227648 0.025895 0.020514
111 0.590631 0.913656 0.022128 0.020821
52 0.150424 0.163503 0.044727 0.020821
166 0.814972 0.422076 0.018832 0.021127
120 0.441855 0.331445 0.025895 0.021127
57 0.358757 0.236834 0.032957 0.021127
52 0.145480 0.343386 0.042373 0.021127
52 0.902072 0.179884 0.043315 0.021127
52 0.463512 0.698867 0.045669 0.021127
55 0.899718 0.730710 0.048023 0.021127
56 0.574388 0.304042 0.021657 0.021433
68 0.588041 0.892529 0.028249 0.021433
64 0.897128 0.757808 0.034369 0.021433
52 0.903013 0.228108 0.047081 0.021433
55 0.787194 0.910288 0.048023 0.021433
62 0.249058 0.846448 0.024482 0.021739
84 0.439736 0.143448 0.028249 0.021739
154 0.789783 0.243264 0.042844 0.021739
56 0.790019 0.692897 0.019774 0.022045
56 0.901601 0.206369 0.021657 0.022045
253 0.481638 0.200551 0.031073 0.022045
52 0.570621 0.692284 0.043315 0.022045
52 0.572976 0.836803 0.045198 0.022045
156 0.912665 0.335732 0.025895 0.022352
84 0.350282 0.810931 0.043315 0.022352
135 0.369821 0.167789 0.022128 0.022658
127 0.483757 0.353337 0.037194 0.022658
113 0.462806 0.869871 0.039548 0.022658
111 0.773305 0.478414 0.022128 0.022964
52 0.794256 0.389008 0.042373 0.022964
120 0.784605 0.850276 0.023070 0.023270
91 0.573211 0.573791 0.039077 0.023270
52 0.808616 0.475964 0.030603 0.023576
56 0.350047 0.524189 0.024953 0.023882
66 0.574388 0.752296 0.027307 0.023882
76 0.246704 0.534905 0.034840 0.023882
52 0.896422 0.631353 0.041431 0.023882
132 0.476460 0.410288 0.025424 0.024495
66 0.906073 0.452848 0.025895 0.024495
120 0.675141 0.732701 0.026365 0.024495
52 0.675847 0.837722 0.043785 0.024495
52 0.244350 0.293938 0.048964 0.024495
76 0.555556 0.890845 0.020716 0.024801
164 0.689736 0.234385 0.024482 0.024801
58 0.771893 0.453766 0.024953 0.025107
91 0.903484 0.544703 0.033898 0.025107
81 0.349812 0.867269 0.032957 0.025413
60 0.677495 0.707593 0.017891 0.025720
126 0.771186 0.504287 0.029190 0.025720
91 0.676554 0.681874 0.038606 0.025720
98 0.349105 0.639927 0.050377 0.025720
2555 0.786959 0.663197 0.062618 0.025720
85 0.350753 0.665799 0.016008 0.026026
85 0.248352 0.820423 0.022128 0.026026
126 0.481403 0.261023 0.028719 0.026026
81 0.249765 0.683558 0.038136 0.026026
58 0.807910 0.451010 0.023540 0.026332
268 0.480697 0.162278 0.032015 0.026332
110 0.464689 0.567667 0.034840 0.026332
76 0.346987 0.730251 0.035782 0.026332
110 0.462806 0.812002 0.037665 0.026332
62 0.352637 0.893141 0.043315 0.026332
198 0.915254 0.357165 0.016949 0.026638
53 0.248823 0.730098 0.018362 0.026638
52 0.347693 0.471372 0.039077 0.026638
55 0.901601 0.258573 0.048964 0.026638
127 0.573446 0.632119 0.048964 0.026638
81 0.249765 0.870790 0.035311 0.026944
81 0.789548 0.794856 0.035782 0.026944
98 0.351460 0.307410 0.040960 0.026944
127 0.795904 0.213105 0.048493 0.026944
86 0.258004 0.477495 0.042373 0.027250
98 0.672316 0.174985 0.048023 0.027250
198 0.258475 0.342009 0.019774 0.027557
85 0.786252 0.824862 0.020716 0.027557
85 0.681497 0.449173 0.024011 0.027557
66 0.572976 0.604715 0.027307 0.027557
98 0.441620 0.171464 0.032957 0.027557
91 0.572740 0.721984 0.037194 0.027557
84 0.241761 0.621555 0.039077 0.027557
87 0.149953 0.436314 0.040019 0.027557
111 0.348399 0.840631 0.024482 0.027863
120 0.679849 0.417483 0.026365 0.027863
547 0.574623 0.465554 0.048493 0.027863
127 0.249765 0.451164 0.056026 0.027863
122 0.441384 0.199633 0.024011 0.028169
111 0.677260 0.147275 0.025895 0.028169
76 0.356403 0.334966 0.032015 0.028169
52 0.674200 0.615126 0.044256 0.028169
111 0.464218 0.595070 0.024482 0.028475
85 0.577213 0.536895 0.026365 0.028475
58 0.146657 0.254287 0.026836 0.028475
93 0.576507 0.811543 0.044727 0.028475
83 0.149011 0.222903 0.038136 0.028781
127 0.578154 0.778628 0.054614 0.028781
85 0.784605 0.879363 0.022128 0.029394
76 0.677024 0.203307 0.032957 0.029394
98 0.243409 0.422535 0.046139 0.029394
66 0.149953 0.193968 0.030603 0.029700
127 0.908192 0.479333 0.051789 0.029700
2222 0.787900 0.724280 0.055085 0.029700
53 0.901601 0.700245 0.015066 0.030006
83 0.676318 0.644213 0.035311 0.030006
2681 0.464925 0.533068 0.058851 0.030006
63 0.485169 0.309247 0.026836 0.030618
111 0.246469 0.655083 0.024953 0.030925
87 0.243879 0.266228 0.032957 0.030925
45 0.802495 0.605787 0.086158 0.030925
113 0.352166 0.434170 0.035782 0.031231
69 0.256591 0.199173 0.022599 0.031537
4082 0.679143 0.386865 0.038136 0.031537
125 0.460687 0.633190 0.042844 0.031843
113 0.244586 0.230863 0.043785 0.031843
96 0.149011 0.284446 0.048493 0.031843
117 0.354520 0.370331 0.024482 0.032149
87 0.791431 0.361451 0.036723 0.032149
95 0.574388 0.431874 0.043315 0.032149
547 0.676789 0.576699 0.046610 0.032149
68 0.143832 0.316595 0.013653 0.032456
53 0.350989 0.552358 0.018362 0.032456
742 0.464689 0.776179 0.050847 0.032456
68 0.774718 0.570269 0.009887 0.032762
76 0.676083 0.809094 0.031073 0.032762
83 0.893597 0.824709 0.032015 0.032762
70 0.574859 0.502909 0.033898 0.032762
119 0.354520 0.402939 0.022599 0.033068
70 0.902542 0.512554 0.028249 0.033068
69 0.472458 0.841855 0.024953 0.033374
93 0.572269 0.664574 0.041902 0.033374
68 0.250235 0.506736 0.017420 0.033680
2820 0.351460 0.202848 0.057910 0.033987
107 0.903719 0.286895 0.025895 0.034293
87 0.901601 0.151255 0.035782 0.034293
1579 0.676083 0.775720 0.051789 0.034599
1814 0.898305 0.667483 0.043315 0.035517
68 0.898540 0.790263 0.010829 0.036130
45 0.467750 0.394672 0.069209 0.036130
1281 0.480697 0.229792 0.036723 0.036436
717 0.145716 0.400337 0.063559 0.036436
59 0.795904 0.763013 0.042844 0.036742
366 0.907957 0.417483 0.071092 0.037048
626 0.798258 0.281078 0.046610 0.037355
2246 0.678672 0.536130 0.059793 0.037355
268 0.440207 0.261941 0.032015 0.037661
68 0.354284 0.696724 0.011770 0.038273
365 0.891243 0.905848 0.065913 0.038273
365 0.798258 0.323484 0.067326 0.038885
118 0.470810 0.668708 0.019774 0.039192
1834 0.678202 0.344305 0.055085 0.039498
505 0.890772 0.863442 0.053672 0.039804
2656 0.463277 0.734385 0.071563 0.040723
2246 0.355226 0.270974 0.049435 0.041029
296 0.574623 0.341855 0.030603 0.041335
69 0.905603 0.580220 0.023070 0.041641
1300 0.249529 0.786283 0.045198 0.042254
2682 0.678437 0.491121 0.062147 0.042254
4084 0.790019 0.619565 0.061205 0.043172
4346 0.794492 0.153705 0.053202 0.043478
1831 0.572976 0.211268 0.062147 0.043478
3231 0.351224 0.595836 0.057439 0.044091
1435 0.574859 0.393295 0.053672 0.045009
224 0.354520 0.770055 0.051789 0.045928
322 0.680085 0.275413 0.058851 0.046234
1831 0.570151 0.156614 0.061205 0.047459
1300 0.248588 0.155695 0.051789 0.048071
3284 0.573682 0.266075 0.048493 0.050827
224 0.246469 0.577618 0.048493 0.051133
