246 0.648723 0.267308 0.044681 0.003333
246 0.485745 0.304103 0.040426 0.003590
246 0.650638 0.433974 0.037447 0.003846
246 0.322766 0.267692 0.038723 0.004103
246 0.570426 0.301923 0.034468 0.004359
246 0.654043 0.767436 0.037447 0.004615
246 0.738298 0.831667 0.041702 0.004872
246 0.652766 0.597821 0.040000 0.005897
246 0.079787 0.532436 0.039574 0.006923
92 0.329574 0.502051 0.025106 0.011795
92 0.738298 0.500641 0.022979 0.013077
2689 0.737447 0.898846 0.040851 0.013077
101 0.739574 0.764872 0.043404 0.013846
91 0.329149 0.599872 0.025957 0.014103
56 0.656809 0.895897 0.018298 0.015897
91 0.164468 0.899231 0.029362 0.016923
91 0.408723 0.535000 0.026809 0.017179
91 0.241277 0.306282 0.032340 0.017179
85 0.652979 0.796154 0.032766 0.017436
52 0.658936 0.662308 0.041277 0.017436
91 0.739362 0.437179 0.025957 0.018462
91 0.489149 0.634615 0.031064 0.018462
2542 0.077021 0.468205 0.038298 0.018462
88 0.162128 0.536795 0.022128 0.018718
52 0.569787 0.730385 0.031489 0.018718
28 0.573191 0.900385 0.032340 0.019744
88 0.166383 0.664487 0.020426 0.020769
1415 0.489574 0.501410 0.037021 0.020769
83 0.330426 0.465897 0.025957 0.021026
88 0.166596 0.799103 0.025106 0.021282
108 0.568723 0.403718 0.039574 0.021282
119 0.573404 0.865385 0.019149 0.021538
70 0.085319 0.903590 0.025957 0.021538
60 0.487660 0.663205 0.029787 0.021795
91 0.487447 0.373462 0.031064 0.021795
2222 0.407234 0.435256 0.040000 0.021795
126 0.080213 0.702308 0.030213 0.022051
1180 0.241277 0.602179 0.035745 0.022308
57 0.254468 0.797436 0.032340 0.022564
92 0.326170 0.335513 0.033617 0.022821
111 0.247234 0.633205 0.039149 0.022821
978 0.246170 0.668846 0.039574 0.023333
2151 0.161064 0.599615 0.048085 0.023333
1592 0.248085 0.898333 0.055319 0.023333
88 0.160851 0.399872 0.014468 0.023846
86 0.339787 0.864487 0.023404 0.023846
126 0.078085 0.302179 0.029362 0.023846
1083 0.652766 0.336538 0.034043 0.023846
87 0.568723 0.270897 0.035319 0.023846
1799 0.407872 0.597436 0.040426 0.024103
117 0.251277 0.831667 0.019149 0.024359
65 0.334255 0.693462 0.027660 0.024359
60 0.485957 0.401923 0.031489 0.024359
98 0.736383 0.732949 0.037872 0.024359
111 0.079574 0.801795 0.023830 0.024615
76 0.329149 0.633077 0.036170 0.024615
122 0.570213 0.769615 0.024681 0.024872
87 0.491915 0.764487 0.034043 0.024872
127 0.651915 0.394744 0.035745 0.024872
3223 0.160638 0.832949 0.042979 0.024872
327 0.404043 0.566026 0.048936 0.024872
76 0.244894 0.703462 0.031064 0.025385
1157 0.077021 0.558846 0.032340 0.025385
83 0.737872 0.665256 0.032340 0.025385
710 0.075957 0.436026 0.036170 0.025385
366 0.571702 0.506026 0.037872 0.025385
4720 0.163404 0.865769 0.039149 0.025385
330 0.078936 0.733846 0.037872 0.025641
78 0.652340 0.468077 0.025532 0.025897
123 0.653830 0.367821 0.026809 0.025897
117 0.244468 0.536282 0.026809 0.025897
51 0.574894 0.841410 0.032340 0.025897
67 0.661489 0.861667 0.034468 0.025897
107 0.246383 0.372051 0.020426 0.026154
85 0.739362 0.336154 0.023404 0.026154
552 0.491489 0.603333 0.029787 0.026154
4252 0.331064 0.367949 0.040851 0.026154
2222 0.163830 0.730769 0.041702 0.026154
126 0.736383 0.302436 0.020851 0.026410
505 0.567872 0.437949 0.028511 0.026667
76 0.161277 0.269744 0.034043 0.026667
107 0.327660 0.667692 0.037447 0.026667
65 0.246809 0.399103 0.028085 0.026923
3231 0.077234 0.333462 0.034468 0.026923
1296 0.736809 0.866282 0.039574 0.026923
710 0.157234 0.698590 0.042979 0.026923
667 0.406809 0.502692 0.045957 0.026923
4214 0.160000 0.765513 0.049362 0.026923
4252 0.403191 0.368846 0.049787 0.026923
83 0.573191 0.566667 0.023830 0.027179
126 0.162340 0.332051 0.030213 0.027179
126 0.076383 0.499744 0.031915 0.027179
77 0.660851 0.633590 0.035745 0.027179
88 0.572340 0.539103 0.024681 0.027436
119 0.654043 0.828462 0.018723 0.027692
2222 0.081064 0.270513 0.038723 0.027692
123 0.737234 0.566538 0.022553 0.027949
58 0.078511 0.635256 0.022553 0.027949
111 0.573191 0.599231 0.023830 0.028205
83 0.329149 0.763077 0.028511 0.028205
268 0.738723 0.402821 0.036596 0.028205
88 0.330426 0.734615 0.037021 0.028205
1831 0.327234 0.299872 0.051064 0.028462
127 0.654894 0.564359 0.034894 0.028718
96 0.656596 0.699487 0.046809 0.028718
123 0.651702 0.535256 0.027660 0.028974
95 0.571915 0.663462 0.037447 0.028974
4090 0.570638 0.634103 0.034043 0.029231
65 0.248511 0.763077 0.035745 0.029231
66 0.569787 0.336538 0.027234 0.029487
3003 0.486596 0.572179 0.042979 0.029487
111 0.246809 0.500128 0.028936 0.030000
119 0.490213 0.724359 0.021277 0.030256
88 0.246383 0.438974 0.029787 0.030256
2913 0.487660 0.272051 0.034894 0.030256
1831 0.080426 0.769231 0.034894 0.030256
4260 0.163191 0.632308 0.039574 0.030256
121 0.332979 0.833077 0.045532 0.030256
119 0.490851 0.463462 0.020000 0.030513
123 0.736596 0.275256 0.020426 0.030513
83 0.244255 0.469615 0.034043 0.030513
4660 0.327021 0.568846 0.044681 0.030513
71 0.744255 0.596026 0.045957 0.030513
70 0.327872 0.802308 0.023404 0.030769
113 0.651489 0.496667 0.028085 0.030769
83 0.159574 0.427564 0.029787 0.031026
3893 0.079574 0.872436 0.040851 0.031026
1232 0.328085 0.401410 0.045957 0.031026
1232 0.407234 0.402564 0.046809 0.031282
68 0.249787 0.865256 0.008511 0.031538
107 0.245532 0.732308 0.030638 0.031795
2655 0.485957 0.335641 0.044255 0.031795
2246 0.735957 0.536026 0.046383 0.032564
588 0.078511 0.601795 0.037021 0.032821
3893 0.157021 0.505897 0.046809 0.032821
971 0.572340 0.468077 0.028936 0.033077
2191 0.485319 0.536538 0.037021 0.033077
119 0.737872 0.366154 0.019574 0.033333
4458 0.403404 0.469487 0.050213 0.033333
70 0.489149 0.431154 0.020851 0.033590
4090 0.735957 0.703718 0.037872 0.033590
111 0.336383 0.893590 0.030213 0.033846
71 0.090213 0.666667 0.035745 0.034359
1286 0.246809 0.272051 0.045957 0.034359
70 0.490213 0.691667 0.024681 0.034615
58 0.657447 0.731410 0.028936 0.034615
1799 0.571277 0.695513 0.036170 0.034615
1126 0.331064 0.536026 0.051064 0.034615
119 0.491702 0.798462 0.021702 0.034872
88 0.330638 0.440000 0.025532 0.034872
107 0.163617 0.300769 0.035319 0.034872
2429 0.076383 0.368205 0.035319 0.034872
4132 0.160638 0.370256 0.041277 0.034872
76 0.243617 0.341154 0.034468 0.035128
2429 0.157234 0.469744 0.044681 0.035385
3407 0.650000 0.303205 0.042979 0.035641
68 0.160638 0.568590 0.010638 0.036154
68 0.075532 0.406026 0.012340 0.036154
2429 0.076809 0.836282 0.044681 0.037179
68 0.573191 0.370769 0.010213 0.038462
68 0.741489 0.633077 0.012340 0.038462
2920 0.740213 0.472308 0.040426 0.038462
68 0.741064 0.798974 0.007234 0.040513
68 0.244255 0.571795 0.008511 0.041538
47 0.573830 0.808077 0.024255 0.043333
