246 0.462542 0.523665 0.051609 0.006085
128 0.169534 0.594828 0.009434 0.013185
101 0.258602 0.401792 0.045505 0.014537
101 0.651776 0.438472 0.039401 0.014875
92 0.119034 0.495436 0.033851 0.015213
92 0.127636 0.720250 0.041065 0.015213
81 0.166204 0.579784 0.034961 0.015551
101 0.375139 0.486477 0.039956 0.016227
56 0.811598 0.571670 0.019423 0.016903
81 0.264428 0.502197 0.040511 0.017241
162 0.471143 0.542934 0.029967 0.017579
52 0.655938 0.607843 0.037736 0.017579
102 0.368757 0.333840 0.032741 0.017918
209 0.584073 0.721771 0.018313 0.018256
113 0.917592 0.398918 0.039401 0.018256
52 0.935072 0.879648 0.042175 0.018256
64 0.779967 0.212475 0.033851 0.018594
52 0.779134 0.192191 0.038846 0.018594
297 0.915649 0.289216 0.041065 0.018594
173 0.796337 0.246619 0.051054 0.018594
128 0.175083 0.702840 0.010544 0.018932
81 0.177303 0.783976 0.038291 0.018932
113 0.177858 0.828938 0.038291 0.019608
64 0.656493 0.630663 0.027747 0.019946
52 0.260821 0.448783 0.037736 0.019946
52 0.917592 0.378127 0.039401 0.019946
92 0.370144 0.880325 0.042175 0.020284
64 0.919256 0.533638 0.030522 0.020622
52 0.764428 0.483604 0.032741 0.020622
56 0.379578 0.570149 0.039956 0.020622
95 0.884850 0.881846 0.041620 0.020622
56 0.221143 0.558824 0.018313 0.020960
91 0.211432 0.357674 0.035516 0.020960
128 0.699223 0.644523 0.013319 0.021298
56 0.107936 0.243915 0.023862 0.021298
92 0.923973 0.557640 0.036626 0.021298
113 0.175638 0.682725 0.038291 0.021298
93 0.925638 0.450473 0.041065 0.021298
57 0.932575 0.732252 0.039401 0.021636
113 0.325194 0.531102 0.039956 0.021636
302 0.155105 0.294794 0.043840 0.021636
92 0.791343 0.391481 0.046615 0.021636
99 0.696448 0.561866 0.046615 0.021636
64 0.593230 0.387255 0.026637 0.021974
60 0.150666 0.236815 0.029412 0.021974
251 0.915649 0.314740 0.039956 0.022312
81 0.811321 0.485125 0.041065 0.022312
91 0.269145 0.589926 0.041065 0.022312
108 0.239456 0.851758 0.021643 0.022650
56 0.658990 0.715686 0.017203 0.022989
56 0.649834 0.419878 0.018868 0.022989
120 0.181188 0.804936 0.021643 0.022989
56 0.701165 0.672583 0.021643 0.023327
57 0.289123 0.808824 0.028857 0.023327
76 0.110988 0.332150 0.031077 0.023327
81 0.921476 0.673597 0.036071 0.023327
91 0.120144 0.625592 0.038291 0.023327
64 0.808546 0.874746 0.039956 0.023327
2151 0.657325 0.560683 0.047170 0.023327
52 0.462542 0.758114 0.052719 0.023327
56 0.910377 0.229885 0.021643 0.023665
64 0.210044 0.331981 0.024972 0.023665
64 0.869589 0.276876 0.031077 0.023665
57 0.612375 0.576065 0.031632 0.023665
88 0.380133 0.541920 0.042175 0.023665
52 0.464761 0.614943 0.054939 0.023665
76 0.225305 0.698614 0.029967 0.024003
52 0.921199 0.505578 0.042175 0.024003
88 0.165927 0.556119 0.024417 0.024341
76 0.777747 0.169033 0.033851 0.024341
91 0.322697 0.477350 0.037181 0.024341
57 0.349612 0.169371 0.039956 0.024341
81 0.878468 0.736308 0.041065 0.024341
126 0.327969 0.618999 0.043285 0.024341
127 0.219201 0.580967 0.033296 0.024679
51 0.154273 0.207742 0.034406 0.024679
91 0.162320 0.467377 0.043840 0.024679
85 0.545782 0.394861 0.016093 0.025017
88 0.371254 0.390805 0.028857 0.025017
85 0.264983 0.532285 0.019423 0.025355
642 0.151221 0.351420 0.020533 0.025355
127 0.210322 0.380832 0.038846 0.025355
83 0.920644 0.613252 0.035516 0.025693
55 0.875694 0.715010 0.039956 0.025693
128 0.232797 0.218222 0.014983 0.026031
127 0.699778 0.584686 0.035516 0.026031
87 0.281077 0.783807 0.037181 0.026031
1173 0.369589 0.310176 0.041065 0.026031
82 0.931188 0.795301 0.042175 0.026031
1834 0.175638 0.730730 0.042730 0.026031
56 0.372919 0.465517 0.015538 0.026369
88 0.545782 0.469236 0.027192 0.026369
83 0.705050 0.730899 0.030522 0.026369
64 0.785239 0.319811 0.033296 0.026369
126 0.219201 0.535835 0.035516 0.026369
61 0.274695 0.669202 0.034406 0.026707
52 0.807714 0.460615 0.034961 0.026707
89 0.542730 0.333502 0.046615 0.026707
89 0.455882 0.405510 0.058269 0.026707
68 0.323529 0.505747 0.008879 0.027045
57 0.385960 0.659398 0.034961 0.027383
76 0.876526 0.762508 0.034961 0.027383
81 0.870977 0.422076 0.040511 0.027383
126 0.692009 0.494760 0.047725 0.027383
126 0.276082 0.727688 0.048280 0.027383
83 0.602386 0.548343 0.030522 0.027721
87 0.220588 0.506085 0.036071 0.027721
51 0.932297 0.855308 0.038846 0.027721
166 0.369312 0.206051 0.019423 0.028059
78 0.383185 0.630663 0.032741 0.028059
68 0.279412 0.756761 0.037181 0.028059
126 0.230855 0.756761 0.037736 0.028059
113 0.472531 0.878127 0.054939 0.028059
76 0.809933 0.510142 0.029412 0.028398
501 0.156493 0.323191 0.039956 0.028398
85 0.882353 0.829446 0.026637 0.028736
76 0.653996 0.585024 0.027192 0.028736
126 0.108768 0.270960 0.034406 0.028736
76 0.241676 0.876775 0.034961 0.028736
51 0.922031 0.582995 0.036071 0.028736
87 0.911765 0.203347 0.042175 0.028736
69 0.336016 0.589588 0.023862 0.029074
69 0.478357 0.851251 0.025527 0.029074
66 0.537181 0.236984 0.028857 0.029074
111 0.586293 0.876606 0.036071 0.029074
57 0.676471 0.320149 0.037736 0.029074
104 0.874306 0.624070 0.040511 0.029074
109 0.874029 0.565247 0.041065 0.029074
683 0.255827 0.334009 0.051054 0.029074
119 0.228912 0.724983 0.021643 0.029412
93 0.270533 0.617478 0.028302 0.029412
64 0.361820 0.804091 0.029967 0.029412
78 0.165649 0.526538 0.034961 0.029412
78 0.607103 0.606660 0.036626 0.029412
83 0.662042 0.810176 0.036626 0.029412
91 0.469478 0.817951 0.056604 0.029412
166 0.692841 0.353955 0.013873 0.029750
111 0.649556 0.533469 0.026082 0.029750
78 0.926471 0.701487 0.036071 0.029750
126 0.875694 0.684922 0.038846 0.029750
77 0.875971 0.591616 0.041620 0.029750
1435 0.879301 0.858688 0.046060 0.029750
119 0.227525 0.633367 0.024417 0.030088
83 0.648724 0.396721 0.026637 0.030088
120 0.653996 0.457573 0.027192 0.030088
110 0.268590 0.560007 0.039956 0.030088
121 0.919534 0.423090 0.046615 0.030088
53 0.160377 0.497972 0.019978 0.030426
53 0.107381 0.210615 0.020533 0.030426
119 0.277192 0.697769 0.023862 0.030426
83 0.234184 0.824882 0.029967 0.030426
83 0.317425 0.239689 0.033296 0.030426
77 0.213097 0.404665 0.033296 0.030426
83 0.366260 0.279750 0.028857 0.030764
60 0.762486 0.426133 0.028857 0.030764
51 0.332408 0.649594 0.034406 0.030764
75 0.124029 0.521805 0.034961 0.030764
1644 0.657048 0.656018 0.041065 0.030764
90 0.224750 0.671907 0.041065 0.030764
53 0.175361 0.758621 0.016648 0.031102
166 0.259156 0.297498 0.019978 0.031102
119 0.375971 0.510818 0.020533 0.031102
120 0.131521 0.877282 0.026637 0.031102
77 0.225860 0.602772 0.035516 0.031102
72 0.581576 0.200473 0.036626 0.031102
87 0.668147 0.873563 0.037736 0.031102
119 0.148169 0.177992 0.027747 0.031440
111 0.602109 0.482928 0.028857 0.031440
84 0.170921 0.653313 0.032186 0.031440
1116 0.581021 0.648918 0.037736 0.031440
95 0.533851 0.203685 0.038846 0.031440
83 0.536626 0.267579 0.038846 0.031440
127 0.275805 0.646552 0.045505 0.031440
90 0.874306 0.653989 0.047170 0.031440
126 0.447003 0.320994 0.051609 0.031440
60 0.715594 0.873901 0.022752 0.031778
127 0.165649 0.615957 0.028302 0.031778
57 0.538291 0.170723 0.034406 0.031778
118 0.288291 0.837559 0.029412 0.032116
66 0.583518 0.168526 0.031632 0.032116
126 0.656215 0.687796 0.040511 0.032116
95 0.384295 0.688134 0.040511 0.032116
91 0.921754 0.642157 0.041065 0.032116
88 0.672031 0.172245 0.058824 0.032116
123 0.763596 0.457742 0.014428 0.032454
166 0.810766 0.424949 0.018868 0.032454
118 0.106826 0.178837 0.031632 0.032454
121 0.928968 0.824544 0.036626 0.032454
76 0.462264 0.729885 0.038846 0.032454
53 0.327137 0.557978 0.017203 0.032792
74 0.708102 0.761494 0.024417 0.032792
86 0.384573 0.596856 0.033296 0.032792
51 0.600999 0.518087 0.035516 0.032792
95 0.543008 0.366295 0.037181 0.032792
68 0.315205 0.207911 0.012209 0.033130
119 0.216426 0.436105 0.022198 0.033130
119 0.114872 0.360379 0.023307 0.033130
92 0.110710 0.303584 0.028302 0.033130
78 0.798835 0.638945 0.040511 0.033130
127 0.591842 0.232590 0.048280 0.033130
68 0.593785 0.360210 0.007769 0.033469
85 0.588513 0.257099 0.020533 0.033469
119 0.267758 0.474138 0.021643 0.033469
87 0.317148 0.310176 0.028302 0.033469
92 0.927858 0.765213 0.028857 0.033469
58 0.699501 0.617140 0.032741 0.033469
76 0.287458 0.874070 0.037736 0.033469
95 0.591565 0.327417 0.041065 0.033469
126 0.462264 0.498479 0.046615 0.033469
81 0.798280 0.710784 0.056049 0.033469
92 0.257492 0.421907 0.022198 0.033807
92 0.687014 0.391481 0.025527 0.033807
76 0.921754 0.477688 0.034406 0.033807
1592 0.127081 0.694050 0.052164 0.033807
70 0.657325 0.742563 0.029412 0.034145
111 0.865150 0.246619 0.029967 0.034145
127 0.369312 0.358519 0.032741 0.034145
1435 0.588790 0.292934 0.038846 0.034145
96 0.156215 0.264875 0.042730 0.034145
53 0.540788 0.302907 0.018313 0.034483
111 0.869034 0.387424 0.029967 0.034483
93 0.214206 0.302907 0.032186 0.034483
296 0.879301 0.796484 0.037181 0.034483
83 0.870977 0.534821 0.039401 0.034483
53 0.175916 0.856153 0.024417 0.034821
93 0.815205 0.544794 0.031077 0.034821
75 0.586293 0.803076 0.042730 0.034821
126 0.130688 0.844320 0.042730 0.034821
119 0.813541 0.597363 0.025527 0.035159
62 0.705050 0.701487 0.034961 0.035159
81 0.661765 0.778229 0.040511 0.035159
2885 0.367092 0.243239 0.032741 0.035497
185 0.375694 0.725997 0.045505 0.035497
51 0.799945 0.790230 0.058269 0.035497
119 0.322974 0.347532 0.019978 0.035835
92 0.662875 0.842123 0.023862 0.035835
47 0.182020 0.878972 0.028857 0.035835
78 0.598224 0.451657 0.035516 0.035835
81 0.594340 0.415822 0.038846 0.035835
74 0.869867 0.309500 0.028302 0.036173
91 0.464206 0.653651 0.052719 0.036173
4397 0.120422 0.658215 0.026637 0.036511
132 0.597392 0.694050 0.034961 0.036511
58 0.872364 0.453347 0.037736 0.036511
68 0.912042 0.171062 0.039401 0.036511
108 0.463097 0.690331 0.056049 0.036511
74 0.860988 0.171231 0.031632 0.036849
119 0.119034 0.595504 0.036071 0.036849
111 0.450333 0.232928 0.038291 0.037187
3665 0.371532 0.426978 0.038291 0.037187
118 0.913984 0.261494 0.031077 0.037525
648 0.694784 0.529581 0.032186 0.037525
62 0.333518 0.683739 0.034406 0.037525
87 0.692564 0.427147 0.036626 0.037525
63 0.714761 0.796315 0.041065 0.037525
111 0.468091 0.784483 0.023862 0.038201
2885 0.652331 0.358857 0.037181 0.038201
85 0.796615 0.747803 0.023862 0.038540
107 0.915372 0.348884 0.032741 0.038540
2727 0.162042 0.434077 0.041065 0.038540
68 0.766371 0.565078 0.006659 0.038878
117 0.794950 0.674611 0.018313 0.038878
92 0.217536 0.472110 0.023307 0.038878
53 0.125139 0.557302 0.024972 0.038878
53 0.581576 0.841278 0.026637 0.038878
58 0.233629 0.790230 0.029967 0.038878
85 0.317703 0.273834 0.018313 0.039216
87 0.714206 0.841109 0.041065 0.039216
68 0.695616 0.461799 0.008324 0.039892
53 0.115705 0.467546 0.019423 0.039892
87 0.548835 0.506761 0.034406 0.041244
121 0.789123 0.352941 0.065483 0.041244
53 0.869312 0.348377 0.022752 0.041582
1309 0.256937 0.367140 0.045505 0.041920
92 0.870699 0.496112 0.024417 0.042934
74 0.230577 0.183063 0.031632 0.042934
134 0.770810 0.282454 0.033296 0.042934
975 0.159822 0.393340 0.042175 0.044287
121 0.364317 0.840940 0.060488 0.044287
53 0.233629 0.253888 0.023307 0.044625
1317 0.320477 0.390467 0.032741 0.044625
134 0.350444 0.763523 0.029412 0.044963
268 0.765538 0.516734 0.034961 0.044963
1116 0.645949 0.495098 0.036626 0.044963
322 0.127081 0.750676 0.047725 0.045639
53 0.864595 0.213320 0.024417 0.045977
1193 0.447836 0.276200 0.055494 0.045977
94 0.463929 0.579953 0.037736 0.046315
48 0.114872 0.393509 0.034406 0.048005
1778 0.327137 0.437458 0.041620 0.048005
119 0.548280 0.430527 0.025527 0.049020
2593 0.667592 0.219743 0.039956 0.052062
1917 0.126804 0.800710 0.039401 0.052400
118 0.450610 0.362576 0.023307 0.053076
119 0.555494 0.556626 0.027747 0.053753
70 0.804384 0.834855 0.036071 0.053753
1797 0.577691 0.758452 0.056604 0.056457
3375 0.455050 0.450980 0.053274 0.057471
296 0.672586 0.274848 0.046615 0.058147
2818 0.451998 0.183063 0.057159 0.062542
