246 0.339149 0.583654 0.041702 0.007390
92 0.128085 0.815992 0.020426 0.012119
92 0.417447 0.417233 0.031489 0.012119
128 0.272340 0.230417 0.010213 0.012711
129 0.573404 0.698788 0.018298 0.013006
92 0.276596 0.654005 0.034894 0.013302
56 0.634468 0.276382 0.015319 0.013597
128 0.568085 0.531481 0.008511 0.014189
56 0.415106 0.230269 0.015745 0.014189
56 0.344681 0.334171 0.042553 0.015075
1002 0.116809 0.232929 0.062553 0.015962
101 0.202979 0.861366 0.045106 0.017145
1002 0.487660 0.813627 0.063830 0.018031
56 0.273830 0.701005 0.048936 0.018623
68 0.489362 0.733964 0.050213 0.019509
547 0.131064 0.290275 0.051064 0.019509
1002 0.270213 0.749187 0.068936 0.019805
87 0.197234 0.779190 0.022553 0.020101
56 0.057872 0.381318 0.017021 0.020692
119 0.056596 0.731599 0.018723 0.020692
64 0.349149 0.725687 0.019149 0.020692
88 0.565532 0.254360 0.017872 0.020987
251 0.269149 0.322051 0.047234 0.020987
101 0.492128 0.456252 0.054043 0.020987
85 0.426809 0.855158 0.012766 0.021874
56 0.136383 0.694059 0.014894 0.022465
66 0.058723 0.359149 0.018723 0.022465
91 0.794468 0.402158 0.031489 0.022761
87 0.568298 0.325599 0.038723 0.022761
52 0.491489 0.424623 0.040000 0.022761
52 0.056383 0.403488 0.038723 0.023056
52 0.274894 0.444576 0.041702 0.023056
55 0.717021 0.851020 0.047660 0.023056
85 0.275532 0.886935 0.015745 0.023352
88 0.493191 0.514484 0.022979 0.023352
64 0.568511 0.509459 0.031489 0.023352
81 0.127872 0.670559 0.047234 0.023352
88 0.563617 0.832397 0.025957 0.023648
85 0.419787 0.633905 0.014043 0.023943
85 0.279362 0.420485 0.014894 0.023943
88 0.570638 0.891073 0.034894 0.023943
72 0.342553 0.754212 0.035745 0.023943
1173 0.057021 0.497931 0.040000 0.023943
119 0.416596 0.608631 0.024681 0.024239
91 0.701915 0.222140 0.044681 0.024534
89 0.126809 0.492906 0.045957 0.024534
117 0.055319 0.429796 0.018723 0.024830
1083 0.491064 0.610996 0.034894 0.024830
91 0.419574 0.796335 0.044255 0.024830
3731 0.417021 0.438664 0.047660 0.024830
51 0.051702 0.197901 0.025957 0.025126
122 0.193830 0.659030 0.040426 0.025126
91 0.698723 0.436447 0.051064 0.025126
111 0.712766 0.822051 0.018723 0.025421
1810 0.130213 0.577298 0.025532 0.025421
720 0.349149 0.809045 0.031915 0.025421
68 0.056596 0.295891 0.036596 0.025421
52 0.201277 0.831510 0.042553 0.025421
119 0.349149 0.780520 0.023404 0.025717
87 0.200851 0.265888 0.027234 0.025717
60 0.342979 0.354863 0.033191 0.025717
68 0.193191 0.631540 0.044255 0.025717
62 0.562979 0.720662 0.026383 0.026012
88 0.635532 0.470588 0.030213 0.026012
53 0.046170 0.823086 0.012340 0.026308
88 0.347021 0.415164 0.025106 0.026308
86 0.204255 0.685930 0.028085 0.026308
88 0.135957 0.894029 0.030213 0.026308
88 0.198298 0.602572 0.032340 0.026308
2203 0.276383 0.394177 0.041277 0.026308
91 0.637447 0.734407 0.043404 0.026308
2173 0.634043 0.664942 0.047660 0.026308
1173 0.704894 0.360774 0.050638 0.026308
91 0.341702 0.236033 0.053617 0.026308
91 0.422340 0.541088 0.057447 0.026308
85 0.129362 0.439846 0.011915 0.026604
2134 0.134468 0.835058 0.049362 0.026604
60 0.039787 0.889891 0.015745 0.026899
121 0.420000 0.693911 0.026383 0.026899
91 0.275957 0.774017 0.048936 0.026899
108 0.119362 0.470145 0.066809 0.026899
87 0.132340 0.639078 0.030638 0.027195
111 0.122553 0.608336 0.043404 0.027195
91 0.487660 0.639078 0.045106 0.027195
91 0.412340 0.348212 0.046809 0.027195
91 0.124894 0.262193 0.048085 0.027195
96 0.495745 0.793674 0.052766 0.027195
91 0.716596 0.770322 0.057021 0.027195
88 0.200638 0.409548 0.032766 0.027490
72 0.636596 0.562371 0.033191 0.027490
120 0.205745 0.888413 0.039574 0.027490
1579 0.122128 0.369347 0.044255 0.027490
1579 0.490426 0.884274 0.044681 0.027490
2677 0.200638 0.715933 0.027660 0.027786
108 0.260000 0.833284 0.080000 0.027786
118 0.055319 0.226278 0.011064 0.028082
118 0.635106 0.297517 0.016596 0.028082
91 0.341489 0.700118 0.046383 0.028082
979 0.490638 0.199379 0.046809 0.028082
2151 0.707660 0.712533 0.073191 0.028082
118 0.706809 0.565474 0.012766 0.028377
85 0.496383 0.395211 0.014043 0.028377
70 0.281915 0.803429 0.018298 0.028377
2707 0.201702 0.751404 0.026383 0.028377
3956 0.423617 0.827372 0.052340 0.028377
111 0.717021 0.881318 0.042553 0.028673
71 0.637021 0.326781 0.045957 0.028673
88 0.268936 0.294118 0.027234 0.028968
123 0.344043 0.445019 0.016596 0.029264
91 0.488936 0.760124 0.045106 0.029264
107 0.643191 0.847473 0.019149 0.029560
86 0.208511 0.803725 0.025532 0.029560
121 0.346170 0.389891 0.054043 0.029560
119 0.201702 0.234555 0.023830 0.029855
88 0.710426 0.683565 0.029362 0.029855
98 0.264894 0.473988 0.068511 0.029855
56 0.630213 0.533550 0.013617 0.030151
53 0.276596 0.676323 0.018723 0.030151
83 0.557021 0.751108 0.037447 0.030151
91 0.562766 0.481230 0.050638 0.030151
75 0.421915 0.198788 0.031915 0.030446
105 0.714043 0.536063 0.051915 0.030446
88 0.705532 0.331954 0.039149 0.030742
111 0.264043 0.542418 0.042979 0.030742
4162 0.717021 0.743866 0.032340 0.031038
111 0.488298 0.541088 0.037021 0.031038
2196 0.350851 0.885457 0.047234 0.031038
2600 0.196809 0.571239 0.048085 0.031038
60 0.052340 0.261011 0.022128 0.031333
88 0.054681 0.582028 0.029362 0.031333
111 0.632979 0.813184 0.035319 0.031333
2395 0.708085 0.195389 0.040851 0.031333
83 0.424255 0.882649 0.043404 0.031333
119 0.054894 0.463937 0.024681 0.031629
104 0.058723 0.328111 0.038298 0.031924
3665 0.415532 0.472657 0.042979 0.031924
87 0.200213 0.198197 0.032766 0.032220
96 0.346596 0.475761 0.045532 0.032220
77 0.647660 0.878806 0.031489 0.032516
3665 0.200851 0.337866 0.045106 0.032516
2193 0.635106 0.436595 0.050638 0.032516
3807 0.417234 0.663612 0.057447 0.032516
53 0.048085 0.666420 0.015319 0.032811
1891 0.339574 0.259976 0.031489 0.032811
122 0.631915 0.243719 0.036596 0.032811
91 0.790638 0.339196 0.049362 0.032811
4440 0.057234 0.794857 0.038723 0.033107
1232 0.199149 0.492462 0.051064 0.033107
4164 0.488298 0.238102 0.045532 0.033402
60 0.127660 0.756134 0.022128 0.033698
2263 0.131489 0.792492 0.047660 0.033698
4162 0.275532 0.504138 0.032766 0.033993
81 0.562340 0.672332 0.040426 0.033993
107 0.634468 0.501035 0.025532 0.034289
81 0.264255 0.201892 0.043404 0.034289
126 0.569362 0.597990 0.045957 0.034289
3687 0.797447 0.306237 0.052766 0.034289
287 0.117660 0.404079 0.053191 0.034289
1880 0.494043 0.847029 0.028085 0.034585
81 0.338298 0.621490 0.040851 0.034585
337 0.418511 0.510346 0.051489 0.034585
98 0.624894 0.402601 0.047234 0.034880
91 0.699149 0.504877 0.050213 0.034880
81 0.048936 0.703074 0.034043 0.035176
1229 0.272979 0.357523 0.052340 0.035176
68 0.135745 0.720367 0.005106 0.035471
710 0.408511 0.319095 0.046809 0.035767
1814 0.050426 0.541236 0.031064 0.036063
83 0.554043 0.407922 0.035745 0.036063
1250 0.484894 0.277860 0.042128 0.036063
121 0.279574 0.719923 0.031489 0.036358
83 0.631702 0.593704 0.034468 0.036358
4164 0.642979 0.698936 0.043404 0.036358
2776 0.493191 0.324416 0.057872 0.036358
1931 0.491277 0.710168 0.060851 0.036358
83 0.048723 0.759385 0.034468 0.036654
268 0.197872 0.530003 0.041702 0.036654
1229 0.490213 0.360035 0.049362 0.036654
3338 0.718085 0.797221 0.052340 0.036654
3307 0.486383 0.577298 0.062128 0.036654
316 0.702979 0.465563 0.065532 0.036654
4079 0.126809 0.197606 0.048511 0.036949
2266 0.802340 0.372007 0.056596 0.036949
126 0.207447 0.299734 0.054894 0.037245
1824 0.275319 0.582619 0.031489 0.037836
1958 0.337872 0.297813 0.044255 0.038132
2064 0.337447 0.201744 0.053617 0.038132
1799 0.411277 0.388117 0.040426 0.038427
1373 0.704894 0.250222 0.034468 0.038723
3735 0.700851 0.296039 0.040851 0.038723
3798 0.631702 0.366391 0.043830 0.038723
1893 0.200426 0.371120 0.045106 0.038723
3298 0.417447 0.576855 0.060426 0.038723
120 0.488936 0.486255 0.044255 0.039019
1804 0.567447 0.444428 0.059149 0.039314
3216 0.785532 0.435560 0.062979 0.039314
121 0.051702 0.852498 0.035319 0.039610
58 0.339149 0.550103 0.037447 0.039610
1871 0.551915 0.632279 0.051915 0.039610
122 0.566170 0.557937 0.041277 0.039905
1320 0.339362 0.661986 0.054043 0.040497
726 0.414681 0.772983 0.048936 0.041383
68 0.280213 0.624002 0.008936 0.041975
282 0.053191 0.624594 0.040851 0.041975
1256 0.568085 0.868460 0.048511 0.041975
1824 0.126170 0.532516 0.031064 0.042270
68 0.420426 0.730121 0.006809 0.042566
2913 0.126383 0.864322 0.045957 0.042566
68 0.052979 0.878510 0.005532 0.043157
121 0.711489 0.601833 0.049362 0.043157
68 0.563191 0.364913 0.008085 0.043453
58 0.272766 0.255247 0.036596 0.043453
68 0.347021 0.845699 0.007234 0.044339
2795 0.201489 0.449305 0.043830 0.044339
2391 0.488936 0.671889 0.049362 0.044931
3735 0.561064 0.292787 0.048085 0.045226
959 0.795957 0.481821 0.060000 0.046704
68 0.281064 0.866391 0.007234 0.049069
68 0.635106 0.203370 0.010638 0.049069
68 0.127447 0.327963 0.005532 0.051138
410 0.705745 0.403192 0.066809 0.051434
68 0.345106 0.512711 0.005106 0.051729
2915 0.564468 0.212533 0.031915 0.052616
3335 0.634468 0.776086 0.045106 0.052912
68 0.712979 0.639078 0.008085 0.053798
3665 0.557872 0.795891 0.038298 0.054685
68 0.412340 0.268992 0.004255 0.057346
