56 0.496103 0.483308 0.016368 0.014629
52 0.812549 0.176857 0.035074 0.016879
64 0.821512 0.536197 0.024942 0.018380
86 0.777864 0.194861 0.043648 0.018380
72 0.745518 0.583083 0.038192 0.019130
81 0.494544 0.500938 0.044427 0.019130
113 0.820343 0.604089 0.061574 0.019130
104 0.499221 0.520630 0.035074 0.019505
55 0.524162 0.550075 0.047545 0.019880
66 0.719797 0.262753 0.027280 0.020630
76 0.425565 0.581020 0.024942 0.021005
57 0.406469 0.747562 0.025721 0.021005
119 0.472720 0.727119 0.019486 0.021380
57 0.429462 0.305139 0.034295 0.021380
1173 0.754092 0.449175 0.045986 0.021380
92 0.522603 0.446174 0.022603 0.022131
189 0.722915 0.312641 0.027280 0.022131
65 0.195635 0.467179 0.046765 0.022131
56 0.187841 0.206114 0.074825 0.022131
88 0.823071 0.582896 0.046765 0.022506
127 0.913874 0.240435 0.052221 0.022506
76 0.882697 0.267254 0.045986 0.022881
127 0.915433 0.195986 0.050663 0.022881
127 0.610678 0.743998 0.070928 0.022881
56 0.298909 0.438297 0.022603 0.023631
118 0.820733 0.343398 0.024942 0.023631
56 0.103663 0.570330 0.024942 0.023631
66 0.114575 0.768380 0.031177 0.023631
57 0.722915 0.629220 0.033515 0.023631
64 0.173422 0.298387 0.036633 0.023631
127 0.889322 0.291260 0.049883 0.023631
98 0.773578 0.244374 0.053780 0.023631
127 0.605222 0.803263 0.066251 0.023631
127 0.118472 0.792386 0.068589 0.023631
67 0.892829 0.319955 0.041309 0.024006
60 0.806313 0.318080 0.052221 0.024006
119 0.815277 0.198237 0.018706 0.024381
58 0.811769 0.293511 0.031956 0.024381
105 0.613406 0.241373 0.053001 0.024381
99 0.301637 0.462678 0.062354 0.024381
69 0.921668 0.216242 0.024162 0.025131
122 0.270460 0.556077 0.043648 0.025131
127 0.830475 0.558890 0.067810 0.025506
98 0.145362 0.727494 0.042868 0.025881
88 0.909977 0.170855 0.044427 0.025881
109 0.549883 0.271380 0.058457 0.025881
53 0.777475 0.217742 0.014809 0.026632
119 0.155105 0.754876 0.018706 0.026632
118 0.429072 0.329895 0.021044 0.026632
60 0.882697 0.345649 0.022603 0.026632
85 0.536633 0.872281 0.022603 0.026632
91 0.434918 0.466804 0.043648 0.026632
76 0.750974 0.509002 0.028839 0.027007
85 0.418161 0.247937 0.036633 0.027007
72 0.424006 0.701425 0.043648 0.027007
978 0.476617 0.606152 0.047545 0.027007
99 0.818394 0.815454 0.077942 0.027007
68 0.521044 0.608215 0.010133 0.027382
91 0.722136 0.287134 0.039751 0.027382
98 0.265394 0.589085 0.050663 0.027382
1977 0.478956 0.636722 0.064692 0.027382
87 0.526890 0.471680 0.037412 0.028132
110 0.908028 0.565079 0.043648 0.028132
76 0.301637 0.240998 0.053001 0.028132
2037 0.751754 0.479932 0.060016 0.028132
77 0.290725 0.849212 0.065472 0.028507
53 0.424396 0.276257 0.016368 0.028882
118 0.115744 0.596962 0.024162 0.028882
60 0.826189 0.628470 0.024942 0.028882
56 0.437646 0.860278 0.027280 0.028882
189 0.187841 0.535446 0.024942 0.029632
118 0.825019 0.844149 0.033515 0.029632
105 0.171473 0.271755 0.062354 0.029632
1295 0.281761 0.811140 0.063133 0.029632
117 0.096259 0.860465 0.031956 0.030008
122 0.523383 0.579145 0.036633 0.030008
51 0.718239 0.237059 0.038192 0.030008
331 0.907638 0.445611 0.061574 0.030008
107 0.189400 0.233871 0.034295 0.030383
85 0.298909 0.171605 0.039751 0.030383
85 0.120811 0.511065 0.040530 0.030383
107 0.188231 0.494186 0.045986 0.030383
53 0.750974 0.608590 0.014809 0.031133
107 0.902572 0.530570 0.037412 0.031133
58 0.267342 0.619092 0.037412 0.031133
79 0.125097 0.347899 0.052221 0.031133
53 0.426734 0.730683 0.017927 0.031508
119 0.746298 0.783196 0.024162 0.031508
66 0.602494 0.172168 0.037412 0.031508
68 0.427514 0.554389 0.041309 0.031508
88 0.605222 0.716804 0.050663 0.031508
60 0.439205 0.782071 0.052221 0.031508
88 0.535853 0.901725 0.066251 0.031508
58 0.550273 0.307764 0.034295 0.031883
978 0.186672 0.855776 0.060016 0.032633
2194 0.821902 0.505814 0.063133 0.032633
52 0.735386 0.750563 0.052221 0.033008
885 0.186672 0.815079 0.078722 0.033008
120 0.607171 0.205364 0.034295 0.033383
98 0.527280 0.841523 0.053780 0.033383
68 0.422837 0.344524 0.047545 0.034134
63 0.773578 0.353901 0.047545 0.034134
53 0.303975 0.204801 0.018706 0.034509
119 0.439205 0.497749 0.021044 0.034509
70 0.471941 0.698800 0.031956 0.034509
2484 0.528839 0.742686 0.052221 0.034509
62 0.751754 0.541448 0.041309 0.034884
68 0.095479 0.827269 0.010133 0.035634
2484 0.480125 0.199362 0.053001 0.035634
63 0.824240 0.879407 0.063133 0.035634
1977 0.188620 0.898162 0.077942 0.035634
53 0.125877 0.545199 0.019486 0.036384
118 0.307872 0.497562 0.034295 0.036384
577 0.285659 0.771005 0.074045 0.037134
53 0.607950 0.272693 0.015588 0.037509
87 0.734217 0.822206 0.043648 0.037509
62 0.441154 0.894224 0.056118 0.037509
64 0.288776 0.880345 0.061574 0.037509
3868 0.608340 0.496812 0.047545 0.038635
98 0.259158 0.523818 0.055339 0.038635
69 0.616913 0.771568 0.030398 0.039010
71 0.447389 0.818080 0.043648 0.039010
108 0.545207 0.345086 0.058457 0.039010
51 0.818005 0.782258 0.058457 0.039385
68 0.118472 0.616467 0.081060 0.040135
74 0.189400 0.571080 0.037412 0.040885
2320 0.609119 0.448800 0.070928 0.040885
3945 0.285659 0.726557 0.077163 0.042011
78 0.305924 0.270630 0.041309 0.042386
707 0.906469 0.486309 0.056118 0.045386
1578 0.476228 0.246624 0.059236 0.045386
1578 0.523383 0.788635 0.060016 0.047637
3411 0.898285 0.782633 0.060016 0.048387
523 0.902182 0.722618 0.061574 0.049137
70 0.113016 0.313391 0.068589 0.049887
3411 0.262276 0.323143 0.074045 0.050638
3249 0.603274 0.550263 0.071707 0.055514
69 0.400234 0.612716 0.031956 0.058140
