92 0.567486 0.379857 0.046448 0.020109
182 0.230601 0.718132 0.059016 0.020450
52 0.355191 0.810838 0.052459 0.021813
92 0.242896 0.787151 0.050820 0.022154
52 0.138251 0.365031 0.052459 0.025903
92 0.672404 0.235685 0.055191 0.026926
128 0.141530 0.389230 0.018579 0.027267
192 0.252186 0.650307 0.046448 0.027267
1867 0.355464 0.702284 0.047541 0.027607
91 0.675137 0.841513 0.058470 0.027948
55 0.356284 0.781527 0.060109 0.027948
57 0.682240 0.743354 0.042077 0.028630
92 0.142896 0.698023 0.050820 0.028630
120 0.674044 0.770109 0.031148 0.028971
150 0.246995 0.684219 0.051366 0.028971
57 0.142350 0.201091 0.057377 0.029312
91 0.783333 0.760055 0.055191 0.029993
113 0.673224 0.637866 0.066667 0.030334
87 0.681148 0.870825 0.061749 0.030675
56 0.670492 0.296694 0.028415 0.031016
57 0.572951 0.486537 0.049727 0.031016
57 0.468579 0.863497 0.051913 0.031016
128 0.455464 0.242161 0.016940 0.031697
64 0.669126 0.198875 0.048634 0.031697
57 0.244536 0.202965 0.053005 0.031697
91 0.235246 0.345092 0.055191 0.031697
91 0.890437 0.828221 0.062842 0.032038
127 0.356284 0.867587 0.074317 0.032379
57 0.565027 0.249489 0.052459 0.032720
547 0.896721 0.760395 0.053552 0.032720
127 0.780601 0.592536 0.046448 0.033061
92 0.886612 0.366053 0.048634 0.034083
127 0.145628 0.813565 0.075956 0.034083
57 0.145628 0.423142 0.054098 0.034424
109 0.788251 0.832140 0.062842 0.034424
2151 0.461475 0.558453 0.067213 0.034424
88 0.242077 0.480913 0.041530 0.034765
91 0.885246 0.298569 0.057923 0.034765
76 0.237432 0.571404 0.034426 0.035106
76 0.671311 0.709952 0.043169 0.035446
70 0.787432 0.867757 0.045902 0.035446
72 0.881694 0.332311 0.051913 0.035446
56 0.572131 0.862645 0.031694 0.036128
91 0.783333 0.430641 0.059563 0.036469
118 0.358197 0.835378 0.032240 0.036810
4116 0.571038 0.638378 0.037158 0.036810
92 0.888525 0.532379 0.048087 0.036810
1834 0.779781 0.722563 0.055738 0.036810
60 0.460656 0.682345 0.059016 0.036810
108 0.456831 0.719155 0.065574 0.036810
4344 0.888798 0.862986 0.058470 0.037491
68 0.671858 0.603783 0.056284 0.037832
85 0.458470 0.596626 0.024044 0.038514
111 0.781421 0.339298 0.030601 0.038514
121 0.885246 0.617076 0.055738 0.038514
2151 0.561202 0.287491 0.059016 0.038514
88 0.573770 0.681493 0.063388 0.038514
98 0.136612 0.502215 0.065574 0.038514
51 0.347814 0.377641 0.048634 0.038855
1834 0.237158 0.608725 0.057923 0.038855
1173 0.786612 0.793797 0.061749 0.038855
88 0.457923 0.516530 0.065574 0.039196
111 0.886885 0.400818 0.037158 0.039536
86 0.149727 0.463190 0.045902 0.039536
98 0.142350 0.728016 0.059563 0.039536
85 0.668579 0.261247 0.023497 0.039877
60 0.133333 0.279312 0.029508 0.039877
120 0.457650 0.206203 0.035519 0.040218
95 0.569945 0.765849 0.053552 0.040218
121 0.565301 0.452624 0.070492 0.040218
117 0.134426 0.239093 0.033880 0.040559
4260 0.782240 0.469496 0.037705 0.040559
1002 0.563934 0.607873 0.071038 0.040559
68 0.350000 0.294819 0.012568 0.040900
247 0.243989 0.752215 0.056284 0.040900
115 0.669672 0.384117 0.057377 0.040900
111 0.676776 0.807601 0.024590 0.041241
74 0.561475 0.411384 0.040984 0.041581
120 0.558743 0.206544 0.042077 0.041581
1435 0.570492 0.724949 0.057923 0.041581
1214 0.349454 0.255283 0.063934 0.041581
87 0.349727 0.518916 0.049180 0.041922
1579 0.775683 0.207396 0.060656 0.041922
1814 0.883607 0.442399 0.041530 0.042263
70 0.665027 0.477164 0.056831 0.042263
83 0.674590 0.564588 0.049727 0.042604
121 0.671038 0.672120 0.043716 0.042945
68 0.890984 0.796012 0.012568 0.043286
83 0.136339 0.320893 0.049727 0.043286
683 0.784699 0.631220 0.065574 0.043626
118 0.786339 0.556748 0.037158 0.043967
126 0.778689 0.250511 0.062295 0.044308
87 0.563934 0.524710 0.052459 0.044649
87 0.779508 0.513292 0.046448 0.044990
87 0.459290 0.762100 0.054098 0.044990
979 0.242623 0.819700 0.062295 0.044990
107 0.454098 0.428085 0.034973 0.045671
119 0.458470 0.381220 0.028415 0.046012
59 0.678689 0.521643 0.060109 0.046012
58 0.351366 0.338105 0.061202 0.046353
337 0.241803 0.391616 0.071585 0.046353
60 0.563934 0.563565 0.028415 0.046694
119 0.462568 0.639230 0.034426 0.046694
680 0.358470 0.742161 0.049180 0.046694
4440 0.462022 0.284765 0.073770 0.046694
119 0.355464 0.564076 0.027869 0.047035
316 0.352732 0.659850 0.061749 0.047035
75 0.467486 0.813736 0.045355 0.047376
4068 0.881421 0.717962 0.059016 0.047376
87 0.889071 0.573960 0.049180 0.047716
1099 0.246448 0.436264 0.061202 0.047716
2191 0.250000 0.863327 0.069399 0.047716
268 0.240984 0.246592 0.051366 0.048057
60 0.882240 0.489605 0.025683 0.048739
119 0.146175 0.772154 0.034426 0.048739
111 0.140164 0.539707 0.038798 0.048739
509 0.883607 0.205181 0.055738 0.049080
2252 0.140984 0.656442 0.056831 0.049080
96 0.351366 0.472563 0.066667 0.049421
58 0.669126 0.429618 0.046448 0.050102
3945 0.783060 0.295160 0.066667 0.050443
2261 0.353552 0.210293 0.074317 0.050443
74 0.347814 0.422461 0.027869 0.050784
87 0.450000 0.332140 0.039891 0.052147
3772 0.885792 0.252386 0.064481 0.052147
60 0.668579 0.339468 0.027869 0.052488
81 0.572678 0.818166 0.049180 0.052829
1193 0.234973 0.527948 0.055738 0.053851
322 0.782787 0.386503 0.066120 0.055215
1562 0.357104 0.617928 0.066120 0.055215
70 0.140984 0.858384 0.040437 0.055556
1797 0.885792 0.664281 0.054645 0.056578
2252 0.239071 0.299761 0.062842 0.056919
322 0.781694 0.676892 0.065027 0.057260
268 0.140984 0.595092 0.055738 0.062713
1116 0.560656 0.335037 0.057923 0.063395
