92 0.201286 0.798993 0.034619 0.015275
56 0.276459 0.573123 0.021761 0.017225
102 0.711919 0.672246 0.061820 0.017225
101 0.498764 0.328079 0.066766 0.017225
76 0.569486 0.275106 0.037092 0.017875
92 0.202275 0.601072 0.040554 0.018525
92 0.569486 0.561911 0.040059 0.018850
92 0.272750 0.654209 0.043027 0.018850
52 0.560089 0.884465 0.041048 0.019175
92 0.124382 0.855866 0.044016 0.019825
52 0.714392 0.197595 0.038081 0.020149
92 0.132047 0.171596 0.045500 0.020149
52 0.420129 0.366103 0.047972 0.020474
120 0.426558 0.303542 0.019288 0.020799
110 0.352868 0.300617 0.033136 0.020799
118 0.276459 0.528924 0.009891 0.021124
64 0.359545 0.157784 0.031652 0.021124
57 0.644164 0.334904 0.035114 0.021124
76 0.495796 0.116835 0.037092 0.021124
87 0.494807 0.646246 0.039070 0.021124
56 0.926311 0.732369 0.044510 0.021124
57 0.791790 0.377641 0.032641 0.021449
87 0.200544 0.668346 0.036103 0.021774
126 0.350890 0.245369 0.045005 0.022099
128 0.421118 0.412252 0.012364 0.022424
83 0.716123 0.119760 0.032641 0.022424
56 0.354105 0.362691 0.021761 0.022749
64 0.126855 0.828729 0.025223 0.022749
2489 0.562562 0.855704 0.056874 0.022749
126 0.203759 0.444264 0.053412 0.023399
87 0.641444 0.227982 0.032641 0.023724
113 0.132542 0.233507 0.052423 0.023724
76 0.785608 0.768931 0.033136 0.024049
87 0.497280 0.347091 0.038081 0.024049
126 0.345697 0.909327 0.045500 0.024049
1415 0.355094 0.217420 0.047478 0.024049
56 0.196340 0.910627 0.047478 0.024049
98 0.413699 0.838804 0.053907 0.024049
120 0.350643 0.485050 0.021761 0.024374
55 0.199555 0.115210 0.042038 0.024374
88 0.492829 0.857004 0.023244 0.024699
87 0.794510 0.206695 0.038081 0.024699
76 0.931751 0.245694 0.041543 0.024699
87 0.788328 0.642671 0.032641 0.025024
87 0.929525 0.374228 0.033136 0.025024
57 0.936944 0.912740 0.035114 0.025024
66 0.496044 0.306955 0.036597 0.025024
81 0.931503 0.273156 0.043027 0.025024
126 0.425321 0.241306 0.045500 0.025024
64 0.424827 0.182320 0.023739 0.025349
66 0.639960 0.695808 0.033630 0.025349
76 0.571711 0.333442 0.037587 0.025349
121 0.714639 0.591485 0.063304 0.025349
120 0.640208 0.307280 0.018299 0.025674
72 0.132542 0.376178 0.044510 0.025674
91 0.281899 0.217582 0.046489 0.025674
126 0.196093 0.854566 0.046983 0.025674
126 0.130564 0.636497 0.051434 0.025674
88 0.280663 0.476113 0.022255 0.025999
88 0.128091 0.909652 0.023739 0.025999
83 0.934471 0.187195 0.036103 0.025999
2151 0.787587 0.544036 0.045005 0.025999
118 0.639960 0.756094 0.012859 0.026324
85 0.205984 0.276406 0.013353 0.026324
120 0.498516 0.502275 0.019782 0.026324
70 0.714886 0.650471 0.036103 0.026324
1435 0.415925 0.655671 0.039565 0.026324
1006 0.640702 0.358629 0.045005 0.026324
98 0.282394 0.163308 0.053412 0.026324
108 0.566271 0.682158 0.017804 0.026649
92 0.565776 0.710757 0.028684 0.026649
89 0.421118 0.629509 0.048961 0.026649
66 0.496291 0.372603 0.031157 0.026974
76 0.134768 0.115210 0.039070 0.026974
51 0.275223 0.504875 0.041048 0.026974
115 0.131800 0.578323 0.046983 0.026974
88 0.866963 0.301592 0.019782 0.027299
88 0.132542 0.550211 0.022750 0.027299
91 0.791296 0.149496 0.043521 0.027299
77 0.350148 0.580760 0.043521 0.027299
85 0.568249 0.390153 0.020772 0.027624
120 0.201780 0.573123 0.021761 0.027624
57 0.205242 0.170783 0.036597 0.027624
88 0.425569 0.560611 0.021266 0.027949
62 0.426558 0.120572 0.030168 0.027949
87 0.271761 0.863178 0.032146 0.027949
4377 0.711424 0.723757 0.048961 0.027949
56 0.280168 0.244556 0.019288 0.028274
56 0.861029 0.361228 0.021761 0.028274
117 0.421612 0.386903 0.023244 0.028274
702 0.566518 0.582873 0.042038 0.028274
118 0.789070 0.488463 0.012364 0.028599
111 0.195351 0.881703 0.025717 0.028599
88 0.204500 0.335067 0.027201 0.028599
91 0.197329 0.142671 0.039565 0.028599
55 0.135015 0.319792 0.047478 0.028599
89 0.714639 0.350016 0.053412 0.028599
121 0.505935 0.207020 0.070227 0.028599
60 0.709941 0.908515 0.016320 0.028924
88 0.639960 0.801592 0.019782 0.028924
88 0.640208 0.386253 0.022255 0.028924
120 0.426063 0.149009 0.023244 0.028924
76 0.643422 0.279981 0.034619 0.028924
95 0.488625 0.825642 0.041543 0.028924
95 0.863007 0.389828 0.046489 0.028924
95 0.204253 0.248781 0.054402 0.028924
128 0.938922 0.214820 0.019288 0.029249
88 0.638477 0.631134 0.021761 0.029249
88 0.568744 0.220344 0.024728 0.029249
51 0.570722 0.251544 0.044510 0.029249
85 0.130564 0.407052 0.015826 0.029574
60 0.133778 0.291680 0.020277 0.029574
111 0.791296 0.122359 0.028684 0.029574
51 0.860534 0.421027 0.041543 0.029574
95 0.562315 0.908840 0.049456 0.029574
3204 0.706231 0.798668 0.062315 0.029574
127 0.725767 0.145759 0.067755 0.029574
88 0.849654 0.760806 0.013848 0.029899
86 0.801929 0.233994 0.033136 0.029899
76 0.562562 0.739032 0.035114 0.029899
87 0.350148 0.457914 0.036597 0.029899
96 0.928289 0.528112 0.045500 0.029899
109 0.201039 0.544361 0.049951 0.029899
120 0.569238 0.361228 0.023739 0.030224
111 0.283877 0.189633 0.028684 0.030224
87 0.785608 0.878616 0.029179 0.030224
713 0.128338 0.704095 0.030168 0.030224
70 0.495549 0.702470 0.037587 0.030224
98 0.712166 0.222782 0.048467 0.030224
60 0.348170 0.839129 0.020772 0.030549
83 0.854847 0.789730 0.034125 0.030549
87 0.500989 0.177446 0.036597 0.030549
77 0.283136 0.447839 0.044016 0.030549
127 0.644164 0.782905 0.070722 0.030549
83 0.556627 0.835067 0.037092 0.030874
87 0.863501 0.449951 0.038576 0.030874
95 0.788081 0.909165 0.045994 0.030874
60 0.350643 0.389665 0.018793 0.031199
118 0.932493 0.755606 0.030168 0.031199
979 0.278437 0.310367 0.039565 0.031199
51 0.498269 0.473513 0.042038 0.031199
81 0.202522 0.305167 0.044016 0.031199
59 0.283877 0.597660 0.049456 0.031199
2726 0.568249 0.617160 0.054402 0.031199
111 0.345945 0.610172 0.030168 0.031524
83 0.417161 0.733994 0.035114 0.031524
58 0.563056 0.803542 0.048961 0.031524
109 0.862018 0.331329 0.049456 0.031524
316 0.862265 0.227332 0.050940 0.031524
689 0.354105 0.274456 0.055391 0.031524
316 0.198813 0.825317 0.056380 0.031524
91 0.279179 0.372603 0.061820 0.031524
121 0.497774 0.733344 0.065776 0.031524
118 0.198813 0.695483 0.016815 0.031849
86 0.499011 0.759831 0.033630 0.031849
54 0.569980 0.455964 0.040059 0.031849
70 0.861523 0.664608 0.046489 0.031849
2489 0.123145 0.880078 0.054402 0.031849
495 0.713155 0.324342 0.056380 0.031849
111 0.709199 0.829867 0.024728 0.032174
86 0.719337 0.618297 0.029179 0.032174
107 0.859792 0.632597 0.031157 0.032174
70 0.710188 0.562723 0.039565 0.032174
81 0.487636 0.795418 0.040554 0.032174
95 0.928783 0.590348 0.041543 0.032174
51 0.280663 0.397628 0.042038 0.032174
95 0.280910 0.425577 0.045500 0.032174
1401 0.346192 0.685570 0.046489 0.032174
95 0.637982 0.835392 0.052423 0.032174
85 0.717606 0.167696 0.017804 0.032499
119 0.277943 0.629509 0.021761 0.032499
83 0.711672 0.695808 0.041543 0.032499
1406 0.859298 0.691258 0.046983 0.032499
86 0.502226 0.668996 0.036103 0.032824
83 0.925569 0.700520 0.037092 0.032824
95 0.416914 0.685245 0.045500 0.032824
885 0.275717 0.341729 0.053907 0.032824
105 0.140208 0.347254 0.058853 0.032824
127 0.281405 0.555574 0.065282 0.032824
118 0.272997 0.791680 0.010880 0.033149
60 0.931751 0.403315 0.016815 0.033149
92 0.928536 0.557686 0.026212 0.033149
2395 0.638229 0.599285 0.042038 0.033149
107 0.855341 0.820604 0.047972 0.033149
2237 0.417409 0.771856 0.053412 0.033149
91 0.139219 0.733182 0.066766 0.033149
60 0.788081 0.671921 0.019288 0.033474
60 0.129080 0.608547 0.019782 0.033474
86 0.506429 0.232857 0.032641 0.033474
93 0.785361 0.702470 0.033630 0.033474
91 0.565282 0.651121 0.042532 0.033474
3936 0.643917 0.123009 0.044510 0.033474
118 0.560089 0.770881 0.018299 0.033799
111 0.710188 0.757231 0.021761 0.033799
3735 0.569733 0.425089 0.047478 0.033799
4504 0.350148 0.424114 0.051434 0.033799
121 0.429278 0.211895 0.061325 0.033799
60 0.640950 0.160383 0.014837 0.034124
1446 0.860781 0.482775 0.049951 0.034124
70 0.640702 0.725707 0.032146 0.034449
83 0.349901 0.328242 0.036103 0.034449
91 0.931998 0.883003 0.037092 0.034449
83 0.129080 0.439064 0.040554 0.034449
1401 0.274728 0.757881 0.044016 0.034449
3735 0.426311 0.275918 0.046489 0.034449
4267 0.131553 0.473513 0.052423 0.034449
111 0.928289 0.343029 0.027695 0.034774
126 0.794510 0.180533 0.050940 0.034774
68 0.653066 0.252194 0.008408 0.035099
83 0.566271 0.489438 0.042532 0.035099
121 0.866469 0.125772 0.043521 0.035099
2233 0.789812 0.269418 0.045500 0.035099
71 0.203759 0.724407 0.055391 0.035099
111 0.424332 0.486350 0.024728 0.035424
119 0.866222 0.196133 0.025223 0.035424
121 0.927547 0.659896 0.033136 0.035424
1587 0.936202 0.128209 0.044510 0.035424
316 0.132789 0.756094 0.048961 0.035424
107 0.859050 0.868053 0.029674 0.035749
84 0.500742 0.403965 0.048961 0.035749
119 0.571711 0.302080 0.021761 0.036074
118 0.126855 0.145759 0.025223 0.036074
1584 0.789812 0.572798 0.030663 0.036074
990 0.789318 0.456126 0.041543 0.036074
2233 0.350643 0.515275 0.048467 0.036074
58 0.638724 0.472213 0.034125 0.036399
316 0.202770 0.367566 0.051434 0.036399
316 0.711672 0.380240 0.053412 0.036399
1683 0.270030 0.682808 0.059347 0.036399
68 0.200049 0.517550 0.007418 0.036724
70 0.933482 0.162658 0.037092 0.036724
2292 0.419881 0.594898 0.049456 0.036724
63 0.505687 0.145759 0.056874 0.036724
70 0.861523 0.904452 0.033630 0.037049
1584 0.641939 0.664608 0.035608 0.037049
121 0.272750 0.826779 0.040059 0.037049
92 0.780910 0.742281 0.045500 0.037049
71 0.351137 0.720344 0.037587 0.037374
62 0.717359 0.495775 0.042038 0.037374
985 0.783383 0.847741 0.047478 0.037374
1560 0.343225 0.875691 0.049456 0.037374
59 0.500000 0.614235 0.040554 0.037699
1279 0.349901 0.552161 0.047972 0.037699
3942 0.711672 0.531037 0.053412 0.037699
70 0.136499 0.262756 0.037587 0.038024
83 0.926311 0.843516 0.041543 0.038024
415 0.925074 0.627397 0.046983 0.038024
85 0.643175 0.866753 0.019288 0.038349
75 0.505440 0.438739 0.045500 0.038349
1949 0.642681 0.198895 0.046983 0.038349
1483 0.416667 0.807605 0.047972 0.038349
4557 0.422849 0.449139 0.054402 0.038349
68 0.357072 0.188658 0.006924 0.038674
2193 0.495054 0.536399 0.037587 0.038674
90 0.345945 0.804517 0.042038 0.038674
1396 0.567507 0.526649 0.048961 0.038674
1595 0.714144 0.460676 0.060336 0.038674
118 0.277448 0.278193 0.025717 0.038999
3996 0.924332 0.493825 0.046489 0.039324
3059 0.712413 0.286805 0.049951 0.039324
68 0.873145 0.844654 0.005440 0.039649
316 0.426063 0.336042 0.057864 0.039649
127 0.793769 0.515762 0.061325 0.039649
1917 0.866222 0.165583 0.043027 0.039974
4727 0.709693 0.871141 0.048467 0.039974
3871 0.417903 0.866428 0.035608 0.040299
4328 0.419634 0.903477 0.058853 0.040299
53 0.926805 0.791355 0.023739 0.041599
68 0.856083 0.516900 0.008902 0.041924
3948 0.790801 0.611797 0.034619 0.041924
2864 0.201533 0.480013 0.045994 0.042249
1279 0.790059 0.308092 0.049951 0.042249
118 0.790307 0.346929 0.031652 0.042574
3948 0.932493 0.309230 0.036103 0.042574
2796 0.858803 0.562073 0.046983 0.042574
70 0.360534 0.126747 0.036597 0.042899
296 0.637488 0.515600 0.032641 0.043224
3384 0.132542 0.675821 0.049456 0.043224
68 0.434718 0.709457 0.009891 0.043549
2787 0.344955 0.647709 0.044016 0.043549
119 0.862512 0.597498 0.029674 0.043874
2422 0.639713 0.557199 0.047972 0.043874
68 0.274233 0.725544 0.006429 0.044524
2795 0.858803 0.732369 0.046983 0.044524
3126 0.276954 0.127722 0.058358 0.044849
2191 0.574926 0.180208 0.049951 0.045174
2179 0.571217 0.129509 0.050445 0.045174
2159 0.492829 0.897465 0.052918 0.045174
69 0.140208 0.198408 0.024233 0.046474
1578 0.128833 0.512187 0.045994 0.046799
957 0.500000 0.275431 0.051434 0.047124
753 0.786350 0.807442 0.057369 0.047124
753 0.206479 0.209457 0.059842 0.047124
1115 0.201780 0.632922 0.040554 0.047774
3984 0.423591 0.525837 0.040059 0.048099
2359 0.491840 0.581410 0.048961 0.048749
2446 0.641444 0.428339 0.061325 0.048749
1204 0.925321 0.448814 0.047478 0.049399
2787 0.785361 0.415502 0.041543 0.049724
69 0.924580 0.794605 0.050940 0.050699
322 0.202275 0.762756 0.053412 0.050699
68 0.636499 0.894053 0.045500 0.051999
127 0.274728 0.892428 0.065776 0.054599
47 0.873393 0.261618 0.041543 0.057199
47 0.725025 0.413390 0.043521 0.057199
47 0.138724 0.792655 0.049951 0.057199
47 0.212908 0.406240 0.042038 0.057849
47 0.723294 0.242281 0.046983 0.061423
