120 0.645167 0.503012 0.014792 0.012975
91 0.718438 0.406279 0.026488 0.015524
720 0.584279 0.422961 0.019608 0.016914
91 0.861369 0.400255 0.028896 0.016914
547 0.864465 0.473239 0.034400 0.017377
91 0.785862 0.391335 0.026488 0.017609
88 0.862917 0.345575 0.033368 0.017841
1810 0.720158 0.291358 0.020296 0.018767
88 0.496904 0.372451 0.028552 0.018767
91 0.492088 0.321015 0.029240 0.018767
109 0.646887 0.486446 0.029240 0.018767
251 0.568455 0.364110 0.031304 0.018767
126 0.646715 0.438253 0.028896 0.020158
119 0.718954 0.450301 0.022016 0.020621
91 0.717406 0.473818 0.034056 0.021316
87 0.499312 0.509384 0.030616 0.022011
4773 0.866185 0.294486 0.038528 0.022243
1022 0.786550 0.343953 0.037496 0.022475
1022 0.717750 0.426668 0.038872 0.022475
85 0.500000 0.484940 0.010664 0.023170
1882 0.786378 0.319161 0.037152 0.023401
119 0.500516 0.532090 0.016512 0.023865
3674 0.787582 0.292632 0.034744 0.024096
2809 0.498108 0.431302 0.038528 0.024791
3097 0.861541 0.321826 0.038872 0.025023
119 0.790506 0.368049 0.013760 0.025718
1364 0.645855 0.323332 0.038184 0.025718
1891 0.720674 0.351599 0.033024 0.026182
721 0.860853 0.423193 0.033368 0.026645
619 0.646027 0.462697 0.037152 0.026877
2318 0.647231 0.351019 0.040248 0.026877
3175 0.498280 0.458411 0.030616 0.027108
1891 0.863605 0.449374 0.033368 0.027108
3562 0.647919 0.378707 0.038872 0.027108
4483 0.567079 0.392609 0.033368 0.027572
3749 0.583075 0.454472 0.027520 0.028035
3562 0.572583 0.295297 0.037496 0.028499
3782 0.569831 0.334222 0.037496 0.028499
2351 0.644995 0.294949 0.035776 0.028730
3562 0.496904 0.296223 0.035432 0.028962
68 0.498968 0.563832 0.007912 0.029889
1917 0.861197 0.497220 0.032680 0.030584
1411 0.495700 0.347428 0.035776 0.030816
1894 0.717922 0.318582 0.030272 0.031511
1986 0.862917 0.373610 0.038872 0.032206
68 0.863433 0.529773 0.008256 0.032669
83 0.496732 0.398170 0.015136 0.032669
3074 0.720330 0.382183 0.037152 0.032669
2056 0.645167 0.411376 0.038872 0.033596
296 0.863949 0.567076 0.034056 0.038230
296 0.644651 0.529310 0.031648 0.038693
296 0.718782 0.509152 0.031304 0.046571
296 0.497936 0.605885 0.031992 0.049120
296 0.787066 0.428869 0.028896 0.053753
