101 0.361019 0.926647 0.035570 0.010867
101 0.745141 0.693797 0.045471 0.011999
120 0.381005 0.919176 0.019069 0.013584
51 0.377704 0.904686 0.019069 0.014489
52 0.742758 0.715531 0.048038 0.017433
58 0.218188 0.899592 0.023469 0.017885
87 0.270260 0.883631 0.030803 0.019017
42 0.371470 0.804053 0.019069 0.019697
120 0.155849 0.652592 0.016135 0.020149
58 0.273011 0.905479 0.023836 0.022866
111 0.273927 0.930383 0.024936 0.023772
56 0.627613 0.637650 0.028970 0.023772
111 0.213605 0.923704 0.028236 0.025357
52 0.626879 0.747227 0.050238 0.025583
81 0.430326 0.677949 0.035570 0.026036
66 0.209204 0.709192 0.030436 0.026489
113 0.428676 0.704664 0.049872 0.026941
87 0.215072 0.878877 0.039971 0.027168
683 0.208838 0.614897 0.042171 0.027168
1083 0.373671 0.731266 0.027869 0.028073
101 0.151265 0.677156 0.042171 0.028073
83 0.212505 0.780168 0.022369 0.028979
72 0.527686 0.643310 0.042538 0.029658
98 0.211038 0.646480 0.042904 0.029658
56 0.584525 0.740887 0.036670 0.030564
119 0.274661 0.770546 0.017602 0.031469
83 0.622846 0.706928 0.031170 0.031469
683 0.275578 0.800996 0.057572 0.031696
117 0.432710 0.800883 0.020535 0.032375
120 0.738357 0.666629 0.023836 0.032375
60 0.216722 0.678402 0.019069 0.033733
89 0.271727 0.738397 0.052805 0.034186
51 0.734140 0.633009 0.054272 0.034412
122 0.435094 0.843219 0.016502 0.034639
68 0.362853 0.933326 0.038504 0.034639
51 0.150898 0.624745 0.048772 0.035092
95 0.678585 0.732284 0.050238 0.035092
717 0.368904 0.879217 0.071874 0.035092
78 0.482765 0.730926 0.028970 0.035997
1083 0.890539 0.668440 0.034837 0.035997
1902 0.435094 0.759905 0.057572 0.035997
127 0.480931 0.688024 0.041437 0.037129
1193 0.205537 0.748019 0.047305 0.037129
118 0.636414 0.778922 0.028236 0.037356
127 0.532453 0.672742 0.044004 0.037356
2151 0.367620 0.629500 0.053905 0.037356
3322 0.375321 0.771338 0.044371 0.038940
53 0.580675 0.699004 0.012835 0.039620
127 0.576641 0.776432 0.056106 0.040072
107 0.480565 0.648970 0.025303 0.040525
70 0.625046 0.670251 0.032637 0.040978
98 0.479465 0.769640 0.039971 0.040978
101 0.530986 0.725040 0.035204 0.042789
2698 0.370920 0.840050 0.052439 0.042789
52 0.530803 0.770093 0.049505 0.046864
1902 0.810231 0.600860 0.059773 0.047091
1396 0.886872 0.558863 0.060506 0.047317
3009 0.742391 0.757415 0.061239 0.047770
4528 0.807297 0.701494 0.068574 0.048223
333 0.680051 0.698325 0.062706 0.049128
113 0.579208 0.654177 0.046571 0.049581
70 0.678585 0.775979 0.024569 0.050034
249 0.683352 0.647838 0.050972 0.051392
3089 0.812431 0.651007 0.070040 0.052298
68 0.433993 0.878764 0.041437 0.054109
707 0.273194 0.691533 0.061606 0.056373
707 0.276311 0.842767 0.065640 0.056826
707 0.208654 0.833937 0.055739 0.064523
3407 0.365970 0.682250 0.039604 0.067240
3464 0.270810 0.629500 0.045105 0.067240
3407 0.884488 0.616369 0.048405 0.067240
68 0.163366 0.727417 0.006967 0.070636
