72 0.462134 0.320606 0.043160 0.018035
57 0.452362 0.368956 0.044788 0.018035
64 0.120521 0.545088 0.032573 0.018803
118 0.548453 0.331159 0.021987 0.019954
57 0.162052 0.334804 0.035831 0.020338
91 0.114821 0.523599 0.048860 0.021105
85 0.094463 0.199156 0.026059 0.021489
65 0.724349 0.584229 0.043160 0.021873
52 0.234121 0.797966 0.057818 0.021873
52 0.709691 0.512855 0.059446 0.021873
52 0.069625 0.796048 0.059446 0.021873
57 0.165309 0.516309 0.035831 0.022640
57 0.074511 0.240215 0.030130 0.023024
110 0.156352 0.270913 0.045603 0.023024
57 0.135586 0.908289 0.048046 0.023024
123 0.128257 0.176324 0.030130 0.024175
57 0.506922 0.540100 0.038274 0.024175
72 0.187704 0.866078 0.061075 0.024559
251 0.541124 0.168649 0.052932 0.024942
110 0.157573 0.454336 0.049674 0.026094
76 0.463762 0.601113 0.033388 0.026477
128 0.597313 0.573101 0.023616 0.027245
74 0.468648 0.860130 0.039902 0.027245
57 0.078176 0.771105 0.045603 0.027245
60 0.688111 0.804490 0.065147 0.027245
118 0.075733 0.267076 0.032573 0.027629
66 0.600570 0.544896 0.036645 0.027629
122 0.228827 0.562164 0.045603 0.027629
53 0.541124 0.520913 0.015472 0.028012
74 0.627850 0.523983 0.032573 0.028012
104 0.541938 0.806792 0.046417 0.028012
72 0.322068 0.259977 0.052932 0.028012
72 0.711726 0.560437 0.061889 0.028012
119 0.525244 0.604183 0.019544 0.028780
84 0.566368 0.773024 0.052932 0.028780
118 0.699104 0.833269 0.036645 0.029547
65 0.328176 0.289908 0.048860 0.029547
60 0.516694 0.574252 0.049674 0.029547
121 0.230863 0.771873 0.062704 0.029547
57 0.235342 0.740407 0.035831 0.030315
51 0.538274 0.304682 0.045603 0.030698
74 0.076140 0.621834 0.041531 0.031082
72 0.535016 0.490599 0.055375 0.031082
861 0.874186 0.149847 0.092020 0.031850
121 0.515065 0.343054 0.038274 0.032233
4135 0.448290 0.241366 0.069218 0.032233
1920 0.508958 0.202226 0.081433 0.032233
2677 0.232492 0.219302 0.056189 0.032617
68 0.069625 0.284919 0.056189 0.032617
1173 0.719055 0.440330 0.074919 0.032617
53 0.099756 0.226976 0.017101 0.033384
53 0.160831 0.484843 0.021987 0.033384
119 0.228420 0.624520 0.052932 0.033384
96 0.721091 0.759977 0.067590 0.033384
115 0.585912 0.892364 0.069218 0.033384
77 0.720277 0.483500 0.054560 0.033768
53 0.308225 0.877398 0.021987 0.034152
119 0.236971 0.298734 0.026059 0.034152
92 0.535423 0.457598 0.056189 0.034152
119 0.275244 0.896585 0.022801 0.034919
63 0.694218 0.865886 0.059446 0.034919
2689 0.872557 0.347851 0.109935 0.034919
76 0.099756 0.329240 0.038274 0.035303
53 0.467834 0.348235 0.017101 0.035687
53 0.234935 0.263431 0.020358 0.035687
62 0.107085 0.365119 0.046417 0.035687
76 0.569625 0.740023 0.051303 0.035687
84 0.471498 0.627974 0.061889 0.035687
2576 0.646987 0.325595 0.088762 0.035687
53 0.188925 0.897352 0.019544 0.036454
58 0.306596 0.841903 0.046417 0.036838
63 0.609121 0.607252 0.058632 0.037222
68 0.709691 0.607061 0.052932 0.038373
1927 0.708062 0.166539 0.082248 0.038373
104 0.627443 0.490599 0.054560 0.038757
3223 0.625407 0.278396 0.097720 0.039524
53 0.158795 0.302763 0.019544 0.039908
53 0.227199 0.594781 0.042345 0.039908
79 0.331026 0.207406 0.064332 0.040292
302 0.876221 0.433807 0.104235 0.040292
51 0.323697 0.166347 0.056189 0.041059
3041 0.316775 0.447237 0.087948 0.041059
68 0.329397 0.326362 0.015472 0.041827
68 0.225163 0.527437 0.064332 0.041827
4564 0.707655 0.215464 0.065147 0.043361
2751 0.295195 0.714313 0.082248 0.044129
125 0.716612 0.720645 0.058632 0.044513
3936 0.128664 0.732157 0.061889 0.044513
4564 0.317590 0.504413 0.074919 0.044896
68 0.074104 0.580775 0.022801 0.047199
501 0.879886 0.711435 0.096906 0.047583
68 0.462541 0.815810 0.019544 0.052187
1879 0.868078 0.205487 0.081433 0.055641
1879 0.872150 0.505756 0.078176 0.058327
1879 0.875407 0.778780 0.071661 0.059478
4637 0.878664 0.283001 0.127036 0.064083
