246 0.527063 0.165808 0.035906 0.005155
246 0.414255 0.852062 0.036442 0.005842
246 0.210611 0.227835 0.034298 0.006186
246 0.532154 0.384192 0.052519 0.006873
101 0.810557 0.892268 0.046624 0.011340
146 0.316988 0.607732 0.025188 0.012027
190 0.318596 0.573540 0.027331 0.012371
92 0.815380 0.846048 0.029475 0.013058
146 0.228564 0.289863 0.030547 0.013402
64 0.811629 0.861512 0.024116 0.015120
128 0.812165 0.877491 0.013398 0.015464
92 0.714094 0.342784 0.033762 0.015464
52 0.752144 0.747423 0.032690 0.015808
92 0.716506 0.721821 0.028939 0.016838
101 0.417471 0.488660 0.063237 0.017182
81 0.439175 0.380241 0.030547 0.017526
92 0.857985 0.888832 0.034298 0.017526
57 0.711415 0.852749 0.028403 0.018213
128 0.416131 0.797938 0.015541 0.018557
64 0.442658 0.358763 0.024652 0.018557
101 0.316720 0.639175 0.051447 0.018557
128 0.321008 0.659966 0.013934 0.018900
64 0.813237 0.800859 0.025188 0.018900
92 0.403001 0.169588 0.025723 0.018900
861 0.823687 0.676117 0.032154 0.018900
101 0.322079 0.806014 0.056806 0.019588
52 0.188907 0.165979 0.035906 0.019931
152 0.319132 0.592784 0.035906 0.019931
55 0.712219 0.744845 0.037513 0.020275
113 0.856913 0.838488 0.040729 0.020619
52 0.416131 0.778866 0.047696 0.020962
101 0.105038 0.454467 0.062165 0.020962
1002 0.424437 0.250000 0.030011 0.021649
61 0.819936 0.726632 0.032154 0.021649
124 0.817256 0.777148 0.034298 0.021649
107 0.757235 0.887801 0.035370 0.021649
81 0.710611 0.321649 0.036442 0.021993
1002 0.737942 0.644158 0.033226 0.022337
91 0.710879 0.404983 0.033762 0.022337
113 0.750268 0.865120 0.040729 0.022337
121 0.818328 0.823883 0.046088 0.022337
62 0.442658 0.403093 0.033226 0.022680
1002 0.110397 0.487629 0.036442 0.022680
52 0.112272 0.170103 0.048767 0.022680
123 0.760986 0.536254 0.021436 0.023711
547 0.406752 0.343471 0.036442 0.023711
76 0.442390 0.309450 0.038049 0.023711
98 0.188371 0.189519 0.045552 0.023711
209 0.830386 0.372509 0.014469 0.024055
64 0.322079 0.252577 0.035370 0.024055
85 0.716238 0.699485 0.016613 0.024399
4116 0.421490 0.268557 0.031618 0.024399
126 0.233387 0.201203 0.039121 0.024399
52 0.212487 0.382990 0.042337 0.024399
93 0.417738 0.750344 0.044480 0.024399
52 0.633441 0.670275 0.046088 0.024399
120 0.410772 0.191753 0.032690 0.024742
101 0.838424 0.643643 0.062701 0.024742
128 0.327438 0.276804 0.022508 0.025086
120 0.751340 0.726117 0.022508 0.025430
95 0.710343 0.794845 0.033762 0.025430
4116 0.738746 0.664777 0.029475 0.025773
87 0.756163 0.255842 0.033226 0.025773
161 0.532154 0.402577 0.033226 0.025773
115 0.760986 0.474742 0.035370 0.025773
111 0.710075 0.768385 0.017149 0.026117
120 0.860665 0.750859 0.020364 0.026117
83 0.405145 0.314089 0.022508 0.026117
123 0.751340 0.701031 0.022508 0.026117
56 0.107181 0.708247 0.024652 0.026117
86 0.760718 0.227491 0.030547 0.026117
4116 0.110397 0.507216 0.031083 0.026117
69 0.752680 0.841237 0.040193 0.026117
93 0.442658 0.334192 0.025723 0.026460
56 0.215166 0.780069 0.025188 0.026804
69 0.710075 0.295533 0.035370 0.026804
57 0.114148 0.197938 0.039657 0.026804
642 0.822079 0.700515 0.030011 0.027148
119 0.234727 0.171993 0.031083 0.027148
118 0.813505 0.754983 0.019293 0.027491
166 0.338424 0.878007 0.019829 0.027491
87 0.710343 0.209966 0.029475 0.027491
121 0.709271 0.237457 0.042337 0.027491
81 0.109861 0.817182 0.047160 0.027491
108 0.759378 0.303608 0.021436 0.027835
76 0.758039 0.562027 0.033762 0.027835
127 0.712487 0.467869 0.041265 0.027835
57 0.222937 0.602234 0.045016 0.027835
56 0.709003 0.502234 0.025723 0.028522
87 0.710611 0.826289 0.035370 0.028522
56 0.215166 0.852062 0.054126 0.028522
60 0.855305 0.860137 0.016077 0.028866
166 0.866024 0.678351 0.018221 0.028866
249 0.760718 0.404124 0.033762 0.028866
99 0.207663 0.687629 0.055198 0.028866
117 0.752144 0.171993 0.024116 0.029210
87 0.759378 0.333505 0.031083 0.029210
76 0.758574 0.610137 0.032690 0.029210
104 0.754823 0.202234 0.036977 0.029210
81 0.760718 0.584708 0.038049 0.029210
57 0.423365 0.583333 0.040729 0.029210
60 0.315380 0.444502 0.046624 0.029210
57 0.329046 0.310825 0.050375 0.029210
127 0.215166 0.715636 0.056270 0.029210
1317 0.209271 0.250172 0.032690 0.029553
69 0.765541 0.277835 0.018757 0.029897
85 0.751340 0.772680 0.020364 0.029897
128 0.422562 0.463058 0.020900 0.029897
56 0.835209 0.615979 0.023044 0.029897
86 0.714362 0.265464 0.027867 0.029897
1317 0.418810 0.876460 0.030547 0.029897
2151 0.861200 0.781959 0.034298 0.029897
126 0.112808 0.884364 0.047696 0.029897
81 0.107717 0.579210 0.049303 0.029897
91 0.528671 0.513918 0.049839 0.029897
55 0.417738 0.513058 0.055198 0.030241
148 0.642283 0.518385 0.036977 0.030584
166 0.445606 0.172509 0.020900 0.030928
52 0.105841 0.548454 0.045552 0.030928
127 0.418006 0.606873 0.056806 0.030928
100 0.535906 0.432646 0.068596 0.030928
1317 0.527331 0.189863 0.032154 0.031271
59 0.302251 0.883333 0.036442 0.031271
83 0.834941 0.467869 0.040729 0.031271
81 0.840836 0.435052 0.054662 0.031615
64 0.418810 0.432474 0.050911 0.031959
978 0.712755 0.370619 0.033226 0.032646
66 0.321543 0.220790 0.038585 0.032646
76 0.630493 0.441065 0.042337 0.032646
55 0.215970 0.352062 0.061093 0.032646
119 0.765541 0.367010 0.025188 0.032990
58 0.858253 0.812027 0.026259 0.032990
60 0.106913 0.301718 0.041265 0.032990
72 0.410236 0.717869 0.044480 0.032990
127 0.320740 0.690034 0.058414 0.032990
547 0.638800 0.292440 0.060021 0.032990
92 0.708735 0.439691 0.021972 0.033333
70 0.441318 0.210137 0.025188 0.033333
52 0.837085 0.402577 0.049303 0.033333
118 0.709539 0.879381 0.024652 0.033677
90 0.416935 0.824742 0.055734 0.033677
127 0.109593 0.332990 0.069132 0.033677
78 0.108521 0.850344 0.040193 0.034021
110 0.529475 0.548969 0.045016 0.034021
77 0.216774 0.745189 0.045552 0.034021
72 0.528939 0.834536 0.047160 0.034021
81 0.211147 0.528866 0.054662 0.034364
127 0.416399 0.682818 0.062165 0.034364
55 0.635048 0.590378 0.063237 0.034364
68 0.837353 0.580928 0.013398 0.034708
58 0.760450 0.505842 0.031083 0.035052
81 0.110129 0.227148 0.044480 0.035052
127 0.632637 0.774570 0.056270 0.035052
92 0.219453 0.881959 0.036977 0.035395
72 0.319132 0.775430 0.044480 0.035395
113 0.531350 0.798454 0.059486 0.035395
117 0.837353 0.540550 0.028403 0.035739
145 0.859593 0.301718 0.042872 0.035739
91 0.529743 0.581787 0.066988 0.035739
123 0.211147 0.493299 0.028939 0.036082
123 0.104234 0.783333 0.030547 0.036082
111 0.838156 0.503265 0.031083 0.036082
87 0.711415 0.537973 0.035906 0.036082
72 0.104770 0.420790 0.046624 0.036082
55 0.633976 0.253436 0.061093 0.036082
58 0.750268 0.809622 0.030011 0.036426
74 0.529475 0.236426 0.035370 0.036426
148 0.330654 0.536082 0.041801 0.036426
119 0.711683 0.576117 0.020364 0.036770
117 0.317256 0.345533 0.031083 0.036770
118 0.220793 0.812543 0.035370 0.036770
51 0.415863 0.547938 0.047160 0.036770
90 0.635048 0.478866 0.063237 0.036770
68 0.531886 0.763918 0.010182 0.037113
85 0.528403 0.725430 0.022508 0.037113
127 0.214898 0.453265 0.062165 0.037113
127 0.638800 0.698969 0.064309 0.037113
2191 0.710879 0.176117 0.030547 0.037457
91 0.321811 0.414777 0.060557 0.037801
77 0.842980 0.256873 0.049303 0.038144
132 0.621383 0.551203 0.033762 0.038488
78 0.212219 0.564605 0.042872 0.038488
87 0.320740 0.834364 0.047696 0.038488
118 0.215702 0.413230 0.020900 0.038832
134 0.829850 0.340722 0.028403 0.038832
1917 0.857985 0.719416 0.037513 0.038832
127 0.638264 0.371993 0.061093 0.038832
68 0.632101 0.403436 0.009110 0.039175
135 0.198285 0.317526 0.031083 0.039175
117 0.628885 0.176976 0.034834 0.039175
83 0.105841 0.266667 0.041265 0.039175
296 0.763934 0.440550 0.028403 0.039863
93 0.839228 0.179381 0.042872 0.039863
87 0.632369 0.331615 0.047160 0.039863
127 0.839228 0.217526 0.055734 0.039863
87 0.628081 0.876804 0.050375 0.040206
366 0.319668 0.179038 0.053055 0.040550
87 0.630225 0.737973 0.048232 0.040893
127 0.534030 0.272337 0.064845 0.040893
74 0.107449 0.620275 0.031618 0.041237
68 0.322883 0.385395 0.015541 0.041581
87 0.533762 0.312543 0.048232 0.041581
118 0.536977 0.355842 0.038585 0.042268
92 0.633441 0.632474 0.036442 0.042955
53 0.530815 0.875258 0.023044 0.043299
118 0.103698 0.744158 0.034834 0.043643
87 0.412647 0.644502 0.038585 0.043643
3353 0.530011 0.624742 0.045016 0.044674
87 0.319936 0.731271 0.045016 0.044674
68 0.403269 0.378694 0.008039 0.047423
60 0.533762 0.466667 0.025723 0.047423
87 0.103966 0.374914 0.047160 0.047423
60 0.630225 0.213918 0.027867 0.049141
71 0.318596 0.486770 0.044480 0.053265
1358 0.202304 0.648110 0.050911 0.054983
68 0.628081 0.825601 0.010718 0.056014
3381 0.532958 0.676804 0.036977 0.056701
