209 0.625616 0.213665 0.012808 0.010788
92 0.174877 0.909500 0.036453 0.011987
188 0.071182 0.706773 0.033005 0.012886
188 0.516256 0.746629 0.036453 0.012886
108 0.329310 0.210518 0.015271 0.015883
1214 0.443596 0.328289 0.031034 0.015883
108 0.551232 0.311208 0.019704 0.016482
64 0.394089 0.135901 0.036453 0.017081
101 0.837685 0.696584 0.052709 0.017081
92 0.503941 0.718610 0.041379 0.017381
52 0.170197 0.870842 0.041872 0.017381
52 0.279064 0.402907 0.047783 0.017681
56 0.281281 0.385975 0.023645 0.017980
52 0.615517 0.416242 0.041872 0.017980
52 0.171182 0.522475 0.046798 0.018280
120 0.729064 0.546299 0.022660 0.018580
1214 0.330788 0.615823 0.028079 0.018580
98 0.171429 0.889122 0.051232 0.018580
1406 0.173892 0.583308 0.045320 0.018879
113 0.392365 0.221606 0.056650 0.018879
56 0.328818 0.192988 0.019212 0.019179
193 0.840394 0.459095 0.038424 0.019179
52 0.721921 0.221456 0.044828 0.019179
52 0.502956 0.608031 0.045320 0.019179
101 0.614286 0.163320 0.062069 0.019179
56 0.220443 0.452652 0.021182 0.019479
108 0.226355 0.472131 0.024138 0.019479
52 0.280296 0.335331 0.041379 0.019778
52 0.833005 0.369793 0.044335 0.019778
56 0.550739 0.292928 0.018719 0.020078
56 0.394089 0.496104 0.020690 0.020078
52 0.060591 0.239586 0.043350 0.020078
113 0.060345 0.855709 0.053695 0.020078
52 0.058374 0.688942 0.048768 0.020378
83 0.058128 0.909949 0.029557 0.020677
1214 0.882266 0.395715 0.037438 0.020677
57 0.292857 0.279143 0.037931 0.020677
56 0.724631 0.575817 0.055172 0.020677
113 0.500246 0.193737 0.060591 0.020677
56 0.839655 0.637998 0.024138 0.020977
120 0.730296 0.168115 0.027094 0.020977
113 0.613793 0.762062 0.057143 0.020977
83 0.610837 0.812257 0.040394 0.021277
45 0.845813 0.406353 0.038424 0.021576
126 0.722414 0.319149 0.050739 0.021576
101 0.284236 0.166916 0.052217 0.021576
302 0.172167 0.139197 0.045813 0.021876
85 0.175123 0.848816 0.022167 0.022475
132 0.075123 0.730746 0.027094 0.022475
113 0.064286 0.400509 0.059606 0.022475
111 0.286453 0.904105 0.029064 0.022775
81 0.836946 0.616871 0.047291 0.023075
92 0.396552 0.802517 0.039409 0.023374
132 0.522167 0.777495 0.024631 0.023674
95 0.506897 0.164669 0.054187 0.023674
121 0.616502 0.784687 0.061576 0.023674
91 0.174138 0.690141 0.044828 0.023974
126 0.612808 0.697333 0.051232 0.023974
132 0.624877 0.576716 0.026108 0.024273
81 0.171921 0.343572 0.043350 0.024273
81 0.728325 0.806563 0.047783 0.024273
95 0.728818 0.455349 0.058621 0.024273
52 0.724877 0.431825 0.044828 0.024573
86 0.073399 0.178004 0.055172 0.024573
204 0.620936 0.195835 0.029064 0.024873
85 0.616502 0.903356 0.033990 0.024873
52 0.503202 0.139197 0.041872 0.024873
91 0.172660 0.244082 0.042857 0.024873
81 0.282266 0.821546 0.048276 0.024873
91 0.391626 0.413245 0.040394 0.025172
66 0.283005 0.364249 0.033990 0.025472
85 0.727340 0.743033 0.040887 0.025472
885 0.175123 0.657327 0.054680 0.025472
56 0.726355 0.717411 0.020197 0.025772
66 0.391133 0.607132 0.031527 0.025772
171 0.187931 0.431825 0.036946 0.025772
77 0.399754 0.904405 0.051724 0.025772
67 0.841872 0.858855 0.053202 0.025772
271 0.286453 0.306563 0.054680 0.025772
118 0.291626 0.877285 0.023645 0.026071
85 0.064532 0.425682 0.032512 0.026071
78 0.285468 0.851214 0.033990 0.026071
76 0.721921 0.836530 0.036946 0.026071
118 0.720690 0.865598 0.040394 0.026071
91 0.613547 0.329188 0.040887 0.026071
52 0.834729 0.492808 0.044828 0.026071
2083 0.390887 0.443362 0.064532 0.026071
117 0.830542 0.552892 0.033498 0.026371
111 0.724631 0.191190 0.036453 0.026371
90 0.280296 0.141444 0.041379 0.026371
86 0.284236 0.794726 0.049261 0.026371
90 0.613054 0.606233 0.050739 0.026371
2489 0.060099 0.801618 0.057143 0.026371
73 0.404433 0.877435 0.059113 0.026371
83 0.831527 0.307012 0.038424 0.026671
91 0.396305 0.715613 0.037931 0.026970
77 0.175862 0.400959 0.047291 0.026970
113 0.501970 0.405154 0.051232 0.026970
271 0.399507 0.747078 0.064039 0.026970
127 0.294089 0.691340 0.075862 0.026970
68 0.062562 0.666617 0.008867 0.027270
1435 0.728079 0.779592 0.050246 0.027270
735 0.058867 0.765808 0.060591 0.027270
252 0.394828 0.641145 0.063547 0.027270
132 0.854926 0.897213 0.023153 0.027570
77 0.397291 0.473180 0.043842 0.027570
52 0.283990 0.562481 0.044828 0.027570
113 0.834236 0.519329 0.053695 0.027570
127 0.841626 0.821996 0.060591 0.027570
101 0.838424 0.202577 0.061084 0.027570
81 0.395320 0.165268 0.045813 0.027869
113 0.614778 0.546149 0.057143 0.027869
56 0.612562 0.140545 0.022167 0.028169
85 0.727586 0.396764 0.032512 0.028169
52 0.394828 0.254870 0.051724 0.028469
271 0.727340 0.284237 0.058621 0.028469
85 0.395074 0.776446 0.023645 0.028768
87 0.396798 0.306862 0.041872 0.028768
87 0.068227 0.270602 0.048768 0.028768
55 0.836453 0.139946 0.058128 0.028768
271 0.287931 0.431825 0.058621 0.028768
204 0.840148 0.435571 0.022167 0.029068
117 0.500985 0.262062 0.031527 0.029068
69 0.074138 0.829338 0.033005 0.029068
51 0.505911 0.489512 0.044335 0.029068
2423 0.061330 0.884477 0.046798 0.029068
91 0.505665 0.901558 0.047783 0.029068
113 0.284236 0.493407 0.054187 0.029068
127 0.517241 0.857207 0.068966 0.029068
68 0.502217 0.582260 0.017241 0.029368
69 0.077340 0.373689 0.029557 0.029368
69 0.298768 0.462691 0.032020 0.029368
87 0.066502 0.143242 0.040394 0.029368
87 0.288670 0.591549 0.042365 0.029368
87 0.177094 0.551993 0.048768 0.029368
113 0.723892 0.246928 0.053695 0.029368
2203 0.615025 0.450704 0.055665 0.029368
104 0.066010 0.612826 0.058128 0.029368
118 0.285961 0.762062 0.028079 0.029967
118 0.060345 0.548397 0.030049 0.029967
45 0.299507 0.203776 0.032512 0.029967
78 0.396798 0.196883 0.033005 0.029967
74 0.283498 0.663320 0.035961 0.030267
327 0.062562 0.305514 0.059113 0.030267
123 0.614778 0.361702 0.023645 0.030566
4451 0.727340 0.687743 0.062562 0.030566
104 0.504680 0.520677 0.047783 0.030866
55 0.834236 0.588103 0.054680 0.030866
111 0.837438 0.224153 0.036453 0.031166
3735 0.726355 0.142044 0.053695 0.031166
98 0.061330 0.487264 0.053695 0.031166
1799 0.057635 0.340276 0.043350 0.031465
118 0.062315 0.644141 0.052709 0.031465
66 0.172660 0.496254 0.026108 0.031765
76 0.061084 0.517231 0.032512 0.031765
62 0.175123 0.371591 0.039901 0.031765
64 0.172414 0.274798 0.046305 0.031765
118 0.394828 0.520078 0.030049 0.032065
45 0.297783 0.636050 0.038916 0.032065
1435 0.064286 0.459245 0.048768 0.032065
85 0.501724 0.691639 0.020197 0.032364
107 0.833251 0.172310 0.032020 0.032364
45 0.184729 0.469284 0.039409 0.032364
45 0.517241 0.309260 0.042365 0.032364
69 0.517241 0.375337 0.030542 0.032664
51 0.063300 0.583009 0.041872 0.032664
2597 0.285222 0.241384 0.045320 0.032664
1799 0.392857 0.681001 0.048768 0.032664
118 0.509113 0.551993 0.030049 0.032964
69 0.626355 0.514984 0.032020 0.033863
90 0.832266 0.671112 0.047783 0.033863
92 0.726108 0.522625 0.034483 0.034162
552 0.174384 0.172460 0.031527 0.034462
1373 0.169458 0.618370 0.048276 0.034462
87 0.063300 0.209769 0.030049 0.034762
366 0.502709 0.343123 0.056650 0.034762
1575 0.612069 0.485616 0.037931 0.035061
750 0.615025 0.292478 0.054680 0.035361
45 0.409360 0.348067 0.032512 0.035661
119 0.617241 0.390770 0.024631 0.035960
118 0.722414 0.603236 0.039901 0.035960
47 0.173399 0.207821 0.020690 0.036260
123 0.286700 0.529667 0.022660 0.036260
87 0.725123 0.487564 0.032512 0.036560
68 0.616502 0.731795 0.048768 0.036560
2438 0.170690 0.786335 0.050739 0.036560
87 0.283990 0.729547 0.037931 0.036859
70 0.505419 0.223854 0.035468 0.037159
79 0.178818 0.310009 0.038424 0.038657
47 0.185961 0.817501 0.033990 0.038957
3735 0.834236 0.340126 0.042857 0.038957
87 0.394335 0.841924 0.044828 0.040455
4712 0.725616 0.644141 0.053202 0.040455
87 0.832512 0.792778 0.046305 0.041055
87 0.505172 0.822295 0.046798 0.041954
3464 0.502709 0.647438 0.059606 0.042853
4738 0.722660 0.900809 0.066995 0.043752
3464 0.504926 0.446958 0.050246 0.044052
3464 0.391626 0.372790 0.049261 0.044351
3464 0.396552 0.563530 0.057143 0.045850
4447 0.837438 0.267006 0.061084 0.046749
2422 0.725123 0.358705 0.055172 0.047348
3464 0.615025 0.855559 0.059606 0.047348
2191 0.612315 0.249625 0.047291 0.048547
4738 0.836453 0.737189 0.057143 0.052742
4738 0.176355 0.735391 0.058128 0.054540
4738 0.617488 0.654031 0.058621 0.055439
