246 0.190614 0.905069 0.043524 0.007104
101 0.531987 0.385211 0.033036 0.011624
101 0.525695 0.578302 0.033036 0.011624
101 0.348977 0.305941 0.047719 0.013884
92 0.267698 0.435421 0.036182 0.015176
101 0.533298 0.832257 0.036707 0.015176
93 0.194809 0.801259 0.044573 0.016468
102 0.354746 0.560542 0.043524 0.016790
91 0.350551 0.433968 0.030939 0.017436
91 0.522549 0.316597 0.033036 0.019696
88 0.352124 0.495479 0.038280 0.020342
108 0.443629 0.864708 0.014683 0.020665
91 0.183010 0.272199 0.036707 0.020665
88 0.187992 0.658702 0.042475 0.020665
126 0.522549 0.447853 0.044573 0.020665
126 0.441793 0.609945 0.039329 0.021311
495 0.442318 0.636422 0.051914 0.021957
91 0.266387 0.282047 0.035658 0.022925
102 0.864709 0.308201 0.044048 0.022925
302 0.702412 0.776397 0.045621 0.022925
2707 0.696644 0.465935 0.026744 0.023894
2707 0.701626 0.835970 0.027268 0.023894
126 0.271631 0.723442 0.039853 0.024217
2678 0.696906 0.430578 0.042999 0.024217
598 0.522286 0.557152 0.048243 0.024217
125 0.183272 0.340329 0.038280 0.024540
83 0.861038 0.201647 0.028317 0.024863
120 0.273466 0.903132 0.016256 0.025831
56 0.349764 0.282209 0.018878 0.025831
251 0.694809 0.243784 0.051390 0.025831
85 0.273466 0.835163 0.014158 0.026154
126 0.440482 0.204230 0.040902 0.026154
252 0.611694 0.243300 0.048768 0.026154
28 0.698741 0.549564 0.043524 0.026477
627 0.613267 0.467226 0.052963 0.026477
117 0.443367 0.780756 0.019402 0.027123
28 0.695595 0.166936 0.042475 0.027123
60 0.523859 0.678883 0.013634 0.027446
111 0.442056 0.840652 0.024122 0.027446
104 0.104090 0.287375 0.038280 0.027769
642 0.700052 0.806426 0.046146 0.028092
108 0.438909 0.478043 0.015732 0.028737
117 0.100944 0.322732 0.018353 0.028737
28 0.609596 0.167743 0.044573 0.028737
88 0.441007 0.705199 0.013634 0.029060
60 0.442318 0.808847 0.015207 0.029060
28 0.780021 0.279303 0.048768 0.029060
1005 0.350813 0.403939 0.052438 0.029060
2752 0.523597 0.242816 0.052963 0.029060
1642 0.614578 0.433323 0.060829 0.029060
88 0.183797 0.462222 0.013110 0.029383
117 0.273204 0.757023 0.017829 0.029383
70 0.186681 0.739264 0.038804 0.029383
1375 0.350813 0.465773 0.052438 0.029383
88 0.438385 0.401356 0.014683 0.029706
111 0.350026 0.246367 0.023597 0.029706
117 0.525957 0.650145 0.016780 0.030029
91 0.268485 0.364708 0.053487 0.030029
4327 0.775302 0.438489 0.058207 0.030352
115 0.182486 0.312722 0.038804 0.030675
1615 0.350813 0.528092 0.046146 0.030675
4440 0.193235 0.827575 0.050865 0.030998
2987 0.610645 0.360833 0.067646 0.031321
290 0.863660 0.241847 0.052438 0.031644
68 0.349502 0.331450 0.006817 0.031966
127 0.442318 0.545528 0.055060 0.031966
2987 0.698479 0.708266 0.060829 0.031966
70 0.861038 0.280594 0.039853 0.032289
79 0.444153 0.512593 0.038804 0.032612
1174 0.526219 0.481595 0.044573 0.032612
2752 0.691662 0.321763 0.057682 0.032612
70 0.274253 0.872296 0.030414 0.033258
750 0.190614 0.865192 0.047719 0.033258
1410 0.611432 0.281724 0.071316 0.033258
76 0.271106 0.519535 0.020975 0.033581
757 0.436025 0.242816 0.050865 0.033581
1656 0.700052 0.627381 0.056633 0.033581
2987 0.529103 0.901840 0.057682 0.033581
2709 0.187992 0.623345 0.034085 0.033904
2987 0.267174 0.403778 0.049816 0.033904
2987 0.440220 0.576526 0.051914 0.033904
3009 0.694284 0.361479 0.058731 0.033904
2059 0.609596 0.205683 0.063450 0.034227
121 0.190351 0.771230 0.034609 0.034550
934 0.606974 0.320794 0.052963 0.034550
2692 0.695333 0.280433 0.056633 0.034550
3009 0.522286 0.280917 0.046146 0.034872
1656 0.185370 0.536971 0.051914 0.034872
76 0.274253 0.643365 0.022024 0.035195
1396 0.438385 0.362125 0.048243 0.035195
1656 0.271106 0.602357 0.056633 0.035195
1797 0.697431 0.586535 0.060829 0.035195
710 0.522811 0.205037 0.040902 0.035518
1584 0.181699 0.378269 0.026744 0.035841
1180 0.269795 0.242331 0.048768 0.035841
781 0.692187 0.204876 0.051390 0.035841
2193 0.523859 0.413142 0.035658 0.036487
111 0.184583 0.243461 0.024122 0.036810
577 0.181961 0.419761 0.051390 0.036810
83 0.524646 0.609138 0.015207 0.037133
1584 0.442056 0.665967 0.028317 0.037133
83 0.348191 0.365192 0.015732 0.037456
83 0.435239 0.321440 0.015732 0.037778
3434 0.782643 0.381175 0.052963 0.037778
83 0.184845 0.496125 0.017305 0.038424
4712 0.529365 0.859541 0.036182 0.038747
83 0.186156 0.580239 0.016780 0.040039
83 0.438647 0.436390 0.016256 0.040362
505 0.524122 0.758960 0.026744 0.040362
268 0.520975 0.353729 0.040378 0.040362
308 0.530939 0.716984 0.046670 0.040362
2429 0.267436 0.471908 0.047195 0.041007
4712 0.778972 0.320149 0.061353 0.041007
1304 0.443629 0.899257 0.049292 0.041330
68 0.438123 0.279787 0.008915 0.041653
83 0.443367 0.740555 0.018353 0.041653
83 0.268747 0.557636 0.017305 0.042622
268 0.525957 0.800452 0.034609 0.042622
4712 0.266125 0.324830 0.036182 0.042622
4712 0.697168 0.667743 0.064499 0.042622
83 0.271106 0.682758 0.014683 0.043591
1316 0.351599 0.207943 0.045621 0.043913
3711 0.188254 0.698095 0.042999 0.045205
68 0.273728 0.794801 0.009439 0.046174
68 0.525170 0.515822 0.007866 0.050048
68 0.101993 0.248951 0.015207 0.052309
68 0.862874 0.345819 0.009963 0.058121
68 0.354746 0.597029 0.008915 0.058767
68 0.100157 0.367614 0.013634 0.061027
