128 0.649612 0.234360 0.012124 0.009724
128 0.226237 0.894489 0.013094 0.012642
128 0.575170 0.222204 0.015519 0.014587
52 0.144277 0.886872 0.043162 0.016856
52 0.354268 0.694489 0.036372 0.017828
52 0.425073 0.535656 0.045102 0.018476
57 0.642580 0.834198 0.031038 0.019125
77 0.281038 0.615235 0.036372 0.020097
4121 0.280795 0.778606 0.044617 0.020097
4121 0.711930 0.452998 0.049467 0.020421
128 0.575655 0.878768 0.011639 0.020746
126 0.356693 0.110211 0.047042 0.020746
861 0.712658 0.539870 0.036372 0.021070
57 0.287827 0.723501 0.033463 0.021394
120 0.496848 0.458833 0.018914 0.021718
126 0.424103 0.743112 0.050921 0.021718
76 0.499515 0.140357 0.032008 0.022042
2595 0.640155 0.313128 0.042677 0.022042
297 0.911494 0.386386 0.062561 0.022042
82 0.642580 0.497245 0.064985 0.022042
85 0.711445 0.605348 0.019399 0.022366
76 0.635790 0.437763 0.027158 0.022366
120 0.636518 0.810049 0.019884 0.022690
57 0.819593 0.362075 0.026188 0.022690
62 0.424103 0.108914 0.026673 0.022690
60 0.280068 0.593841 0.041222 0.022690
55 0.494665 0.639222 0.045587 0.022690
104 0.499030 0.486710 0.039767 0.023015
52 0.711203 0.624149 0.043162 0.023015
119 0.710960 0.734846 0.021339 0.023339
87 0.499273 0.299514 0.035403 0.023339
87 0.137730 0.211345 0.037827 0.023339
126 0.568138 0.509562 0.046072 0.023339
56 0.208535 0.769368 0.047527 0.023663
76 0.568865 0.567261 0.032978 0.023987
126 0.279825 0.150081 0.042677 0.023987
117 0.710475 0.884117 0.020369 0.024311
66 0.500727 0.436791 0.038312 0.024311
76 0.278613 0.322042 0.040252 0.024311
56 0.566925 0.202755 0.046557 0.024311
56 0.204898 0.537277 0.048012 0.024311
56 0.421193 0.558833 0.015034 0.024635
120 0.354268 0.391572 0.018914 0.024635
120 0.284675 0.695948 0.021339 0.024635
91 0.711203 0.426904 0.043162 0.024635
62 0.496120 0.376175 0.026188 0.024959
87 0.428225 0.844408 0.029098 0.025284
68 0.422405 0.645543 0.007759 0.025608
88 0.209748 0.910373 0.021823 0.025608
120 0.209020 0.843598 0.022308 0.025608
88 0.713143 0.480875 0.022793 0.025608
118 0.497818 0.877310 0.027643 0.025608
86 0.510427 0.511021 0.032493 0.025608
127 0.431862 0.869854 0.059651 0.025608
111 0.495150 0.758509 0.021339 0.025932
120 0.569593 0.818801 0.021823 0.025932
62 0.209263 0.817828 0.026673 0.025932
83 0.565713 0.594165 0.033463 0.025932
88 0.283220 0.807293 0.019399 0.026256
111 0.426285 0.886386 0.019399 0.026256
88 0.141610 0.756726 0.021339 0.026256
120 0.425073 0.133387 0.022793 0.026256
88 0.569350 0.173582 0.023278 0.026256
119 0.136275 0.236305 0.022308 0.026580
120 0.209263 0.197731 0.023763 0.026580
64 0.641610 0.216207 0.042677 0.026580
2134 0.351358 0.637601 0.047042 0.026580
98 0.349661 0.716694 0.049467 0.026580
85 0.134093 0.181037 0.017944 0.026904
119 0.206111 0.138898 0.019399 0.026904
108 0.140640 0.679579 0.019399 0.026904
119 0.283463 0.638736 0.023763 0.026904
126 0.425315 0.226418 0.039767 0.026904
68 0.428225 0.446515 0.040737 0.026904
98 0.705868 0.649109 0.057711 0.026904
88 0.353055 0.240519 0.018429 0.027229
62 0.565955 0.791896 0.024248 0.027229
53 0.569350 0.541491 0.021339 0.027553
91 0.427498 0.913614 0.038312 0.027553
2189 0.284433 0.843598 0.040252 0.027553
56 0.206596 0.472285 0.020369 0.027877
110 0.281523 0.348136 0.038312 0.027877
253 0.708778 0.113776 0.039282 0.027877
4119 0.350145 0.533225 0.047527 0.027877
2489 0.566925 0.142626 0.053346 0.027877
91 0.284190 0.911507 0.053346 0.027877
51 0.204413 0.111345 0.037342 0.028201
51 0.640640 0.379092 0.040737 0.028201
2471 0.713143 0.860778 0.061591 0.028201
117 0.567168 0.366613 0.021823 0.028525
119 0.281038 0.566288 0.027643 0.028525
92 0.504365 0.114911 0.025218 0.028849
83 0.426043 0.506807 0.036372 0.028849
68 0.433075 0.814587 0.006790 0.029173
85 0.354510 0.668395 0.015519 0.029173
56 0.354995 0.303404 0.016489 0.029173
88 0.639428 0.680389 0.020854 0.029173
119 0.709263 0.910859 0.022793 0.029173
120 0.282250 0.295300 0.025218 0.029173
51 0.712173 0.708590 0.041222 0.029173
88 0.493210 0.730794 0.014549 0.029498
88 0.282250 0.381037 0.051406 0.029498
62 0.281038 0.668720 0.030553 0.029822
91 0.353783 0.907293 0.043162 0.029822
119 0.210960 0.796272 0.020369 0.030146
2489 0.566440 0.653647 0.055286 0.030146
108 0.427013 0.475203 0.016004 0.030470
95 0.566198 0.760130 0.042192 0.030470
95 0.424830 0.417828 0.042677 0.030470
117 0.208050 0.641005 0.016489 0.030794
119 0.498060 0.326580 0.021339 0.030794
117 0.280310 0.536629 0.021339 0.030794
273 0.639428 0.467909 0.023763 0.030794
2180 0.354995 0.457861 0.045587 0.030794
88 0.425800 0.586548 0.049467 0.030794
68 0.511154 0.247974 0.007759 0.031118
60 0.501455 0.698865 0.016489 0.031118
88 0.568380 0.909238 0.019399 0.031118
83 0.572260 0.115073 0.032978 0.031118
92 0.358632 0.273258 0.036372 0.031118
363 0.639670 0.286224 0.045587 0.031118
58 0.635548 0.517180 0.037342 0.031442
89 0.568380 0.305511 0.051406 0.031442
88 0.643550 0.256726 0.021339 0.031767
92 0.568138 0.249595 0.029583 0.031767
119 0.707808 0.791896 0.030553 0.031767
104 0.496605 0.668071 0.039767 0.031767
2151 0.281038 0.748136 0.043162 0.031767
105 0.141368 0.481686 0.050921 0.031767
613 0.711203 0.514749 0.051891 0.031767
68 0.637488 0.760292 0.006305 0.032091
68 0.645490 0.158023 0.008729 0.032091
119 0.354753 0.334036 0.025703 0.032091
88 0.567168 0.683955 0.017944 0.032415
119 0.206838 0.672609 0.022793 0.032415
1874 0.354025 0.600000 0.032008 0.032415
88 0.425073 0.358185 0.046072 0.032415
118 0.141368 0.513938 0.016004 0.032739
119 0.498060 0.405024 0.024248 0.032739
119 0.565713 0.397245 0.024733 0.032739
126 0.427498 0.160616 0.045102 0.032739
90 0.207323 0.562561 0.045102 0.032739
3741 0.495635 0.574230 0.045587 0.032739
3766 0.205141 0.340843 0.046557 0.032739
91 0.708050 0.178444 0.048497 0.032739
2614 0.638700 0.347488 0.034918 0.033063
1435 0.422163 0.386062 0.042192 0.033063
88 0.499515 0.540357 0.042677 0.033063
95 0.205141 0.408104 0.044617 0.033063
2718 0.710233 0.363695 0.048012 0.033063
870 0.708293 0.214911 0.048982 0.033063
126 0.138700 0.611669 0.050436 0.033063
85 0.355965 0.137277 0.015519 0.033387
85 0.147430 0.909400 0.015519 0.033387
91 0.351115 0.565154 0.037827 0.033387
107 0.638215 0.409887 0.042677 0.033387
107 0.212415 0.871799 0.044617 0.033387
2632 0.493938 0.794327 0.047042 0.033387
88 0.498060 0.352836 0.051406 0.033387
107 0.568380 0.851540 0.042677 0.033712
370 0.564500 0.476823 0.051406 0.033712
2489 0.907371 0.215073 0.052376 0.034036
4345 0.911736 0.120421 0.053346 0.034036
316 0.133123 0.154457 0.062561 0.034036
118 0.204898 0.374392 0.010184 0.034360
60 0.632638 0.182496 0.017944 0.034360
4260 0.708293 0.397407 0.044132 0.034360
1949 0.355480 0.874554 0.044617 0.034360
62 0.640398 0.781524 0.048982 0.034360
3741 0.208293 0.705348 0.049952 0.034360
2791 0.711688 0.829498 0.053831 0.034360
83 0.427983 0.675689 0.037342 0.034684
1439 0.564500 0.334036 0.052376 0.034684
58 0.426285 0.285900 0.028128 0.035008
505 0.353783 0.426580 0.032493 0.035008
4456 0.708535 0.288493 0.050436 0.035008
88 0.137973 0.351540 0.051891 0.035332
60 0.496120 0.271313 0.015519 0.035656
118 0.560621 0.283306 0.029098 0.035656
2599 0.709748 0.672934 0.035403 0.035656
121 0.501455 0.903728 0.035887 0.035656
68 0.220902 0.442626 0.005335 0.035981
93 0.207808 0.500972 0.034433 0.035981
1806 0.495393 0.609562 0.043162 0.035981
1901 0.423375 0.190113 0.045587 0.035981
3948 0.353298 0.786710 0.029583 0.036305
62 0.206353 0.166288 0.036372 0.036305
4422 0.136033 0.646677 0.059651 0.036305
126 0.207808 0.221232 0.046072 0.036629
58 0.571290 0.625446 0.048497 0.036629
678 0.564500 0.723339 0.054316 0.036629
316 0.353540 0.747002 0.057226 0.036629
278 0.913919 0.353971 0.044132 0.036953
4252 0.637488 0.905348 0.045102 0.036953
1806 0.281280 0.880389 0.048497 0.036953
62 0.712900 0.760130 0.050436 0.036953
308 0.278855 0.184441 0.051406 0.036953
107 0.137730 0.383955 0.031038 0.037277
2590 0.640398 0.864992 0.032493 0.037277
564 0.350388 0.832901 0.044132 0.037277
62 0.357420 0.360616 0.046557 0.037277
68 0.432347 0.258671 0.009214 0.037601
70 0.283220 0.261912 0.035887 0.037601
313 0.280068 0.499838 0.041222 0.037601
788 0.136033 0.117990 0.043162 0.037601
1256 0.356208 0.174230 0.042192 0.037925
111 0.428468 0.613452 0.026673 0.038574
3060 0.277886 0.118476 0.040737 0.038574
4326 0.347963 0.493517 0.047042 0.038574
68 0.208535 0.740681 0.007759 0.038898
3439 0.711203 0.249433 0.037342 0.039222
91 0.138943 0.447326 0.048982 0.039546
3078 0.709748 0.148460 0.055771 0.039546
83 0.638458 0.552836 0.018914 0.039870
1917 0.203443 0.302269 0.040252 0.039870
4118 0.710475 0.327229 0.051406 0.039870
1812 0.640398 0.121880 0.044132 0.040194
1126 0.500485 0.173420 0.045587 0.040194
127 0.138943 0.538088 0.050921 0.040194
4116 0.712173 0.573906 0.042192 0.040519
3294 0.422648 0.779741 0.055771 0.040519
83 0.137730 0.270016 0.022308 0.040843
1823 0.278371 0.219773 0.034918 0.040843
313 0.138700 0.312318 0.042677 0.041167
1126 0.428952 0.713938 0.043162 0.041815
53 0.136518 0.423663 0.016974 0.042139
1126 0.641368 0.596596 0.046072 0.042464
3871 0.634336 0.637601 0.032978 0.042788
3889 0.498545 0.211345 0.036857 0.042788
710 0.351843 0.207780 0.043162 0.042788
3799 0.909311 0.259319 0.054316 0.044084
4326 0.135790 0.800486 0.036857 0.044408
4030 0.566198 0.437763 0.047042 0.044408
68 0.144520 0.715559 0.008729 0.045057
83 0.207808 0.601459 0.022793 0.045057
1208 0.203201 0.256564 0.049467 0.045705
69 0.501212 0.837763 0.022793 0.047002
1297 0.283463 0.410049 0.046072 0.047974
4119 0.144035 0.851053 0.044617 0.048298
1856 0.635063 0.721880 0.046072 0.049919
1129 0.816925 0.409562 0.048982 0.050891
2257 0.825655 0.254781 0.051891 0.051864
1267 0.912706 0.301459 0.064985 0.053160
1879 0.908584 0.166613 0.045102 0.054457
47 0.286130 0.448784 0.030068 0.058023
3365 0.822987 0.312318 0.051406 0.067099
