172 0.951877 0.604554 0.010033 0.007023
88 0.226124 0.241051 0.027127 0.014499
121 0.553698 0.783983 0.032702 0.015632
2689 0.630806 0.172746 0.047938 0.016085
698 0.522297 0.257023 0.030844 0.016991
252 0.547938 0.696420 0.036046 0.018124
252 0.176886 0.686112 0.035674 0.018351
85 0.225195 0.396579 0.016351 0.018804
101 0.126904 0.733575 0.036046 0.019030
121 0.183575 0.786362 0.037161 0.019030
85 0.188406 0.906434 0.014864 0.019937
92 0.550910 0.805505 0.015236 0.020616
297 0.944816 0.575782 0.031587 0.020616
85 0.555741 0.917309 0.018952 0.021749
101 0.162765 0.286362 0.037161 0.022655
52 0.481048 0.284209 0.049424 0.022882
101 0.503344 0.778546 0.036789 0.023335
92 0.180416 0.808790 0.018209 0.023561
698 0.766815 0.214545 0.040505 0.023561
297 0.952434 0.213752 0.040134 0.023788
117 0.228354 0.267671 0.017466 0.025600
119 0.795801 0.684753 0.023411 0.026053
87 0.549424 0.761781 0.018209 0.026507
119 0.481791 0.309470 0.027127 0.027186
4252 0.626719 0.149298 0.042735 0.028092
2689 0.872724 0.207522 0.065032 0.028999
87 0.181717 0.761101 0.019324 0.030131
514 0.182646 0.837222 0.049424 0.030131
109 0.161464 0.259289 0.037533 0.031038
2689 0.728540 0.629248 0.065775 0.031491
119 0.222594 0.296783 0.028242 0.031717
2489 0.224638 0.368487 0.056113 0.031944
52 0.790784 0.654848 0.050539 0.032850
1354 0.218135 0.334051 0.053512 0.034662
2522 0.516722 0.230517 0.049424 0.035569
3794 0.121516 0.698573 0.057971 0.035569
3794 0.500557 0.706275 0.049052 0.036022
725 0.389260 0.163231 0.062059 0.036022
316 0.225009 0.213525 0.063545 0.036022
4008 0.547938 0.729837 0.030844 0.036475
251 0.690450 0.217150 0.060944 0.036928
4132 0.800632 0.716697 0.057599 0.037381
2489 0.393348 0.323403 0.068004 0.037381
1354 0.683575 0.257476 0.053140 0.037834
4132 0.483463 0.342546 0.060944 0.038061
1354 0.551654 0.890689 0.043478 0.039193
3136 0.505760 0.746715 0.029729 0.039873
3794 0.159234 0.216810 0.060572 0.039873
725 0.620587 0.580086 0.062430 0.041006
1354 0.289298 0.227232 0.054627 0.041686
2489 0.626347 0.765745 0.068748 0.041686
1354 0.513935 0.587902 0.057971 0.042592
1296 0.868636 0.171160 0.039019 0.043271
3984 0.567633 0.221001 0.063545 0.043271
4072 0.180602 0.874150 0.066890 0.043271
2489 0.517466 0.639896 0.068004 0.043271
3266 0.953549 0.247734 0.040134 0.043725
1876 0.237272 0.701971 0.051654 0.044178
3984 0.841880 0.627549 0.053883 0.045310
1645 0.572092 0.176144 0.070234 0.045990
2426 0.392048 0.280358 0.068376 0.047349
3785 0.389075 0.205483 0.062430 0.048029
1645 0.845968 0.580539 0.062059 0.048256
4008 0.177815 0.721454 0.033816 0.048709
707 0.558714 0.846058 0.052397 0.048709
3785 0.619287 0.630154 0.073207 0.048709
2426 0.633779 0.719869 0.085842 0.049615
1296 0.728911 0.587336 0.047194 0.050068
3434 0.685805 0.301654 0.065775 0.050068
3266 0.943887 0.642161 0.041620 0.051427
2522 0.762542 0.176371 0.063917 0.052333
68 0.506317 0.817512 0.011520 0.054146
4185 0.400409 0.692456 0.080639 0.054599
68 0.128019 0.771522 0.010033 0.056411
4451 0.394277 0.636044 0.081754 0.057318
2197 0.801375 0.786135 0.061315 0.057997
3464 0.326087 0.689737 0.051654 0.059130
707 0.298588 0.176371 0.062802 0.059583
2197 0.240617 0.645560 0.052397 0.062302
2197 0.826459 0.317852 0.057971 0.067966
1354 0.322742 0.755664 0.048681 0.071817
68 0.162579 0.334277 0.010777 0.073629
