60 0.300348 0.129380 0.029836 0.011980
200 0.851069 0.225666 0.034311 0.012279
101 0.381651 0.828991 0.034311 0.012579
81 0.752362 0.322701 0.026852 0.013477
120 0.421929 0.816412 0.017404 0.014975
64 0.716808 0.254567 0.027350 0.014975
60 0.381154 0.754867 0.026355 0.015873
28 0.289160 0.766846 0.028344 0.015873
698 0.512432 0.475442 0.034311 0.015873
92 0.178518 0.859239 0.043759 0.016173
1002 0.753108 0.364480 0.036300 0.016771
120 0.894083 0.198413 0.019891 0.017071
83 0.719294 0.407457 0.021382 0.017071
83 0.388613 0.898922 0.028344 0.017670
95 0.424664 0.868374 0.035803 0.017670
56 0.402785 0.365079 0.023869 0.017969
83 0.502735 0.245283 0.038787 0.017969
88 0.786425 0.446391 0.033317 0.018269
90 0.304326 0.185834 0.034809 0.018269
126 0.421432 0.840222 0.036300 0.018269
57 0.630035 0.261006 0.038787 0.018269
96 0.428145 0.799790 0.042765 0.018269
126 0.717056 0.331536 0.033814 0.018568
120 0.334162 0.249326 0.020885 0.018868
126 0.752113 0.301737 0.026355 0.018868
65 0.403531 0.133124 0.056191 0.018868
56 0.271507 0.828392 0.018896 0.019167
107 0.303829 0.167116 0.021880 0.019167
91 0.753108 0.387841 0.027350 0.019167
56 0.840129 0.160377 0.021382 0.019467
52 0.397563 0.213687 0.042268 0.019467
52 0.061412 0.215034 0.047240 0.019766
84 0.290403 0.490566 0.052710 0.019766
1083 0.225510 0.134921 0.030333 0.020066
66 0.623073 0.214286 0.030830 0.020066
52 0.178518 0.453279 0.044754 0.020066
103 0.509945 0.135220 0.058180 0.020066
52 0.172302 0.317460 0.047240 0.020365
101 0.290651 0.624738 0.060169 0.020365
78 0.303332 0.145702 0.025858 0.020665
91 0.303829 0.872567 0.029836 0.020665
29 0.736450 0.227014 0.031825 0.020964
77 0.852312 0.471698 0.046743 0.020964
113 0.401044 0.446840 0.061164 0.020964
77 0.854053 0.906409 0.046246 0.021264
107 0.753605 0.256664 0.022377 0.021563
60 0.419443 0.754118 0.032322 0.021563
83 0.510443 0.719976 0.042268 0.021563
77 0.843859 0.300389 0.048732 0.021563
113 0.404276 0.551662 0.062655 0.021563
101 0.179264 0.840072 0.064147 0.021563
127 0.634510 0.641809 0.069617 0.021563
127 0.410492 0.463911 0.070114 0.021563
60 0.754102 0.340371 0.014421 0.021863
132 0.847837 0.206948 0.027847 0.022162
91 0.177772 0.380353 0.040278 0.022162
101 0.844356 0.411500 0.060666 0.022162
66 0.286176 0.715334 0.027350 0.022462
90 0.273496 0.857592 0.031825 0.022462
83 0.507956 0.369422 0.042268 0.022462
132 0.742417 0.620545 0.026852 0.022761
91 0.850572 0.853848 0.039284 0.022761
92 0.850323 0.497754 0.039781 0.022761
55 0.178270 0.790356 0.056191 0.022761
55 0.849080 0.755016 0.060169 0.022761
127 0.071606 0.745732 0.063650 0.022761
111 0.224018 0.160078 0.018399 0.023061
56 0.621581 0.163672 0.022874 0.023061
132 0.072352 0.346661 0.025361 0.023061
85 0.405022 0.597335 0.039284 0.023061
126 0.508454 0.581162 0.048235 0.023061
84 0.512929 0.505690 0.049229 0.023061
126 0.060169 0.482929 0.054699 0.023061
119 0.224764 0.183288 0.016907 0.023360
81 0.405768 0.574124 0.044754 0.023360
91 0.518647 0.805930 0.044754 0.023360
127 0.294132 0.738245 0.059175 0.023360
88 0.506962 0.318808 0.048235 0.023660
127 0.629040 0.488020 0.065639 0.023660
108 0.619841 0.187182 0.019393 0.023959
56 0.288414 0.395627 0.020885 0.023959
66 0.174291 0.622342 0.025361 0.023959
1083 0.304823 0.794549 0.028841 0.023959
52 0.733963 0.643905 0.042765 0.023959
96 0.067877 0.692722 0.054202 0.023959
119 0.382894 0.774933 0.012929 0.024259
168 0.189458 0.674004 0.025858 0.024259
91 0.732471 0.168464 0.043759 0.024259
88 0.064644 0.807278 0.044754 0.024259
55 0.288165 0.646751 0.058180 0.024259
55 0.401293 0.344564 0.060666 0.024259
119 0.305321 0.846062 0.016907 0.024558
166 0.418697 0.723270 0.022874 0.024558
78 0.421183 0.778377 0.024863 0.024558
1083 0.753108 0.411800 0.029339 0.024558
66 0.624068 0.618748 0.030830 0.024558
3735 0.717553 0.359389 0.031825 0.024558
1002 0.305569 0.896676 0.036300 0.024558
126 0.060418 0.185984 0.049229 0.024558
88 0.170811 0.200359 0.050224 0.024558
55 0.623570 0.546271 0.058677 0.024558
113 0.396072 0.191674 0.059175 0.024558
121 0.634262 0.708895 0.082049 0.024558
118 0.846096 0.358640 0.013426 0.024858
119 0.751119 0.279874 0.015415 0.024858
56 0.379165 0.810123 0.023371 0.025157
55 0.173794 0.170111 0.051218 0.025157
55 0.621830 0.136568 0.055196 0.025157
55 0.849577 0.604373 0.057185 0.025157
111 0.304326 0.821054 0.018896 0.025457
118 0.719791 0.303235 0.023371 0.025457
110 0.175535 0.816562 0.036798 0.025457
83 0.062655 0.599730 0.043759 0.025457
126 0.624565 0.860288 0.043759 0.025457
1341 0.510443 0.656035 0.053207 0.025457
56 0.622576 0.517820 0.022874 0.025756
108 0.405022 0.386942 0.024366 0.025756
132 0.748633 0.557652 0.026355 0.025756
66 0.174043 0.259359 0.026852 0.025756
88 0.066634 0.904762 0.035803 0.025756
77 0.296121 0.370770 0.043262 0.025756
84 0.520885 0.897574 0.052213 0.025756
126 0.729736 0.198562 0.054202 0.025756
127 0.187718 0.647200 0.078071 0.025756
118 0.286425 0.420635 0.026852 0.026056
120 0.627051 0.423330 0.031825 0.026056
57 0.069866 0.419437 0.035306 0.026056
88 0.850820 0.656933 0.035803 0.026056
83 0.845351 0.729410 0.037792 0.026056
148 0.852561 0.244235 0.038289 0.026056
55 0.626057 0.735999 0.061661 0.026056
92 0.895823 0.176700 0.023371 0.026355
123 0.403033 0.492063 0.028344 0.026355
74 0.067131 0.721174 0.029836 0.026355
60 0.787668 0.468853 0.017902 0.026655
117 0.510940 0.191824 0.018399 0.026655
60 0.067131 0.545523 0.020885 0.026655
3735 0.272999 0.797544 0.028841 0.026954
51 0.626554 0.396825 0.042765 0.026954
115 0.394083 0.314166 0.048235 0.026954
1214 0.847340 0.630428 0.049727 0.026954
127 0.627548 0.237796 0.065639 0.026954
68 0.513178 0.344414 0.012929 0.027553
78 0.720786 0.276730 0.024366 0.027553
76 0.840627 0.136867 0.032322 0.027553
55 0.063401 0.627433 0.050224 0.027553
127 0.181999 0.286014 0.072601 0.027553
123 0.736450 0.590446 0.033814 0.027853
67 0.407757 0.628781 0.052710 0.027853
68 0.064147 0.572926 0.012929 0.028152
92 0.334908 0.225666 0.025361 0.028452
81 0.419692 0.891435 0.030830 0.028452
562 0.065390 0.843516 0.046246 0.029051
3735 0.627797 0.763702 0.048235 0.029350
90 0.842118 0.385744 0.052213 0.029350
91 0.742914 0.899521 0.036798 0.029650
1579 0.846096 0.880952 0.056191 0.029650
111 0.284933 0.515424 0.033814 0.029949
87 0.852810 0.524109 0.041770 0.029949
107 0.842864 0.274483 0.030830 0.030249
110 0.061909 0.277478 0.041273 0.030249
1579 0.621830 0.332884 0.052213 0.030249
1691 0.511188 0.615454 0.069617 0.030548
88 0.625311 0.363432 0.039284 0.030848
69 0.410492 0.525457 0.051218 0.030848
132 0.413476 0.694519 0.030333 0.031147
81 0.506713 0.220725 0.042765 0.031147
300 0.173545 0.560048 0.044754 0.031147
3735 0.849329 0.822402 0.049727 0.031147
888 0.735704 0.808625 0.056191 0.031147
1083 0.738687 0.772537 0.035306 0.031447
366 0.620835 0.294549 0.062158 0.031447
78 0.402039 0.420186 0.036300 0.032345
69 0.401790 0.163073 0.055694 0.032645
60 0.175286 0.229111 0.024366 0.032944
83 0.272750 0.897574 0.024366 0.032944
111 0.734958 0.139862 0.024863 0.032944
1282 0.844605 0.329739 0.054202 0.032944
68 0.507708 0.161875 0.045748 0.033243
87 0.064147 0.778826 0.037792 0.033842
90 0.287171 0.597634 0.043262 0.033842
87 0.179264 0.592692 0.050224 0.034142
268 0.058926 0.452531 0.059175 0.034142
2522 0.509199 0.442947 0.060666 0.034142
68 0.521631 0.686134 0.012929 0.034741
3868 0.509945 0.404313 0.051218 0.034741
3334 0.737693 0.738844 0.061164 0.034741
1489 0.178021 0.712040 0.051716 0.035040
1607 0.626057 0.895627 0.053705 0.035040
4079 0.062407 0.663223 0.059175 0.035040
107 0.399801 0.660377 0.038787 0.035340
4451 0.516907 0.853848 0.056191 0.035340
45 0.302834 0.237945 0.036798 0.035639
51 0.626554 0.678796 0.042765 0.035639
3936 0.511934 0.759359 0.054202 0.035639
3231 0.065888 0.515873 0.058180 0.035639
1579 0.846345 0.443246 0.050721 0.035939
1174 0.182496 0.894429 0.049727 0.036238
126 0.180010 0.527254 0.054699 0.036238
68 0.384883 0.858341 0.007956 0.037137
1831 0.286176 0.454328 0.053207 0.037137
107 0.734709 0.523061 0.037295 0.037436
79 0.072849 0.244235 0.047240 0.037436
79 0.182248 0.346361 0.047240 0.037436
3334 0.512432 0.545223 0.061164 0.037436
107 0.397563 0.243786 0.031328 0.037736
45 0.857036 0.194370 0.037295 0.037736
523 0.627548 0.581611 0.058677 0.037736
273 0.736947 0.855496 0.022874 0.038035
118 0.069368 0.314016 0.034311 0.038035
78 0.399055 0.281671 0.036300 0.038035
2822 0.287916 0.682689 0.057683 0.038035
111 0.622824 0.457023 0.025361 0.038335
2682 0.063899 0.384846 0.058180 0.038335
296 0.180010 0.489817 0.032819 0.038634
1476 0.180507 0.417640 0.053705 0.038634
1193 0.848831 0.697065 0.056688 0.038634
45 0.187718 0.147649 0.041273 0.038934
3338 0.851318 0.787062 0.051716 0.038934
365 0.177524 0.751423 0.059672 0.038934
45 0.747389 0.462863 0.038787 0.039233
322 0.849329 0.564391 0.057683 0.039233
67 0.736947 0.483977 0.043759 0.040731
3175 0.062407 0.147050 0.045251 0.041330
47 0.078568 0.871069 0.032819 0.041629
3231 0.288165 0.556155 0.058180 0.042528
828 0.289160 0.283019 0.060169 0.043726
2948 0.506962 0.282120 0.057185 0.045523
224 0.291895 0.334382 0.051716 0.047619
2938 0.626803 0.813567 0.059175 0.053609
47 0.742417 0.681791 0.036798 0.054208
