101 0.841964 0.714309 0.051295 0.012625
92 0.700782 0.706863 0.036639 0.013920
56 0.485344 0.509064 0.018075 0.015215
101 0.342208 0.222564 0.059111 0.015215
102 0.267953 0.154419 0.061065 0.016186
92 0.631168 0.777922 0.038105 0.016834
92 0.841964 0.487860 0.040547 0.016834
128 0.564240 0.883296 0.009770 0.017158
92 0.271617 0.560699 0.039082 0.017481
101 0.137274 0.724021 0.044944 0.017805
92 0.340498 0.529459 0.043967 0.018453
56 0.264289 0.168177 0.018564 0.019100
57 0.204201 0.771285 0.035173 0.019100
57 0.633366 0.649563 0.035662 0.019100
126 0.274304 0.725963 0.046409 0.019100
57 0.414265 0.379573 0.029311 0.019747
120 0.911578 0.164940 0.019541 0.020395
1006 0.701759 0.567336 0.053249 0.020395
110 0.911089 0.538362 0.032242 0.020719
1810 0.129213 0.616219 0.026869 0.021042
87 0.562286 0.800421 0.046898 0.021042
120 0.914509 0.834898 0.018564 0.021366
52 0.626771 0.435092 0.038105 0.021366
92 0.409868 0.255099 0.042013 0.022014
64 0.482169 0.238427 0.027357 0.022337
113 0.555691 0.270152 0.049340 0.022337
57 0.703957 0.542894 0.031265 0.022661
126 0.846849 0.832632 0.047386 0.022661
88 0.413043 0.605050 0.041524 0.023309
126 0.771128 0.511492 0.054226 0.023309
120 0.132877 0.870346 0.016610 0.023632
88 0.694919 0.196989 0.040547 0.023632
91 0.772350 0.644221 0.038105 0.023956
126 0.911822 0.416963 0.046409 0.023956
89 0.418173 0.577209 0.046898 0.023956
120 0.344406 0.610230 0.016610 0.024603
56 0.414265 0.181936 0.019541 0.024603
120 0.348803 0.752347 0.019541 0.024603
72 0.554714 0.115571 0.037616 0.024603
87 0.703713 0.835869 0.040547 0.024603
111 0.267709 0.318064 0.023449 0.024927
56 0.130435 0.671577 0.045921 0.024927
88 0.486077 0.691810 0.018564 0.025251
76 0.483390 0.529298 0.032731 0.025251
91 0.556913 0.354807 0.041036 0.025251
126 0.626038 0.115248 0.047386 0.025251
126 0.905716 0.684364 0.047875 0.025251
120 0.274060 0.868080 0.020518 0.025575
120 0.627748 0.519586 0.018564 0.025898
120 0.195652 0.334412 0.020029 0.025898
66 0.636297 0.908708 0.022960 0.025898
111 0.349047 0.910651 0.028823 0.025898
110 0.340010 0.150210 0.036150 0.025898
126 0.768442 0.280026 0.046898 0.025898
118 0.415975 0.701036 0.018075 0.026222
56 0.557157 0.646002 0.020029 0.026222
70 0.561798 0.527517 0.040059 0.026222
120 0.768197 0.743606 0.021006 0.026546
88 0.563508 0.909680 0.025892 0.026546
88 0.191255 0.196989 0.018075 0.026870
120 0.126527 0.308352 0.021495 0.026870
66 0.629702 0.492230 0.028334 0.026870
87 0.127504 0.281483 0.041036 0.026870
91 0.127504 0.408708 0.042990 0.026870
68 0.275037 0.786177 0.047875 0.026870
88 0.415242 0.797022 0.021495 0.027193
88 0.555936 0.493040 0.022472 0.027193
64 0.559844 0.861120 0.042013 0.027193
81 0.912066 0.808028 0.044944 0.027193
85 0.627748 0.409032 0.019541 0.027517
88 0.345383 0.380868 0.026380 0.027517
252 0.767220 0.716575 0.036639 0.027517
91 0.265755 0.344286 0.042013 0.027517
87 0.414998 0.157494 0.044455 0.027517
1259 0.768197 0.377630 0.050318 0.027517
60 0.554714 0.584008 0.016121 0.027841
4652 0.697118 0.334736 0.042013 0.027841
126 0.484123 0.408546 0.046898 0.027841
120 0.702980 0.513273 0.016610 0.028164
88 0.844406 0.268210 0.021983 0.028164
126 0.419150 0.907899 0.043967 0.028164
98 0.624328 0.460829 0.049829 0.028164
1406 0.844895 0.769505 0.041524 0.028488
76 0.909380 0.716413 0.042501 0.028488
107 0.913288 0.775979 0.042501 0.028488
56 0.337567 0.247006 0.048852 0.028488
92 0.482902 0.758983 0.017098 0.028812
1083 0.914509 0.308676 0.028334 0.028812
95 0.482413 0.153933 0.039570 0.028812
545 0.765999 0.204111 0.045921 0.028812
89 0.557890 0.215766 0.051783 0.028812
51 0.913043 0.483975 0.041036 0.029136
75 0.137518 0.697961 0.042501 0.029136
68 0.350757 0.178213 0.007816 0.029459
85 0.199805 0.668987 0.020518 0.029459
126 0.837811 0.652800 0.039082 0.029459
88 0.767953 0.770314 0.042990 0.029459
111 0.918417 0.909356 0.025403 0.029783
51 0.343185 0.583037 0.037616 0.029783
87 0.344406 0.725154 0.038105 0.029783
64 0.268442 0.402072 0.041524 0.029783
85 0.347338 0.882648 0.014656 0.030107
111 0.199072 0.698770 0.026869 0.030107
702 0.553004 0.295403 0.043967 0.030107
4119 0.912066 0.383134 0.044944 0.030107
2218 0.272106 0.530754 0.044944 0.030107
3778 0.770151 0.481547 0.046409 0.030107
118 0.485833 0.557138 0.011236 0.030431
118 0.413043 0.551311 0.013190 0.030431
56 0.414509 0.520881 0.027846 0.030431
83 0.839033 0.738427 0.036639 0.030431
76 0.272106 0.840725 0.037128 0.030431
545 0.698095 0.645840 0.045921 0.030431
1809 0.414998 0.763678 0.057157 0.030431
91 0.557890 0.419553 0.060576 0.030431
91 0.633854 0.710910 0.061065 0.030431
91 0.633122 0.839430 0.061553 0.030431
92 0.696629 0.222240 0.022472 0.030754
77 0.561309 0.556005 0.043967 0.030754
88 0.699805 0.777436 0.045432 0.030754
2151 0.484612 0.331013 0.045921 0.030754
88 0.271861 0.462447 0.052272 0.030754
88 0.551783 0.243444 0.017098 0.031078
117 0.770884 0.831013 0.018564 0.031078
85 0.197118 0.405633 0.021006 0.031078
123 0.132389 0.813532 0.022472 0.031078
1259 0.910845 0.270314 0.041524 0.031078
55 0.484612 0.210100 0.046898 0.031078
321 0.344162 0.557786 0.052272 0.031078
2822 0.552760 0.324377 0.053249 0.031078
118 0.260870 0.193428 0.016610 0.031402
119 0.348559 0.859663 0.028823 0.031402
2489 0.839521 0.622693 0.041524 0.031402
88 0.207132 0.908870 0.050806 0.031402
71 0.490718 0.789090 0.057157 0.031402
92 0.554470 0.185497 0.022472 0.031725
83 0.907914 0.234380 0.031754 0.031725
1083 0.772350 0.413079 0.034196 0.031725
4119 0.410112 0.314665 0.048363 0.031725
983 0.628481 0.618323 0.051295 0.031725
92 0.769419 0.539171 0.023449 0.032049
3936 0.338300 0.306734 0.039570 0.032049
91 0.626038 0.259469 0.046409 0.032049
109 0.200537 0.637585 0.048363 0.032049
96 0.777723 0.862577 0.049829 0.032049
381 0.839277 0.684849 0.050806 0.032049
111 0.559355 0.769181 0.027357 0.032373
119 0.275769 0.815798 0.028823 0.032373
1406 0.904739 0.613467 0.038105 0.032373
59 0.344895 0.459696 0.044944 0.032373
88 0.484856 0.488508 0.050318 0.032373
126 0.127259 0.642927 0.052272 0.032373
119 0.771128 0.571544 0.025892 0.032697
738 0.697362 0.481871 0.058134 0.032697
99 0.133854 0.844772 0.063508 0.032697
85 0.267220 0.239883 0.018564 0.033020
657 0.773083 0.315312 0.036639 0.033020
55 0.771861 0.797993 0.042013 0.033020
91 0.122618 0.203949 0.046898 0.033020
92 0.197118 0.797507 0.026869 0.033344
83 0.908647 0.742473 0.035173 0.033344
93 0.564729 0.616219 0.039082 0.033344
110 0.416463 0.733409 0.039570 0.033344
51 0.413288 0.671253 0.041036 0.033344
1406 0.628725 0.289900 0.043967 0.033344
71 0.270640 0.216737 0.056668 0.033344
119 0.414753 0.211072 0.022472 0.033668
111 0.270884 0.751700 0.025892 0.033668
718 0.694919 0.119780 0.032731 0.033668
91 0.491451 0.907413 0.048852 0.033668
83 0.191011 0.227420 0.033219 0.033992
91 0.697851 0.301878 0.041524 0.033992
120 0.843918 0.420686 0.042501 0.033992
1870 0.487543 0.661541 0.046898 0.033992
2783 0.419394 0.874231 0.048363 0.033992
91 0.276991 0.617514 0.062531 0.033992
111 0.127748 0.586598 0.022960 0.034315
83 0.136541 0.747167 0.023937 0.034315
119 0.557645 0.676271 0.024915 0.034315
1894 0.269419 0.655228 0.030777 0.034315
70 0.843429 0.395921 0.037616 0.034315
81 0.914753 0.513111 0.041524 0.034315
126 0.485344 0.181936 0.047386 0.034315
98 0.768197 0.348980 0.047386 0.034315
91 0.841964 0.553901 0.047386 0.034315
2794 0.409380 0.283263 0.047875 0.034315
98 0.481925 0.589511 0.048363 0.034315
3028 0.338788 0.119780 0.053249 0.034315
2633 0.481436 0.122208 0.045432 0.034639
1392 0.129946 0.783263 0.051783 0.034639
91 0.559844 0.702331 0.057645 0.034639
85 0.268930 0.429589 0.016121 0.034963
93 0.198339 0.516025 0.037128 0.034963
2320 0.907181 0.650696 0.041036 0.034963
75 0.418906 0.634348 0.032731 0.035287
718 0.772594 0.121237 0.034685 0.035287
83 0.484612 0.297669 0.042013 0.035287
2794 0.908891 0.344934 0.048363 0.035287
446 0.626527 0.183716 0.049340 0.035287
88 0.627992 0.550178 0.050318 0.035287
91 0.417929 0.451117 0.055203 0.035287
53 0.336590 0.198770 0.021495 0.035610
704 0.911334 0.449984 0.033708 0.035610
83 0.126771 0.474264 0.035662 0.035610
1406 0.488764 0.817417 0.038593 0.035610
1893 0.270640 0.694076 0.042013 0.035610
104 0.126282 0.375850 0.044455 0.035610
2633 0.483635 0.726125 0.046898 0.035610
126 0.268442 0.372289 0.047386 0.035610
68 0.485344 0.267562 0.015144 0.035934
51 0.194431 0.303496 0.045921 0.035934
2794 0.769419 0.450469 0.049829 0.035934
68 0.562286 0.826805 0.009770 0.036258
2320 0.843918 0.799612 0.044455 0.036258
1373 0.844162 0.194885 0.045921 0.036258
1560 0.125794 0.512464 0.050318 0.036258
2255 0.191255 0.161217 0.051295 0.036258
68 0.701026 0.865814 0.009770 0.036581
4397 0.698339 0.803011 0.032731 0.036581
91 0.339033 0.272418 0.042990 0.036581
2784 0.840010 0.234542 0.051295 0.036581
2826 0.627992 0.375364 0.052272 0.036581
316 0.845628 0.458563 0.060576 0.036581
119 0.852223 0.902881 0.024915 0.036905
718 0.625794 0.149887 0.036150 0.036905
990 0.852711 0.865976 0.036639 0.036905
91 0.192721 0.121399 0.038593 0.036905
373 0.120420 0.119132 0.049340 0.036905
316 0.280166 0.901263 0.063019 0.036905
58 0.701026 0.675138 0.025403 0.037229
2489 0.129946 0.904014 0.058622 0.037229
87 0.346361 0.825186 0.032242 0.037553
1831 0.706888 0.903205 0.045921 0.037553
2917 0.411089 0.346876 0.033708 0.037876
492 0.128481 0.550502 0.043967 0.037876
1352 0.271128 0.587245 0.024426 0.038200
296 0.633366 0.745872 0.036639 0.038200
4397 0.408647 0.121237 0.035662 0.038524
74 0.919150 0.870670 0.048363 0.038524
62 0.197362 0.480576 0.048852 0.038524
1126 0.629702 0.680155 0.043967 0.038848
2320 0.773571 0.609259 0.051295 0.038848
3553 0.556424 0.386371 0.034196 0.039171
730 0.199316 0.601327 0.039082 0.039171
1126 0.194675 0.369861 0.040547 0.039171
91 0.701514 0.449174 0.062531 0.039171
69 0.207377 0.834251 0.029800 0.039495
4168 0.701270 0.739074 0.051295 0.039495
1680 0.191744 0.268048 0.057157 0.039495
126 0.125794 0.341696 0.047386 0.039819
3192 0.121886 0.442538 0.048363 0.040142
83 0.907670 0.575753 0.019541 0.040466
1823 0.265755 0.122532 0.036150 0.040466
4168 0.693698 0.261735 0.043967 0.040466
2221 0.773571 0.679346 0.051295 0.040466
2293 0.414509 0.482680 0.045432 0.040790
2826 0.842941 0.587731 0.052272 0.041114
3090 0.341720 0.344610 0.055203 0.041114
1126 0.345383 0.644221 0.043967 0.041437
1055 0.116512 0.165102 0.049340 0.041437
4708 0.121641 0.243121 0.051783 0.041437
2795 0.633122 0.805924 0.047875 0.041761
3053 0.552760 0.151505 0.047386 0.042085
1774 0.841964 0.516025 0.055203 0.042085
2787 0.629946 0.872612 0.045432 0.042409
2621 0.343674 0.691810 0.036639 0.042732
85 0.913288 0.200388 0.037616 0.042732
1598 0.197851 0.736161 0.043967 0.042732
2799 0.767220 0.243768 0.050318 0.042732
83 0.342452 0.497410 0.017587 0.043056
83 0.776014 0.902072 0.024915 0.043056
4484 0.628481 0.581580 0.045432 0.043056
3190 0.415730 0.832146 0.047875 0.043056
908 0.342208 0.786177 0.056180 0.043056
4397 0.695896 0.374555 0.031754 0.043380
3192 0.266976 0.283749 0.040547 0.043703
1018 0.486077 0.444319 0.049829 0.043703
2799 0.483879 0.371156 0.050318 0.043703
2249 0.627015 0.219489 0.047386 0.044027
3192 0.194431 0.446908 0.043967 0.044351
322 0.201514 0.557300 0.046409 0.044351
957 0.558378 0.733733 0.047875 0.044351
4168 0.488031 0.863548 0.052760 0.044351
2799 0.694431 0.161865 0.047386 0.044675
4168 0.628236 0.330528 0.050806 0.044675
2799 0.766976 0.166559 0.049829 0.044998
68 0.698828 0.601651 0.011236 0.045646
2787 0.843185 0.305115 0.042990 0.045646
2484 0.699805 0.412269 0.045432 0.045646
1018 0.484856 0.618647 0.056180 0.045970
303 0.269419 0.492392 0.050318 0.046617
3796 0.840987 0.352541 0.048363 0.047264
3112 0.340987 0.419715 0.054714 0.047588
697 0.556913 0.452897 0.044944 0.048559
2787 0.907181 0.130301 0.042990 0.048883
3984 0.411822 0.413079 0.035173 0.049207
68 0.412555 0.215927 0.051295 0.051797
47 0.841720 0.140013 0.032242 0.067012
