246 0.226249 0.302899 0.045054 0.003701
128 0.396915 0.236120 0.012243 0.008945
101 0.222821 0.880938 0.045054 0.009254
92 0.906219 0.194016 0.026934 0.009870
128 0.741920 0.596083 0.007835 0.010179
92 0.309500 0.361043 0.030362 0.010179
92 0.739716 0.728563 0.028893 0.011104
93 0.145690 0.223936 0.043585 0.011104
92 0.315867 0.911012 0.034280 0.011413
92 0.059500 0.819710 0.035749 0.011413
101 0.479432 0.185842 0.042116 0.011413
128 0.566846 0.314621 0.010284 0.011721
92 0.906219 0.232881 0.027914 0.011721
56 0.143242 0.846391 0.013222 0.012338
92 0.307786 0.719772 0.030852 0.012647
92 0.138590 0.651912 0.034280 0.012647
1415 0.140793 0.737970 0.050441 0.012647
102 0.402791 0.852097 0.050441 0.012647
120 0.823213 0.244911 0.016650 0.013572
64 0.138345 0.239513 0.027914 0.013880
64 0.655485 0.180290 0.028893 0.013880
91 0.224290 0.350093 0.031342 0.014189
297 0.909158 0.786552 0.046523 0.014189
101 0.226983 0.267273 0.039667 0.014497
120 0.820274 0.163479 0.016650 0.014806
62 0.222576 0.672116 0.023017 0.014806
92 0.567826 0.142196 0.030852 0.014806
113 0.306562 0.170265 0.043095 0.014806
56 0.480656 0.554442 0.017140 0.015114
64 0.908178 0.417798 0.033790 0.015114
57 0.918707 0.502159 0.031342 0.015423
91 0.658913 0.826650 0.032811 0.015423
102 0.826885 0.259099 0.042605 0.015423
68 0.224045 0.889729 0.005387 0.015731
91 0.137120 0.328347 0.031342 0.015731
91 0.739471 0.800278 0.035260 0.015731
102 0.224535 0.660549 0.049461 0.015731
56 0.566357 0.632326 0.020078 0.016039
57 0.661606 0.400679 0.025465 0.016039
85 0.738492 0.235965 0.028404 0.016039
91 0.909647 0.436151 0.033790 0.016039
57 0.833007 0.761567 0.035260 0.016039
93 0.314643 0.795188 0.041626 0.016039
93 0.405240 0.271129 0.044564 0.016039
68 0.909892 0.884793 0.004897 0.016348
56 0.737512 0.313233 0.018609 0.016348
120 0.307297 0.505706 0.022037 0.016348
56 0.824192 0.484732 0.022527 0.016348
120 0.056317 0.609963 0.022527 0.016348
91 0.482125 0.908853 0.030852 0.016348
91 0.055583 0.515885 0.032811 0.016348
98 0.305093 0.292875 0.046033 0.016348
120 0.134672 0.417952 0.020568 0.016656
85 0.655485 0.163788 0.025955 0.016656
91 0.654750 0.383714 0.032321 0.016656
57 0.916748 0.590993 0.037218 0.016656
56 0.223310 0.866440 0.037218 0.016656
88 0.063908 0.856570 0.039667 0.016656
52 0.307542 0.582665 0.041136 0.016656
1415 0.825416 0.312770 0.043585 0.016656
120 0.821499 0.414096 0.021058 0.016965
88 0.480167 0.693553 0.025955 0.016965
91 0.906464 0.266039 0.030362 0.016965
56 0.392507 0.223473 0.044564 0.016965
68 0.738492 0.142813 0.005877 0.017273
51 0.821009 0.148365 0.026934 0.017273
58 0.398874 0.865824 0.040646 0.017273
93 0.573213 0.648674 0.041626 0.017273
88 0.658668 0.904997 0.042116 0.017273
102 0.308521 0.523442 0.050930 0.017273
55 0.654505 0.364436 0.041626 0.017582
98 0.392997 0.582819 0.044564 0.017582
120 0.569785 0.161320 0.017140 0.017890
88 0.905485 0.150216 0.021548 0.017890
83 0.224290 0.177977 0.029383 0.017890
91 0.224045 0.777606 0.035749 0.017890
1214 0.139079 0.307835 0.042116 0.017890
85 0.222821 0.714528 0.019589 0.018199
83 0.477473 0.795342 0.032321 0.018199
88 0.654505 0.623843 0.039667 0.018199
126 0.738492 0.215762 0.040157 0.018199
93 0.744123 0.327113 0.048482 0.018199
72 0.652057 0.672733 0.033790 0.018507
91 0.139814 0.259716 0.034770 0.018507
251 0.137855 0.486737 0.036729 0.018507
72 0.734084 0.275756 0.037218 0.018507
88 0.306317 0.678902 0.037708 0.018507
88 0.908668 0.765577 0.037708 0.018507
85 0.227228 0.225941 0.024486 0.018816
88 0.820274 0.198489 0.026445 0.018816
91 0.396670 0.603486 0.031342 0.018816
88 0.821988 0.664250 0.038688 0.018816
126 0.223555 0.848088 0.038688 0.018816
126 0.138834 0.907619 0.039667 0.018816
302 0.058766 0.716379 0.046033 0.018816
121 0.481146 0.774985 0.052400 0.018816
108 0.734329 0.347625 0.020078 0.019124
56 0.307297 0.780691 0.021058 0.019124
62 0.908913 0.630783 0.034280 0.019124
52 0.305828 0.702344 0.036729 0.019124
72 0.302400 0.739667 0.038688 0.019124
121 0.911361 0.693708 0.059745 0.019124
68 0.738492 0.518044 0.005877 0.019432
68 0.308521 0.536243 0.007835 0.019432
68 0.481881 0.459130 0.010774 0.019432
60 0.136876 0.718229 0.017140 0.019432
85 0.395446 0.140808 0.024976 0.019432
88 0.222576 0.398365 0.024976 0.019432
88 0.053869 0.256786 0.025465 0.019432
110 0.740206 0.890654 0.026934 0.019432
76 0.908178 0.610271 0.029873 0.019432
126 0.568071 0.697872 0.036239 0.019432
72 0.822478 0.779611 0.039667 0.019432
126 0.734819 0.844386 0.044564 0.019432
316 0.823457 0.180907 0.048482 0.019432
2542 0.656219 0.120142 0.050930 0.019432
88 0.307786 0.457742 0.023996 0.019741
108 0.062684 0.906539 0.025465 0.019741
110 0.566601 0.587909 0.032321 0.019741
88 0.652791 0.487353 0.035260 0.019741
253 0.652791 0.142505 0.036239 0.019741
126 0.905730 0.317397 0.039667 0.019741
126 0.908913 0.837754 0.041136 0.019741
68 0.822723 0.271900 0.004897 0.020049
74 0.223066 0.756477 0.023017 0.020049
88 0.394466 0.400524 0.024976 0.020049
66 0.563173 0.355490 0.025465 0.020049
111 0.139079 0.861968 0.032321 0.020049
2595 0.739226 0.777144 0.034770 0.020049
1435 0.226249 0.246607 0.036239 0.020049
88 0.826641 0.826188 0.036239 0.020049
56 0.735309 0.585904 0.036729 0.020049
83 0.741920 0.908544 0.037218 0.020049
88 0.478697 0.438772 0.038688 0.020049
3731 0.312194 0.892196 0.042605 0.020049
2542 0.657689 0.291333 0.044074 0.020049
127 0.909647 0.650062 0.048482 0.020049
60 0.906464 0.519124 0.015671 0.020358
117 0.222086 0.530228 0.020078 0.020358
108 0.398629 0.623381 0.022527 0.020358
85 0.567336 0.846083 0.024976 0.020358
88 0.394221 0.321715 0.026445 0.020358
76 0.135651 0.398519 0.026445 0.020358
88 0.570519 0.780382 0.029383 0.020358
89 0.394956 0.205120 0.041626 0.020358
1173 0.059500 0.692474 0.044564 0.020358
121 0.659158 0.198026 0.050930 0.020358
68 0.741675 0.295342 0.007346 0.020666
119 0.396670 0.184608 0.020568 0.020666
95 0.909158 0.368137 0.037708 0.020666
1214 0.478697 0.119525 0.039667 0.020666
86 0.233595 0.283621 0.041136 0.020666
72 0.561949 0.380783 0.042605 0.020666
68 0.310970 0.759099 0.008815 0.020975
66 0.139569 0.178285 0.024486 0.020975
83 0.907689 0.907773 0.031832 0.020975
126 0.480411 0.254473 0.040157 0.020975
126 0.654505 0.343615 0.040646 0.020975
68 0.660137 0.507866 0.007835 0.021283
741 0.310725 0.845312 0.029873 0.021283
83 0.219882 0.736428 0.032321 0.021283
126 0.825416 0.906076 0.041626 0.021283
113 0.397405 0.750617 0.043585 0.021283
56 0.567091 0.121993 0.044074 0.021283
119 0.739226 0.613510 0.020078 0.021592
85 0.309990 0.558297 0.025465 0.021592
121 0.140304 0.205429 0.027914 0.021592
62 0.740695 0.539790 0.034770 0.021592
3731 0.138100 0.465145 0.045054 0.021592
119 0.739716 0.561536 0.021058 0.021900
62 0.481391 0.574183 0.032321 0.021900
110 0.065132 0.153146 0.035260 0.021900
978 0.141528 0.539328 0.041136 0.021900
2151 0.394956 0.645743 0.047502 0.021900
83 0.138834 0.805367 0.030852 0.022209
1296 0.479432 0.865207 0.039177 0.022209
91 0.655975 0.721468 0.039667 0.022209
258 0.905975 0.716225 0.041136 0.022209
264 0.395935 0.347008 0.042605 0.022209
316 0.482370 0.673658 0.048972 0.022209
127 0.399853 0.508637 0.049461 0.022209
123 0.905975 0.672270 0.019589 0.022517
60 0.480656 0.621684 0.020078 0.022517
85 0.825906 0.534392 0.024976 0.022517
83 0.225024 0.911012 0.036729 0.022517
95 0.480411 0.536243 0.037218 0.022517
62 0.654505 0.266194 0.024976 0.022825
85 0.309011 0.603640 0.026445 0.022825
273 0.139324 0.374460 0.030852 0.022825
596 0.139324 0.669957 0.034770 0.022825
86 0.071499 0.178285 0.037218 0.022825
118 0.734574 0.258174 0.037218 0.022825
68 0.480656 0.304287 0.007346 0.023134
87 0.392997 0.163017 0.028893 0.023134
126 0.655975 0.218229 0.034770 0.023134
1296 0.479922 0.140808 0.036239 0.023134
254 0.479187 0.383251 0.042605 0.023134
119 0.308521 0.147748 0.018609 0.023442
76 0.054358 0.589759 0.027424 0.023442
78 0.908913 0.569402 0.032321 0.023442
126 0.567336 0.535163 0.037708 0.023442
68 0.142752 0.826650 0.038688 0.023442
273 0.395201 0.118445 0.041136 0.023442
1102 0.138834 0.440777 0.044564 0.023442
3663 0.822478 0.687230 0.045544 0.023442
2782 0.568805 0.804287 0.037708 0.023751
1435 0.479677 0.511258 0.041626 0.023751
3282 0.310235 0.221314 0.044564 0.023751
60 0.139814 0.784084 0.017140 0.024059
118 0.224290 0.448797 0.024486 0.024059
117 0.306317 0.482727 0.024976 0.024059
85 0.396180 0.533313 0.026445 0.024059
74 0.652057 0.697409 0.030852 0.024059
126 0.825661 0.336521 0.037218 0.024059
121 0.396915 0.251388 0.049461 0.024059
4118 0.477228 0.887107 0.049461 0.024059
1931 0.565132 0.214065 0.049951 0.024059
316 0.907933 0.249537 0.050930 0.024059
117 0.309990 0.120759 0.017630 0.024368
83 0.562929 0.872147 0.020078 0.024368
110 0.565132 0.331740 0.030362 0.024368
273 0.056562 0.564929 0.040646 0.024368
512 0.655730 0.647594 0.043095 0.024368
564 0.060970 0.837909 0.045544 0.024368
2423 0.310725 0.630321 0.046523 0.024368
71 0.915034 0.212369 0.052400 0.024368
85 0.738002 0.469772 0.028404 0.024676
111 0.061949 0.202036 0.030852 0.024676
51 0.221841 0.424738 0.038198 0.024676
71 0.829824 0.392659 0.038688 0.024676
126 0.569785 0.267428 0.041626 0.024676
629 0.481146 0.357187 0.041626 0.024676
1799 0.396670 0.908390 0.044074 0.024676
127 0.569295 0.828501 0.052400 0.024676
83 0.735064 0.166101 0.021548 0.024985
121 0.222821 0.692320 0.028404 0.024985
117 0.392507 0.700031 0.029873 0.024985
741 0.058031 0.668569 0.033790 0.024985
68 0.311459 0.249075 0.036239 0.024985
4039 0.220617 0.578192 0.045544 0.024985
2783 0.310235 0.656539 0.055338 0.024985
121 0.822968 0.508328 0.032811 0.025293
721 0.653771 0.241826 0.035260 0.025293
2208 0.055338 0.338371 0.036239 0.025293
87 0.826885 0.463603 0.037708 0.025293
398 0.905730 0.542258 0.048482 0.025293
2508 0.478452 0.841764 0.049951 0.025293
68 0.567826 0.609963 0.007346 0.025601
119 0.395201 0.726866 0.020568 0.025601
126 0.823702 0.712986 0.033301 0.025601
62 0.143732 0.122918 0.037708 0.025601
2805 0.739716 0.190777 0.047502 0.025601
83 0.054114 0.309994 0.018119 0.025910
119 0.221841 0.553979 0.022527 0.025910
70 0.395690 0.832819 0.027424 0.025910
87 0.478697 0.599013 0.033790 0.025910
87 0.737023 0.374769 0.041136 0.025910
448 0.732860 0.122764 0.043585 0.025910
3282 0.057052 0.280382 0.045544 0.025910
710 0.302644 0.341456 0.047013 0.025910
1685 0.475269 0.715608 0.048482 0.025910
1005 0.394711 0.427205 0.048972 0.025910
1685 0.396670 0.774522 0.052889 0.025910
2059 0.560725 0.560148 0.056807 0.025910
3053 0.307542 0.271900 0.029383 0.026218
629 0.740695 0.706200 0.039667 0.026218
1411 0.819785 0.123843 0.042116 0.026218
1400 0.906219 0.174121 0.043585 0.026218
981 0.142262 0.564004 0.044564 0.026218
401 0.058521 0.771283 0.049461 0.026218
70 0.567826 0.292412 0.023996 0.026527
683 0.056562 0.431832 0.047502 0.026527
1715 0.904505 0.742443 0.047992 0.026527
71 0.229187 0.472702 0.040157 0.026835
1435 0.396425 0.558452 0.040646 0.026835
505 0.397160 0.883868 0.044074 0.026835
4116 0.061214 0.741055 0.048972 0.026835
70 0.224045 0.639420 0.023996 0.027144
119 0.141283 0.151141 0.029873 0.027144
126 0.394956 0.454349 0.032811 0.027144
985 0.908178 0.341764 0.033790 0.027144
1005 0.064887 0.124614 0.051420 0.027144
87 0.056562 0.395281 0.032811 0.027452
87 0.910627 0.482572 0.035749 0.027452
4132 0.827865 0.850247 0.041626 0.027452
4467 0.137120 0.281771 0.044074 0.027452
376 0.478697 0.202498 0.046523 0.027452
2191 0.066601 0.230259 0.047013 0.027452
1102 0.312684 0.868445 0.048482 0.027452
4072 0.061949 0.882017 0.051420 0.027452
742 0.226494 0.123381 0.035749 0.027761
3175 0.222576 0.823566 0.042605 0.027761
1887 0.223800 0.324800 0.043095 0.027761
1466 0.140304 0.760333 0.044564 0.027761
1357 0.656464 0.806601 0.049461 0.027761
903 0.739226 0.822023 0.054358 0.027761
376 0.225514 0.799815 0.055338 0.027761
1280 0.563908 0.239821 0.039667 0.028069
579 0.137365 0.696329 0.044564 0.028069
1019 0.656954 0.880475 0.046523 0.028069
1256 0.305828 0.316317 0.049461 0.028069
903 0.910137 0.459747 0.050441 0.028069
2210 0.828110 0.741826 0.047992 0.028378
1934 0.228452 0.152684 0.048482 0.028378
83 0.478208 0.484115 0.022037 0.028686
1296 0.056317 0.458513 0.035260 0.028686
1886 0.904750 0.290407 0.042605 0.028686
3051 0.392752 0.483806 0.044074 0.028686
4252 0.477963 0.818785 0.046033 0.028686
68 0.742899 0.617057 0.048972 0.028686
83 0.824927 0.566317 0.023996 0.028994
4118 0.569050 0.756015 0.044074 0.028994
1831 0.223800 0.503393 0.045054 0.028994
486 0.656954 0.779766 0.045544 0.028994
4720 0.309011 0.816163 0.050930 0.028994
4116 0.138590 0.512184 0.031342 0.029303
3832 0.142752 0.882943 0.043585 0.029303
4412 0.907689 0.862893 0.045544 0.029303
4090 0.479922 0.279611 0.047013 0.029303
1799 0.393487 0.671962 0.047502 0.029303
2794 0.738981 0.493985 0.049951 0.029303
83 0.907199 0.393893 0.020078 0.029611
83 0.653771 0.534855 0.025465 0.029611
3855 0.820029 0.223319 0.044564 0.029611
681 0.398139 0.805521 0.040157 0.029920
1871 0.824927 0.637724 0.040646 0.029920
4164 0.820029 0.295034 0.044564 0.029920
4720 0.057052 0.636181 0.051420 0.029920
726 0.392997 0.373226 0.036729 0.030228
1870 0.393976 0.297039 0.040646 0.030228
1870 0.830803 0.804750 0.044564 0.030228
4118 0.907199 0.814312 0.046523 0.030228
1834 0.061949 0.799506 0.047502 0.030228
2000 0.654016 0.318014 0.048482 0.030228
4467 0.565377 0.900987 0.056317 0.030228
368 0.655975 0.748612 0.064153 0.030228
1917 0.306562 0.195096 0.044074 0.030537
3854 0.904995 0.129704 0.046033 0.030537
3854 0.221841 0.375540 0.048972 0.030537
1088 0.824192 0.364281 0.043095 0.030845
1111 0.740940 0.676434 0.043095 0.030845
4070 0.140304 0.628933 0.048482 0.030845
903 0.136141 0.351789 0.048972 0.031154
1124 0.825171 0.875540 0.052889 0.031154
1396 0.740451 0.646052 0.053869 0.031154
3205 0.476983 0.411783 0.031342 0.031462
1870 0.744613 0.870450 0.038688 0.031462
1111 0.481636 0.331894 0.041626 0.031462
913 0.654261 0.595620 0.042116 0.031462
4467 0.476983 0.163479 0.046033 0.031462
1396 0.654750 0.566317 0.047013 0.031462
2338 0.743634 0.748612 0.047502 0.031462
4467 0.056072 0.488896 0.050441 0.031462
1795 0.053379 0.365669 0.044074 0.031771
1036 0.570274 0.670419 0.044564 0.031771
68 0.051910 0.400370 0.039177 0.032079
1018 0.652791 0.458667 0.042116 0.032079
903 0.056807 0.539482 0.048972 0.032079
4318 0.570274 0.724707 0.045544 0.032387
1074 0.655485 0.851789 0.046523 0.032387
3175 0.480167 0.228408 0.047502 0.032387
1136 0.564887 0.407773 0.044564 0.033313
1067 0.650343 0.425972 0.046033 0.033313
3664 0.480167 0.647286 0.038688 0.033621
1169 0.477473 0.747224 0.034280 0.034238
2155 0.741185 0.444170 0.050441 0.034547
2145 0.564643 0.475787 0.047992 0.034855
2061 0.568805 0.506323 0.048482 0.035472
3899 0.564398 0.440469 0.033790 0.036397
3921 0.310235 0.387724 0.039667 0.036397
1844 0.139569 0.595620 0.035260 0.037014
47 0.575661 0.181524 0.023996 0.037323
1527 0.304358 0.425972 0.051420 0.038248
249 0.736533 0.407310 0.040157 0.038556
3796 0.820764 0.603177 0.046033 0.039790
