246 0.875091 0.131507 0.025818 0.008148
173 0.805636 0.938547 0.030909 0.008828
173 0.507636 0.814056 0.037818 0.013807
91 0.580364 0.584541 0.034909 0.014713
91 0.806364 0.877773 0.029455 0.016297
88 0.199091 0.151766 0.039636 0.016976
120 0.941636 0.240720 0.015636 0.017429
140 0.740727 0.784178 0.026182 0.019692
91 0.354909 0.249887 0.029091 0.019919
88 0.583273 0.741399 0.014545 0.021050
88 0.812545 0.315867 0.017091 0.021503
335 0.879636 0.153803 0.043636 0.021503
101 0.434000 0.218990 0.057091 0.021503
111 0.502545 0.934246 0.027636 0.022408
85 0.124545 0.388185 0.015636 0.022635
85 0.738909 0.696922 0.020364 0.022635
76 0.268000 0.849479 0.020364 0.022635
252 0.875818 0.176211 0.038182 0.022861
1415 0.508909 0.679267 0.057091 0.023540
85 0.430182 0.873133 0.016000 0.023766
42 0.132909 0.447374 0.016364 0.023766
246 0.122545 0.288932 0.058182 0.023766
683 0.504909 0.153350 0.061455 0.023766
91 0.735091 0.816320 0.025091 0.024219
120 0.655455 0.758148 0.027273 0.024219
42 0.585818 0.396560 0.013091 0.024445
91 0.803636 0.757356 0.036364 0.024445
111 0.126364 0.155161 0.019273 0.024672
58 0.437818 0.246152 0.029091 0.024672
88 0.351818 0.308397 0.044000 0.024672
83 0.117636 0.597782 0.038182 0.025351
101 0.585273 0.681983 0.054182 0.025351
1415 0.135636 0.186510 0.056727 0.025351
88 0.582000 0.422250 0.044000 0.026030
118 0.504909 0.529538 0.014909 0.026483
72 0.654727 0.684586 0.027273 0.026935
2489 0.280364 0.199864 0.056727 0.027162
92 0.347091 0.825147 0.025091 0.027388
88 0.507273 0.279425 0.014545 0.027841
120 0.506545 0.387392 0.021818 0.027841
120 0.662182 0.189679 0.023273 0.028067
120 0.582545 0.655048 0.027636 0.028067
85 0.668000 0.516184 0.016000 0.028293
88 0.498364 0.468651 0.039636 0.028293
107 0.585273 0.876754 0.022182 0.028746
120 0.263091 0.876981 0.030909 0.028746
2151 0.737818 0.295948 0.048000 0.028746
300 0.120182 0.420552 0.047636 0.028972
2151 0.574364 0.320054 0.055636 0.028972
85 0.506000 0.597669 0.014182 0.029199
120 0.434545 0.193187 0.026182 0.029199
58 0.586364 0.708579 0.028727 0.029651
2151 0.117636 0.524106 0.055636 0.029651
2489 0.283091 0.404368 0.060727 0.029651
111 0.508000 0.309190 0.026182 0.029878
101 0.736909 0.221367 0.052000 0.029878
111 0.121636 0.561906 0.022909 0.030104
83 0.808545 0.341897 0.023636 0.030104
120 0.735273 0.190923 0.024727 0.030104
683 0.120909 0.486306 0.049818 0.030104
88 0.874364 0.523201 0.014909 0.030557
126 0.657273 0.218877 0.025818 0.030783
120 0.586909 0.846763 0.027636 0.030783
68 0.435091 0.766410 0.031636 0.030783
725 0.879455 0.356270 0.043273 0.030783
83 0.730545 0.494681 0.030545 0.031010
1799 0.190727 0.923382 0.046909 0.031010
126 0.429273 0.627433 0.018545 0.031689
547 0.200727 0.352875 0.049455 0.031689
83 0.874727 0.554210 0.025091 0.031915
975 0.117455 0.884903 0.052364 0.031915
2489 0.198364 0.788705 0.062182 0.031915
111 0.505091 0.628678 0.030545 0.032368
3047 0.196909 0.188321 0.050545 0.032594
2489 0.278364 0.311000 0.060000 0.032594
720 0.814182 0.158556 0.048000 0.032820
302 0.273818 0.630942 0.048000 0.033726
2197 0.280727 0.158782 0.049455 0.033726
51 0.502182 0.499434 0.050909 0.033726
717 0.191091 0.889882 0.067273 0.033726
83 0.657636 0.547872 0.032364 0.034178
247 0.353091 0.159461 0.045091 0.034178
2195 0.121273 0.918402 0.059273 0.034178
87 0.127455 0.316885 0.022909 0.034405
83 0.117455 0.751471 0.032000 0.034405
89 0.352909 0.588728 0.041818 0.034405
87 0.658545 0.157311 0.050909 0.034405
111 0.585091 0.769692 0.029091 0.035084
51 0.732727 0.157990 0.046545 0.035310
68 0.436545 0.842123 0.006182 0.035536
720 0.428545 0.806134 0.054182 0.035536
87 0.585273 0.237777 0.030909 0.035989
2134 0.585091 0.507356 0.059636 0.035989
316 0.352727 0.278180 0.065455 0.036215
3735 0.432909 0.670892 0.051273 0.037121
1470 0.499273 0.905613 0.062545 0.037121
118 0.432545 0.551494 0.021455 0.037347
51 0.584182 0.812245 0.049091 0.037347
68 0.128909 0.669421 0.019273 0.037800
3760 0.350364 0.505319 0.055636 0.037800
4090 0.131455 0.216614 0.033091 0.038026
87 0.431455 0.159348 0.033818 0.038026
330 0.273455 0.815301 0.043636 0.038026
4488 0.654727 0.597555 0.055636 0.038026
2489 0.278727 0.515392 0.060000 0.038026
68 0.948909 0.164894 0.006182 0.038253
90 0.500545 0.563490 0.040364 0.038253
113 0.199455 0.263581 0.053455 0.038253
119 0.944364 0.314509 0.013091 0.038705
4082 0.115091 0.712426 0.053455 0.038705
1920 0.658364 0.482458 0.066545 0.038705
3047 0.805455 0.679946 0.048000 0.038932
119 0.126909 0.356609 0.014545 0.039158
717 0.198727 0.224423 0.053455 0.039158
975 0.118909 0.801381 0.059636 0.039611
1562 0.588727 0.463105 0.058182 0.039837
1834 0.351818 0.788139 0.071636 0.039837
2748 0.504909 0.352761 0.063636 0.040063
120 0.429818 0.590991 0.021818 0.040742
4440 0.587455 0.156406 0.069455 0.040742
470 0.580000 0.197601 0.069818 0.040742
87 0.127273 0.630942 0.024727 0.040969
4404 0.197455 0.398936 0.056727 0.040969
529 0.354909 0.919081 0.061091 0.040969
4086 0.803636 0.906858 0.056727 0.041421
2913 0.126364 0.256904 0.031636 0.041648
91 0.431818 0.450543 0.052000 0.041874
1396 0.806000 0.841670 0.067273 0.041874
3184 0.732727 0.457786 0.050909 0.042327
750 0.271455 0.668742 0.057818 0.042327
68 0.746364 0.257809 0.006182 0.042553
119 0.734727 0.656066 0.029455 0.042780
91 0.877636 0.387619 0.030909 0.042780
91 0.274909 0.711521 0.049455 0.043232
2083 0.276545 0.913196 0.078182 0.043232
87 0.811636 0.519692 0.029091 0.043459
2913 0.580727 0.547306 0.048000 0.043459
51 0.582182 0.618719 0.046545 0.043685
2524 0.584909 0.362268 0.072364 0.043685
91 0.808182 0.435831 0.030182 0.044138
91 0.875455 0.208805 0.036727 0.044138
2134 0.878182 0.430851 0.043636 0.044138
2167 0.658364 0.435378 0.054909 0.044138
2309 0.350364 0.866569 0.057818 0.044590
2151 0.345455 0.641127 0.059636 0.044590
119 0.357273 0.403689 0.017091 0.045043
87 0.941455 0.272408 0.023273 0.045043
2083 0.879455 0.917723 0.057091 0.045043
717 0.803455 0.722386 0.073818 0.045043
2593 0.432364 0.494568 0.042182 0.045269
3829 0.875636 0.705297 0.049455 0.045269
3947 0.354727 0.450430 0.058545 0.045269
1312 0.427818 0.913196 0.073818 0.045496
4447 0.119818 0.844613 0.062182 0.045948
3940 0.654182 0.639769 0.071273 0.045948
2913 0.867273 0.475781 0.043636 0.046175
784 0.812000 0.475328 0.056727 0.046175
2255 0.511455 0.242191 0.062182 0.046175
68 0.359818 0.547872 0.007636 0.046401
53 0.200545 0.306360 0.017818 0.046854
503 0.875091 0.805229 0.030909 0.046854
3947 0.879091 0.250792 0.056364 0.047080
76 0.940909 0.208126 0.023636 0.047306
2593 0.875091 0.653124 0.048364 0.047306
1422 0.740000 0.921344 0.072727 0.047759
119 0.194727 0.672476 0.016364 0.047986
87 0.194000 0.624717 0.021455 0.047986
91 0.653273 0.909914 0.058545 0.047986
2426 0.282364 0.360118 0.061455 0.047986
1373 0.502727 0.194319 0.042545 0.048212
2412 0.430364 0.292553 0.054182 0.048212
3266 0.735818 0.333069 0.062909 0.048665
118 0.660182 0.722499 0.019273 0.048891
577 0.804182 0.794364 0.049818 0.049117
1834 0.653636 0.861136 0.065091 0.049570
119 0.584000 0.280557 0.018909 0.050023
91 0.342182 0.745699 0.050909 0.050023
119 0.812182 0.565754 0.019273 0.050475
1126 0.360182 0.205183 0.048364 0.050475
368 0.665273 0.261544 0.062182 0.050475
1396 0.662727 0.387845 0.065091 0.050475
3188 0.812545 0.387392 0.056364 0.051833
3136 0.515091 0.771503 0.046909 0.052286
1317 0.733455 0.546062 0.053818 0.052286
296 0.506364 0.427795 0.036000 0.052512
2479 0.268545 0.767881 0.050545 0.052739
1373 0.875818 0.602648 0.043273 0.053191
3192 0.429273 0.716501 0.047636 0.053191
1126 0.816545 0.271390 0.050545 0.053418
3829 0.428000 0.343821 0.059636 0.053418
4086 0.801818 0.620982 0.058182 0.053644
1679 0.505818 0.718877 0.080000 0.054323
3675 0.877818 0.308624 0.050909 0.055002
1126 0.881455 0.753848 0.046545 0.055455
1598 0.352182 0.353893 0.056364 0.055908
1373 0.654182 0.809529 0.058182 0.055908
3732 0.192182 0.573336 0.055636 0.056134
2524 0.352545 0.692055 0.076727 0.056360
978 0.881091 0.861136 0.050909 0.056813
3739 0.499455 0.859778 0.054182 0.056813
3208 0.195636 0.514939 0.050909 0.057039
1260 0.189455 0.847555 0.053818 0.057718
1126 0.436000 0.400068 0.046545 0.058624
3459 0.278909 0.467293 0.068364 0.059982
2429 0.277636 0.257469 0.040364 0.060435
68 0.580545 0.913422 0.046909 0.060887
1876 0.735455 0.603327 0.049091 0.063151
4447 0.199636 0.733703 0.074182 0.063151
2917 0.270182 0.573110 0.053818 0.063377
4481 0.738545 0.861702 0.078545 0.064282
2917 0.197636 0.452807 0.039636 0.066320
4481 0.662182 0.324921 0.072727 0.067678
68 0.813273 0.206994 0.006182 0.068130
4119 0.733636 0.391127 0.065818 0.069715
