246 0.386423 0.165486 0.052219 0.006439
246 0.898172 0.163715 0.045953 0.008049
56 0.812010 0.900354 0.016710 0.012556
101 0.817493 0.436735 0.027676 0.013844
81 0.211227 0.724243 0.037076 0.015776
65 0.390601 0.723760 0.035509 0.016742
55 0.212794 0.575982 0.040209 0.019317
101 0.723499 0.604958 0.042298 0.019317
101 0.726632 0.291211 0.033943 0.020927
88 0.296867 0.338216 0.038120 0.020927
88 0.294517 0.730039 0.042820 0.020927
52 0.893473 0.309240 0.035509 0.021571
91 0.386945 0.339504 0.036554 0.021571
88 0.294517 0.908725 0.039687 0.021571
126 0.294778 0.658242 0.043342 0.021571
101 0.644386 0.556021 0.031332 0.021893
102 0.129504 0.344012 0.048042 0.022215
126 0.211488 0.696555 0.037598 0.022859
56 0.293473 0.759176 0.014621 0.023181
91 0.642820 0.487766 0.032376 0.023181
126 0.894778 0.369446 0.037076 0.024147
88 0.641253 0.254024 0.037598 0.024469
56 0.638381 0.713619 0.044386 0.024791
83 0.809138 0.546684 0.029765 0.025113
56 0.381462 0.625241 0.049608 0.025113
42 0.721410 0.540406 0.009922 0.025435
85 0.814621 0.871378 0.018799 0.025435
126 0.724282 0.469253 0.038642 0.025435
88 0.810444 0.675145 0.017755 0.025757
123 0.130287 0.245976 0.020366 0.026401
126 0.723238 0.909852 0.040731 0.026401
91 0.380679 0.694784 0.045953 0.026401
60 0.213055 0.907598 0.016710 0.027044
83 0.721149 0.833870 0.032376 0.027044
720 0.638642 0.908886 0.038642 0.027044
88 0.725065 0.758049 0.046475 0.027366
56 0.131854 0.209755 0.048564 0.027366
83 0.210966 0.779781 0.037598 0.027688
28 0.474151 0.290084 0.044909 0.027688
120 0.897650 0.242112 0.018799 0.028332
2489 0.641514 0.453638 0.047520 0.028332
120 0.895822 0.712653 0.018277 0.028654
93 0.216971 0.846587 0.031854 0.028654
85 0.639948 0.592241 0.034987 0.028654
118 0.215927 0.875402 0.013055 0.028976
62 0.212533 0.751288 0.035509 0.029298
1174 0.895822 0.398744 0.038120 0.029298
56 0.126110 0.283323 0.025587 0.029620
56 0.637337 0.780103 0.025587 0.029620
60 0.813055 0.291533 0.014621 0.029942
60 0.890862 0.432228 0.015666 0.029942
76 0.895039 0.683194 0.018799 0.030264
51 0.213838 0.423374 0.040209 0.030264
2194 0.893995 0.750805 0.044909 0.030264
122 0.211227 0.606729 0.036031 0.030586
2677 0.817493 0.256117 0.037076 0.030586
68 0.213316 0.814713 0.041253 0.030586
108 0.722193 0.432550 0.049086 0.030586
76 0.301567 0.260464 0.020366 0.030908
123 0.638120 0.741468 0.021932 0.030908
51 0.378329 0.869124 0.039164 0.031230
62 0.293473 0.786542 0.036554 0.031552
70 0.636554 0.819060 0.042820 0.031552
56 0.896867 0.212331 0.042298 0.031874
2395 0.810966 0.636188 0.039687 0.032196
1723 0.894517 0.905344 0.045953 0.032196
598 0.721149 0.579202 0.051175 0.032196
1957 0.469191 0.404218 0.063185 0.032518
118 0.218016 0.454926 0.010966 0.032840
85 0.382768 0.749356 0.014621 0.033162
2194 0.211227 0.541372 0.045431 0.033162
76 0.296345 0.496780 0.025587 0.033484
2677 0.299217 0.372827 0.037598 0.033484
62 0.640470 0.327592 0.034987 0.033806
1174 0.722454 0.504668 0.040209 0.033806
119 0.381723 0.901803 0.016710 0.034127
3785 0.893473 0.643271 0.044909 0.034127
1723 0.294778 0.460077 0.047520 0.034127
3322 0.725849 0.722956 0.041775 0.034449
2752 0.894778 0.788957 0.047520 0.034449
62 0.811749 0.757244 0.038120 0.034771
2752 0.298172 0.574372 0.052219 0.034771
60 0.296084 0.414842 0.014621 0.035093
120 0.295561 0.531069 0.021932 0.035093
71 0.727415 0.399710 0.042820 0.035093
60 0.380679 0.653252 0.015666 0.035415
58 0.891645 0.512234 0.024543 0.035415
2426 0.386684 0.259498 0.051697 0.035415
83 0.639687 0.369446 0.018799 0.035737
92 0.214099 0.264971 0.021932 0.036059
119 0.723760 0.362685 0.015666 0.036381
691 0.812794 0.468609 0.039164 0.036381
3674 0.642820 0.214907 0.043864 0.036381
2489 0.381201 0.829524 0.048042 0.036381
3674 0.293995 0.694140 0.046997 0.036703
4458 0.385117 0.215390 0.052742 0.036703
552 0.814360 0.512395 0.039164 0.037025
126 0.896084 0.864295 0.040731 0.037025
90 0.722454 0.325982 0.045431 0.037025
2844 0.384073 0.305055 0.047520 0.037025
118 0.896345 0.338699 0.031854 0.037347
87 0.813838 0.331616 0.036031 0.037347
1831 0.723760 0.872505 0.042820 0.037347
2756 0.890339 0.472634 0.043864 0.037347
2059 0.213577 0.384095 0.046997 0.037347
252 0.640992 0.526240 0.036031 0.037669
4722 0.721410 0.684643 0.041253 0.037669
108 0.213838 0.341114 0.043342 0.037669
83 0.810183 0.789118 0.015144 0.037991
2948 0.290862 0.873793 0.040731 0.037991
3009 0.894778 0.826465 0.050653 0.037991
119 0.639687 0.625724 0.018799 0.038313
58 0.379634 0.785093 0.029243 0.038313
68 0.814621 0.369607 0.009399 0.038635
83 0.292167 0.828397 0.019321 0.038635
56 0.642037 0.291372 0.020366 0.038635
4214 0.815405 0.410496 0.048564 0.038635
83 0.816710 0.215390 0.020888 0.039279
66 0.216971 0.302640 0.021410 0.039279
90 0.301305 0.295557 0.033420 0.039279
3009 0.295822 0.618158 0.053786 0.039279
83 0.216449 0.217160 0.020366 0.039601
110 0.896867 0.275435 0.038120 0.039601
1795 0.562663 0.218448 0.043342 0.039601
3136 0.891123 0.554894 0.043342 0.039601
70 0.126893 0.312943 0.042820 0.039923
56 0.809399 0.719736 0.019843 0.040245
505 0.301567 0.215390 0.028721 0.041211
268 0.722193 0.260142 0.039687 0.041211
2438 0.809922 0.835480 0.042820 0.041211
83 0.723760 0.635383 0.017755 0.041533
929 0.645170 0.412428 0.052742 0.041854
87 0.560836 0.270444 0.030287 0.042498
4360 0.469713 0.332904 0.055875 0.042498
2438 0.890862 0.601739 0.043864 0.043142
119 0.557180 0.313426 0.016710 0.043464
505 0.722715 0.217804 0.027154 0.043464
58 0.212010 0.493722 0.029243 0.044752
4089 0.811749 0.589665 0.038120 0.044752
68 0.724543 0.796845 0.012010 0.047006
83 0.638120 0.668867 0.019843 0.047972
296 0.636554 0.866227 0.036554 0.051191
68 0.812272 0.898100 0.044386 0.051191
68 0.213577 0.650837 0.009399 0.057630
68 0.127154 0.386993 0.010966 0.060528
