56 0.839337 0.149873 0.016563 0.011540
173 0.661491 0.563608 0.035197 0.012665
173 0.663147 0.218548 0.036025 0.013228
418 0.718219 0.394315 0.021946 0.013510
173 0.047412 0.179707 0.034369 0.014354
173 0.052381 0.793273 0.034369 0.014354
287 0.727536 0.901351 0.034783 0.014354
173 0.540994 0.652547 0.038509 0.014354
101 0.538509 0.638193 0.048447 0.014354
101 0.722360 0.348579 0.051760 0.014354
68 0.597723 0.243456 0.011180 0.014636
173 0.661284 0.606530 0.038095 0.014636
173 0.539130 0.379961 0.039752 0.014636
169 0.480538 0.123135 0.010352 0.014917
173 0.171843 0.398396 0.033126 0.014917
173 0.354865 0.500844 0.036439 0.014917
173 0.235404 0.871517 0.037681 0.014917
173 0.476605 0.810160 0.039752 0.014917
287 0.174534 0.153532 0.043478 0.014917
101 0.598551 0.336476 0.051760 0.014917
56 0.107867 0.472418 0.017805 0.015480
173 0.778675 0.144807 0.035197 0.015480
173 0.841822 0.666760 0.038095 0.015761
81 0.475983 0.342527 0.040994 0.015761
173 0.840373 0.624402 0.034369 0.016043
173 0.598758 0.718407 0.036439 0.016043
173 0.171222 0.691669 0.036853 0.016043
173 0.111387 0.801154 0.036439 0.016606
81 0.046584 0.306361 0.037681 0.016606
173 0.414907 0.587250 0.038095 0.016606
287 0.420083 0.198846 0.038509 0.016606
418 0.536853 0.623135 0.011180 0.016887
56 0.659420 0.328455 0.014493 0.016887
56 0.353623 0.866592 0.014907 0.016887
127 0.170600 0.445539 0.049689 0.016887
418 0.538716 0.335913 0.011594 0.017169
56 0.839337 0.548973 0.016563 0.017169
173 0.842650 0.312834 0.036439 0.017169
173 0.354865 0.827610 0.036439 0.017169
113 0.839337 0.270053 0.046377 0.017169
128 0.474534 0.882494 0.011594 0.017731
173 0.169151 0.338446 0.036025 0.017731
56 0.167702 0.323107 0.019876 0.018013
72 0.169565 0.927104 0.035197 0.018013
52 0.415114 0.250774 0.041822 0.018013
126 0.897930 0.724458 0.041822 0.018013
127 0.358799 0.355474 0.047619 0.018013
52 0.048654 0.491838 0.038509 0.018294
495 0.418219 0.158598 0.051346 0.018294
56 0.718012 0.125668 0.016563 0.018857
81 0.109731 0.751618 0.039752 0.018857
81 0.168323 0.170701 0.040994 0.018857
42 0.536646 0.155925 0.014907 0.019139
60 0.899379 0.293555 0.023188 0.019139
698 0.416977 0.268787 0.033126 0.019139
52 0.353416 0.848860 0.040994 0.019139
56 0.351346 0.305657 0.046791 0.019139
495 0.108075 0.408106 0.049689 0.019139
56 0.169979 0.675063 0.019462 0.019420
56 0.475983 0.505348 0.037681 0.019420
85 0.668116 0.439206 0.016149 0.019983
55 0.780331 0.162257 0.040994 0.019983
52 0.111594 0.577681 0.044306 0.019983
101 0.777433 0.388263 0.055072 0.019983
52 0.898551 0.520687 0.031470 0.020265
91 0.474741 0.286800 0.032712 0.020265
52 0.168530 0.358007 0.034783 0.020265
72 0.413458 0.781593 0.038509 0.020265
52 0.289234 0.511117 0.040994 0.020265
52 0.662733 0.784970 0.040994 0.020265
127 0.180124 0.945961 0.049689 0.020265
495 0.662733 0.826625 0.050932 0.020265
56 0.779503 0.127076 0.016149 0.020546
56 0.051967 0.749367 0.016977 0.020546
66 0.540994 0.937940 0.026915 0.020546
52 0.354037 0.644385 0.038095 0.020546
495 0.290269 0.128202 0.049689 0.020546
495 0.840994 0.194624 0.053002 0.020546
56 0.716977 0.698987 0.021118 0.021109
72 0.660455 0.878553 0.033126 0.021109
52 0.044306 0.289474 0.034783 0.021109
52 0.169358 0.733324 0.036439 0.021109
126 0.840787 0.686040 0.041822 0.021109
126 0.171222 0.709963 0.041822 0.021109
126 0.173292 0.910076 0.042650 0.021109
72 0.412836 0.333662 0.043064 0.021109
287 0.479296 0.305798 0.044306 0.021109
495 0.721118 0.512665 0.057557 0.021109
698 0.292547 0.536448 0.038509 0.021390
86 0.667288 0.854348 0.033540 0.021672
68 0.657764 0.731917 0.035197 0.021672
104 0.350518 0.888123 0.035197 0.021672
88 0.045342 0.263017 0.037681 0.021672
52 0.474327 0.324092 0.038509 0.021672
52 0.720497 0.794399 0.039752 0.021672
127 0.115114 0.523361 0.044720 0.021672
495 0.171843 0.296510 0.056315 0.021672
64 0.355487 0.804250 0.021946 0.022235
87 0.894617 0.181115 0.026915 0.022235
698 0.050311 0.513510 0.031056 0.022235
547 0.111594 0.622995 0.035197 0.022235
126 0.106004 0.382353 0.043064 0.022235
126 0.597930 0.524486 0.043064 0.022235
126 0.594824 0.259640 0.046791 0.022235
68 0.728986 0.863496 0.008696 0.022516
418 0.292133 0.140445 0.011180 0.022516
88 0.665631 0.801013 0.017805 0.022516
76 0.536025 0.697439 0.026087 0.022516
66 0.414286 0.290177 0.029400 0.022516
76 0.051760 0.918660 0.029814 0.022516
418 0.600621 0.445820 0.035197 0.022516
418 0.474741 0.713200 0.038509 0.022516
91 0.047619 0.131438 0.039752 0.022516
126 0.780124 0.936955 0.041408 0.022516
126 0.719876 0.173375 0.041822 0.022516
113 0.778468 0.788066 0.043064 0.022516
189 0.778468 0.472981 0.016563 0.022798
83 0.044720 0.396426 0.023188 0.022798
418 0.899793 0.589220 0.034783 0.022798
547 0.476812 0.175486 0.035197 0.022798
91 0.353830 0.781452 0.035197 0.022798
55 0.660248 0.622995 0.038509 0.022798
359 0.537474 0.178863 0.048033 0.022798
127 0.417391 0.314241 0.049689 0.022798
495 0.779089 0.405432 0.051760 0.022798
119 0.175155 0.755840 0.021532 0.023361
56 0.837060 0.648888 0.026087 0.023361
130 0.295445 0.783422 0.027743 0.023361
547 0.721532 0.842527 0.036853 0.023361
91 0.353623 0.547565 0.038095 0.023361
55 0.841201 0.782860 0.039337 0.023361
1489 0.111180 0.894596 0.039337 0.023361
126 0.415114 0.744019 0.040994 0.023361
2489 0.112215 0.870110 0.043064 0.023361
683 0.724638 0.915705 0.051346 0.023361
495 0.417184 0.768224 0.053416 0.023361
128 0.721325 0.486631 0.014907 0.023642
60 0.902899 0.934985 0.018634 0.023642
123 0.843892 0.168308 0.019876 0.023642
57 0.176605 0.428089 0.035197 0.023642
91 0.537267 0.458767 0.036025 0.023642
91 0.414286 0.536730 0.037681 0.023642
2151 0.476398 0.827470 0.038509 0.023642
2151 0.661698 0.517872 0.039752 0.023642
126 0.475569 0.482128 0.043478 0.023642
2885 0.353830 0.210808 0.047619 0.023642
56 0.898344 0.677315 0.016149 0.023923
60 0.838923 0.350830 0.019876 0.023923
418 0.353830 0.234028 0.021946 0.023923
119 0.842857 0.906417 0.022774 0.023923
64 0.048654 0.156347 0.023602 0.023923
83 0.292133 0.163946 0.025259 0.023923
76 0.536439 0.883619 0.026915 0.023923
76 0.898758 0.542499 0.028571 0.023923
66 0.292547 0.592316 0.028571 0.023923
60 0.594410 0.282437 0.030228 0.023923
90 0.413872 0.720096 0.031884 0.023923
418 0.539130 0.581058 0.036439 0.023923
125 0.777847 0.338165 0.045135 0.023923
495 0.049275 0.358429 0.046377 0.023923
99 0.721118 0.562482 0.049275 0.023923
91 0.238923 0.943287 0.051346 0.023923
495 0.170807 0.847312 0.053416 0.023923
92 0.895031 0.750211 0.021118 0.024486
74 0.598965 0.178581 0.026915 0.024486
120 0.473499 0.759218 0.028571 0.024486
88 0.477226 0.673093 0.039337 0.024486
76 0.537681 0.286659 0.045135 0.024486
68 0.897101 0.566845 0.015321 0.024768
189 0.230021 0.493949 0.016977 0.024768
189 0.596894 0.151984 0.018634 0.024768
66 0.048447 0.571348 0.019876 0.024768
76 0.106625 0.204616 0.027743 0.024768
90 0.171636 0.888263 0.035197 0.024768
126 0.723188 0.584576 0.036853 0.024768
56 0.169565 0.547143 0.040166 0.024768
126 0.897516 0.155080 0.043478 0.024768
126 0.290890 0.406136 0.044306 0.024768
126 0.539752 0.858429 0.044306 0.024768
126 0.779089 0.247959 0.045963 0.024768
189 0.780124 0.223051 0.018219 0.025049
55 0.290476 0.427104 0.037681 0.025049
68 0.777847 0.423164 0.039337 0.025049
88 0.172050 0.597945 0.043478 0.025049
77 0.416356 0.612862 0.050932 0.025049
68 0.472257 0.733465 0.036025 0.025331
64 0.597101 0.847312 0.016563 0.025612
64 0.475983 0.852660 0.016977 0.025612
66 0.721118 0.613144 0.025259 0.025612
88 0.475983 0.786518 0.025259 0.025612
66 0.661077 0.679567 0.026915 0.025612
83 0.297930 0.921616 0.030228 0.025612
83 0.171222 0.616803 0.031884 0.025612
720 0.415528 0.422601 0.036853 0.025612
104 0.109110 0.452997 0.039337 0.025612
83 0.541615 0.357585 0.039752 0.025612
68 0.718634 0.647200 0.040994 0.025612
1834 0.661698 0.199690 0.041408 0.025612
91 0.838302 0.131297 0.041822 0.025612
126 0.168530 0.821419 0.044720 0.025612
2489 0.169151 0.131860 0.045963 0.025612
683 0.230849 0.681537 0.047619 0.025612
68 0.485093 0.199550 0.007867 0.025894
189 0.290476 0.837321 0.015321 0.025894
296 0.354451 0.398255 0.023188 0.025894
83 0.170186 0.488320 0.029814 0.025894
62 0.661284 0.348719 0.034783 0.025894
2885 0.233126 0.631579 0.043064 0.025894
978 0.600621 0.825781 0.045135 0.025894
68 0.354037 0.286378 0.011594 0.026175
53 0.413665 0.356459 0.016563 0.026175
123 0.900207 0.701520 0.019876 0.026175
119 0.172050 0.380946 0.020290 0.026175
119 0.170186 0.213200 0.021532 0.026175
66 0.109110 0.285533 0.025259 0.026175
51 0.779089 0.588939 0.031884 0.026175
55 0.655694 0.423164 0.032712 0.026175
418 0.661491 0.494090 0.034369 0.026175
91 0.355694 0.592035 0.036439 0.026175
83 0.351346 0.152969 0.036853 0.026175
77 0.603520 0.222207 0.038509 0.026175
268 0.598551 0.129327 0.040994 0.026175
95 0.899586 0.878272 0.040994 0.026175
1834 0.232919 0.889249 0.040994 0.026175
88 0.229400 0.313397 0.041408 0.026175
88 0.601863 0.203349 0.041822 0.026175
88 0.355487 0.129890 0.042650 0.026175
1834 0.354451 0.567549 0.043064 0.026175
127 0.842236 0.533493 0.046377 0.026175
127 0.607039 0.872361 0.054658 0.026175
120 0.416770 0.175486 0.021118 0.026738
78 0.051553 0.772446 0.033540 0.026738
99 0.600414 0.499437 0.043064 0.026738
88 0.236232 0.771039 0.044306 0.026738
85 0.899586 0.459330 0.018634 0.027019
111 0.474120 0.262314 0.019876 0.027019
117 0.475569 0.209119 0.020290 0.027019
83 0.226708 0.182100 0.031884 0.027019
104 0.172050 0.863496 0.036853 0.027019
95 0.778675 0.766676 0.038509 0.027019
76 0.841615 0.376865 0.041822 0.027019
126 0.050725 0.940614 0.041822 0.027019
268 0.293375 0.809738 0.042650 0.027019
76 0.900621 0.312131 0.043064 0.027019
4132 0.780331 0.910780 0.044306 0.027019
126 0.716770 0.460737 0.053002 0.027019
60 0.595031 0.377287 0.018219 0.027301
66 0.417598 0.868421 0.021118 0.027301
978 0.351553 0.372502 0.039752 0.027301
91 0.049689 0.872924 0.039752 0.027301
83 0.234990 0.577681 0.041822 0.027301
189 0.474327 0.428511 0.021118 0.027864
66 0.601863 0.552350 0.027743 0.027864
418 0.232091 0.655080 0.027743 0.027864
70 0.726087 0.937377 0.028571 0.027864
66 0.351139 0.262736 0.029814 0.027864
83 0.473085 0.583873 0.031884 0.027864
1891 0.115528 0.942162 0.034783 0.027864
110 0.295031 0.757247 0.037681 0.027864
104 0.719876 0.673656 0.038509 0.027864
91 0.109110 0.844779 0.038509 0.027864
88 0.172671 0.466226 0.039752 0.027864
1834 0.109938 0.821137 0.040166 0.027864
88 0.781159 0.312553 0.042650 0.027864
88 0.777847 0.713341 0.043478 0.027864
88 0.663147 0.314523 0.047619 0.027864
418 0.047412 0.370954 0.011180 0.028145
118 0.540166 0.722769 0.011180 0.028145
111 0.174948 0.571348 0.021946 0.028145
58 0.474948 0.236701 0.023188 0.028145
120 0.779503 0.529693 0.023602 0.028145
83 0.898344 0.851675 0.028571 0.028145
51 0.541201 0.674078 0.036439 0.028145
88 0.234161 0.553335 0.046791 0.028145
717 0.724431 0.816775 0.059213 0.028145
117 0.598965 0.349704 0.016149 0.028427
418 0.107039 0.665494 0.022774 0.028427
130 0.224845 0.209260 0.023188 0.028427
64 0.416149 0.395018 0.023188 0.028427
58 0.843271 0.875739 0.024431 0.028427
86 0.905797 0.206727 0.031056 0.028427
51 0.050725 0.704334 0.031884 0.028427
418 0.724017 0.880524 0.031884 0.028427
83 0.843271 0.933437 0.031884 0.028427
2677 0.232505 0.371939 0.034369 0.028427
122 0.842857 0.807909 0.036853 0.028427
115 0.778261 0.365466 0.037681 0.028427
1834 0.661077 0.541373 0.040166 0.028427
327 0.354658 0.183085 0.040994 0.028427
76 0.775155 0.499437 0.041408 0.028427
127 0.422567 0.806783 0.052588 0.028427
717 0.112215 0.595694 0.056315 0.028427
68 0.780538 0.811005 0.008282 0.028990
189 0.719462 0.227554 0.012836 0.028990
552 0.244306 0.917957 0.021532 0.028990
86 0.603520 0.470448 0.028571 0.028990
51 0.840787 0.511821 0.031884 0.028990
68 0.227950 0.129609 0.038509 0.028990
1774 0.355694 0.939910 0.048033 0.028990
91 0.665010 0.175486 0.056315 0.028990
189 0.416149 0.907965 0.013251 0.029271
189 0.536025 0.399381 0.015321 0.029271
60 0.659213 0.706164 0.018219 0.029271
74 0.353830 0.520405 0.021946 0.029271
111 0.112422 0.728399 0.021946 0.029271
60 0.167909 0.186040 0.025259 0.029271
76 0.229814 0.158458 0.028157 0.029271
83 0.598137 0.611314 0.030228 0.029271
2590 0.106418 0.178722 0.033126 0.029271
1174 0.115114 0.255840 0.038095 0.029271
98 0.838509 0.332395 0.038095 0.029271
122 0.477433 0.906839 0.038095 0.029271
88 0.598551 0.401632 0.045135 0.029271
81 0.355694 0.455108 0.046377 0.029271
683 0.295859 0.687869 0.051760 0.029271
118 0.782402 0.447931 0.012008 0.029552
111 0.902070 0.650014 0.020290 0.029552
107 0.357143 0.475232 0.022774 0.029552
65 0.602692 0.736983 0.027743 0.029552
83 0.776190 0.738672 0.031884 0.029552
718 0.842029 0.213200 0.035197 0.029552
268 0.227950 0.468759 0.044306 0.029552
81 0.602070 0.673375 0.046377 0.029552
107 0.658385 0.131860 0.026501 0.030115
104 0.415528 0.693076 0.035197 0.030115
1174 0.666667 0.398677 0.039752 0.030115
68 0.107453 0.424571 0.041822 0.030115
99 0.353209 0.661554 0.049689 0.030115
277 0.535197 0.205601 0.054244 0.030115
91 0.420911 0.374191 0.059213 0.030115
107 0.235404 0.848579 0.022774 0.030397
107 0.112629 0.774275 0.023188 0.030397
58 0.049482 0.820152 0.026915 0.030397
74 0.477847 0.457360 0.031470 0.030397
2197 0.414079 0.561779 0.036439 0.030397
2134 0.169151 0.235013 0.044306 0.030397
1834 0.290062 0.282297 0.044306 0.030397
111 0.295238 0.939628 0.019876 0.030678
74 0.419669 0.937940 0.025259 0.030678
86 0.724638 0.533211 0.029814 0.030678
1256 0.538923 0.608641 0.037681 0.030678
2197 0.232298 0.433296 0.038095 0.030678
81 0.234161 0.828736 0.047619 0.030678
91 0.847826 0.417534 0.054244 0.030678
68 0.662526 0.263017 0.009938 0.031241
58 0.661077 0.650014 0.027743 0.031241
83 0.482609 0.146214 0.035197 0.031241
77 0.668116 0.232620 0.040994 0.031241
98 0.895031 0.268928 0.040994 0.031241
189 0.538923 0.804954 0.016149 0.031523
53 0.900828 0.338587 0.016977 0.031523
53 0.836853 0.291866 0.021532 0.031523
53 0.658178 0.585984 0.024431 0.031523
74 0.539752 0.835913 0.024431 0.031523
83 0.778261 0.647622 0.034369 0.031523
718 0.286957 0.224036 0.036439 0.031523
111 0.665217 0.367014 0.038509 0.031523
366 0.289234 0.257810 0.042650 0.031523
107 0.232091 0.734028 0.042650 0.031523
126 0.054244 0.731776 0.043064 0.031523
105 0.604348 0.765550 0.044306 0.031523
127 0.722360 0.738812 0.045135 0.031523
1834 0.720083 0.412328 0.046377 0.031523
121 0.107453 0.231635 0.046791 0.031523
111 0.900000 0.237686 0.019462 0.031804
123 0.051139 0.893470 0.019462 0.031804
78 0.417184 0.132705 0.031884 0.031804
83 0.105590 0.321278 0.033126 0.031804
51 0.539752 0.486209 0.037681 0.031804
62 0.354865 0.618773 0.038095 0.031804
77 0.663768 0.759499 0.039752 0.031804
2885 0.841201 0.243034 0.040166 0.031804
287 0.356315 0.425415 0.044306 0.031804
53 0.895445 0.134112 0.018634 0.032367
2598 0.598758 0.422601 0.023188 0.032367
83 0.540580 0.912328 0.025259 0.032367
2197 0.045963 0.238249 0.036439 0.032367
115 0.049689 0.636786 0.036439 0.032367
62 0.719876 0.149873 0.039337 0.032367
2197 0.717391 0.297354 0.040994 0.032367
88 0.296687 0.899381 0.040994 0.032367
327 0.231263 0.606389 0.045135 0.032367
277 0.475155 0.613988 0.046791 0.032367
111 0.478882 0.397974 0.019462 0.032648
53 0.716563 0.439910 0.019462 0.032648
111 0.480124 0.937799 0.020290 0.032648
70 0.233126 0.702505 0.026501 0.032648
107 0.230435 0.273853 0.031056 0.032648
3756 0.661698 0.286800 0.031470 0.032648
718 0.049068 0.669575 0.037681 0.032648
1831 0.109938 0.695187 0.041822 0.032648
68 0.538302 0.229243 0.008282 0.032930
53 0.602484 0.796932 0.016563 0.032930
53 0.839752 0.574022 0.018219 0.032930
60 0.720290 0.200816 0.021118 0.032930
58 0.355072 0.753307 0.025259 0.032930
3984 0.104555 0.353926 0.031056 0.032930
115 0.293168 0.656206 0.036439 0.032930
60 0.532919 0.261047 0.016563 0.033493
69 0.059420 0.852097 0.022774 0.033493
70 0.225259 0.241064 0.023188 0.033493
86 0.358178 0.913172 0.031470 0.033493
718 0.353830 0.717563 0.037681 0.033493
68 0.598965 0.582606 0.015321 0.033774
123 0.047412 0.544047 0.018634 0.033774
70 0.289441 0.345905 0.023188 0.033774
718 0.046998 0.426963 0.031884 0.033774
1834 0.778882 0.558964 0.048033 0.033774
68 0.121325 0.647481 0.009938 0.034056
74 0.538302 0.430481 0.021532 0.034056
74 0.232919 0.524205 0.029400 0.034056
2885 0.717184 0.364059 0.036439 0.034056
88 0.417184 0.662398 0.042650 0.034056
53 0.661491 0.907261 0.015321 0.034619
111 0.291097 0.191528 0.019876 0.034619
111 0.781573 0.190965 0.021118 0.034619
92 0.294203 0.709119 0.021946 0.034619
88 0.718219 0.322685 0.022774 0.034619
58 0.539545 0.310301 0.023188 0.034619
70 0.718012 0.765128 0.023188 0.034619
58 0.539752 0.770757 0.026915 0.034619
92 0.837474 0.715592 0.028571 0.034619
59 0.844099 0.754714 0.035197 0.034619
718 0.598551 0.640445 0.036025 0.034619
971 0.601863 0.936251 0.038509 0.034619
99 0.902484 0.906136 0.040166 0.034619
77 0.171636 0.776386 0.048447 0.034619
1396 0.780952 0.879679 0.049689 0.034619
68 0.663561 0.163524 0.009524 0.034900
70 0.107039 0.549958 0.025259 0.034900
173 0.595445 0.312131 0.028157 0.034900
79 0.293168 0.380242 0.039752 0.034900
562 0.111594 0.925134 0.040994 0.034900
63 0.722774 0.716859 0.047619 0.034900
53 0.479710 0.527582 0.014493 0.035182
68 0.425052 0.635660 0.016149 0.035182
74 0.293582 0.865888 0.023188 0.035182
70 0.413665 0.222769 0.026501 0.035182
86 0.902692 0.392204 0.026501 0.035182
121 0.477640 0.362370 0.031056 0.035182
111 0.234576 0.333099 0.034369 0.035182
70 0.893582 0.824233 0.039752 0.035182
111 0.291925 0.310583 0.018219 0.035744
74 0.719462 0.263017 0.029400 0.035744
96 0.050725 0.603574 0.040994 0.035744
1476 0.535818 0.552069 0.041408 0.035744
68 0.532298 0.935407 0.045963 0.035744
111 0.048033 0.327329 0.019876 0.036026
505 0.779917 0.844357 0.021118 0.036026
107 0.602277 0.692373 0.022774 0.036026
1831 0.900621 0.616381 0.039752 0.036026
123 0.292547 0.564453 0.018634 0.036307
60 0.291718 0.447368 0.024431 0.036307
2193 0.778468 0.676189 0.031470 0.036307
2197 0.663561 0.930622 0.038509 0.036307
70 0.045963 0.463130 0.023188 0.036870
79 0.542236 0.516887 0.038509 0.036870
2197 0.839545 0.595975 0.040994 0.036870
111 0.235818 0.792007 0.017805 0.037152
60 0.842029 0.474951 0.021946 0.037433
4646 0.231470 0.403743 0.028157 0.037433
58 0.898551 0.429355 0.029814 0.037433
63 0.109938 0.492964 0.040166 0.037433
63 0.780952 0.616521 0.044720 0.037433
3322 0.538923 0.135801 0.045135 0.037433
59 0.901242 0.787785 0.034369 0.037715
68 0.172671 0.799325 0.008282 0.038278
83 0.901863 0.492260 0.033126 0.038278
111 0.170393 0.644666 0.019462 0.038559
4646 0.046998 0.205319 0.027743 0.038559
111 0.789027 0.278497 0.038509 0.038559
96 0.294410 0.620462 0.043064 0.038559
53 0.839545 0.400084 0.016977 0.039122
2598 0.472878 0.692795 0.018219 0.039122
505 0.598137 0.897692 0.018634 0.039122
111 0.171843 0.516887 0.021532 0.039122
63 0.357350 0.327188 0.043064 0.039122
2913 0.167288 0.270476 0.036439 0.039403
68 0.536025 0.728258 0.036853 0.039685
1778 0.474948 0.639319 0.038095 0.040248
81 0.355487 0.690402 0.038509 0.040529
68 0.104969 0.283282 0.037681 0.041373
3435 0.414700 0.454968 0.040994 0.041373
69 0.114493 0.140163 0.021118 0.041655
70 0.286749 0.481002 0.027743 0.041655
68 0.229607 0.736842 0.037681 0.041655
69 0.291925 0.719814 0.038095 0.042499
69 0.421325 0.830425 0.015321 0.044188
4683 0.413665 0.504222 0.043064 0.044188
68 0.841615 0.832395 0.012008 0.044751
68 0.666667 0.471433 0.009938 0.045032
111 0.897308 0.367717 0.016563 0.045877
68 0.411594 0.867295 0.041408 0.045877
68 0.226294 0.275260 0.041822 0.046158
68 0.713251 0.607515 0.035197 0.050943
68 0.465631 0.547425 0.017805 0.056290
