128 0.228297 0.227194 0.006044 0.007256
128 0.476923 0.683829 0.008791 0.008293
128 0.468407 0.488252 0.010440 0.008984
287 0.479121 0.831721 0.030769 0.008984
92 0.312912 0.845543 0.024725 0.009675
92 0.302473 0.240152 0.024725 0.010366
92 0.392582 0.896683 0.028022 0.010366
499 0.977473 0.177609 0.020879 0.011057
101 0.395604 0.817208 0.041758 0.011748
57 0.399176 0.766240 0.035714 0.012094
56 0.391484 0.884243 0.014835 0.012440
92 0.632418 0.177091 0.030769 0.012785
81 0.390385 0.866621 0.035714 0.013131
57 0.396154 0.102626 0.037363 0.013131
101 0.472527 0.297167 0.039560 0.013131
56 0.136538 0.217519 0.013736 0.013476
62 0.556319 0.631133 0.018132 0.013476
81 0.635165 0.608328 0.039560 0.014167
120 0.221429 0.238597 0.017582 0.014858
77 0.483242 0.361437 0.034615 0.015895
2595 0.392582 0.747754 0.035714 0.015895
1406 0.474451 0.754319 0.035714 0.015895
120 0.638736 0.624568 0.018132 0.016240
248 0.143132 0.892709 0.036813 0.016240
66 0.390385 0.912232 0.021429 0.016586
62 0.231319 0.871804 0.021978 0.016586
88 0.722253 0.687975 0.022527 0.016586
52 0.308516 0.581202 0.040110 0.016586
93 0.312912 0.341742 0.050000 0.016586
81 0.139835 0.649793 0.040110 0.016932
91 0.135989 0.198687 0.032418 0.017277
1406 0.137912 0.109883 0.034066 0.017277
101 0.136264 0.232205 0.045055 0.017277
102 0.391209 0.392536 0.053846 0.017277
120 0.143681 0.500518 0.017033 0.017623
66 0.472253 0.625259 0.017033 0.017623
93 0.481044 0.642536 0.044505 0.017623
66 0.311538 0.863856 0.018681 0.017968
88 0.476648 0.882516 0.024725 0.017968
91 0.226374 0.699724 0.029670 0.017968
91 0.636538 0.713200 0.031319 0.017968
60 0.470604 0.343469 0.037912 0.017968
93 0.234890 0.465446 0.042308 0.017968
91 0.140934 0.461818 0.032418 0.018314
124 0.550549 0.565826 0.035165 0.018314
861 0.961813 0.596925 0.035714 0.018314
953 0.220330 0.107118 0.036264 0.018659
102 0.221978 0.255356 0.048352 0.018659
117 0.226648 0.551313 0.014835 0.019005
117 0.224725 0.395473 0.017582 0.019005
110 0.634890 0.355736 0.026923 0.019005
91 0.226923 0.748618 0.029670 0.019005
81 0.140110 0.718556 0.035165 0.019005
88 0.305495 0.393055 0.037363 0.019005
76 0.469780 0.469247 0.016484 0.019350
88 0.143956 0.765031 0.034066 0.019350
72 0.550549 0.610919 0.036264 0.019350
108 0.228846 0.768314 0.012637 0.019696
88 0.548077 0.290083 0.026923 0.019696
3731 0.977473 0.152039 0.019780 0.020041
107 0.311813 0.601244 0.021429 0.020041
107 0.143132 0.695232 0.022527 0.020041
953 0.635165 0.769869 0.037363 0.020041
56 0.219780 0.211818 0.045055 0.020041
108 0.222527 0.164651 0.014286 0.020387
1879 0.147253 0.912059 0.030769 0.020387
76 0.223901 0.675190 0.019231 0.020733
118 0.393132 0.341742 0.020330 0.020733
81 0.632967 0.456807 0.039560 0.020733
127 0.141758 0.543884 0.040659 0.020733
85 0.551374 0.106254 0.011538 0.021078
85 0.224176 0.302177 0.013187 0.021078
68 0.645879 0.907913 0.018132 0.021078
117 0.387363 0.442122 0.026374 0.021078
126 0.392857 0.566517 0.026374 0.021078
113 0.231044 0.912059 0.039011 0.021078
480 0.149451 0.817726 0.042857 0.021078
118 0.559890 0.588804 0.018681 0.021424
126 0.472527 0.575674 0.030769 0.021424
90 0.225000 0.447132 0.036813 0.021424
3731 0.471429 0.242571 0.040659 0.021424
285 0.750275 0.242916 0.056593 0.021424
92 0.633516 0.306323 0.025275 0.021769
126 0.637637 0.797685 0.029121 0.021769
98 0.225824 0.891672 0.037363 0.021769
111 0.220604 0.322737 0.017033 0.022115
118 0.318956 0.889081 0.018132 0.022115
87 0.221429 0.187975 0.030769 0.022115
499 0.713187 0.377678 0.051648 0.022115
49 0.550000 0.265204 0.009890 0.022460
85 0.144505 0.563753 0.013187 0.022460
126 0.388736 0.185384 0.030220 0.022460
51 0.141758 0.484969 0.034066 0.022460
51 0.557143 0.878542 0.037363 0.022460
253 0.554396 0.727885 0.040659 0.022460
500 0.556868 0.758293 0.041209 0.022460
278 0.961264 0.568936 0.042308 0.022460
85 0.144780 0.672426 0.014835 0.022806
118 0.149451 0.525570 0.016484 0.022806
107 0.636813 0.433310 0.021978 0.022806
2677 0.312637 0.794057 0.026374 0.022806
115 0.472802 0.666551 0.042308 0.022806
979 0.229396 0.724257 0.042308 0.022806
480 0.146703 0.842433 0.042857 0.022806
119 0.139286 0.251728 0.017033 0.023151
87 0.225275 0.654285 0.031868 0.023151
95 0.222802 0.373359 0.035714 0.023151
83 0.629121 0.405840 0.036264 0.023151
54 0.310440 0.680200 0.036264 0.023151
1083 0.389286 0.156012 0.039011 0.023151
1385 0.478022 0.906531 0.046154 0.023151
980 0.303297 0.142882 0.050549 0.023151
3053 0.137637 0.277471 0.019231 0.023497
107 0.142857 0.629233 0.024176 0.023497
287 0.313736 0.907740 0.030769 0.023497
126 0.800275 0.687630 0.031319 0.023497
971 0.933516 0.175536 0.041758 0.023497
541 0.550275 0.240498 0.045604 0.023497
702 0.222802 0.604699 0.047802 0.023497
111 0.635714 0.539219 0.018681 0.023842
118 0.640659 0.563062 0.018681 0.023842
87 0.301923 0.298376 0.031319 0.023842
126 0.634615 0.279717 0.034066 0.023842
71 0.318956 0.707153 0.039011 0.023842
96 0.476923 0.506047 0.056044 0.023842
68 0.477198 0.700069 0.008242 0.024188
74 0.226923 0.629233 0.023077 0.024188
77 0.317582 0.624050 0.039560 0.024188
862 0.748077 0.277471 0.040110 0.024188
398 0.146703 0.790601 0.042857 0.024188
68 0.308242 0.531272 0.007692 0.024534
704 0.638736 0.827056 0.026923 0.024534
870 0.471429 0.270733 0.036264 0.024534
98 0.131868 0.304941 0.039560 0.024534
53 0.226923 0.791983 0.010989 0.024879
107 0.552198 0.545957 0.020879 0.024879
2590 0.386813 0.214236 0.038462 0.024879
1435 0.223077 0.350035 0.039560 0.024879
113 0.140659 0.368003 0.039560 0.024879
2204 0.392033 0.689703 0.041209 0.024879
4053 0.469505 0.319281 0.045604 0.024879
102 0.646429 0.883207 0.047802 0.024879
2836 0.145604 0.738770 0.048352 0.024879
87 0.551648 0.449724 0.035165 0.025225
76 0.634066 0.379751 0.016484 0.025570
118 0.225824 0.425363 0.021978 0.025570
78 0.229670 0.817899 0.026374 0.025570
2746 0.717308 0.658258 0.039011 0.025570
1424 0.311538 0.737733 0.041758 0.025570
121 0.307692 0.323773 0.049451 0.025570
111 0.390659 0.591050 0.016484 0.025916
51 0.306319 0.479440 0.035714 0.025916
504 0.547253 0.209572 0.039560 0.025916
98 0.467857 0.445232 0.040110 0.025916
1663 0.640110 0.854008 0.054945 0.025916
680 0.224176 0.489979 0.034066 0.026261
3942 0.472527 0.600898 0.051648 0.026261
1399 0.638462 0.686938 0.052747 0.026261
1887 0.931593 0.148065 0.034615 0.026607
68 0.552747 0.349343 0.005495 0.026952
3757 0.637088 0.513131 0.047802 0.026952
60 0.553297 0.473566 0.014286 0.027298
58 0.473626 0.727885 0.020879 0.027298
119 0.557418 0.903766 0.032418 0.027298
1630 0.388187 0.242744 0.046703 0.027298
58 0.385714 0.415342 0.020879 0.027643
2253 0.797253 0.619212 0.039560 0.027643
4256 0.799176 0.726676 0.041209 0.027643
4307 0.552747 0.420180 0.045055 0.027643
338 0.393132 0.840359 0.050000 0.027643
83 0.467033 0.110746 0.014286 0.027989
870 0.312088 0.769005 0.034066 0.027989
350 0.935714 0.201970 0.040659 0.027989
3959 0.799725 0.655667 0.052198 0.027989
4440 0.796703 0.426918 0.059341 0.027989
119 0.226374 0.576365 0.016484 0.028334
119 0.639286 0.479959 0.019231 0.028334
296 0.475275 0.806496 0.029670 0.028334
3100 0.311813 0.822046 0.045604 0.028334
670 0.555220 0.789219 0.050000 0.028334
119 0.309066 0.505701 0.013736 0.028680
713 0.138736 0.172598 0.030220 0.028680
675 0.389011 0.721147 0.039560 0.029026
978 0.476374 0.780581 0.045055 0.029026
2217 0.801923 0.514167 0.047802 0.029026
273 0.885989 0.734969 0.047802 0.029026
1879 0.958242 0.398929 0.026374 0.029371
4291 0.636538 0.246199 0.047802 0.029371
457 0.553297 0.819454 0.050549 0.029371
3181 0.139560 0.435211 0.051648 0.029371
83 0.389011 0.272287 0.013187 0.029717
119 0.469505 0.384243 0.015934 0.029717
69 0.645330 0.331721 0.024725 0.029717
70 0.385989 0.369730 0.030220 0.029717
3192 0.307418 0.654112 0.036813 0.029717
1364 0.960714 0.363511 0.040110 0.029717
4486 0.390934 0.539392 0.045604 0.029717
3768 0.393407 0.792329 0.046154 0.029717
1315 0.299176 0.214582 0.048901 0.029717
1018 0.386813 0.126641 0.041758 0.030062
1887 0.466484 0.182274 0.043956 0.030062
717 0.305769 0.420698 0.051099 0.030062
2134 0.891758 0.866102 0.054945 0.030062
2247 0.307418 0.367484 0.057692 0.030062
316 0.888462 0.776952 0.068132 0.030062
2412 0.931319 0.116448 0.035165 0.030408
3806 0.962363 0.286109 0.043407 0.030408
3854 0.555495 0.849689 0.043956 0.030408
1567 0.306044 0.451970 0.053846 0.030408
83 0.468132 0.414478 0.013187 0.030753
1109 0.630220 0.111783 0.037363 0.030753
120 0.298077 0.113856 0.041209 0.030753
1868 0.884890 0.630788 0.042308 0.030753
4067 0.474176 0.854354 0.046154 0.030753
4229 0.972527 0.118521 0.030769 0.031099
1108 0.638462 0.652384 0.036264 0.031099
2173 0.716758 0.474084 0.068681 0.031099
68 0.389286 0.467001 0.004945 0.031444
296 0.308791 0.558224 0.025275 0.031444
83 0.718407 0.582066 0.013736 0.032135
1297 0.143681 0.870594 0.042308 0.032135
4119 0.548077 0.321182 0.052198 0.032135
83 0.389011 0.620594 0.013187 0.032481
68 0.635165 0.579820 0.028571 0.032481
3405 0.391484 0.659641 0.037912 0.032481
4164 0.793956 0.383898 0.048352 0.032481
333 0.716758 0.427263 0.052198 0.032827
4445 0.721703 0.619039 0.053297 0.032827
4072 0.385989 0.307187 0.041209 0.033172
3084 0.885165 0.826538 0.049451 0.033172
4116 0.977747 0.201279 0.020330 0.033518
1352 0.959066 0.324637 0.025824 0.033518
2741 0.228846 0.846752 0.047802 0.033518
1797 0.632967 0.208189 0.048352 0.033518
1567 0.716758 0.516068 0.054396 0.033518
68 0.800824 0.543538 0.007143 0.033863
1373 0.554670 0.692467 0.043407 0.033863
1373 0.720055 0.725639 0.044505 0.033863
4060 0.390385 0.503801 0.046703 0.033863
119 0.554396 0.656012 0.018681 0.034209
3994 0.548077 0.175881 0.036813 0.034554
3994 0.631319 0.151348 0.040659 0.034554
2152 0.641484 0.741880 0.042308 0.034554
68 0.719231 0.547167 0.007692 0.034900
1872 0.136813 0.136662 0.032967 0.034900
3160 0.137637 0.335349 0.037912 0.034900
83 0.546978 0.137180 0.013736 0.035245
83 0.797527 0.580166 0.014835 0.035245
2043 0.959341 0.243607 0.051648 0.035245
650 0.219780 0.137008 0.043956 0.035591
1297 0.223626 0.522287 0.045055 0.035591
4292 0.799451 0.473393 0.041758 0.035936
68 0.220604 0.273497 0.007143 0.036282
1267 0.960440 0.532308 0.045055 0.036282
577 0.957143 0.441603 0.039560 0.036628
4397 0.139286 0.400484 0.043407 0.036628
4091 0.302198 0.266068 0.046154 0.037319
83 0.549725 0.381652 0.013736 0.037664
2412 0.467857 0.149102 0.041209 0.037664
3037 0.550824 0.511057 0.036813 0.038010
1122 0.300000 0.177954 0.040659 0.038010
2952 0.956319 0.486351 0.037912 0.038355
83 0.140934 0.595024 0.014835 0.038701
4122 0.881319 0.494471 0.052747 0.038701
296 0.473077 0.539565 0.041758 0.040428
1921 0.880495 0.431928 0.053297 0.042156
314 0.886538 0.684001 0.046703 0.042502
2913 0.745604 0.204561 0.045055 0.043538
