81 0.435048 0.244719 0.008151 0.009750
91 0.716505 0.193370 0.015792 0.013650
56 0.385125 0.191095 0.012226 0.014300
52 0.761335 0.171921 0.018849 0.014300
81 0.571829 0.195645 0.024962 0.014300
91 0.311258 0.226357 0.016302 0.014625
81 0.431992 0.232044 0.022415 0.015600
123 0.386653 0.171758 0.016302 0.015925
1083 0.845390 0.203282 0.018849 0.016575
108 0.385125 0.231719 0.010188 0.019500
88 0.508660 0.194508 0.032094 0.019825
53 0.759042 0.189145 0.031584 0.020149
117 0.512481 0.174196 0.014264 0.020799
512 0.714722 0.174846 0.034641 0.020799
119 0.438614 0.209457 0.010188 0.021124
53 0.641620 0.235294 0.029037 0.021449
3313 0.798013 0.173058 0.031075 0.021774
2489 0.509679 0.240331 0.031075 0.021774
3786 0.841060 0.228469 0.028528 0.022749
2794 0.640856 0.213032 0.029547 0.023074
88 0.550688 0.236919 0.019358 0.023399
98 0.380540 0.210107 0.031584 0.023724
118 0.352522 0.223269 0.009170 0.024049
70 0.350229 0.241144 0.028018 0.024049
126 0.671421 0.199058 0.025471 0.024374
313 0.169129 0.242444 0.030565 0.024699
92 0.268212 0.227332 0.016811 0.025024
107 0.573867 0.210432 0.017830 0.025024
85 0.801579 0.227982 0.020886 0.025024
1782 0.173459 0.214007 0.028018 0.025024
1559 0.673204 0.175658 0.034131 0.025674
78 0.549669 0.212220 0.020377 0.025999
87 0.350993 0.197920 0.016302 0.026649
4164 0.308456 0.201820 0.023943 0.026649
2108 0.801834 0.202145 0.029547 0.026649
3313 0.266684 0.197920 0.033113 0.027299
364 0.307183 0.174846 0.035660 0.027299
3338 0.204024 0.184920 0.028018 0.027949
51 0.572593 0.174196 0.026490 0.028599
2909 0.203515 0.214820 0.026999 0.028599
721 0.508915 0.217257 0.028528 0.028924
2305 0.438105 0.184108 0.037697 0.028924
3407 0.842078 0.176633 0.027509 0.029574
4330 0.760316 0.218070 0.025981 0.031849
571 0.714722 0.222457 0.025471 0.034774
85 0.474274 0.229282 0.016302 0.044524
68 0.249873 0.227494 0.006623 0.054599
