200 0.402558 0.599359 0.018140 0.005385
246 0.196047 0.617308 0.044186 0.005385
200 0.495814 0.896923 0.019535 0.005641
200 0.662093 0.631538 0.022791 0.006154
200 0.753488 0.535128 0.023256 0.006154
200 0.492093 0.539615 0.025116 0.007436
154 0.571628 0.833205 0.017674 0.008974
56 0.285349 0.361282 0.015349 0.012308
91 0.910233 0.848077 0.026977 0.012564
140 0.933256 0.274615 0.019070 0.013333
698 0.555814 0.620513 0.025116 0.013333
102 0.285581 0.258462 0.048372 0.013333
76 0.376279 0.692564 0.017674 0.014872
698 0.731163 0.752308 0.024186 0.015897
91 0.551628 0.298205 0.029767 0.015897
91 0.728837 0.588846 0.032558 0.016154
55 0.193488 0.296282 0.048372 0.016154
55 0.288605 0.784487 0.033953 0.016667
1173 0.908140 0.293718 0.032093 0.017179
101 0.198837 0.547308 0.043256 0.017179
495 0.378372 0.587308 0.056279 0.017179
495 0.463256 0.884872 0.061395 0.017436
52 0.195814 0.453974 0.035349 0.017692
495 0.646744 0.617821 0.043256 0.017692
64 0.736512 0.454103 0.031163 0.017949
1173 0.640930 0.717436 0.038140 0.018462
52 0.912558 0.553333 0.047442 0.018462
88 0.197442 0.719231 0.023721 0.018974
88 0.642093 0.784872 0.023721 0.018974
56 0.192093 0.880256 0.040000 0.018974
252 0.906047 0.816923 0.042791 0.018974
252 0.374651 0.619744 0.047907 0.018974
56 0.466744 0.821026 0.017209 0.019487
553 0.729767 0.719231 0.051163 0.019487
60 0.460000 0.388590 0.034419 0.019744
91 0.726279 0.653205 0.036744 0.019744
126 0.727907 0.392051 0.025116 0.020000
698 0.643256 0.752051 0.028837 0.020000
91 0.638605 0.884103 0.029767 0.020000
88 0.466047 0.259744 0.033488 0.020000
1173 0.556279 0.851026 0.037209 0.020000
495 0.467209 0.525641 0.060930 0.020000
88 0.822093 0.653974 0.022791 0.020256
495 0.733488 0.521154 0.059535 0.020256
88 0.819535 0.453590 0.022326 0.020513
91 0.466512 0.753846 0.026047 0.020513
88 0.911163 0.583462 0.026977 0.020769
2885 0.463721 0.556538 0.044651 0.020769
64 0.555116 0.420769 0.016279 0.021026
91 0.284186 0.394872 0.035349 0.021026
101 0.910233 0.681282 0.040930 0.021026
88 0.292093 0.620641 0.022326 0.021282
122 0.289302 0.816538 0.028837 0.021282
83 0.636744 0.260897 0.029767 0.021282
83 0.375814 0.358077 0.032558 0.021282
91 0.552791 0.650000 0.028372 0.021538
83 0.192791 0.357436 0.040465 0.021538
252 0.197209 0.849487 0.041860 0.021538
1173 0.906512 0.262179 0.043721 0.021795
42 0.643256 0.846154 0.013953 0.022051
117 0.467209 0.326667 0.027442 0.022051
121 0.819302 0.328077 0.043256 0.022308
117 0.376977 0.261026 0.025581 0.022564
2707 0.817907 0.555385 0.029302 0.022564
91 0.815581 0.264615 0.033953 0.022564
548 0.904651 0.327692 0.039070 0.022564
88 0.379302 0.557564 0.020930 0.022821
128 0.467442 0.410256 0.017674 0.023077
88 0.734419 0.845641 0.020465 0.023077
126 0.285581 0.689487 0.034419 0.023077
83 0.194884 0.818590 0.032558 0.023333
65 0.646047 0.585769 0.036279 0.023333
2193 0.193488 0.685128 0.053023 0.023590
553 0.547907 0.585897 0.053953 0.023590
64 0.638605 0.323974 0.019535 0.023846
120 0.291163 0.520897 0.023256 0.023846
117 0.376047 0.750385 0.023721 0.023846
83 0.463256 0.290385 0.031628 0.023846
1592 0.637907 0.687051 0.051628 0.023846
126 0.552558 0.358718 0.028837 0.024103
66 0.909302 0.618077 0.031628 0.024359
4034 0.638605 0.654744 0.049302 0.024359
60 0.377674 0.284872 0.013953 0.024615
123 0.820000 0.820769 0.023256 0.024615
126 0.375814 0.425385 0.026977 0.024615
95 0.637209 0.391795 0.039070 0.024615
359 0.907209 0.783333 0.047907 0.024615
126 0.463256 0.851795 0.033488 0.025128
691 0.283488 0.753846 0.047907 0.025128
122 0.640465 0.423974 0.031628 0.025385
58 0.731395 0.330000 0.025581 0.025641
76 0.819302 0.687949 0.040465 0.025641
113 0.816047 0.387179 0.043256 0.025641
85 0.198140 0.391923 0.022326 0.025897
126 0.553488 0.723205 0.024186 0.025897
2983 0.460000 0.719872 0.041860 0.025897
717 0.559070 0.817564 0.059535 0.025897
83 0.549535 0.549231 0.027442 0.026154
107 0.821395 0.714103 0.032558 0.026154
1083 0.725814 0.684872 0.036744 0.026154
68 0.373488 0.457949 0.040930 0.026154
2987 0.550000 0.326667 0.055349 0.026154
58 0.910233 0.490897 0.033488 0.026410
89 0.820930 0.360897 0.054884 0.026410
85 0.912558 0.715641 0.016744 0.026667
85 0.292093 0.552051 0.023256 0.026667
932 0.727442 0.357692 0.050233 0.026667
2193 0.374884 0.390513 0.051163 0.026667
83 0.906279 0.387564 0.026512 0.026923
126 0.726512 0.786538 0.034419 0.026923
76 0.377442 0.487949 0.025581 0.027179
710 0.720930 0.557179 0.046512 0.027179
3231 0.818837 0.884103 0.050698 0.027179
119 0.196977 0.418846 0.020930 0.027436
88 0.907907 0.360128 0.024186 0.027436
126 0.373023 0.719872 0.036279 0.027436
529 0.286977 0.883718 0.054884 0.027436
117 0.910000 0.423590 0.026512 0.027692
3785 0.375116 0.326410 0.048837 0.027692
88 0.460465 0.590897 0.029767 0.027949
3090 0.553721 0.884231 0.046977 0.027949
68 0.467209 0.619231 0.007907 0.028205
85 0.732558 0.295385 0.015814 0.028205
60 0.376744 0.776667 0.017674 0.028205
117 0.552791 0.752308 0.023721 0.028205
119 0.552326 0.521667 0.020930 0.028462
89 0.282326 0.331923 0.043721 0.028462
252 0.730465 0.819615 0.044186 0.028462
58 0.291163 0.584359 0.031628 0.028718
552 0.817674 0.588462 0.038140 0.028718
95 0.200698 0.784359 0.039535 0.028718
119 0.910233 0.743718 0.019535 0.028974
60 0.908140 0.452308 0.019070 0.029231
252 0.639535 0.820256 0.037209 0.029231
83 0.642326 0.487308 0.029767 0.029487
83 0.376279 0.847564 0.032558 0.029487
76 0.641163 0.525000 0.033023 0.029487
121 0.908372 0.524744 0.033488 0.029487
87 0.284884 0.493974 0.034884 0.029487
2424 0.286977 0.426282 0.041860 0.029487
47 0.730465 0.264231 0.021860 0.030000
98 0.553023 0.492179 0.046512 0.030000
83 0.818372 0.518462 0.032093 0.030256
126 0.819302 0.784359 0.035814 0.030256
60 0.551628 0.781923 0.014884 0.030513
4458 0.461163 0.687821 0.050698 0.030513
68 0.194651 0.264359 0.011628 0.030769
2896 0.726047 0.616923 0.052093 0.030769
2246 0.196512 0.754231 0.042326 0.031026
4165 0.816047 0.619872 0.048837 0.031026
1609 0.283721 0.718974 0.050233 0.031282
4168 0.281860 0.656667 0.053953 0.031282
119 0.820698 0.849103 0.027442 0.031538
85 0.817907 0.298205 0.031163 0.031795
70 0.550000 0.394103 0.034884 0.031795
65 0.822093 0.743333 0.037674 0.031795
3439 0.550233 0.264359 0.042791 0.031795
118 0.913023 0.646538 0.016744 0.032051
1316 0.193256 0.653462 0.046977 0.032051
77 0.201395 0.483333 0.037209 0.032308
63 0.643953 0.456154 0.040465 0.032308
68 0.732093 0.880128 0.008372 0.032564
60 0.467674 0.354231 0.018140 0.032564
58 0.198605 0.321282 0.029767 0.032821
4168 0.464419 0.488718 0.052558 0.032821
70 0.636279 0.295256 0.033488 0.033077
68 0.377907 0.815897 0.013488 0.033333
70 0.729302 0.428077 0.041860 0.033590
83 0.463488 0.650513 0.029302 0.033846
107 0.642093 0.556923 0.030233 0.033846
68 0.816744 0.485513 0.012093 0.034103
4776 0.281628 0.458333 0.048837 0.034103
3459 0.369767 0.882949 0.050233 0.034103
89 0.463488 0.793718 0.041395 0.034615
53 0.817674 0.418077 0.015814 0.035641
70 0.195349 0.517692 0.023256 0.035897
68 0.290930 0.849872 0.006977 0.036154
68 0.283953 0.295897 0.011628 0.036923
68 0.735581 0.483590 0.017209 0.040513
98 0.373953 0.662308 0.049302 0.041026
119 0.465581 0.444744 0.021395 0.042821
68 0.638372 0.357821 0.009767 0.043333
68 0.554651 0.453718 0.008837 0.043846
68 0.196047 0.586026 0.012558 0.043846
47 0.376977 0.522821 0.027442 0.044103
