163 0.431729 0.666746 0.028520 0.012431
88 0.348841 0.843294 0.021747 0.013148
102 0.581462 0.874014 0.038503 0.013388
102 0.119251 0.775520 0.042424 0.013388
91 0.809091 0.588931 0.025312 0.014105
91 0.347950 0.599689 0.025668 0.014105
91 0.886809 0.746832 0.026738 0.014344
91 0.506239 0.614870 0.028520 0.014344
91 0.733512 0.880349 0.019608 0.014583
88 0.736720 0.771097 0.030303 0.014583
120 0.580392 0.664475 0.015686 0.015061
209 0.428877 0.680612 0.007130 0.015300
120 0.272727 0.747311 0.014260 0.015300
189 0.196257 0.905451 0.012478 0.015539
120 0.123173 0.371145 0.013191 0.016017
126 0.499465 0.856204 0.021390 0.016017
126 0.506774 0.718982 0.028877 0.016017
88 0.579501 0.711571 0.029590 0.016017
248 0.506239 0.737389 0.034225 0.016017
119 0.428699 0.905570 0.009626 0.016256
126 0.350980 0.906765 0.026738 0.016256
42 0.582709 0.763447 0.009626 0.016495
126 0.815686 0.791896 0.024242 0.016495
88 0.270410 0.905212 0.030303 0.016495
117 0.657398 0.864810 0.008556 0.016973
553 0.657219 0.821779 0.033155 0.016973
553 0.660784 0.737150 0.033868 0.016973
91 0.191622 0.689457 0.026025 0.017213
126 0.116399 0.622281 0.030303 0.017213
126 0.271658 0.834808 0.032799 0.017213
119 0.658111 0.882979 0.014260 0.017930
88 0.736185 0.658857 0.028520 0.018169
83 0.348128 0.863615 0.023886 0.018408
83 0.109626 0.577217 0.024599 0.018408
87 0.737790 0.680732 0.025312 0.018886
251 0.736720 0.556897 0.031729 0.018886
109 0.272906 0.554028 0.033155 0.018886
68 0.114973 0.703443 0.035294 0.018886
979 0.737255 0.862539 0.028520 0.019125
126 0.739394 0.720177 0.025668 0.019364
76 0.272014 0.729739 0.025668 0.019364
119 0.657932 0.595147 0.013904 0.019842
691 0.428164 0.888238 0.028520 0.019842
117 0.656328 0.575902 0.008556 0.020081
691 0.812299 0.606742 0.032442 0.020081
1579 0.345989 0.695434 0.032442 0.020081
2685 0.353476 0.886445 0.033155 0.020081
120 0.738146 0.700335 0.012478 0.020320
70 0.579679 0.855486 0.017112 0.020320
58 0.503030 0.904255 0.018538 0.020320
126 0.272727 0.628377 0.025668 0.020320
1174 0.352050 0.736672 0.031729 0.020320
119 0.737790 0.814129 0.013904 0.020798
252 0.656328 0.692207 0.022816 0.020798
2885 0.813369 0.836361 0.031729 0.020798
691 0.886275 0.642242 0.032799 0.020798
547 0.581105 0.646785 0.032799 0.020798
327 0.883422 0.696988 0.032799 0.020798
3735 0.813547 0.814129 0.032799 0.020798
70 0.123529 0.352618 0.028164 0.021038
126 0.349554 0.715993 0.028164 0.021038
92 0.426560 0.814846 0.019608 0.021277
2707 0.738503 0.613077 0.022460 0.021277
92 0.811586 0.659455 0.022460 0.021277
691 0.122103 0.295840 0.033155 0.021277
2836 0.503922 0.784007 0.034581 0.021277
885 0.113904 0.598494 0.036720 0.021277
252 0.269697 0.884891 0.028164 0.021755
102 0.662567 0.758666 0.031729 0.021755
885 0.658645 0.554984 0.035294 0.021755
2162 0.427629 0.703682 0.036007 0.021755
902 0.190553 0.827516 0.038146 0.021755
4311 0.812656 0.683720 0.032442 0.021994
868 0.124064 0.394812 0.028520 0.022233
3285 0.739572 0.792374 0.028877 0.022233
4260 0.505882 0.833493 0.029947 0.022711
2682 0.272193 0.859192 0.027451 0.022950
83 0.656150 0.714081 0.028164 0.022950
83 0.186453 0.636624 0.028520 0.022950
91 0.346702 0.672723 0.035294 0.022950
58 0.427807 0.866005 0.014260 0.023189
3231 0.812299 0.736194 0.029590 0.023189
2036 0.811230 0.859311 0.030303 0.023189
361 0.737968 0.637939 0.031373 0.023189
1935 0.347772 0.580564 0.038859 0.023189
330 0.349911 0.647263 0.024599 0.023667
330 0.274153 0.652522 0.027094 0.023667
3353 0.655080 0.904494 0.031016 0.023667
3965 0.193405 0.884413 0.035294 0.023667
2162 0.271480 0.676189 0.038859 0.023667
1185 0.657576 0.646426 0.027451 0.023906
2836 0.655793 0.670332 0.032442 0.023906
330 0.115330 0.553072 0.026025 0.024145
2133 0.428342 0.840186 0.028877 0.024145
2885 0.187166 0.555702 0.032799 0.024145
1834 0.735472 0.903299 0.032799 0.024145
2465 0.352406 0.821061 0.033868 0.024145
2083 0.884492 0.724002 0.034225 0.024145
91 0.115686 0.899235 0.040998 0.024145
1973 0.659002 0.843294 0.036007 0.024623
68 0.349911 0.760698 0.006774 0.024863
60 0.192692 0.800861 0.013904 0.024863
505 0.425134 0.762611 0.031729 0.024863
58 0.269340 0.575544 0.020321 0.025102
958 0.656150 0.619770 0.022460 0.025102
958 0.424777 0.614750 0.026025 0.025102
126 0.581462 0.828711 0.027094 0.025102
914 0.116399 0.647263 0.030303 0.025102
1157 0.506952 0.759383 0.035651 0.025580
1615 0.186631 0.584389 0.037433 0.025580
1385 0.349020 0.556419 0.038503 0.025580
1891 0.810160 0.631604 0.028877 0.025819
1845 0.736007 0.837915 0.031016 0.025819
330 0.191266 0.612120 0.026738 0.026058
1935 0.506774 0.694836 0.038146 0.026058
3136 0.503922 0.880110 0.026025 0.026536
1891 0.884135 0.668778 0.031373 0.026536
1831 0.580927 0.688142 0.031729 0.026536
2286 0.194118 0.775161 0.038146 0.026536
552 0.816756 0.708104 0.024242 0.026775
1891 0.123708 0.325126 0.027094 0.026775
3353 0.428342 0.554506 0.034581 0.027014
3136 0.114439 0.754602 0.024242 0.027492
868 0.192870 0.665432 0.034225 0.027492
368 0.428699 0.790700 0.036007 0.027492
1112 0.506774 0.809228 0.033155 0.027731
60 0.577005 0.617380 0.013191 0.027970
1827 0.504278 0.638178 0.024599 0.027970
3435 0.348128 0.620727 0.028164 0.027970
505 0.111586 0.836122 0.032799 0.027970
68 0.271836 0.703203 0.007487 0.028448
60 0.114617 0.676428 0.013191 0.028448
1385 0.506595 0.669257 0.037077 0.028448
2640 0.269340 0.605666 0.037433 0.028448
110 0.192157 0.856443 0.025668 0.028927
3160 0.507130 0.557614 0.029590 0.028927
3353 0.269340 0.772532 0.027451 0.029405
1986 0.810695 0.563352 0.034225 0.029405
1316 0.585205 0.738704 0.035294 0.029644
1827 0.733868 0.747191 0.028877 0.030361
110 0.115865 0.728066 0.032799 0.030361
60 0.191622 0.743127 0.010339 0.030839
1787 0.351337 0.789386 0.023173 0.031556
1894 0.429590 0.643079 0.032799 0.031556
1986 0.814439 0.764643 0.031016 0.031795
1297 0.508734 0.588931 0.034225 0.032273
973 0.573440 0.593354 0.026025 0.032513
3342 0.272549 0.805044 0.025312 0.032752
1297 0.735829 0.583911 0.035651 0.032752
68 0.427629 0.730696 0.007487 0.033708
1297 0.115330 0.869830 0.034581 0.033708
3342 0.427986 0.583672 0.031016 0.034186
1986 0.882888 0.607817 0.036007 0.034664
3342 0.577540 0.559766 0.029947 0.035620
68 0.660071 0.789505 0.008200 0.037533
68 0.579144 0.894454 0.007487 0.038967
3012 0.577005 0.793091 0.036007 0.039445
68 0.114973 0.797753 0.008200 0.043031
83 0.809091 0.895649 0.022460 0.043749
296 0.884314 0.777911 0.021747 0.043988
