246 0.820228 0.194942 0.038503 0.003785
246 0.033351 0.444425 0.026573 0.004474
246 0.577549 0.598417 0.045553 0.004818
246 0.025488 0.175671 0.026030 0.005162
93 0.429230 0.849449 0.038503 0.008603
92 0.025217 0.158637 0.016811 0.008947
101 0.825651 0.811253 0.045011 0.009291
92 0.181670 0.752065 0.026030 0.009979
161 0.825922 0.435650 0.018438 0.010323
88 0.034707 0.821920 0.006508 0.010668
92 0.821041 0.377323 0.027115 0.011356
56 0.182484 0.616999 0.015727 0.011700
57 0.343004 0.572608 0.026573 0.011700
93 0.510304 0.734687 0.042299 0.011700
92 0.035249 0.834652 0.007592 0.012044
92 0.821041 0.501893 0.026030 0.012044
93 0.505423 0.310908 0.044469 0.012044
128 0.420282 0.593944 0.006508 0.012388
92 0.029555 0.581211 0.010304 0.012388
297 0.258406 0.863730 0.036334 0.012388
101 0.420553 0.836545 0.048265 0.012388
56 0.257050 0.276497 0.011931 0.012732
56 0.099783 0.650895 0.016269 0.012732
92 0.578633 0.544219 0.029284 0.012732
297 0.819685 0.421370 0.038503 0.012732
57 0.584056 0.581900 0.026030 0.013076
101 0.255423 0.288025 0.036876 0.013076
56 0.339208 0.861838 0.010304 0.013421
56 0.094902 0.208706 0.011931 0.013421
128 0.743221 0.520991 0.008134 0.013765
88 0.179772 0.415348 0.022234 0.013765
57 0.749458 0.164831 0.031453 0.013765
128 0.258406 0.736579 0.008134 0.014109
56 0.095716 0.532863 0.018980 0.014109
57 0.106291 0.377667 0.034707 0.014109
88 0.498915 0.457846 0.017354 0.014797
88 0.340022 0.876290 0.018438 0.014797
91 0.258677 0.907605 0.026030 0.014797
85 0.823210 0.873365 0.016269 0.015141
88 0.663503 0.710943 0.018980 0.015141
88 0.180857 0.826566 0.020065 0.015141
64 0.500813 0.557123 0.028742 0.015141
51 0.497289 0.888507 0.029284 0.015141
128 0.734002 0.235891 0.015727 0.015485
88 0.418655 0.397970 0.018438 0.015485
88 0.579989 0.643324 0.018980 0.015485
88 0.821855 0.647798 0.021150 0.015485
88 0.175705 0.142292 0.035792 0.015485
120 0.259219 0.462147 0.016269 0.015829
101 0.027928 0.146937 0.029826 0.015829
81 0.578905 0.850998 0.036334 0.015829
101 0.095445 0.221955 0.042299 0.015829
88 0.340293 0.696662 0.022234 0.016173
98 0.173807 0.512904 0.040672 0.016173
121 0.032809 0.597729 0.016811 0.016518
88 0.098427 0.294219 0.017896 0.016518
62 0.182755 0.656917 0.018438 0.016518
120 0.584056 0.863042 0.020607 0.016518
57 0.349241 0.609773 0.033623 0.016518
52 0.333243 0.322436 0.035249 0.016518
57 0.587581 0.371989 0.035249 0.016518
93 0.107646 0.542670 0.046095 0.016518
119 0.501356 0.901927 0.013557 0.017206
547 0.255965 0.142464 0.036876 0.017206
101 0.821041 0.367171 0.043384 0.017206
85 0.100054 0.884893 0.010304 0.017550
64 0.177874 0.531487 0.019523 0.017550
91 0.025759 0.268582 0.021150 0.017550
64 0.495662 0.329491 0.023861 0.017550
81 0.414317 0.582416 0.037961 0.017550
126 0.179772 0.876118 0.030911 0.017894
495 0.815076 0.113902 0.052061 0.017894
120 0.575380 0.353235 0.020607 0.018238
91 0.579718 0.902443 0.030369 0.018238
2917 0.498373 0.780626 0.037961 0.018238
102 0.420824 0.314694 0.050976 0.018238
91 0.029555 0.485891 0.017896 0.018582
64 0.658894 0.277357 0.023861 0.018582
115 0.577278 0.476944 0.039588 0.018582
501 0.174620 0.368548 0.043384 0.018582
547 0.034707 0.619924 0.017354 0.018926
81 0.658894 0.900034 0.034707 0.018926
109 0.417299 0.296800 0.039588 0.018926
91 0.040401 0.903648 0.010304 0.019270
64 0.258677 0.723675 0.018438 0.019270
120 0.100597 0.348589 0.023319 0.019270
91 0.819143 0.452856 0.027657 0.019270
91 0.653742 0.296628 0.034165 0.019270
113 0.336768 0.591191 0.045553 0.019270
108 0.741052 0.309876 0.013557 0.019615
111 0.661876 0.688747 0.017896 0.019615
111 0.416215 0.359085 0.018980 0.019615
366 0.175434 0.579319 0.041757 0.019615
2180 0.500813 0.479525 0.043926 0.019615
3663 0.739967 0.571404 0.047180 0.019615
120 0.745390 0.503097 0.011388 0.019959
91 0.035521 0.709222 0.012473 0.019959
108 0.415944 0.243978 0.014100 0.019959
85 0.185466 0.599105 0.014100 0.019959
108 0.257321 0.116655 0.014642 0.019959
123 0.579176 0.562285 0.017354 0.019959
91 0.821041 0.567103 0.027115 0.019959
83 0.334599 0.773916 0.031453 0.019959
4416 0.259490 0.886098 0.039588 0.019959
82 0.342462 0.823641 0.048265 0.020303
76 0.030098 0.636270 0.011388 0.020647
108 0.104393 0.723675 0.016811 0.020647
118 0.826464 0.707846 0.022777 0.020647
126 0.335683 0.240193 0.024946 0.020647
302 0.173807 0.345492 0.046095 0.020647
120 0.337039 0.415175 0.016811 0.020991
126 0.333514 0.145045 0.027115 0.020991
126 0.496746 0.661906 0.031453 0.020991
95 0.097614 0.811253 0.043384 0.020991
885 0.821855 0.857708 0.047180 0.020991
85 0.740781 0.381624 0.008677 0.021335
85 0.665401 0.758775 0.010846 0.021335
117 0.026573 0.395045 0.011931 0.021335
118 0.031453 0.563661 0.013015 0.021335
76 0.337039 0.399862 0.014642 0.021335
1587 0.036334 0.738816 0.015184 0.021335
126 0.100054 0.835513 0.023319 0.021335
91 0.256779 0.698555 0.030911 0.021335
91 0.498915 0.578458 0.032538 0.021335
126 0.419469 0.764625 0.034165 0.021335
68 0.337039 0.799725 0.038503 0.021335
258 0.657538 0.168961 0.043926 0.021335
92 0.419197 0.902787 0.020607 0.021679
126 0.742408 0.593083 0.029284 0.021679
126 0.577007 0.146765 0.033623 0.021679
51 0.417570 0.148142 0.033623 0.021679
93 0.263557 0.192877 0.036876 0.021679
1004 0.496204 0.210771 0.036876 0.021679
72 0.738883 0.425843 0.043926 0.021679
757 0.577820 0.776497 0.047180 0.021679
1649 0.737527 0.283035 0.056399 0.021679
2685 0.036876 0.881624 0.006508 0.022023
111 0.578905 0.883001 0.012473 0.022023
111 0.739425 0.400206 0.018980 0.022023
74 0.260304 0.676531 0.020607 0.022023
126 0.497289 0.374398 0.030369 0.022023
83 0.572397 0.525809 0.030911 0.022023
126 0.418384 0.649690 0.034165 0.022023
1431 0.094902 0.317963 0.045553 0.022023
978 0.821312 0.520303 0.048265 0.022023
66 0.417570 0.198039 0.021692 0.022368
596 0.821312 0.543531 0.027657 0.022368
126 0.659436 0.414831 0.032538 0.022368
115 0.174078 0.239332 0.036876 0.022368
710 0.818330 0.789229 0.036876 0.022368
113 0.338937 0.850138 0.037961 0.022368
113 0.256508 0.629215 0.042299 0.022368
85 0.336497 0.341707 0.014642 0.022712
118 0.420282 0.448039 0.020607 0.022712
87 0.336497 0.508947 0.029826 0.022712
122 0.258406 0.754646 0.035249 0.022712
63 0.034165 0.314866 0.035792 0.022712
3735 0.102766 0.904680 0.041757 0.022712
642 0.175705 0.320716 0.042299 0.022712
375 0.097614 0.862698 0.043384 0.022712
121 0.497560 0.293875 0.049349 0.022712
316 0.035249 0.464040 0.029284 0.023056
126 0.260304 0.780626 0.030369 0.023056
247 0.818059 0.244838 0.039588 0.023056
68 0.254610 0.168100 0.040672 0.023056
68 0.179772 0.638851 0.041757 0.023056
346 0.577820 0.694597 0.050434 0.023056
118 0.502169 0.142464 0.017354 0.023400
111 0.258134 0.574673 0.018438 0.023400
91 0.415130 0.379215 0.033080 0.023400
122 0.659978 0.645217 0.037961 0.023400
127 0.179772 0.671025 0.041757 0.023400
4434 0.819685 0.897454 0.043926 0.023400
60 0.174078 0.262388 0.013015 0.023744
60 0.100325 0.670509 0.013015 0.023744
126 0.256779 0.483999 0.031996 0.023744
126 0.578091 0.273400 0.032538 0.023744
96 0.747289 0.254818 0.059653 0.023744
60 0.257592 0.649346 0.011931 0.024088
60 0.656996 0.190296 0.012473 0.024088
83 0.497017 0.832760 0.014642 0.024088
85 0.417570 0.496215 0.015184 0.024088
85 0.819143 0.272884 0.017896 0.024088
92 0.818059 0.299725 0.020065 0.024088
68 0.026844 0.291122 0.023319 0.024088
2153 0.340564 0.900895 0.033623 0.024088
127 0.494035 0.162767 0.041215 0.024088
122 0.177332 0.552994 0.041215 0.024088
316 0.497560 0.185134 0.042842 0.024088
362 0.335954 0.264969 0.046095 0.024088
885 0.740239 0.760840 0.046638 0.024088
362 0.577278 0.173434 0.050434 0.024088
53 0.662148 0.840502 0.011931 0.024432
3053 0.418655 0.819167 0.017354 0.024432
66 0.577820 0.502237 0.022234 0.024432
90 0.819414 0.322953 0.039046 0.024432
486 0.501627 0.600654 0.043384 0.024432
1441 0.099241 0.698039 0.043384 0.024432
2489 0.096529 0.269959 0.047722 0.024432
1731 0.419197 0.792326 0.050976 0.024432
85 0.662690 0.669649 0.013015 0.024776
58 0.028471 0.337233 0.016811 0.024776
111 0.662419 0.620440 0.018980 0.024776
1593 0.039317 0.762216 0.021150 0.024776
70 0.257050 0.442189 0.022777 0.024776
688 0.823210 0.216449 0.033623 0.024776
4402 0.180315 0.801445 0.034165 0.024776
121 0.493764 0.354439 0.046095 0.024776
68 0.742408 0.809188 0.006508 0.025120
60 0.095174 0.431693 0.013557 0.025120
54 0.744035 0.897281 0.034707 0.025120
2600 0.177874 0.393840 0.044469 0.025120
2733 0.580260 0.797832 0.045553 0.025120
121 0.501356 0.717309 0.048265 0.025120
96 0.183297 0.468169 0.050976 0.025120
119 0.030640 0.657605 0.009219 0.025465
119 0.418384 0.172402 0.012473 0.025465
4700 0.039588 0.857192 0.015184 0.025465
76 0.659436 0.116311 0.018438 0.025465
3053 0.817787 0.347213 0.019523 0.025465
111 0.420553 0.675843 0.021150 0.025465
91 0.414588 0.220922 0.034165 0.025465
54 0.095716 0.487956 0.037419 0.025465
95 0.415944 0.557811 0.040130 0.025465
1887 0.097072 0.601514 0.047722 0.025465
3299 0.741323 0.618720 0.048807 0.025465
51 0.030640 0.540434 0.016811 0.025809
119 0.261388 0.305403 0.019523 0.025809
98 0.094631 0.630248 0.036334 0.025809
4328 0.495662 0.237956 0.044469 0.025809
119 0.338937 0.532691 0.015184 0.026153
53 0.659436 0.477288 0.016269 0.026153
119 0.098698 0.240537 0.017354 0.026153
76 0.738341 0.219546 0.017896 0.026153
3329 0.025488 0.240537 0.022777 0.026153
95 0.741594 0.674811 0.038503 0.026153
71 0.423536 0.470062 0.041215 0.026153
2514 0.821312 0.479353 0.041757 0.026153
2514 0.657538 0.324157 0.043926 0.026153
2733 0.737798 0.784928 0.045011 0.026153
78 0.663774 0.500172 0.029284 0.026497
3940 0.096800 0.159153 0.035249 0.026497
222 0.820499 0.763076 0.042299 0.026497
68 0.102495 0.512732 0.009761 0.026841
3053 0.023861 0.125602 0.011931 0.026841
70 0.498915 0.502409 0.022777 0.026841
78 0.339751 0.749828 0.027657 0.026841
87 0.497017 0.118720 0.028742 0.026841
87 0.493764 0.267034 0.029826 0.026841
1385 0.818872 0.399518 0.040130 0.026841
3735 0.256508 0.257743 0.043384 0.026841
1189 0.335141 0.120096 0.044469 0.026841
74 0.032809 0.687371 0.012473 0.027185
83 0.579447 0.747591 0.013557 0.027185
119 0.664859 0.562113 0.017354 0.027185
76 0.338666 0.723159 0.021150 0.027185
725 0.103037 0.783035 0.034707 0.027185
51 0.415672 0.421370 0.035249 0.027185
3322 0.335141 0.479869 0.035792 0.027185
1428 0.742679 0.731418 0.037419 0.027185
83 0.741594 0.700619 0.011388 0.027529
70 0.578633 0.332416 0.022777 0.027529
121 0.174078 0.208534 0.031453 0.027529
3735 0.094089 0.462491 0.042842 0.027529
127 0.737256 0.364763 0.043926 0.027529
1887 0.255694 0.547144 0.046095 0.027529
1735 0.822939 0.832760 0.053688 0.027529
83 0.417570 0.703544 0.015184 0.027873
119 0.100325 0.182553 0.019523 0.027873
58 0.416486 0.332932 0.023861 0.027873
1267 0.180857 0.900379 0.043926 0.027873
2514 0.497560 0.434790 0.045011 0.027873
3841 0.577549 0.304026 0.050976 0.027873
1189 0.178959 0.851514 0.050976 0.027873
71 0.746475 0.450275 0.053688 0.027873
60 0.575651 0.420165 0.014642 0.028217
1352 0.822126 0.592567 0.019523 0.028217
121 0.820228 0.731246 0.033080 0.028217
401 0.414859 0.120440 0.042299 0.028217
2514 0.418655 0.874398 0.043384 0.028217
2514 0.174620 0.119408 0.044469 0.028217
4771 0.412961 0.270475 0.045011 0.028217
4403 0.415401 0.736407 0.045553 0.028217
1506 0.582158 0.666896 0.048265 0.028217
119 0.660249 0.140915 0.014642 0.028562
51 0.743492 0.649174 0.030369 0.028562
3735 0.741323 0.869408 0.039046 0.028562
1401 0.258677 0.807811 0.040130 0.028562
2255 0.741052 0.479525 0.040672 0.028562
68 0.579718 0.828458 0.041215 0.028562
2501 0.335683 0.373538 0.043384 0.028562
392 0.181128 0.773400 0.045553 0.028562
322 0.498915 0.531831 0.062907 0.028562
68 0.659165 0.217825 0.007050 0.028906
68 0.580260 0.719890 0.007592 0.028906
3053 0.178959 0.493806 0.018438 0.028906
92 0.258134 0.605988 0.021692 0.028906
83 0.254881 0.338094 0.013015 0.029250
2599 0.030098 0.512560 0.016811 0.029250
3754 0.577549 0.619236 0.029284 0.029250
1887 0.656182 0.387646 0.043384 0.029250
1385 0.180315 0.697350 0.046095 0.029250
83 0.260033 0.837577 0.011388 0.029594
83 0.334056 0.294219 0.013015 0.029594
104 0.659707 0.734687 0.041757 0.029594
1908 0.822397 0.624570 0.048265 0.029594
119 0.028742 0.420337 0.009761 0.029938
121 0.818872 0.137474 0.026030 0.029938
685 0.176518 0.441328 0.038503 0.029938
4038 0.661063 0.812285 0.041215 0.029938
3735 0.577007 0.452684 0.043384 0.029938
666 0.500542 0.808844 0.045553 0.029938
1385 0.497831 0.757915 0.047722 0.029938
4121 0.258677 0.369064 0.049892 0.029938
3184 0.333243 0.213352 0.038503 0.030282
2514 0.182755 0.729869 0.044469 0.030282
53 0.741594 0.833620 0.010304 0.030626
4416 0.575108 0.119924 0.041757 0.030626
3735 0.498373 0.690124 0.042299 0.030626
83 0.099512 0.749140 0.014642 0.030970
119 0.664046 0.781487 0.016811 0.030970
68 0.334599 0.548864 0.023861 0.030970
83 0.093818 0.123021 0.014100 0.031315
268 0.027928 0.367343 0.020065 0.031315
3545 0.495662 0.403131 0.052061 0.031315
83 0.335412 0.633173 0.012473 0.031659
4416 0.036876 0.792842 0.014100 0.031659
98 0.734544 0.192017 0.038503 0.031659
1457 0.578091 0.240881 0.042299 0.031659
68 0.741323 0.144184 0.006508 0.032347
83 0.659165 0.589470 0.013557 0.032347
83 0.654555 0.247075 0.014100 0.032347
3153 0.500000 0.864418 0.047722 0.032347
4587 0.739696 0.545595 0.046638 0.032691
83 0.818059 0.168961 0.012473 0.033035
2443 0.660792 0.447694 0.045011 0.033035
1567 0.740781 0.339126 0.052061 0.033379
83 0.575922 0.205265 0.016269 0.034067
1584 0.420282 0.620268 0.027115 0.034067
1675 0.330531 0.177047 0.050434 0.034067
577 0.336768 0.670681 0.043384 0.034412
3281 0.738883 0.120268 0.040672 0.034756
1844 0.497017 0.629387 0.036334 0.035100
2191 0.344360 0.446662 0.048807 0.035100
1117 0.415944 0.527701 0.032538 0.035444
2412 0.099783 0.569683 0.041215 0.036132
1917 0.658080 0.871301 0.035249 0.036476
2412 0.259219 0.514797 0.041215 0.036476
1172 0.173265 0.173262 0.039588 0.036820
2741 0.658623 0.532519 0.046095 0.036820
1755 0.820770 0.677564 0.043926 0.037164
697 0.027386 0.203716 0.026573 0.037853
2412 0.661063 0.357536 0.042299 0.037853
48 0.260575 0.217997 0.021150 0.040950
1172 0.256236 0.404336 0.041757 0.042670
