246 0.242714 0.177265 0.038223 0.004799
101 0.365026 0.184613 0.026756 0.008698
200 0.795987 0.152819 0.030578 0.009298
57 0.801481 0.715657 0.025323 0.010198
120 0.331104 0.223155 0.017200 0.010798
698 0.793359 0.667367 0.024367 0.010798
127 0.658146 0.501650 0.033923 0.011098
203 0.364071 0.538542 0.031534 0.011698
29 0.352365 0.244151 0.018634 0.011998
173 0.141902 0.594781 0.026756 0.011998
91 0.688963 0.508098 0.023889 0.012597
56 0.474439 0.791392 0.013378 0.012897
120 0.658146 0.372376 0.013856 0.012897
92 0.690397 0.468056 0.022934 0.012897
29 0.673913 0.390972 0.023411 0.012897
88 0.653368 0.475255 0.030100 0.012897
132 0.678452 0.883773 0.020067 0.013497
203 0.255614 0.152669 0.039178 0.013797
698 0.889154 0.357828 0.040134 0.013797
118 0.661491 0.488902 0.011945 0.014397
85 0.795987 0.703359 0.021022 0.014397
84 0.657191 0.512448 0.029145 0.014697
126 0.442666 0.346131 0.024367 0.014997
126 0.471572 0.752849 0.028667 0.014997
52 0.435738 0.729904 0.021022 0.015297
92 0.332776 0.156119 0.022456 0.015297
83 0.363354 0.217756 0.021500 0.015597
118 0.796942 0.728704 0.017200 0.015897
195 0.463927 0.450360 0.020067 0.015897
126 0.654802 0.460858 0.028189 0.015897
81 0.353559 0.708308 0.028667 0.015897
111 0.434783 0.885123 0.017200 0.016197
57 0.475872 0.859928 0.024845 0.016197
113 0.692785 0.318086 0.032489 0.016497
82 0.337315 0.192711 0.035356 0.016497
126 0.795270 0.685363 0.027234 0.016797
55 0.689680 0.413617 0.029145 0.016797
56 0.887721 0.418566 0.020067 0.017097
51 0.332298 0.119376 0.025323 0.017397
57 0.464166 0.646971 0.032011 0.017397
87 0.656952 0.319586 0.019111 0.017696
83 0.444099 0.386473 0.020545 0.017696
77 0.659580 0.337283 0.031056 0.017696
92 0.138318 0.436563 0.041567 0.017696
91 0.473722 0.388122 0.023411 0.017996
92 0.460822 0.288542 0.041567 0.017996
65 0.249881 0.706959 0.053512 0.017996
107 0.330626 0.209208 0.019111 0.018296
120 0.674630 0.647421 0.021022 0.018296
76 0.722647 0.549640 0.027234 0.018296
83 0.235547 0.881074 0.042045 0.018296
52 0.347109 0.345081 0.045389 0.018296
113 0.671285 0.867876 0.058290 0.018296
111 0.475394 0.369826 0.017200 0.018596
76 0.687291 0.452310 0.019589 0.018596
52 0.239847 0.753149 0.043956 0.018596
56 0.366221 0.170216 0.012900 0.018896
104 0.658146 0.417067 0.025323 0.018896
91 0.132585 0.876275 0.039656 0.018896
91 0.243669 0.383173 0.040134 0.018896
113 0.346632 0.838182 0.054945 0.018896
171 0.361921 0.520996 0.027234 0.019196
148 0.142140 0.630774 0.029145 0.019196
107 0.432871 0.868776 0.019111 0.019496
68 0.332059 0.174715 0.025800 0.019496
66 0.342570 0.883173 0.027711 0.019496
127 0.894171 0.848680 0.062590 0.019496
101 0.141185 0.194211 0.064501 0.019496
109 0.658624 0.356029 0.027234 0.019796
193 0.686335 0.788542 0.035834 0.019796
113 0.134735 0.693761 0.061156 0.019796
118 0.471811 0.879874 0.012900 0.020096
1083 0.473005 0.730804 0.022934 0.020096
83 0.564262 0.504649 0.037267 0.020096
85 0.245342 0.516047 0.038700 0.020096
85 0.333015 0.138272 0.013378 0.020396
56 0.353082 0.389922 0.021022 0.020396
92 0.240325 0.611878 0.038223 0.020396
119 0.366937 0.199460 0.014333 0.020996
166 0.476350 0.699460 0.017200 0.020996
56 0.886049 0.874325 0.024367 0.020996
132 0.574534 0.766947 0.026278 0.020996
68 0.687530 0.432513 0.026756 0.020996
92 0.564262 0.594031 0.037267 0.021296
92 0.676780 0.230504 0.046345 0.021296
58 0.475872 0.349730 0.017200 0.021596
148 0.794075 0.170066 0.027711 0.021596
1083 0.689680 0.486203 0.029145 0.021596
83 0.881749 0.657768 0.040612 0.021596
101 0.461538 0.549490 0.047778 0.021596
126 0.561156 0.347930 0.049212 0.021596
52 0.349259 0.784643 0.052556 0.021596
159 0.465600 0.428164 0.023411 0.021896
56 0.462733 0.181614 0.024367 0.021896
68 0.472766 0.773995 0.027234 0.021896
85 0.892021 0.219706 0.037267 0.021896
52 0.890588 0.244601 0.047778 0.021896
120 0.461538 0.267546 0.021022 0.022196
120 0.245103 0.589982 0.021978 0.022196
88 0.364787 0.146971 0.023411 0.022196
51 0.436216 0.825735 0.024845 0.022196
66 0.347109 0.818536 0.032011 0.022196
52 0.890588 0.169766 0.043000 0.022196
55 0.347348 0.368626 0.047778 0.022196
127 0.141185 0.559988 0.053989 0.022196
166 0.798376 0.634523 0.017200 0.022496
84 0.885571 0.329784 0.044434 0.022496
102 0.240564 0.860678 0.057812 0.022496
58 0.443860 0.366227 0.015289 0.022795
84 0.441233 0.745651 0.033923 0.022795
91 0.782609 0.228554 0.038223 0.022795
126 0.242236 0.488302 0.046823 0.022795
127 0.351648 0.594781 0.057334 0.022795
113 0.565695 0.745051 0.058290 0.022795
83 0.774725 0.854379 0.036789 0.023095
119 0.474677 0.809538 0.014811 0.023395
166 0.477544 0.314637 0.015767 0.023395
66 0.433110 0.847331 0.023411 0.023395
93 0.440516 0.800840 0.028667 0.023395
84 0.569517 0.251050 0.043956 0.023395
126 0.889154 0.121776 0.047778 0.023395
134 0.141902 0.610228 0.016245 0.023695
132 0.790492 0.136023 0.024367 0.023695
57 0.792642 0.287493 0.032489 0.023695
126 0.132346 0.349580 0.045867 0.023695
562 0.364310 0.123875 0.025323 0.023995
92 0.782370 0.349430 0.038700 0.023995
72 0.137363 0.536893 0.043478 0.023995
98 0.889393 0.267696 0.060678 0.024295
57 0.684663 0.674115 0.062112 0.024295
56 0.346871 0.732454 0.022934 0.024595
85 0.565695 0.684163 0.026756 0.024595
57 0.891782 0.724655 0.033923 0.024595
162 0.462972 0.470756 0.021978 0.024895
66 0.132107 0.752100 0.027234 0.024895
111 0.133301 0.846581 0.027711 0.024895
84 0.784281 0.790492 0.049212 0.024895
55 0.891782 0.146521 0.055901 0.024895
53 0.690635 0.338932 0.014811 0.025195
166 0.694935 0.285543 0.016722 0.025195
88 0.346632 0.622376 0.034878 0.025195
72 0.778548 0.551890 0.040612 0.025195
58 0.456522 0.525345 0.047301 0.025495
109 0.887960 0.474655 0.048256 0.025495
53 0.347826 0.860528 0.017200 0.025795
88 0.779264 0.457409 0.030578 0.025795
81 0.886527 0.634673 0.045389 0.025795
108 0.351171 0.413167 0.023889 0.026095
111 0.779264 0.878974 0.035356 0.026095
53 0.657430 0.439712 0.014333 0.026395
132 0.678930 0.761848 0.029623 0.026395
88 0.137124 0.283743 0.043956 0.026395
3663 0.566412 0.279244 0.052078 0.026395
87 0.470377 0.838482 0.020545 0.026695
61 0.573817 0.570036 0.032489 0.026695
57 0.577879 0.124625 0.038700 0.026695
118 0.463688 0.206059 0.020545 0.026995
66 0.350693 0.444211 0.022934 0.026995
77 0.676780 0.733953 0.043478 0.026995
61 0.894649 0.501050 0.034878 0.027295
92 0.349021 0.322286 0.037745 0.027295
76 0.237936 0.284343 0.032489 0.027594
83 0.133779 0.413917 0.038223 0.027594
81 0.889871 0.787343 0.041567 0.027594
77 0.351887 0.494901 0.042523 0.027594
53 0.461061 0.124625 0.016245 0.027894
76 0.886288 0.194811 0.032489 0.027894
76 0.887004 0.606629 0.034878 0.027894
67 0.250119 0.729904 0.042523 0.027894
252 0.241042 0.564937 0.048256 0.027894
55 0.349259 0.686713 0.050645 0.027894
121 0.577879 0.151920 0.067367 0.027894
57 0.573340 0.793641 0.039178 0.028194
101 0.786909 0.578584 0.060201 0.028194
117 0.675108 0.555939 0.022934 0.028494
66 0.454611 0.498950 0.025323 0.028494
68 0.725753 0.526245 0.032489 0.028494
134 0.683946 0.815537 0.016722 0.028794
51 0.782848 0.203959 0.038700 0.028794
121 0.463450 0.670066 0.071667 0.028794
83 0.766125 0.722106 0.021500 0.029094
104 0.350693 0.568836 0.038223 0.029094
45 0.795270 0.127175 0.039656 0.029394
87 0.347109 0.759148 0.039656 0.029394
70 0.240325 0.837732 0.058290 0.029394
87 0.785237 0.519646 0.053034 0.029694
91 0.140707 0.217457 0.036789 0.029994
77 0.570951 0.656869 0.045867 0.029994
87 0.786909 0.601680 0.047778 0.029994
87 0.677258 0.255249 0.050167 0.029994
119 0.248686 0.541242 0.023411 0.030294
3665 0.435977 0.773095 0.024367 0.030294
3735 0.669135 0.843581 0.046345 0.030294
366 0.561873 0.626725 0.058290 0.030294
68 0.766364 0.678314 0.006689 0.030894
7 0.244864 0.456209 0.051123 0.031194
90 0.245581 0.127475 0.055423 0.031194
127 0.359771 0.469556 0.071667 0.031494
107 0.239847 0.777744 0.032489 0.031794
1435 0.565217 0.717457 0.049689 0.031794
1083 0.782848 0.258998 0.044434 0.032094
63 0.569995 0.477055 0.052556 0.032094
78 0.569279 0.409118 0.025323 0.032394
4377 0.887721 0.298140 0.050645 0.032394
120 0.559723 0.823935 0.053989 0.032394
381 0.245342 0.356629 0.054945 0.032394
107 0.136646 0.168116 0.029623 0.032693
70 0.239369 0.807289 0.035356 0.032693
119 0.888438 0.443611 0.022456 0.032993
53 0.241519 0.685063 0.025323 0.032993
89 0.461300 0.155369 0.044434 0.032993
87 0.785714 0.378224 0.048256 0.032993
99 0.571429 0.377175 0.064023 0.033293
60 0.671285 0.586983 0.021022 0.033593
107 0.566412 0.222555 0.027234 0.033593
77 0.679646 0.202759 0.044434 0.033593
66 0.137124 0.666917 0.028667 0.033893
51 0.564740 0.446761 0.038223 0.033893
58 0.671524 0.703359 0.028189 0.034193
107 0.139990 0.507798 0.030578 0.034193
3665 0.455327 0.614877 0.046823 0.034193
2295 0.678452 0.127774 0.055423 0.034193
564 0.131390 0.317636 0.056378 0.034193
86 0.146918 0.818086 0.035834 0.034493
3956 0.780459 0.761698 0.053989 0.034493
300 0.775681 0.823635 0.041567 0.034793
76 0.885571 0.755399 0.027234 0.035093
45 0.367893 0.817037 0.036312 0.035393
1083 0.245103 0.317936 0.053512 0.035393
111 0.887482 0.821086 0.025323 0.035693
2237 0.780698 0.319286 0.046823 0.035693
2820 0.135929 0.785993 0.053989 0.035693
2674 0.462016 0.240552 0.060201 0.035993
4503 0.567367 0.538542 0.059723 0.036293
47 0.690158 0.364127 0.014811 0.036593
53 0.135213 0.721356 0.023889 0.036593
107 0.242953 0.252250 0.026278 0.036593
45 0.147874 0.595831 0.034878 0.036893
1083 0.138079 0.252100 0.046823 0.036893
68 0.886527 0.574535 0.049212 0.036893
4084 0.566890 0.313137 0.058767 0.037193
68 0.780220 0.487552 0.019111 0.037493
330 0.137363 0.382873 0.032967 0.037493
93 0.895843 0.392172 0.050645 0.037493
1476 0.245819 0.648770 0.049212 0.037792
808 0.247014 0.415717 0.056378 0.037792
45 0.362876 0.276095 0.033923 0.038092
2237 0.672719 0.620426 0.047778 0.038092
2682 0.564262 0.870276 0.048734 0.038092
3741 0.568323 0.188662 0.052078 0.038992
2295 0.141185 0.468956 0.053034 0.039292
2154 0.885093 0.688662 0.051123 0.039592
1584 0.140229 0.131824 0.034878 0.039892
45 0.687291 0.548590 0.041567 0.040192
45 0.471572 0.426065 0.036312 0.040492
64 0.350932 0.288092 0.041567 0.042891
2153 0.459388 0.575285 0.045389 0.044391
47 0.891304 0.530444 0.031056 0.045891
47 0.355471 0.649820 0.033445 0.045891
365 0.245342 0.210558 0.053989 0.046791
4373 0.780936 0.421116 0.057812 0.046791
