128 0.718889 0.719346 0.010222 0.011118
92 0.478667 0.920584 0.027556 0.012071
92 0.256667 0.843710 0.029778 0.012071
92 0.707778 0.556385 0.029778 0.012389
92 0.792889 0.707116 0.037333 0.012706
92 0.318889 0.516677 0.036000 0.013659
92 0.108222 0.190438 0.032444 0.015565
92 0.471778 0.211404 0.036889 0.016201
57 0.482222 0.535578 0.032000 0.017789
64 0.328667 0.743170 0.025333 0.019377
56 0.791111 0.432179 0.048889 0.020013
248 0.710889 0.876588 0.046667 0.020648
52 0.183556 0.662484 0.056889 0.021283
92 0.180222 0.239041 0.020000 0.021919
88 0.182889 0.148507 0.020889 0.021919
76 0.796222 0.452033 0.026222 0.022236
1173 0.626222 0.542090 0.043556 0.022554
302 0.106000 0.338151 0.062667 0.022554
87 0.182667 0.262548 0.029333 0.023189
1002 0.245778 0.246823 0.068444 0.024142
91 0.395556 0.558609 0.036444 0.024460
52 0.400000 0.731576 0.043556 0.024778
1002 0.395111 0.310356 0.065778 0.024778
91 0.474667 0.341963 0.034667 0.025095
87 0.322222 0.156290 0.035556 0.025413
89 0.402000 0.700445 0.041333 0.025413
72 0.398444 0.810673 0.050222 0.025413
56 0.476889 0.269536 0.018667 0.025731
66 0.257778 0.645966 0.018667 0.025731
91 0.885333 0.908672 0.038222 0.025731
93 0.332000 0.822427 0.032000 0.026048
1002 0.095556 0.473952 0.058667 0.026048
85 0.799111 0.805114 0.016000 0.026366
68 0.794667 0.876588 0.048000 0.026366
2542 0.108222 0.854193 0.055556 0.026684
88 0.257111 0.820680 0.028000 0.027001
501 0.872889 0.475381 0.049778 0.027001
126 0.183778 0.213151 0.042222 0.027319
64 0.794444 0.772395 0.024444 0.027637
88 0.628222 0.610705 0.025333 0.027637
88 0.320000 0.489676 0.028444 0.027637
72 0.179111 0.757783 0.050667 0.027637
64 0.712667 0.696474 0.031556 0.028272
259 0.786889 0.284466 0.048444 0.028272
117 0.397778 0.395172 0.016889 0.028590
66 0.187556 0.725381 0.019556 0.028907
91 0.180889 0.879765 0.047111 0.028907
88 0.792222 0.401525 0.034222 0.029225
126 0.400444 0.667090 0.043556 0.029225
126 0.250000 0.465057 0.044000 0.029225
2489 0.402000 0.629288 0.049333 0.029225
117 0.250000 0.503812 0.020889 0.029860
736 0.549333 0.825921 0.052444 0.029860
85 0.714889 0.616741 0.014667 0.030178
56 0.790889 0.206004 0.017333 0.030178
88 0.396889 0.205686 0.032889 0.030178
72 0.540444 0.215534 0.051556 0.030178
1005 0.543556 0.309244 0.057778 0.030178
81 0.634000 0.878335 0.036000 0.030496
642 0.104000 0.651525 0.036444 0.030496
72 0.614889 0.355464 0.040444 0.030496
92 0.618889 0.319409 0.016444 0.030813
78 0.181778 0.290184 0.025778 0.030813
251 0.102000 0.902637 0.050222 0.030813
98 0.780667 0.173285 0.053778 0.030813
91 0.786667 0.319886 0.048889 0.031131
323 0.710222 0.530178 0.071111 0.031131
95 0.710222 0.588469 0.049778 0.031449
73 0.247778 0.610070 0.052000 0.031449
118 0.325778 0.189644 0.014222 0.031766
118 0.797333 0.481099 0.011556 0.032084
62 0.187778 0.691391 0.028000 0.032084
264 0.871333 0.557338 0.039556 0.032084
109 0.474667 0.241900 0.045333 0.032084
259 0.703333 0.454098 0.063556 0.032084
88 0.107333 0.157878 0.026222 0.032402
980 0.321556 0.549238 0.031556 0.032402
83 0.399556 0.844981 0.037333 0.032402
91 0.319556 0.715057 0.050667 0.032402
119 0.711556 0.414390 0.028444 0.032719
83 0.872000 0.775254 0.040000 0.032719
2203 0.623778 0.478558 0.044000 0.032719
271 0.109556 0.295902 0.049333 0.032719
91 0.867778 0.595457 0.054667 0.032719
119 0.401333 0.427255 0.022222 0.033037
51 0.620000 0.286531 0.032000 0.033037
88 0.875778 0.434879 0.033333 0.033037
122 0.710889 0.750635 0.041333 0.033037
91 0.319111 0.371665 0.045333 0.033037
1579 0.251556 0.786849 0.051556 0.033037
769 0.325333 0.629447 0.041778 0.033355
117 0.706222 0.379606 0.020444 0.033672
88 0.252444 0.209022 0.032889 0.033672
126 0.546889 0.521283 0.041333 0.033672
1350 0.104667 0.611182 0.041333 0.033672
91 0.471111 0.654066 0.051556 0.033672
1579 0.792667 0.678526 0.052889 0.033672
91 0.551111 0.786849 0.056000 0.033672
980 0.475333 0.378177 0.022667 0.033990
81 0.709333 0.664072 0.045333 0.033990
107 0.254444 0.573380 0.020000 0.034307
119 0.253333 0.538437 0.026667 0.034307
86 0.804000 0.734435 0.034667 0.034307
91 0.245333 0.286531 0.051556 0.034307
91 0.616889 0.509212 0.051556 0.034307
121 0.793333 0.515407 0.024889 0.034625
83 0.250222 0.684403 0.032889 0.034625
126 0.716222 0.844187 0.053778 0.034625
503 0.799556 0.635959 0.033778 0.034943
642 0.105333 0.383100 0.036444 0.034943
119 0.330889 0.856893 0.022667 0.035260
271 0.541556 0.396283 0.044889 0.035260
2138 0.880667 0.869282 0.049333 0.035260
764 0.868000 0.289231 0.053333 0.035260
74 0.705111 0.294473 0.028000 0.035578
91 0.870000 0.254447 0.052000 0.035578
91 0.709333 0.781766 0.052444 0.035578
111 0.789778 0.838310 0.052444 0.035578
121 0.798000 0.909625 0.030667 0.035896
3086 0.558000 0.751112 0.053778 0.035896
278 0.711333 0.492217 0.028000 0.036531
2590 0.254667 0.869282 0.028444 0.036531
253 0.187556 0.913278 0.029333 0.036849
4082 0.398667 0.164231 0.033778 0.036849
2727 0.394444 0.592440 0.040444 0.036849
3307 0.252889 0.909149 0.056889 0.036849
981 0.475778 0.415820 0.067111 0.036849
316 0.722222 0.905337 0.081778 0.036849
4722 0.110000 0.258418 0.041333 0.037166
91 0.100444 0.818774 0.056000 0.037166
686 0.716889 0.816074 0.046222 0.037484
3760 0.545556 0.563532 0.068889 0.037484
60 0.641556 0.908672 0.019111 0.037802
119 0.103333 0.741582 0.023556 0.037802
79 0.250222 0.430273 0.029333 0.037802
102 0.324222 0.225064 0.043111 0.037802
3101 0.556222 0.711722 0.046667 0.037802
4602 0.184444 0.178685 0.047111 0.037802
3760 0.388667 0.519219 0.059111 0.037802
83 0.625333 0.645489 0.024000 0.038119
3077 0.553333 0.670267 0.053333 0.038119
126 0.183333 0.624047 0.036000 0.038437
486 0.875556 0.631671 0.050667 0.038437
1887 0.867778 0.173285 0.051111 0.038437
85 0.545333 0.436150 0.013333 0.038755
643 0.874889 0.513977 0.036000 0.038755
127 0.104889 0.779543 0.049778 0.038755
981 0.320889 0.587357 0.060444 0.038755
70 0.252667 0.387706 0.017333 0.039072
58 0.630222 0.794314 0.038222 0.039072
58 0.786667 0.244282 0.018667 0.039390
121 0.794667 0.590534 0.026667 0.039390
253 0.875556 0.393107 0.038222 0.039708
2236 0.621556 0.441074 0.049333 0.039708
53 0.319778 0.408831 0.017333 0.040025
62 0.796000 0.550826 0.045333 0.040025
272 0.099333 0.566391 0.069778 0.040025
3066 0.254000 0.166137 0.060889 0.040661
2484 0.184889 0.330210 0.039111 0.040978
2162 0.873778 0.680591 0.042667 0.040978
4164 0.470222 0.510642 0.051556 0.040978
287 0.471111 0.786372 0.053333 0.040978
78 0.320889 0.452668 0.032889 0.041296
978 0.335111 0.899936 0.049778 0.041296
1309 0.323333 0.275413 0.056444 0.041296
718 0.473778 0.461404 0.031111 0.041614
4429 0.868667 0.215851 0.044000 0.041614
2125 0.183778 0.797808 0.056444 0.041614
885 0.107556 0.219663 0.056889 0.041614
3307 0.628444 0.839740 0.079111 0.041614
68 0.479556 0.305591 0.008000 0.041931
1270 0.470444 0.741105 0.042222 0.041931
1229 0.629333 0.575286 0.054222 0.041931
1309 0.186444 0.845299 0.054667 0.042567
83 0.542444 0.259848 0.022667 0.043202
2162 0.479333 0.616900 0.054667 0.043202
1354 0.613778 0.239358 0.040889 0.043520
3102 0.478667 0.832751 0.040889 0.043520
804 0.102667 0.520013 0.044444 0.043837
85 0.879111 0.820997 0.019556 0.044155
121 0.704222 0.334975 0.028000 0.044790
1797 0.630667 0.694886 0.048889 0.044790
3322 0.541333 0.349428 0.032000 0.045108
118 0.543556 0.171379 0.036444 0.045426
4344 0.614444 0.396919 0.049333 0.045426
721 0.467556 0.567027 0.050667 0.045743
2946 0.102667 0.692980 0.044444 0.046061
961 0.106667 0.426461 0.047111 0.046061
1111 0.327333 0.670267 0.036000 0.046379
721 0.537778 0.486023 0.050667 0.047014
4344 0.708444 0.173285 0.047111 0.047332
4116 0.397556 0.351334 0.036889 0.047649
1578 0.179778 0.378494 0.043111 0.047967
1551 0.406000 0.896125 0.042222 0.048285
1427 0.399111 0.472205 0.065778 0.048602
1778 0.325333 0.327033 0.042667 0.049873
3798 0.623111 0.174238 0.048889 0.049873
68 0.330889 0.782084 0.010222 0.050191
1831 0.469778 0.172173 0.035556 0.050191
667 0.177778 0.574333 0.049778 0.050191
316 0.791111 0.359911 0.066667 0.050191
3062 0.405556 0.772078 0.044000 0.051144
68 0.876889 0.729034 0.009778 0.052732
1290 0.479556 0.882783 0.055111 0.054638
505 0.870667 0.337992 0.032889 0.055273
68 0.630889 0.744441 0.007556 0.055591
68 0.547556 0.611499 0.008000 0.056544
4532 0.247333 0.334975 0.045778 0.056861
3893 0.550444 0.881989 0.045778 0.058767
707 0.253556 0.734593 0.039556 0.060673
3515 0.172444 0.440121 0.059556 0.062579
3496 0.177111 0.510165 0.042222 0.065438
68 0.395556 0.260642 0.007111 0.065756
68 0.706444 0.234593 0.012889 0.069568
