128 0.144782 0.537792 0.013229 0.012159
92 0.847869 0.303976 0.034787 0.013145
102 0.847624 0.376602 0.051935 0.014459
102 0.348359 0.218863 0.055855 0.015117
173 0.638658 0.440191 0.031847 0.015445
120 0.219255 0.926388 0.020088 0.016431
102 0.350318 0.639008 0.051935 0.016760
92 0.061000 0.480118 0.034787 0.017088
52 0.782460 0.280644 0.039196 0.017088
113 0.282705 0.545350 0.044096 0.017417
128 0.717785 0.919159 0.013719 0.018403
93 0.067614 0.417844 0.045076 0.018732
1006 0.575943 0.849491 0.041646 0.019060
85 0.139147 0.588400 0.017638 0.019389
91 0.142332 0.890733 0.030867 0.019389
76 0.709456 0.264049 0.037237 0.019389
698 0.783684 0.520210 0.031847 0.019717
57 0.857178 0.638843 0.031847 0.019717
128 0.786624 0.742524 0.013229 0.020046
126 0.352033 0.583470 0.048506 0.020046
81 0.424547 0.758133 0.046546 0.020375
120 0.141842 0.714919 0.020088 0.020703
76 0.638658 0.141472 0.026948 0.020703
123 0.129103 0.239731 0.037727 0.020703
126 0.494610 0.220506 0.046546 0.021032
64 0.500490 0.808577 0.020088 0.021360
1810 0.353748 0.559809 0.026458 0.021360
110 0.783439 0.416201 0.031357 0.021360
72 0.564674 0.118797 0.035767 0.021360
91 0.648212 0.921295 0.038217 0.021360
55 0.710926 0.483240 0.048016 0.021360
56 0.636453 0.120276 0.042136 0.021689
126 0.279765 0.150016 0.041156 0.022018
89 0.640372 0.234801 0.048996 0.022018
76 0.130328 0.261255 0.028417 0.022346
91 0.212886 0.880053 0.032827 0.022346
1416 0.852278 0.325337 0.045566 0.022346
113 0.714846 0.898784 0.050955 0.022346
60 0.362812 0.921623 0.020088 0.022675
60 0.429936 0.832238 0.022048 0.022675
93 0.428711 0.523004 0.043116 0.022675
92 0.565409 0.143937 0.018618 0.023004
88 0.278540 0.361157 0.019108 0.023004
91 0.207986 0.446927 0.033807 0.023004
126 0.065654 0.614854 0.044096 0.023004
120 0.427242 0.349162 0.017638 0.023332
89 0.711661 0.312685 0.053405 0.023332
108 0.356198 0.854749 0.013719 0.023661
85 0.496570 0.649688 0.016169 0.023661
88 0.277560 0.709826 0.020088 0.023661
92 0.717050 0.242524 0.025968 0.023661
66 0.784909 0.178114 0.027438 0.023661
91 0.060265 0.195531 0.032337 0.023661
110 0.279520 0.455800 0.033807 0.023661
91 0.494121 0.377588 0.034787 0.023661
60 0.138658 0.692737 0.038217 0.023661
56 0.420627 0.185672 0.046546 0.023661
88 0.643312 0.716234 0.021558 0.023989
74 0.853748 0.569668 0.028907 0.023989
83 0.347379 0.425731 0.037237 0.023989
81 0.638902 0.353763 0.047036 0.023989
85 0.859628 0.147880 0.012249 0.024318
87 0.852768 0.446270 0.034787 0.024318
87 0.712886 0.544200 0.036257 0.024318
87 0.565654 0.222478 0.037727 0.024318
2177 0.279520 0.124220 0.046546 0.024318
120 0.574963 0.793789 0.024008 0.024647
91 0.569819 0.525961 0.038217 0.024647
738 0.220235 0.902892 0.060265 0.024647
85 0.785644 0.255340 0.014209 0.024975
88 0.061734 0.261255 0.018618 0.024975
120 0.569084 0.334538 0.020088 0.024975
88 0.642087 0.586592 0.020088 0.024975
120 0.785644 0.580348 0.023028 0.024975
1810 0.642577 0.686494 0.029887 0.024975
3053 0.853993 0.513966 0.032337 0.024975
63 0.790299 0.790667 0.036257 0.024975
76 0.360363 0.897470 0.037727 0.024975
366 0.431896 0.920473 0.047526 0.024975
120 0.352768 0.763556 0.019598 0.025304
495 0.071534 0.712291 0.047036 0.025304
113 0.134003 0.737923 0.051445 0.025304
60 0.424792 0.324680 0.040176 0.025633
126 0.787604 0.151495 0.041646 0.025633
2280 0.207741 0.638515 0.045076 0.025633
2177 0.496080 0.123562 0.054385 0.025633
120 0.214601 0.826323 0.019598 0.025961
88 0.785154 0.816135 0.020088 0.025961
120 0.566144 0.247617 0.022048 0.025961
1214 0.060020 0.165790 0.034787 0.025961
3731 0.640862 0.559481 0.042136 0.025961
1560 0.211416 0.417516 0.043606 0.025961
126 0.209701 0.500329 0.044096 0.025961
126 0.711171 0.188137 0.047526 0.025961
91 0.853993 0.210154 0.049976 0.025961
53 0.136208 0.763720 0.013719 0.026290
88 0.424302 0.441012 0.019598 0.026290
1415 0.498530 0.405192 0.049486 0.026290
118 0.570309 0.642951 0.012739 0.026618
60 0.644047 0.864443 0.016169 0.026618
120 0.070554 0.833881 0.018618 0.026618
129 0.075208 0.918666 0.022048 0.026618
61 0.790544 0.364279 0.025968 0.026618
62 0.505145 0.895662 0.026458 0.026618
92 0.712641 0.121755 0.027927 0.026618
104 0.853258 0.123069 0.034787 0.026618
51 0.352278 0.737594 0.039196 0.026618
2151 0.783684 0.847355 0.039686 0.026618
1415 0.572513 0.728393 0.044586 0.026618
547 0.287849 0.740223 0.045566 0.026618
115 0.428466 0.807591 0.045566 0.026618
108 0.130818 0.209333 0.015679 0.026947
108 0.213131 0.471903 0.016659 0.026947
120 0.640862 0.379231 0.018618 0.026947
88 0.204067 0.301019 0.019108 0.026947
111 0.711661 0.212619 0.020088 0.026947
111 0.353748 0.371344 0.024498 0.026947
118 0.500980 0.599080 0.024988 0.026947
51 0.425772 0.470588 0.039196 0.026947
4253 0.495590 0.192902 0.043606 0.026947
88 0.427732 0.703253 0.047036 0.026947
98 0.507349 0.922445 0.055365 0.026947
118 0.641107 0.498028 0.015189 0.027276
2220 0.203332 0.127013 0.040176 0.027276
88 0.355708 0.789846 0.048016 0.027276
68 0.356933 0.398620 0.006369 0.027604
117 0.498040 0.252054 0.021068 0.027604
78 0.140862 0.664804 0.031847 0.027604
93 0.291034 0.885311 0.032337 0.027604
2496 0.215091 0.854749 0.034297 0.027604
77 0.787114 0.720342 0.039686 0.027604
683 0.356198 0.456457 0.049976 0.027604
68 0.286624 0.250575 0.007839 0.027933
66 0.784909 0.391554 0.035277 0.027933
1442 0.847869 0.355406 0.044586 0.027933
3281 0.350808 0.343904 0.047036 0.027933
98 0.851053 0.827309 0.048996 0.027933
109 0.640372 0.656425 0.049976 0.027933
83 0.711906 0.720013 0.031357 0.028262
127 0.787114 0.204075 0.050465 0.028262
121 0.068594 0.391061 0.051935 0.028262
68 0.568594 0.168419 0.009309 0.028590
121 0.638413 0.258791 0.036257 0.028590
87 0.140617 0.794118 0.036257 0.028590
126 0.352523 0.124055 0.040666 0.028590
4296 0.059285 0.294611 0.042136 0.028590
495 0.351543 0.283437 0.049486 0.028590
57 0.365997 0.881203 0.056835 0.028590
120 0.854728 0.855734 0.022048 0.028919
111 0.428956 0.887940 0.022048 0.028919
77 0.424792 0.413408 0.040176 0.028919
95 0.857913 0.920145 0.041156 0.028919
98 0.638413 0.170555 0.048016 0.028919
96 0.500490 0.280315 0.048506 0.028919
60 0.059775 0.325830 0.013719 0.029247
88 0.497795 0.504272 0.015679 0.029247
88 0.780990 0.228229 0.016659 0.029247
108 0.570309 0.552908 0.017638 0.029247
111 0.061734 0.130299 0.019598 0.029247
111 0.132288 0.564081 0.020578 0.029247
119 0.141107 0.823036 0.021558 0.029247
56 0.711416 0.338975 0.023518 0.029247
76 0.069819 0.890733 0.031847 0.029247
62 0.710926 0.286395 0.042136 0.029247
1392 0.352523 0.612718 0.046546 0.029247
68 0.285889 0.519882 0.007349 0.029576
111 0.569329 0.614854 0.024498 0.029576
111 0.712641 0.865593 0.024988 0.029576
91 0.423077 0.125205 0.041646 0.029576
107 0.786624 0.122905 0.042626 0.029576
88 0.140127 0.612882 0.047036 0.029576
2194 0.209211 0.344068 0.050955 0.029576
85 0.431161 0.858528 0.018618 0.029905
1834 0.425772 0.628492 0.045076 0.029905
121 0.570554 0.671213 0.053405 0.029905
91 0.574473 0.459908 0.058305 0.029905
86 0.646987 0.291817 0.031847 0.030233
95 0.853258 0.540585 0.038707 0.030233
95 0.783439 0.304962 0.040176 0.030233
1392 0.637678 0.324680 0.046546 0.030233
111 0.495590 0.676799 0.021068 0.030562
111 0.713131 0.690601 0.022048 0.030562
92 0.507104 0.862800 0.026458 0.030562
88 0.213621 0.722478 0.038217 0.030562
3948 0.650661 0.894348 0.041156 0.030562
401 0.424057 0.380710 0.044586 0.030562
486 0.149192 0.918666 0.045566 0.030562
1834 0.713866 0.835853 0.048996 0.030562
68 0.223910 0.664476 0.007839 0.030891
85 0.071044 0.764377 0.016659 0.030891
119 0.851053 0.275715 0.024498 0.030891
87 0.064429 0.361157 0.032827 0.030891
83 0.062224 0.678935 0.033317 0.030891
87 0.785154 0.335524 0.034787 0.030891
2435 0.207741 0.532698 0.048016 0.030891
2726 0.713376 0.156753 0.050955 0.030891
91 0.502940 0.753533 0.062224 0.030891
108 0.424057 0.155603 0.014209 0.031219
111 0.566879 0.389911 0.020578 0.031219
53 0.427732 0.732337 0.021558 0.031219
3735 0.286869 0.813835 0.028907 0.031219
58 0.208476 0.691587 0.029887 0.031219
51 0.499510 0.569997 0.037727 0.031219
83 0.492896 0.307427 0.040176 0.031219
3281 0.281480 0.391883 0.040666 0.031219
85 0.283929 0.570818 0.019108 0.031548
56 0.349829 0.154124 0.023518 0.031548
76 0.137188 0.635228 0.032337 0.031548
104 0.711171 0.570161 0.039686 0.031548
4009 0.206271 0.382517 0.046056 0.031548
4050 0.713621 0.657246 0.051445 0.031548
119 0.430671 0.784259 0.022538 0.031876
83 0.563939 0.697831 0.038217 0.031876
4189 0.289319 0.919323 0.040666 0.031876
91 0.282705 0.643608 0.048996 0.031876
85 0.063939 0.503451 0.011269 0.032205
1101 0.209701 0.797240 0.024498 0.032205
3735 0.568594 0.305948 0.038707 0.032205
4255 0.065164 0.648702 0.041156 0.032205
1381 0.201862 0.161683 0.043116 0.032205
3322 0.506124 0.776865 0.048016 0.032205
91 0.501960 0.435426 0.060265 0.032205
68 0.726360 0.600887 0.008329 0.032534
111 0.283439 0.490470 0.024008 0.032534
119 0.132288 0.288695 0.025478 0.032534
92 0.501960 0.535163 0.030867 0.032534
75 0.139392 0.478640 0.035767 0.032534
107 0.857913 0.889418 0.036257 0.032534
971 0.569084 0.428360 0.043606 0.032534
88 0.567614 0.363293 0.047526 0.032534
3172 0.580353 0.916694 0.047526 0.032534
63 0.570799 0.192080 0.048016 0.032534
68 0.208476 0.564574 0.008329 0.032862
83 0.352278 0.309892 0.022538 0.032862
91 0.850073 0.703911 0.042136 0.032862
88 0.071044 0.863950 0.046056 0.032862
118 0.428466 0.500657 0.024008 0.033191
92 0.422587 0.211798 0.025968 0.033191
54 0.202597 0.229872 0.032827 0.033191
91 0.782950 0.649852 0.043116 0.033191
971 0.279520 0.676142 0.043606 0.033191
127 0.072513 0.734308 0.046056 0.033191
58 0.504410 0.835853 0.046546 0.033191
126 0.563939 0.279165 0.047036 0.033191
119 0.646007 0.789681 0.022048 0.033520
1879 0.141597 0.856392 0.030377 0.033520
71 0.503185 0.628656 0.052915 0.033520
56 0.280990 0.222971 0.024988 0.033848
57 0.577413 0.823036 0.034787 0.033848
4486 0.784174 0.917023 0.034787 0.033848
64 0.138168 0.514788 0.038217 0.033848
107 0.569329 0.585442 0.044096 0.033848
2263 0.132043 0.362307 0.045566 0.033848
2822 0.495835 0.468452 0.048016 0.033848
2211 0.641352 0.622248 0.051935 0.033848
71 0.645762 0.526290 0.054875 0.033848
85 0.349339 0.703582 0.014699 0.034177
85 0.781725 0.550772 0.016169 0.034177
730 0.358893 0.822872 0.036747 0.034177
68 0.713131 0.512323 0.009309 0.034834
1440 0.350073 0.192573 0.046546 0.034834
91 0.132043 0.400427 0.036747 0.035163
316 0.642087 0.410286 0.046546 0.035163
2108 0.849829 0.667926 0.046546 0.035163
2305 0.853993 0.239731 0.048996 0.035163
3258 0.780500 0.685015 0.055855 0.035163
92 0.424547 0.593493 0.021068 0.035491
58 0.638902 0.201775 0.024498 0.035491
3995 0.210681 0.758462 0.041156 0.035491
1799 0.566879 0.490306 0.043116 0.035491
4345 0.425527 0.663161 0.043606 0.035491
2159 0.786134 0.879395 0.050465 0.035491
2261 0.131063 0.324515 0.047526 0.035820
85 0.711661 0.371673 0.014209 0.036149
4315 0.061979 0.225435 0.052425 0.036149
58 0.346154 0.242031 0.025968 0.036477
4712 0.849829 0.785245 0.035767 0.036477
322 0.063939 0.448406 0.039686 0.036477
83 0.783929 0.445284 0.016659 0.036806
70 0.071289 0.802005 0.028907 0.037134
1575 0.283195 0.610089 0.032337 0.037134
2599 0.782950 0.613046 0.033317 0.037134
1451 0.848604 0.479954 0.036257 0.037134
4564 0.852768 0.605817 0.041646 0.037134
2864 0.425037 0.554551 0.043606 0.037134
4389 0.713621 0.450707 0.053405 0.037134
68 0.278785 0.423595 0.009799 0.037463
121 0.288829 0.848176 0.033807 0.037463
3160 0.356688 0.485048 0.038217 0.037463
316 0.500980 0.345054 0.048506 0.037463
1917 0.640372 0.465495 0.040176 0.037792
1256 0.497305 0.159547 0.041156 0.037792
68 0.572024 0.878081 0.010289 0.038120
83 0.278295 0.278508 0.020578 0.038449
119 0.423812 0.289024 0.023518 0.038449
68 0.781970 0.753697 0.037237 0.038449
91 0.357423 0.528097 0.033807 0.038778
1282 0.421117 0.252383 0.049486 0.038778
83 0.281725 0.773086 0.023518 0.039106
3665 0.712886 0.754683 0.039196 0.039106
3665 0.782705 0.483240 0.041646 0.039106
3385 0.709211 0.412258 0.043606 0.039106
1438 0.647232 0.828623 0.045076 0.039106
68 0.351298 0.664804 0.008819 0.039435
1129 0.646007 0.753204 0.047526 0.039435
4133 0.570799 0.764213 0.048016 0.039763
119 0.854483 0.180085 0.022538 0.040092
70 0.277315 0.186001 0.032337 0.040092
70 0.127389 0.175813 0.039196 0.040092
58 0.202842 0.193066 0.030377 0.040421
4397 0.134738 0.442162 0.030377 0.040421
647 0.711416 0.799047 0.044096 0.040421
1575 0.062469 0.585278 0.032827 0.040749
3488 0.847379 0.741045 0.045566 0.042064
83 0.207986 0.599901 0.016169 0.042392
83 0.708966 0.617318 0.020578 0.042392
4485 0.131553 0.134735 0.044586 0.043378
83 0.066144 0.541407 0.024498 0.043707
577 0.278540 0.322708 0.043606 0.044035
3405 0.503920 0.713934 0.044586 0.044364
68 0.848359 0.407000 0.009309 0.045021
47 0.215826 0.252383 0.033807 0.057838
