246 0.259348 0.445533 0.043269 0.004467
246 0.260417 0.485052 0.037927 0.005155
92 0.258547 0.800344 0.024573 0.007560
92 0.814103 0.257045 0.023504 0.008935
101 0.650908 0.880069 0.045406 0.008935
93 0.504274 0.854467 0.040598 0.009278
92 0.815438 0.157904 0.022970 0.009966
92 0.260951 0.165120 0.024038 0.009966
92 0.654647 0.536770 0.026175 0.010309
161 0.045139 0.356529 0.012286 0.011340
57 0.662660 0.615636 0.030449 0.011340
57 0.426015 0.891581 0.032585 0.011340
128 0.180288 0.667698 0.011218 0.011684
57 0.741987 0.418213 0.028846 0.011684
101 0.498932 0.842955 0.045940 0.011684
56 0.185630 0.195704 0.012286 0.012027
56 0.101229 0.758247 0.013355 0.012027
62 0.498397 0.678179 0.018162 0.012027
56 0.816506 0.340550 0.010150 0.012371
93 0.426816 0.629553 0.041667 0.012371
101 0.809562 0.851546 0.044338 0.012371
56 0.653579 0.868900 0.013355 0.012715
85 0.573718 0.505498 0.022436 0.013058
57 0.271635 0.574570 0.034722 0.013058
88 0.100962 0.803952 0.014957 0.013402
85 0.650374 0.785911 0.020833 0.013746
101 0.107105 0.464948 0.042201 0.013746
1810 0.815438 0.209794 0.016560 0.014089
113 0.575321 0.129725 0.040598 0.014089
120 0.040331 0.319244 0.011218 0.014433
52 0.040331 0.457045 0.018697 0.014433
120 0.736111 0.848797 0.019231 0.014433
52 0.813301 0.177320 0.029380 0.014433
57 0.111912 0.256357 0.029380 0.014433
88 0.497863 0.150344 0.017094 0.014777
88 0.573184 0.723883 0.018162 0.014777
92 0.655182 0.451718 0.030449 0.014777
101 0.814904 0.193986 0.046474 0.014777
113 0.040598 0.532990 0.017094 0.015120
85 0.813835 0.451031 0.024038 0.015464
91 0.419071 0.170275 0.027244 0.015464
93 0.342949 0.888488 0.028846 0.015464
52 0.495192 0.375430 0.037393 0.015464
85 0.030716 0.826117 0.011218 0.015808
128 0.812767 0.788488 0.008013 0.016151
88 0.573184 0.432474 0.019231 0.016151
55 0.653312 0.806357 0.037393 0.016151
81 0.729701 0.836598 0.037393 0.016151
98 0.102564 0.889863 0.039530 0.016151
76 0.256677 0.588660 0.016560 0.016495
88 0.813301 0.557732 0.027244 0.016495
86 0.820246 0.865292 0.028312 0.016495
500 0.810630 0.690722 0.036859 0.016495
56 0.812767 0.278007 0.040064 0.016495
56 0.654647 0.497251 0.044338 0.016495
259 0.573451 0.704983 0.043269 0.016838
56 0.043269 0.227148 0.010684 0.017182
62 0.416934 0.593127 0.017628 0.017182
87 0.574252 0.867354 0.025641 0.017182
52 0.809295 0.836426 0.028846 0.017182
91 0.497329 0.234364 0.029915 0.017182
72 0.647970 0.742612 0.039530 0.017182
499 0.416934 0.093471 0.046474 0.017182
120 0.813034 0.771306 0.014957 0.017526
110 0.104167 0.365464 0.026709 0.017526
91 0.176015 0.842784 0.029380 0.017526
57 0.588942 0.147595 0.031517 0.017526
91 0.494391 0.607388 0.032585 0.017526
1406 0.417735 0.374742 0.035256 0.017526
1006 0.735577 0.400515 0.048077 0.017526
88 0.045940 0.096564 0.011752 0.017869
108 0.259348 0.427835 0.016560 0.017869
88 0.814637 0.710309 0.020299 0.017869
88 0.654113 0.315120 0.022970 0.017869
85 0.576389 0.288660 0.025641 0.017869
88 0.334936 0.500859 0.020299 0.018213
87 0.732372 0.886082 0.029915 0.018213
85 0.100694 0.852577 0.014423 0.018557
83 0.569712 0.334021 0.027244 0.018557
52 0.101763 0.870447 0.031517 0.018557
57 0.191506 0.316495 0.035791 0.018557
56 0.732372 0.868900 0.016026 0.018900
297 0.043536 0.339003 0.016560 0.018900
111 0.418002 0.354124 0.016560 0.018900
1214 0.337874 0.165120 0.036859 0.018900
72 0.100962 0.822165 0.039530 0.018900
120 0.500534 0.563230 0.024573 0.019244
110 0.102831 0.592096 0.025107 0.019244
56 0.181357 0.709966 0.043269 0.019244
76 0.495726 0.392612 0.017094 0.019588
91 0.571314 0.636254 0.028312 0.019588
91 0.335737 0.281959 0.032585 0.019588
91 0.654113 0.359622 0.035791 0.019588
49 0.576656 0.486942 0.018697 0.019931
89 0.814370 0.536770 0.035791 0.019931
93 0.823184 0.322680 0.038462 0.019931
108 0.655716 0.407045 0.015491 0.020275
74 0.496261 0.750687 0.020299 0.020275
82 0.048344 0.208763 0.024038 0.020275
124 0.335737 0.800172 0.034722 0.020275
121 0.416132 0.611168 0.037393 0.020275
91 0.040598 0.375945 0.013889 0.020619
66 0.732372 0.605498 0.018162 0.020619
118 0.339476 0.824055 0.029380 0.020619
91 0.101229 0.414433 0.031517 0.020619
721 0.571581 0.825430 0.032051 0.020619
81 0.414797 0.821649 0.033654 0.020619
81 0.178686 0.651890 0.038996 0.020619
1415 0.655182 0.260481 0.043269 0.020619
56 0.037393 0.553780 0.009615 0.020962
88 0.037393 0.574742 0.011752 0.020962
107 0.257479 0.818041 0.023504 0.020962
126 0.732372 0.789863 0.029915 0.020962
83 0.094551 0.679210 0.034188 0.020962
302 0.259081 0.464433 0.045940 0.020962
85 0.656784 0.097251 0.012286 0.021306
111 0.808494 0.882818 0.016560 0.021306
119 0.575588 0.885911 0.019765 0.021306
126 0.182959 0.374914 0.030449 0.021306
98 0.567842 0.414433 0.038462 0.021306
126 0.174679 0.885395 0.033120 0.021649
88 0.256677 0.679553 0.035791 0.021649
98 0.251870 0.658591 0.037927 0.021649
1678 0.102831 0.096048 0.045406 0.021649
2710 0.731838 0.374742 0.049145 0.021649
58 0.573718 0.803093 0.021368 0.021993
126 0.103900 0.538832 0.031517 0.021993
87 0.571581 0.778351 0.032051 0.021993
121 0.334936 0.870447 0.033120 0.021993
88 0.651175 0.720619 0.035256 0.021993
2223 0.419605 0.246392 0.036859 0.021993
91 0.812767 0.607560 0.036859 0.021993
105 0.658387 0.826460 0.049679 0.021993
126 0.040331 0.430412 0.014423 0.022337
74 0.735577 0.145533 0.017094 0.022337
3053 0.494925 0.825258 0.018697 0.022337
117 0.733707 0.654124 0.022970 0.022337
126 0.733440 0.218729 0.027778 0.022337
127 0.098825 0.839347 0.035256 0.022337
541 0.496261 0.128351 0.037393 0.022337
2550 0.574252 0.847595 0.042735 0.022337
85 0.260684 0.248454 0.013889 0.022680
60 0.733173 0.120962 0.014423 0.022680
76 0.653045 0.337457 0.016560 0.022680
85 0.180288 0.690378 0.024038 0.022680
126 0.337340 0.725430 0.029380 0.022680
642 0.255342 0.503436 0.033120 0.022680
91 0.732906 0.167010 0.035256 0.022680
58 0.334669 0.571134 0.037927 0.022680
2223 0.258814 0.780069 0.037927 0.022680
1468 0.654647 0.155326 0.046474 0.022680
60 0.656784 0.514261 0.017628 0.023024
117 0.498397 0.327320 0.018162 0.023024
107 0.340011 0.777491 0.018697 0.023024
126 0.336806 0.378866 0.030449 0.023024
87 0.418269 0.271993 0.030983 0.023024
126 0.260951 0.530069 0.031517 0.023024
87 0.415865 0.459966 0.033654 0.023024
2489 0.258280 0.556186 0.038996 0.023024
1421 0.418536 0.653780 0.046474 0.023024
85 0.497062 0.772509 0.015491 0.023368
74 0.337874 0.649485 0.017628 0.023368
3940 0.418536 0.735052 0.036859 0.023368
70 0.254808 0.840550 0.040598 0.023368
3575 0.335203 0.255670 0.047543 0.023368
60 0.815438 0.298110 0.011218 0.023711
60 0.575321 0.682646 0.013889 0.023711
60 0.182158 0.214948 0.014957 0.023711
111 0.813835 0.470619 0.015491 0.023711
107 0.336806 0.596735 0.022970 0.023711
88 0.735310 0.469244 0.025107 0.023711
3735 0.491453 0.800172 0.027778 0.023711
4377 0.497596 0.209450 0.031517 0.023711
126 0.655182 0.671306 0.031517 0.023711
1497 0.263622 0.187113 0.043269 0.023711
83 0.730235 0.629897 0.028846 0.024055
126 0.100427 0.736770 0.028846 0.024055
1296 0.258547 0.757388 0.040598 0.024055
902 0.102030 0.567010 0.043803 0.024055
3022 0.419338 0.192784 0.044872 0.024055
117 0.735577 0.096735 0.023504 0.024399
98 0.178419 0.175773 0.040598 0.024399
2600 0.418269 0.119759 0.042735 0.024399
1424 0.737179 0.440378 0.042735 0.024399
119 0.418002 0.483162 0.013355 0.024742
70 0.732105 0.278007 0.018697 0.024742
74 0.104701 0.387629 0.020299 0.024742
111 0.732639 0.491065 0.020833 0.024742
3526 0.418269 0.871478 0.036325 0.024742
1214 0.102831 0.480756 0.036859 0.024742
1821 0.575053 0.583162 0.041132 0.024742
71 0.663194 0.472852 0.043269 0.024742
1977 0.177618 0.862887 0.046474 0.024742
85 0.038462 0.477148 0.007479 0.025086
81 0.032318 0.880584 0.015491 0.025086
66 0.814370 0.139347 0.016560 0.025086
126 0.575855 0.262371 0.028846 0.025086
126 0.104701 0.309450 0.028846 0.025086
126 0.181891 0.556186 0.031517 0.025086
3735 0.413996 0.535911 0.037393 0.025086
1296 0.419872 0.220790 0.038462 0.025086
75 0.268697 0.702921 0.038462 0.025086
2780 0.414797 0.145533 0.043269 0.025086
3735 0.571581 0.361340 0.043803 0.025086
4328 0.337073 0.193643 0.049145 0.025086
60 0.415865 0.704124 0.012286 0.025430
95 0.035524 0.692784 0.015491 0.025430
87 0.043269 0.299656 0.016026 0.025430
111 0.496795 0.587629 0.017094 0.025430
74 0.814637 0.585223 0.021368 0.025430
1879 0.573718 0.610309 0.032051 0.025430
68 0.731036 0.816838 0.036859 0.025430
790 0.335737 0.754639 0.041132 0.025430
902 0.099893 0.340206 0.043803 0.025430
683 0.185897 0.466323 0.048077 0.025430
85 0.416934 0.507732 0.011218 0.025773
126 0.259081 0.365808 0.032051 0.025773
2262 0.495192 0.098797 0.039530 0.025773
3808 0.495726 0.724227 0.041667 0.025773
1599 0.732372 0.763058 0.049145 0.025773
60 0.183761 0.728522 0.013889 0.026117
108 0.181624 0.435739 0.014957 0.026117
70 0.334669 0.846735 0.016560 0.026117
51 0.655182 0.183162 0.031517 0.026117
121 0.732372 0.549828 0.032051 0.026117
51 0.497863 0.629897 0.033120 0.026117
4405 0.654915 0.559450 0.040598 0.026117
3022 0.261218 0.730928 0.049145 0.026117
68 0.654113 0.850000 0.006944 0.026460
68 0.576923 0.524570 0.008547 0.026460
83 0.652511 0.232474 0.011218 0.026460
60 0.497062 0.414261 0.013355 0.026460
119 0.814904 0.358247 0.015491 0.026460
85 0.808226 0.814261 0.018162 0.026460
58 0.733974 0.732131 0.023504 0.026460
713 0.417735 0.433505 0.027778 0.026460
87 0.733173 0.706014 0.031517 0.026460
4405 0.415064 0.846220 0.035256 0.026460
91 0.336538 0.674055 0.036325 0.026460
328 0.653312 0.698110 0.049145 0.026460
119 0.494391 0.698625 0.016560 0.026804
978 0.044605 0.276289 0.019765 0.026804
66 0.100427 0.655326 0.020299 0.026804
2159 0.341079 0.135739 0.042201 0.026804
82 0.341613 0.621306 0.049679 0.026804
2751 0.040064 0.403265 0.013889 0.027148
3175 0.811966 0.424914 0.033120 0.027148
1214 0.180556 0.496048 0.035256 0.027148
1385 0.418269 0.325945 0.037393 0.027148
4350 0.340011 0.100859 0.040064 0.027148
1887 0.260417 0.138660 0.043269 0.027148
2098 0.100694 0.779897 0.046474 0.027148
1887 0.046207 0.153265 0.017628 0.027491
3053 0.652778 0.431959 0.022436 0.027491
121 0.493590 0.476289 0.027778 0.027491
4350 0.812500 0.663918 0.037393 0.027491
2550 0.734509 0.191753 0.043803 0.027491
1762 0.338141 0.699313 0.043803 0.027491
2052 0.174412 0.817869 0.050748 0.027491
3053 0.033120 0.667182 0.010684 0.027835
119 0.419872 0.298110 0.014957 0.027835
119 0.258814 0.609794 0.016560 0.027835
3053 0.256944 0.634192 0.018162 0.027835
4163 0.102564 0.191581 0.035256 0.027835
3984 0.809829 0.633162 0.035256 0.027835
68 0.650641 0.881615 0.036325 0.027835
69 0.659989 0.767182 0.036859 0.027835
119 0.419605 0.761168 0.017628 0.028179
4328 0.103632 0.509966 0.044872 0.028179
613 0.735310 0.520962 0.052885 0.028179
83 0.575053 0.170275 0.013355 0.028522
118 0.043002 0.248282 0.013355 0.028522
119 0.655716 0.208419 0.016560 0.028522
119 0.501603 0.654124 0.017094 0.028522
3999 0.041400 0.507388 0.018697 0.028522
366 0.094017 0.711856 0.041667 0.028522
1419 0.655716 0.641409 0.042201 0.028522
1485 0.180288 0.623883 0.043269 0.028522
1385 0.733974 0.307045 0.044872 0.028522
1198 0.103098 0.280241 0.045940 0.028522
68 0.180021 0.756357 0.009615 0.028866
83 0.102297 0.162199 0.011218 0.028866
1385 0.577190 0.202062 0.044338 0.028866
68 0.419338 0.676460 0.006410 0.029210
83 0.577991 0.101203 0.014957 0.029210
486 0.336271 0.312199 0.042201 0.029210
83 0.416132 0.566667 0.014957 0.029553
1835 0.579327 0.458076 0.035791 0.029553
1917 0.813835 0.232646 0.036859 0.029553
443 0.103365 0.441237 0.041132 0.029553
3654 0.335470 0.225430 0.047009 0.029553
68 0.654380 0.384021 0.010684 0.029897
3053 0.576389 0.388488 0.023504 0.029897
1917 0.496795 0.544502 0.032051 0.029897
1917 0.416934 0.793986 0.033654 0.029897
1396 0.654380 0.127320 0.043803 0.029897
83 0.259348 0.306186 0.014423 0.030241
2273 0.263355 0.337457 0.045940 0.030241
68 0.817575 0.103608 0.005876 0.030584
83 0.180556 0.145533 0.014957 0.030584
119 0.498397 0.350000 0.014957 0.030584
119 0.574519 0.311856 0.026175 0.030584
1870 0.655983 0.292268 0.038462 0.030584
2550 0.576389 0.232131 0.044872 0.030584
4328 0.180288 0.524227 0.045406 0.030584
3526 0.657318 0.591924 0.045406 0.030584
2382 0.497329 0.445017 0.039530 0.030928
577 0.495459 0.179381 0.041132 0.030928
978 0.334135 0.479381 0.044338 0.030928
83 0.034188 0.721821 0.007479 0.031271
4435 0.573451 0.750687 0.040064 0.031271
2425 0.261752 0.218729 0.042735 0.031271
1584 0.044071 0.183505 0.013355 0.031615
4163 0.184295 0.248797 0.036325 0.031615
4084 0.495459 0.299656 0.047543 0.031615
496 0.736111 0.250515 0.054487 0.031615
68 0.030716 0.851718 0.005876 0.031959
1644 0.040064 0.604639 0.019231 0.031959
1872 0.418269 0.401203 0.027778 0.031959
2865 0.104434 0.128351 0.034722 0.031959
731 0.261218 0.398454 0.043803 0.031959
83 0.177350 0.785223 0.013889 0.032302
83 0.335203 0.440893 0.015491 0.032302
83 0.495192 0.510309 0.016026 0.032302
3735 0.335470 0.408591 0.041667 0.032302
1877 0.180288 0.589519 0.042201 0.032646
1831 0.498397 0.880928 0.043803 0.032646
68 0.262821 0.274570 0.009615 0.032990
1917 0.037660 0.634708 0.014423 0.032990
2412 0.046207 0.123711 0.017628 0.032990
83 0.573985 0.553265 0.018697 0.032990
68 0.730769 0.680241 0.018162 0.033333
83 0.099092 0.620790 0.014423 0.034021
2767 0.036058 0.798110 0.019765 0.034021
768 0.182692 0.405670 0.037393 0.034021
2159 0.180288 0.342268 0.036859 0.034364
3531 0.734509 0.342268 0.040598 0.034364
1235 0.493056 0.263918 0.041667 0.034364
1844 0.336004 0.346564 0.035256 0.034708
1724 0.813034 0.740550 0.043803 0.035739
608 0.813568 0.391409 0.027778 0.036426
3739 0.812500 0.504296 0.036325 0.036770
937 0.036592 0.760137 0.018697 0.037113
119 0.735844 0.576632 0.025107 0.037113
1092 0.182959 0.285911 0.049679 0.037113
1092 0.103632 0.227320 0.042735 0.038832
2412 0.264690 0.106873 0.041132 0.039863
4516 0.183761 0.105498 0.044872 0.041237
4516 0.333333 0.535395 0.042735 0.042612
47 0.262286 0.869759 0.025641 0.053608
