246 0.189538 0.158587 0.053041 0.003252
246 0.181752 0.643364 0.049148 0.005616
188 0.412895 0.569761 0.031630 0.012711
173 0.741363 0.749335 0.037470 0.014189
1002 0.663260 0.266775 0.032117 0.014484
162 0.409732 0.803281 0.025304 0.015075
101 0.184185 0.694945 0.054988 0.015962
1002 0.452311 0.259976 0.035523 0.016258
113 0.782482 0.174254 0.039903 0.016258
113 0.561800 0.215489 0.034550 0.017145
297 0.397567 0.780816 0.048662 0.017440
132 0.414599 0.587792 0.024331 0.018031
92 0.077616 0.310375 0.040389 0.018327
65 0.413139 0.121342 0.048662 0.018623
56 0.728710 0.817026 0.024818 0.018918
93 0.516545 0.582323 0.051095 0.018918
101 0.183212 0.501921 0.059854 0.018918
52 0.290754 0.404227 0.047202 0.019214
56 0.839659 0.514484 0.019951 0.019805
56 0.082725 0.157257 0.022384 0.020101
83 0.180779 0.618682 0.045255 0.020101
91 0.075426 0.481377 0.037956 0.020396
57 0.304136 0.272687 0.040876 0.020396
193 0.740146 0.730565 0.041849 0.020396
92 0.396594 0.884570 0.041849 0.020396
126 0.613382 0.807419 0.053041 0.020396
120 0.290754 0.681052 0.025791 0.020692
88 0.181509 0.752291 0.030170 0.020692
83 0.727981 0.276973 0.037956 0.020692
1002 0.728467 0.303281 0.062287 0.020692
76 0.398783 0.650458 0.030657 0.020987
84 0.836010 0.650606 0.044769 0.021283
84 0.506813 0.885013 0.047202 0.021283
171 0.526034 0.356341 0.029197 0.021578
171 0.203893 0.289684 0.034063 0.021874
83 0.070560 0.662725 0.038929 0.021874
91 0.182725 0.390186 0.041363 0.021874
55 0.618248 0.460834 0.047202 0.021874
56 0.617762 0.720662 0.056934 0.021874
56 0.845012 0.159474 0.024818 0.022170
171 0.634307 0.249335 0.028710 0.022170
57 0.409002 0.390038 0.034550 0.022170
57 0.731873 0.580402 0.039903 0.022170
52 0.502920 0.822643 0.040389 0.022465
91 0.184185 0.454626 0.041363 0.022465
57 0.302190 0.573308 0.040876 0.022761
251 0.079805 0.184599 0.051582 0.022761
126 0.181752 0.523648 0.056934 0.022761
68 0.621411 0.200414 0.011679 0.023056
56 0.404136 0.543305 0.020925 0.023056
126 0.067153 0.596512 0.047689 0.023056
1006 0.835766 0.382796 0.064720 0.023056
70 0.782482 0.195537 0.020438 0.023352
91 0.509246 0.760420 0.039416 0.023352
56 0.724331 0.612031 0.059854 0.023352
68 0.845255 0.182678 0.008759 0.023648
57 0.844769 0.351463 0.032117 0.023648
91 0.623358 0.339048 0.038929 0.023648
596 0.179562 0.666864 0.039903 0.023648
52 0.403163 0.418859 0.050122 0.023648
98 0.293917 0.425953 0.051582 0.024239
55 0.725061 0.798404 0.058394 0.024239
88 0.290754 0.549660 0.043309 0.024534
86 0.408029 0.828998 0.043309 0.024534
81 0.515815 0.479604 0.046715 0.024534
83 0.617275 0.689033 0.040389 0.024830
91 0.291727 0.623411 0.041363 0.024830
55 0.510949 0.454774 0.055474 0.025126
68 0.517275 0.504877 0.014599 0.025421
76 0.834307 0.827963 0.033577 0.025421
83 0.179075 0.842152 0.036983 0.025421
249 0.069100 0.878806 0.039903 0.025421
52 0.296837 0.344664 0.049635 0.025421
70 0.563504 0.236920 0.024331 0.025717
1578 0.666910 0.287762 0.028710 0.025717
76 0.617275 0.224800 0.029684 0.025717
2596 0.838443 0.212385 0.047689 0.025717
84 0.189051 0.262637 0.053041 0.025717
118 0.838200 0.853976 0.031630 0.026012
81 0.181022 0.816435 0.038929 0.026012
98 0.065450 0.848359 0.053041 0.026012
108 0.291484 0.597842 0.022384 0.026308
83 0.726034 0.484925 0.033090 0.026308
117 0.510706 0.195241 0.035523 0.026308
60 0.399757 0.444132 0.043309 0.026308
52 0.836983 0.491132 0.043796 0.026308
92 0.511922 0.690364 0.043796 0.026308
126 0.065937 0.759237 0.051095 0.026308
121 0.520195 0.559119 0.068127 0.026308
53 0.185158 0.479161 0.017032 0.026604
1578 0.454015 0.282294 0.029197 0.026604
111 0.727494 0.511380 0.032117 0.026604
92 0.729927 0.637009 0.044769 0.026604
120 0.514355 0.289536 0.022384 0.026899
88 0.618978 0.430978 0.027251 0.027195
66 0.728467 0.155483 0.030170 0.027195
2180 0.621411 0.493645 0.053528 0.027195
66 0.292214 0.202483 0.027737 0.027786
91 0.730414 0.127993 0.039903 0.027786
113 0.510219 0.531481 0.060827 0.027786
53 0.517518 0.160952 0.017032 0.028082
119 0.744769 0.768992 0.018005 0.028082
120 0.725791 0.840526 0.018005 0.028082
118 0.408516 0.471327 0.021898 0.028082
86 0.303893 0.518327 0.041363 0.028082
68 0.405109 0.674845 0.008273 0.028377
81 0.619465 0.662430 0.038929 0.028377
52 0.402433 0.174697 0.046715 0.028377
1811 0.186861 0.319687 0.060341 0.028673
118 0.623844 0.746083 0.026277 0.028968
111 0.836010 0.756725 0.030170 0.028968
81 0.726277 0.457286 0.042336 0.028968
70 0.406813 0.237068 0.047689 0.028968
56 0.070073 0.787319 0.020438 0.029264
88 0.727494 0.386787 0.032117 0.029264
273 0.067883 0.692137 0.054015 0.029264
118 0.404866 0.751404 0.024331 0.029560
69 0.196837 0.594147 0.039416 0.029560
51 0.291727 0.655631 0.047202 0.029560
458 0.508516 0.727756 0.056448 0.029560
66 0.288808 0.802099 0.037470 0.029855
67 0.411922 0.145581 0.047202 0.029855
278 0.836983 0.286432 0.019465 0.030151
278 0.068370 0.417972 0.024818 0.030151
118 0.839903 0.539462 0.030170 0.030151
88 0.620195 0.590896 0.037470 0.030151
62 0.291971 0.450488 0.041849 0.030151
495 0.186375 0.877919 0.051582 0.030151
4034 0.082725 0.127106 0.061314 0.030151
85 0.299757 0.372598 0.024331 0.030446
2707 0.075426 0.253473 0.038929 0.030446
261 0.618248 0.522761 0.052068 0.030446
2167 0.078832 0.221845 0.059367 0.030446
600 0.073966 0.448419 0.056448 0.030742
1187 0.616545 0.560302 0.049635 0.031038
123 0.399270 0.624298 0.033577 0.031333
509 0.834063 0.576116 0.044769 0.031333
53 0.836740 0.882796 0.015085 0.031629
74 0.627251 0.311114 0.029197 0.031629
600 0.840633 0.318209 0.053041 0.031629
2496 0.183698 0.721401 0.053041 0.031629
74 0.734063 0.217263 0.033577 0.031924
118 0.733090 0.666420 0.026764 0.032220
509 0.293187 0.168342 0.045255 0.032220
84 0.079562 0.285102 0.050122 0.032220
68 0.734063 0.249778 0.017032 0.032516
71 0.734063 0.698788 0.050122 0.032516
119 0.396107 0.857966 0.024331 0.032811
74 0.516058 0.389152 0.037470 0.032811
93 0.075182 0.818356 0.049148 0.032811
316 0.072019 0.727756 0.055474 0.033107
87 0.179319 0.786728 0.035523 0.033402
2599 0.505353 0.852350 0.044282 0.033402
68 0.840389 0.131688 0.046715 0.033402
107 0.402190 0.205735 0.029684 0.033698
509 0.403163 0.357966 0.045255 0.033698
883 0.839416 0.420337 0.054501 0.033698
82 0.295620 0.877032 0.055961 0.033698
3772 0.837470 0.614839 0.056448 0.033698
691 0.073479 0.630801 0.062287 0.033698
87 0.505839 0.794413 0.035523 0.033993
3984 0.179805 0.422554 0.044282 0.033993
107 0.618491 0.171150 0.029197 0.034289
1424 0.185401 0.190364 0.052555 0.034289
119 0.625791 0.400384 0.020438 0.034585
118 0.519221 0.129323 0.029197 0.034585
87 0.727737 0.425510 0.031630 0.034585
721 0.612409 0.777860 0.054015 0.034585
333 0.619465 0.374667 0.061314 0.034585
87 0.839416 0.460538 0.035036 0.034880
2913 0.189538 0.128732 0.043309 0.035176
3231 0.400973 0.512267 0.054501 0.035471
76 0.613869 0.873928 0.028710 0.035767
1870 0.623358 0.837866 0.051582 0.035767
611 0.512165 0.612770 0.054015 0.036063
53 0.510949 0.423884 0.021411 0.036654
2599 0.295134 0.240615 0.048175 0.036654
1373 0.834793 0.723618 0.048175 0.036654
87 0.513139 0.257612 0.032603 0.036949
1584 0.840876 0.682087 0.036010 0.036949
3231 0.293187 0.716967 0.054015 0.036949
2508 0.074696 0.386196 0.052068 0.037541
45 0.524574 0.238841 0.039903 0.037836
721 0.722141 0.550399 0.048662 0.037836
4109 0.184428 0.357671 0.059367 0.037836
87 0.618978 0.629175 0.032117 0.038132
121 0.289781 0.484925 0.041363 0.038723
68 0.834793 0.795596 0.047202 0.038723
353 0.404136 0.316435 0.057908 0.038723
353 0.295620 0.129914 0.058881 0.038723
45 0.416302 0.283476 0.042336 0.039019
2836 0.513625 0.322643 0.054988 0.039314
87 0.403406 0.716672 0.036983 0.039905
45 0.629684 0.294265 0.039903 0.039905
1065 0.070560 0.560745 0.067153 0.040201
3320 0.839903 0.250813 0.036983 0.040497
2111 0.076156 0.521283 0.064720 0.040497
107 0.290754 0.839639 0.027737 0.041088
1476 0.298540 0.311114 0.054015 0.041088
2599 0.291971 0.762341 0.044769 0.041383
3353 0.073236 0.345108 0.048175 0.041679
3280 0.187348 0.228791 0.038929 0.041975
1193 0.623844 0.133609 0.055474 0.041975
1984 0.181509 0.557937 0.058394 0.042270
1296 0.512652 0.655779 0.052068 0.042861
45 0.742336 0.202040 0.041363 0.043453
84 0.732847 0.876441 0.043796 0.043748
4116 0.729440 0.346586 0.048662 0.051138
