101 0.760661 0.691734 0.054145 0.011669
101 0.619789 0.786872 0.051270 0.011994
92 0.758505 0.205024 0.035458 0.012642
101 0.755151 0.590762 0.049832 0.013290
56 0.545999 0.665802 0.016770 0.014263
101 0.758026 0.780875 0.060374 0.014263
102 0.547916 0.654295 0.053186 0.015883
128 0.270963 0.870340 0.011979 0.016207
56 0.759224 0.455429 0.021562 0.016207
56 0.755870 0.675203 0.022520 0.016856
698 0.275276 0.292869 0.030187 0.017828
128 0.409200 0.614587 0.014375 0.018801
57 0.344514 0.542139 0.029708 0.019125
81 0.620987 0.666937 0.053666 0.019125
85 0.620508 0.739222 0.028749 0.019773
126 0.198371 0.797893 0.039291 0.019773
98 0.759224 0.435170 0.044562 0.019773
52 0.198850 0.450567 0.041207 0.020097
120 0.624102 0.210211 0.017729 0.020421
126 0.548395 0.262399 0.041687 0.020421
126 0.477240 0.829335 0.045041 0.020421
76 0.203162 0.245381 0.036416 0.020746
60 0.546718 0.822366 0.036416 0.020746
81 0.337087 0.699190 0.042645 0.020746
113 0.474126 0.715721 0.046478 0.020746
66 0.758505 0.524149 0.024916 0.021394
57 0.342837 0.597083 0.034978 0.021394
56 0.340920 0.153647 0.041687 0.021394
126 0.266890 0.656240 0.044082 0.021718
126 0.479396 0.556078 0.044562 0.021718
120 0.063728 0.444084 0.015333 0.022042
88 0.196933 0.869044 0.022041 0.022042
72 0.758026 0.545867 0.028749 0.022042
98 0.827504 0.385089 0.044082 0.022042
55 0.405367 0.675365 0.043124 0.022366
64 0.126737 0.703079 0.021562 0.022690
66 0.752036 0.708914 0.026354 0.022690
76 0.333493 0.619125 0.029708 0.022690
87 0.692381 0.567585 0.034499 0.022690
126 0.270724 0.423987 0.040249 0.022690
89 0.689986 0.418476 0.044082 0.022690
126 0.759463 0.304700 0.045041 0.022690
120 0.547676 0.844246 0.019166 0.023015
120 0.410158 0.593679 0.020125 0.023015
252 0.819837 0.873744 0.035458 0.023015
123 0.759703 0.328849 0.039770 0.023015
111 0.622185 0.235981 0.024437 0.023339
126 0.064926 0.294327 0.039770 0.023339
76 0.404408 0.882496 0.029708 0.023663
3053 0.756588 0.761912 0.035458 0.023663
72 0.549114 0.173582 0.039291 0.023663
547 0.268567 0.683468 0.045520 0.023663
553 0.545041 0.633549 0.048395 0.023663
62 0.127216 0.558185 0.024437 0.023987
495 0.413752 0.432253 0.046478 0.024311
66 0.828701 0.300810 0.024437 0.024635
87 0.620268 0.187682 0.038812 0.024635
88 0.551030 0.455267 0.019166 0.024959
3053 0.755870 0.571637 0.030187 0.024959
91 0.548874 0.482496 0.034978 0.024959
126 0.127935 0.381686 0.039291 0.024959
98 0.686152 0.909400 0.045041 0.024959
109 0.824389 0.657212 0.045520 0.024959
88 0.830618 0.231442 0.019645 0.025284
3053 0.760661 0.412642 0.034020 0.025284
111 0.067561 0.323663 0.018208 0.025608
117 0.479875 0.907780 0.027312 0.025608
72 0.753474 0.733063 0.031145 0.025608
72 0.827983 0.324959 0.034499 0.025608
89 0.690465 0.183630 0.040249 0.025608
553 0.406325 0.563209 0.050791 0.025608
68 0.212985 0.360778 0.007187 0.025932
88 0.619310 0.871313 0.025395 0.025932
91 0.622664 0.260616 0.038812 0.025932
120 0.130091 0.314587 0.017729 0.026256
64 0.200527 0.391410 0.020604 0.026256
87 0.197652 0.605024 0.034020 0.026256
89 0.412793 0.304862 0.040728 0.026256
88 0.338285 0.676337 0.043124 0.026256
119 0.408002 0.907618 0.020604 0.026580
88 0.343555 0.344246 0.021083 0.026580
88 0.336608 0.854133 0.022520 0.026580
91 0.062290 0.160454 0.029708 0.026580
95 0.823670 0.713776 0.039291 0.026580
702 0.685913 0.653809 0.041687 0.026580
118 0.693819 0.392707 0.014375 0.026904
88 0.547676 0.604052 0.020125 0.026904
111 0.691663 0.503890 0.022520 0.026904
83 0.065405 0.349919 0.025395 0.026904
83 0.126977 0.905511 0.030666 0.026904
88 0.691902 0.483144 0.042166 0.026904
108 0.336128 0.477796 0.012937 0.027229
120 0.482032 0.769530 0.019166 0.027229
88 0.408721 0.532253 0.020125 0.027229
88 0.756828 0.648298 0.022520 0.027229
119 0.482032 0.213290 0.026833 0.027229
1435 0.339722 0.800648 0.037374 0.027229
62 0.481073 0.884603 0.040249 0.027229
1579 0.060134 0.795948 0.037853 0.027553
2601 0.062290 0.735008 0.041207 0.027553
88 0.203642 0.300972 0.046957 0.027553
120 0.475323 0.655429 0.018208 0.027877
88 0.270484 0.583144 0.022520 0.027877
96 0.691423 0.157861 0.042166 0.027877
88 0.132726 0.442301 0.022041 0.028201
1083 0.483709 0.529822 0.032103 0.028201
51 0.478438 0.741815 0.037853 0.028201
70 0.550791 0.120746 0.040728 0.028201
91 0.622664 0.538574 0.042645 0.028201
88 0.754672 0.907293 0.021083 0.028525
119 0.820795 0.847974 0.024916 0.028525
978 0.832056 0.202269 0.037853 0.028525
978 0.344034 0.315073 0.040249 0.028525
121 0.760422 0.388655 0.054624 0.028525
60 0.621706 0.713938 0.023479 0.028849
72 0.130570 0.527553 0.034020 0.028849
68 0.693340 0.364830 0.038333 0.028849
56 0.265932 0.847812 0.042166 0.028849
2489 0.335649 0.569692 0.048395 0.028849
117 0.620987 0.684927 0.025874 0.029173
76 0.340920 0.169206 0.030187 0.029173
91 0.274557 0.269368 0.037374 0.029173
126 0.824149 0.787682 0.040249 0.029173
254 0.197652 0.512156 0.043603 0.029173
121 0.272640 0.487520 0.056540 0.029173
60 0.060853 0.766451 0.013416 0.029498
1435 0.199090 0.539546 0.034978 0.029498
121 0.201485 0.632901 0.055103 0.029498
88 0.273359 0.207455 0.041687 0.029822
85 0.544801 0.737925 0.015333 0.030146
120 0.340441 0.198865 0.020604 0.030146
66 0.548634 0.905186 0.023958 0.030146
70 0.269765 0.710373 0.030666 0.030146
86 0.701246 0.240357 0.033062 0.030146
978 0.483230 0.261102 0.043603 0.030146
105 0.554145 0.510373 0.047437 0.030146
85 0.408481 0.647002 0.014854 0.030470
88 0.828462 0.626256 0.021083 0.030470
117 0.128654 0.756888 0.022520 0.030470
91 0.058697 0.828201 0.033062 0.030470
91 0.481552 0.122528 0.042166 0.030470
1560 0.477959 0.800972 0.045520 0.030470
1375 0.687590 0.449595 0.046957 0.030470
87 0.264734 0.781199 0.050311 0.030470
121 0.132966 0.729660 0.060853 0.030470
60 0.270963 0.394327 0.014854 0.030794
88 0.066363 0.587844 0.017729 0.030794
56 0.822233 0.685089 0.022041 0.030794
70 0.476761 0.626094 0.026833 0.030794
58 0.547197 0.768395 0.043124 0.030794
600 0.480115 0.859481 0.043124 0.030794
98 0.332056 0.829660 0.045999 0.030794
85 0.202444 0.656078 0.015812 0.031118
83 0.689506 0.623987 0.034499 0.031118
120 0.270244 0.903404 0.043124 0.031118
394 0.547437 0.388979 0.054145 0.031118
68 0.347628 0.452674 0.009104 0.031442
85 0.549593 0.291248 0.014375 0.031442
85 0.826306 0.488655 0.016770 0.031442
119 0.200767 0.270827 0.023000 0.031442
92 0.818160 0.817990 0.023479 0.031442
83 0.686152 0.773258 0.028749 0.031442
51 0.481552 0.361264 0.037374 0.031442
316 0.832535 0.125608 0.042645 0.031442
2726 0.617393 0.416370 0.045520 0.031442
96 0.413991 0.279092 0.044082 0.031767
4144 0.402971 0.854781 0.045041 0.031767
85 0.343795 0.122366 0.016770 0.032091
119 0.549593 0.323015 0.023958 0.032091
70 0.758745 0.358347 0.028270 0.032091
86 0.277192 0.511669 0.029229 0.032091
1560 0.831337 0.414425 0.044082 0.032091
1624 0.681121 0.741491 0.048395 0.032091
88 0.617154 0.604538 0.017250 0.032415
85 0.408241 0.169854 0.018208 0.032415
1584 0.685673 0.680713 0.024916 0.032415
979 0.064447 0.229822 0.036895 0.032415
51 0.479875 0.148784 0.038812 0.032415
610 0.272401 0.359806 0.045520 0.032415
1809 0.548874 0.571799 0.052228 0.032415
68 0.549353 0.206321 0.008146 0.032739
62 0.064447 0.416694 0.021562 0.032739
548 0.551749 0.236467 0.031145 0.032739
1358 0.479396 0.496110 0.035937 0.032739
126 0.689027 0.711669 0.040249 0.032739
3053 0.830139 0.357699 0.044562 0.032739
88 0.485386 0.237115 0.053666 0.032739
85 0.754911 0.799352 0.014854 0.033063
119 0.128414 0.788655 0.022041 0.033063
3735 0.270724 0.456402 0.034499 0.033063
58 0.336368 0.726094 0.034499 0.033063
4564 0.062290 0.902431 0.039291 0.033063
4637 0.612602 0.123825 0.040728 0.033063
58 0.827504 0.520908 0.045041 0.033063
68 0.545280 0.872447 0.009583 0.033387
86 0.423095 0.360292 0.031624 0.033387
51 0.202683 0.218314 0.035458 0.033387
107 0.553186 0.146353 0.048395 0.033387
316 0.339243 0.234198 0.048874 0.033387
119 0.753474 0.873906 0.022520 0.033712
2159 0.064926 0.381848 0.036895 0.033712
264 0.616914 0.383144 0.039770 0.033712
71 0.415908 0.460292 0.040249 0.033712
1560 0.549832 0.799352 0.044562 0.033712
316 0.827504 0.549109 0.054624 0.033712
121 0.696694 0.213290 0.057499 0.033712
74 0.202683 0.421556 0.043124 0.034036
63 0.487782 0.391410 0.048874 0.034036
2761 0.616914 0.906159 0.052228 0.034036
119 0.336608 0.647650 0.021562 0.034360
107 0.622185 0.286872 0.029229 0.034360
775 0.410398 0.208428 0.038812 0.034360
2162 0.130810 0.243112 0.043124 0.034360
126 0.622904 0.449271 0.048874 0.034360
83 0.550311 0.356402 0.018687 0.034684
119 0.547676 0.690276 0.023000 0.034684
1584 0.618831 0.156402 0.029229 0.034684
3282 0.060134 0.622853 0.038812 0.034684
378 0.474844 0.688979 0.045041 0.034684
68 0.546718 0.540681 0.008625 0.035008
104 0.405367 0.705348 0.035458 0.035008
710 0.611404 0.810373 0.043124 0.035008
1400 0.199569 0.736467 0.045520 0.035008
1645 0.614039 0.571475 0.048395 0.035008
1584 0.615716 0.840681 0.029708 0.035332
4564 0.275036 0.236143 0.040249 0.035332
1396 0.064926 0.194652 0.043603 0.035332
96 0.686871 0.843922 0.044562 0.035332
121 0.415668 0.335656 0.057978 0.035332
83 0.129133 0.205835 0.017729 0.035656
505 0.063728 0.476175 0.025874 0.035656
1923 0.062051 0.127715 0.038812 0.035656
1870 0.270963 0.550729 0.052228 0.035656
1666 0.129372 0.476175 0.053666 0.035656
107 0.199808 0.166775 0.025874 0.035981
83 0.691184 0.535332 0.032103 0.035981
703 0.413273 0.245867 0.052228 0.035981
68 0.268328 0.811994 0.009583 0.036305
1584 0.622185 0.507618 0.029229 0.036305
3735 0.203881 0.329660 0.031145 0.036305
3940 0.201006 0.901459 0.038812 0.036305
126 0.484188 0.334522 0.045520 0.036305
4070 0.753474 0.838898 0.052228 0.036305
83 0.482511 0.426742 0.019166 0.036629
119 0.128174 0.588493 0.024437 0.036629
296 0.268088 0.747650 0.034020 0.036629
976 0.409439 0.817666 0.035937 0.036629
3045 0.063009 0.512642 0.037853 0.036629
3192 0.414950 0.399838 0.039291 0.036629
54 0.408721 0.741167 0.041207 0.036629
703 0.687350 0.125608 0.048395 0.036629
325 0.480355 0.462723 0.048395 0.036629
85 0.201485 0.475851 0.016770 0.036953
108 0.061572 0.658671 0.018687 0.036953
1123 0.478678 0.588331 0.041207 0.036953
2317 0.130331 0.410697 0.045999 0.036953
4637 0.126497 0.348784 0.049832 0.036953
91 0.204121 0.194489 0.063249 0.036953
4590 0.057259 0.862723 0.042645 0.037277
3294 0.757786 0.230956 0.050311 0.037277
118 0.614518 0.767261 0.035937 0.037601
91 0.272161 0.321880 0.040249 0.037601
1560 0.621227 0.352350 0.044562 0.037601
1279 0.338045 0.511507 0.044562 0.037601
1158 0.755630 0.612966 0.052707 0.037601
83 0.407523 0.778444 0.018687 0.037925
83 0.618112 0.637763 0.021083 0.037925
804 0.682319 0.807293 0.046957 0.037925
1506 0.829899 0.266126 0.038333 0.038250
3045 0.406804 0.499514 0.041207 0.038250
1506 0.341399 0.375689 0.043603 0.038250
3175 0.195496 0.769530 0.045041 0.038250
82 0.628414 0.320908 0.057020 0.038250
68 0.687590 0.594652 0.022041 0.038574
110 0.129851 0.172285 0.037374 0.038574
3294 0.126018 0.624797 0.050791 0.038574
107 0.481792 0.180227 0.026354 0.038898
2704 0.548634 0.421070 0.049832 0.038898
3053 0.687350 0.877310 0.038812 0.039222
83 0.059655 0.699838 0.018687 0.039546
83 0.822712 0.905024 0.022041 0.039546
68 0.127216 0.130794 0.009104 0.039870
2621 0.340441 0.417990 0.034978 0.039870
316 0.690225 0.279579 0.041687 0.039870
2643 0.123862 0.826256 0.041687 0.040194
1119 0.760182 0.492545 0.046478 0.040519
83 0.340441 0.763209 0.018687 0.041167
505 0.829181 0.452350 0.029229 0.041167
66 0.124102 0.513290 0.033541 0.041167
2419 0.063249 0.551702 0.034499 0.041491
296 0.202683 0.131118 0.033541 0.042464
2917 0.759463 0.175041 0.037374 0.042788
505 0.335889 0.897083 0.031624 0.043112
1802 0.762578 0.129822 0.044562 0.043112
3854 0.201485 0.576013 0.051270 0.043436
1126 0.196933 0.835170 0.042166 0.043760
1297 0.064207 0.262561 0.036416 0.044084
957 0.269286 0.623663 0.041207 0.044733
1316 0.272401 0.132739 0.037853 0.045057
3153 0.757786 0.270502 0.043603 0.045057
957 0.484188 0.300324 0.044562 0.045057
1256 0.620029 0.478768 0.045999 0.045381
83 0.199569 0.694652 0.023479 0.046029
121 0.130810 0.278444 0.033541 0.046029
1499 0.125539 0.872123 0.044082 0.046353
68 0.547197 0.696272 0.044082 0.046677
957 0.825347 0.752674 0.046478 0.047974
3153 0.128654 0.668395 0.045520 0.049919
47 0.413033 0.135494 0.031624 0.051216
47 0.843316 0.156888 0.031624 0.055105
47 0.350982 0.269692 0.034020 0.060292
47 0.837805 0.585251 0.037853 0.061264
47 0.701725 0.315883 0.031145 0.064506
