169 0.833772 0.481557 0.008417 0.004738
88 0.095476 0.434518 0.016307 0.006768
128 0.605734 0.872589 0.013151 0.007107
128 0.413467 0.870389 0.016833 0.007445
246 0.095739 0.807445 0.034719 0.007445
88 0.489742 0.482741 0.014729 0.007783
128 0.344555 0.874281 0.015781 0.007783
128 0.289321 0.873435 0.015781 0.008122
88 0.426355 0.716413 0.016307 0.008122
128 0.539190 0.869882 0.012625 0.008460
246 0.277749 0.594416 0.043135 0.008460
191 0.832720 0.491540 0.013677 0.009137
246 0.738559 0.805922 0.049448 0.009814
92 0.404787 0.442470 0.033140 0.012521
81 0.286691 0.611337 0.023146 0.013198
1173 0.344292 0.526565 0.035245 0.014213
52 0.602841 0.565313 0.035771 0.015905
42 0.817991 0.383418 0.012625 0.016244
111 0.734350 0.478511 0.018937 0.017597
62 0.406628 0.729272 0.021042 0.017597
83 0.339295 0.633503 0.031562 0.017597
2595 0.538401 0.721489 0.033140 0.017597
120 0.152025 0.640778 0.014729 0.017936
120 0.088112 0.608629 0.016307 0.018613
1810 0.732246 0.451946 0.026302 0.018613
62 0.733824 0.366497 0.030510 0.018951
4121 0.402683 0.410491 0.062599 0.018951
91 0.345345 0.721658 0.035245 0.019289
111 0.740137 0.731641 0.015781 0.019628
120 0.543661 0.645854 0.020516 0.019966
111 0.348238 0.652623 0.021042 0.019966
56 0.089427 0.684264 0.019989 0.020305
1415 0.480274 0.463452 0.056812 0.020643
254 0.602578 0.497800 0.040505 0.020981
91 0.734350 0.422504 0.038927 0.021320
88 0.603630 0.461929 0.027880 0.021658
91 0.543661 0.462267 0.041557 0.021658
2151 0.604682 0.368528 0.057338 0.021658
287 0.605734 0.619797 0.038401 0.021997
683 0.734350 0.757191 0.062073 0.021997
85 0.150184 0.593909 0.015255 0.022335
2479 0.078117 0.373435 0.031036 0.022673
1810 0.816412 0.349239 0.028406 0.023012
2707 0.539716 0.527411 0.024198 0.023350
119 0.409521 0.751100 0.016307 0.024027
495 0.085744 0.584433 0.050500 0.024365
113 0.150184 0.663113 0.037349 0.024704
251 0.151499 0.370220 0.026302 0.025042
2423 0.664387 0.457868 0.044187 0.025042
117 0.740400 0.657699 0.018411 0.025381
91 0.282483 0.643993 0.033666 0.025719
254 0.810100 0.513367 0.042083 0.025719
107 0.153077 0.618443 0.025250 0.026058
58 0.341399 0.415059 0.027354 0.026058
779 0.219621 0.586294 0.047870 0.026058
3553 0.737244 0.627411 0.035245 0.026396
1927 0.278012 0.374619 0.047870 0.026396
890 0.285113 0.720135 0.050500 0.026396
2836 0.339558 0.604569 0.042609 0.026734
98 0.477643 0.540948 0.054708 0.026734
119 0.745660 0.594924 0.013151 0.027073
699 0.404787 0.371574 0.034193 0.027073
4426 0.212783 0.496785 0.045765 0.027073
890 0.607049 0.708291 0.056812 0.027073
66 0.416360 0.653807 0.029984 0.027750
98 0.599421 0.587648 0.056286 0.028088
2138 0.538664 0.495431 0.058916 0.028426
1460 0.088901 0.409306 0.035771 0.028765
126 0.414256 0.618951 0.036297 0.029103
1435 0.479221 0.511506 0.042083 0.029442
1908 0.162809 0.865144 0.052078 0.029442
2138 0.667543 0.534856 0.053656 0.029442
98 0.724619 0.391032 0.066807 0.029442
1691 0.153603 0.445685 0.059968 0.029780
3577 0.091794 0.643993 0.039453 0.030457
3948 0.607049 0.530795 0.042083 0.030795
3576 0.147028 0.564298 0.043661 0.030795
113 0.337191 0.496954 0.046291 0.030795
4296 0.278538 0.414044 0.049974 0.030795
969 0.281168 0.676481 0.023672 0.031134
770 0.536823 0.750931 0.033140 0.031134
4290 0.665702 0.496108 0.051026 0.031134
3626 0.413467 0.474958 0.067333 0.031472
2709 0.339032 0.374619 0.036297 0.031810
1778 0.286691 0.754146 0.036823 0.032149
1316 0.152551 0.408460 0.042083 0.032487
98 0.735665 0.564805 0.048922 0.032487
259 0.335087 0.455499 0.052604 0.032487
969 0.152025 0.685787 0.035771 0.032826
3468 0.345871 0.689509 0.044713 0.032826
1157 0.813519 0.593063 0.046817 0.032826
1559 0.082325 0.460745 0.048922 0.032826
3375 0.741452 0.854653 0.051026 0.032826
1880 0.661231 0.566497 0.028406 0.033164
113 0.278012 0.454484 0.045765 0.033164
4290 0.666754 0.605415 0.047870 0.033164
3942 0.536823 0.378003 0.055234 0.033164
1317 0.153340 0.721320 0.040505 0.033503
3466 0.277223 0.560914 0.043135 0.033503
4053 0.085744 0.546362 0.045239 0.034179
3375 0.094687 0.861929 0.046291 0.034518
1778 0.160179 0.761760 0.043661 0.035195
83 0.146239 0.482572 0.023146 0.035871
969 0.600473 0.663113 0.034193 0.036887
1778 0.606260 0.755838 0.038401 0.036887
3338 0.349553 0.752115 0.047870 0.036887
1436 0.815097 0.462775 0.054182 0.036887
4440 0.605997 0.417597 0.045239 0.037225
83 0.080484 0.500000 0.014729 0.037563
2891 0.217254 0.541286 0.042083 0.037563
1485 0.813519 0.551946 0.057338 0.037902
1545 0.813256 0.423689 0.064177 0.037902
1273 0.155708 0.822843 0.046291 0.038240
4296 0.814571 0.634349 0.068911 0.038240
4371 0.538401 0.684433 0.035245 0.039594
3160 0.734613 0.698985 0.040505 0.039594
1354 0.536297 0.564298 0.051026 0.039594
4196 0.349816 0.561252 0.050500 0.040271
68 0.420568 0.687648 0.006839 0.040609
1364 0.533930 0.618613 0.057864 0.040609
3609 0.150710 0.524027 0.049974 0.041624
2022 0.732509 0.516751 0.052078 0.043316
126 0.481852 0.626227 0.038927 0.048393
1142 0.281431 0.505753 0.044187 0.049069
753 0.672541 0.648393 0.053130 0.050085
4036 0.414256 0.525212 0.037349 0.052115
316 0.415834 0.578680 0.052078 0.055499
47 0.556286 0.416413 0.038401 0.057868
87 0.091268 0.730118 0.037349 0.070728
