246 0.597513 0.247967 0.035524 0.004648
246 0.368739 0.652219 0.034103 0.005345
56 0.288099 0.768417 0.011368 0.009063
102 0.210835 0.576923 0.041563 0.010458
173 0.675488 0.356263 0.025222 0.012085
91 0.443517 0.569370 0.028774 0.012085
56 0.676199 0.232977 0.015275 0.012317
60 0.676554 0.798164 0.023801 0.012317
60 0.442451 0.866140 0.028064 0.013014
174 0.291829 0.779572 0.027353 0.013247
91 0.287211 0.632931 0.027353 0.013711
67 0.910302 0.829421 0.025222 0.013944
91 0.445471 0.717639 0.026998 0.013944
91 0.596803 0.337323 0.025577 0.014176
120 0.907105 0.558564 0.014565 0.014641
120 0.207638 0.565071 0.014565 0.014641
120 0.520604 0.601325 0.016696 0.014641
91 0.752575 0.415175 0.028064 0.014641
72 0.440675 0.896932 0.028774 0.014641
64 0.835879 0.856147 0.015631 0.014873
57 0.215808 0.679294 0.020249 0.014873
91 0.830906 0.627934 0.028419 0.014873
126 0.446004 0.825471 0.029485 0.014873
56 0.831083 0.706949 0.034458 0.014873
101 0.833215 0.746456 0.041563 0.014873
189 0.835346 0.822566 0.013144 0.015106
91 0.133393 0.290379 0.025933 0.015106
126 0.831616 0.780734 0.029840 0.015106
56 0.835346 0.839995 0.034458 0.015106
102 0.593783 0.633628 0.040142 0.015106
91 0.211190 0.746572 0.025222 0.015571
126 0.366430 0.198466 0.031616 0.015803
499 0.292185 0.406461 0.040853 0.015803
88 0.289698 0.880432 0.025222 0.016035
126 0.134103 0.461655 0.026643 0.016035
189 0.831972 0.577155 0.011368 0.016500
117 0.755062 0.500232 0.016696 0.016500
91 0.131616 0.582733 0.025222 0.016500
83 0.130195 0.873228 0.029485 0.016500
88 0.287922 0.288984 0.030195 0.016500
88 0.134458 0.224146 0.030906 0.016500
88 0.676554 0.579479 0.031616 0.016500
88 0.909236 0.234139 0.033037 0.016500
248 0.288099 0.387288 0.034103 0.016500
76 0.907815 0.666279 0.018117 0.016733
126 0.213321 0.789914 0.023801 0.016733
67 0.214032 0.459912 0.027353 0.016733
88 0.447425 0.776900 0.029485 0.016733
118 0.444227 0.881129 0.011012 0.016965
91 0.597336 0.543923 0.023801 0.016965
91 0.676554 0.543923 0.023801 0.016965
80 0.751155 0.516965 0.030195 0.016965
88 0.828597 0.239949 0.033037 0.016965
117 0.444938 0.631071 0.009591 0.017430
120 0.905329 0.846038 0.015986 0.017430
88 0.365187 0.831397 0.028419 0.017430
126 0.366430 0.701952 0.028774 0.017430
126 0.829130 0.533465 0.035524 0.017430
88 0.132860 0.519870 0.021314 0.017662
88 0.754174 0.480827 0.031261 0.017662
118 0.130906 0.836277 0.011012 0.017894
120 0.753108 0.229956 0.018472 0.017894
881 0.209769 0.317337 0.022380 0.017894
2151 0.211545 0.296421 0.030195 0.017894
72 0.129840 0.818383 0.032327 0.017894
1006 0.674067 0.313851 0.033037 0.017894
553 0.211723 0.833023 0.034103 0.017894
2151 0.366963 0.377992 0.035524 0.017894
121 0.367318 0.314780 0.036945 0.017894
87 0.210835 0.876482 0.020959 0.018359
881 0.206572 0.500930 0.023091 0.018359
68 0.439787 0.474669 0.032682 0.018359
790 0.134636 0.480711 0.032682 0.018359
72 0.752220 0.718220 0.033748 0.018359
117 0.365187 0.615385 0.011368 0.018592
83 0.209059 0.696026 0.023091 0.018592
88 0.443517 0.219382 0.029485 0.018592
126 0.832860 0.686498 0.031616 0.018592
126 0.598757 0.589008 0.028064 0.018824
93 0.680462 0.833953 0.020249 0.019289
88 0.207460 0.412387 0.031261 0.019289
978 0.290053 0.840228 0.032327 0.019289
2151 0.908348 0.713340 0.032682 0.019289
597 0.676377 0.499303 0.034103 0.019289
121 0.677265 0.273879 0.034458 0.019289
259 0.600178 0.207413 0.035879 0.019289
598 0.754707 0.557867 0.038011 0.019289
93 0.677265 0.291657 0.020249 0.019521
76 0.519361 0.584244 0.021314 0.019521
87 0.679751 0.780851 0.025222 0.019521
83 0.363588 0.899373 0.025933 0.019521
300 0.128419 0.605159 0.027353 0.019521
88 0.828597 0.319312 0.030195 0.019521
596 0.907105 0.433070 0.023091 0.019754
254 0.365897 0.422612 0.029840 0.019754
72 0.673002 0.372182 0.033748 0.019754
370 0.598401 0.318499 0.034458 0.019754
1604 0.831794 0.896468 0.040853 0.019754
117 0.132682 0.745178 0.010302 0.020218
119 0.443872 0.650360 0.015986 0.020218
111 0.753286 0.760981 0.018828 0.020218
78 0.835169 0.873693 0.024156 0.020218
51 0.132682 0.345921 0.024512 0.020218
2678 0.445293 0.735650 0.030195 0.020218
95 0.908171 0.515803 0.030906 0.020218
1174 0.910302 0.255752 0.033748 0.020218
4412 0.443339 0.672670 0.034103 0.020218
113 0.210124 0.658726 0.034458 0.020218
1016 0.831083 0.802580 0.039432 0.020218
118 0.602309 0.745526 0.011723 0.020451
93 0.369272 0.545201 0.023091 0.020451
83 0.750977 0.535905 0.024156 0.020451
126 0.907638 0.762026 0.028419 0.020451
98 0.130906 0.500116 0.034458 0.020451
978 0.677087 0.563096 0.039787 0.020451
2710 0.598401 0.490937 0.027353 0.020683
83 0.439787 0.239716 0.028419 0.020683
88 0.750444 0.897165 0.031616 0.020683
870 0.291119 0.798629 0.033748 0.020683
118 0.906927 0.809087 0.009947 0.021148
85 0.442806 0.453753 0.011723 0.021148
86 0.758970 0.740297 0.018117 0.021148
121 0.367673 0.525564 0.036945 0.021148
70 0.753641 0.210318 0.020959 0.021380
83 0.206927 0.223797 0.028064 0.021380
980 0.286146 0.611201 0.028774 0.021380
121 0.129840 0.856147 0.029485 0.021380
88 0.522735 0.363003 0.030906 0.021380
98 0.363588 0.878922 0.032327 0.021380
421 0.366252 0.855217 0.034103 0.021380
885 0.211901 0.339066 0.035169 0.021380
127 0.679396 0.815245 0.035169 0.021380
1416 0.211190 0.247037 0.035879 0.021380
4454 0.366252 0.219149 0.036945 0.021380
85 0.677620 0.873228 0.011012 0.021613
111 0.365719 0.355914 0.015275 0.021613
51 0.751865 0.269231 0.027353 0.021613
58 0.287744 0.860446 0.028419 0.021613
4260 0.599112 0.231118 0.033748 0.021613
4454 0.677265 0.671276 0.036590 0.021613
885 0.209414 0.522542 0.038011 0.021613
85 0.598401 0.443528 0.008881 0.022078
111 0.212433 0.809319 0.015631 0.022078
86 0.371758 0.334302 0.016696 0.022078
119 0.598224 0.419823 0.017052 0.022078
86 0.216874 0.896700 0.023801 0.022078
87 0.209591 0.546944 0.024156 0.022078
2489 0.442451 0.432140 0.035169 0.022078
1821 0.600888 0.724495 0.035169 0.022078
370 0.598757 0.566000 0.036590 0.022078
1415 0.523979 0.282245 0.036945 0.022078
885 0.133748 0.696839 0.038011 0.022078
978 0.832327 0.761213 0.039787 0.022078
119 0.366785 0.635835 0.015275 0.022310
83 0.130728 0.389263 0.025577 0.022310
95 0.677975 0.895189 0.029485 0.022310
127 0.678686 0.393214 0.037300 0.022310
121 0.208526 0.201139 0.024156 0.022542
87 0.674956 0.252963 0.025577 0.022542
51 0.441741 0.384732 0.028774 0.022542
870 0.366785 0.594585 0.029485 0.022542
76 0.678330 0.856728 0.030195 0.022542
1401 0.367318 0.724959 0.031261 0.022542
4430 0.903908 0.616895 0.036590 0.022542
316 0.292540 0.821404 0.039432 0.022542
316 0.753641 0.399605 0.047957 0.022542
92 0.209236 0.360795 0.022735 0.023007
87 0.363943 0.503486 0.025933 0.023007
51 0.906217 0.539972 0.028419 0.023007
70 0.136945 0.173019 0.030195 0.023007
81 0.443517 0.847897 0.031616 0.023007
423 0.289876 0.898094 0.032682 0.023007
1439 0.447069 0.757030 0.033748 0.023007
4454 0.753996 0.844876 0.035879 0.023007
885 0.446181 0.587846 0.036945 0.023007
2104 0.212078 0.766791 0.036945 0.023007
91 0.908348 0.456077 0.039787 0.023007
111 0.910124 0.308854 0.019893 0.023240
87 0.596625 0.397165 0.025933 0.023240
509 0.366430 0.478503 0.028064 0.023240
254 0.522025 0.513363 0.028064 0.023240
2555 0.907105 0.740181 0.028774 0.023240
109 0.368561 0.266093 0.030906 0.023240
95 0.756128 0.460376 0.033037 0.023240
370 0.524156 0.538462 0.036590 0.023240
316 0.133748 0.566117 0.040142 0.023240
316 0.909236 0.413897 0.040853 0.023240
111 0.676199 0.474901 0.016696 0.023472
58 0.288632 0.366605 0.020959 0.023472
120 0.443872 0.407739 0.029485 0.023472
254 0.288810 0.491401 0.034103 0.023472
3562 0.136234 0.893679 0.035879 0.023472
334 0.134458 0.794213 0.036590 0.023472
4078 0.208703 0.437718 0.039432 0.023472
316 0.135879 0.274808 0.044405 0.023472
119 0.132682 0.367999 0.014565 0.023937
119 0.753641 0.292006 0.015275 0.023937
85 0.210835 0.633860 0.015275 0.023937
111 0.598046 0.466535 0.017407 0.023937
92 0.442806 0.328027 0.024512 0.023937
87 0.831972 0.424936 0.026998 0.023937
505 0.365187 0.777481 0.029840 0.023937
68 0.906572 0.786777 0.029840 0.023937
1921 0.366785 0.569719 0.032327 0.023937
4416 0.446892 0.609459 0.034103 0.023937
505 0.440320 0.522775 0.035169 0.023937
1456 0.828952 0.557169 0.036590 0.023937
58 0.597336 0.653265 0.019538 0.024169
87 0.908526 0.362538 0.025933 0.024169
870 0.443872 0.198001 0.030906 0.024169
107 0.756661 0.641878 0.031261 0.024169
545 0.596980 0.294911 0.035169 0.024169
4431 0.751155 0.436672 0.037300 0.024169
370 0.288632 0.517546 0.038011 0.024169
119 0.134103 0.767488 0.014565 0.024402
111 0.287567 0.464908 0.016696 0.024402
1762 0.134636 0.440739 0.032682 0.024402
1762 0.828774 0.400767 0.035524 0.024402
979 0.912078 0.211829 0.042984 0.024402
75 0.837300 0.726818 0.028419 0.024866
1587 0.287211 0.311992 0.034458 0.024866
509 0.446181 0.695329 0.026998 0.025099
978 0.753286 0.252150 0.042984 0.025099
83 0.368384 0.748896 0.012789 0.025331
70 0.597158 0.613177 0.018472 0.025331
68 0.519538 0.561817 0.030195 0.025331
505 0.131972 0.414943 0.030906 0.025331
4416 0.134103 0.722403 0.032327 0.025331
4312 0.908881 0.335928 0.035169 0.025331
1707 0.287389 0.655473 0.036945 0.025331
90 0.676909 0.643621 0.042274 0.025331
107 0.753108 0.696142 0.014210 0.025796
70 0.288455 0.241343 0.019893 0.025796
92 0.751155 0.372879 0.024512 0.025796
62 0.600178 0.770044 0.028064 0.025796
480 0.829307 0.509993 0.034458 0.025796
1401 0.521670 0.308389 0.037300 0.026028
4038 0.132860 0.630723 0.038366 0.026028
119 0.442096 0.497444 0.015275 0.026261
958 0.131439 0.248548 0.024156 0.026261
2425 0.906927 0.641994 0.034103 0.026261
2425 0.367318 0.292703 0.035524 0.026261
4086 0.522380 0.335928 0.035879 0.026261
3562 0.367140 0.174181 0.036590 0.026261
3562 0.444227 0.299675 0.039432 0.026261
3056 0.599645 0.267836 0.041208 0.026261
316 0.906750 0.871601 0.043694 0.026261
1799 0.676554 0.695213 0.025933 0.026726
120 0.211368 0.481641 0.031261 0.026726
366 0.676377 0.336161 0.032682 0.026726
2787 0.825577 0.344527 0.034103 0.026726
120 0.291119 0.267372 0.034458 0.026726
2632 0.674423 0.211597 0.041563 0.026726
1799 0.751155 0.869626 0.021670 0.026958
119 0.827531 0.371369 0.022380 0.026958
985 0.288988 0.684174 0.028064 0.026958
3984 0.756306 0.814548 0.029840 0.026958
1316 0.679041 0.449454 0.033748 0.026958
4084 0.367318 0.399024 0.034103 0.026958
1111 0.210480 0.272833 0.036590 0.026958
2519 0.827709 0.214502 0.041208 0.026958
604 0.205861 0.174646 0.030195 0.027190
3175 0.675311 0.523704 0.035524 0.027190
1562 0.443872 0.175575 0.038011 0.027190
1880 0.286323 0.711480 0.026998 0.027655
505 0.752753 0.787009 0.034103 0.027655
2844 0.826998 0.482106 0.035524 0.027655
1579 0.444050 0.549036 0.035524 0.027655
2632 0.677975 0.723100 0.035879 0.027655
2795 0.752575 0.347316 0.039432 0.027655
3562 0.290231 0.212642 0.042629 0.027888
1297 0.523979 0.421915 0.034103 0.028120
119 0.907993 0.689868 0.015631 0.028585
58 0.829307 0.451197 0.021670 0.028585
2795 0.828242 0.295259 0.038011 0.028585
3562 0.209414 0.388682 0.040142 0.028585
1986 0.212966 0.720428 0.031616 0.028817
1422 0.598401 0.520799 0.034458 0.028817
3562 0.522735 0.483616 0.040853 0.028817
68 0.910302 0.279456 0.006039 0.029050
1871 0.365009 0.806995 0.031616 0.029050
1986 0.447425 0.801882 0.034458 0.029050
1984 0.363588 0.451197 0.038011 0.029050
325 0.755062 0.317569 0.040853 0.029050
2616 0.675311 0.752847 0.035524 0.029514
3856 0.758615 0.581455 0.040853 0.029747
42 0.523801 0.450500 0.011012 0.030444
4121 0.132504 0.546944 0.036945 0.030444
68 0.368028 0.242157 0.007105 0.030676
1304 0.674600 0.420637 0.028419 0.030676
1588 0.211368 0.857309 0.036945 0.030676
68 0.758792 0.668487 0.009947 0.030909
3063 0.288810 0.337555 0.035524 0.031373
325 0.829840 0.265977 0.044050 0.031373
2694 0.441741 0.356263 0.028064 0.031606
1116 0.130551 0.317685 0.033037 0.031606
83 0.521492 0.389612 0.014210 0.031838
60 0.908881 0.383570 0.015275 0.032303
68 0.755773 0.615617 0.006750 0.032535
2468 0.135346 0.199280 0.029840 0.032768
3398 0.287567 0.583198 0.033037 0.033233
4318 0.831439 0.603881 0.035879 0.033233
68 0.290053 0.742273 0.006750 0.033465
1871 0.364298 0.673832 0.029485 0.034162
4460 0.441741 0.268882 0.030906 0.034395
296 0.906394 0.583663 0.027353 0.035557
1297 0.131794 0.665001 0.031261 0.036021
1114 0.830018 0.655705 0.032327 0.036021
4460 0.285258 0.179991 0.034103 0.036021
1297 0.288810 0.431676 0.035524 0.036486
68 0.209236 0.598304 0.007105 0.037416
68 0.286856 0.545550 0.008881 0.037416
1260 0.904973 0.486986 0.028774 0.037416
1297 0.597336 0.364978 0.033748 0.037881
1170 0.674600 0.610620 0.034103 0.040669
296 0.598401 0.688706 0.026643 0.042993
296 0.520959 0.634557 0.031616 0.046712
68 0.598757 0.807925 0.008171 0.050430
