101 0.945933 0.484937 0.056548 0.012958
101 0.438244 0.203110 0.062996 0.013605
92 0.440476 0.693392 0.035714 0.013929
297 0.728423 0.205863 0.045139 0.013929
92 0.581597 0.231616 0.041171 0.015549
92 0.741319 0.910107 0.041171 0.015873
92 0.440228 0.561386 0.037202 0.016197
101 0.658234 0.183673 0.055556 0.016197
102 0.365575 0.164561 0.057540 0.016197
102 0.231647 0.834953 0.061508 0.016521
92 0.872520 0.200032 0.038690 0.018465
92 0.215774 0.271947 0.042659 0.018465
102 0.587798 0.542598 0.057540 0.018788
52 0.362847 0.125202 0.034226 0.019112
128 0.815972 0.603822 0.011905 0.019436
52 0.152530 0.819728 0.050099 0.021056
87 0.374504 0.882086 0.039683 0.021380
56 0.444196 0.818270 0.050099 0.021380
57 0.372520 0.632329 0.031746 0.022028
110 0.878968 0.689990 0.035714 0.022028
126 0.292411 0.433107 0.046131 0.022028
1002 0.369048 0.569485 0.049603 0.022028
64 0.944940 0.400227 0.029762 0.022352
66 0.435764 0.279074 0.035218 0.022352
87 0.876240 0.471007 0.034226 0.022676
56 0.801339 0.237123 0.046131 0.022676
120 0.733879 0.380466 0.020337 0.023000
120 0.232887 0.815193 0.021329 0.023000
56 0.373760 0.859896 0.022321 0.023000
87 0.298611 0.711532 0.036706 0.023000
120 0.296627 0.333657 0.019841 0.023324
66 0.444940 0.837059 0.030754 0.023324
81 0.723462 0.129252 0.039187 0.023324
1435 0.221230 0.564950 0.043651 0.023324
104 0.162450 0.868481 0.045139 0.023324
66 0.436012 0.128766 0.030754 0.023648
120 0.944196 0.229349 0.022321 0.023971
57 0.880208 0.311629 0.031250 0.023971
3053 0.437748 0.184321 0.037202 0.023971
68 0.729415 0.356981 0.042163 0.023971
1002 0.587054 0.352446 0.053075 0.023971
1002 0.291171 0.195011 0.054563 0.023971
117 0.512897 0.258341 0.021825 0.024295
56 0.950149 0.907839 0.024306 0.024295
126 0.946429 0.565112 0.039683 0.024295
87 0.370040 0.294947 0.042659 0.024295
126 0.516865 0.810010 0.051587 0.024295
108 0.441468 0.765792 0.012897 0.024619
56 0.659226 0.399741 0.039683 0.024619
91 0.307788 0.906382 0.041171 0.024619
547 0.594494 0.489796 0.046131 0.024619
91 0.590030 0.715096 0.035218 0.024943
3053 0.153522 0.637350 0.039187 0.024943
53 0.520585 0.871072 0.016369 0.025267
120 0.726935 0.153547 0.018353 0.025267
66 0.941716 0.313087 0.031250 0.025591
68 0.803571 0.395368 0.038690 0.025591
64 0.806548 0.581309 0.038690 0.025591
91 0.727679 0.273567 0.039683 0.025591
72 0.438244 0.153385 0.043155 0.025591
88 0.952133 0.755426 0.017361 0.025915
88 0.810020 0.740849 0.018849 0.025915
51 0.735863 0.808876 0.034226 0.025915
72 0.873760 0.130224 0.042163 0.025915
978 0.658730 0.236476 0.043651 0.025915
81 0.873760 0.416910 0.044147 0.025915
120 0.377232 0.905896 0.021329 0.026239
1406 0.657738 0.329932 0.040675 0.026239
95 0.653770 0.131357 0.044643 0.026239
89 0.593998 0.813897 0.045139 0.026239
118 0.809772 0.421445 0.011409 0.026563
85 0.949157 0.697117 0.012401 0.026563
118 0.145337 0.226109 0.013889 0.026563
120 0.881200 0.443149 0.019345 0.026563
88 0.657986 0.206025 0.023313 0.026563
98 0.362847 0.148040 0.051091 0.026563
259 0.228423 0.902494 0.058036 0.026563
108 0.814980 0.830256 0.013889 0.027211
91 0.811508 0.803045 0.037698 0.027211
55 0.512153 0.346615 0.046131 0.027211
120 0.225694 0.718011 0.016865 0.027535
111 0.302827 0.880305 0.019345 0.027535
120 0.147321 0.396016 0.020833 0.027535
86 0.156498 0.578717 0.028274 0.027535
110 0.437252 0.304017 0.039187 0.027535
81 0.663690 0.618238 0.043651 0.027535
85 0.438740 0.220603 0.011409 0.027859
108 0.589782 0.459670 0.013889 0.027859
123 0.513145 0.439585 0.018353 0.027859
1435 0.516121 0.549725 0.040179 0.027859
1406 0.154018 0.690962 0.042163 0.027859
366 0.582341 0.258179 0.045635 0.027859
76 0.812748 0.774862 0.046131 0.027859
1446 0.216766 0.356333 0.047619 0.027859
98 0.514385 0.577583 0.048611 0.027859
1415 0.302083 0.645935 0.048611 0.027859
98 0.657986 0.425980 0.049107 0.027859
121 0.806052 0.170716 0.064484 0.027859
56 0.517609 0.750081 0.017361 0.028183
87 0.942956 0.203272 0.031746 0.028183
87 0.734375 0.719955 0.039187 0.028183
1406 0.801587 0.291059 0.044643 0.028183
88 0.223214 0.655329 0.020833 0.028507
117 0.220982 0.502106 0.026290 0.028507
91 0.658978 0.302559 0.039187 0.028507
51 0.731647 0.439261 0.042659 0.028507
1415 0.592014 0.842242 0.043155 0.028507
88 0.592758 0.875445 0.012897 0.028831
64 0.510169 0.135569 0.019345 0.028831
88 0.888641 0.905248 0.021329 0.028831
119 0.878224 0.496761 0.022321 0.028831
83 0.444196 0.792517 0.034226 0.028831
121 0.738591 0.779236 0.058532 0.028831
70 0.589286 0.518626 0.037698 0.029155
51 0.144345 0.198251 0.041667 0.029155
2151 0.286210 0.165857 0.044643 0.029155
259 0.214782 0.292517 0.054563 0.029155
91 0.309028 0.853256 0.064484 0.029155
88 0.140377 0.132329 0.018849 0.029478
1083 0.369792 0.602689 0.032242 0.029478
66 0.224206 0.689504 0.032738 0.029478
75 0.669147 0.704730 0.042659 0.029478
91 0.729415 0.333171 0.058036 0.029478
88 0.214286 0.205701 0.013889 0.029802
88 0.726687 0.181082 0.046627 0.029802
98 0.737103 0.836735 0.050595 0.029802
88 0.289683 0.135245 0.021825 0.030126
1406 0.812252 0.664237 0.043155 0.030126
113 0.876984 0.287172 0.046627 0.030126
1415 0.516369 0.606576 0.049603 0.030126
83 0.884673 0.716229 0.035218 0.030450
83 0.662698 0.558147 0.037698 0.030450
56 0.149058 0.285552 0.027282 0.030774
57 0.742560 0.749433 0.033730 0.030774
83 0.597966 0.905248 0.037202 0.030774
91 0.810764 0.634435 0.039187 0.030774
109 0.662698 0.452057 0.045635 0.030774
1821 0.375000 0.796728 0.047619 0.030774
105 0.517113 0.373664 0.053075 0.030774
60 0.509425 0.283447 0.015873 0.031098
85 0.658730 0.160026 0.016865 0.031098
111 0.880208 0.635569 0.020337 0.031098
107 0.661210 0.588921 0.030754 0.031098
51 0.231399 0.788144 0.043155 0.031098
86 0.809772 0.258989 0.031250 0.031422
91 0.594494 0.648688 0.059028 0.031422
85 0.584821 0.290573 0.015873 0.031746
88 0.215526 0.322967 0.020337 0.031746
88 0.736607 0.684159 0.020833 0.031746
107 0.807788 0.450599 0.027282 0.031746
3313 0.879216 0.604146 0.047123 0.031746
98 0.148562 0.665695 0.061012 0.031746
85 0.884425 0.659378 0.014881 0.032070
85 0.219742 0.532718 0.016865 0.032070
95 0.442956 0.629900 0.040675 0.032070
123 0.372520 0.699546 0.041667 0.032070
804 0.735119 0.540168 0.043651 0.032070
95 0.293651 0.402818 0.046627 0.032070
95 0.150050 0.608520 0.048115 0.032070
71 0.147073 0.255426 0.057044 0.032070
85 0.158234 0.840298 0.016865 0.032394
85 0.149058 0.469388 0.019345 0.032394
2237 0.439732 0.420797 0.050099 0.032394
1902 0.723710 0.304827 0.053571 0.032394
1415 0.152530 0.722060 0.055060 0.032394
98 0.290923 0.305799 0.056052 0.032394
68 0.733631 0.408325 0.007937 0.032718
119 0.734871 0.469874 0.019345 0.032718
90 0.448413 0.865079 0.041667 0.032718
1477 0.656002 0.269679 0.049107 0.032718
91 0.947173 0.294299 0.057044 0.032718
111 0.517857 0.838678 0.026786 0.033042
83 0.586806 0.322967 0.040675 0.033042
1562 0.439484 0.531584 0.042659 0.033042
1560 0.946925 0.532232 0.044643 0.033042
601 0.293403 0.546161 0.055060 0.033042
118 0.941716 0.172498 0.014385 0.033366
111 0.297867 0.679786 0.025298 0.033366
107 0.145833 0.548267 0.037698 0.033366
4652 0.946925 0.789925 0.041667 0.033366
3778 0.364831 0.226271 0.047123 0.033366
1424 0.367560 0.413184 0.049603 0.033366
121 0.514137 0.233398 0.061012 0.033366
119 0.520585 0.781017 0.022321 0.033690
91 0.664187 0.902494 0.049603 0.033690
91 0.373760 0.761905 0.055060 0.033690
91 0.157738 0.790411 0.067460 0.033690
118 0.379464 0.829122 0.019841 0.034014
3799 0.214038 0.135245 0.050099 0.034014
85 0.440476 0.383220 0.020833 0.034338
111 0.142113 0.164237 0.034226 0.034338
51 0.510665 0.199546 0.037202 0.034338
104 0.801339 0.487204 0.043155 0.034338
1562 0.443948 0.663103 0.045635 0.034338
91 0.522817 0.637836 0.067460 0.034338
83 0.734871 0.503563 0.018353 0.034661
119 0.664435 0.484775 0.021329 0.034661
118 0.946181 0.461127 0.027282 0.034661
107 0.945933 0.339002 0.040675 0.034661
95 0.220982 0.593942 0.042163 0.034661
2633 0.295139 0.584224 0.046627 0.034661
981 0.366319 0.451409 0.047123 0.034661
118 0.594990 0.783285 0.016369 0.034985
60 0.298363 0.740525 0.018353 0.034985
58 0.364087 0.188533 0.030754 0.034985
2391 0.733383 0.650794 0.048115 0.034985
98 0.295139 0.619048 0.052579 0.034985
1799 0.883929 0.871882 0.031746 0.035309
58 0.591518 0.569647 0.033234 0.035309
3320 0.590278 0.748137 0.033730 0.035309
83 0.215774 0.238257 0.036706 0.035309
119 0.216766 0.170068 0.020833 0.035633
74 0.512649 0.167800 0.031250 0.035633
83 0.436508 0.252672 0.041667 0.035633
3735 0.297867 0.465177 0.045139 0.035633
62 0.526538 0.901523 0.047123 0.035633
119 0.369048 0.733560 0.022817 0.035957
58 0.738095 0.610463 0.026786 0.035957
71 0.954365 0.661646 0.040675 0.035957
56 0.665179 0.737609 0.018849 0.036281
58 0.291419 0.268546 0.034226 0.036281
60 0.805556 0.544380 0.017857 0.036605
111 0.367312 0.261905 0.026290 0.036605
122 0.875248 0.253806 0.041171 0.036605
1129 0.940228 0.261581 0.043155 0.036605
83 0.449157 0.899903 0.018353 0.036929
505 0.874504 0.529964 0.031746 0.036929
107 0.873016 0.221574 0.032738 0.036929
91 0.586558 0.387431 0.042163 0.036929
92 0.147073 0.363622 0.028274 0.037253
1894 0.730407 0.239229 0.033234 0.037253
93 0.521081 0.717363 0.034226 0.037253
378 0.225942 0.753968 0.044147 0.037253
1396 0.883185 0.567055 0.049107 0.037253
90 0.152778 0.756884 0.055556 0.037253
4328 0.440972 0.495141 0.058532 0.037253
2236 0.886409 0.790735 0.041667 0.037577
1460 0.802083 0.361516 0.042659 0.037577
4344 0.887649 0.753158 0.048115 0.037577
2633 0.438492 0.595076 0.052579 0.037577
68 0.525050 0.406706 0.008433 0.037901
126 0.814980 0.866051 0.047619 0.037901
1663 0.946925 0.596210 0.051587 0.037901
119 0.666171 0.651118 0.019841 0.038225
58 0.218998 0.419177 0.030258 0.038225
3871 0.438244 0.457402 0.037202 0.038225
2844 0.657986 0.824263 0.048115 0.038549
1170 0.147321 0.510042 0.048611 0.038549
577 0.591766 0.614836 0.036706 0.038873
126 0.943204 0.375769 0.045139 0.038873
1052 0.366815 0.494331 0.048115 0.038873
68 0.232391 0.386945 0.011409 0.039197
107 0.294147 0.367185 0.030754 0.039197
2697 0.587054 0.425494 0.050099 0.039197
68 0.816220 0.519922 0.005456 0.039521
76 0.658978 0.523162 0.034226 0.039521
68 0.945933 0.490120 0.049603 0.039521
1411 0.656498 0.365403 0.051091 0.039521
4166 0.368552 0.371558 0.058532 0.039521
2269 0.797619 0.322805 0.041667 0.039845
1551 0.812500 0.898445 0.050595 0.039845
296 0.220486 0.464853 0.040179 0.040168
981 0.591766 0.682216 0.049603 0.040168
4164 0.939236 0.135730 0.050099 0.040168
68 0.290179 0.228539 0.007937 0.040492
83 0.293651 0.503239 0.019841 0.040492
3756 0.872272 0.343861 0.052083 0.040492
2718 0.369296 0.534176 0.048115 0.040816
58 0.953621 0.730807 0.051091 0.040816
4075 0.799851 0.136378 0.053075 0.040816
3871 0.299603 0.781827 0.036706 0.041140
62 0.519097 0.472141 0.044147 0.041788
68 0.158482 0.902170 0.011409 0.042112
127 0.953621 0.633949 0.058036 0.042112
4399 0.947669 0.869938 0.043155 0.042436
4000 0.874256 0.385649 0.059028 0.042436
68 0.368552 0.328798 0.008929 0.043408
4328 0.300099 0.821833 0.052579 0.043408
68 0.148065 0.322967 0.013393 0.044056
68 0.799355 0.202948 0.007440 0.044380
91 0.883433 0.830418 0.039683 0.044380
2795 0.948909 0.828798 0.042659 0.044380
2795 0.580853 0.140752 0.046627 0.044380
325 0.810268 0.700680 0.054067 0.044704
68 0.665923 0.778426 0.006448 0.045351
68 0.954613 0.430839 0.010417 0.045351
68 0.751736 0.574668 0.010417 0.045351
58 0.234127 0.866861 0.055556 0.045351
68 0.877480 0.166019 0.011905 0.045675
83 0.518105 0.511338 0.021329 0.045675
68 0.237351 0.625364 0.009425 0.048267
4365 0.516865 0.673631 0.049603 0.050211
1535 0.441468 0.727405 0.055556 0.052154
1114 0.579861 0.189828 0.036706 0.052478
68 0.659226 0.656301 0.049603 0.052478
47 0.675595 0.862488 0.041667 0.057337
47 0.445685 0.338354 0.042163 0.063168
47 0.150546 0.426628 0.041171 0.064140
47 0.516865 0.309848 0.038690 0.066408
