128 0.638208 0.579763 0.013017 0.014155
81 0.874426 0.775631 0.049005 0.014155
56 0.877106 0.790360 0.022205 0.015302
169 0.323890 0.318669 0.027565 0.015302
173 0.324655 0.793037 0.052067 0.015302
173 0.320827 0.345639 0.058193 0.016450
98 0.874043 0.807766 0.055896 0.017215
173 0.426110 0.251913 0.049770 0.017980
101 0.870214 0.692999 0.060490 0.017980
108 0.868683 0.523145 0.054364 0.019510
173 0.217458 0.519319 0.055130 0.019510
173 0.423430 0.604246 0.055130 0.020275
88 0.875574 0.757842 0.049770 0.021423
52 0.523354 0.632364 0.058959 0.021423
118 0.877106 0.650536 0.016080 0.021806
56 0.322741 0.577467 0.031394 0.021806
74 0.874426 0.544185 0.030628 0.022571
51 0.870214 0.673106 0.039051 0.022571
111 0.875191 0.827467 0.036753 0.022953
91 0.527948 0.749044 0.054364 0.022953
87 0.873277 0.707919 0.045176 0.023336
86 0.885528 0.732785 0.029862 0.024101
64 0.629403 0.508799 0.036753 0.024484
98 0.419219 0.224943 0.069678 0.024484
76 0.325421 0.893458 0.042879 0.025631
68 0.870597 0.626435 0.049005 0.025631
77 0.535605 0.834927 0.060490 0.025631
57 0.328867 0.648814 0.042113 0.026014
52 0.419219 0.199311 0.058959 0.026014
495 0.628254 0.615914 0.074273 0.026014
102 0.629403 0.835119 0.076570 0.026014
56 0.328867 0.868210 0.035988 0.026396
88 0.733155 0.682288 0.037519 0.026396
88 0.422282 0.539212 0.051302 0.027161
126 0.730092 0.243497 0.057427 0.027161
72 0.423430 0.720926 0.061256 0.027161
56 0.215926 0.545715 0.027565 0.027927
117 0.877871 0.857498 0.031394 0.027927
67 0.736217 0.280222 0.045176 0.027927
91 0.319678 0.237758 0.062021 0.027927
2151 0.418070 0.280222 0.064319 0.027927
119 0.875191 0.597360 0.018377 0.028692
120 0.218224 0.402257 0.030628 0.028692
88 0.216692 0.489480 0.030628 0.028692
87 0.872511 0.569051 0.040582 0.028692
91 0.526799 0.407613 0.055130 0.028692
1006 0.527565 0.445868 0.073507 0.028692
86 0.222435 0.316756 0.039051 0.029074
287 0.318913 0.504973 0.074273 0.029074
88 0.527182 0.595448 0.035988 0.029457
68 0.874809 0.865914 0.068147 0.029457
118 0.231623 0.610367 0.032925 0.030222
85 0.735452 0.339901 0.034456 0.030222
126 0.631317 0.427123 0.055896 0.030222
98 0.522588 0.658569 0.075804 0.030222
82 0.628637 0.557001 0.067381 0.030604
109 0.223583 0.818477 0.067381 0.030987
127 0.540199 0.816947 0.098775 0.030987
118 0.334227 0.677314 0.037519 0.031752
81 0.729326 0.310444 0.062021 0.031752
83 0.416922 0.567904 0.048239 0.032517
83 0.629786 0.284047 0.051302 0.032517
85 0.424196 0.160482 0.027565 0.033282
87 0.323124 0.620314 0.061256 0.033282
60 0.315467 0.764155 0.030628 0.034047
111 0.419602 0.683435 0.039816 0.034047
91 0.102221 0.496366 0.069678 0.034047
86 0.427642 0.917942 0.046708 0.034813
51 0.733538 0.478003 0.055130 0.034813
87 0.217075 0.284430 0.060490 0.034813
253 0.316233 0.160099 0.061256 0.034813
69 0.527948 0.789021 0.072741 0.034813
83 0.730092 0.433053 0.057427 0.035195
102 0.223201 0.859028 0.062021 0.035578
836 0.208270 0.197972 0.073507 0.035578
119 0.428790 0.413734 0.024502 0.036343
189 0.523737 0.869357 0.024502 0.036343
68 0.325421 0.548393 0.073507 0.036343
750 0.210949 0.158952 0.077335 0.036343
87 0.213247 0.577276 0.058959 0.036725
87 0.421516 0.837605 0.052833 0.037108
88 0.732006 0.842578 0.058193 0.037108
750 0.525651 0.259181 0.075804 0.037108
60 0.627489 0.195295 0.034456 0.037873
2677 0.736983 0.157039 0.058959 0.037873
89 0.424579 0.756503 0.071210 0.037873
117 0.627489 0.158378 0.028331 0.038256
3223 0.522971 0.310252 0.070444 0.038256
1983 0.528331 0.359220 0.079632 0.038256
53 0.731623 0.600038 0.026799 0.038638
3411 0.872511 0.490627 0.051302 0.038638
3285 0.322741 0.376626 0.062021 0.038638
2203 0.427642 0.460023 0.069678 0.038638
277 0.319678 0.716335 0.080398 0.038638
1012 0.315850 0.471117 0.084992 0.038638
1737 0.627489 0.241201 0.071210 0.039403
70 0.627871 0.471308 0.036753 0.039786
3781 0.220904 0.784047 0.080398 0.040168
68 0.331164 0.747705 0.009954 0.040933
74 0.529096 0.908378 0.045942 0.040933
77 0.870214 0.295907 0.052833 0.040933
4440 0.532925 0.216718 0.073507 0.040933
932 0.630551 0.704858 0.075804 0.040933
81 0.728560 0.516450 0.072741 0.041316
68 0.228560 0.737376 0.009954 0.041699
58 0.729326 0.551836 0.042113 0.041699
3808 0.422282 0.642119 0.078867 0.041699
3868 0.735452 0.201607 0.052833 0.042846
68 0.319678 0.907804 0.063553 0.042846
71 0.219372 0.644223 0.065084 0.042846
2059 0.318147 0.421576 0.075804 0.042846
121 0.417688 0.877965 0.078867 0.042846
78 0.733920 0.642311 0.051302 0.044376
3868 0.214012 0.241010 0.054364 0.044376
87 0.419985 0.372992 0.055896 0.044376
1999 0.626340 0.752869 0.073507 0.044376
505 0.524119 0.162969 0.077335 0.044376
4350 0.730092 0.728386 0.078867 0.044376
750 0.866003 0.352716 0.091884 0.044376
2612 0.321975 0.824981 0.066616 0.044759
70 0.628254 0.806236 0.071210 0.044759
68 0.312021 0.577467 0.078867 0.046289
296 0.423813 0.322686 0.043645 0.047054
750 0.095712 0.196060 0.088821 0.047054
2949 0.215161 0.446251 0.055130 0.047819
1575 0.311256 0.206389 0.065084 0.047819
836 0.094564 0.267215 0.086524 0.047819
3711 0.219372 0.691852 0.071210 0.048585
68 0.620214 0.517980 0.070444 0.048967
836 0.866003 0.405891 0.091884 0.048967
1575 0.412328 0.503634 0.058959 0.049350
3830 0.522971 0.551454 0.076570 0.049350
4147 0.622129 0.330337 0.068147 0.050880
69 0.868683 0.199503 0.074273 0.050880
2222 0.632466 0.389059 0.070444 0.052028
4068 0.098775 0.421576 0.094946 0.052028
1799 0.098392 0.567138 0.088055 0.052410
127 0.876723 0.251530 0.098009 0.052410
83 0.630934 0.651301 0.033691 0.053175
1814 0.093798 0.342578 0.081930 0.053175
2438 0.218606 0.363428 0.069678 0.053558
3411 0.315084 0.280987 0.065084 0.055471
2692 0.737366 0.789212 0.070444 0.056618
68 0.535988 0.488332 0.015314 0.057766
2438 0.730092 0.390972 0.057427 0.058148
4318 0.527565 0.704476 0.079632 0.059296
68 0.227029 0.906083 0.017611 0.060061
83 0.730858 0.893458 0.034456 0.063122
68 0.631317 0.888676 0.016080 0.079572
