92 0.745818 0.766720 0.030669 0.011520
56 0.513476 0.898880 0.012082 0.012800
92 0.346654 0.611680 0.037175 0.014400
92 0.182621 0.913600 0.041822 0.014720
57 0.921004 0.789600 0.026022 0.016960
64 0.342240 0.165600 0.019981 0.017600
93 0.273467 0.828000 0.050651 0.017600
56 0.501162 0.606560 0.054368 0.018880
120 0.757203 0.904640 0.017193 0.019200
56 0.341310 0.395840 0.049721 0.019200
56 0.341078 0.485920 0.048327 0.019520
72 0.500232 0.315520 0.037639 0.019840
56 0.340613 0.694080 0.047398 0.019840
113 0.260920 0.894880 0.062732 0.020160
128 0.755809 0.715840 0.021840 0.020480
87 0.757203 0.852320 0.045074 0.020800
92 0.749071 0.202400 0.045539 0.020800
88 0.267426 0.917440 0.028346 0.021120
52 0.508597 0.888800 0.048792 0.022720
113 0.338058 0.369440 0.059015 0.022720
72 0.187732 0.313120 0.051115 0.023360
56 0.915428 0.208000 0.016729 0.023680
55 0.352695 0.850240 0.052974 0.023680
76 0.506041 0.695840 0.024164 0.024000
52 0.826441 0.777760 0.046004 0.024000
66 0.748606 0.564800 0.024164 0.024320
84 0.496980 0.771200 0.043216 0.024320
118 0.678439 0.719200 0.013011 0.024640
2595 0.596654 0.294240 0.039963 0.024640
91 0.421236 0.658080 0.050651 0.024640
110 0.189823 0.340480 0.026487 0.024960
76 0.347816 0.233440 0.022770 0.025280
91 0.589684 0.322080 0.052974 0.025280
85 0.513243 0.917920 0.014405 0.025920
88 0.588522 0.508320 0.033922 0.025920
56 0.584340 0.747040 0.051580 0.025920
120 0.515335 0.832320 0.020446 0.026240
87 0.505576 0.572480 0.048327 0.026240
91 0.913104 0.673600 0.050186 0.026240
101 0.347816 0.792640 0.064591 0.026240
117 0.346887 0.263840 0.015335 0.026560
118 0.271840 0.203680 0.016729 0.026560
52 0.260223 0.426080 0.046468 0.026560
52 0.261152 0.713760 0.049257 0.026560
89 0.173559 0.743840 0.053439 0.026560
91 0.825511 0.331200 0.052509 0.026880
91 0.591310 0.445120 0.063662 0.026880
91 0.670074 0.902080 0.067844 0.026880
495 0.413569 0.452640 0.089219 0.027200
88 0.508597 0.210560 0.032063 0.027520
51 0.259294 0.680000 0.048327 0.027520
91 0.825279 0.614080 0.055762 0.027520
66 0.838290 0.207520 0.020446 0.027840
107 0.510920 0.861600 0.020911 0.027840
88 0.831087 0.745440 0.030204 0.027840
91 0.742333 0.412000 0.056227 0.027840
118 0.112221 0.242880 0.022770 0.028160
87 0.826673 0.876160 0.043680 0.028160
56 0.095028 0.697600 0.059015 0.028160
85 0.829229 0.846560 0.015335 0.028480
66 0.098048 0.727520 0.023234 0.028480
1810 0.101766 0.904480 0.028810 0.028480
88 0.750000 0.828960 0.034387 0.028480
91 0.341775 0.812960 0.050651 0.028480
89 0.419145 0.509600 0.053903 0.028480
126 0.422398 0.218400 0.061338 0.028480
72 0.174721 0.714560 0.046468 0.028800
51 0.095028 0.586880 0.051580 0.028800
111 0.188662 0.402720 0.022305 0.029120
88 0.913336 0.457120 0.029275 0.029120
720 0.916822 0.312800 0.035316 0.029120
254 0.667983 0.829280 0.045074 0.029120
683 0.913104 0.274720 0.065985 0.029760
91 0.414963 0.588160 0.056691 0.030080
1083 0.919610 0.888480 0.037175 0.030400
104 0.586199 0.780320 0.038569 0.030400
87 0.262314 0.780000 0.045074 0.030400
51 0.501626 0.804640 0.049721 0.030400
118 0.346422 0.717440 0.017193 0.030720
119 0.596190 0.811200 0.022305 0.030720
111 0.424954 0.250560 0.028346 0.030720
2151 0.186338 0.437440 0.043680 0.030720
1173 0.111292 0.164960 0.044145 0.031040
91 0.588522 0.716960 0.057156 0.031040
2395 0.743959 0.481920 0.040892 0.031360
71 0.922862 0.593600 0.047398 0.031360
370 0.590613 0.204800 0.053903 0.031360
107 0.666357 0.583840 0.020446 0.031680
118 0.269749 0.806880 0.024628 0.031680
66 0.263476 0.641440 0.026022 0.031680
121 0.753485 0.877600 0.043216 0.031680
2144 0.341310 0.451040 0.045074 0.031680
88 0.270446 0.484160 0.029740 0.032000
83 0.582017 0.583040 0.041357 0.032000
2273 0.917751 0.421120 0.048327 0.032000
91 0.264638 0.280960 0.058086 0.032000
88 0.419145 0.337760 0.035316 0.032320
249 0.587361 0.170400 0.049257 0.032320
71 0.271143 0.600160 0.058086 0.032320
88 0.180762 0.874880 0.034387 0.032640
52 0.264870 0.868160 0.047398 0.032640
111 0.499303 0.451520 0.047862 0.032640
3785 0.587128 0.479040 0.049721 0.032640
83 0.183318 0.369760 0.040428 0.032960
3799 0.428206 0.764960 0.050651 0.032960
64 0.748141 0.688640 0.030669 0.033280
111 0.410548 0.417280 0.050651 0.033280
98 0.253717 0.456320 0.069703 0.033280
111 0.907760 0.236960 0.040428 0.033600
76 0.670074 0.616960 0.028810 0.033920
119 0.353857 0.294400 0.030204 0.033920
122 0.746980 0.742400 0.053439 0.033920
85 0.672398 0.411360 0.019517 0.034240
76 0.752323 0.166240 0.026022 0.034240
87 0.339684 0.200160 0.044610 0.034240
51 0.915195 0.529120 0.046004 0.034240
250 0.746980 0.379040 0.056227 0.034240
81 0.824117 0.812320 0.046004 0.034880
111 0.106645 0.284640 0.051580 0.034880
111 0.668216 0.246720 0.021375 0.035200
111 0.907063 0.489600 0.045539 0.035200
68 0.498374 0.666880 0.050651 0.035200
2822 0.418216 0.552960 0.051115 0.035200
53 0.506506 0.247200 0.014870 0.035520
118 0.918216 0.566240 0.020446 0.035520
1534 0.105483 0.329120 0.053903 0.035520
77 0.190520 0.584960 0.033457 0.035840
81 0.502788 0.283520 0.040892 0.035840
68 0.262082 0.172800 0.049257 0.035840
51 0.671701 0.283200 0.050651 0.035840
85 0.353392 0.330400 0.016264 0.036160
85 0.831784 0.365760 0.019517 0.036480
87 0.672165 0.445760 0.043216 0.036480
2222 0.743030 0.447680 0.045539 0.036480
4271 0.749768 0.794560 0.047862 0.036480
126 0.184247 0.774720 0.050651 0.036480
113 0.259991 0.748480 0.057156 0.036480
110 0.669610 0.658720 0.038104 0.036800
81 0.672862 0.697440 0.039963 0.036800
1821 0.918680 0.754400 0.050186 0.036800
1085 0.921701 0.831840 0.064591 0.036800
121 0.420074 0.474560 0.024164 0.037120
107 0.185641 0.548800 0.024628 0.037120
4162 0.346654 0.760480 0.038104 0.037440
60 0.838058 0.171840 0.029275 0.037760
119 0.832481 0.401600 0.032063 0.037760
2411 0.176580 0.671680 0.053903 0.037760
4253 0.832017 0.534400 0.054368 0.037760
60 0.836431 0.898720 0.023234 0.038080
68 0.911710 0.177120 0.045539 0.038080
111 0.824349 0.488800 0.045539 0.038080
85 0.194703 0.279680 0.017658 0.038400
118 0.267193 0.566240 0.021375 0.038720
83 0.103857 0.809440 0.025558 0.038720
3687 0.506506 0.175200 0.047398 0.038720
81 0.097119 0.625120 0.048327 0.038720
4252 0.914730 0.708960 0.051580 0.038720
2760 0.672165 0.865120 0.058086 0.038720
82 0.114312 0.212640 0.061338 0.038720
53 0.502556 0.632480 0.015335 0.039360
83 0.747444 0.653120 0.025558 0.039680
4252 0.414033 0.690880 0.039963 0.039680
2489 0.423327 0.728960 0.047398 0.039680
616 0.586896 0.256160 0.062268 0.040000
83 0.745121 0.289920 0.022770 0.040320
4084 0.589916 0.360800 0.048792 0.040640
108 0.491403 0.546080 0.077602 0.040640
2598 0.425883 0.177600 0.025558 0.040960
1799 0.744191 0.337920 0.041357 0.040960
3192 0.420074 0.380480 0.050186 0.040960
1831 0.507435 0.497440 0.049257 0.041280
4660 0.917519 0.634720 0.057156 0.041280
60 0.348281 0.411040 0.035781 0.041920
2599 0.187965 0.499840 0.035781 0.042240
3019 0.270911 0.240480 0.042751 0.042560
83 0.094099 0.658240 0.023699 0.042880
975 0.416357 0.625280 0.045539 0.042880
2108 0.590381 0.407680 0.051580 0.042880
1208 0.101766 0.460640 0.057621 0.043200
119 0.672630 0.322880 0.022770 0.043520
58 0.664498 0.784160 0.034387 0.043840
68 0.675186 0.368320 0.009294 0.044160
3136 0.828996 0.444480 0.035316 0.044160
717 0.184247 0.630400 0.072026 0.044160
58 0.839916 0.229920 0.028346 0.044480
3541 0.593866 0.624800 0.045539 0.044480
1174 0.436571 0.807680 0.049721 0.044800
109 0.671236 0.490880 0.059015 0.044800
121 0.346422 0.507040 0.024628 0.045120
76 0.266032 0.524000 0.030204 0.045120
577 0.829461 0.575520 0.044610 0.045120
1824 0.264638 0.325920 0.032993 0.045760
2891 0.822723 0.656480 0.055297 0.045760
83 0.185874 0.236160 0.026952 0.046080
91 0.425651 0.903040 0.061338 0.046720
1158 0.345260 0.652640 0.038104 0.047040
3984 0.837593 0.286880 0.054368 0.047040
1879 0.671468 0.542880 0.029740 0.047680
90 0.098978 0.766560 0.047398 0.047680
4119 0.827370 0.701920 0.048792 0.047680
91 0.592007 0.901760 0.053903 0.048000
62 0.747444 0.530720 0.043216 0.048320
4709 0.584805 0.676640 0.061803 0.048320
492 0.345957 0.899040 0.054368 0.050240
316 0.430994 0.860640 0.077602 0.050880
1396 0.177742 0.818880 0.059015 0.051200
316 0.590613 0.854240 0.074349 0.051520
68 0.508132 0.352000 0.007900 0.051840
296 0.504647 0.406080 0.047398 0.051840
121 0.746515 0.244320 0.055297 0.053440
1870 0.430762 0.300640 0.068773 0.053440
121 0.753253 0.601600 0.040892 0.055680
91 0.105251 0.857280 0.052509 0.055680
68 0.591775 0.550560 0.010688 0.056640
296 0.503485 0.736960 0.039498 0.056960
68 0.186571 0.180960 0.006970 0.061760
68 0.269284 0.379200 0.006041 0.063360
68 0.346887 0.564960 0.009758 0.064960
68 0.914963 0.362080 0.009294 0.065600
296 0.663336 0.187360 0.042286 0.071360
68 0.669377 0.738720 0.007900 0.072640
68 0.109898 0.389600 0.011617 0.077760
68 0.103392 0.525920 0.007900 0.083520
