92 0.786296 0.481600 0.025926 0.008397
128 0.406852 0.796493 0.012963 0.008891
207 0.097778 0.819585 0.017778 0.009138
120 0.072593 0.312052 0.016296 0.009632
128 0.150370 0.682144 0.013333 0.009879
207 0.091667 0.648555 0.017407 0.009879
92 0.470926 0.272166 0.028519 0.009879
92 0.538148 0.326253 0.031852 0.009879
92 0.600556 0.504693 0.028519 0.010126
92 0.407778 0.770314 0.027407 0.010373
101 0.410741 0.614226 0.045185 0.010373
128 0.537963 0.355767 0.010741 0.010620
92 0.788889 0.244381 0.029630 0.010620
92 0.664444 0.698568 0.029630 0.010620
207 0.087037 0.480119 0.017778 0.011361
207 0.600556 0.387503 0.020370 0.011361
207 0.277037 0.479501 0.021481 0.011608
52 0.406667 0.602000 0.031852 0.011608
207 0.344815 0.484811 0.019259 0.011855
207 0.152778 0.618918 0.021111 0.011855
287 0.074815 0.342060 0.028889 0.011855
62 0.404259 0.738330 0.023333 0.012102
101 0.212407 0.414917 0.039630 0.012349
2489 0.266111 0.338479 0.024074 0.012596
57 0.219815 0.427636 0.052222 0.012596
207 0.212037 0.375895 0.021111 0.012843
207 0.276667 0.667202 0.021481 0.013090
57 0.220741 0.206347 0.022963 0.013090
92 0.600741 0.672141 0.025926 0.013090
56 0.788519 0.579279 0.014074 0.013584
60 0.070556 0.298716 0.017407 0.013584
207 0.152593 0.445419 0.020000 0.013584
207 0.343519 0.665102 0.020370 0.013831
207 0.277407 0.835515 0.021481 0.013831
62 0.665370 0.550012 0.021852 0.013831
91 0.354815 0.330205 0.024444 0.013831
108 0.099815 0.302667 0.012963 0.014078
120 0.412963 0.463201 0.015556 0.014078
287 0.788889 0.283156 0.037778 0.014078
120 0.666667 0.320820 0.017778 0.014325
52 0.095185 0.699432 0.035556 0.014325
88 0.278148 0.446160 0.016296 0.014571
64 0.407407 0.784762 0.021481 0.014571
88 0.601667 0.288219 0.016667 0.014818
120 0.600556 0.705112 0.019630 0.014818
91 0.535926 0.567301 0.034074 0.014818
52 0.151852 0.633243 0.037037 0.014818
287 0.268148 0.352309 0.027407 0.015065
113 0.535556 0.230798 0.040741 0.015065
790 0.666111 0.712398 0.041111 0.015065
60 0.265370 0.323537 0.010741 0.015312
287 0.540370 0.369968 0.042963 0.015312
56 0.082778 0.208570 0.040370 0.015559
85 0.151111 0.385527 0.014074 0.015806
91 0.787778 0.387256 0.030370 0.015806
52 0.600926 0.658187 0.035185 0.015806
91 0.788704 0.661151 0.035926 0.015806
55 0.539444 0.291677 0.037407 0.015806
547 0.795556 0.819462 0.037778 0.015806
56 0.090370 0.662139 0.039259 0.015806
123 0.069815 0.281921 0.012963 0.016053
85 0.600370 0.469622 0.017778 0.016053
85 0.408148 0.587182 0.020741 0.016053
91 0.470741 0.230304 0.031111 0.016053
78 0.098704 0.319091 0.021111 0.016300
2150 0.475556 0.600642 0.029630 0.016300
101 0.278889 0.876513 0.042963 0.016300
88 0.152037 0.585453 0.013704 0.016547
596 0.789259 0.676340 0.026667 0.016547
87 0.664815 0.783774 0.030370 0.016547
88 0.539074 0.271796 0.034444 0.016547
82 0.794630 0.230057 0.040370 0.016547
107 0.266481 0.306248 0.013704 0.016794
88 0.340926 0.447765 0.015926 0.016794
64 0.667778 0.437515 0.014815 0.017041
72 0.470556 0.812670 0.027778 0.017041
83 0.092222 0.635342 0.028148 0.017041
91 0.470370 0.346382 0.032593 0.017041
2595 0.666481 0.278217 0.036667 0.017041
56 0.088889 0.500000 0.043704 0.017041
120 0.603889 0.880711 0.019630 0.017288
683 0.411296 0.258829 0.037407 0.017288
870 0.406852 0.275377 0.037407 0.017288
598 0.602593 0.304520 0.038519 0.017288
56 0.667963 0.483453 0.035185 0.017535
67 0.095556 0.517041 0.036296 0.017535
683 0.538704 0.385651 0.037407 0.017535
85 0.410370 0.624352 0.016296 0.017782
86 0.735926 0.255866 0.025185 0.017782
91 0.667222 0.392196 0.035926 0.017782
91 0.151852 0.650161 0.033333 0.018029
85 0.215926 0.485799 0.013333 0.018276
88 0.600370 0.348975 0.015556 0.018276
107 0.277222 0.545567 0.017407 0.018276
120 0.538704 0.339590 0.021111 0.018276
126 0.102407 0.338108 0.024074 0.018276
82 0.793889 0.467029 0.040370 0.018276
85 0.152778 0.668190 0.016667 0.018523
85 0.098519 0.715115 0.017778 0.018523
88 0.410185 0.319709 0.031481 0.018523
1782 0.603704 0.563719 0.033333 0.018523
88 0.275926 0.631761 0.013333 0.018770
88 0.212037 0.340578 0.013704 0.018770
88 0.094630 0.784885 0.015185 0.018770
87 0.731667 0.301309 0.027778 0.018770
83 0.794444 0.615214 0.031852 0.018770
98 0.665185 0.731292 0.035556 0.018770
683 0.537407 0.784144 0.041481 0.018770
88 0.091111 0.616572 0.015556 0.019017
88 0.342037 0.629168 0.017407 0.019017
89 0.292593 0.329094 0.028889 0.019017
91 0.536481 0.703260 0.032963 0.019017
3731 0.277407 0.429365 0.038519 0.019017
88 0.082407 0.444307 0.018889 0.019264
3019 0.070370 0.326253 0.022222 0.019264
62 0.792593 0.594962 0.028889 0.019264
83 0.472407 0.831069 0.032963 0.019264
89 0.278148 0.240800 0.036296 0.019264
2384 0.476296 0.623611 0.036296 0.019264
92 0.600185 0.405656 0.018889 0.019511
300 0.788333 0.405656 0.026296 0.019511
4032 0.790000 0.521981 0.028148 0.019511
91 0.470556 0.686960 0.032222 0.019511
1214 0.667222 0.258706 0.032963 0.019511
98 0.787407 0.447394 0.037778 0.019511
68 0.730926 0.275871 0.008519 0.019758
83 0.097593 0.805137 0.030000 0.019758
88 0.603889 0.639417 0.036667 0.019758
107 0.275185 0.261917 0.019259 0.020005
2193 0.790926 0.261917 0.032222 0.020005
3731 0.084444 0.426402 0.039259 0.020005
107 0.276111 0.708323 0.020370 0.020252
83 0.278519 0.461348 0.031852 0.020252
83 0.276667 0.816251 0.033333 0.020252
88 0.276296 0.799951 0.034815 0.020252
85 0.345000 0.758088 0.017407 0.020499
67 0.089259 0.229069 0.028889 0.020499
83 0.212593 0.358237 0.031111 0.020499
300 0.150741 0.697333 0.031852 0.020499
126 0.295185 0.350210 0.022963 0.020746
83 0.790370 0.747098 0.027407 0.020746
83 0.151296 0.603112 0.027778 0.020746
89 0.279074 0.525809 0.035926 0.020746
552 0.475556 0.851074 0.040741 0.020746
83 0.277593 0.649667 0.027037 0.020993
300 0.343889 0.779328 0.031481 0.020993
769 0.410556 0.481230 0.035926 0.020993
96 0.101852 0.876389 0.042222 0.020993
1762 0.539815 0.724500 0.042593 0.020993
119 0.329630 0.326994 0.014074 0.021240
58 0.291852 0.309212 0.015556 0.021240
108 0.215926 0.465300 0.017037 0.021240
74 0.094444 0.856508 0.023704 0.021240
83 0.407963 0.337367 0.027037 0.021240
83 0.083889 0.463571 0.030000 0.021240
87 0.603889 0.860706 0.032963 0.021240
118 0.215556 0.443937 0.011852 0.021487
253 0.213519 0.297481 0.027778 0.021487
2009 0.099074 0.284391 0.030741 0.021487
78 0.274444 0.687948 0.032593 0.021487
115 0.601852 0.688442 0.033333 0.021487
51 0.095556 0.835391 0.038519 0.021487
4122 0.537778 0.830699 0.042222 0.021487
70 0.407778 0.861200 0.019259 0.021734
111 0.407407 0.643616 0.020000 0.021734
58 0.342963 0.735737 0.024444 0.021734
78 0.343333 0.508027 0.028889 0.021734
88 0.151667 0.426031 0.030741 0.021734
300 0.600185 0.487775 0.031481 0.021734
3731 0.342222 0.432205 0.039259 0.021734
87 0.327963 0.304149 0.018889 0.021981
111 0.537407 0.310571 0.020000 0.021981
74 0.791481 0.426896 0.021481 0.021981
88 0.409815 0.813411 0.035185 0.021981
89 0.663333 0.653618 0.037037 0.021981
126 0.795185 0.696098 0.038519 0.021981
118 0.212407 0.225488 0.020370 0.022228
83 0.601667 0.369721 0.030741 0.022228
1375 0.408889 0.389232 0.034815 0.022228
1921 0.278889 0.753272 0.034815 0.022228
68 0.790000 0.563102 0.040741 0.022228
4435 0.603333 0.584218 0.034074 0.022475
58 0.279444 0.732403 0.034444 0.022475
2203 0.149815 0.349839 0.035926 0.022475
83 0.342037 0.647197 0.035926 0.022475
757 0.476667 0.551618 0.038519 0.022475
88 0.792963 0.544455 0.040741 0.022475
316 0.669074 0.750185 0.045556 0.022475
107 0.275185 0.854779 0.019259 0.022722
87 0.669259 0.504075 0.029630 0.022722
2193 0.540370 0.877995 0.036296 0.022722
107 0.145926 0.211287 0.020000 0.022969
58 0.213889 0.273524 0.022593 0.022969
58 0.275000 0.567424 0.024815 0.022969
87 0.413704 0.444184 0.030370 0.022969
2203 0.152407 0.571129 0.037407 0.022969
90 0.148519 0.234749 0.037778 0.022969
3983 0.149259 0.178686 0.038519 0.022969
68 0.674444 0.803408 0.008889 0.023216
119 0.341481 0.551741 0.018519 0.023216
268 0.535741 0.436157 0.031481 0.023216
126 0.729074 0.233391 0.033704 0.023216
4122 0.540000 0.682638 0.040741 0.023216
111 0.665185 0.765251 0.021481 0.023463
70 0.795185 0.841319 0.021481 0.023463
58 0.273704 0.284885 0.022963 0.023463
83 0.342037 0.466411 0.027778 0.023463
2266 0.476111 0.515559 0.039630 0.023463
121 0.406481 0.755866 0.045556 0.023463
111 0.151852 0.405532 0.016296 0.023710
699 0.729259 0.380341 0.025185 0.023710
2111 0.147593 0.156088 0.043333 0.023710
107 0.212407 0.396024 0.019630 0.023957
3906 0.601111 0.326377 0.031852 0.023957
126 0.797778 0.796616 0.037778 0.023957
107 0.215000 0.248950 0.017407 0.024204
107 0.343704 0.712522 0.021481 0.024204
58 0.340185 0.527538 0.025556 0.024204
3022 0.278889 0.592739 0.037037 0.024204
69 0.608148 0.426402 0.017037 0.024450
119 0.082222 0.251297 0.018519 0.024450
111 0.667407 0.299951 0.019259 0.024450
107 0.151296 0.466164 0.021852 0.024450
58 0.148889 0.518029 0.023704 0.024450
126 0.348519 0.686466 0.037778 0.024450
2822 0.668148 0.597802 0.039259 0.024450
870 0.537963 0.460978 0.039630 0.024450
300 0.214630 0.507780 0.028519 0.024697
2111 0.356296 0.306001 0.029630 0.024697
4336 0.476296 0.432205 0.034815 0.024697
53 0.535556 0.252038 0.013333 0.024944
1921 0.343889 0.607434 0.035926 0.024944
2540 0.662222 0.838355 0.038519 0.024944
2147 0.600370 0.755125 0.040000 0.024944
1646 0.604259 0.266980 0.041111 0.025191
119 0.090185 0.539763 0.021111 0.025438
1880 0.406481 0.235737 0.023333 0.025438
506 0.357037 0.351074 0.025185 0.025438
870 0.277222 0.775377 0.032963 0.025438
121 0.663704 0.572364 0.040741 0.025438
58 0.342593 0.244258 0.024444 0.025685
1251 0.277407 0.613732 0.031852 0.025685
3806 0.475926 0.732280 0.044444 0.025685
58 0.145926 0.259694 0.026667 0.025932
2193 0.790000 0.498518 0.038519 0.025932
121 0.664444 0.680785 0.040000 0.025932
728 0.793889 0.335268 0.040370 0.025932
3818 0.472222 0.253766 0.042222 0.025932
4122 0.668148 0.370338 0.043704 0.025932
119 0.730000 0.324772 0.019259 0.026179
1087 0.474074 0.578414 0.028889 0.026179
1251 0.098704 0.763151 0.035926 0.026179
2239 0.474259 0.367992 0.036667 0.026179
90 0.150926 0.492220 0.037407 0.026179
717 0.475000 0.791800 0.047778 0.026179
58 0.278148 0.214497 0.024444 0.026426
58 0.595926 0.447888 0.024444 0.026426
62 0.094444 0.682761 0.029630 0.026426
1346 0.470185 0.875648 0.043333 0.026426
3078 0.216481 0.321190 0.044815 0.026426
2616 0.410185 0.835638 0.049259 0.026426
1575 0.148148 0.369721 0.026667 0.026673
3829 0.471852 0.707829 0.039259 0.026673
4397 0.791667 0.770931 0.027778 0.026920
28 0.279815 0.374043 0.039630 0.026920
567 0.599259 0.806989 0.041481 0.026920
74 0.666296 0.461595 0.025926 0.027167
119 0.342593 0.273154 0.028889 0.027167
2540 0.535926 0.591010 0.029630 0.027167
3191 0.605000 0.609039 0.036667 0.027167
2292 0.541111 0.855273 0.045185 0.027167
68 0.676296 0.528155 0.011852 0.027414
3984 0.665370 0.415041 0.031481 0.027414
2621 0.599630 0.835391 0.038519 0.027414
465 0.664259 0.341936 0.039630 0.027414
465 0.534815 0.806001 0.041481 0.027414
465 0.537037 0.655841 0.042222 0.027414
28 0.345926 0.376266 0.042963 0.027414
2143 0.468333 0.291060 0.043333 0.027414
78 0.340926 0.217091 0.030000 0.027661
58 0.276852 0.500988 0.021111 0.027908
4263 0.278148 0.404174 0.032593 0.027908
1774 0.411296 0.506421 0.041111 0.027908
3022 0.098889 0.739812 0.048889 0.027908
4263 0.343148 0.405779 0.034444 0.028155
28 0.150926 0.287725 0.045556 0.028155
1251 0.092407 0.596567 0.036667 0.028402
2193 0.790556 0.640035 0.038148 0.028402
1367 0.603148 0.727217 0.041852 0.028402
3158 0.787963 0.365275 0.032963 0.028649
1934 0.665926 0.626574 0.036296 0.029143
3915 0.664630 0.867375 0.042593 0.029143
505 0.408889 0.363670 0.034074 0.029390
1871 0.475741 0.320696 0.038889 0.029390
28 0.087037 0.364658 0.044444 0.029390
505 0.599444 0.780193 0.034444 0.029637
2292 0.791667 0.725117 0.041852 0.029637
4089 0.153889 0.544949 0.030000 0.029884
2915 0.474630 0.490615 0.035185 0.029884
2320 0.540185 0.487157 0.040370 0.029884
68 0.409259 0.561373 0.008148 0.030131
2621 0.412407 0.417387 0.024815 0.030131
2152 0.093148 0.567795 0.036667 0.030131
296 0.477593 0.459990 0.030000 0.030378
47 0.409259 0.297357 0.018519 0.031119
1250 0.535185 0.516918 0.038519 0.031119
1158 0.535741 0.542356 0.032222 0.031613
313 0.148889 0.320326 0.037778 0.031613
446 0.537778 0.410472 0.044444 0.031613
322 0.601667 0.239936 0.035185 0.031860
3340 0.602963 0.533589 0.036296 0.031860
322 0.731111 0.407632 0.042222 0.031860
973 0.408148 0.533218 0.025926 0.032107
1092 0.790370 0.307236 0.040000 0.032107
3063 0.730370 0.351939 0.037778 0.032601
4700 0.793333 0.870338 0.044444 0.033589
3173 0.471667 0.761546 0.034444 0.033836
3749 0.476296 0.395283 0.039259 0.033836
4263 0.083333 0.396394 0.035556 0.034082
4263 0.341852 0.578661 0.035556 0.034082
3915 0.537407 0.624475 0.037037 0.034329
2917 0.474444 0.657323 0.035556 0.034823
296 0.407963 0.672882 0.032963 0.036799
296 0.538333 0.754754 0.037407 0.038034
3108 0.407037 0.711657 0.042963 0.039269
