246 0.735510 0.511944 0.040572 0.006538
172 0.347179 0.845361 0.014297 0.009052
92 0.466383 0.476364 0.027821 0.009806
101 0.471213 0.466181 0.046754 0.010561
56 0.198609 0.364974 0.015456 0.010812
92 0.334428 0.560096 0.026662 0.010812
93 0.473338 0.684310 0.034003 0.010812
101 0.201507 0.327382 0.041345 0.011064
92 0.198223 0.252326 0.028594 0.011315
207 0.332689 0.670606 0.019320 0.012069
207 0.537481 0.631883 0.024730 0.012069
207 0.607419 0.471209 0.022411 0.012572
207 0.268354 0.360825 0.022798 0.012572
120 0.874227 0.759366 0.018934 0.013075
207 0.267774 0.682424 0.019320 0.013075
57 0.676391 0.416394 0.025116 0.013075
52 0.267774 0.475735 0.030139 0.013075
62 0.266808 0.696882 0.022798 0.013327
861 0.331144 0.496480 0.034003 0.013327
207 0.540572 0.411868 0.021638 0.013578
297 0.270866 0.260246 0.037867 0.013578
113 0.402048 0.352024 0.042117 0.013578
52 0.466383 0.808021 0.033230 0.013830
287 0.465611 0.855293 0.037867 0.013830
52 0.267195 0.374654 0.035935 0.014081
56 0.670402 0.769676 0.041731 0.014081
120 0.669243 0.798215 0.017774 0.014332
85 0.877125 0.294569 0.019320 0.014332
62 0.870170 0.743400 0.027048 0.014332
52 0.537481 0.503520 0.032457 0.014332
81 0.874227 0.704174 0.039026 0.014332
76 0.806801 0.593412 0.020093 0.014584
52 0.674459 0.653759 0.039026 0.014584
91 0.804675 0.777093 0.031298 0.014835
101 0.878864 0.217375 0.042890 0.014835
88 0.671561 0.753080 0.019320 0.015087
61 0.265649 0.727433 0.032071 0.015087
65 0.470634 0.772190 0.032457 0.015087
113 0.338292 0.229319 0.035162 0.015087
101 0.137751 0.273070 0.049073 0.015087
98 0.603168 0.310913 0.033230 0.015338
287 0.875773 0.310410 0.041345 0.015338
85 0.470054 0.555192 0.018161 0.015590
52 0.606066 0.563239 0.027434 0.015590
65 0.407264 0.226553 0.030912 0.015590
52 0.470247 0.414886 0.037094 0.015590
65 0.541924 0.871008 0.037481 0.015590
102 0.607226 0.280111 0.041345 0.015590
98 0.538833 0.518733 0.042890 0.015590
91 0.604907 0.295072 0.030526 0.015841
67 0.613408 0.508046 0.035162 0.015841
81 0.468509 0.252326 0.035935 0.015841
113 0.538833 0.690596 0.037481 0.015841
113 0.540185 0.448956 0.044822 0.015841
88 0.607419 0.430978 0.016229 0.016093
85 0.675811 0.269550 0.017002 0.016093
118 0.142002 0.328388 0.027434 0.016093
60 0.470054 0.267790 0.028207 0.016093
698 0.672141 0.432738 0.028207 0.016093
91 0.737635 0.423183 0.037094 0.016093
56 0.605873 0.489062 0.037867 0.016093
127 0.335781 0.703797 0.041731 0.016093
88 0.541731 0.885341 0.043277 0.016093
85 0.267774 0.460774 0.020866 0.016344
65 0.472372 0.536711 0.032071 0.016344
88 0.539799 0.376666 0.012365 0.016595
88 0.267581 0.323862 0.017388 0.016595
85 0.201314 0.865225 0.019320 0.016595
66 0.466383 0.888358 0.023957 0.016595
61 0.803323 0.813176 0.027821 0.016595
52 0.469474 0.570028 0.032457 0.016595
76 0.672334 0.782877 0.021638 0.016847
113 0.539413 0.253080 0.039413 0.016847
633 0.336940 0.325245 0.039413 0.016847
85 0.671754 0.715615 0.018161 0.017098
85 0.335394 0.763892 0.020866 0.017098
91 0.735896 0.556072 0.035935 0.017350
85 0.404173 0.479507 0.021638 0.017601
66 0.466383 0.754086 0.021638 0.017601
85 0.402434 0.394016 0.022025 0.017601
83 0.333076 0.686447 0.024730 0.017601
65 0.275116 0.420417 0.033230 0.017601
98 0.198802 0.381443 0.041345 0.017601
85 0.263331 0.765275 0.018161 0.017853
66 0.672334 0.472844 0.018547 0.017853
1810 0.737249 0.369248 0.019320 0.017853
117 0.875386 0.434624 0.019706 0.017853
81 0.467349 0.377797 0.038253 0.017853
123 0.199961 0.696002 0.018934 0.018104
83 0.398957 0.291929 0.023570 0.018104
88 0.202473 0.714358 0.033230 0.018104
88 0.333462 0.635781 0.018547 0.018356
91 0.669243 0.380563 0.030139 0.018356
88 0.872102 0.854036 0.036321 0.018356
98 0.605100 0.579457 0.040185 0.018356
68 0.481646 0.597435 0.011206 0.018607
85 0.537481 0.734473 0.020866 0.018607
127 0.268547 0.713603 0.041731 0.018607
68 0.410162 0.272190 0.009660 0.018858
66 0.468122 0.515841 0.021252 0.018858
66 0.534969 0.852276 0.022798 0.018858
81 0.198802 0.677521 0.039026 0.018858
98 0.267774 0.491954 0.040958 0.018858
83 0.267195 0.664823 0.032071 0.019110
85 0.539606 0.490194 0.014297 0.019361
68 0.806801 0.574177 0.034003 0.019361
67 0.678903 0.585492 0.034003 0.019361
3211 0.334815 0.809530 0.042117 0.019361
85 0.875193 0.416143 0.015456 0.019613
117 0.467156 0.357305 0.018547 0.019613
300 0.264490 0.783505 0.028980 0.019613
83 0.537094 0.614785 0.036321 0.019613
68 0.883501 0.273950 0.010433 0.019864
60 0.806221 0.446945 0.012751 0.019864
85 0.606260 0.545763 0.015456 0.019864
76 0.606066 0.329771 0.025889 0.019864
83 0.332689 0.651873 0.030912 0.019864
68 0.541924 0.431607 0.038253 0.019864
83 0.464065 0.396027 0.034776 0.020116
83 0.201507 0.730953 0.035935 0.020116
83 0.199575 0.602716 0.038253 0.020116
68 0.475464 0.840961 0.011206 0.020367
83 0.539992 0.395399 0.027434 0.020367
4032 0.264104 0.627734 0.033617 0.020367
60 0.676971 0.698768 0.014683 0.020619
88 0.469281 0.431732 0.019706 0.020619
76 0.671175 0.535077 0.025502 0.020619
83 0.808539 0.259744 0.032844 0.020619
51 0.737056 0.609756 0.035162 0.020619
85 0.736090 0.471084 0.016229 0.020870
286 0.807767 0.349887 0.024343 0.020870
91 0.261399 0.862585 0.028980 0.020870
91 0.671175 0.452980 0.034003 0.020870
68 0.137751 0.310410 0.038253 0.020870
68 0.473145 0.450088 0.009660 0.021121
84 0.673879 0.513955 0.037867 0.021121
2769 0.338292 0.171235 0.044436 0.021121
98 0.801005 0.372140 0.046368 0.021121
68 0.406491 0.334297 0.006955 0.021373
60 0.534776 0.710209 0.014683 0.021373
115 0.807187 0.427332 0.031685 0.021373
87 0.671175 0.816822 0.031685 0.021373
1214 0.262172 0.880940 0.032071 0.021373
300 0.333076 0.783882 0.034776 0.021373
68 0.541151 0.234473 0.035935 0.021373
95 0.809119 0.610636 0.037094 0.021373
60 0.331917 0.743777 0.016229 0.021624
2151 0.263910 0.806387 0.030912 0.021624
95 0.468702 0.872266 0.038640 0.021624
87 0.607419 0.261378 0.029366 0.021876
115 0.137751 0.254086 0.032844 0.021876
87 0.403980 0.416269 0.032844 0.021876
121 0.673493 0.397159 0.039413 0.021876
88 0.539219 0.596555 0.039799 0.021876
3731 0.538640 0.361202 0.040958 0.021876
870 0.335008 0.515590 0.042504 0.021876
85 0.467156 0.791300 0.014683 0.022127
300 0.535162 0.754337 0.024730 0.022127
123 0.337519 0.249434 0.035935 0.022127
495 0.202666 0.558210 0.042117 0.022127
119 0.264104 0.746668 0.014297 0.022379
119 0.676005 0.289791 0.015842 0.022379
95 0.466383 0.826628 0.033230 0.022379
88 0.268161 0.647850 0.035549 0.022379
121 0.876932 0.254086 0.035935 0.022379
68 0.538833 0.674001 0.039026 0.022379
870 0.339065 0.426829 0.041345 0.022379
85 0.876739 0.686196 0.014683 0.022630
111 0.871522 0.396781 0.015842 0.022630
60 0.536515 0.469198 0.015842 0.022630
117 0.672141 0.329394 0.022798 0.022630
88 0.202859 0.398793 0.037867 0.022630
85 0.536708 0.808273 0.022411 0.022882
83 0.468702 0.228690 0.026275 0.022882
88 0.204019 0.538220 0.036321 0.022882
76 0.803323 0.796203 0.036321 0.022882
3731 0.332883 0.450968 0.042890 0.022882
119 0.741886 0.296706 0.014683 0.023133
83 0.672527 0.249183 0.029753 0.023133
111 0.332303 0.721524 0.016229 0.023384
78 0.339065 0.209077 0.030526 0.023384
83 0.803903 0.630500 0.031298 0.023384
83 0.608964 0.450214 0.033230 0.023384
95 0.468509 0.495474 0.033617 0.023384
87 0.870943 0.537465 0.034776 0.023384
3375 0.336553 0.149485 0.043277 0.023384
2576 0.810085 0.756726 0.043663 0.023384
119 0.408423 0.458134 0.014683 0.023636
95 0.469088 0.588886 0.037094 0.023636
98 0.672913 0.607996 0.038253 0.023636
127 0.340031 0.272567 0.038640 0.023636
287 0.204598 0.884335 0.041345 0.023636
691 0.879830 0.617299 0.043277 0.023636
126 0.876352 0.777219 0.044049 0.023636
316 0.807767 0.465426 0.047527 0.023636
68 0.604521 0.527408 0.008887 0.023887
119 0.469474 0.333291 0.030139 0.023887
83 0.740726 0.316947 0.034776 0.023887
95 0.873261 0.669977 0.035549 0.023887
126 0.810085 0.856802 0.037481 0.023887
95 0.403787 0.317702 0.039413 0.023887
68 0.670209 0.493840 0.008114 0.024139
60 0.400696 0.369374 0.015456 0.024139
83 0.267968 0.342218 0.031298 0.024139
1894 0.273377 0.281116 0.034389 0.024139
577 0.878091 0.831280 0.034389 0.024139
95 0.536128 0.832286 0.037481 0.024139
95 0.803516 0.834297 0.039026 0.024139
119 0.472566 0.288786 0.017774 0.024390
118 0.877125 0.231707 0.023184 0.024390
1880 0.872682 0.724541 0.028980 0.024390
126 0.137751 0.286271 0.033617 0.024390
60 0.535355 0.275333 0.015070 0.024642
110 0.675811 0.307267 0.032457 0.024642
126 0.611283 0.351773 0.038640 0.024642
95 0.466963 0.734725 0.039026 0.024642
268 0.334042 0.399673 0.031298 0.024893
95 0.539606 0.653382 0.038253 0.024893
4214 0.337326 0.859568 0.039413 0.024893
1907 0.545209 0.163314 0.042504 0.024893
68 0.876739 0.560976 0.010046 0.025145
577 0.332303 0.831531 0.040185 0.025145
1229 0.332110 0.884335 0.041345 0.025145
316 0.674845 0.734473 0.046754 0.025145
119 0.873841 0.457254 0.017388 0.025396
76 0.469281 0.307895 0.019706 0.025396
685 0.337713 0.373774 0.035549 0.025396
505 0.134853 0.230827 0.017002 0.025647
76 0.673107 0.675383 0.037867 0.025647
121 0.403400 0.438773 0.040185 0.025647
1927 0.270479 0.305758 0.044822 0.025647
287 0.474304 0.607242 0.050618 0.025647
70 0.670015 0.634021 0.022411 0.025899
126 0.201121 0.484410 0.033617 0.025899
1251 0.267002 0.542494 0.037094 0.025899
126 0.472566 0.666960 0.037867 0.025899
870 0.335781 0.475358 0.039413 0.025899
119 0.737635 0.632638 0.020093 0.026150
95 0.541151 0.210712 0.037481 0.026150
401 0.267968 0.516721 0.040572 0.026150
70 0.142774 0.346367 0.039026 0.026402
126 0.678709 0.355670 0.039026 0.026402
4214 0.875193 0.644330 0.040958 0.026402
870 0.335394 0.346995 0.037094 0.026653
1679 0.876739 0.877546 0.053323 0.026653
1251 0.606453 0.413000 0.032844 0.026905
28 0.338292 0.298843 0.043663 0.026905
126 0.203825 0.816570 0.045981 0.026905
1801 0.808926 0.881695 0.047527 0.026905
2590 0.467349 0.708574 0.032844 0.027156
70 0.736283 0.493840 0.035935 0.027156
58 0.265649 0.442670 0.025889 0.027408
126 0.808733 0.549786 0.036321 0.027408
28 0.608578 0.232210 0.044049 0.027408
1921 0.536708 0.572416 0.044822 0.027408
28 0.540958 0.304501 0.042504 0.027659
3996 0.404946 0.250314 0.044049 0.027910
4084 0.805448 0.404325 0.044436 0.028162
4452 0.199961 0.845864 0.044436 0.028162
1251 0.269320 0.240005 0.036321 0.028413
2869 0.876159 0.803369 0.039799 0.028665
74 0.405526 0.504275 0.025889 0.028916
75 0.676971 0.559467 0.034003 0.029168
2769 0.201893 0.456374 0.045209 0.029168
2924 0.273957 0.566256 0.047913 0.029168
505 0.202280 0.626226 0.015842 0.029419
4301 0.335587 0.614785 0.042890 0.029671
368 0.874614 0.482902 0.044436 0.029922
3665 0.199961 0.580337 0.031298 0.030173
4263 0.537094 0.544883 0.037867 0.030173
53 0.197450 0.656399 0.017774 0.030425
2320 0.203053 0.755720 0.043663 0.030425
2983 0.805641 0.658537 0.032457 0.030676
1562 0.339258 0.543877 0.040185 0.030676
1411 0.810665 0.522253 0.046368 0.030676
2190 0.204212 0.232462 0.038253 0.030928
3887 0.874807 0.512321 0.040958 0.030928
3682 0.202473 0.513075 0.040958 0.030928
4483 0.738408 0.531305 0.025502 0.031179
3375 0.201121 0.427206 0.037481 0.031179
1584 0.875193 0.589766 0.023184 0.031431
3375 0.204598 0.785894 0.047527 0.031431
2577 0.471793 0.637541 0.051777 0.031431
111 0.536515 0.785265 0.023570 0.031682
3381 0.874227 0.334674 0.025116 0.031682
126 0.810665 0.324617 0.044822 0.031682
4263 0.540572 0.334046 0.041731 0.031934
2853 0.805835 0.689339 0.043663 0.031934
126 0.745170 0.233970 0.045981 0.031934
3665 0.200155 0.346744 0.036321 0.032185
4318 0.202280 0.271184 0.037481 0.032437
1126 0.199768 0.305129 0.034776 0.032939
68 0.267774 0.392758 0.009274 0.033191
505 0.737635 0.342846 0.024730 0.033442
998 0.268161 0.210586 0.029366 0.033442
1578 0.605294 0.383203 0.038253 0.033694
2143 0.732226 0.582349 0.040185 0.033694
4032 0.267388 0.833669 0.030139 0.033945
3411 0.804482 0.724038 0.032457 0.033945
505 0.805641 0.491451 0.035549 0.033945
85 0.739760 0.266784 0.037481 0.034197
3015 0.737442 0.449585 0.043663 0.034197
3136 0.809699 0.231079 0.041345 0.035202
47 0.742658 0.391375 0.023184 0.035957
1720 0.265649 0.597812 0.042890 0.038471
1286 0.333076 0.584612 0.041731 0.038723
1320 0.874227 0.366985 0.043663 0.039477
4447 0.811244 0.290797 0.043663 0.040483
