246 0.488044 0.275652 0.024304 0.004054
246 0.333987 0.265265 0.033712 0.004560
246 0.881811 0.595516 0.032536 0.004814
92 0.881223 0.707499 0.026656 0.007347
92 0.822031 0.408411 0.029008 0.009121
92 0.750490 0.396124 0.031752 0.010388
52 0.199726 0.576767 0.030968 0.011401
207 0.199138 0.767925 0.018816 0.011654
101 0.751274 0.196478 0.045864 0.011908
207 0.472952 0.577147 0.019992 0.012161
52 0.399451 0.620471 0.033712 0.012161
101 0.749118 0.608183 0.049392 0.012414
56 0.608193 0.882442 0.014504 0.012668
207 0.471384 0.826197 0.021560 0.012668
56 0.614073 0.568660 0.016072 0.012921
57 0.824187 0.198505 0.021560 0.012921
52 0.468248 0.701165 0.031752 0.012921
1173 0.333399 0.860780 0.037240 0.012921
1006 0.819287 0.213707 0.042336 0.012921
207 0.203842 0.448822 0.020384 0.013428
207 0.134849 0.264631 0.021168 0.013428
207 0.608585 0.527363 0.021560 0.013428
64 0.472756 0.885103 0.023520 0.013428
207 0.403371 0.241956 0.021168 0.013681
207 0.609565 0.840385 0.022736 0.013681
85 0.817327 0.885229 0.023520 0.013681
52 0.748922 0.594882 0.032536 0.013681
64 0.401215 0.884343 0.019208 0.013935
52 0.199530 0.197112 0.038416 0.014188
52 0.544100 0.271852 0.026656 0.014695
56 0.338103 0.587535 0.034888 0.014695
52 0.200706 0.464150 0.037632 0.014695
85 0.612113 0.630732 0.019208 0.014948
85 0.819091 0.304535 0.018424 0.015201
120 0.543904 0.353686 0.019208 0.015201
85 0.133477 0.382569 0.019992 0.015201
64 0.400823 0.564733 0.020776 0.015201
88 0.747550 0.884976 0.030576 0.015201
85 0.197178 0.831138 0.013328 0.015455
85 0.266366 0.408031 0.018424 0.015455
85 0.264210 0.619584 0.020384 0.015455
85 0.200118 0.559792 0.022344 0.015455
52 0.401803 0.362174 0.027440 0.015455
861 0.196786 0.689004 0.036064 0.015455
81 0.405135 0.288954 0.038808 0.015455
85 0.335359 0.198379 0.019208 0.015708
64 0.267346 0.339498 0.022736 0.015708
881 0.472560 0.736255 0.023128 0.015708
85 0.541160 0.491639 0.019992 0.015961
64 0.475304 0.254497 0.025480 0.015961
88 0.811642 0.720041 0.020776 0.016215
52 0.132301 0.400051 0.029400 0.016215
68 0.490004 0.313656 0.032928 0.016215
52 0.611133 0.647327 0.033712 0.016215
65 0.411407 0.306055 0.034104 0.016215
287 0.747550 0.760578 0.047824 0.016215
85 0.408663 0.322650 0.015288 0.016468
1810 0.332419 0.749810 0.020384 0.016468
110 0.472952 0.667976 0.031752 0.016468
91 0.128185 0.545098 0.037632 0.016468
98 0.397687 0.635293 0.039592 0.016468
98 0.607801 0.664175 0.039592 0.016468
102 0.751666 0.479478 0.047432 0.016468
85 0.471384 0.685331 0.023128 0.016722
91 0.677773 0.242209 0.038416 0.016722
98 0.128969 0.417786 0.041552 0.016722
85 0.402979 0.605903 0.018816 0.016975
881 0.270678 0.245883 0.024696 0.016975
52 0.749314 0.358120 0.038024 0.016975
107 0.491376 0.331898 0.016072 0.017228
120 0.748530 0.622245 0.020776 0.017228
120 0.334183 0.711680 0.023128 0.017228
88 0.405527 0.494046 0.042728 0.017228
98 0.404939 0.378262 0.043120 0.017228
85 0.883183 0.292754 0.018032 0.017482
721 0.488828 0.292247 0.022736 0.017482
741 0.490396 0.169622 0.027440 0.017482
98 0.544296 0.286927 0.036456 0.017482
81 0.130341 0.686724 0.038024 0.017482
98 0.198158 0.596022 0.038808 0.017482
56 0.813407 0.665949 0.039984 0.017482
102 0.815367 0.679377 0.048608 0.017482
85 0.206194 0.387636 0.018032 0.017735
126 0.491180 0.370408 0.030576 0.017735
91 0.333203 0.844185 0.032144 0.017735
88 0.332419 0.308082 0.036064 0.017735
120 0.751078 0.464023 0.018816 0.017988
85 0.543708 0.254750 0.021952 0.017988
253 0.819287 0.807322 0.026656 0.017988
52 0.540180 0.510388 0.030576 0.017988
110 0.541356 0.471371 0.034496 0.017988
91 0.333399 0.793641 0.034888 0.017988
53 0.490592 0.350646 0.010584 0.018242
88 0.128773 0.225994 0.016072 0.018242
117 0.815367 0.478591 0.018816 0.018242
56 0.129949 0.481378 0.022344 0.018242
2751 0.222266 0.145427 0.031360 0.018242
1415 0.746766 0.741829 0.040768 0.018242
98 0.470208 0.715987 0.042728 0.018242
98 0.815759 0.323537 0.044688 0.018242
683 0.420227 0.227641 0.026656 0.018495
122 0.401019 0.866101 0.036848 0.018495
120 0.882399 0.251583 0.025872 0.018748
91 0.330459 0.731442 0.037632 0.018748
85 0.880831 0.692298 0.018032 0.019002
120 0.817131 0.826577 0.019992 0.019002
300 0.195218 0.849379 0.027440 0.019002
61 0.199138 0.787053 0.036064 0.019002
1214 0.820071 0.426273 0.036848 0.019002
2151 0.885143 0.334305 0.037632 0.019002
2182 0.491768 0.150621 0.041160 0.019002
98 0.541160 0.529136 0.041944 0.019002
88 0.812819 0.620471 0.018424 0.019255
120 0.681497 0.222447 0.021560 0.019255
683 0.897099 0.205473 0.023912 0.019255
72 0.811250 0.763365 0.028616 0.019255
2151 0.400823 0.699012 0.037240 0.019255
117 0.128773 0.664935 0.017640 0.019508
76 0.880047 0.272739 0.024304 0.019508
683 0.132497 0.802002 0.037632 0.019508
2203 0.473736 0.448315 0.039592 0.019508
1173 0.545276 0.306182 0.039984 0.019508
85 0.130341 0.749937 0.012936 0.019762
117 0.680909 0.200659 0.014896 0.019762
300 0.882791 0.312896 0.030576 0.019762
52 0.879655 0.677983 0.039200 0.019762
85 0.749314 0.575754 0.013720 0.020015
83 0.133673 0.881556 0.037632 0.020015
113 0.543512 0.423993 0.042728 0.020015
61 0.130341 0.335191 0.026264 0.020269
252 0.883379 0.382316 0.034104 0.020269
122 0.470992 0.868761 0.036456 0.020269
88 0.129949 0.864707 0.038024 0.020269
55 0.747550 0.672663 0.039984 0.020269
88 0.610349 0.488852 0.032928 0.020522
88 0.471580 0.538510 0.035280 0.020522
88 0.198746 0.733342 0.035280 0.020522
91 0.876715 0.758931 0.035672 0.020522
68 0.135045 0.285660 0.038808 0.020522
88 0.403567 0.827591 0.040376 0.020522
111 0.400627 0.844439 0.018816 0.020775
120 0.266758 0.428680 0.023912 0.020775
83 0.879263 0.829997 0.029792 0.020775
91 0.333007 0.602483 0.038808 0.020775
120 0.880047 0.879022 0.020384 0.021029
91 0.608781 0.420193 0.034496 0.021029
88 0.751274 0.316063 0.035672 0.021029
99 0.471384 0.624905 0.040376 0.021029
111 0.205018 0.408918 0.019600 0.021282
83 0.131321 0.705853 0.029008 0.021282
83 0.197374 0.750443 0.034888 0.021282
88 0.880243 0.638460 0.035672 0.021282
88 0.824187 0.258931 0.039592 0.021282
126 0.272834 0.386623 0.042336 0.021282
119 0.683065 0.314289 0.017640 0.021535
85 0.754410 0.376615 0.017640 0.021535
76 0.752646 0.210666 0.020384 0.021535
1214 0.816151 0.577021 0.038416 0.021535
3731 0.199530 0.616037 0.039984 0.021535
91 0.746570 0.836205 0.041160 0.021535
66 0.875735 0.659742 0.019600 0.021789
59 0.883575 0.809222 0.029008 0.021789
699 0.454920 0.151254 0.030184 0.021789
126 0.338103 0.655941 0.033320 0.021789
2751 0.130537 0.612364 0.035280 0.021789
126 0.268326 0.562959 0.038808 0.021789
3731 0.468836 0.494299 0.040768 0.021789
83 0.610349 0.821510 0.032144 0.022042
88 0.881419 0.521282 0.034104 0.022042
126 0.546648 0.401951 0.036456 0.022042
88 0.608585 0.802255 0.036456 0.022042
83 0.471384 0.558272 0.037240 0.022042
2203 0.406899 0.424753 0.037632 0.022042
2151 0.131713 0.436407 0.039200 0.022042
88 0.471580 0.787053 0.042336 0.022042
886 0.410623 0.444515 0.044296 0.022042
66 0.748138 0.338485 0.021560 0.022295
1575 0.126421 0.845452 0.030184 0.022295
76 0.819483 0.282240 0.035672 0.022295
88 0.818895 0.847479 0.037632 0.022295
2203 0.129165 0.824930 0.040376 0.022295
85 0.822423 0.389790 0.015680 0.022549
88 0.271854 0.202052 0.031752 0.022549
124 0.613877 0.255257 0.039200 0.022549
870 0.470796 0.515708 0.041552 0.022549
107 0.541160 0.447175 0.019992 0.022802
642 0.262054 0.505447 0.028616 0.022802
980 0.748726 0.552825 0.032144 0.022802
88 0.204038 0.430454 0.035672 0.022802
83 0.812819 0.784393 0.038024 0.022802
88 0.131517 0.589815 0.039592 0.022802
1646 0.754410 0.292121 0.048216 0.022802
119 0.266170 0.664935 0.015680 0.023055
87 0.751470 0.442488 0.029008 0.023055
122 0.402783 0.543831 0.031752 0.023055
122 0.267150 0.319103 0.032536 0.023055
4483 0.222070 0.165062 0.034888 0.023055
83 0.608193 0.508361 0.035672 0.023055
271 0.821835 0.345706 0.040376 0.023055
870 0.199138 0.711046 0.041552 0.023055
53 0.609565 0.588042 0.011760 0.023309
4564 0.189534 0.149227 0.030968 0.023309
83 0.129361 0.245503 0.034496 0.023309
83 0.467464 0.807449 0.034888 0.023309
88 0.334967 0.396250 0.038808 0.023309
118 0.476872 0.648467 0.022344 0.023562
87 0.682869 0.288954 0.030576 0.023562
51 0.610349 0.860780 0.035280 0.023562
2203 0.203646 0.349506 0.042728 0.023562
83 0.269306 0.224728 0.029792 0.023816
2784 0.334379 0.540157 0.039200 0.023816
1250 0.333987 0.879402 0.039984 0.023816
68 0.133869 0.501267 0.009800 0.024069
503 0.408075 0.202559 0.027440 0.024069
78 0.203646 0.264378 0.028616 0.024069
980 0.817915 0.368001 0.029400 0.024069
61 0.615837 0.230428 0.030576 0.024069
87 0.746570 0.696605 0.033320 0.024069
1416 0.264014 0.452622 0.047432 0.024069
53 0.614269 0.203952 0.013328 0.024322
76 0.816739 0.864201 0.021560 0.024322
87 0.545864 0.330884 0.029400 0.024322
126 0.816739 0.554092 0.036456 0.024322
4564 0.402979 0.719787 0.042336 0.024322
111 0.406311 0.341652 0.022344 0.024576
51 0.264014 0.640866 0.030968 0.024576
1891 0.334967 0.419432 0.035672 0.024576
122 0.132693 0.311249 0.036456 0.024576
51 0.472756 0.599316 0.039200 0.024576
341 0.815171 0.743983 0.042728 0.024576
1880 0.401019 0.677983 0.030576 0.024829
122 0.476088 0.232075 0.030968 0.024829
721 0.683261 0.263745 0.036848 0.024829
2193 0.609173 0.465923 0.040768 0.024829
2489 0.545276 0.378515 0.045472 0.024829
2710 0.608781 0.687231 0.043120 0.025082
4564 0.130929 0.458703 0.048608 0.025082
92 0.546060 0.204966 0.017248 0.025336
107 0.882007 0.227515 0.021952 0.025336
78 0.134849 0.359767 0.029008 0.025336
685 0.203254 0.667089 0.035672 0.025336
111 0.201490 0.510894 0.018032 0.025589
4038 0.477068 0.421459 0.033712 0.025589
4038 0.405331 0.402964 0.036064 0.025589
1250 0.812623 0.600583 0.036848 0.025589
111 0.266562 0.293387 0.018816 0.025842
1251 0.612897 0.339752 0.035672 0.025842
4564 0.882595 0.358500 0.042728 0.025842
2784 0.334183 0.774512 0.043512 0.025842
111 0.200510 0.239549 0.019208 0.026096
58 0.820659 0.234229 0.023128 0.026096
118 0.132301 0.521789 0.027048 0.026096
1880 0.333203 0.564859 0.028224 0.026096
1880 0.133281 0.638080 0.028224 0.026096
313 0.202274 0.322397 0.035280 0.026096
1251 0.881223 0.407018 0.036064 0.026096
51 0.610349 0.548898 0.038416 0.026096
28 0.476676 0.392830 0.041552 0.026096
119 0.813211 0.502914 0.017640 0.026349
685 0.475108 0.470737 0.036848 0.026349
53 0.813211 0.643400 0.013720 0.026602
510 0.746766 0.860780 0.046256 0.026602
1762 0.404939 0.802002 0.047040 0.026602
111 0.470992 0.845452 0.026264 0.026856
78 0.197178 0.809222 0.032144 0.026856
870 0.200314 0.640486 0.036064 0.026856
1250 0.402391 0.587535 0.037240 0.026856
2833 0.337123 0.220421 0.039984 0.026856
3817 0.613681 0.366354 0.041160 0.026856
4564 0.268130 0.361287 0.043120 0.026856
126 0.616425 0.608057 0.043512 0.026856
68 0.202274 0.216494 0.007840 0.027109
119 0.753038 0.235495 0.016464 0.027109
1575 0.201294 0.369775 0.026264 0.027109
2317 0.611133 0.440714 0.039200 0.027109
721 0.128577 0.730048 0.039200 0.027109
28 0.204234 0.292247 0.039984 0.027109
401 0.610937 0.315303 0.041160 0.027109
28 0.611525 0.283886 0.041552 0.027109
316 0.272050 0.269192 0.048608 0.027109
2255 0.818503 0.698632 0.048608 0.027109
68 0.402391 0.772485 0.006664 0.027363
111 0.474716 0.204839 0.021952 0.027616
118 0.547628 0.231695 0.025872 0.027616
2242 0.881419 0.783253 0.040376 0.027616
111 0.407683 0.267292 0.017248 0.027869
111 0.404351 0.517102 0.019992 0.027869
78 0.200510 0.538637 0.029400 0.027869
973 0.879655 0.542691 0.034496 0.027869
68 0.753038 0.723968 0.008624 0.028123
70 0.334967 0.246390 0.019992 0.028123
1250 0.882791 0.494173 0.039200 0.028123
4564 0.746766 0.809602 0.039200 0.028123
1977 0.610153 0.776666 0.045080 0.028123
3806 0.338691 0.283633 0.045472 0.028123
505 0.743826 0.780593 0.018424 0.028376
1774 0.264406 0.481378 0.039592 0.028376
3806 0.882987 0.614137 0.045080 0.028376
3940 0.881027 0.853433 0.039592 0.028629
1977 0.883575 0.468330 0.043120 0.028629
1251 0.610349 0.714720 0.037632 0.028883
268 0.128969 0.567013 0.038416 0.028883
111 0.745982 0.648214 0.019600 0.029136
4501 0.198746 0.874968 0.051744 0.029136
68 0.203842 0.482138 0.007840 0.029389
1894 0.404155 0.469977 0.027440 0.029389
1250 0.403567 0.655181 0.038808 0.029389
3766 0.612897 0.395490 0.043512 0.029389
70 0.127989 0.776159 0.022344 0.029643
339 0.335751 0.508234 0.043512 0.029896
564 0.882399 0.435901 0.035280 0.030149
2220 0.128773 0.204079 0.040376 0.030149
68 0.882399 0.570813 0.008624 0.030403
4356 0.332615 0.628579 0.031752 0.030403
364 0.471776 0.760578 0.041160 0.030403
973 0.401999 0.746770 0.030968 0.030656
271 0.750098 0.527109 0.044296 0.030656
2800 0.332419 0.684571 0.035280 0.030910
1905 0.749706 0.417279 0.038808 0.030910
1905 0.814387 0.528123 0.041944 0.031163
4592 0.617601 0.159235 0.052136 0.031163
268 0.817915 0.452116 0.034104 0.031670
2946 0.609957 0.746010 0.043120 0.031670
322 0.753038 0.266532 0.039984 0.031923
68 0.749706 0.494806 0.009016 0.032430
1874 0.335163 0.447682 0.027440 0.033950
2492 0.879263 0.729668 0.036848 0.033950
3153 0.334967 0.479858 0.041944 0.033950
4032 0.333203 0.818343 0.031360 0.034457
2994 0.331439 0.335698 0.034888 0.034457
2249 0.332419 0.371041 0.043120 0.035217
2535 0.265386 0.594375 0.046256 0.035470
1789 0.265582 0.534963 0.043512 0.041297
