246 0.627841 0.610605 0.020833 0.003797
207 0.479356 0.276259 0.020833 0.006834
172 0.618561 0.323209 0.014394 0.007087
52 0.603030 0.696026 0.021212 0.009112
101 0.682386 0.733865 0.039773 0.009365
101 0.748485 0.742723 0.041667 0.009365
128 0.681629 0.316882 0.009470 0.009618
56 0.746970 0.614781 0.014394 0.010124
92 0.079167 0.392559 0.031818 0.010124
92 0.298295 0.662237 0.025379 0.010377
128 0.744697 0.330170 0.012879 0.010883
207 0.549811 0.692356 0.017803 0.010883
101 0.080871 0.248671 0.042045 0.010883
207 0.214962 0.389901 0.019318 0.011390
128 0.085985 0.663503 0.016667 0.011896
499 0.292045 0.131739 0.029545 0.011896
207 0.285227 0.420147 0.026515 0.012149
92 0.416667 0.421159 0.028788 0.012149
92 0.150379 0.732473 0.028788 0.012149
92 0.414015 0.323209 0.033333 0.012149
92 0.146591 0.396608 0.033333 0.012149
207 0.349432 0.467603 0.020076 0.012402
207 0.219697 0.755885 0.022727 0.012402
207 0.545265 0.426221 0.019318 0.012655
56 0.480303 0.455961 0.010606 0.012908
120 0.080492 0.236269 0.018561 0.012908
207 0.616667 0.430904 0.021212 0.012908
129 0.487121 0.313465 0.023485 0.012908
56 0.748295 0.769805 0.040530 0.012908
56 0.682576 0.769172 0.015909 0.013161
92 0.083333 0.481144 0.028030 0.013161
85 0.221023 0.860795 0.019318 0.013667
64 0.409848 0.382182 0.027273 0.013667
56 0.677841 0.500253 0.018561 0.013921
98 0.603409 0.709314 0.026515 0.013921
52 0.614583 0.570868 0.032197 0.013921
499 0.299053 0.599722 0.032197 0.013921
85 0.606061 0.680840 0.015152 0.014174
91 0.675379 0.304986 0.028788 0.014174
287 0.299621 0.718932 0.034848 0.014427
56 0.742424 0.534801 0.014394 0.014680
53 0.284659 0.436219 0.019318 0.014933
85 0.615530 0.554923 0.020455 0.014933
129 0.553220 0.207416 0.026894 0.014933
683 0.632008 0.713364 0.027652 0.014933
861 0.478977 0.190458 0.036742 0.014933
108 0.084470 0.821311 0.017424 0.015186
129 0.557576 0.460137 0.030303 0.015186
52 0.079545 0.379651 0.034091 0.015186
129 0.488068 0.441028 0.020076 0.015439
52 0.349621 0.584282 0.030303 0.015439
64 0.545076 0.443305 0.031061 0.015439
57 0.355682 0.527082 0.033333 0.015439
88 0.150947 0.249810 0.014015 0.015692
56 0.747348 0.803088 0.015152 0.015692
64 0.343561 0.191850 0.024242 0.015692
91 0.146591 0.355100 0.037121 0.015692
98 0.678788 0.331309 0.046212 0.015692
1868 0.432576 0.234751 0.023485 0.015945
85 0.084280 0.466211 0.020076 0.016198
64 0.613826 0.191597 0.024621 0.016198
64 0.746970 0.819286 0.026515 0.016198
769 0.299811 0.700329 0.029167 0.016198
60 0.422538 0.808403 0.034470 0.016198
56 0.216856 0.408251 0.035985 0.016198
91 0.743371 0.709188 0.035985 0.016198
64 0.416477 0.528094 0.023864 0.016452
64 0.477462 0.295748 0.026136 0.016452
64 0.548674 0.709567 0.027652 0.016452
52 0.083333 0.611617 0.031818 0.016452
91 0.079356 0.363073 0.032197 0.016452
52 0.802652 0.209947 0.033333 0.016452
683 0.227462 0.505315 0.033712 0.016452
91 0.416856 0.693369 0.038258 0.016452
56 0.679545 0.803974 0.043939 0.016452
287 0.093371 0.702227 0.048106 0.016452
88 0.215909 0.354847 0.019697 0.016705
85 0.486174 0.635029 0.022348 0.016705
76 0.422727 0.827132 0.025000 0.016705
113 0.682576 0.365477 0.034848 0.016705
91 0.675000 0.841306 0.037121 0.016705
88 0.480492 0.237535 0.016288 0.016958
85 0.550189 0.561250 0.021591 0.016958
64 0.083712 0.648570 0.022727 0.016958
683 0.494886 0.502278 0.032197 0.016958
598 0.552083 0.605290 0.042045 0.016958
88 0.612311 0.393571 0.020076 0.017211
88 0.416098 0.510251 0.020833 0.017211
287 0.154167 0.686409 0.042424 0.017211
98 0.804167 0.229309 0.043182 0.017211
56 0.218939 0.522399 0.043182 0.017211
64 0.542992 0.189193 0.021591 0.017464
501 0.700379 0.210453 0.028030 0.017464
91 0.677462 0.348140 0.036742 0.017464
113 0.481629 0.569856 0.039773 0.017464
88 0.549432 0.389269 0.017803 0.017717
60 0.614773 0.513035 0.033333 0.017717
81 0.349811 0.511769 0.034470 0.017717
98 0.083144 0.629714 0.042045 0.017717
88 0.350000 0.427866 0.014394 0.017970
108 0.149811 0.337003 0.017045 0.017970
117 0.149621 0.646798 0.018939 0.017970
85 0.152083 0.541255 0.020833 0.017970
60 0.549621 0.514680 0.028788 0.017970
4346 0.357386 0.131739 0.029924 0.017970
58 0.415909 0.339661 0.021212 0.018223
85 0.287121 0.549987 0.021970 0.018223
1891 0.264205 0.132625 0.029167 0.018223
1891 0.633523 0.657555 0.029924 0.018223
85 0.808523 0.311187 0.020833 0.018476
62 0.421970 0.585295 0.021212 0.018476
129 0.152462 0.489876 0.026136 0.018476
91 0.743182 0.314730 0.031818 0.018476
1274 0.701326 0.230701 0.032197 0.018476
252 0.151894 0.848519 0.033333 0.018476
91 0.677462 0.696912 0.033712 0.018476
67 0.621780 0.495950 0.039015 0.018476
88 0.280492 0.382435 0.018561 0.018729
85 0.350189 0.567957 0.020833 0.018729
88 0.219318 0.717287 0.021970 0.018729
76 0.748106 0.784611 0.021970 0.018729
110 0.482008 0.329284 0.032955 0.018729
91 0.081250 0.839281 0.033712 0.018729
91 0.418750 0.741331 0.035227 0.018729
85 0.084848 0.594660 0.020455 0.018983
81 0.278409 0.213237 0.040909 0.018983
56 0.150568 0.582005 0.045833 0.018983
76 0.680871 0.784358 0.023864 0.019236
60 0.544318 0.267527 0.032576 0.019236
67 0.556061 0.495824 0.035606 0.019236
98 0.744318 0.631739 0.041667 0.019236
108 0.744886 0.573652 0.020076 0.019489
4037 0.601894 0.614655 0.022727 0.019489
88 0.419697 0.789547 0.022727 0.019489
721 0.628788 0.630094 0.026515 0.019489
757 0.298485 0.680714 0.026515 0.019489
300 0.222159 0.877879 0.034470 0.019489
52 0.744508 0.452923 0.037500 0.019489
99 0.149242 0.665781 0.040152 0.019489
85 0.680682 0.437358 0.025000 0.019742
60 0.741856 0.552265 0.027652 0.019742
110 0.681061 0.456846 0.031818 0.019742
93 0.157008 0.790939 0.035985 0.019742
110 0.551515 0.475576 0.037879 0.019742
98 0.285038 0.504682 0.039773 0.019742
113 0.743182 0.390028 0.043182 0.019742
53 0.742803 0.727284 0.015152 0.019995
83 0.148674 0.268160 0.033712 0.019995
91 0.278977 0.261579 0.037500 0.019995
91 0.745833 0.839408 0.037879 0.019995
68 0.084280 0.780435 0.041288 0.019995
84 0.350568 0.210959 0.048106 0.019995
85 0.684091 0.582890 0.016667 0.020248
88 0.552462 0.654771 0.020076 0.020248
300 0.286174 0.570995 0.034470 0.020248
115 0.483902 0.523159 0.035227 0.020248
91 0.744129 0.754493 0.036742 0.020248
98 0.614394 0.588206 0.043939 0.020248
249 0.762500 0.215262 0.019697 0.020501
76 0.147538 0.469881 0.023106 0.020501
1891 0.299811 0.642242 0.026894 0.020501
110 0.545644 0.224374 0.035227 0.020501
110 0.554924 0.727031 0.035606 0.020501
91 0.739962 0.434447 0.036742 0.020501
3883 0.081250 0.293976 0.039773 0.020501
2489 0.809091 0.248418 0.043939 0.020501
85 0.220265 0.618831 0.017803 0.020754
1827 0.601894 0.638573 0.021212 0.020754
300 0.547538 0.581119 0.032197 0.020754
113 0.278977 0.192103 0.035985 0.020754
2185 0.356818 0.157935 0.038636 0.020754
113 0.552462 0.747912 0.041288 0.020754
683 0.493371 0.396735 0.030682 0.021007
87 0.807765 0.268666 0.032197 0.021007
68 0.217614 0.455454 0.038258 0.021007
68 0.211742 0.195773 0.040909 0.021007
1584 0.298106 0.618704 0.020455 0.021514
107 0.347159 0.233232 0.022348 0.021514
92 0.217424 0.775880 0.023485 0.021514
83 0.550000 0.673374 0.031061 0.021514
300 0.487500 0.654138 0.033333 0.021514
58 0.148674 0.315996 0.033712 0.021514
83 0.611553 0.412427 0.033712 0.021514
83 0.550000 0.408631 0.034091 0.021514
83 0.215530 0.371172 0.034848 0.021514
91 0.214962 0.568084 0.039015 0.021514
107 0.677273 0.561630 0.024242 0.021767
93 0.486932 0.349279 0.033712 0.021767
675 0.081818 0.313338 0.037879 0.021767
84 0.285606 0.235890 0.040152 0.021767
83 0.418939 0.870666 0.041667 0.021767
119 0.808712 0.291445 0.017424 0.022020
66 0.544508 0.246393 0.025379 0.022020
3338 0.329545 0.133764 0.028030 0.022020
91 0.679167 0.750316 0.031818 0.022020
91 0.414394 0.462288 0.034848 0.022020
104 0.420833 0.548342 0.037121 0.022020
51 0.285227 0.481777 0.038636 0.022020
68 0.150189 0.292458 0.040530 0.022020
2203 0.549811 0.349152 0.041288 0.022020
91 0.156439 0.835105 0.048485 0.022020
108 0.213826 0.245254 0.017045 0.022273
3338 0.526515 0.130853 0.027273 0.022273
118 0.618371 0.534042 0.029167 0.022273
2203 0.146970 0.211086 0.036364 0.022273
99 0.614394 0.212604 0.041667 0.022273
4330 0.436553 0.256011 0.025379 0.022526
986 0.431061 0.217540 0.026515 0.022526
300 0.218182 0.641230 0.031061 0.022526
51 0.082576 0.498228 0.034848 0.022526
68 0.349811 0.487851 0.036742 0.022526
98 0.350000 0.603012 0.040152 0.022526
119 0.156818 0.601367 0.018182 0.022779
107 0.746402 0.597823 0.020833 0.022779
83 0.352841 0.447482 0.030682 0.022779
252 0.280871 0.337636 0.031439 0.022779
83 0.150947 0.771703 0.032197 0.022779
91 0.746591 0.369780 0.037121 0.022779
87 0.483902 0.592002 0.039015 0.022779
53 0.677652 0.717666 0.013636 0.023032
58 0.613068 0.476968 0.023864 0.023032
58 0.083712 0.800430 0.025758 0.023032
3325 0.212500 0.161098 0.034848 0.023032
3078 0.283144 0.363073 0.045833 0.023032
108 0.679167 0.540623 0.017424 0.023285
3338 0.603788 0.663123 0.023485 0.023285
83 0.478409 0.254619 0.029545 0.023285
2904 0.558712 0.132625 0.034848 0.023285
58 0.279924 0.283346 0.031061 0.023538
62 0.353030 0.546824 0.038636 0.023538
98 0.674432 0.517717 0.041288 0.023538
83 0.283144 0.401670 0.032197 0.023791
83 0.221780 0.736016 0.034470 0.023791
685 0.555871 0.874209 0.042803 0.023791
1158 0.747538 0.657682 0.029167 0.024045
986 0.610795 0.160086 0.034470 0.024045
62 0.426515 0.846495 0.037879 0.024045
121 0.413258 0.307137 0.041667 0.024045
98 0.746212 0.347634 0.043182 0.024045
68 0.090720 0.517337 0.011742 0.024298
68 0.683144 0.820046 0.011742 0.024298
2203 0.217992 0.336877 0.041288 0.024298
95 0.617614 0.452291 0.042045 0.024298
122 0.087689 0.682485 0.032955 0.024551
4020 0.606818 0.134017 0.033333 0.024551
1891 0.219129 0.841939 0.033712 0.024551
626 0.149242 0.413693 0.035606 0.024551
109 0.684280 0.607821 0.044318 0.024551
74 0.409659 0.283726 0.020833 0.024804
863 0.219318 0.666667 0.031818 0.024804
90 0.417045 0.360668 0.036364 0.024804
76 0.152083 0.749431 0.036742 0.024804
59 0.551515 0.792711 0.037879 0.024804
93 0.159091 0.561630 0.039394 0.024804
118 0.685417 0.480005 0.026136 0.025057
1575 0.547727 0.371172 0.026515 0.025057
87 0.156629 0.812832 0.028409 0.025057
1891 0.417045 0.438497 0.035606 0.025057
87 0.487311 0.373450 0.045076 0.025057
316 0.085795 0.758669 0.048106 0.025057
1251 0.350379 0.353581 0.035606 0.025310
653 0.615341 0.340167 0.037500 0.025310
93 0.223864 0.480258 0.035606 0.025563
3999 0.351894 0.406353 0.040909 0.025563
121 0.419508 0.401038 0.054924 0.025563
1584 0.292424 0.157682 0.021970 0.025816
87 0.553598 0.767148 0.034470 0.025816
509 0.552273 0.849658 0.036364 0.025816
303 0.744129 0.685902 0.042803 0.025816
60 0.079167 0.410909 0.015152 0.026069
74 0.745833 0.412427 0.024242 0.026069
28 0.548295 0.321311 0.042803 0.026069
121 0.420265 0.570868 0.048106 0.026069
111 0.744886 0.290559 0.023106 0.026322
70 0.482197 0.419387 0.026515 0.026322
59 0.290909 0.526449 0.041667 0.026322
68 0.285985 0.456467 0.009091 0.026576
58 0.481629 0.547077 0.025379 0.026576
58 0.210417 0.220071 0.027652 0.026576
3158 0.081818 0.339534 0.034091 0.026576
870 0.480492 0.212984 0.036742 0.026576
1977 0.418182 0.485826 0.040909 0.026576
28 0.611364 0.268413 0.043939 0.026576
53 0.219318 0.427234 0.018182 0.026829
28 0.282008 0.310554 0.044318 0.026829
126 0.682008 0.412680 0.039015 0.027082
4379 0.558712 0.158061 0.039394 0.027082
68 0.079735 0.264490 0.007955 0.027335
3402 0.214962 0.136168 0.042045 0.027335
2616 0.158333 0.871931 0.052273 0.027335
119 0.419318 0.607315 0.019697 0.027588
721 0.150000 0.376740 0.033333 0.027588
74 0.679735 0.388256 0.020076 0.027841
28 0.346023 0.292078 0.039773 0.027841
87 0.224242 0.798026 0.056061 0.027841
118 0.547159 0.292458 0.027652 0.028094
119 0.348674 0.259681 0.017803 0.028347
1575 0.145265 0.234877 0.026894 0.028347
68 0.621780 0.238041 0.010985 0.028600
53 0.220644 0.541762 0.020076 0.028600
111 0.678409 0.281068 0.021212 0.028600
3435 0.764205 0.239560 0.027652 0.028600
87 0.082008 0.215009 0.029167 0.028600
91 0.217614 0.816376 0.034470 0.028600
2249 0.352083 0.379777 0.038258 0.028600
28 0.213636 0.274234 0.044697 0.028600
3818 0.150000 0.442546 0.049242 0.028600
2915 0.630871 0.685143 0.030682 0.028853
4440 0.425758 0.765882 0.046212 0.028853
58 0.216288 0.593141 0.028788 0.029107
62 0.485227 0.476968 0.033333 0.029107
3906 0.550379 0.629841 0.045455 0.029107
111 0.148485 0.620602 0.021970 0.029360
2983 0.420644 0.668945 0.032955 0.029360
2627 0.554545 0.821564 0.037879 0.029360
3338 0.681061 0.864085 0.037879 0.029360
1292 0.220644 0.694761 0.045833 0.029360
118 0.551326 0.538977 0.023106 0.029613
303 0.678598 0.671855 0.039015 0.029613
118 0.745265 0.510630 0.031439 0.030119
111 0.743561 0.478613 0.022727 0.030372
58 0.078788 0.538345 0.028788 0.030372
75 0.810985 0.336117 0.033333 0.030372
1562 0.087500 0.737029 0.045455 0.030372
59 0.489962 0.615287 0.051136 0.030372
2987 0.422727 0.636801 0.046212 0.030878
4119 0.614205 0.367882 0.045076 0.031131
1115 0.083523 0.569603 0.034470 0.032144
1831 0.154545 0.710326 0.036364 0.032144
3338 0.423106 0.718173 0.041667 0.032144
2095 0.083523 0.440015 0.048106 0.033156
1158 0.680682 0.639585 0.028788 0.033409
998 0.349432 0.324728 0.031439 0.033409
4089 0.218939 0.307517 0.036364 0.034422
3338 0.751326 0.864085 0.038258 0.034422
1115 0.084659 0.867502 0.040530 0.034675
998 0.614962 0.301443 0.035985 0.036953
3338 0.148106 0.515692 0.037879 0.037206
