246 0.655682 0.544672 0.024242 0.005062
246 0.118371 0.442673 0.039015 0.006074
92 0.399242 0.804353 0.027273 0.008099
92 0.789773 0.841812 0.028030 0.008099
92 0.253409 0.268033 0.026515 0.009112
92 0.321780 0.545558 0.028409 0.009365
92 0.124432 0.662870 0.023864 0.009618
92 0.189773 0.764363 0.022727 0.010124
101 0.257765 0.363958 0.040530 0.010124
92 0.125189 0.687547 0.025379 0.010377
92 0.193939 0.860289 0.031818 0.010630
92 0.326894 0.788535 0.028788 0.010883
101 0.262879 0.616173 0.038636 0.010883
101 0.192424 0.404961 0.040909 0.011136
101 0.191288 0.795242 0.040909 0.011136
207 0.583144 0.242976 0.018561 0.011643
207 0.789205 0.851177 0.018561 0.011643
92 0.717045 0.341939 0.024242 0.011643
92 0.782955 0.381169 0.027273 0.011643
52 0.259091 0.719565 0.029545 0.011643
207 0.717803 0.293470 0.018182 0.011896
207 0.778598 0.303088 0.019318 0.011896
207 0.396212 0.610605 0.019697 0.011896
207 0.530114 0.857631 0.020076 0.011896
207 0.520265 0.373956 0.021591 0.011896
120 0.474432 0.631233 0.015530 0.012149
207 0.521970 0.540623 0.021970 0.012149
110 0.061553 0.808656 0.024621 0.012149
101 0.321970 0.286510 0.043182 0.012149
207 0.388826 0.388130 0.019318 0.012402
207 0.780871 0.489370 0.019318 0.012402
207 0.454735 0.320678 0.019318 0.012655
120 0.061932 0.647937 0.020076 0.012655
698 0.061742 0.753986 0.025758 0.012655
52 0.652273 0.516072 0.027273 0.012655
85 0.716477 0.241331 0.016288 0.012908
92 0.257008 0.601493 0.024621 0.012908
207 0.657576 0.691724 0.020455 0.013161
52 0.121212 0.524677 0.027273 0.013161
52 0.654356 0.803341 0.028409 0.013161
92 0.189205 0.501898 0.029924 0.013161
52 0.253788 0.281701 0.032576 0.013161
91 0.322538 0.874209 0.037500 0.013161
207 0.523864 0.698178 0.021970 0.013414
91 0.394318 0.871552 0.030303 0.013414
85 0.268182 0.893698 0.020455 0.013667
52 0.192424 0.650468 0.029545 0.013667
101 0.389583 0.202227 0.042045 0.013667
85 0.187689 0.295242 0.017045 0.013921
88 0.123674 0.746646 0.019318 0.014174
207 0.649242 0.395090 0.019697 0.014174
52 0.586742 0.371045 0.031818 0.014174
85 0.475568 0.577955 0.016288 0.014427
98 0.121591 0.538977 0.036364 0.014427
85 0.322917 0.560871 0.024621 0.014680
60 0.121402 0.303721 0.030682 0.014680
91 0.122538 0.397368 0.031439 0.014680
127 0.128030 0.336117 0.038636 0.014680
495 0.053030 0.245507 0.040152 0.014680
120 0.186364 0.280056 0.018939 0.014933
85 0.393371 0.464313 0.020076 0.014933
57 0.127083 0.350924 0.026894 0.014933
88 0.781061 0.455581 0.014394 0.015186
88 0.776515 0.268287 0.015909 0.015186
88 0.452841 0.286510 0.016288 0.015186
123 0.121402 0.319160 0.016288 0.015186
85 0.457386 0.411035 0.017045 0.015186
85 0.653220 0.501645 0.018561 0.015186
52 0.320833 0.489243 0.029545 0.015186
85 0.400379 0.754872 0.021212 0.015439
52 0.717045 0.254999 0.029545 0.015439
98 0.654356 0.531638 0.038258 0.015439
56 0.188447 0.487725 0.013258 0.015692
76 0.455492 0.351303 0.023864 0.015692
57 0.400189 0.651481 0.026136 0.015692
91 0.253220 0.466464 0.031439 0.015692
98 0.322917 0.505189 0.041288 0.015692
2576 0.517614 0.175146 0.043561 0.015692
120 0.529167 0.890787 0.024242 0.015945
683 0.790530 0.616426 0.031061 0.015945
81 0.055492 0.305872 0.031439 0.015945
87 0.322727 0.249937 0.031818 0.015945
127 0.525758 0.751835 0.040909 0.015945
52 0.456061 0.423437 0.028788 0.016198
91 0.251136 0.225513 0.030303 0.016198
85 0.716288 0.434953 0.014394 0.016452
88 0.522159 0.664515 0.018561 0.016452
85 0.399621 0.713364 0.018939 0.016452
76 0.325189 0.693622 0.020076 0.016452
56 0.455682 0.335738 0.035606 0.016452
81 0.186553 0.250443 0.035985 0.016452
88 0.194697 0.846495 0.037879 0.016452
83 0.127462 0.761959 0.038258 0.016452
99 0.193939 0.576183 0.043182 0.016452
70 0.475379 0.614528 0.024242 0.016705
60 0.125000 0.649456 0.025000 0.016705
91 0.053977 0.541382 0.029924 0.016705
98 0.652652 0.819792 0.037121 0.016705
287 0.125758 0.584409 0.042424 0.016705
85 0.781818 0.319033 0.018182 0.016958
76 0.061364 0.632118 0.019697 0.016958
53 0.399621 0.772336 0.021212 0.016958
107 0.528409 0.873576 0.024242 0.016958
60 0.190341 0.593394 0.026136 0.016958
300 0.717992 0.452417 0.027652 0.016958
85 0.326326 0.890787 0.027652 0.016958
72 0.056061 0.415464 0.030303 0.016958
2151 0.189583 0.778664 0.032955 0.016958
52 0.067992 0.893824 0.037500 0.016958
88 0.580682 0.203999 0.012121 0.017211
85 0.655114 0.787902 0.019318 0.017211
88 0.061932 0.770185 0.022348 0.017211
2576 0.476326 0.560364 0.026894 0.017211
61 0.780871 0.365477 0.032197 0.017211
56 0.717235 0.357884 0.035227 0.017211
547 0.326894 0.677044 0.037121 0.017211
85 0.057765 0.456720 0.017045 0.017464
88 0.057576 0.289420 0.033333 0.017464
98 0.258902 0.734371 0.037500 0.017464
85 0.321591 0.475070 0.017424 0.017717
85 0.124432 0.510504 0.017803 0.017717
117 0.325189 0.630473 0.020076 0.017717
88 0.647727 0.359150 0.021212 0.017717
85 0.388258 0.406986 0.022727 0.017717
2833 0.475379 0.596305 0.029545 0.017717
978 0.524053 0.471020 0.036742 0.017717
98 0.458333 0.439636 0.042424 0.017717
126 0.129735 0.837763 0.042803 0.017717
53 0.390152 0.427613 0.018939 0.017970
88 0.527273 0.824728 0.018939 0.017970
51 0.473485 0.522779 0.021970 0.017970
85 0.327462 0.803214 0.026136 0.017970
252 0.779356 0.227664 0.029167 0.017970
683 0.197538 0.339787 0.036742 0.017970
83 0.064394 0.680714 0.039394 0.017970
88 0.474811 0.503923 0.022348 0.018223
53 0.397348 0.671222 0.023485 0.018223
78 0.190909 0.808656 0.027273 0.018223
126 0.476705 0.541129 0.028409 0.018223
1867 0.321970 0.382182 0.032576 0.018223
91 0.253598 0.347507 0.034470 0.018223
98 0.190909 0.667173 0.037121 0.018223
126 0.523106 0.413819 0.039394 0.018223
82 0.457197 0.202480 0.043939 0.018223
107 0.190152 0.827006 0.024242 0.018476
91 0.254735 0.376740 0.029924 0.018476
2710 0.451705 0.245634 0.030682 0.018476
127 0.126705 0.678183 0.040530 0.018476
316 0.129167 0.732852 0.045455 0.018476
58 0.779167 0.540370 0.019697 0.018729
119 0.404545 0.790939 0.019697 0.018729
87 0.523674 0.734751 0.029167 0.018729
252 0.399811 0.889395 0.029924 0.018729
88 0.520644 0.505695 0.032197 0.018729
91 0.186364 0.469248 0.034091 0.018729
2595 0.064773 0.735257 0.034848 0.018729
2576 0.655303 0.174133 0.043939 0.018729
88 0.786174 0.756138 0.016288 0.018983
85 0.584091 0.354720 0.020455 0.018983
91 0.255303 0.512908 0.034848 0.018983
68 0.059091 0.613389 0.034848 0.018983
886 0.522917 0.488610 0.042045 0.018983
53 0.518939 0.432296 0.015909 0.019236
118 0.720265 0.225006 0.021591 0.019236
92 0.523864 0.714503 0.023485 0.019236
60 0.184659 0.260693 0.025379 0.019236
78 0.718750 0.400405 0.026894 0.019236
62 0.058902 0.322703 0.030682 0.019236
127 0.189205 0.560871 0.030682 0.019236
300 0.391098 0.482663 0.031439 0.019236
88 0.061364 0.664642 0.031818 0.019236
83 0.264394 0.802075 0.032576 0.019236
91 0.256629 0.654518 0.034470 0.019236
2576 0.398864 0.852696 0.046970 0.019236
53 0.782386 0.573652 0.011742 0.019489
85 0.259659 0.701721 0.023864 0.019489
118 0.199432 0.892306 0.025379 0.019489
51 0.193371 0.873323 0.030682 0.019489
83 0.527273 0.841939 0.034091 0.019489
83 0.518750 0.357251 0.034470 0.019489
107 0.259470 0.874462 0.018182 0.019742
120 0.321780 0.271071 0.020833 0.019742
562 0.440530 0.487472 0.025758 0.019742
870 0.473295 0.483422 0.026894 0.019742
300 0.400947 0.735510 0.028409 0.019742
78 0.126894 0.630979 0.028788 0.019742
83 0.585417 0.224500 0.029924 0.019742
3019 0.385417 0.151354 0.035985 0.019742
91 0.189583 0.519615 0.035985 0.019742
127 0.787121 0.555556 0.039394 0.019742
99 0.784470 0.676791 0.041667 0.019742
68 0.060606 0.435206 0.009848 0.019995
85 0.192045 0.632118 0.018182 0.019995
1921 0.470833 0.462288 0.025758 0.019995
81 0.656061 0.710326 0.030303 0.019995
87 0.521023 0.558213 0.030682 0.019995
83 0.392045 0.372944 0.036364 0.019995
87 0.058333 0.475955 0.037121 0.019995
66 0.650568 0.439382 0.023864 0.020248
83 0.455682 0.304480 0.035606 0.020248
53 0.520644 0.577955 0.015530 0.020501
53 0.453788 0.369400 0.015909 0.020501
88 0.391856 0.571121 0.022348 0.020501
88 0.052462 0.226905 0.029924 0.020501
113 0.716667 0.415211 0.036364 0.020501
83 0.525000 0.681726 0.037879 0.020501
83 0.523864 0.524298 0.038636 0.020501
78 0.261742 0.852189 0.032576 0.020754
83 0.786932 0.771450 0.032955 0.020754
83 0.783523 0.472792 0.038258 0.020754
53 0.791288 0.883953 0.012879 0.021007
91 0.319318 0.364844 0.028788 0.021007
87 0.253409 0.560238 0.028788 0.021007
98 0.714205 0.203872 0.031439 0.021007
83 0.389773 0.592382 0.033333 0.021007
88 0.516288 0.339787 0.034848 0.021007
83 0.648485 0.376740 0.034848 0.021007
1762 0.326136 0.773095 0.040152 0.021007
53 0.652462 0.744115 0.013258 0.021260
53 0.321402 0.579347 0.016288 0.021260
119 0.391288 0.445710 0.018182 0.021260
120 0.583523 0.333840 0.021591 0.021260
105 0.785227 0.636295 0.035606 0.021260
98 0.584091 0.388003 0.038636 0.021260
2576 0.392803 0.174133 0.041667 0.021260
886 0.782197 0.439889 0.046970 0.021260
118 0.787689 0.698684 0.017803 0.021514
51 0.519886 0.393951 0.029924 0.021514
978 0.520644 0.628069 0.035985 0.021514
1880 0.441856 0.464186 0.022348 0.021767
978 0.781439 0.419134 0.030303 0.021767
287 0.443750 0.536067 0.032197 0.021767
105 0.529356 0.768919 0.036742 0.021767
87 0.188447 0.229182 0.032197 0.022020
78 0.321402 0.431410 0.032197 0.022020
122 0.190341 0.614148 0.032197 0.022020
83 0.058333 0.342065 0.034091 0.022020
88 0.260038 0.785244 0.035985 0.022020
68 0.650947 0.204885 0.037500 0.022020
78 0.258144 0.632498 0.029167 0.022273
62 0.656439 0.728423 0.031061 0.022273
87 0.782765 0.507973 0.032955 0.022273
77 0.195833 0.541382 0.041667 0.022273
1251 0.391667 0.547203 0.046970 0.022273
53 0.651136 0.460010 0.013636 0.022526
83 0.776894 0.285371 0.031061 0.022526
2203 0.526136 0.792584 0.036364 0.022526
363 0.062689 0.793597 0.037500 0.022526
757 0.524053 0.647304 0.038258 0.022526
840 0.129167 0.816376 0.043939 0.022526
53 0.647727 0.249557 0.012121 0.022779
53 0.512121 0.232852 0.017424 0.022779
2844 0.442045 0.511769 0.026515 0.022779
78 0.123295 0.284738 0.026894 0.022779
122 0.255303 0.301443 0.029545 0.022779
119 0.520455 0.451025 0.029545 0.022779
87 0.397348 0.630726 0.030303 0.022779
2203 0.654167 0.866616 0.036364 0.022779
88 0.654545 0.654391 0.031818 0.023032
401 0.387689 0.298785 0.039773 0.023032
105 0.794697 0.868261 0.040909 0.023032
4079 0.059848 0.364844 0.042424 0.023032
85 0.257386 0.424956 0.016288 0.023285
119 0.065152 0.827385 0.016667 0.023285
505 0.323864 0.747153 0.023485 0.023285
119 0.654545 0.764363 0.026515 0.023285
83 0.656061 0.672741 0.037121 0.023285
1921 0.779356 0.205518 0.037500 0.023285
277 0.067614 0.874715 0.037500 0.023285
107 0.582197 0.310681 0.018939 0.023538
119 0.783712 0.594406 0.026515 0.023538
88 0.389205 0.351177 0.032197 0.023538
78 0.386742 0.221589 0.032576 0.023538
78 0.255492 0.446596 0.033712 0.023538
51 0.650758 0.414705 0.034091 0.023538
2203 0.783523 0.721969 0.035227 0.023538
3078 0.781250 0.249684 0.039773 0.023538
127 0.787500 0.396608 0.037121 0.023791
119 0.058712 0.496710 0.017424 0.024045
87 0.584659 0.287142 0.029924 0.024045
62 0.452841 0.222602 0.032955 0.024045
122 0.651705 0.227917 0.032955 0.024045
121 0.257955 0.582511 0.045455 0.024045
119 0.454735 0.390787 0.029167 0.024298
88 0.191856 0.388003 0.037500 0.024298
2616 0.322159 0.228044 0.048864 0.024298
92 0.583333 0.263351 0.017424 0.024551
87 0.517045 0.207669 0.035606 0.024551
316 0.324621 0.348899 0.041667 0.024551
92 0.257197 0.324222 0.034091 0.024804
4490 0.125947 0.460896 0.048106 0.024804
1575 0.651136 0.882688 0.027273 0.025057
1880 0.191667 0.719438 0.028788 0.025057
119 0.321212 0.654012 0.021212 0.025310
119 0.399432 0.691724 0.023106 0.025310
4260 0.258523 0.678056 0.027652 0.025310
95 0.720076 0.273855 0.037121 0.025310
105 0.723674 0.377120 0.038258 0.025310
4317 0.059659 0.561630 0.039773 0.025310
78 0.190341 0.421539 0.028409 0.025563
4260 0.256818 0.536193 0.031818 0.025563
2100 0.453030 0.266388 0.039394 0.025563
127 0.788068 0.522526 0.047348 0.025563
101 0.122917 0.258922 0.031439 0.025816
119 0.324432 0.851430 0.036742 0.025816
1880 0.655114 0.840926 0.023106 0.026069
119 0.325379 0.604530 0.024242 0.026069
119 0.653220 0.481777 0.029167 0.026069
53 0.326326 0.826626 0.017803 0.026322
1575 0.522159 0.811440 0.025379 0.026322
1831 0.192614 0.747659 0.034470 0.026322
3945 0.653598 0.150848 0.042045 0.026322
107 0.188068 0.445583 0.021591 0.026576
1087 0.254167 0.400658 0.028788 0.026829
379 0.059470 0.521387 0.038636 0.026829
28 0.386364 0.270818 0.043939 0.026829
3684 0.129924 0.889901 0.046970 0.026829
101 0.124053 0.605290 0.029924 0.027082
119 0.512311 0.256770 0.032197 0.027082
2844 0.651136 0.563781 0.040909 0.027082
107 0.320076 0.452291 0.023485 0.027335
107 0.383902 0.242723 0.024621 0.027335
4486 0.055303 0.266768 0.028030 0.027335
119 0.650568 0.272083 0.028409 0.027335
28 0.519508 0.286510 0.045833 0.027335
485 0.788826 0.796381 0.034470 0.027588
28 0.651705 0.300557 0.041288 0.027588
53 0.779924 0.341686 0.014394 0.027841
101 0.260606 0.827639 0.034091 0.027841
4075 0.060985 0.587952 0.041667 0.027841
75 0.190909 0.313591 0.048485 0.027841
1575 0.783523 0.737914 0.020833 0.028094
71 0.129167 0.231207 0.031818 0.028094
3375 0.125568 0.707163 0.034470 0.028347
1087 0.252652 0.489876 0.030303 0.028600
3375 0.125758 0.787775 0.038636 0.028600
1562 0.322348 0.326879 0.040909 0.028600
3411 0.518182 0.152240 0.041667 0.028600
4486 0.123485 0.371805 0.029545 0.028853
721 0.322348 0.526955 0.035606 0.028853
101 0.321023 0.405467 0.036742 0.028853
3830 0.189015 0.361427 0.038636 0.028853
4380 0.124811 0.864085 0.030682 0.029360
564 0.064583 0.853961 0.036742 0.029360
3019 0.391856 0.827006 0.034470 0.029613
313 0.516856 0.316755 0.036742 0.029613
3665 0.057386 0.392053 0.033712 0.029866
53 0.779735 0.659074 0.014015 0.030372
2379 0.390152 0.327259 0.041667 0.030372
68 0.321023 0.302329 0.009470 0.030625
1087 0.251136 0.249431 0.028788 0.030625
3684 0.123106 0.487851 0.037121 0.031131
2924 0.658144 0.596937 0.042803 0.031131
119 0.520265 0.601873 0.025379 0.031384
3038 0.653977 0.626930 0.034470 0.031384
1502 0.259848 0.760187 0.031061 0.031638
296 0.124621 0.560871 0.032576 0.031891
296 0.193939 0.691977 0.036364 0.031891
119 0.322917 0.717666 0.029167 0.032144
1297 0.789583 0.821817 0.029167 0.032397
4380 0.122159 0.419767 0.029167 0.032650
313 0.650947 0.333586 0.033712 0.032903
2994 0.062879 0.710073 0.035606 0.035181
322 0.715909 0.319286 0.043182 0.036193
3510 0.392803 0.513667 0.040152 0.037712
