172 0.694060 0.241915 0.012026 0.005224
92 0.753644 0.742910 0.020408 0.006716
101 0.723214 0.786070 0.024417 0.007960
52 0.755466 0.832090 0.020408 0.008458
128 0.427478 0.583209 0.013848 0.008706
88 0.754009 0.855473 0.013120 0.008955
207 0.617529 0.740547 0.013484 0.008955
92 0.427114 0.849005 0.030612 0.008955
92 0.111516 0.805970 0.029155 0.009453
207 0.174745 0.402239 0.015671 0.009950
207 0.495627 0.229851 0.016764 0.009950
207 0.743805 0.571891 0.017493 0.009950
92 0.110605 0.360697 0.028790 0.009950
120 0.752915 0.881965 0.015306 0.010199
88 0.666545 0.675249 0.019679 0.010199
92 0.429300 0.661567 0.030612 0.010199
207 0.680211 0.337065 0.016399 0.010448
207 0.492347 0.470896 0.018222 0.010448
81 0.663448 0.706095 0.024417 0.010697
120 0.666545 0.539801 0.013120 0.010945
207 0.554483 0.640050 0.016399 0.010945
56 0.747813 0.216542 0.036443 0.011194
56 0.174016 0.447512 0.012755 0.011443
207 0.558673 0.250746 0.016764 0.011443
207 0.802296 0.535075 0.017857 0.011443
91 0.694971 0.626119 0.020408 0.011443
91 0.630284 0.383582 0.021501 0.011443
52 0.240160 0.514179 0.024781 0.011443
52 0.551020 0.865672 0.026968 0.011443
120 0.725036 0.774254 0.014942 0.011692
207 0.616071 0.516294 0.021501 0.011692
207 0.553389 0.444527 0.015671 0.011940
207 0.303936 0.723383 0.016764 0.011940
207 0.801385 0.853980 0.017493 0.011940
85 0.617894 0.836816 0.018586 0.011940
207 0.239249 0.424627 0.019315 0.011940
91 0.725765 0.720896 0.021501 0.011940
76 0.633746 0.351990 0.026239 0.011940
81 0.559585 0.264179 0.033892 0.011940
85 0.111698 0.313308 0.018586 0.012189
52 0.493076 0.578358 0.024052 0.012438
57 0.561042 0.505721 0.027332 0.012438
52 0.110241 0.329602 0.030248 0.012438
85 0.496538 0.343408 0.016399 0.012687
129 0.564504 0.276990 0.018222 0.012687
52 0.614431 0.626493 0.029883 0.012687
81 0.803936 0.883706 0.034257 0.012687
52 0.173652 0.741667 0.035350 0.012687
128 0.113156 0.610945 0.009840 0.012935
98 0.753098 0.843035 0.029519 0.012935
85 0.492711 0.798881 0.016764 0.013184
207 0.491254 0.703856 0.018222 0.013184
881 0.556122 0.562811 0.021866 0.013184
52 0.108965 0.275000 0.031341 0.013184
85 0.742347 0.676119 0.016764 0.013433
85 0.559402 0.328358 0.018222 0.013433
207 0.171465 0.680846 0.020773 0.013433
2151 0.667456 0.570896 0.022230 0.013930
115 0.663812 0.639179 0.022230 0.014179
57 0.620809 0.771517 0.025146 0.014179
88 0.617165 0.484826 0.014942 0.014428
300 0.618805 0.850746 0.020408 0.014428
113 0.369716 0.339552 0.037536 0.014428
85 0.754191 0.819279 0.012755 0.014677
85 0.368622 0.429478 0.015671 0.014677
88 0.114067 0.792662 0.016035 0.014677
85 0.552114 0.851617 0.016764 0.014677
85 0.746356 0.296891 0.018950 0.014677
120 0.111152 0.596393 0.018950 0.014677
85 0.617165 0.611816 0.019315 0.014677
91 0.493258 0.307836 0.024417 0.014677
64 0.618440 0.756343 0.024781 0.014677
88 0.427660 0.648010 0.018586 0.014925
64 0.115343 0.820149 0.020044 0.014925
52 0.171101 0.799005 0.026603 0.014925
56 0.247631 0.215423 0.031706 0.014925
117 0.752733 0.869527 0.009840 0.015174
126 0.669278 0.603358 0.019315 0.015174
721 0.726130 0.739925 0.022230 0.015174
1214 0.305758 0.157090 0.033528 0.015174
56 0.745809 0.592910 0.034621 0.015174
81 0.616618 0.553358 0.036443 0.015174
57 0.180940 0.481716 0.041910 0.015174
88 0.615707 0.708458 0.016399 0.015423
1891 0.668732 0.587065 0.023324 0.015423
721 0.633564 0.331592 0.024417 0.015423
3731 0.615889 0.865672 0.033528 0.015423
88 0.428025 0.836194 0.013484 0.015672
88 0.555394 0.606343 0.013848 0.015672
65 0.176567 0.697886 0.028061 0.015672
89 0.555029 0.726493 0.037901 0.015672
52 0.618987 0.785448 0.038265 0.015672
88 0.681122 0.302239 0.013120 0.015920
88 0.800838 0.497761 0.015671 0.015920
757 0.632106 0.309204 0.031706 0.015920
91 0.556305 0.292040 0.033163 0.015920
87 0.728134 0.826244 0.017493 0.016169
88 0.667274 0.554602 0.021137 0.016169
1891 0.755284 0.800871 0.023688 0.016169
110 0.175656 0.462313 0.029155 0.016169
979 0.701348 0.485945 0.030248 0.016169
300 0.558127 0.343905 0.030977 0.016169
76 0.626822 0.219527 0.031341 0.016169
60 0.489796 0.720274 0.031341 0.016169
91 0.614431 0.571517 0.032799 0.016169
98 0.622813 0.238433 0.034985 0.016169
4253 0.617711 0.693159 0.037172 0.016169
85 0.240707 0.497264 0.016399 0.016418
85 0.174745 0.784328 0.017128 0.016418
91 0.623178 0.259204 0.034985 0.016418
98 0.108236 0.344527 0.040087 0.016418
88 0.431851 0.482463 0.016764 0.016667
88 0.801020 0.819030 0.018222 0.016667
87 0.723943 0.758831 0.020044 0.016667
85 0.493258 0.563060 0.020773 0.016667
91 0.110969 0.841418 0.031706 0.016667
91 0.618805 0.802363 0.033528 0.016667
91 0.799563 0.599129 0.034985 0.016667
88 0.494534 0.436567 0.016035 0.016915
58 0.629191 0.398507 0.018586 0.016915
126 0.724854 0.842040 0.020408 0.016915
85 0.684220 0.430597 0.022230 0.016915
91 0.429118 0.366915 0.030977 0.016915
60 0.664176 0.721269 0.008382 0.017164
66 0.493258 0.267786 0.018586 0.017164
85 0.556122 0.788433 0.018950 0.017164
707 0.700073 0.505846 0.020408 0.017164
85 0.806122 0.639677 0.020408 0.017164
721 0.665999 0.690920 0.022230 0.017164
65 0.116983 0.238930 0.026239 0.017164
3754 0.697340 0.555348 0.026603 0.017164
2151 0.425838 0.792413 0.028790 0.017164
91 0.554847 0.809080 0.030248 0.017164
88 0.435678 0.270274 0.031706 0.017164
85 0.305211 0.826368 0.020773 0.017413
1880 0.725765 0.879353 0.022230 0.017413
70 0.665816 0.524751 0.015306 0.017662
88 0.740525 0.536692 0.016764 0.017662
85 0.175474 0.544900 0.017128 0.017662
120 0.809585 0.241667 0.018586 0.017662
1762 0.665270 0.660075 0.028061 0.017662
88 0.371173 0.318284 0.030248 0.017662
68 0.493805 0.487687 0.032799 0.017662
127 0.304847 0.240174 0.036079 0.017662
88 0.114614 0.879726 0.036079 0.017662
98 0.489614 0.593657 0.038265 0.017662
111 0.631378 0.367662 0.014213 0.017910
88 0.557580 0.215423 0.017493 0.017910
88 0.305394 0.687811 0.018950 0.017910
66 0.110423 0.258458 0.023324 0.017910
126 0.694606 0.726368 0.027697 0.017910
403 0.668367 0.486567 0.028426 0.017910
3806 0.725948 0.860945 0.031341 0.017910
88 0.429847 0.714925 0.036808 0.017910
88 0.109329 0.528483 0.019679 0.018159
252 0.491071 0.398383 0.026603 0.018159
87 0.304847 0.552612 0.027332 0.018159
1399 0.696246 0.663806 0.031706 0.018159
60 0.298287 0.418905 0.012755 0.018408
2593 0.667092 0.622139 0.017857 0.018408
300 0.744169 0.315423 0.029155 0.018408
77 0.500182 0.524378 0.029519 0.018408
72 0.303389 0.781095 0.030248 0.018408
3665 0.668185 0.505970 0.030977 0.018408
91 0.806305 0.287065 0.031706 0.018408
1891 0.113520 0.859204 0.033892 0.018408
85 0.555576 0.522761 0.021501 0.018657
83 0.618440 0.724005 0.032070 0.018657
300 0.488885 0.814801 0.032434 0.018657
83 0.555211 0.428234 0.035350 0.018657
98 0.550292 0.879726 0.035714 0.018657
82 0.183673 0.240672 0.042274 0.018657
88 0.555211 0.411194 0.016399 0.018905
83 0.801567 0.837065 0.032434 0.018905
83 0.743258 0.554975 0.036808 0.018905
98 0.616436 0.642537 0.038265 0.018905
683 0.497631 0.213682 0.038994 0.018905
99 0.366983 0.359453 0.039359 0.018905
72 0.302843 0.258831 0.024052 0.019154
3994 0.751822 0.779726 0.026968 0.019154
65 0.686224 0.355100 0.029155 0.019154
83 0.618258 0.499876 0.030977 0.019154
83 0.241983 0.406841 0.036443 0.019154
81 0.743805 0.610572 0.037901 0.019154
99 0.556305 0.683706 0.038994 0.019154
88 0.174380 0.641294 0.019315 0.019403
252 0.802843 0.684328 0.034985 0.019403
118 0.244716 0.233955 0.014213 0.019652
88 0.491618 0.665796 0.019679 0.019652
1720 0.691691 0.707338 0.020408 0.019652
300 0.368440 0.468284 0.025510 0.019652
91 0.744716 0.256095 0.030977 0.019652
83 0.556122 0.623010 0.034985 0.019652
1375 0.431487 0.386692 0.037901 0.019652
1406 0.114431 0.451119 0.038630 0.019652
76 0.432034 0.517662 0.017857 0.019900
86 0.756195 0.233831 0.025510 0.019900
3856 0.694606 0.685075 0.031341 0.019900
1214 0.621356 0.446020 0.032070 0.019900
2489 0.304118 0.597264 0.036808 0.019900
88 0.239431 0.387438 0.016764 0.020149
58 0.615160 0.820274 0.019679 0.020149
83 0.684220 0.321020 0.030977 0.020149
300 0.176749 0.564801 0.032070 0.020149
83 0.557945 0.233706 0.034257 0.020149
1891 0.812682 0.186692 0.037172 0.020149
92 0.554483 0.462687 0.019315 0.020398
1891 0.560313 0.309701 0.028061 0.020398
1891 0.495262 0.326866 0.032070 0.020398
83 0.494898 0.453980 0.033528 0.020398
344 0.558127 0.364428 0.033892 0.020398
98 0.168914 0.816169 0.034621 0.020398
126 0.804665 0.867164 0.038630 0.020398
356 0.431851 0.501493 0.041545 0.020398
88 0.174927 0.363060 0.014577 0.020647
111 0.300474 0.377239 0.016399 0.020647
58 0.619534 0.280473 0.022595 0.020647
87 0.301020 0.396642 0.026239 0.020647
300 0.303571 0.845647 0.027697 0.020647
300 0.742529 0.693408 0.030977 0.020647
91 0.112245 0.431468 0.031341 0.020647
77 0.500729 0.289179 0.035714 0.020647
1943 0.245080 0.158085 0.037536 0.020647
300 0.680576 0.451368 0.037536 0.020647
870 0.614067 0.882463 0.038630 0.020647
300 0.494716 0.376617 0.027332 0.020896
1891 0.616071 0.592537 0.028061 0.020896
613 0.754555 0.758955 0.030248 0.020896
51 0.497449 0.248010 0.032799 0.020896
870 0.239796 0.362935 0.033528 0.020896
87 0.115889 0.681343 0.033528 0.020896
2616 0.432398 0.412189 0.034621 0.020896
3078 0.497631 0.418159 0.042638 0.020896
76 0.242894 0.256592 0.029519 0.021144
111 0.367894 0.448756 0.017857 0.021393
300 0.554665 0.540547 0.037172 0.021393
83 0.306122 0.705473 0.040087 0.021393
66 0.301749 0.218035 0.018950 0.021642
93 0.113520 0.293657 0.025146 0.021642
344 0.493987 0.616045 0.038265 0.021642
2038 0.308673 0.180970 0.041545 0.021642
465 0.694242 0.643781 0.025510 0.021891
1831 0.755102 0.724876 0.029155 0.021891
76 0.619169 0.535572 0.030612 0.021891
1891 0.802660 0.619652 0.036079 0.021891
1982 0.432034 0.460448 0.036808 0.021891
685 0.806669 0.741045 0.038265 0.021891
750 0.300656 0.441294 0.039359 0.021891
89 0.807762 0.219900 0.040452 0.021891
68 0.726312 0.801368 0.005831 0.022139
107 0.488885 0.780721 0.020044 0.022139
2718 0.697704 0.534950 0.024417 0.022139
104 0.497085 0.509826 0.029883 0.022139
83 0.806305 0.517537 0.030248 0.022139
1891 0.428754 0.815796 0.032434 0.022139
83 0.173105 0.383955 0.032799 0.022139
3203 0.367894 0.384577 0.028790 0.022388
83 0.174745 0.661692 0.036079 0.022388
91 0.742529 0.633333 0.040452 0.022388
2885 0.432945 0.315299 0.030612 0.022637
76 0.428389 0.564055 0.032434 0.022637
58 0.744169 0.277363 0.020408 0.022886
92 0.175292 0.525373 0.022595 0.022886
1891 0.742529 0.654478 0.029519 0.022886
51 0.556305 0.661443 0.030248 0.022886
83 0.489796 0.685075 0.031341 0.022886
3999 0.682398 0.282836 0.042638 0.022886
119 0.112245 0.703358 0.018222 0.023134
66 0.171647 0.721766 0.024052 0.023134
1880 0.430576 0.768532 0.025146 0.023134
87 0.373360 0.241915 0.025875 0.023134
84 0.804483 0.577488 0.032434 0.023134
1214 0.178571 0.321517 0.033528 0.023134
91 0.800292 0.553358 0.033528 0.023134
2109 0.245262 0.182463 0.036443 0.023134
3731 0.243440 0.340174 0.037901 0.023134
96 0.554665 0.771517 0.041545 0.023134
111 0.496720 0.360697 0.020408 0.023383
1108 0.698069 0.576119 0.022230 0.023383
78 0.244534 0.280100 0.027697 0.023383
3203 0.428571 0.599751 0.027697 0.023383
59 0.684949 0.408706 0.031706 0.023383
3203 0.434038 0.438308 0.034257 0.023383
63 0.243258 0.446517 0.038994 0.023383
903 0.622631 0.465672 0.039723 0.023383
77 0.496902 0.760697 0.039723 0.023383
127 0.307945 0.761940 0.045190 0.023383
60 0.302296 0.532587 0.014942 0.023881
2236 0.307398 0.667413 0.035350 0.023881
3078 0.806851 0.475373 0.041545 0.023881
53 0.304300 0.803856 0.017493 0.024129
122 0.489978 0.741915 0.034621 0.024129
98 0.233054 0.532214 0.036808 0.024129
51 0.180940 0.220025 0.037536 0.024129
272 0.306487 0.645149 0.040816 0.024129
118 0.558309 0.707463 0.021137 0.024378
1251 0.174745 0.620398 0.036079 0.024378
252 0.801567 0.451866 0.028061 0.024627
107 0.493258 0.543905 0.029519 0.024627
51 0.176567 0.425249 0.034621 0.024627
58 0.304847 0.575498 0.038994 0.024627
107 0.680940 0.381343 0.021501 0.024876
66 0.178936 0.262438 0.021866 0.024876
300 0.804483 0.660448 0.032434 0.024876
95 0.305394 0.744030 0.034985 0.024876
126 0.306305 0.620647 0.038265 0.024876
903 0.177296 0.345025 0.044825 0.024876
87 0.559220 0.484701 0.025875 0.025124
93 0.174927 0.761070 0.028426 0.025124
268 0.113703 0.726741 0.034257 0.025124
685 0.808856 0.425995 0.036808 0.025124
685 0.744716 0.395398 0.037536 0.025124
1982 0.370445 0.408955 0.036808 0.025373
2710 0.744534 0.483582 0.040816 0.025373
721 0.112245 0.656468 0.032799 0.025871
2800 0.113338 0.475373 0.037901 0.025871
757 0.112974 0.630348 0.037901 0.025871
68 0.372813 0.267289 0.008017 0.026119
58 0.549563 0.829975 0.020408 0.026119
118 0.110787 0.576990 0.024052 0.026119
2593 0.110241 0.550124 0.024417 0.026119
84 0.806305 0.263806 0.033892 0.026119
1364 0.808673 0.399876 0.038630 0.026119
2249 0.685131 0.258831 0.039359 0.026119
2917 0.695882 0.603731 0.022230 0.026368
70 0.556669 0.747512 0.022230 0.026368
1891 0.435678 0.290796 0.030977 0.026368
28 0.809038 0.340050 0.039359 0.026368
2379 0.803025 0.794279 0.041181 0.026368
28 0.624089 0.420896 0.041910 0.026368
1887 0.114614 0.379975 0.040452 0.026617
119 0.430394 0.540796 0.025510 0.026866
1982 0.426931 0.624627 0.036079 0.026866
28 0.301203 0.312438 0.041910 0.026866
58 0.804847 0.311318 0.025875 0.027114
998 0.745080 0.367786 0.033892 0.027114
53 0.303571 0.283333 0.017493 0.027363
28 0.241983 0.308458 0.045190 0.027363
68 0.177478 0.499876 0.008746 0.027612
1762 0.369716 0.296891 0.035350 0.027612
577 0.743622 0.453109 0.036079 0.027612
401 0.805029 0.767537 0.042274 0.027612
3435 0.434585 0.342289 0.030248 0.027861
28 0.180029 0.290547 0.040816 0.027861
4301 0.748542 0.340174 0.038630 0.028109
3868 0.492711 0.641169 0.027697 0.028607
364 0.557580 0.584950 0.034257 0.028607
1984 0.431487 0.244652 0.039359 0.029104
1715 0.178936 0.591418 0.046647 0.029104
294 0.560496 0.388060 0.037172 0.029353
1189 0.809220 0.371642 0.041910 0.029353
998 0.687500 0.222264 0.026603 0.029602
2052 0.624818 0.170896 0.036079 0.030348
3945 0.745627 0.423881 0.040087 0.030348
2100 0.743258 0.510199 0.041181 0.030348
111 0.303754 0.468159 0.025146 0.030846
71 0.244351 0.472388 0.028061 0.030846
4252 0.613338 0.668035 0.037172 0.031095
1339 0.112792 0.405224 0.033163 0.031343
4020 0.300109 0.500995 0.033892 0.031841
2918 0.432580 0.742289 0.035714 0.031841
3512 0.298287 0.350746 0.037536 0.033333
2783 0.113520 0.503358 0.041181 0.033582
2099 0.179665 0.168284 0.040087 0.034080
4164 0.806305 0.713308 0.047012 0.034080
2918 0.429300 0.870398 0.039359 0.034328
3435 0.431122 0.686318 0.033528 0.036318
3417 0.108965 0.759453 0.029883 0.040299
