169 0.591154 0.716267 0.012308 0.005549
128 0.374615 0.307566 0.007692 0.008323
92 0.240385 0.772383 0.025385 0.008827
52 0.571538 0.857377 0.030769 0.008827
92 0.638846 0.592434 0.025385 0.009584
92 0.505577 0.620681 0.025769 0.009584
92 0.572500 0.640731 0.026538 0.009836
92 0.836154 0.801892 0.028462 0.010340
92 0.575769 0.362547 0.030769 0.010340
207 0.303654 0.855233 0.018846 0.010593
92 0.706538 0.777806 0.027692 0.010593
52 0.235962 0.277049 0.025000 0.010845
128 0.307308 0.501639 0.007692 0.011097
85 0.238269 0.263178 0.015000 0.011349
207 0.770962 0.655864 0.016538 0.011349
207 0.305577 0.627617 0.018846 0.011349
207 0.709808 0.360782 0.019615 0.011349
101 0.574808 0.870996 0.049615 0.011349
52 0.637500 0.686003 0.024231 0.011602
72 0.370962 0.264565 0.027308 0.011602
92 0.506538 0.478436 0.027692 0.011602
88 0.301538 0.828121 0.013077 0.011854
52 0.638462 0.561538 0.028462 0.011854
65 0.305962 0.665448 0.028846 0.011854
85 0.642308 0.875662 0.018462 0.012106
207 0.306538 0.437327 0.019231 0.012106
128 0.173654 0.280076 0.008077 0.012358
128 0.508077 0.658134 0.009231 0.012358
128 0.370192 0.507566 0.014231 0.012358
207 0.240192 0.401892 0.017308 0.012358
207 0.837115 0.603657 0.018077 0.012358
52 0.708077 0.247541 0.032308 0.012358
207 0.302308 0.227743 0.016154 0.012610
207 0.645577 0.456747 0.018846 0.012610
207 0.238077 0.596469 0.019231 0.012610
52 0.101538 0.505927 0.028462 0.012610
85 0.573654 0.558008 0.018077 0.012863
207 0.370577 0.426608 0.018846 0.012863
128 0.576154 0.348550 0.008462 0.013115
85 0.305192 0.489281 0.013462 0.013115
85 0.575385 0.335183 0.013846 0.013115
207 0.105769 0.746532 0.018462 0.013115
64 0.234423 0.208071 0.018846 0.013115
207 0.704615 0.598991 0.019231 0.013115
52 0.369038 0.518789 0.029615 0.013115
85 0.504615 0.702018 0.015385 0.013367
85 0.637692 0.802648 0.016154 0.013367
207 0.174038 0.542371 0.018846 0.013367
207 0.372885 0.655612 0.020385 0.013367
52 0.169038 0.291173 0.027308 0.013367
86 0.379038 0.296469 0.030385 0.013367
85 0.775962 0.729382 0.015000 0.013619
207 0.706346 0.504918 0.019615 0.013619
52 0.571538 0.434805 0.025385 0.013619
120 0.505962 0.333544 0.014231 0.013871
85 0.303846 0.742371 0.016154 0.013871
85 0.774038 0.467465 0.017308 0.013871
207 0.640000 0.714124 0.020769 0.013871
207 0.707885 0.433670 0.021154 0.013871
76 0.505192 0.515132 0.022692 0.013871
52 0.101538 0.860151 0.026154 0.013871
52 0.704808 0.727491 0.028846 0.013871
287 0.108077 0.641488 0.040769 0.013871
88 0.238077 0.365195 0.013846 0.014124
85 0.105962 0.339218 0.017308 0.014124
85 0.103077 0.846910 0.020769 0.014124
113 0.232115 0.669105 0.035769 0.014124
287 0.507115 0.381841 0.038077 0.014124
88 0.239615 0.560277 0.013077 0.014376
88 0.638846 0.653594 0.014615 0.014376
88 0.835577 0.768348 0.015000 0.014376
85 0.840769 0.232661 0.016923 0.014376
66 0.705192 0.655107 0.018077 0.014376
85 0.777692 0.268979 0.019231 0.014376
64 0.433269 0.377175 0.019615 0.014376
85 0.571923 0.843253 0.020000 0.014376
85 0.641346 0.548928 0.020385 0.014376
52 0.103654 0.353720 0.026538 0.014376
56 0.437308 0.696721 0.036154 0.014376
128 0.509423 0.419924 0.010385 0.014628
120 0.572692 0.878184 0.018462 0.014628
64 0.238077 0.458008 0.024615 0.014628
861 0.771538 0.581337 0.033077 0.014628
113 0.173269 0.560151 0.036538 0.014628
85 0.709038 0.418033 0.021154 0.014880
64 0.774423 0.361538 0.023462 0.014880
66 0.776731 0.231778 0.017308 0.015132
85 0.370962 0.740353 0.018077 0.015385
64 0.773077 0.425599 0.021538 0.015385
52 0.772308 0.480832 0.027692 0.015385
83 0.300000 0.841992 0.028462 0.015385
86 0.378077 0.493443 0.030000 0.015385
52 0.837308 0.215511 0.032308 0.015385
52 0.773077 0.712610 0.032308 0.015385
52 0.708269 0.545397 0.032692 0.015385
98 0.774038 0.299243 0.035769 0.015385
98 0.772885 0.496469 0.040385 0.015385
88 0.640769 0.418663 0.016154 0.015637
85 0.238654 0.476419 0.016538 0.015637
88 0.233846 0.654477 0.029231 0.015637
60 0.708846 0.638209 0.012308 0.015889
88 0.305769 0.400631 0.013846 0.015889
252 0.369423 0.829634 0.029615 0.015889
98 0.705577 0.742623 0.037308 0.015889
1173 0.776538 0.214250 0.038462 0.015889
88 0.305000 0.592686 0.014615 0.016141
85 0.235769 0.709458 0.016923 0.016141
85 0.171923 0.597982 0.017692 0.016141
120 0.438462 0.676671 0.021538 0.016141
88 0.372885 0.235813 0.034231 0.016141
85 0.171731 0.265700 0.016538 0.016393
85 0.171731 0.644767 0.016538 0.016393
120 0.439423 0.296974 0.017308 0.016393
85 0.840769 0.662926 0.017692 0.016393
52 0.838077 0.679571 0.030000 0.016393
98 0.572885 0.450315 0.037308 0.016393
85 0.710962 0.262295 0.012692 0.016646
85 0.771538 0.696343 0.013077 0.016646
88 0.506923 0.464061 0.016923 0.016646
86 0.310769 0.455738 0.029231 0.016646
123 0.103462 0.398739 0.033077 0.016646
98 0.838269 0.696343 0.041923 0.016646
85 0.307308 0.316393 0.013846 0.016898
64 0.836731 0.646028 0.023462 0.016898
91 0.437885 0.435183 0.031154 0.016898
77 0.645192 0.767844 0.031154 0.016898
127 0.640962 0.752711 0.033462 0.016898
127 0.578462 0.320681 0.038462 0.016898
91 0.772692 0.407566 0.028462 0.017150
547 0.506538 0.255990 0.030769 0.017150
83 0.371923 0.249937 0.031538 0.017150
88 0.642308 0.240101 0.032308 0.017150
123 0.102692 0.300126 0.032308 0.017150
83 0.773269 0.640353 0.033462 0.017150
123 0.437885 0.737957 0.033462 0.017150
98 0.372115 0.535435 0.040385 0.017150
88 0.107692 0.709332 0.016154 0.017402
98 0.638269 0.472509 0.027308 0.017402
123 0.105577 0.810467 0.031923 0.017402
127 0.642500 0.490164 0.036538 0.017402
85 0.578462 0.421185 0.015385 0.017654
300 0.635769 0.820429 0.023846 0.017654
83 0.637115 0.669861 0.026538 0.017654
287 0.238654 0.858008 0.039615 0.017654
98 0.636923 0.700883 0.041538 0.017654
117 0.237115 0.421816 0.016538 0.017907
73 0.441154 0.544641 0.035385 0.017907
683 0.574038 0.282850 0.036538 0.017907
83 0.439038 0.500883 0.023462 0.018159
83 0.506346 0.273897 0.028077 0.018159
98 0.636923 0.576797 0.034615 0.018159
3731 0.704423 0.827995 0.035769 0.018159
127 0.708846 0.400504 0.036154 0.018159
68 0.303269 0.872383 0.040385 0.018159
60 0.572500 0.607188 0.016538 0.018411
67 0.175385 0.245776 0.035385 0.018411
127 0.373654 0.279823 0.037308 0.018411
73 0.707500 0.455359 0.037308 0.018411
95 0.635000 0.861412 0.037692 0.018411
88 0.771731 0.622194 0.014231 0.018663
117 0.505769 0.214376 0.016923 0.018663
503 0.373077 0.870870 0.023846 0.018663
83 0.835000 0.786381 0.025385 0.018663
84 0.774808 0.344515 0.029615 0.018663
300 0.771731 0.745776 0.030385 0.018663
127 0.638269 0.786381 0.033462 0.018663
300 0.372692 0.322068 0.033846 0.018663
127 0.707308 0.671879 0.035385 0.018663
98 0.169423 0.307188 0.036538 0.018663
118 0.508077 0.531778 0.013846 0.018916
88 0.372308 0.392560 0.016154 0.018916
119 0.438462 0.417276 0.016923 0.018916
88 0.371538 0.617276 0.017692 0.018916
58 0.835769 0.842497 0.019231 0.018916
76 0.572115 0.304792 0.031154 0.018916
300 0.235385 0.727238 0.032308 0.018916
88 0.103462 0.278058 0.033077 0.018916
127 0.705385 0.582724 0.033077 0.018916
683 0.644808 0.353720 0.035769 0.018916
683 0.507692 0.572888 0.038462 0.018916
88 0.833654 0.565700 0.014231 0.019168
117 0.232885 0.618663 0.016538 0.019168
76 0.236154 0.224716 0.021538 0.019168
58 0.572885 0.242623 0.021923 0.019168
83 0.306346 0.611602 0.030385 0.019168
98 0.236154 0.292308 0.036923 0.019168
300 0.172885 0.662926 0.029615 0.019420
67 0.109038 0.829130 0.029615 0.019420
98 0.771731 0.677554 0.033462 0.019420
68 0.302500 0.649306 0.036538 0.019420
125 0.104423 0.766835 0.041923 0.019420
300 0.304615 0.334931 0.029231 0.019672
300 0.302692 0.518033 0.029231 0.019672
300 0.707692 0.280706 0.030000 0.019672
83 0.105769 0.728121 0.030000 0.019672
91 0.439615 0.361917 0.036154 0.019672
99 0.708462 0.563178 0.038462 0.019672
98 0.102115 0.877175 0.040385 0.019672
88 0.169231 0.502522 0.015385 0.019924
60 0.171731 0.577680 0.015769 0.019924
83 0.238654 0.578941 0.030385 0.019924
88 0.440385 0.590794 0.033846 0.019924
88 0.507500 0.836444 0.034231 0.019924
53 0.436538 0.318033 0.013077 0.020177
86 0.112885 0.487011 0.022692 0.020177
300 0.839231 0.250189 0.026923 0.020177
252 0.305192 0.356368 0.028077 0.020177
83 0.831923 0.585372 0.030000 0.020177
2203 0.305000 0.574779 0.033846 0.020177
757 0.438462 0.254729 0.034615 0.020177
127 0.233462 0.638840 0.036154 0.020177
1834 0.575769 0.624212 0.039231 0.020177
98 0.102500 0.522573 0.040385 0.020177
503 0.641346 0.218789 0.021923 0.020429
86 0.711538 0.710088 0.025385 0.020429
252 0.835192 0.325221 0.028077 0.020429
87 0.507308 0.316141 0.030769 0.020429
88 0.636731 0.838462 0.032692 0.020429
83 0.305769 0.419546 0.033077 0.020429
84 0.836154 0.623834 0.033846 0.020429
98 0.636923 0.733796 0.035385 0.020429
300 0.302692 0.760025 0.035385 0.020429
126 0.177500 0.357755 0.038077 0.020429
1921 0.704038 0.872509 0.038077 0.020429
87 0.647115 0.311475 0.028077 0.020681
87 0.105000 0.467087 0.028462 0.020681
978 0.438846 0.232282 0.033077 0.020681
77 0.641154 0.510971 0.033077 0.020681
127 0.239423 0.441362 0.037308 0.020681
870 0.775192 0.538714 0.040385 0.020681
1102 0.836923 0.273392 0.040769 0.020681
331 0.239615 0.315259 0.042308 0.020681
300 0.371923 0.758764 0.030769 0.020933
300 0.240000 0.494956 0.034615 0.020933
1834 0.706731 0.761791 0.035769 0.020933
870 0.774423 0.599369 0.039615 0.020933
67 0.105577 0.417402 0.029615 0.021185
83 0.641923 0.437327 0.034615 0.021185
89 0.575000 0.402522 0.035385 0.021185
1364 0.110192 0.689786 0.038846 0.021185
119 0.506154 0.234678 0.026923 0.021438
77 0.308654 0.702774 0.029615 0.021438
88 0.302115 0.212736 0.030385 0.021438
52 0.773077 0.280580 0.030769 0.021438
83 0.372308 0.637705 0.033077 0.021438
2147 0.573654 0.263682 0.037308 0.021438
3731 0.771731 0.517150 0.038077 0.021438
83 0.238462 0.383354 0.026923 0.021690
83 0.370769 0.410088 0.033846 0.021690
87 0.708077 0.692308 0.033846 0.021690
68 0.777115 0.250567 0.005769 0.021942
60 0.641731 0.529256 0.015000 0.021942
119 0.643846 0.333039 0.015385 0.021942
76 0.438462 0.657377 0.019231 0.021942
118 0.372885 0.699243 0.025000 0.021942
3948 0.572885 0.379193 0.033462 0.021942
76 0.438462 0.480580 0.033846 0.021942
107 0.304231 0.724716 0.035385 0.021942
978 0.836538 0.820555 0.038462 0.021942
77 0.710000 0.526482 0.041538 0.021942
88 0.305577 0.299622 0.031154 0.022194
76 0.705962 0.621185 0.031154 0.022194
127 0.306923 0.472888 0.037692 0.022194
107 0.237115 0.246028 0.018077 0.022446
126 0.776154 0.318663 0.035385 0.022446
83 0.172885 0.524968 0.035769 0.022446
1251 0.375000 0.850063 0.041538 0.022446
77 0.376346 0.679823 0.042692 0.022446
978 0.507308 0.295839 0.030000 0.022699
1921 0.304615 0.783102 0.036154 0.022699
1214 0.442308 0.521564 0.037692 0.022699
1364 0.644615 0.398739 0.038462 0.022699
123 0.172692 0.224842 0.014615 0.022951
60 0.370577 0.720933 0.020385 0.022951
1921 0.638462 0.609962 0.030769 0.022951
126 0.510577 0.400883 0.034231 0.022951
87 0.104038 0.569231 0.024231 0.023203
87 0.438269 0.276671 0.027308 0.023203
67 0.109038 0.317528 0.032692 0.023203
2198 0.574423 0.698865 0.035769 0.023203
119 0.441538 0.638462 0.018462 0.023455
699 0.504423 0.781967 0.026538 0.023455
78 0.439615 0.340101 0.029231 0.023455
51 0.505769 0.496217 0.029231 0.023455
76 0.706538 0.382976 0.030000 0.023455
2710 0.372692 0.346910 0.038462 0.023455
3078 0.839231 0.347415 0.043077 0.023455
4263 0.703846 0.850189 0.030000 0.023707
104 0.440000 0.395712 0.032308 0.023707
1396 0.839808 0.749054 0.032692 0.023707
3078 0.306346 0.380580 0.041154 0.023707
3211 0.239423 0.520050 0.042692 0.023707
126 0.104615 0.545397 0.037692 0.023960
126 0.711346 0.339344 0.041923 0.023960
53 0.304038 0.278184 0.012692 0.024212
76 0.371346 0.450946 0.031154 0.024212
2203 0.840577 0.432030 0.033462 0.024212
2833 0.644808 0.288777 0.037308 0.024212
126 0.441923 0.614250 0.037692 0.024464
685 0.772500 0.561538 0.039615 0.024464
68 0.780577 0.446028 0.007308 0.024968
111 0.301731 0.253342 0.016538 0.024968
71 0.507115 0.753972 0.022692 0.024968
3065 0.570577 0.763556 0.039615 0.024968
118 0.440769 0.759647 0.019231 0.025221
401 0.371538 0.784615 0.040769 0.025221
1396 0.839423 0.543253 0.045000 0.025221
1189 0.642692 0.374401 0.037692 0.025473
126 0.510192 0.638840 0.037308 0.025725
59 0.441538 0.716646 0.034615 0.025977
1251 0.173846 0.479823 0.035385 0.025977
1787 0.569231 0.820303 0.036923 0.025977
68 0.574038 0.219672 0.006538 0.026230
322 0.101346 0.222194 0.020385 0.026230
95 0.105769 0.373014 0.032308 0.026230
28 0.172115 0.196469 0.041154 0.026230
3778 0.104808 0.624212 0.041154 0.026230
56 0.437885 0.809206 0.017308 0.026482
2100 0.370000 0.369609 0.044615 0.026482
53 0.437308 0.567213 0.013077 0.026734
53 0.373654 0.472888 0.015000 0.026734
973 0.706923 0.227491 0.032308 0.026734
3218 0.573077 0.508197 0.036154 0.026734
870 0.302692 0.806557 0.036154 0.026734
68 0.505000 0.680832 0.008462 0.026986
60 0.303846 0.685120 0.015385 0.026986
119 0.108462 0.790290 0.020000 0.026986
4064 0.643077 0.262926 0.032308 0.026986
2152 0.640192 0.635183 0.035000 0.026986
313 0.370769 0.213871 0.033846 0.027238
1251 0.240385 0.543758 0.034615 0.027238
1251 0.368654 0.811097 0.035769 0.027238
401 0.839808 0.459521 0.039615 0.027238
1575 0.436154 0.457629 0.026923 0.027491
1251 0.173654 0.420050 0.034231 0.027491
685 0.839808 0.373140 0.038846 0.027491
1028 0.565577 0.735057 0.041923 0.027491
69 0.111731 0.594956 0.013462 0.027743
28 0.710769 0.198235 0.041538 0.027743
68 0.507692 0.441488 0.008462 0.027995
53 0.233654 0.689660 0.014231 0.027995
71 0.509231 0.548424 0.035385 0.027995
368 0.234808 0.794325 0.041154 0.027995
1831 0.239423 0.752333 0.031923 0.028247
1787 0.572500 0.535939 0.034231 0.028247
1189 0.110000 0.664817 0.042308 0.028247
96 0.440577 0.783354 0.045000 0.028247
3218 0.570769 0.792182 0.040769 0.029256
68 0.781538 0.383985 0.007692 0.029508
53 0.170962 0.621059 0.014231 0.029508
3945 0.840000 0.722194 0.040769 0.029508
1871 0.575000 0.582598 0.040769 0.029760
4301 0.373077 0.592686 0.040769 0.029760
3945 0.840385 0.517024 0.042308 0.029760
68 0.837692 0.867213 0.006923 0.030013
4479 0.234231 0.831400 0.045385 0.030013
296 0.168654 0.332030 0.023462 0.030517
1984 0.099423 0.252333 0.036538 0.030517
2379 0.838269 0.486633 0.038846 0.030517
3454 0.574231 0.671122 0.033846 0.030769
4479 0.509808 0.598108 0.045000 0.031021
1578 0.838269 0.298991 0.032692 0.031526
4089 0.839231 0.403909 0.040000 0.031526
53 0.707115 0.480706 0.017308 0.031778
2143 0.504038 0.809962 0.035769 0.032535
47 0.105577 0.438083 0.018846 0.033291
4089 0.307500 0.547667 0.029615 0.033544
4263 0.703846 0.801892 0.033846 0.033544
296 0.506923 0.357629 0.031538 0.033796
707 0.237500 0.340984 0.034231 0.033796
3758 0.502692 0.725851 0.045385 0.033796
998 0.173654 0.449054 0.033462 0.035057
681 0.175000 0.388146 0.043846 0.035813
296 0.708269 0.308953 0.032692 0.036318
1286 0.371346 0.563556 0.039615 0.036570
296 0.574615 0.474779 0.032308 0.038083
87 0.441923 0.841740 0.045385 0.045145
