297 0.724809 0.293489 0.062595 0.017848
861 0.493893 0.327049 0.048855 0.018100
3045 0.070611 0.406737 0.041221 0.019105
278 0.061641 0.352187 0.024809 0.019608
284 0.501908 0.360106 0.042748 0.021368
302 0.060305 0.376445 0.042748 0.021368
251 0.646947 0.297386 0.058779 0.023630
2489 0.063359 0.207391 0.047328 0.024133
2150 0.496756 0.442056 0.055344 0.024384
302 0.248282 0.787330 0.039313 0.024635
2833 0.066985 0.265837 0.048473 0.024887
2203 0.296756 0.371543 0.061450 0.026647
4435 0.061450 0.236425 0.046565 0.026898
675 0.354771 0.675716 0.057634 0.027652
752 0.066985 0.294620 0.049237 0.030166
1267 0.064695 0.323906 0.048473 0.030417
2195 0.500763 0.292609 0.063359 0.030669
1102 0.497137 0.248743 0.062214 0.031926
1269 0.352672 0.754651 0.058779 0.032680
1197 0.350763 0.713801 0.061069 0.032931
1892 0.498092 0.399573 0.046565 0.033937
4405 0.358397 0.638638 0.056489 0.034439
720 0.250763 0.633484 0.050382 0.035194
3669 0.362977 0.836099 0.062595 0.037205
1879 0.493130 0.485546 0.044275 0.039467
504 0.359160 0.795752 0.046565 0.039467
1932 0.301336 0.520362 0.075954 0.040724
4038 0.681489 0.393162 0.079008 0.043238
798 0.253244 0.744847 0.056107 0.045249
4122 0.299046 0.418049 0.062977 0.045249
2952 0.640076 0.336350 0.052672 0.047260
571 0.677290 0.446958 0.068321 0.048265
2952 0.722901 0.334465 0.057252 0.050025
1871 0.298855 0.469080 0.067176 0.050277
4116 0.253053 0.831071 0.062595 0.054299
