172 0.307955 0.239180 0.012879 0.004556
57 0.826136 0.870286 0.026515 0.009365
92 0.421780 0.389395 0.033712 0.009365
92 0.356439 0.341306 0.031061 0.009871
207 0.229545 0.434953 0.017424 0.010377
101 0.891477 0.374209 0.045076 0.010377
62 0.291667 0.271577 0.025000 0.010630
207 0.557008 0.745254 0.020833 0.010883
92 0.293561 0.411288 0.028788 0.011643
56 0.355492 0.748924 0.015530 0.012149
207 0.227083 0.738800 0.020076 0.012149
56 0.419508 0.676917 0.013258 0.012402
207 0.493561 0.300177 0.021970 0.012655
207 0.625568 0.670590 0.020076 0.012908
207 0.162879 0.291951 0.021212 0.012908
207 0.560985 0.430904 0.021212 0.012908
207 0.625189 0.406226 0.020833 0.013161
207 0.562689 0.318907 0.023106 0.013161
92 0.487689 0.661098 0.032197 0.013161
64 0.497727 0.838142 0.015152 0.013414
56 0.422917 0.351936 0.017803 0.013414
85 0.626136 0.757656 0.019697 0.013414
207 0.487689 0.673627 0.019318 0.013921
64 0.692235 0.288788 0.026894 0.014174
120 0.295833 0.396988 0.021212 0.014427
56 0.886742 0.716401 0.021212 0.014427
91 0.566667 0.646419 0.026515 0.014680
81 0.568750 0.592002 0.027652 0.014680
56 0.353409 0.483042 0.024242 0.014933
52 0.558144 0.532144 0.029924 0.014933
861 0.886364 0.860162 0.035606 0.014933
108 0.824242 0.858264 0.018939 0.015186
85 0.559280 0.517844 0.019318 0.015186
85 0.488636 0.794229 0.021970 0.015186
85 0.228030 0.865983 0.018182 0.015439
65 0.294508 0.308150 0.035985 0.015439
85 0.229924 0.610478 0.019697 0.015692
57 0.231250 0.569982 0.024621 0.015692
64 0.420265 0.736016 0.025379 0.015692
85 0.291098 0.351177 0.016288 0.015945
85 0.356061 0.792837 0.019697 0.015945
88 0.357008 0.585295 0.020076 0.015945
66 0.422348 0.831815 0.020455 0.015945
121 0.496591 0.856872 0.027273 0.015945
64 0.160227 0.432169 0.028788 0.015945
52 0.890530 0.360035 0.029545 0.015945
757 0.498106 0.872817 0.030303 0.015945
101 0.424811 0.628322 0.048106 0.015945
56 0.690720 0.397621 0.017045 0.016198
127 0.231250 0.224753 0.042045 0.016198
88 0.423106 0.269172 0.024242 0.016452
60 0.624053 0.711086 0.032955 0.016452
98 0.884659 0.669577 0.041288 0.016452
85 0.891856 0.344723 0.017045 0.016705
120 0.889773 0.482410 0.021970 0.016705
52 0.160038 0.466211 0.029924 0.016705
683 0.497727 0.431030 0.031061 0.016705
683 0.572159 0.417363 0.034470 0.016705
91 0.823106 0.287016 0.034848 0.016705
62 0.416098 0.862946 0.020076 0.016958
85 0.490341 0.530119 0.021591 0.016958
120 0.822538 0.703493 0.024621 0.016958
57 0.232576 0.826247 0.027273 0.016958
721 0.498674 0.888256 0.028409 0.016958
316 0.690909 0.669830 0.046970 0.016958
85 0.362500 0.202733 0.019697 0.017211
108 0.689773 0.379145 0.021212 0.017211
57 0.296780 0.525437 0.025379 0.017211
52 0.424242 0.609466 0.033333 0.017211
88 0.559659 0.276765 0.018561 0.017464
88 0.889583 0.259555 0.023106 0.017464
72 0.356629 0.249431 0.029924 0.017464
88 0.492803 0.260440 0.020455 0.017717
81 0.687500 0.507466 0.040152 0.017717
88 0.163068 0.254746 0.020076 0.017970
83 0.160227 0.311187 0.029545 0.017970
81 0.490909 0.361048 0.037879 0.017970
56 0.493182 0.318527 0.038636 0.017970
87 0.471591 0.839534 0.020455 0.018223
85 0.624811 0.506707 0.021591 0.018223
88 0.421780 0.717793 0.024621 0.018223
127 0.567803 0.629714 0.025000 0.018223
127 0.161932 0.371045 0.039773 0.018223
88 0.555114 0.710326 0.014773 0.018476
85 0.557197 0.864718 0.020455 0.018476
60 0.554735 0.824475 0.035227 0.018476
300 0.231250 0.884460 0.036742 0.018476
88 0.292235 0.289927 0.040530 0.018476
1810 0.886932 0.879777 0.020076 0.018729
66 0.423106 0.550240 0.025000 0.018729
300 0.490530 0.547456 0.033333 0.018729
88 0.228409 0.702733 0.018182 0.018983
85 0.426326 0.593394 0.021591 0.018983
66 0.227083 0.810301 0.023106 0.018983
72 0.158902 0.352949 0.033712 0.018983
85 0.164583 0.451025 0.017045 0.019236
72 0.227841 0.491774 0.032955 0.019236
81 0.689394 0.622121 0.037879 0.019236
683 0.889394 0.776006 0.040909 0.019236
88 0.621402 0.368894 0.022348 0.019489
81 0.557386 0.472412 0.040530 0.019489
123 0.556818 0.845103 0.018182 0.019742
66 0.289773 0.509238 0.025000 0.019742
83 0.553030 0.786130 0.025000 0.019742
83 0.227273 0.450772 0.031061 0.019742
252 0.621970 0.883574 0.034091 0.019742
83 0.824242 0.478866 0.034848 0.019742
501 0.886364 0.794736 0.035606 0.019742
66 0.228598 0.554670 0.024621 0.019995
253 0.822727 0.633637 0.027273 0.019995
300 0.486932 0.814857 0.031439 0.019995
83 0.884659 0.616173 0.034470 0.019995
83 0.554356 0.729056 0.034470 0.019995
83 0.821212 0.610605 0.036364 0.019995
91 0.760227 0.447608 0.037879 0.019995
285 0.557955 0.664768 0.037879 0.019995
253 0.543939 0.575804 0.022727 0.020248
127 0.556629 0.807137 0.040530 0.020248
98 0.556439 0.551000 0.043939 0.020248
127 0.359280 0.462668 0.045076 0.020248
88 0.492235 0.619970 0.015530 0.020501
85 0.423864 0.636927 0.019697 0.020501
118 0.884470 0.734624 0.019697 0.020501
110 0.822538 0.589598 0.026894 0.020501
300 0.627462 0.528094 0.035227 0.020501
300 0.554545 0.886738 0.045455 0.020501
111 0.569697 0.573273 0.013636 0.020754
58 0.567045 0.610731 0.017424 0.020754
107 0.421780 0.812706 0.024621 0.020754
721 0.292992 0.250823 0.029924 0.020754
4285 0.246023 0.168312 0.032955 0.020754
83 0.227273 0.720324 0.034091 0.020754
118 0.890909 0.306378 0.012121 0.021007
300 0.292045 0.460263 0.026515 0.021007
91 0.685417 0.689066 0.034470 0.021007
83 0.423295 0.528347 0.036742 0.021007
66 0.354167 0.729689 0.024242 0.021260
699 0.357576 0.882055 0.027273 0.021260
300 0.625758 0.775500 0.032576 0.021260
83 0.621402 0.387750 0.035227 0.021260
2489 0.297538 0.226525 0.039015 0.021260
98 0.160227 0.484434 0.042424 0.021260
1002 0.821780 0.336877 0.051136 0.021260
721 0.358902 0.532903 0.031439 0.021514
87 0.689773 0.804733 0.031818 0.021514
675 0.820265 0.886484 0.049621 0.021514
287 0.543939 0.626930 0.025758 0.021767
76 0.691288 0.270058 0.030303 0.021767
83 0.488068 0.640091 0.030682 0.021767
88 0.823485 0.425462 0.034848 0.021767
757 0.360795 0.509744 0.037500 0.021767
68 0.823485 0.817008 0.047727 0.021767
93 0.162879 0.412174 0.024242 0.022020
104 0.232008 0.589091 0.039773 0.022020
88 0.692614 0.448368 0.040530 0.022020
77 0.233523 0.244875 0.041288 0.022020
2489 0.292424 0.707542 0.043939 0.022020
66 0.423295 0.333586 0.026894 0.022273
60 0.625189 0.229815 0.029924 0.022273
51 0.694697 0.245254 0.032576 0.022273
83 0.227841 0.414832 0.037500 0.022273
83 0.166098 0.272336 0.039773 0.022273
2203 0.165530 0.236649 0.040152 0.022273
127 0.230871 0.513288 0.042803 0.022273
93 0.488826 0.719185 0.026136 0.022526
88 0.627083 0.654138 0.040530 0.022526
725 0.822727 0.658441 0.041667 0.022526
88 0.894318 0.503037 0.043182 0.022526
76 0.688636 0.732726 0.025000 0.022779
126 0.826515 0.540370 0.039394 0.022779
287 0.294508 0.729436 0.041288 0.022779
118 0.366288 0.441787 0.022727 0.023032
1345 0.886364 0.844217 0.032576 0.023032
1214 0.694697 0.309415 0.036364 0.023032
62 0.426705 0.696659 0.038258 0.023032
1891 0.630114 0.145659 0.039015 0.023032
1891 0.227273 0.759934 0.039394 0.023032
68 0.695265 0.333207 0.042803 0.023032
3142 0.213258 0.140724 0.031818 0.023285
51 0.357955 0.706657 0.032576 0.023285
88 0.694318 0.755505 0.037879 0.023285
87 0.293371 0.570109 0.035985 0.023538
2203 0.230114 0.351936 0.038258 0.023538
109 0.691477 0.643761 0.038258 0.023538
98 0.422348 0.503797 0.038636 0.023538
104 0.425947 0.371931 0.040530 0.023538
88 0.229545 0.393824 0.019697 0.023791
1575 0.622727 0.607947 0.028788 0.023791
78 0.487500 0.746900 0.028788 0.023791
93 0.561932 0.364971 0.029924 0.023791
300 0.230871 0.630979 0.035227 0.023791
53 0.160417 0.332954 0.017045 0.024045
92 0.625379 0.426348 0.023485 0.024045
253 0.559848 0.232979 0.027273 0.024045
83 0.558902 0.298532 0.033712 0.024045
121 0.424242 0.880157 0.046970 0.024045
51 0.422538 0.309036 0.037500 0.024298
109 0.625000 0.692230 0.039394 0.024298
104 0.291856 0.546950 0.041288 0.024298
109 0.628788 0.205771 0.046212 0.024298
118 0.231250 0.272463 0.011742 0.024551
119 0.760985 0.312199 0.018939 0.024551
93 0.494318 0.381802 0.026515 0.024551
93 0.493561 0.478993 0.030303 0.024551
87 0.360417 0.416477 0.035985 0.024551
51 0.819129 0.764490 0.037500 0.024551
51 0.891288 0.282334 0.037879 0.024551
111 0.556439 0.450519 0.021212 0.024804
970 0.422727 0.662870 0.031818 0.024804
720 0.292045 0.626171 0.034848 0.024804
4429 0.359280 0.323716 0.035227 0.024804
3078 0.560038 0.255885 0.045833 0.024804
119 0.890909 0.391673 0.025758 0.025057
51 0.292992 0.484055 0.033712 0.025057
88 0.762121 0.498228 0.037879 0.025057
87 0.759470 0.287396 0.039394 0.025057
68 0.300379 0.330296 0.011364 0.025310
119 0.473295 0.861301 0.016288 0.025310
111 0.688447 0.778537 0.018561 0.025310
60 0.425947 0.573019 0.020833 0.025310
1575 0.228788 0.373323 0.026515 0.025310
58 0.690720 0.357378 0.026894 0.025310
4178 0.360606 0.559605 0.037121 0.025310
105 0.558712 0.765629 0.041667 0.025310
119 0.421402 0.851557 0.019318 0.025563
104 0.359659 0.768287 0.034470 0.025563
76 0.160795 0.392685 0.035227 0.025563
78 0.625947 0.454695 0.035227 0.025563
83 0.492235 0.281068 0.036742 0.025563
721 0.292424 0.651354 0.038636 0.025563
322 0.298485 0.205138 0.039394 0.025563
2203 0.626894 0.584789 0.040152 0.025563
1879 0.885227 0.814477 0.025000 0.025816
3338 0.213068 0.166793 0.032955 0.025816
78 0.564205 0.393318 0.035985 0.025816
68 0.360985 0.271703 0.009848 0.026069
74 0.422727 0.759681 0.028030 0.026069
2091 0.630492 0.168691 0.040530 0.026069
685 0.624053 0.858896 0.041288 0.026069
58 0.558523 0.340420 0.025379 0.026322
51 0.228788 0.532777 0.034848 0.026322
2198 0.827652 0.566439 0.047727 0.026322
1005 0.759659 0.395849 0.048106 0.026322
58 0.486174 0.695140 0.026894 0.026576
107 0.231061 0.204885 0.027273 0.026576
1880 0.887311 0.559985 0.027652 0.026576
58 0.820644 0.837003 0.031439 0.026829
4119 0.490152 0.599848 0.042424 0.026829
53 0.229735 0.473424 0.018561 0.027082
1873 0.244129 0.142622 0.026894 0.027082
2616 0.543371 0.601493 0.028409 0.027082
653 0.492235 0.572640 0.034470 0.027082
28 0.230682 0.324854 0.043939 0.027082
3078 0.230682 0.658694 0.051515 0.027082
126 0.425758 0.478360 0.036364 0.027335
3956 0.688826 0.714250 0.042803 0.027335
70 0.821970 0.682485 0.021970 0.027588
119 0.822159 0.790306 0.022348 0.027588
503 0.626326 0.629587 0.029924 0.027588
104 0.230871 0.845735 0.038258 0.027588
675 0.689962 0.421033 0.042803 0.027588
1887 0.359659 0.297520 0.043561 0.027588
28 0.626515 0.286889 0.044697 0.027588
2091 0.358902 0.358896 0.042045 0.027841
1251 0.493371 0.241078 0.035985 0.028094
51 0.228220 0.788914 0.032955 0.028347
3802 0.889015 0.591749 0.044697 0.028347
111 0.690341 0.527335 0.023106 0.028600
58 0.489583 0.452164 0.029167 0.028600
764 0.422538 0.787522 0.042045 0.028600
721 0.758144 0.227917 0.043561 0.028600
3078 0.561742 0.206657 0.045455 0.028600
78 0.492045 0.507466 0.034848 0.028853
71 0.888826 0.750949 0.040530 0.028853
58 0.493182 0.338269 0.025758 0.029107
2599 0.822348 0.311314 0.031818 0.029360
1107 0.822538 0.399646 0.036742 0.029360
870 0.625189 0.345356 0.041288 0.029613
102 0.889583 0.693875 0.041288 0.029613
71 0.892614 0.324095 0.042803 0.029613
1424 0.762500 0.421033 0.045455 0.029613
1251 0.555871 0.690711 0.034470 0.029866
1251 0.229735 0.687421 0.042803 0.029866
3338 0.361553 0.387117 0.035985 0.030119
1887 0.423485 0.410402 0.041667 0.030119
3779 0.363068 0.226398 0.042803 0.030119
58 0.492235 0.409137 0.042803 0.030119
3779 0.292803 0.374968 0.046970 0.030119
3435 0.425758 0.240445 0.039394 0.030372
70 0.356439 0.847760 0.022727 0.030625
2484 0.357197 0.648570 0.029545 0.030625
70 0.486364 0.772336 0.039394 0.030625
63 0.629735 0.733865 0.040530 0.030625
1977 0.760606 0.368008 0.048485 0.030878
313 0.827841 0.227411 0.041288 0.031131
70 0.624242 0.481397 0.026515 0.031384
3780 0.823485 0.452291 0.043939 0.031384
249 0.424432 0.209441 0.038258 0.031638
3338 0.358902 0.680208 0.039015 0.031638
1874 0.758333 0.340167 0.029545 0.031891
1921 0.623674 0.316882 0.038258 0.031891
63 0.631818 0.254999 0.046970 0.032144
62 0.229735 0.291825 0.036742 0.032397
368 0.888826 0.422425 0.039773 0.032397
2621 0.293182 0.680081 0.034848 0.032903
119 0.689773 0.558719 0.023485 0.033156
313 0.624242 0.555429 0.040909 0.033156
4301 0.628030 0.832321 0.045455 0.033156
4089 0.164015 0.209188 0.048485 0.033156
3758 0.356439 0.816123 0.040152 0.033662
2095 0.826326 0.508479 0.046591 0.033915
998 0.492045 0.209441 0.032576 0.034169
2179 0.890530 0.527461 0.046212 0.034422
119 0.288826 0.598709 0.026136 0.034675
3173 0.889394 0.456087 0.040909 0.034928
322 0.288636 0.432169 0.043939 0.035181
2179 0.891098 0.231587 0.045076 0.035434
4447 0.886932 0.644014 0.034470 0.035687
58 0.556250 0.492407 0.025379 0.036193
4346 0.690909 0.478993 0.034091 0.036193
3338 0.690341 0.592002 0.031439 0.036446
2143 0.754735 0.475829 0.036742 0.036446
1279 0.829545 0.260693 0.049242 0.036446
1286 0.624811 0.804733 0.040530 0.036700
1505 0.824242 0.365983 0.043939 0.036953
2491 0.358333 0.613389 0.040152 0.037712
1579 0.761742 0.261200 0.043182 0.037965
296 0.819697 0.730954 0.043939 0.037965
68 0.696970 0.836117 0.012879 0.038724
4365 0.425379 0.447861 0.040909 0.042268
