246 0.219129 0.331055 0.020833 0.003543
207 0.078598 0.709694 0.015530 0.008099
129 0.228788 0.380790 0.019697 0.008859
207 0.795455 0.693116 0.016667 0.009365
207 0.471780 0.883447 0.018561 0.009365
207 0.206439 0.603138 0.015909 0.010124
92 0.554735 0.817515 0.025379 0.010124
207 0.406629 0.782713 0.017803 0.010377
207 0.665530 0.419008 0.021212 0.010377
1214 0.518561 0.680461 0.021970 0.010377
81 0.160038 0.384966 0.020833 0.010630
207 0.073295 0.202607 0.017045 0.010883
207 0.533902 0.488864 0.018561 0.010883
207 0.470265 0.617692 0.019318 0.010883
52 0.405114 0.332194 0.024621 0.010883
81 0.156250 0.313465 0.025379 0.010883
68 0.132008 0.341939 0.006439 0.011136
207 0.270644 0.750190 0.017045 0.011136
81 0.486932 0.334093 0.018561 0.011136
207 0.076705 0.426221 0.019318 0.011136
207 0.669886 0.760567 0.019318 0.011136
207 0.404735 0.451658 0.018561 0.011390
207 0.600758 0.427107 0.020455 0.011390
56 0.273485 0.779296 0.010606 0.011643
56 0.667045 0.516578 0.018182 0.011643
207 0.793939 0.412048 0.021970 0.011643
207 0.273485 0.480258 0.018939 0.011896
88 0.481818 0.395470 0.023485 0.011896
207 0.340720 0.302202 0.016288 0.012149
207 0.141477 0.574538 0.017803 0.012149
81 0.126326 0.329790 0.023106 0.012149
115 0.162689 0.399139 0.023864 0.012149
52 0.271591 0.852696 0.033333 0.012149
861 0.728977 0.434827 0.034470 0.012149
64 0.552841 0.738674 0.017045 0.012402
207 0.340909 0.549101 0.019697 0.012402
1214 0.469886 0.480511 0.035227 0.012402
127 0.485985 0.407618 0.036364 0.012402
60 0.157576 0.344090 0.021212 0.012908
81 0.661932 0.207416 0.034470 0.012908
85 0.138447 0.793723 0.017803 0.013161
52 0.553220 0.786889 0.023106 0.013161
56 0.482576 0.363452 0.027273 0.013161
98 0.219129 0.394077 0.032197 0.013161
52 0.662689 0.583650 0.032955 0.013161
52 0.339962 0.386231 0.033712 0.013161
52 0.209848 0.272336 0.035606 0.013161
119 0.224621 0.409137 0.012121 0.013414
85 0.556061 0.774108 0.015909 0.013414
127 0.486742 0.435459 0.026515 0.013414
119 0.486932 0.347001 0.013258 0.013667
85 0.407197 0.317894 0.020455 0.013667
88 0.340530 0.512402 0.018182 0.013921
129 0.795265 0.235257 0.026136 0.013921
129 0.213258 0.713111 0.028788 0.013921
85 0.338068 0.706403 0.020833 0.014174
92 0.729167 0.421665 0.031818 0.014174
128 0.273674 0.615161 0.011742 0.014427
66 0.157008 0.359276 0.015530 0.014427
85 0.079735 0.582258 0.015530 0.014427
110 0.547917 0.317261 0.024621 0.014427
52 0.537689 0.640977 0.032197 0.014427
88 0.137311 0.871931 0.016288 0.014680
85 0.408902 0.871425 0.017803 0.014680
60 0.159091 0.414199 0.014394 0.014933
56 0.535606 0.255505 0.015152 0.014933
85 0.665720 0.569350 0.023106 0.014933
88 0.663826 0.246646 0.029924 0.014933
52 0.795833 0.863958 0.031818 0.014933
499 0.728409 0.521767 0.036364 0.014933
128 0.404167 0.491521 0.011364 0.015186
56 0.598295 0.222222 0.014773 0.015186
85 0.665152 0.856998 0.016667 0.015186
85 0.209280 0.203999 0.017803 0.015186
66 0.159091 0.429005 0.018182 0.015186
88 0.141856 0.534422 0.014773 0.015439
93 0.129735 0.356745 0.020076 0.015439
52 0.596970 0.206657 0.037121 0.015439
66 0.547727 0.350797 0.019697 0.015692
64 0.340341 0.400658 0.021591 0.015692
93 0.225189 0.425715 0.023106 0.015692
83 0.403788 0.820552 0.028030 0.015692
57 0.673295 0.475070 0.028409 0.015692
683 0.150568 0.692989 0.029167 0.015692
91 0.205871 0.666414 0.033712 0.015692
88 0.074053 0.389395 0.013258 0.015945
58 0.155871 0.327892 0.016288 0.015945
85 0.271970 0.793850 0.018939 0.015945
85 0.537689 0.625791 0.020076 0.015945
85 0.274432 0.864591 0.013258 0.016198
978 0.729356 0.473804 0.027652 0.016198
110 0.536174 0.504682 0.034470 0.016198
85 0.075758 0.301822 0.015909 0.016452
120 0.271402 0.249937 0.019318 0.016452
60 0.548674 0.333460 0.023106 0.016452
58 0.549432 0.703746 0.024621 0.016452
66 0.797159 0.803974 0.024621 0.016452
1214 0.469508 0.525816 0.032197 0.016452
98 0.549811 0.801949 0.037500 0.016452
81 0.075000 0.221210 0.031818 0.016705
113 0.466667 0.231334 0.040152 0.016705
85 0.342424 0.435206 0.015152 0.016958
88 0.665152 0.384586 0.018182 0.016958
87 0.518939 0.755885 0.019697 0.016958
120 0.665530 0.227917 0.021212 0.016958
87 0.127652 0.373956 0.021970 0.016958
721 0.219508 0.345609 0.023864 0.016958
64 0.206818 0.645786 0.026515 0.016958
300 0.409848 0.888256 0.035606 0.016958
81 0.273485 0.525563 0.037121 0.016958
113 0.402273 0.506834 0.038636 0.016958
81 0.663447 0.434447 0.042045 0.016958
88 0.794697 0.654518 0.021970 0.017211
52 0.075379 0.866869 0.031061 0.017211
98 0.402273 0.346495 0.037121 0.017211
56 0.795644 0.761579 0.037500 0.017211
69 0.667424 0.281701 0.039394 0.017211
127 0.668371 0.300430 0.042803 0.017211
53 0.124242 0.313971 0.010606 0.017464
88 0.404545 0.413946 0.015909 0.017464
66 0.073864 0.281321 0.021212 0.017464
123 0.334659 0.670084 0.022348 0.017464
76 0.728220 0.679195 0.023106 0.017464
126 0.555492 0.722982 0.029924 0.017464
721 0.480303 0.319792 0.031061 0.017464
88 0.793750 0.372817 0.017803 0.017717
88 0.077083 0.676284 0.018561 0.017717
88 0.728598 0.620349 0.022348 0.017717
66 0.137879 0.775500 0.025758 0.017717
127 0.665152 0.263731 0.039394 0.017717
127 0.412311 0.838522 0.048864 0.017717
54 0.728977 0.661731 0.017803 0.017970
88 0.600568 0.389395 0.020076 0.017970
52 0.337879 0.721969 0.030303 0.017970
69 0.487689 0.419767 0.031439 0.017970
93 0.413258 0.853834 0.031818 0.017970
91 0.270265 0.206910 0.035985 0.017970
113 0.336742 0.319033 0.040909 0.017970
82 0.669129 0.529613 0.042803 0.017970
88 0.336364 0.262465 0.014394 0.018223
88 0.733144 0.405467 0.021591 0.018223
60 0.602462 0.444191 0.031439 0.018223
95 0.549432 0.686915 0.033712 0.018223
1214 0.274053 0.336624 0.034470 0.018223
113 0.404356 0.297393 0.039773 0.018223
86 0.413258 0.576057 0.040909 0.018223
127 0.797538 0.273855 0.047348 0.018223
70 0.221402 0.366110 0.017803 0.018476
81 0.141098 0.713870 0.027652 0.018476
721 0.546402 0.297520 0.029167 0.018476
76 0.274242 0.765756 0.034848 0.018476
91 0.270833 0.571881 0.035606 0.018476
113 0.472159 0.680208 0.038258 0.018476
99 0.403977 0.664009 0.047348 0.018476
87 0.225000 0.443938 0.021970 0.018729
113 0.337311 0.653759 0.035227 0.018729
61 0.080871 0.541129 0.037500 0.018729
61 0.214015 0.287016 0.037879 0.018729
127 0.343182 0.689446 0.043939 0.018729
53 0.077652 0.751329 0.012879 0.018983
53 0.272917 0.811060 0.014773 0.018983
85 0.407765 0.623766 0.016288 0.018983
88 0.204735 0.565300 0.017803 0.018983
85 0.599621 0.555682 0.021970 0.018983
85 0.795455 0.848013 0.025000 0.018983
68 0.405303 0.277525 0.030303 0.018983
757 0.483144 0.298785 0.032197 0.018983
68 0.407576 0.801443 0.033333 0.018983
98 0.660606 0.600987 0.039394 0.018983
81 0.795833 0.743230 0.040909 0.018983
85 0.273295 0.631486 0.013258 0.019236
85 0.206818 0.733485 0.017424 0.019236
88 0.534848 0.447229 0.018939 0.019236
300 0.076515 0.320678 0.026515 0.019236
252 0.341098 0.477094 0.028409 0.019236
300 0.475189 0.752721 0.029167 0.019236
68 0.401894 0.207795 0.029545 0.019236
83 0.142424 0.889648 0.033333 0.019236
61 0.604735 0.269552 0.034470 0.019236
113 0.403977 0.227284 0.036742 0.019236
127 0.474053 0.274108 0.039015 0.019236
98 0.072917 0.887117 0.041288 0.019236
85 0.472348 0.731081 0.013636 0.019489
1575 0.139583 0.854594 0.019318 0.019489
117 0.406061 0.644014 0.021212 0.019489
93 0.143750 0.648064 0.028409 0.019489
83 0.339205 0.528094 0.029167 0.019489
3953 0.154735 0.174260 0.032197 0.019489
83 0.663068 0.402809 0.034470 0.019489
88 0.272159 0.712984 0.018561 0.019742
66 0.208144 0.309795 0.026136 0.019742
60 0.137121 0.756011 0.026515 0.019742
2285 0.612311 0.146545 0.029167 0.019742
2216 0.466098 0.148570 0.035985 0.019742
68 0.558523 0.753354 0.007955 0.019995
85 0.077083 0.850797 0.013258 0.019995
88 0.406250 0.745001 0.017803 0.019995
66 0.075947 0.561757 0.023864 0.019995
300 0.274432 0.885219 0.030682 0.019995
69 0.471023 0.253227 0.034470 0.019995
127 0.342992 0.417995 0.040530 0.019995
98 0.338068 0.741458 0.043561 0.019995
88 0.468561 0.576816 0.021970 0.020248
76 0.075568 0.470261 0.024621 0.020248
757 0.545644 0.276892 0.032955 0.020248
1214 0.667235 0.678309 0.035985 0.020248
93 0.141667 0.262339 0.021970 0.020501
90 0.484848 0.379271 0.026515 0.020501
2203 0.667424 0.347634 0.036364 0.020501
83 0.665530 0.744495 0.036364 0.020501
118 0.670265 0.549734 0.018561 0.020754
118 0.792614 0.253860 0.024621 0.020754
83 0.336553 0.282713 0.026136 0.020754
83 0.076894 0.693748 0.032576 0.020754
88 0.663258 0.725386 0.033333 0.020754
51 0.727273 0.834472 0.033333 0.020754
300 0.209280 0.754746 0.035227 0.020754
757 0.795265 0.353581 0.039015 0.020754
53 0.270076 0.230195 0.012879 0.021007
88 0.272348 0.438243 0.018182 0.021007
300 0.342992 0.456973 0.030682 0.021007
1892 0.739205 0.305113 0.031439 0.021007
115 0.137879 0.734371 0.033333 0.021007
68 0.472538 0.659706 0.034470 0.021007
978 0.271970 0.151987 0.034848 0.021007
2203 0.275379 0.676917 0.038636 0.021007
2203 0.603030 0.347127 0.039394 0.021007
68 0.468182 0.210833 0.035606 0.021260
885 0.731629 0.599089 0.048106 0.021260
3078 0.341477 0.496077 0.048864 0.021260
60 0.072917 0.264363 0.020833 0.021514
252 0.075758 0.342065 0.027273 0.021514
83 0.599811 0.409643 0.035227 0.021514
300 0.794886 0.583523 0.035985 0.021514
2203 0.140720 0.836371 0.035985 0.021514
359 0.404356 0.368135 0.038258 0.021514
108 0.203030 0.624525 0.040152 0.021514
53 0.402841 0.526702 0.012500 0.021767
85 0.793939 0.560871 0.015152 0.021767
53 0.798674 0.780562 0.024621 0.021767
53 0.800000 0.824348 0.027273 0.021767
126 0.143939 0.626930 0.040152 0.021767
3865 0.733333 0.452544 0.044697 0.021767
99 0.664962 0.837256 0.045076 0.021767
66 0.532955 0.605290 0.028030 0.022020
83 0.792424 0.676158 0.034091 0.022020
98 0.534280 0.659960 0.040530 0.022020
88 0.471970 0.838775 0.020455 0.022273
720 0.727652 0.724627 0.030303 0.022273
83 0.274242 0.732979 0.030303 0.022273
3735 0.728788 0.641104 0.031061 0.022273
4660 0.156250 0.147051 0.033712 0.022273
978 0.798106 0.329790 0.034091 0.022273
83 0.403409 0.433055 0.035606 0.022273
300 0.079356 0.602126 0.035985 0.022273
105 0.081250 0.730954 0.044318 0.022273
98 0.797159 0.881549 0.044318 0.022273
92 0.531439 0.211972 0.020455 0.022526
66 0.595265 0.293217 0.025379 0.022526
300 0.600379 0.581751 0.032576 0.022526
870 0.536742 0.425082 0.043939 0.022526
119 0.079356 0.519362 0.017045 0.022779
107 0.337879 0.340420 0.027273 0.022779
115 0.074242 0.241458 0.033333 0.022779
81 0.533333 0.235383 0.036364 0.022779
83 0.791477 0.541129 0.036742 0.022779
83 0.074811 0.408504 0.037500 0.022779
289 0.665152 0.175905 0.038636 0.022779
126 0.143182 0.237661 0.038636 0.022779
58 0.404167 0.472918 0.022727 0.023032
83 0.272159 0.459757 0.028409 0.023032
1891 0.667614 0.623007 0.032197 0.023032
3325 0.121591 0.148950 0.033333 0.023032
300 0.138826 0.812326 0.035985 0.023032
2203 0.732008 0.359529 0.038258 0.023032
3731 0.534848 0.401291 0.040152 0.023032
92 0.537121 0.526702 0.026515 0.023285
4700 0.808144 0.147051 0.032197 0.023285
83 0.470833 0.600101 0.036364 0.023285
87 0.076894 0.828398 0.038636 0.023285
61 0.539583 0.581372 0.040530 0.023285
2784 0.728030 0.575550 0.040909 0.023285
77 0.278030 0.835485 0.046970 0.023285
58 0.789394 0.463300 0.026515 0.023538
83 0.794129 0.392685 0.032955 0.023538
83 0.404545 0.764996 0.037879 0.023538
58 0.273106 0.503417 0.021212 0.023791
119 0.668371 0.453556 0.022348 0.023791
83 0.535227 0.466211 0.032576 0.023791
93 0.080682 0.804100 0.033333 0.023791
83 0.205492 0.585421 0.034470 0.023791
126 0.081250 0.494305 0.043561 0.023791
1575 0.663826 0.366616 0.026136 0.024045
3144 0.662689 0.150974 0.031439 0.024045
300 0.272727 0.654138 0.034091 0.024045
83 0.144697 0.554670 0.037121 0.024045
77 0.344129 0.364338 0.040530 0.024045
119 0.727273 0.700582 0.021970 0.024298
92 0.078977 0.447482 0.022348 0.024298
1566 0.271212 0.174133 0.036364 0.024298
119 0.520833 0.778917 0.014394 0.024551
53 0.665341 0.814098 0.020833 0.024551
83 0.470455 0.860921 0.034091 0.024551
2218 0.211174 0.151228 0.039015 0.024551
3385 0.529356 0.175146 0.030682 0.024804
87 0.144129 0.284991 0.033712 0.024804
903 0.274621 0.358643 0.038636 0.024804
78 0.271780 0.595672 0.031439 0.025057
721 0.733333 0.749051 0.033333 0.025057
51 0.139773 0.208681 0.037121 0.025057
53 0.206061 0.224500 0.015152 0.025310
119 0.732386 0.858770 0.020833 0.025310
509 0.143939 0.513288 0.031818 0.025310
90 0.665909 0.496583 0.035606 0.025310
681 0.470644 0.171096 0.036742 0.025310
4486 0.405682 0.392812 0.040909 0.025310
2203 0.795455 0.608707 0.041667 0.025310
28 0.669508 0.322070 0.040530 0.025563
77 0.213636 0.252468 0.043939 0.025563
111 0.402462 0.553531 0.020076 0.025816
61 0.406629 0.249557 0.023106 0.025816
107 0.794697 0.433055 0.023485 0.025816
3144 0.611553 0.172361 0.026894 0.025816
28 0.273106 0.309036 0.039394 0.025816
79 0.345076 0.632245 0.043939 0.025816
346 0.275568 0.386231 0.048106 0.025816
111 0.793750 0.516452 0.020833 0.026069
58 0.600189 0.496457 0.025379 0.026069
28 0.537879 0.374715 0.040909 0.026069
28 0.144318 0.453176 0.043182 0.026069
70 0.206439 0.688940 0.021212 0.026322
1575 0.598295 0.371045 0.027652 0.026322
1575 0.269318 0.698304 0.028030 0.026322
3970 0.807955 0.173627 0.032576 0.026322
126 0.795455 0.490509 0.037879 0.026322
28 0.208523 0.470008 0.040530 0.026322
28 0.471402 0.457732 0.043561 0.026576
96 0.474621 0.637434 0.044697 0.026576
58 0.404735 0.599089 0.023864 0.026829
653 0.336174 0.211086 0.033712 0.026829
28 0.798674 0.301190 0.042045 0.026829
1364 0.080871 0.657049 0.042803 0.026829
2924 0.407576 0.687927 0.045455 0.026829
268 0.666856 0.702733 0.032197 0.027082
3787 0.742992 0.330423 0.032955 0.027082
51 0.139773 0.599342 0.035606 0.027335
87 0.139394 0.669451 0.040152 0.027335
28 0.599053 0.319413 0.044318 0.027335
903 0.474053 0.501898 0.044318 0.027335
1121 0.727841 0.497469 0.039773 0.027588
1189 0.084848 0.629587 0.044697 0.027588
3385 0.519697 0.732220 0.028030 0.027841
3500 0.519318 0.702607 0.029545 0.027841
96 0.341288 0.604404 0.042424 0.027841
3078 0.076515 0.366743 0.043939 0.027841
562 0.731250 0.778537 0.045833 0.027841
4700 0.734091 0.211845 0.046212 0.027841
70 0.792045 0.212225 0.023485 0.028094
4119 0.335417 0.240319 0.046591 0.028094
119 0.539015 0.552518 0.019697 0.028853
101 0.337879 0.575804 0.037121 0.028853
119 0.600568 0.244875 0.032197 0.029107
3500 0.530114 0.148443 0.036742 0.029107
68 0.072917 0.773475 0.008712 0.029360
1575 0.793939 0.633637 0.025758 0.029613
78 0.664583 0.784991 0.031439 0.029613
268 0.470076 0.807770 0.034091 0.029613
2627 0.144508 0.486586 0.036742 0.029613
3945 0.472727 0.778664 0.044697 0.029613
90 0.274811 0.547963 0.034470 0.029866
2844 0.729545 0.806378 0.038636 0.029866
68 0.271023 0.275247 0.008712 0.030119
3381 0.777652 0.150089 0.022727 0.030372
3533 0.581439 0.147937 0.028030 0.030625
752 0.665720 0.880663 0.045833 0.030625
1292 0.735038 0.544546 0.051894 0.030625
1874 0.667045 0.650721 0.025000 0.030878
111 0.601515 0.468869 0.019697 0.031131
102 0.802083 0.717793 0.043561 0.031384
3735 0.276136 0.412554 0.031061 0.032397
2823 0.470833 0.551126 0.043939 0.032650
3970 0.735985 0.241964 0.041667 0.032903
3381 0.730492 0.275753 0.040530 0.033662
1575 0.727462 0.385725 0.026136 0.033915
119 0.600379 0.528600 0.018939 0.034169
3038 0.405303 0.716148 0.037879 0.034169
577 0.205114 0.538977 0.042045 0.034169
47 0.471970 0.704126 0.023485 0.034422
446 0.208333 0.503543 0.039394 0.035181
