246 0.531646 0.645275 0.034522 0.005014
128 0.816839 0.860241 0.007288 0.005766
92 0.676832 0.298696 0.018028 0.006769
169 0.344457 0.809601 0.016878 0.008273
92 0.735712 0.709326 0.029152 0.009777
52 0.676640 0.269992 0.026851 0.010529
92 0.799962 0.557283 0.031070 0.010529
207 0.796701 0.663199 0.019946 0.010780
92 0.128692 0.831161 0.027234 0.010780
92 0.532029 0.737528 0.030687 0.011030
92 0.733026 0.749812 0.033755 0.011532
52 0.651323 0.236525 0.018412 0.011782
207 0.603567 0.723114 0.020330 0.011782
92 0.331415 0.883429 0.032988 0.012033
101 0.397967 0.613938 0.044879 0.012033
52 0.601458 0.813362 0.036057 0.012785
64 0.676448 0.212334 0.014960 0.013036
92 0.124089 0.275758 0.033372 0.013036
207 0.599731 0.433317 0.021097 0.013287
207 0.793057 0.215342 0.020330 0.013537
64 0.792865 0.231637 0.023015 0.013537
52 0.397392 0.599900 0.036057 0.013537
52 0.734944 0.613688 0.036057 0.013537
120 0.059839 0.481700 0.024549 0.013788
598 0.601074 0.340311 0.039893 0.013788
85 0.795742 0.312610 0.021097 0.014039
1173 0.609513 0.134620 0.035290 0.014039
52 0.802839 0.767360 0.036057 0.014039
52 0.731684 0.304838 0.040276 0.014039
85 0.733218 0.674480 0.019563 0.014289
207 0.729191 0.270619 0.023782 0.014289
107 0.813771 0.850338 0.015727 0.014540
87 0.787495 0.813236 0.018412 0.014540
64 0.262562 0.566307 0.019563 0.014540
52 0.793441 0.327902 0.029536 0.014540
81 0.189106 0.301830 0.032221 0.014540
65 0.738780 0.630484 0.032988 0.014540
52 0.259110 0.392454 0.041043 0.014791
85 0.678174 0.282527 0.010740 0.015041
54 0.197737 0.682627 0.018028 0.015041
57 0.262754 0.266232 0.027618 0.015041
81 0.129076 0.612434 0.038742 0.015041
91 0.532029 0.859990 0.032221 0.015292
55 0.797468 0.408749 0.036057 0.015292
95 0.814921 0.813988 0.023399 0.015543
60 0.127925 0.628729 0.040276 0.015543
88 0.060798 0.607546 0.017261 0.015793
85 0.730725 0.319754 0.021481 0.015793
117 0.393556 0.237027 0.022248 0.015793
91 0.461834 0.392204 0.036057 0.015793
87 0.715382 0.361494 0.019179 0.016044
120 0.193709 0.414139 0.023015 0.016044
64 0.729958 0.539233 0.023015 0.016044
120 0.396816 0.566307 0.025700 0.016044
302 0.400844 0.807471 0.040660 0.016044
88 0.459148 0.243043 0.015343 0.016295
88 0.193134 0.615568 0.018796 0.016295
120 0.794975 0.271622 0.019563 0.016295
85 0.598773 0.559413 0.021481 0.016295
123 0.530303 0.268363 0.036440 0.016295
251 0.468930 0.829155 0.038742 0.016295
56 0.259685 0.453121 0.040660 0.016295
98 0.794400 0.344698 0.039125 0.016546
76 0.531070 0.282402 0.023399 0.016796
85 0.397008 0.583981 0.025316 0.016796
52 0.603376 0.853973 0.032988 0.016796
58 0.260261 0.474304 0.026467 0.017047
91 0.464327 0.525946 0.033372 0.017047
91 0.263713 0.835297 0.034139 0.017047
91 0.465286 0.659814 0.036057 0.017047
252 0.396241 0.415142 0.039893 0.017047
251 0.468354 0.677363 0.042194 0.017047
119 0.788071 0.831662 0.013425 0.017298
85 0.397008 0.518802 0.020713 0.017298
64 0.532796 0.578466 0.023015 0.017298
91 0.123897 0.543119 0.037591 0.017298
88 0.122363 0.260717 0.017645 0.017548
1810 0.330265 0.867135 0.017645 0.017548
88 0.729766 0.503886 0.019563 0.017548
66 0.598197 0.450990 0.021097 0.017548
52 0.734369 0.856606 0.028002 0.017548
60 0.596087 0.470795 0.029919 0.017548
881 0.797852 0.473803 0.045263 0.017548
120 0.817990 0.832414 0.012658 0.017799
120 0.393748 0.218225 0.023399 0.017799
91 0.122555 0.314239 0.034906 0.017799
2151 0.196586 0.451868 0.042578 0.017799
251 0.464710 0.602532 0.045646 0.017799
87 0.648638 0.271747 0.018412 0.018050
85 0.062332 0.350213 0.021864 0.018050
1810 0.194093 0.472048 0.022248 0.018050
57 0.333142 0.214590 0.028002 0.018050
91 0.257192 0.305340 0.034139 0.018050
251 0.466053 0.282026 0.038358 0.018050
633 0.194285 0.809727 0.039509 0.018050
115 0.321826 0.233893 0.041427 0.018050
115 0.257768 0.283906 0.036824 0.018300
81 0.064634 0.822888 0.041043 0.018300
259 0.532029 0.220481 0.044496 0.018300
287 0.065209 0.538105 0.051400 0.018300
85 0.262179 0.432439 0.026467 0.018551
72 0.259110 0.326398 0.032605 0.018551
88 0.796318 0.519303 0.019179 0.018802
107 0.057346 0.263099 0.028002 0.018802
67 0.608170 0.743921 0.031837 0.018802
88 0.129459 0.440085 0.034906 0.018802
91 0.130035 0.715593 0.036057 0.018802
2033 0.675489 0.351341 0.040660 0.018802
119 0.470656 0.758335 0.015343 0.019052
1174 0.330456 0.656806 0.035673 0.019052
56 0.262371 0.794685 0.037591 0.019052
1002 0.190449 0.240411 0.047181 0.019052
259 0.395857 0.394084 0.047564 0.019052
85 0.264672 0.586989 0.016110 0.019303
117 0.729382 0.288418 0.021864 0.019303
111 0.192942 0.431687 0.020713 0.019554
253 0.728232 0.459263 0.026467 0.019554
98 0.648063 0.253447 0.028769 0.019554
115 0.263521 0.813738 0.034522 0.019554
2151 0.261987 0.549762 0.036057 0.019554
870 0.123130 0.241665 0.046030 0.019554
642 0.395666 0.788794 0.028769 0.019804
88 0.599156 0.680998 0.032988 0.019804
302 0.328730 0.848709 0.037591 0.019804
68 0.528769 0.322136 0.006521 0.020055
120 0.257576 0.410629 0.022631 0.020055
77 0.677599 0.252695 0.024933 0.020055
57 0.604910 0.517674 0.035290 0.020055
252 0.726314 0.412384 0.036440 0.020055
88 0.264864 0.878666 0.037975 0.020055
1173 0.396433 0.853347 0.038742 0.020055
98 0.731300 0.876159 0.042578 0.020055
98 0.531070 0.560541 0.044879 0.020055
1002 0.129459 0.696666 0.051784 0.020055
91 0.395857 0.438080 0.034522 0.020306
300 0.600307 0.578466 0.034522 0.020306
2150 0.399693 0.741665 0.045263 0.020306
57 0.602608 0.268112 0.048331 0.020306
1927 0.123897 0.294685 0.048331 0.020306
1810 0.399885 0.824016 0.021864 0.020557
76 0.196394 0.701680 0.022248 0.020557
115 0.600499 0.289797 0.034906 0.020557
1083 0.331991 0.790674 0.037208 0.020557
107 0.797660 0.728879 0.019563 0.020807
87 0.058496 0.304462 0.028002 0.020807
60 0.258918 0.346954 0.016878 0.021058
4451 0.742041 0.389571 0.031837 0.021058
83 0.189490 0.216846 0.032221 0.021058
126 0.134062 0.879669 0.032605 0.021058
642 0.329498 0.826523 0.032988 0.021058
88 0.263905 0.768614 0.035290 0.021058
85 0.536632 0.782527 0.015343 0.021309
85 0.602992 0.835172 0.017645 0.021309
107 0.527234 0.302206 0.024166 0.021309
83 0.800537 0.537854 0.027618 0.021309
88 0.796318 0.390699 0.035290 0.021309
83 0.126390 0.813362 0.037208 0.021309
96 0.791139 0.252319 0.037975 0.021309
82 0.598581 0.221735 0.047948 0.021309
111 0.196970 0.634244 0.024166 0.021559
300 0.734369 0.691903 0.034906 0.021559
126 0.731300 0.251191 0.036440 0.021559
83 0.466820 0.778892 0.039125 0.021559
109 0.062524 0.243921 0.045263 0.021559
85 0.068470 0.754700 0.017261 0.021810
975 0.742424 0.363876 0.027234 0.021810
300 0.730150 0.338305 0.029536 0.021810
83 0.732835 0.522813 0.035673 0.021810
126 0.800921 0.645149 0.041427 0.021810
119 0.133295 0.648283 0.015727 0.022061
111 0.064250 0.626473 0.023399 0.022061
87 0.797852 0.429431 0.032988 0.022061
683 0.399885 0.721484 0.040276 0.022061
88 0.533563 0.339433 0.041427 0.022061
126 0.132336 0.591376 0.042194 0.022061
83 0.327004 0.322888 0.042578 0.022061
85 0.535290 0.598020 0.014960 0.022311
87 0.197161 0.494986 0.033755 0.022311
83 0.532413 0.508523 0.034522 0.022311
83 0.597814 0.413011 0.038742 0.022311
51 0.600690 0.201805 0.033755 0.022562
95 0.797852 0.682878 0.034522 0.022562
1821 0.465094 0.332916 0.035673 0.022562
87 0.125240 0.395212 0.034906 0.022813
126 0.132336 0.767486 0.037591 0.022813
119 0.714998 0.382552 0.014576 0.023063
85 0.805140 0.747806 0.016110 0.023063
107 0.790947 0.292805 0.027618 0.023063
3754 0.332950 0.705440 0.032221 0.023063
98 0.599731 0.873903 0.037208 0.023063
287 0.268124 0.601655 0.046797 0.023063
111 0.257768 0.218225 0.019179 0.023314
120 0.801496 0.703309 0.021864 0.023314
322 0.193901 0.756455 0.031837 0.023314
87 0.062332 0.731136 0.032605 0.023314
1891 0.263713 0.855728 0.033372 0.023314
88 0.534522 0.691527 0.037208 0.023314
115 0.598005 0.538105 0.037591 0.023314
3731 0.122555 0.220231 0.044112 0.023314
69 0.068661 0.283780 0.022248 0.023565
83 0.127925 0.460516 0.037975 0.023565
83 0.460299 0.262973 0.039125 0.023565
870 0.597814 0.658812 0.044879 0.023565
53 0.128117 0.790800 0.016110 0.023815
126 0.651707 0.217724 0.026851 0.023815
3674 0.197737 0.589496 0.036440 0.023815
95 0.059839 0.328027 0.039125 0.023815
85 0.467779 0.579845 0.018796 0.024066
83 0.598005 0.702682 0.032988 0.024066
126 0.469122 0.701680 0.035290 0.024066
870 0.533180 0.878165 0.042194 0.024066
1931 0.333142 0.731261 0.046414 0.024066
53 0.189490 0.283404 0.015343 0.024317
69 0.406789 0.346829 0.024166 0.024317
1880 0.063675 0.876285 0.027618 0.024317
83 0.395474 0.369140 0.034522 0.024317
1083 0.464327 0.443595 0.034906 0.024317
3028 0.331799 0.681750 0.042194 0.024317
107 0.259302 0.371522 0.023015 0.024568
78 0.257959 0.245676 0.031070 0.024568
98 0.602417 0.766859 0.041811 0.024568
3078 0.734177 0.482828 0.043728 0.024568
126 0.335251 0.536726 0.044496 0.024568
2255 0.402378 0.461770 0.049866 0.024568
53 0.062332 0.802331 0.014960 0.024818
111 0.060990 0.435071 0.025316 0.024818
86 0.135021 0.416270 0.029919 0.024818
1831 0.796318 0.367887 0.034522 0.024818
88 0.599540 0.391451 0.036057 0.024818
2996 0.569237 0.140261 0.036824 0.024818
1892 0.412543 0.667461 0.037208 0.024818
2508 0.195819 0.560165 0.041043 0.024818
1083 0.262179 0.745801 0.026467 0.025069
126 0.530303 0.444723 0.035673 0.025069
4440 0.466053 0.221359 0.049866 0.025069
118 0.603184 0.493231 0.024933 0.025320
3868 0.611814 0.161319 0.034522 0.025320
126 0.737054 0.832414 0.041043 0.025320
344 0.532413 0.805841 0.043728 0.025320
975 0.807250 0.873903 0.054085 0.025570
70 0.060414 0.461394 0.023399 0.025821
1083 0.130802 0.854224 0.028385 0.025821
87 0.263329 0.650664 0.035673 0.025821
4064 0.397967 0.322011 0.038742 0.025821
3787 0.411968 0.693783 0.041427 0.025821
359 0.602800 0.603785 0.046414 0.025821
870 0.060606 0.585736 0.047564 0.025821
68 0.262562 0.497869 0.008055 0.026072
83 0.131185 0.671346 0.036057 0.026072
88 0.331799 0.481825 0.037591 0.026072
495 0.468930 0.877413 0.047181 0.026072
126 0.266782 0.624593 0.041043 0.026322
28 0.601074 0.317247 0.042961 0.026322
2989 0.471040 0.852219 0.046030 0.026322
395 0.529919 0.245300 0.050249 0.026322
53 0.676448 0.232890 0.013425 0.026573
119 0.649405 0.295813 0.015343 0.026573
53 0.056578 0.221108 0.020330 0.026573
119 0.397967 0.634244 0.027234 0.026573
3868 0.530495 0.389571 0.035290 0.026573
122 0.731684 0.653547 0.036440 0.026573
95 0.804181 0.789672 0.037975 0.026573
119 0.393939 0.259087 0.020713 0.026824
126 0.067511 0.778015 0.037591 0.026824
2189 0.467395 0.418025 0.040276 0.026824
3868 0.400269 0.876661 0.036440 0.027074
3936 0.529536 0.363249 0.045646 0.027074
3078 0.733985 0.437453 0.051784 0.027074
70 0.601074 0.792805 0.023782 0.027325
2197 0.674914 0.322261 0.029536 0.027325
77 0.736095 0.592003 0.041427 0.027325
87 0.397200 0.542241 0.029536 0.027576
126 0.329689 0.257959 0.042578 0.027576
344 0.463560 0.471547 0.044112 0.027576
1831 0.333142 0.510529 0.038742 0.027827
2794 0.531454 0.535598 0.047181 0.027827
3256 0.134062 0.740411 0.051784 0.027827
70 0.333142 0.595387 0.026467 0.028077
1921 0.059647 0.558035 0.035673 0.028077
126 0.193901 0.358737 0.038742 0.028077
870 0.194668 0.836049 0.040276 0.028077
1375 0.127158 0.565054 0.043345 0.028077
1935 0.124089 0.335422 0.045646 0.028077
1880 0.533180 0.624969 0.026084 0.028579
1831 0.733218 0.729255 0.041811 0.028579
4486 0.598197 0.629732 0.045646 0.028579
111 0.534906 0.757207 0.024933 0.028829
3868 0.469122 0.803585 0.031454 0.028829
111 0.260069 0.526698 0.023782 0.029080
1879 0.399885 0.764603 0.026467 0.029080
3735 0.197545 0.660817 0.032988 0.029080
2178 0.331607 0.452745 0.049482 0.029080
58 0.594361 0.246052 0.024166 0.029331
3381 0.330840 0.762221 0.041043 0.029331
1251 0.797468 0.499248 0.042194 0.029331
2996 0.529536 0.418526 0.042578 0.029331
4451 0.736671 0.803585 0.052551 0.029331
119 0.194476 0.727501 0.018412 0.029581
296 0.189490 0.327150 0.026084 0.029581
69 0.268700 0.679243 0.018796 0.029832
1833 0.794208 0.579719 0.035673 0.029832
69 0.811661 0.454249 0.018412 0.030083
3806 0.533372 0.667335 0.044879 0.030083
3868 0.530111 0.833417 0.029919 0.030333
4447 0.730150 0.222738 0.041043 0.030333
1063 0.066360 0.704437 0.046030 0.030584
1977 0.130418 0.519930 0.049866 0.030584
119 0.193901 0.521309 0.020330 0.030835
1831 0.535098 0.712585 0.036824 0.030835
126 0.194668 0.264352 0.047181 0.030835
3868 0.462601 0.499875 0.033755 0.031085
111 0.194668 0.784282 0.028002 0.031336
378 0.400460 0.492981 0.049099 0.031336
3906 0.600115 0.366257 0.041811 0.031587
4124 0.329306 0.385059 0.051016 0.031587
4122 0.330073 0.350088 0.051016 0.031838
2599 0.127733 0.489220 0.033755 0.032339
2293 0.330456 0.629606 0.038742 0.032339
322 0.065209 0.406744 0.052167 0.032339
83 0.059839 0.375533 0.026851 0.032590
1833 0.731684 0.772374 0.031837 0.032590
3868 0.465094 0.551266 0.035673 0.032590
296 0.067127 0.846954 0.042194 0.032840
53 0.732835 0.565806 0.018796 0.033091
4447 0.796701 0.613938 0.042961 0.033091
1229 0.464135 0.305841 0.043728 0.033091
1871 0.191408 0.388945 0.036824 0.033342
4447 0.334676 0.564929 0.051016 0.033342
685 0.199655 0.869391 0.041811 0.033592
2795 0.464327 0.364377 0.044879 0.034344
1126 0.329689 0.418025 0.038742 0.034846
1959 0.123514 0.365756 0.038358 0.035097
322 0.399310 0.290674 0.042961 0.035849
2438 0.532796 0.478566 0.035290 0.037102
1229 0.466628 0.631236 0.044112 0.037603
3381 0.263905 0.712459 0.024549 0.039108
2438 0.325278 0.292555 0.039893 0.039609
3876 0.469313 0.732640 0.034906 0.039860
296 0.060606 0.508899 0.036824 0.040110
1055 0.063291 0.664202 0.042194 0.048383
