246 0.236618 0.292560 0.023274 0.003531
246 0.354732 0.315259 0.032196 0.005044
92 0.638867 0.330895 0.021722 0.009079
85 0.424748 0.606936 0.019395 0.009836
64 0.424748 0.596721 0.019395 0.010088
101 0.357642 0.272636 0.044996 0.011097
207 0.218580 0.495712 0.020559 0.011349
207 0.218968 0.804792 0.019007 0.011602
207 0.621994 0.473897 0.018231 0.012106
92 0.423972 0.529634 0.031032 0.012106
207 0.621218 0.845271 0.020559 0.012358
92 0.221490 0.222825 0.036462 0.012358
64 0.554888 0.781589 0.018231 0.012610
207 0.553918 0.735687 0.020946 0.012610
207 0.083786 0.579823 0.023274 0.012610
207 0.084950 0.201387 0.022498 0.012863
92 0.218580 0.841236 0.035299 0.012863
92 0.692397 0.442245 0.036462 0.012863
64 0.557797 0.418159 0.019395 0.013115
207 0.694725 0.661791 0.019395 0.013115
207 0.152638 0.657251 0.020559 0.013115
207 0.083592 0.367718 0.022110 0.013115
207 0.155159 0.392938 0.022498 0.013115
207 0.556633 0.618537 0.020171 0.013367
207 0.689876 0.398865 0.023662 0.013367
207 0.558379 0.342749 0.023662 0.013619
85 0.556051 0.840479 0.016680 0.013871
120 0.610939 0.255233 0.013964 0.014124
88 0.555469 0.307314 0.011637 0.014376
88 0.556439 0.574401 0.012801 0.014376
120 0.827580 0.349433 0.020559 0.014880
52 0.288402 0.443506 0.027541 0.014880
85 0.690458 0.844893 0.017067 0.015132
64 0.557215 0.234048 0.025213 0.015132
52 0.358223 0.728121 0.039953 0.015132
52 0.756594 0.568348 0.031420 0.015385
598 0.489139 0.855612 0.038014 0.015385
120 0.427269 0.803783 0.022110 0.015637
85 0.493406 0.681084 0.015516 0.015889
683 0.566912 0.718411 0.032196 0.015889
52 0.424360 0.844010 0.034135 0.015889
85 0.825252 0.802774 0.016680 0.016141
85 0.692591 0.480706 0.019007 0.016141
52 0.826222 0.586003 0.034911 0.016393
52 0.624127 0.578310 0.030256 0.016646
120 0.290535 0.317654 0.020946 0.016898
64 0.694725 0.709332 0.023274 0.016898
120 0.826416 0.546658 0.023662 0.016898
91 0.288402 0.607188 0.031420 0.016898
86 0.363266 0.801639 0.032971 0.016898
91 0.625291 0.732030 0.034911 0.016898
61 0.153413 0.751198 0.038402 0.016898
85 0.558379 0.435687 0.015128 0.017402
683 0.704034 0.773644 0.031032 0.017402
721 0.235842 0.309836 0.031808 0.017402
1173 0.426106 0.707062 0.037626 0.017402
65 0.630528 0.511223 0.029868 0.017654
52 0.688518 0.860782 0.030256 0.017654
66 0.552560 0.799369 0.018231 0.017907
881 0.627036 0.347415 0.021334 0.017907
88 0.642358 0.240984 0.029480 0.017907
683 0.432894 0.256873 0.030256 0.017907
91 0.824088 0.694704 0.032196 0.017907
85 0.290923 0.427238 0.019395 0.018159
120 0.358029 0.257251 0.021722 0.018159
88 0.354732 0.360404 0.035299 0.018159
88 0.762413 0.228499 0.040729 0.018159
98 0.825834 0.602774 0.042669 0.018159
85 0.288402 0.481841 0.019783 0.018411
120 0.359969 0.465195 0.021722 0.018411
60 0.487393 0.445145 0.011249 0.018663
109 0.644880 0.286255 0.035299 0.018663
88 0.087471 0.862169 0.014352 0.018916
85 0.424554 0.346406 0.019007 0.018916
76 0.492048 0.513619 0.023662 0.018916
86 0.702095 0.727743 0.025601 0.018916
98 0.759116 0.276040 0.044220 0.018916
56 0.625485 0.492812 0.040729 0.019168
85 0.423584 0.512358 0.020171 0.019420
120 0.760279 0.524212 0.022498 0.019420
52 0.556439 0.857881 0.030644 0.019420
72 0.218192 0.858638 0.032971 0.019420
98 0.286462 0.461160 0.040729 0.019420
99 0.558573 0.500757 0.042669 0.019420
60 0.493988 0.309458 0.011249 0.019672
108 0.692979 0.458008 0.014352 0.019672
88 0.622382 0.804035 0.016680 0.019672
111 0.555275 0.454477 0.019007 0.019672
252 0.623933 0.619924 0.025989 0.019672
547 0.154383 0.800757 0.038790 0.019672
88 0.216253 0.765322 0.015128 0.019924
88 0.083786 0.329004 0.018619 0.019924
98 0.755625 0.587516 0.037238 0.019924
56 0.221877 0.204666 0.040341 0.019924
56 0.360163 0.513871 0.042281 0.019924
85 0.827967 0.566709 0.016680 0.020177
88 0.692009 0.379319 0.021722 0.020177
98 0.623545 0.597226 0.042281 0.020177
108 0.618309 0.883102 0.015516 0.020429
86 0.223041 0.548172 0.033359 0.020429
98 0.686967 0.882093 0.039566 0.020429
56 0.220520 0.821564 0.040729 0.020429
88 0.623157 0.424968 0.021334 0.020681
870 0.090574 0.744767 0.038402 0.020681
870 0.154383 0.844388 0.044996 0.020681
81 0.826610 0.502018 0.036462 0.020933
83 0.156323 0.884615 0.036462 0.020933
88 0.154189 0.865448 0.036850 0.020933
1810 0.758728 0.423455 0.021722 0.021185
108 0.222265 0.266078 0.022498 0.021185
91 0.609387 0.300126 0.022498 0.021185
3157 0.151668 0.822951 0.037238 0.021185
120 0.085725 0.223581 0.024050 0.021438
83 0.622188 0.823077 0.031032 0.021438
56 0.698216 0.208449 0.041893 0.021438
88 0.691234 0.615385 0.018619 0.021690
110 0.358029 0.567718 0.029480 0.021690
98 0.556245 0.879445 0.044996 0.021690
88 0.152638 0.610719 0.018231 0.021942
88 0.359387 0.417528 0.029092 0.021942
83 0.555081 0.324716 0.030256 0.021942
83 0.086889 0.880832 0.032583 0.021942
978 0.689682 0.794578 0.036462 0.021942
88 0.488557 0.834678 0.038402 0.021942
83 0.554306 0.596721 0.030256 0.022194
83 0.083204 0.348550 0.030644 0.022194
91 0.491272 0.261034 0.032971 0.022194
110 0.625291 0.537201 0.035687 0.022194
88 0.086113 0.536444 0.037238 0.022194
2203 0.558379 0.555359 0.038402 0.022194
117 0.085337 0.416520 0.020171 0.022446
87 0.612102 0.235183 0.024825 0.022446
88 0.827773 0.399369 0.037238 0.022446
4032 0.087859 0.839975 0.039178 0.022446
108 0.219744 0.882219 0.015904 0.022699
2707 0.422614 0.230769 0.025989 0.022699
978 0.612490 0.211097 0.027153 0.022699
83 0.424748 0.684237 0.029480 0.022699
110 0.697052 0.267087 0.035687 0.022699
88 0.356866 0.636948 0.031032 0.022951
72 0.219162 0.241236 0.035687 0.022951
88 0.493018 0.602144 0.038014 0.022951
126 0.428821 0.823329 0.041505 0.022951
91 0.488945 0.398487 0.032196 0.023203
88 0.220132 0.475914 0.037626 0.023203
88 0.426299 0.649433 0.038014 0.023203
87 0.157292 0.706179 0.039953 0.023203
87 0.757176 0.610971 0.027153 0.023455
87 0.492048 0.423077 0.031420 0.023455
2503 0.224205 0.173392 0.041893 0.023455
126 0.831652 0.370996 0.038014 0.023707
683 0.828549 0.881463 0.041893 0.023707
870 0.220520 0.451198 0.043832 0.023707
60 0.423390 0.628625 0.018231 0.023960
91 0.419317 0.579445 0.033359 0.023960
87 0.827192 0.824338 0.036074 0.023960
503 0.625291 0.559647 0.025601 0.024212
253 0.087665 0.278941 0.031032 0.024212
109 0.153995 0.731652 0.042669 0.024212
53 0.623351 0.864187 0.011637 0.024464
111 0.610357 0.276545 0.014352 0.024464
287 0.611327 0.321942 0.026377 0.024464
83 0.086889 0.555485 0.031808 0.024464
87 0.087859 0.443001 0.033747 0.024464
87 0.090186 0.657125 0.034523 0.024464
4564 0.222459 0.150694 0.036074 0.024464
88 0.157486 0.347919 0.041893 0.024464
69 0.086695 0.391803 0.047711 0.024464
86 0.769395 0.365700 0.031420 0.024716
88 0.828937 0.232282 0.034911 0.024716
1174 0.222265 0.334678 0.036462 0.024716
356 0.491660 0.491047 0.042281 0.024716
870 0.626649 0.401009 0.045384 0.024716
90 0.558185 0.759899 0.045772 0.024716
769 0.625679 0.753720 0.037238 0.024968
88 0.356478 0.884111 0.038014 0.024968
88 0.494763 0.462421 0.039953 0.024968
126 0.764352 0.546406 0.039953 0.024968
90 0.559154 0.396343 0.043832 0.024968
1410 0.221296 0.361034 0.050039 0.024968
68 0.424942 0.731904 0.007370 0.025221
87 0.427657 0.781841 0.029868 0.025221
95 0.828549 0.451198 0.039566 0.025221
83 0.689488 0.637957 0.032196 0.025473
70 0.155935 0.679319 0.032583 0.025473
4652 0.490690 0.286633 0.036462 0.025473
1892 0.285299 0.716898 0.036850 0.025473
1762 0.491078 0.575158 0.037238 0.025473
104 0.761637 0.253090 0.038402 0.025473
752 0.557215 0.478815 0.044608 0.025473
331 0.154189 0.549433 0.048487 0.025473
3211 0.694143 0.558512 0.050039 0.025473
87 0.288984 0.659269 0.030256 0.025725
87 0.356478 0.233544 0.032583 0.025725
126 0.359969 0.706683 0.035687 0.025725
88 0.762995 0.446658 0.039566 0.025725
4122 0.291893 0.370113 0.046160 0.025977
83 0.149922 0.633796 0.031420 0.026230
253 0.158262 0.292560 0.034135 0.026230
83 0.154189 0.370870 0.032196 0.026482
83 0.218192 0.787516 0.034523 0.026482
330 0.827386 0.329004 0.034911 0.026482
96 0.089022 0.630895 0.043057 0.026482
90 0.560124 0.211223 0.048099 0.026482
70 0.289372 0.294830 0.021722 0.026734
95 0.426687 0.865322 0.034135 0.026734
4689 0.642746 0.310719 0.036462 0.026734
685 0.155935 0.265069 0.038014 0.026734
126 0.292475 0.340227 0.041117 0.026734
104 0.828937 0.425473 0.041117 0.026734
1826 0.761249 0.472888 0.041505 0.026734
685 0.220132 0.676923 0.041505 0.026734
2523 0.490303 0.373518 0.048875 0.026734
74 0.086889 0.602396 0.023274 0.026986
87 0.761443 0.341866 0.029480 0.026986
126 0.359969 0.488903 0.040341 0.026986
59 0.560512 0.821564 0.044220 0.026986
70 0.641583 0.263808 0.017843 0.027238
83 0.621800 0.447919 0.030256 0.027238
51 0.356090 0.443884 0.031808 0.027238
3806 0.358805 0.336192 0.044220 0.027238
70 0.692979 0.530013 0.023662 0.027491
70 0.493212 0.705044 0.024438 0.027491
78 0.356866 0.779950 0.029480 0.027491
119 0.084174 0.250063 0.031808 0.027491
28 0.696082 0.294956 0.041505 0.027491
3232 0.826028 0.718663 0.043057 0.027491
111 0.358417 0.541488 0.021722 0.027743
2597 0.085337 0.472636 0.032583 0.027743
4164 0.155159 0.320555 0.035687 0.027743
126 0.831071 0.476671 0.038402 0.027743
28 0.220714 0.391173 0.042669 0.027743
68 0.438324 0.882093 0.007758 0.027995
71 0.765128 0.500504 0.036850 0.027995
333 0.555857 0.674527 0.046548 0.027995
4330 0.492242 0.805801 0.029480 0.028247
3347 0.553336 0.642875 0.034523 0.028247
2220 0.355508 0.859521 0.042281 0.028247
268 0.696858 0.324968 0.037626 0.028499
721 0.489721 0.659647 0.041505 0.028499
364 0.626843 0.371122 0.041893 0.028499
4327 0.686385 0.821564 0.043057 0.028499
119 0.693755 0.752585 0.017455 0.028752
119 0.217029 0.577806 0.018231 0.028752
2224 0.088441 0.774023 0.038790 0.028752
4038 0.557409 0.526608 0.041117 0.028752
2833 0.695306 0.503657 0.047711 0.028752
685 0.628588 0.676545 0.039178 0.029004
119 0.424554 0.407314 0.016680 0.029256
119 0.353957 0.826482 0.018231 0.029256
3435 0.490109 0.775536 0.032196 0.029256
3806 0.289372 0.631274 0.045772 0.029256
3078 0.089798 0.304414 0.049263 0.029256
119 0.286656 0.686885 0.017843 0.029508
2152 0.157292 0.208449 0.046160 0.029508
119 0.826028 0.850694 0.017455 0.029760
58 0.422614 0.752837 0.028317 0.029760
62 0.827773 0.525095 0.034135 0.029760
249 0.487975 0.879193 0.038014 0.029760
90 0.695888 0.684111 0.046548 0.030013
3779 0.290535 0.234426 0.047324 0.030013
68 0.437355 0.676923 0.010473 0.030265
53 0.691621 0.422320 0.014740 0.030517
4646 0.551978 0.696469 0.020946 0.030517
870 0.695306 0.354224 0.039178 0.030517
2621 0.490497 0.629130 0.041505 0.030517
2887 0.291505 0.544136 0.049263 0.030517
1894 0.555275 0.258764 0.029868 0.030769
2709 0.288596 0.509962 0.031808 0.030769
1251 0.154965 0.520807 0.045384 0.030769
119 0.152638 0.776166 0.018231 0.031021
74 0.359193 0.751702 0.020946 0.031021
126 0.831265 0.295208 0.038014 0.031021
268 0.221102 0.423707 0.037238 0.031274
2220 0.085725 0.719546 0.041117 0.031274
577 0.693367 0.585624 0.041505 0.031274
3078 0.625873 0.649685 0.046160 0.031274
2488 0.557215 0.287894 0.046936 0.031526
119 0.489139 0.541488 0.017843 0.031778
998 0.154577 0.488777 0.037626 0.031778
2215 0.357060 0.389660 0.040729 0.031778
2152 0.220132 0.740227 0.042281 0.031778
2215 0.647207 0.215006 0.037626 0.032030
2259 0.554694 0.366583 0.041893 0.032030
4650 0.824476 0.668222 0.045384 0.032030
87 0.156711 0.455485 0.030256 0.032282
3322 0.830683 0.262295 0.039953 0.032282
4689 0.493600 0.232535 0.047711 0.032282
717 0.288014 0.266078 0.051590 0.032282
4122 0.221296 0.647037 0.048487 0.032535
111 0.698216 0.237074 0.029480 0.032787
126 0.827386 0.750063 0.036462 0.032787
4689 0.698798 0.166709 0.046160 0.032787
1251 0.157099 0.240984 0.041117 0.033039
4660 0.426493 0.283102 0.050039 0.033039
1921 0.218386 0.706179 0.034135 0.033291
4501 0.089410 0.686129 0.047711 0.033544
70 0.219356 0.520303 0.025213 0.033796
313 0.217611 0.610088 0.038014 0.033796
4660 0.423002 0.445397 0.041505 0.033796
4646 0.290341 0.401261 0.042281 0.034300
4660 0.424748 0.550820 0.044996 0.034300
574 0.825640 0.635057 0.039178 0.034805
1871 0.421257 0.372636 0.041893 0.035057
1354 0.826998 0.783859 0.036462 0.035309
3158 0.290341 0.579571 0.039953 0.035309
2152 0.629364 0.705801 0.039953 0.035561
68 0.356672 0.289281 0.007370 0.035813
4330 0.356478 0.671248 0.037238 0.036066
1018 0.419899 0.315511 0.043832 0.036318
111 0.761055 0.395334 0.025601 0.036570
249 0.492436 0.743127 0.025989 0.036570
74 0.153995 0.420555 0.027153 0.036570
1785 0.086695 0.505170 0.039953 0.036822
119 0.759310 0.643380 0.020559 0.037327
1250 0.625097 0.782219 0.036850 0.038083
707 0.156129 0.579697 0.045384 0.038083
957 0.491078 0.338209 0.038014 0.039344
2249 0.089798 0.808449 0.043832 0.040101
1018 0.422033 0.481715 0.044996 0.041362
4361 0.762995 0.309079 0.039566 0.042119
2776 0.357060 0.604792 0.046936 0.042371
3787 0.285105 0.755233 0.046548 0.043127
