169 0.453788 0.262971 0.012879 0.004556
169 0.188068 0.362440 0.014773 0.005062
246 0.576894 0.608454 0.031818 0.005062
92 0.307955 0.308656 0.025758 0.009365
92 0.575947 0.382561 0.027652 0.009365
92 0.506818 0.451152 0.029545 0.009365
128 0.371780 0.887244 0.010227 0.010377
92 0.572538 0.772336 0.024621 0.010377
92 0.242235 0.479372 0.031439 0.010630
91 0.626136 0.786257 0.024242 0.010883
101 0.578220 0.511769 0.048864 0.011136
52 0.109091 0.270438 0.028788 0.011390
297 0.305303 0.699949 0.040152 0.011390
52 0.658712 0.808656 0.025758 0.011643
92 0.371212 0.511010 0.027273 0.011643
93 0.242992 0.412301 0.032955 0.011643
92 0.657955 0.752341 0.021212 0.011896
52 0.435985 0.845229 0.030303 0.011896
85 0.374811 0.245254 0.017803 0.012149
300 0.107197 0.335358 0.020455 0.012149
207 0.639583 0.551632 0.018561 0.012402
54 0.519886 0.875854 0.026136 0.012402
85 0.625000 0.809922 0.013636 0.012655
52 0.439205 0.655277 0.026894 0.012655
108 0.625568 0.797646 0.012500 0.012908
98 0.625568 0.842192 0.027652 0.012908
85 0.302273 0.858011 0.017424 0.013161
92 0.508333 0.255252 0.030303 0.013414
85 0.371970 0.596811 0.016667 0.013667
85 0.435606 0.830423 0.017424 0.013667
76 0.175379 0.850671 0.021970 0.013667
81 0.626136 0.756770 0.022727 0.013667
88 0.659091 0.723741 0.012879 0.013921
300 0.120644 0.320046 0.020076 0.013921
128 0.241477 0.449000 0.008712 0.014174
91 0.238636 0.553531 0.029545 0.014174
52 0.368750 0.477601 0.029924 0.014174
66 0.625189 0.740192 0.013258 0.014427
2595 0.436742 0.751076 0.034091 0.014427
126 0.436742 0.874336 0.039394 0.014427
2151 0.653030 0.688940 0.025758 0.014680
83 0.628030 0.708302 0.021212 0.014933
88 0.174811 0.438370 0.016288 0.015186
66 0.236364 0.767401 0.018182 0.015186
66 0.640341 0.586181 0.018561 0.015186
120 0.242992 0.271071 0.019318 0.015186
91 0.301705 0.808783 0.029167 0.015439
52 0.237121 0.813845 0.031061 0.015439
98 0.105871 0.284105 0.032955 0.015439
81 0.573295 0.832321 0.035227 0.015439
85 0.656629 0.791192 0.018561 0.015692
1810 0.111742 0.443432 0.018939 0.015692
120 0.574811 0.549228 0.022348 0.015692
72 0.373674 0.205518 0.029167 0.015692
91 0.105303 0.667679 0.030303 0.015692
127 0.307576 0.227031 0.036364 0.015692
98 0.236553 0.829663 0.038258 0.015692
85 0.244318 0.236269 0.015152 0.015945
88 0.302841 0.601999 0.020076 0.015945
251 0.112311 0.379018 0.034470 0.015945
3760 0.440530 0.889269 0.043182 0.015945
66 0.241288 0.376107 0.018182 0.016198
83 0.568182 0.889395 0.028788 0.016198
91 0.107576 0.631992 0.030303 0.016198
91 0.506439 0.527208 0.034848 0.016198
82 0.373295 0.807897 0.043561 0.016198
64 0.639962 0.208175 0.019318 0.016452
120 0.374242 0.740699 0.022727 0.016452
105 0.629924 0.724247 0.028788 0.016452
81 0.238258 0.784738 0.034848 0.016452
91 0.302083 0.686282 0.035227 0.016452
98 0.434848 0.859909 0.040909 0.016452
85 0.375189 0.462161 0.015530 0.016705
66 0.241098 0.517590 0.015530 0.016705
108 0.303220 0.825361 0.019318 0.016705
83 0.659091 0.738041 0.028030 0.016705
91 0.110795 0.461149 0.033712 0.016705
81 0.638636 0.604657 0.034848 0.016705
83 0.306629 0.888636 0.036742 0.016705
85 0.578598 0.495697 0.012500 0.016958
85 0.112311 0.255505 0.014015 0.016958
85 0.439205 0.639205 0.014773 0.016958
85 0.641667 0.620982 0.015909 0.016958
300 0.178409 0.374715 0.026515 0.016958
248 0.574242 0.626297 0.033333 0.016958
92 0.656061 0.822323 0.012879 0.017211
88 0.508712 0.602632 0.016667 0.017211
287 0.179545 0.261200 0.043182 0.017211
85 0.307008 0.241331 0.017803 0.017464
683 0.375947 0.288914 0.034470 0.017464
356 0.173485 0.835105 0.040909 0.017464
85 0.172159 0.606429 0.009470 0.017717
118 0.111553 0.704885 0.020076 0.017717
300 0.505492 0.791951 0.022348 0.017717
91 0.637311 0.451784 0.031439 0.017717
683 0.237879 0.679322 0.043939 0.017717
85 0.372917 0.555935 0.014015 0.017970
85 0.505682 0.773349 0.015909 0.017970
87 0.623674 0.824222 0.016288 0.017970
120 0.176136 0.242091 0.017424 0.017970
120 0.304356 0.476462 0.018561 0.017970
1810 0.576326 0.646292 0.019318 0.017970
90 0.653030 0.276006 0.032576 0.017970
88 0.641856 0.886738 0.035227 0.017970
98 0.370265 0.495191 0.037500 0.017970
251 0.836174 0.395470 0.041288 0.017970
85 0.625947 0.770185 0.013258 0.018223
85 0.244129 0.464186 0.015530 0.018223
81 0.239205 0.536067 0.032955 0.018223
88 0.372159 0.355733 0.016288 0.018476
117 0.575189 0.257783 0.017045 0.018476
88 0.637689 0.513414 0.017803 0.018476
2411 0.106629 0.860921 0.034470 0.018476
683 0.511932 0.438497 0.035985 0.018476
85 0.109848 0.301190 0.012879 0.018729
85 0.508902 0.324728 0.014015 0.018729
117 0.175189 0.207036 0.020076 0.018729
117 0.503977 0.812326 0.015530 0.018983
1579 0.656250 0.706783 0.027652 0.018983
83 0.373674 0.678436 0.030682 0.018983
88 0.239583 0.595925 0.032197 0.018983
91 0.302652 0.558466 0.033333 0.018983
91 0.303030 0.747785 0.033333 0.018983
683 0.174242 0.747532 0.040152 0.018983
85 0.507197 0.237408 0.013636 0.019236
119 0.302462 0.875475 0.015530 0.019236
126 0.308712 0.378132 0.031818 0.019236
83 0.242045 0.612250 0.034091 0.019236
68 0.240152 0.254366 0.039394 0.019236
83 0.440152 0.448114 0.030303 0.019489
83 0.369318 0.843710 0.031818 0.019489
88 0.175568 0.814857 0.035227 0.019489
91 0.574242 0.594913 0.036364 0.019489
252 0.636364 0.493040 0.032576 0.019742
83 0.173295 0.455328 0.035985 0.019742
1214 0.577462 0.452544 0.036742 0.019742
1834 0.110606 0.649456 0.043939 0.019742
66 0.368561 0.872058 0.021212 0.019995
85 0.575568 0.844090 0.014015 0.020248
70 0.305114 0.454315 0.020076 0.020248
111 0.510227 0.622880 0.020455 0.020248
71 0.660038 0.842065 0.022348 0.020248
683 0.100758 0.549987 0.022727 0.020248
62 0.370833 0.826120 0.034848 0.020248
126 0.441288 0.403442 0.035606 0.020248
126 0.378030 0.615540 0.037121 0.020248
126 0.440909 0.730954 0.039394 0.020248
1762 0.176705 0.886611 0.043561 0.020248
68 0.586742 0.887497 0.006818 0.020501
111 0.239962 0.659200 0.015530 0.020501
88 0.110227 0.743483 0.031818 0.020501
105 0.644508 0.568843 0.035985 0.020501
126 0.177462 0.530625 0.040530 0.020501
127 0.510417 0.371425 0.042045 0.020501
121 0.175758 0.227411 0.043939 0.020501
300 0.308144 0.260947 0.027652 0.020754
3760 0.179356 0.344723 0.039773 0.020754
66 0.572917 0.811060 0.017045 0.021007
66 0.241288 0.431157 0.019697 0.021007
3325 0.305492 0.765502 0.036742 0.021007
105 0.577462 0.789294 0.039015 0.021007
68 0.625568 0.689952 0.004924 0.021260
278 0.837689 0.367502 0.023864 0.021260
87 0.107197 0.685143 0.026515 0.021260
720 0.111174 0.424196 0.033712 0.021260
126 0.241477 0.725892 0.039773 0.021260
119 0.108333 0.532144 0.012879 0.021514
110 0.641856 0.229942 0.028409 0.021514
979 0.175758 0.395470 0.031818 0.021514
870 0.640720 0.380283 0.039015 0.021514
518 0.304167 0.787269 0.040152 0.021514
89 0.505492 0.885219 0.043561 0.021514
870 0.576515 0.237661 0.038636 0.021767
126 0.441477 0.519615 0.043561 0.021767
85 0.239205 0.798152 0.017045 0.022020
2677 0.440720 0.469375 0.026136 0.022020
509 0.575379 0.755885 0.032576 0.022020
88 0.243750 0.884207 0.036742 0.022020
126 0.376894 0.761453 0.037121 0.022020
979 0.642614 0.402303 0.038258 0.022020
126 0.306439 0.840673 0.038636 0.022020
119 0.169697 0.868388 0.020455 0.022273
70 0.242424 0.290686 0.021212 0.022526
111 0.172917 0.725259 0.021591 0.022526
87 0.107576 0.510124 0.027273 0.022526
95 0.107386 0.723741 0.036742 0.022526
3731 0.509091 0.391673 0.038636 0.022526
2824 0.178977 0.289674 0.044318 0.022526
1646 0.641288 0.865477 0.046970 0.022526
105 0.240530 0.748165 0.041667 0.022779
2983 0.657386 0.771071 0.029167 0.023032
3157 0.576136 0.401038 0.032576 0.023032
83 0.639583 0.533915 0.035985 0.023032
3298 0.175379 0.677423 0.045455 0.023032
119 0.375758 0.227031 0.018939 0.023285
87 0.576326 0.475323 0.028409 0.023285
978 0.576326 0.308023 0.032197 0.023285
870 0.111174 0.399899 0.033712 0.023285
564 0.107955 0.235383 0.034091 0.023285
2203 0.644508 0.357884 0.036742 0.023285
105 0.245265 0.496583 0.039773 0.023285
2590 0.737879 0.309795 0.040909 0.023285
757 0.374242 0.640597 0.040909 0.023285
117 0.650758 0.254746 0.017424 0.023538
2897 0.174432 0.416983 0.031439 0.023538
70 0.177083 0.627816 0.033712 0.023538
121 0.244318 0.395216 0.037879 0.023538
95 0.442614 0.675146 0.040530 0.023538
2489 0.837689 0.212984 0.042045 0.023538
68 0.374053 0.657808 0.006439 0.023791
70 0.641667 0.663629 0.021212 0.023791
68 0.506629 0.832068 0.007955 0.024045
1880 0.241098 0.354467 0.022348 0.024045
3735 0.506439 0.856112 0.031818 0.024045
2983 0.176326 0.479499 0.037500 0.024045
3298 0.112500 0.209694 0.043939 0.024045
126 0.508523 0.678815 0.032197 0.024298
2983 0.171591 0.768160 0.032576 0.024298
2833 0.571780 0.866363 0.038258 0.024298
750 0.372348 0.412301 0.040909 0.024298
79 0.310417 0.207416 0.033712 0.024551
70 0.572727 0.700835 0.015152 0.024804
564 0.169697 0.700582 0.038636 0.024804
752 0.508523 0.275373 0.039015 0.024804
1814 0.106250 0.575930 0.026136 0.025057
4260 0.374621 0.337256 0.037879 0.025057
2833 0.641667 0.640471 0.038636 0.025057
2989 0.174811 0.793343 0.041288 0.025057
1799 0.509659 0.549228 0.033712 0.025310
1831 0.241288 0.636548 0.034848 0.025310
516 0.304924 0.431030 0.035606 0.025310
395 0.375189 0.311820 0.039773 0.025310
121 0.375947 0.724880 0.045076 0.025310
1880 0.372727 0.265629 0.025758 0.025563
1354 0.438826 0.426095 0.029167 0.025563
1831 0.114583 0.356745 0.032197 0.025563
567 0.373106 0.702227 0.038636 0.025563
119 0.575000 0.281448 0.025758 0.025816
3153 0.243939 0.573019 0.029545 0.025816
721 0.371212 0.786636 0.037879 0.025816
2983 0.442235 0.494938 0.040530 0.026069
111 0.574053 0.572260 0.023106 0.026322
87 0.509848 0.349785 0.028788 0.026322
4435 0.441856 0.345229 0.039773 0.026322
2233 0.305682 0.581751 0.039394 0.026576
28 0.643561 0.299291 0.040909 0.026576
1932 0.443939 0.315869 0.043182 0.026829
3414 0.107955 0.803974 0.034091 0.027082
3813 0.107008 0.483295 0.041288 0.027082
2989 0.174621 0.505315 0.042424 0.027082
4727 0.575758 0.427234 0.034848 0.027335
1087 0.302652 0.722602 0.034848 0.027335
3829 0.575189 0.210580 0.037500 0.027335
3414 0.106250 0.883447 0.038258 0.027588
2983 0.644886 0.168691 0.039773 0.027588
3780 0.574621 0.528980 0.040909 0.027841
3414 0.303030 0.625664 0.040909 0.027841
3298 0.176326 0.554796 0.042045 0.027841
1887 0.507576 0.470008 0.042424 0.027841
2887 0.645265 0.427234 0.045076 0.027841
1871 0.304167 0.533789 0.046212 0.027841
1921 0.439583 0.211719 0.027652 0.028094
3050 0.306629 0.355986 0.038258 0.028094
932 0.374621 0.576943 0.040152 0.028094
3014 0.374621 0.383574 0.043182 0.028094
325 0.174432 0.651481 0.039773 0.028347
3754 0.508333 0.578461 0.036364 0.028600
836 0.371970 0.438750 0.037879 0.028600
1562 0.578977 0.365730 0.039773 0.028853
71 0.512879 0.302835 0.028030 0.029107
3414 0.437689 0.773095 0.037500 0.029107
2351 0.440341 0.546317 0.038258 0.029107
1250 0.639583 0.474057 0.029924 0.029360
2983 0.238258 0.703113 0.033333 0.029360
4329 0.441477 0.242470 0.042045 0.029360
752 0.840530 0.305998 0.043939 0.029360
505 0.572917 0.729309 0.018561 0.029613
870 0.509091 0.415211 0.036364 0.029613
1814 0.305114 0.503290 0.036742 0.029613
564 0.172917 0.585801 0.036742 0.029613
2833 0.841856 0.273602 0.044318 0.029866
2036 0.740152 0.345735 0.053788 0.029866
4435 0.838258 0.242091 0.040909 0.030119
4336 0.441288 0.287649 0.041667 0.030119
1831 0.309470 0.287396 0.035606 0.030625
2983 0.507386 0.211465 0.036742 0.030625
296 0.440341 0.373956 0.039015 0.030625
3482 0.175000 0.318021 0.039394 0.030625
4587 0.508523 0.501266 0.040530 0.030625
1784 0.577273 0.674260 0.040909 0.030878
325 0.307197 0.328018 0.041667 0.030878
3014 0.375947 0.532270 0.046591 0.031384
1871 0.305492 0.403316 0.037500 0.031638
2853 0.509848 0.651354 0.047727 0.031638
2994 0.438447 0.704126 0.035985 0.031891
1267 0.840341 0.337763 0.046591 0.032650
4089 0.643182 0.330296 0.046212 0.032903
3414 0.507386 0.709314 0.038258 0.033156
3510 0.440720 0.806125 0.043561 0.034422
3510 0.508902 0.747279 0.042803 0.034675
3510 0.307197 0.657808 0.038636 0.034928
1871 0.105682 0.605669 0.040152 0.035434
296 0.241288 0.320425 0.036364 0.035940
3510 0.440530 0.615287 0.037121 0.035940
3510 0.111174 0.836244 0.040530 0.036953
1228 0.575947 0.335991 0.039015 0.037206
296 0.239962 0.856619 0.034470 0.038724
3414 0.439015 0.582131 0.041667 0.040496
