246 0.639683 0.201872 0.032844 0.004048
246 0.842349 0.205667 0.034003 0.004048
246 0.505023 0.202251 0.037094 0.006324
92 0.759080 0.802555 0.024343 0.007842
56 0.830178 0.782444 0.006569 0.008601
92 0.633694 0.539843 0.025502 0.008601
101 0.773764 0.638123 0.045981 0.008854
92 0.504057 0.405388 0.028207 0.009360
92 0.771059 0.336580 0.029753 0.009360
92 0.368045 0.647483 0.027434 0.009866
92 0.835008 0.502277 0.033230 0.009866
93 0.770093 0.648621 0.033230 0.011131
113 0.762558 0.847711 0.034389 0.014672
85 0.629250 0.853150 0.018161 0.014925
63 0.711360 0.291045 0.027048 0.014925
88 0.773764 0.319378 0.017388 0.015937
120 0.431994 0.816974 0.017002 0.016443
113 0.633114 0.643435 0.039026 0.016443
108 0.497488 0.663294 0.011978 0.016696
120 0.501159 0.735897 0.018547 0.016696
88 0.575348 0.464584 0.016229 0.016949
52 0.437597 0.443840 0.037481 0.016949
2151 0.704019 0.356565 0.037867 0.016949
91 0.838485 0.373893 0.037094 0.017202
56 0.307960 0.232229 0.040958 0.017202
91 0.502512 0.576904 0.032844 0.017455
83 0.770866 0.472047 0.030912 0.017708
98 0.831723 0.630660 0.039799 0.017708
118 0.637558 0.685429 0.017774 0.017961
88 0.835394 0.486339 0.019320 0.017961
91 0.638331 0.472300 0.033230 0.018214
68 0.774150 0.547306 0.005023 0.018467
120 0.500386 0.873134 0.022411 0.018467
88 0.505023 0.291804 0.033230 0.018467
56 0.372875 0.467114 0.040185 0.018467
978 0.431801 0.743739 0.038253 0.018720
85 0.436824 0.696813 0.013524 0.018973
120 0.438756 0.671009 0.020479 0.018973
91 0.499227 0.641665 0.032457 0.018973
91 0.436824 0.537440 0.035162 0.018973
87 0.502318 0.854035 0.028594 0.019226
91 0.367079 0.731596 0.034003 0.019226
81 0.769513 0.451556 0.040572 0.019226
683 0.832303 0.827220 0.050232 0.019226
91 0.436051 0.359600 0.032071 0.019479
2151 0.505023 0.232988 0.040185 0.019732
118 0.378864 0.486592 0.017388 0.019985
60 0.760626 0.783329 0.018934 0.019985
91 0.773570 0.234126 0.034003 0.019985
88 0.640263 0.335568 0.037867 0.019985
87 0.706530 0.491272 0.034389 0.020238
252 0.637944 0.450164 0.033230 0.020491
2423 0.436437 0.302176 0.039026 0.020491
109 0.772411 0.566279 0.042504 0.020491
91 0.838679 0.434860 0.033617 0.020744
78 0.761012 0.829497 0.025116 0.021250
3754 0.829791 0.873767 0.035162 0.021250
88 0.702859 0.601062 0.035549 0.021250
118 0.369977 0.848596 0.018161 0.021503
93 0.441847 0.489881 0.028207 0.021503
83 0.575541 0.290159 0.028980 0.021756
91 0.702473 0.403997 0.032457 0.021756
88 0.573609 0.522388 0.037481 0.021756
68 0.501739 0.716418 0.040572 0.021756
757 0.628091 0.872755 0.044436 0.021756
60 0.437790 0.463572 0.016229 0.022009
107 0.635433 0.665191 0.016615 0.022009
83 0.831917 0.680116 0.035549 0.022009
92 0.370363 0.446496 0.014297 0.022262
119 0.705371 0.512775 0.017388 0.022262
98 0.705178 0.233241 0.034776 0.022262
2748 0.773184 0.494055 0.047141 0.022262
85 0.640842 0.289274 0.011206 0.022515
978 0.499034 0.827852 0.041345 0.022515
539 0.106646 0.350240 0.041731 0.022515
2489 0.640263 0.521123 0.050232 0.022768
111 0.432573 0.718062 0.018161 0.023020
123 0.831337 0.766253 0.036708 0.023273
1799 0.832883 0.848722 0.039026 0.023273
335 0.636206 0.428029 0.041345 0.023273
111 0.637365 0.312547 0.016615 0.023526
1879 0.434312 0.589805 0.025502 0.023526
85 0.769900 0.617506 0.012751 0.023779
111 0.834235 0.609664 0.018547 0.023779
2593 0.505796 0.549203 0.029366 0.023779
769 0.636978 0.400708 0.032071 0.023779
126 0.439335 0.620794 0.034003 0.023779
4440 0.769513 0.728561 0.045981 0.023779
70 0.637172 0.707184 0.043277 0.024032
4344 0.434699 0.871869 0.043277 0.024032
1585 0.369977 0.362257 0.032071 0.024285
870 0.638717 0.265621 0.032457 0.024285
95 0.703825 0.466228 0.039026 0.024285
127 0.368045 0.871490 0.039799 0.024285
3050 0.436437 0.649127 0.043663 0.024285
316 0.640842 0.496079 0.049073 0.024285
68 0.578246 0.264230 0.011978 0.024538
111 0.768354 0.429421 0.014297 0.024538
1579 0.840417 0.344548 0.038640 0.024791
531 0.704405 0.626360 0.040185 0.024791
2750 0.371716 0.333165 0.041731 0.024791
70 0.568393 0.577916 0.020866 0.025044
51 0.636399 0.622439 0.030912 0.025044
60 0.363988 0.626107 0.015456 0.025297
70 0.433733 0.795851 0.020479 0.025297
70 0.505216 0.353908 0.021252 0.025297
126 0.377318 0.544903 0.036708 0.025297
126 0.839258 0.583101 0.038640 0.025297
1006 0.702280 0.378700 0.043663 0.025297
3732 0.504057 0.521376 0.043663 0.025297
3754 0.437210 0.387174 0.035935 0.025550
4646 0.768354 0.700607 0.036708 0.025550
2489 0.103941 0.214900 0.047913 0.025550
870 0.437983 0.233241 0.034389 0.025803
2707 0.838872 0.462307 0.028594 0.026056
1879 0.761785 0.757526 0.029753 0.026056
395 0.509467 0.493423 0.047527 0.026056
3283 0.630989 0.802176 0.023184 0.026309
1579 0.505796 0.381988 0.040958 0.026309
1762 0.579212 0.440046 0.051777 0.026562
60 0.438369 0.514293 0.022025 0.026815
2593 0.571291 0.377941 0.031298 0.026815
126 0.373648 0.388313 0.036321 0.026815
2233 0.771445 0.296737 0.036708 0.026815
2190 0.508114 0.461675 0.037867 0.026815
3799 0.439142 0.415887 0.044436 0.026815
1831 0.700927 0.573741 0.046368 0.026815
53 0.754637 0.868834 0.017774 0.027068
126 0.833076 0.739565 0.026275 0.027068
120 0.843509 0.315836 0.030912 0.027068
76 0.769900 0.592588 0.033617 0.027068
3231 0.575348 0.316342 0.040958 0.027068
1559 0.435471 0.769163 0.041731 0.027068
368 0.703246 0.540982 0.045595 0.027068
74 0.371136 0.571591 0.023570 0.027574
118 0.371716 0.599418 0.024730 0.027574
71 0.703053 0.658108 0.027434 0.027574
3849 0.367658 0.757273 0.045981 0.027574
3754 0.634853 0.563370 0.034776 0.027827
3799 0.637172 0.593600 0.039413 0.028080
70 0.572257 0.408550 0.023184 0.028333
62 0.835201 0.654693 0.026662 0.028333
3829 0.639876 0.235517 0.043277 0.028333
3338 0.768354 0.672907 0.039026 0.028839
3084 0.507728 0.263850 0.040185 0.028839
2833 0.103555 0.287630 0.042504 0.028839
2155 0.441267 0.563370 0.044822 0.028839
126 0.502512 0.691880 0.045981 0.028839
2425 0.631182 0.830003 0.045981 0.028839
717 0.574382 0.236403 0.044436 0.029092
111 0.368431 0.786238 0.044436 0.029345
70 0.500193 0.762585 0.021252 0.029598
4397 0.635433 0.733494 0.025889 0.029598
1188 0.437597 0.332026 0.032071 0.029598
1870 0.371136 0.301543 0.040572 0.029851
1306 0.497875 0.793448 0.042890 0.030104
118 0.774923 0.524159 0.022025 0.030357
126 0.776662 0.401467 0.036321 0.030357
783 0.504830 0.428029 0.041345 0.030357
4064 0.572257 0.347711 0.040958 0.030610
2266 0.371136 0.705414 0.046754 0.030610
68 0.369590 0.235138 0.005023 0.031116
973 0.565301 0.647989 0.027048 0.031116
71 0.373261 0.512396 0.040958 0.031116
752 0.104134 0.320390 0.043663 0.031116
4435 0.703053 0.433848 0.041345 0.031369
4435 0.101430 0.251328 0.044436 0.031622
1831 0.828439 0.708576 0.028594 0.031875
2615 0.115340 0.420187 0.038253 0.031875
2161 0.373261 0.267392 0.040185 0.031875
2468 0.574768 0.492537 0.040572 0.031875
296 0.434312 0.842272 0.039413 0.032127
378 0.102202 0.380597 0.045209 0.032127
51 0.366692 0.821907 0.029366 0.032380
111 0.378478 0.418163 0.036708 0.032380
4118 0.438756 0.270048 0.042890 0.032633
53 0.705564 0.261068 0.012365 0.032886
3807 0.774343 0.262585 0.038640 0.032886
81 0.831723 0.804705 0.039799 0.033392
2250 0.571291 0.550721 0.040572 0.033392
68 0.566267 0.681128 0.007342 0.034657
1354 0.840224 0.244751 0.032844 0.035163
268 0.638717 0.366304 0.029366 0.035416
3438 0.501159 0.321401 0.030912 0.036175
3657 0.368238 0.673286 0.042504 0.036175
296 0.568779 0.611055 0.028594 0.037693
1871 0.839451 0.403112 0.042117 0.038199
957 0.632921 0.769036 0.036321 0.039970
296 0.503478 0.606754 0.031685 0.041235
81 0.706723 0.321022 0.032457 0.044523
68 0.305448 0.266380 0.008114 0.047559
