246 0.425189 0.219691 0.023106 0.004050
246 0.216856 0.848646 0.038258 0.004556
207 0.411174 0.731207 0.018561 0.009618
207 0.821212 0.242850 0.018182 0.010377
128 0.549621 0.619337 0.014394 0.010630
207 0.286742 0.426981 0.018182 0.010630
166 0.231250 0.857125 0.010227 0.010883
113 0.353977 0.218552 0.036742 0.010883
297 0.553409 0.402303 0.037879 0.010883
207 0.222159 0.415844 0.017045 0.011136
57 0.165720 0.643761 0.027652 0.011390
120 0.423864 0.340420 0.018939 0.011643
64 0.356439 0.254366 0.021212 0.012149
207 0.882576 0.719691 0.020455 0.012402
52 0.289205 0.572134 0.027652 0.012402
92 0.613068 0.888762 0.029167 0.012402
207 0.881629 0.450266 0.017045 0.012655
52 0.221023 0.582637 0.032197 0.012655
861 0.218182 0.810681 0.037121 0.012655
598 0.883333 0.860415 0.042424 0.012908
60 0.348485 0.649329 0.013636 0.013414
85 0.288068 0.442799 0.018561 0.013414
52 0.750568 0.524551 0.035985 0.013414
1810 0.620265 0.328018 0.021591 0.013667
85 0.547159 0.707795 0.017045 0.013921
85 0.618371 0.575930 0.019318 0.013921
251 0.352273 0.430144 0.032576 0.013921
102 0.687879 0.303341 0.047727 0.013921
56 0.751515 0.538092 0.014394 0.014174
88 0.813258 0.856998 0.018182 0.014174
1173 0.486174 0.346748 0.030682 0.014174
91 0.413447 0.888636 0.033712 0.014174
52 0.879167 0.768287 0.039394 0.014427
120 0.689015 0.290559 0.016667 0.014680
85 0.612311 0.814224 0.018561 0.014680
85 0.819886 0.329790 0.020833 0.014680
93 0.159470 0.445204 0.031818 0.014680
881 0.685038 0.740066 0.032955 0.014680
1892 0.488636 0.869274 0.028030 0.014933
356 0.812879 0.871552 0.037121 0.014933
56 0.615341 0.783726 0.038258 0.014933
287 0.483712 0.817135 0.044697 0.014933
88 0.817614 0.457353 0.017803 0.015186
86 0.222159 0.712984 0.031439 0.015186
287 0.553409 0.887370 0.040152 0.015186
85 0.749621 0.582005 0.019697 0.015439
64 0.545833 0.604784 0.025758 0.015439
300 0.625568 0.225639 0.029167 0.015439
91 0.749811 0.719944 0.032955 0.015439
56 0.752083 0.491395 0.035227 0.015439
248 0.224053 0.203619 0.036742 0.015439
85 0.616477 0.659580 0.017803 0.015692
85 0.220265 0.569223 0.018561 0.015692
76 0.156629 0.660592 0.019318 0.015692
52 0.747917 0.598076 0.032955 0.015692
91 0.216098 0.649456 0.035227 0.015692
1867 0.683712 0.692736 0.035606 0.015692
56 0.549621 0.676284 0.037121 0.015692
127 0.885985 0.264996 0.040152 0.015692
68 0.219697 0.770058 0.008333 0.015945
76 0.749242 0.507340 0.027273 0.015945
91 0.688636 0.205644 0.034848 0.015945
88 0.215530 0.753733 0.021212 0.016198
91 0.418939 0.381169 0.032576 0.016198
73 0.887879 0.249051 0.038636 0.016198
127 0.885417 0.486206 0.042803 0.016198
88 0.881250 0.681220 0.017045 0.016452
88 0.488447 0.258289 0.017803 0.016452
120 0.620076 0.495444 0.021212 0.016452
88 0.616667 0.443559 0.021970 0.016452
76 0.878220 0.751835 0.029167 0.016452
73 0.824811 0.287902 0.039773 0.016452
85 0.626515 0.206530 0.016667 0.016705
85 0.481061 0.829157 0.018182 0.016705
88 0.157197 0.538598 0.018939 0.016705
98 0.286364 0.587193 0.043182 0.016705
85 0.880871 0.822197 0.014773 0.016958
91 0.682197 0.516958 0.032576 0.016958
91 0.480114 0.776133 0.034470 0.016958
113 0.222727 0.455961 0.039394 0.016958
127 0.887311 0.230448 0.042803 0.016958
120 0.552083 0.566439 0.017045 0.017211
4032 0.747159 0.864844 0.026894 0.017211
68 0.290152 0.203240 0.037879 0.017211
56 0.881061 0.735510 0.040909 0.017211
85 0.416477 0.673121 0.017803 0.017464
91 0.479167 0.695140 0.035606 0.017464
88 0.684280 0.805492 0.035985 0.017464
56 0.880114 0.782080 0.016288 0.017717
91 0.681061 0.757024 0.037121 0.017717
91 0.481439 0.454189 0.032576 0.017970
91 0.542992 0.839661 0.032955 0.017970
978 0.688826 0.422804 0.034470 0.017970
113 0.290341 0.223108 0.036742 0.017970
88 0.622159 0.369147 0.036742 0.017970
88 0.617235 0.763478 0.039015 0.017970
127 0.420265 0.872564 0.048106 0.017970
85 0.881818 0.587699 0.014394 0.018223
85 0.288636 0.553531 0.023485 0.018223
60 0.226326 0.262465 0.028409 0.018223
91 0.348485 0.558087 0.031061 0.018223
68 0.354356 0.203493 0.038258 0.018223
98 0.746212 0.616553 0.040909 0.018223
82 0.753220 0.428246 0.048106 0.018223
60 0.158523 0.329916 0.013258 0.018476
117 0.486553 0.279296 0.017803 0.018476
85 0.880492 0.502784 0.018561 0.018476
119 0.546591 0.727790 0.021212 0.018476
123 0.228220 0.281827 0.023864 0.018476
300 0.552841 0.656163 0.029924 0.018476
300 0.883902 0.840420 0.029924 0.018476
91 0.810417 0.814604 0.032197 0.018476
683 0.421212 0.204379 0.043182 0.018476
127 0.291098 0.458492 0.043561 0.018476
683 0.414583 0.715642 0.043561 0.018476
66 0.883712 0.283219 0.019697 0.018729
88 0.345644 0.601620 0.029167 0.018729
683 0.415152 0.834472 0.035606 0.018729
83 0.817803 0.889395 0.036364 0.018729
2489 0.550379 0.585421 0.042424 0.018729
88 0.285417 0.389648 0.017803 0.018983
91 0.810795 0.661478 0.029924 0.018983
300 0.617614 0.593394 0.030682 0.018983
683 0.750758 0.669324 0.044697 0.018983
552 0.758523 0.267780 0.030682 0.019236
300 0.552652 0.360921 0.031061 0.019236
88 0.750000 0.824854 0.038636 0.019236
85 0.357765 0.292205 0.015530 0.019489
300 0.882576 0.607062 0.029545 0.019489
56 0.880871 0.469375 0.036742 0.019489
127 0.619886 0.795621 0.049621 0.019489
88 0.222348 0.377120 0.013636 0.019742
88 0.816856 0.205771 0.017803 0.019742
88 0.482955 0.523159 0.020455 0.019742
85 0.553030 0.340420 0.021970 0.019742
2203 0.355682 0.357884 0.037121 0.019742
87 0.358333 0.272463 0.028788 0.019995
2678 0.156439 0.255252 0.029545 0.019995
757 0.684280 0.442799 0.035227 0.019995
3787 0.490152 0.886738 0.036364 0.019995
2151 0.483523 0.544546 0.037500 0.019995
108 0.216098 0.694887 0.045076 0.019995
107 0.218750 0.524171 0.023106 0.020248
87 0.159280 0.605669 0.032955 0.020248
77 0.233144 0.224247 0.043561 0.020248
88 0.882765 0.409390 0.018561 0.020501
117 0.747159 0.339281 0.023864 0.020501
300 0.482386 0.848519 0.027652 0.020501
300 0.357386 0.311693 0.032197 0.020501
119 0.154924 0.465831 0.032576 0.020501
83 0.221402 0.396988 0.034470 0.020501
2597 0.224053 0.330929 0.035227 0.020501
359 0.557197 0.384586 0.040152 0.020501
119 0.748485 0.360668 0.016667 0.020754
92 0.156061 0.583144 0.020455 0.020754
1959 0.211174 0.141483 0.028409 0.020754
3338 0.279735 0.141736 0.030682 0.020754
1894 0.687311 0.464946 0.032197 0.020754
83 0.155871 0.490003 0.032955 0.020754
287 0.614205 0.639838 0.034470 0.020754
1927 0.684280 0.620096 0.040530 0.020754
92 0.288447 0.507340 0.019318 0.021007
107 0.417045 0.548848 0.021212 0.021007
2940 0.237879 0.172488 0.028030 0.021007
88 0.156629 0.204126 0.028409 0.021007
2414 0.310606 0.141104 0.029545 0.021007
300 0.819697 0.348393 0.033333 0.021007
2151 0.817803 0.385852 0.036364 0.021007
88 0.550758 0.636421 0.037879 0.021007
127 0.231629 0.245128 0.042045 0.021007
92 0.415152 0.596305 0.022727 0.021260
88 0.752273 0.317388 0.034091 0.021260
2203 0.885606 0.364718 0.043182 0.021260
63 0.420455 0.854214 0.045455 0.021260
83 0.620833 0.390407 0.028030 0.021514
87 0.689205 0.272463 0.032197 0.021514
83 0.748295 0.471653 0.036742 0.021514
84 0.226515 0.503290 0.037879 0.021514
2784 0.350189 0.536446 0.043561 0.021514
98 0.217614 0.599975 0.046591 0.021514
721 0.686364 0.226778 0.034091 0.021767
83 0.820833 0.501392 0.036364 0.021767
87 0.421402 0.321058 0.029167 0.022020
78 0.291856 0.245634 0.035227 0.022020
83 0.748864 0.381549 0.037879 0.022020
2152 0.358523 0.334978 0.038258 0.022020
2590 0.816288 0.523159 0.029545 0.022273
83 0.879924 0.700329 0.038636 0.022273
2489 0.485985 0.501898 0.049242 0.022273
119 0.816856 0.307137 0.017045 0.022526
2590 0.548485 0.521260 0.025000 0.022526
300 0.417045 0.693875 0.029545 0.022526
83 0.215341 0.790812 0.039015 0.022526
119 0.213447 0.732220 0.017045 0.022779
118 0.418750 0.571754 0.024621 0.022779
1880 0.621970 0.278157 0.025000 0.022779
87 0.685985 0.567451 0.030303 0.022779
83 0.818561 0.226019 0.031061 0.022779
83 0.483523 0.327259 0.034470 0.022779
118 0.417803 0.620476 0.022727 0.023032
648 0.746970 0.844723 0.028788 0.023032
330 0.159848 0.558466 0.034091 0.023032
4196 0.901515 0.176538 0.035606 0.023032
547 0.217235 0.830802 0.038258 0.023032
127 0.552273 0.689572 0.043182 0.023032
68 0.154356 0.681853 0.006439 0.023285
53 0.352462 0.236143 0.015530 0.023285
78 0.222727 0.435586 0.030303 0.023285
83 0.286364 0.409517 0.031061 0.023285
721 0.415152 0.524930 0.031061 0.023285
492 0.814205 0.791951 0.040530 0.023285
1894 0.354924 0.379271 0.030303 0.023538
3325 0.684091 0.486586 0.036364 0.023538
59 0.292045 0.530878 0.038636 0.023538
757 0.418939 0.500759 0.043939 0.023538
105 0.295076 0.480511 0.044697 0.023538
60 0.481061 0.643381 0.013636 0.023791
87 0.549811 0.544672 0.032197 0.023791
83 0.882008 0.431536 0.034470 0.023791
1251 0.223864 0.351557 0.036364 0.023791
2601 0.482576 0.622880 0.040909 0.023791
4346 0.412311 0.779296 0.042045 0.023791
121 0.156250 0.629208 0.042803 0.023791
1762 0.751515 0.801822 0.043182 0.023791
560 0.482955 0.797520 0.043939 0.023791
1880 0.689205 0.249684 0.025379 0.024045
4651 0.311364 0.170210 0.033333 0.024045
2846 0.352273 0.480005 0.042424 0.024045
4070 0.903409 0.149709 0.032576 0.024551
3468 0.747917 0.887750 0.035985 0.024551
885 0.813636 0.440268 0.046212 0.024551
60 0.286364 0.270058 0.015909 0.024804
2590 0.418561 0.296887 0.021212 0.024804
119 0.880871 0.799291 0.028409 0.024804
81 0.159848 0.309289 0.038636 0.024804
2523 0.810227 0.767148 0.040152 0.024804
53 0.222538 0.477727 0.012500 0.025057
121 0.882765 0.209694 0.022348 0.025057
648 0.679545 0.825487 0.031061 0.025057
119 0.221780 0.547330 0.031439 0.025057
126 0.485795 0.596684 0.040530 0.025057
699 0.554167 0.209061 0.021970 0.025310
4182 0.812879 0.743103 0.040152 0.025310
53 0.883523 0.305113 0.014015 0.025563
111 0.421023 0.358770 0.019318 0.025563
1880 0.749242 0.774361 0.030303 0.025563
90 0.156439 0.422551 0.043939 0.025563
3381 0.614015 0.865351 0.028030 0.025816
119 0.484280 0.301696 0.029924 0.025816
721 0.750189 0.405720 0.033712 0.025816
750 0.816477 0.603138 0.039773 0.025816
4070 0.557576 0.261200 0.041667 0.025816
2489 0.617235 0.617059 0.046591 0.025816
3806 0.558523 0.234624 0.049621 0.025816
119 0.684091 0.593521 0.030303 0.026322
62 0.749621 0.450013 0.031818 0.026322
70 0.818750 0.548216 0.036742 0.026322
1375 0.813258 0.837003 0.038636 0.026322
437 0.350189 0.580613 0.040530 0.026322
28 0.885038 0.339661 0.042045 0.026322
3381 0.549432 0.751835 0.026894 0.026576
3381 0.550568 0.315490 0.033712 0.026576
1306 0.684848 0.395976 0.040152 0.026576
1774 0.161742 0.230448 0.043939 0.026576
4700 0.421591 0.405340 0.043939 0.026576
330 0.817992 0.477854 0.029924 0.026829
867 0.351515 0.451784 0.037121 0.026829
75 0.623485 0.681346 0.038636 0.026829
840 0.487121 0.477854 0.040909 0.026829
2189 0.686364 0.667932 0.043182 0.026829
1880 0.349242 0.671096 0.021970 0.027082
119 0.751136 0.557707 0.029545 0.027082
1831 0.623485 0.306378 0.037121 0.027082
1894 0.624242 0.349658 0.038636 0.027082
28 0.223485 0.305492 0.040909 0.027335
560 0.486553 0.431030 0.042803 0.027335
492 0.488258 0.370539 0.043182 0.027335
781 0.681061 0.717666 0.040909 0.027588
28 0.289962 0.300810 0.042803 0.027588
4196 0.558333 0.285624 0.043939 0.027588
1880 0.814015 0.715515 0.025758 0.027841
1880 0.752083 0.292837 0.026894 0.027841
721 0.488068 0.237155 0.033712 0.027841
781 0.481629 0.718552 0.038258 0.027841
781 0.616098 0.518603 0.039773 0.027841
3906 0.880492 0.883321 0.040530 0.027841
90 0.819508 0.265249 0.046591 0.027841
1880 0.553977 0.450899 0.023106 0.028094
3381 0.871023 0.150974 0.028409 0.028094
2856 0.411742 0.751076 0.040152 0.028094
4301 0.290909 0.366616 0.043182 0.028094
322 0.484280 0.670843 0.048864 0.028094
505 0.488068 0.208555 0.021591 0.028347
648 0.756818 0.244495 0.028788 0.028347
1831 0.687121 0.359656 0.040909 0.028347
119 0.881061 0.528094 0.028788 0.028600
1218 0.681818 0.641989 0.036364 0.028600
2191 0.821591 0.576183 0.040152 0.028600
3322 0.214205 0.669198 0.023864 0.028853
119 0.612311 0.837763 0.030682 0.028853
3381 0.413068 0.806631 0.043561 0.028853
2642 0.544886 0.817515 0.043561 0.028853
3806 0.685227 0.540749 0.040909 0.029107
2495 0.421780 0.270058 0.040530 0.029360
2844 0.554545 0.423817 0.040909 0.029613
3674 0.158902 0.513667 0.042045 0.029613
68 0.687311 0.323716 0.010227 0.029866
3338 0.161553 0.282460 0.036742 0.029866
4032 0.682386 0.854214 0.042045 0.029866
1984 0.614394 0.738800 0.043182 0.029866
3468 0.682576 0.883827 0.043939 0.029866
973 0.350189 0.626803 0.024621 0.030119
1578 0.219697 0.874083 0.033333 0.030119
3435 0.155492 0.360542 0.039015 0.030119
2844 0.421402 0.240825 0.041288 0.030119
2981 0.240152 0.144014 0.028788 0.030372
1575 0.878409 0.391293 0.034091 0.030372
3366 0.157008 0.392559 0.037500 0.030372
2639 0.548485 0.789041 0.042424 0.030625
3381 0.483902 0.569096 0.029167 0.031131
3385 0.350568 0.508605 0.039773 0.031131
3381 0.621212 0.249304 0.025000 0.031384
1579 0.356061 0.407239 0.041667 0.031384
3058 0.625189 0.417363 0.047348 0.031384
3381 0.482576 0.749304 0.037121 0.031638
2220 0.881439 0.664262 0.039394 0.031638
1871 0.685417 0.780942 0.045076 0.031638
813 0.488826 0.401291 0.048864 0.031638
4484 0.748864 0.744875 0.037879 0.031891
4501 0.883902 0.632751 0.044318 0.031891
3338 0.754924 0.211972 0.034091 0.032144
3338 0.219886 0.626297 0.035227 0.032144
1871 0.618182 0.468362 0.037879 0.032144
3284 0.816288 0.687041 0.041667 0.032144
3381 0.418561 0.470134 0.032576 0.032650
3381 0.818371 0.411035 0.026136 0.032903
3381 0.880682 0.560618 0.028030 0.032903
3513 0.545833 0.863073 0.030303 0.032903
3381 0.617424 0.551126 0.037879 0.033156
68 0.412500 0.644141 0.012121 0.033409
3338 0.749432 0.643381 0.035227 0.033409
3970 0.420644 0.434067 0.045833 0.033409
3341 0.811742 0.635282 0.032576 0.033915
3468 0.746780 0.695140 0.047348 0.034169
1286 0.287879 0.334472 0.037121 0.036700
3473 0.550758 0.488231 0.037879 0.042521
