199 0.485896 0.409982 0.013524 0.003772
128 0.876932 0.570279 0.007342 0.004023
172 0.492272 0.326502 0.006955 0.004777
150 0.487635 0.528162 0.011592 0.005280
209 0.489954 0.361076 0.009274 0.005532
169 0.548686 0.751069 0.013910 0.006035
164 0.489954 0.353659 0.009274 0.006286
172 0.548493 0.715112 0.011206 0.006538
199 0.562210 0.837189 0.015456 0.006789
179 0.487249 0.556324 0.016229 0.006789
166 0.488794 0.522002 0.007728 0.007040
142 0.489374 0.299849 0.010433 0.007292
56 0.276082 0.364848 0.008114 0.008046
204 0.557380 0.858185 0.011978 0.008046
204 0.487442 0.611013 0.014297 0.008046
92 0.397991 0.673120 0.027821 0.008046
128 0.604134 0.891753 0.008887 0.008298
92 0.604134 0.721901 0.028207 0.008549
56 0.277048 0.335554 0.010819 0.009303
120 0.721213 0.333291 0.011978 0.009806
52 0.669629 0.308021 0.028594 0.010058
207 0.869397 0.485919 0.017002 0.010309
52 0.869011 0.367237 0.036321 0.010309
207 0.133308 0.791551 0.020866 0.010561
207 0.801777 0.518356 0.017002 0.010812
207 0.133308 0.219638 0.017774 0.010812
207 0.871522 0.311290 0.018934 0.011064
101 0.137558 0.235353 0.040958 0.011064
88 0.720440 0.287780 0.014297 0.011315
207 0.199768 0.617928 0.017774 0.011315
207 0.201121 0.729319 0.022025 0.011315
2489 0.723532 0.346115 0.025116 0.011315
85 0.803130 0.874026 0.011978 0.011567
207 0.736669 0.887352 0.017388 0.011567
52 0.868624 0.545135 0.035549 0.011567
113 0.538060 0.354790 0.040572 0.011567
60 0.745943 0.342092 0.007342 0.011818
207 0.737442 0.721272 0.018161 0.011818
207 0.134080 0.491199 0.020093 0.011818
115 0.720247 0.322731 0.020866 0.011818
207 0.804289 0.778979 0.019706 0.012069
56 0.602589 0.653633 0.015842 0.012321
207 0.266036 0.776590 0.019706 0.012321
207 0.269320 0.571914 0.020093 0.012321
102 0.330178 0.513327 0.040572 0.012321
207 0.203246 0.454614 0.017774 0.012572
207 0.131569 0.306261 0.019706 0.012572
297 0.607998 0.422680 0.039026 0.012572
120 0.332883 0.500754 0.013524 0.012824
107 0.746716 0.329268 0.015070 0.012824
120 0.335201 0.466055 0.017388 0.012824
120 0.399536 0.395399 0.019320 0.012824
207 0.735317 0.486673 0.021638 0.012824
91 0.135626 0.680287 0.034776 0.012824
61 0.605100 0.809530 0.034776 0.012824
207 0.135046 0.644204 0.017388 0.013075
86 0.607805 0.881066 0.027048 0.013075
85 0.268547 0.867614 0.012365 0.013327
120 0.602202 0.823611 0.014297 0.013327
120 0.818586 0.385466 0.013524 0.013578
118 0.338679 0.342721 0.021252 0.013578
66 0.265456 0.266281 0.021638 0.013578
65 0.274343 0.850138 0.029366 0.013578
1415 0.401082 0.302238 0.031685 0.013578
91 0.396059 0.319839 0.031685 0.013578
91 0.132728 0.830274 0.032844 0.013578
881 0.203632 0.825874 0.020866 0.013830
85 0.536901 0.502389 0.015070 0.014081
287 0.722952 0.359065 0.023184 0.014081
1006 0.465031 0.295197 0.039026 0.014081
113 0.265070 0.811919 0.039413 0.014081
60 0.817233 0.371260 0.018547 0.014332
76 0.278014 0.320216 0.025889 0.014332
91 0.132148 0.344481 0.030139 0.014584
1250 0.535742 0.889615 0.032844 0.014584
113 0.268740 0.604224 0.040572 0.014584
101 0.337133 0.440282 0.047527 0.014584
85 0.399150 0.547272 0.016229 0.014835
85 0.671368 0.290797 0.018161 0.014835
93 0.280526 0.352150 0.020866 0.014835
60 0.736669 0.772064 0.026662 0.014835
110 0.197836 0.293312 0.030912 0.014835
52 0.200155 0.656651 0.035549 0.014835
1002 0.467543 0.222152 0.036321 0.014835
720 0.615920 0.272064 0.024730 0.015087
88 0.135046 0.607116 0.015070 0.015338
88 0.336167 0.298592 0.033230 0.015338
91 0.263138 0.249560 0.034776 0.015338
113 0.803516 0.818079 0.037481 0.015338
85 0.400889 0.718381 0.018934 0.015590
300 0.270479 0.883581 0.028594 0.015590
91 0.536901 0.276088 0.032844 0.015590
259 0.465417 0.778476 0.035935 0.015590
127 0.202280 0.489565 0.037481 0.015590
88 0.201893 0.864596 0.015070 0.015841
88 0.799073 0.480136 0.015456 0.015841
85 0.803130 0.626226 0.018934 0.015841
88 0.733385 0.451722 0.019320 0.015841
123 0.818972 0.356047 0.011978 0.016093
76 0.801971 0.585617 0.019706 0.016093
67 0.402434 0.378929 0.023570 0.016093
683 0.149150 0.293437 0.026275 0.016093
300 0.738794 0.564496 0.026275 0.016093
81 0.330951 0.257983 0.034389 0.016093
68 0.270672 0.588383 0.037481 0.016093
107 0.132535 0.362459 0.015456 0.016344
72 0.399343 0.359945 0.025116 0.016344
300 0.808153 0.887981 0.034389 0.016344
88 0.267388 0.538345 0.013138 0.016595
126 0.818393 0.337943 0.020866 0.016595
76 0.737635 0.755595 0.020866 0.016595
91 0.201314 0.769927 0.033230 0.016595
81 0.536901 0.315062 0.034389 0.016595
68 0.135819 0.659794 0.039799 0.016595
85 0.607419 0.464546 0.013138 0.016847
76 0.334235 0.450214 0.019320 0.016847
3050 0.750000 0.289791 0.027048 0.016847
88 0.871522 0.270681 0.029753 0.016847
300 0.873068 0.581468 0.029753 0.016847
85 0.738215 0.545135 0.014297 0.017098
88 0.803516 0.745537 0.014297 0.017098
88 0.735510 0.850390 0.014297 0.017098
91 0.603748 0.582600 0.029753 0.017098
683 0.211940 0.713352 0.031298 0.017098
86 0.474111 0.644078 0.025502 0.017350
88 0.737635 0.686070 0.035549 0.017350
2593 0.720247 0.305758 0.016229 0.017601
2677 0.534969 0.599698 0.025116 0.017601
88 0.468509 0.845361 0.035162 0.017601
683 0.538060 0.547146 0.036708 0.017601
88 0.265263 0.742645 0.015842 0.017853
85 0.874614 0.559593 0.016615 0.017853
113 0.867852 0.351396 0.034776 0.017853
79 0.205951 0.473598 0.034776 0.017853
73 0.803323 0.249560 0.038640 0.017853
870 0.736283 0.830903 0.043663 0.017853
88 0.201507 0.416143 0.015070 0.018104
62 0.808539 0.861705 0.032071 0.018104
683 0.466577 0.761126 0.035162 0.018104
68 0.268547 0.795323 0.037867 0.018104
2489 0.738988 0.585366 0.041345 0.018104
120 0.403207 0.527910 0.019706 0.018356
107 0.135433 0.272190 0.022025 0.018356
60 0.737249 0.502766 0.023184 0.018356
83 0.199768 0.881695 0.027821 0.018356
110 0.136592 0.536208 0.034389 0.018356
68 0.671561 0.226930 0.036321 0.018356
107 0.200155 0.789037 0.014683 0.018607
88 0.199575 0.581846 0.017388 0.018607
66 0.734351 0.789540 0.021252 0.018607
83 0.400116 0.260749 0.029753 0.018607
300 0.400116 0.566507 0.030526 0.018607
3731 0.735703 0.435001 0.039413 0.018607
4377 0.468702 0.865728 0.040958 0.018607
85 0.670015 0.245788 0.013910 0.018858
83 0.736283 0.705431 0.030526 0.018858
62 0.201121 0.636284 0.032071 0.018858
98 0.675811 0.323485 0.032457 0.018858
87 0.604714 0.863088 0.037867 0.018858
316 0.468509 0.596807 0.041345 0.018858
3782 0.537094 0.733845 0.044822 0.018858
85 0.397025 0.766910 0.010433 0.019110
107 0.199575 0.673372 0.015070 0.019110
87 0.333849 0.483782 0.026275 0.019110
83 0.135626 0.626100 0.030912 0.019110
88 0.334428 0.376414 0.031298 0.019110
300 0.269127 0.669600 0.031298 0.019110
87 0.469088 0.624843 0.031685 0.019110
83 0.805448 0.762132 0.034389 0.019110
3731 0.803323 0.462409 0.036321 0.019110
3031 0.470440 0.272316 0.041345 0.019110
870 0.872102 0.425446 0.042504 0.019110
119 0.277048 0.379055 0.012365 0.019361
107 0.133887 0.846995 0.014297 0.019361
88 0.131182 0.754715 0.016615 0.019361
509 0.401662 0.282248 0.030526 0.019361
126 0.740533 0.604853 0.030526 0.019361
83 0.733964 0.467563 0.031298 0.019361
2009 0.618431 0.254589 0.032071 0.019361
98 0.397411 0.857807 0.032844 0.019361
83 0.398764 0.883203 0.033230 0.019361
88 0.871909 0.446693 0.036708 0.019361
2432 0.467349 0.317702 0.040572 0.019361
53 0.536321 0.294694 0.012365 0.019613
83 0.735317 0.867237 0.030139 0.019613
83 0.132148 0.773699 0.030912 0.019613
51 0.871329 0.331154 0.032457 0.019613
68 0.200734 0.749057 0.035935 0.019613
68 0.134080 0.324114 0.036321 0.019613
83 0.264876 0.555444 0.039026 0.019613
68 0.402048 0.240005 0.006569 0.019864
278 0.535355 0.623208 0.019706 0.019864
503 0.268740 0.650365 0.025889 0.019864
4312 0.748841 0.357933 0.027821 0.019864
978 0.201700 0.375786 0.030139 0.019864
300 0.802937 0.644833 0.031685 0.019864
757 0.399150 0.223158 0.040185 0.019864
3731 0.736090 0.810284 0.040185 0.019864
85 0.871716 0.383203 0.015456 0.020116
87 0.788060 0.341212 0.020479 0.020116
83 0.134467 0.471712 0.028594 0.020116
76 0.336553 0.399547 0.034003 0.020116
83 0.201700 0.598692 0.034003 0.020116
88 0.133501 0.453105 0.035162 0.020116
83 0.266808 0.759869 0.035162 0.020116
60 0.267388 0.830148 0.015456 0.020367
126 0.749420 0.309656 0.017388 0.020367
66 0.735317 0.523133 0.023957 0.020367
769 0.608192 0.442167 0.037094 0.020367
253 0.873841 0.225044 0.024343 0.020619
88 0.607226 0.507669 0.035935 0.020619
58 0.134467 0.866231 0.039413 0.020619
364 0.203053 0.844355 0.039799 0.020619
886 0.203439 0.396279 0.042890 0.020619
107 0.599884 0.842218 0.017388 0.020870
83 0.869204 0.467563 0.031298 0.020870
89 0.334428 0.357933 0.034389 0.020870
3731 0.870170 0.403948 0.036321 0.020870
73 0.807767 0.564873 0.036708 0.020870
68 0.134853 0.811290 0.037867 0.020870
78 0.137944 0.249937 0.027821 0.021121
2925 0.199961 0.191099 0.028980 0.021121
95 0.330757 0.224038 0.034003 0.021121
126 0.468895 0.887855 0.039026 0.021121
123 0.197643 0.225044 0.040572 0.021121
870 0.604328 0.560221 0.043277 0.021121
77 0.813563 0.840835 0.045209 0.021121
85 0.335974 0.240005 0.011978 0.021373
119 0.788833 0.362711 0.015842 0.021373
111 0.263910 0.228187 0.020866 0.021373
119 0.539413 0.335052 0.024730 0.021373
3731 0.201893 0.536208 0.035162 0.021373
1579 0.335394 0.278728 0.037094 0.021373
1185 0.265263 0.184184 0.038253 0.021373
870 0.803516 0.724793 0.039799 0.021373
3799 0.467156 0.400930 0.042504 0.021373
126 0.401855 0.433995 0.031685 0.021624
51 0.805448 0.799598 0.032844 0.021624
88 0.605100 0.407091 0.034003 0.021624
126 0.606839 0.768418 0.034389 0.021624
83 0.202859 0.436761 0.034776 0.021624
88 0.605680 0.705054 0.036708 0.021624
73 0.874227 0.526528 0.042117 0.021624
119 0.466963 0.737113 0.015842 0.021876
111 0.603555 0.485668 0.017774 0.021876
304 0.463679 0.822605 0.034003 0.021876
58 0.204019 0.810787 0.035549 0.021876
95 0.401855 0.458763 0.037867 0.021876
87 0.604907 0.791551 0.027434 0.022127
83 0.871522 0.291049 0.028207 0.022379
83 0.798493 0.497737 0.030526 0.022379
757 0.399730 0.340583 0.033617 0.022379
3074 0.201700 0.166834 0.034776 0.022379
51 0.199768 0.270933 0.034776 0.022379
395 0.467349 0.799975 0.035162 0.022379
58 0.139490 0.382826 0.037094 0.022379
1978 0.538833 0.482650 0.045209 0.022379
121 0.464838 0.714106 0.025502 0.022630
51 0.399923 0.837063 0.027821 0.022630
62 0.804289 0.604727 0.029753 0.022630
126 0.404173 0.482022 0.037094 0.022630
870 0.202280 0.558964 0.042117 0.022630
121 0.399150 0.814936 0.044049 0.022630
58 0.202280 0.694368 0.031298 0.022882
3078 0.875000 0.248303 0.045981 0.022882
111 0.467349 0.664823 0.019706 0.023133
76 0.196484 0.246165 0.023570 0.023133
51 0.137365 0.514458 0.036708 0.023133
2009 0.468702 0.457631 0.039413 0.023133
1646 0.606066 0.383455 0.046754 0.023133
2414 0.538833 0.647850 0.036708 0.023384
126 0.540185 0.429092 0.037094 0.023384
268 0.534003 0.794820 0.029366 0.023636
51 0.869011 0.506412 0.032457 0.023636
58 0.540379 0.405331 0.037481 0.023636
2152 0.138524 0.702791 0.039026 0.023636
370 0.468509 0.691727 0.039799 0.023636
68 0.265263 0.286523 0.009660 0.023887
85 0.337713 0.420795 0.013910 0.023887
92 0.736862 0.740885 0.034776 0.023887
2829 0.537674 0.869625 0.045981 0.023887
119 0.669629 0.268544 0.028594 0.024139
95 0.604521 0.227558 0.039026 0.024139
1189 0.141615 0.405079 0.039799 0.024139
2833 0.605873 0.632638 0.047141 0.024139
70 0.398764 0.790923 0.020866 0.024390
58 0.198029 0.511567 0.022798 0.024390
2896 0.789799 0.315187 0.029366 0.024390
2220 0.270672 0.488433 0.039026 0.024390
60 0.738215 0.227307 0.022025 0.024642
1251 0.269320 0.462660 0.032457 0.024642
1921 0.736090 0.662811 0.041731 0.024642
975 0.534969 0.673120 0.046754 0.024642
3114 0.538253 0.820971 0.047913 0.024642
70 0.402434 0.506538 0.023570 0.024893
1364 0.139490 0.431858 0.044049 0.024893
60 0.266422 0.625094 0.016615 0.025145
646 0.816074 0.315564 0.019320 0.025145
70 0.535742 0.380186 0.020479 0.025145
2770 0.466577 0.244154 0.032071 0.025145
1396 0.136785 0.586120 0.036321 0.025145
1542 0.470634 0.541363 0.041731 0.025145
2009 0.603941 0.743274 0.042504 0.025145
316 0.398957 0.414383 0.044436 0.025145
1880 0.400116 0.623711 0.025116 0.025396
2930 0.617852 0.304627 0.029366 0.025396
4312 0.469088 0.342092 0.034003 0.025396
66 0.733771 0.259241 0.024730 0.025647
51 0.802937 0.228816 0.033230 0.025647
4064 0.606839 0.605230 0.036708 0.025647
28 0.268354 0.403571 0.042890 0.025647
4089 0.139490 0.883203 0.027048 0.025899
51 0.803903 0.542746 0.032844 0.025899
4209 0.535355 0.845235 0.042117 0.025899
3779 0.537674 0.456248 0.043663 0.025899
2152 0.274150 0.436510 0.039799 0.026150
4296 0.539219 0.254966 0.042117 0.026150
1478 0.467736 0.485039 0.042117 0.026150
28 0.200927 0.316319 0.042504 0.026150
486 0.538833 0.226427 0.033617 0.026402
28 0.605100 0.328514 0.040958 0.026402
1926 0.604714 0.183555 0.037867 0.026653
28 0.736476 0.382198 0.043277 0.026653
4301 0.270479 0.720769 0.041731 0.026905
70 0.538447 0.524516 0.036708 0.027156
1132 0.336167 0.321725 0.037867 0.027408
4263 0.735703 0.411994 0.038640 0.027408
1831 0.398377 0.653005 0.040185 0.027659
28 0.805255 0.406839 0.040958 0.027659
3945 0.138331 0.559215 0.040958 0.027659
1286 0.266808 0.692356 0.034389 0.027910
2425 0.469281 0.510561 0.036708 0.027910
4089 0.470054 0.571914 0.038253 0.027910
3830 0.400696 0.592406 0.038640 0.028162
322 0.603168 0.359693 0.037094 0.028413
126 0.808539 0.669977 0.038253 0.028413
3945 0.271832 0.516973 0.046754 0.028665
2869 0.467929 0.374026 0.034776 0.028916
435 0.468895 0.429092 0.042890 0.028916
4263 0.804675 0.437013 0.033617 0.029168
1926 0.398957 0.693990 0.042117 0.029168
3829 0.607226 0.534574 0.044436 0.029168
1903 0.535162 0.572919 0.034776 0.029419
2896 0.806414 0.275585 0.041731 0.029671
2111 0.536901 0.770053 0.054482 0.029922
313 0.200541 0.348001 0.040185 0.030173
796 0.539413 0.699522 0.043277 0.030676
68 0.334815 0.535202 0.010433 0.030928
1921 0.804675 0.697888 0.037481 0.031934
4263 0.735703 0.632889 0.037867 0.032185
2930 0.402821 0.745663 0.040572 0.032939
3482 0.138331 0.731079 0.042504 0.033442
2143 0.601623 0.677898 0.039413 0.033694
