92 0.831635 0.538637 0.027048 0.009628
92 0.559192 0.652268 0.034888 0.009881
92 0.692474 0.782493 0.031752 0.010388
207 0.279498 0.461363 0.017248 0.010641
92 0.696002 0.242463 0.029400 0.010641
207 0.762446 0.701419 0.017248 0.010894
207 0.762446 0.382316 0.020384 0.011148
207 0.280478 0.685964 0.017640 0.011401
207 0.414739 0.619584 0.018816 0.011401
92 0.691298 0.496833 0.033320 0.011654
101 0.349863 0.320623 0.050568 0.011908
207 0.346531 0.199139 0.020384 0.012161
92 0.212074 0.274132 0.032144 0.012161
207 0.693650 0.793894 0.019992 0.012414
207 0.418855 0.382949 0.021560 0.012414
92 0.902587 0.632759 0.029400 0.012414
52 0.833791 0.649481 0.029792 0.012414
52 0.903763 0.766532 0.030184 0.012414
92 0.348099 0.354320 0.031360 0.012414
92 0.762838 0.687991 0.032928 0.012414
128 0.833203 0.696478 0.013720 0.012668
207 0.695414 0.416266 0.020384 0.012668
207 0.280478 0.558905 0.021560 0.012668
92 0.213250 0.522422 0.025088 0.012668
92 0.696982 0.400051 0.032144 0.012668
881 0.902587 0.866354 0.025480 0.012921
173 0.626421 0.500253 0.031360 0.012921
52 0.832419 0.474284 0.027048 0.013175
92 0.146217 0.577021 0.031360 0.013428
147 0.632889 0.534963 0.036456 0.013428
92 0.764994 0.743983 0.037240 0.013428
297 0.896707 0.399037 0.034888 0.013681
85 0.147785 0.393337 0.023520 0.013935
52 0.348295 0.692298 0.034104 0.013935
101 0.836731 0.772105 0.050568 0.013935
52 0.626813 0.846719 0.032928 0.014188
91 0.830263 0.317456 0.034496 0.014188
83 0.422187 0.894350 0.035280 0.014188
101 0.559584 0.296934 0.053704 0.014188
120 0.487260 0.704712 0.023520 0.014441
101 0.696786 0.388016 0.052136 0.014441
64 0.624069 0.811249 0.021952 0.014695
52 0.217562 0.867748 0.042336 0.014695
64 0.830459 0.300101 0.024696 0.014948
91 0.692866 0.733088 0.033320 0.014948
85 0.694630 0.533570 0.018816 0.015201
52 0.350451 0.305042 0.032928 0.015201
92 0.691690 0.833038 0.034888 0.015201
85 0.695022 0.874968 0.019600 0.015455
52 0.761662 0.492906 0.032144 0.015455
85 0.767542 0.800608 0.018816 0.015708
64 0.277930 0.604256 0.025872 0.015708
65 0.772246 0.783380 0.028224 0.015708
91 0.830655 0.580948 0.033712 0.015708
85 0.904351 0.751077 0.021952 0.015961
64 0.764014 0.248923 0.024304 0.015961
91 0.348295 0.540284 0.034888 0.015961
2150 0.699530 0.256017 0.038024 0.015961
85 0.834183 0.458576 0.022736 0.016215
85 0.351627 0.287560 0.024304 0.016215
52 0.210310 0.256651 0.038808 0.016215
120 0.837123 0.757157 0.021560 0.016468
88 0.420031 0.883582 0.033320 0.016468
98 0.900431 0.782746 0.043120 0.016468
287 0.146609 0.647707 0.047040 0.016468
64 0.833399 0.682037 0.019600 0.016722
85 0.561936 0.714973 0.020776 0.016722
85 0.627401 0.829997 0.021560 0.016722
85 0.764798 0.475804 0.021952 0.016722
60 0.488044 0.575627 0.032144 0.016722
57 0.150921 0.463770 0.038416 0.016975
55 0.834575 0.386749 0.041552 0.016975
85 0.417091 0.483658 0.020384 0.017228
85 0.559584 0.249557 0.023128 0.017228
91 0.825363 0.203952 0.033320 0.017228
2150 0.767542 0.641247 0.034496 0.017228
91 0.895531 0.381556 0.034888 0.017228
81 0.691886 0.456296 0.039984 0.017228
98 0.830263 0.663795 0.040768 0.017228
91 0.218542 0.890423 0.034888 0.017482
300 0.695022 0.890423 0.035280 0.017482
52 0.145433 0.562833 0.039200 0.017482
85 0.898079 0.465417 0.019600 0.017735
642 0.693062 0.299215 0.025088 0.017735
85 0.487848 0.626045 0.025480 0.017735
65 0.564093 0.694705 0.028224 0.017735
91 0.623677 0.655435 0.030576 0.017735
56 0.415131 0.664429 0.018032 0.017988
88 0.210114 0.606663 0.035280 0.017988
76 0.144061 0.893843 0.021560 0.018242
91 0.483340 0.265011 0.036064 0.018242
65 0.491572 0.432227 0.037632 0.018242
278 0.285574 0.285787 0.045080 0.018242
88 0.627009 0.743223 0.021560 0.018495
85 0.832811 0.631999 0.023128 0.018495
64 0.211682 0.429820 0.024304 0.018495
57 0.289102 0.698632 0.034104 0.018495
76 0.560368 0.636053 0.035672 0.018495
52 0.279890 0.540790 0.039984 0.018495
87 0.897295 0.334431 0.036064 0.018748
107 0.142885 0.873702 0.018424 0.019002
52 0.415131 0.234482 0.036848 0.019002
83 0.558800 0.805168 0.030968 0.019255
81 0.488436 0.561439 0.042336 0.019255
85 0.422579 0.731568 0.021168 0.019508
86 0.293414 0.848619 0.039592 0.019508
91 0.828107 0.251583 0.031752 0.019762
83 0.694238 0.224221 0.032144 0.019762
88 0.625441 0.349379 0.033320 0.019762
88 0.905527 0.850266 0.033712 0.019762
52 0.279498 0.670636 0.038416 0.019762
98 0.762054 0.511021 0.040768 0.019762
52 0.419835 0.712186 0.045472 0.019762
3663 0.142885 0.204459 0.045864 0.019762
157 0.628381 0.483025 0.025872 0.020015
65 0.764406 0.456676 0.026656 0.020015
83 0.209722 0.643147 0.028224 0.020015
88 0.348883 0.857487 0.029792 0.020015
122 0.834183 0.714593 0.030576 0.020015
978 0.764994 0.298835 0.036456 0.020015
59 0.352999 0.245123 0.039592 0.020015
88 0.762838 0.341779 0.019600 0.020269
74 0.696786 0.576894 0.023912 0.020269
87 0.835947 0.737269 0.038024 0.020269
98 0.624265 0.862934 0.038024 0.020269
52 0.211878 0.505194 0.038808 0.020269
125 0.892591 0.262731 0.039984 0.020269
85 0.351235 0.672283 0.025088 0.020522
83 0.899255 0.534710 0.026656 0.020522
87 0.213250 0.337091 0.035280 0.020522
769 0.277146 0.306435 0.043120 0.020522
88 0.347119 0.417279 0.017640 0.020775
118 0.698354 0.513048 0.019208 0.020775
85 0.762446 0.402078 0.024304 0.020775
302 0.695218 0.316950 0.042728 0.020775
683 0.218934 0.385356 0.044296 0.020775
60 0.145629 0.746770 0.012936 0.021029
88 0.277734 0.422473 0.016856 0.021029
978 0.625245 0.238789 0.040768 0.021029
119 0.560760 0.228528 0.018424 0.021282
70 0.902391 0.729161 0.021952 0.021282
93 0.835163 0.407398 0.027048 0.021282
300 0.421207 0.752724 0.036456 0.021282
88 0.215014 0.786673 0.036456 0.021282
83 0.143473 0.304282 0.037632 0.021282
2266 0.432575 0.144920 0.041944 0.021282
98 0.830851 0.492526 0.042728 0.021282
52 0.349667 0.838105 0.043904 0.021282
88 0.417091 0.577021 0.017248 0.021535
66 0.278714 0.626678 0.027440 0.021535
300 0.766758 0.820243 0.028224 0.021535
117 0.487456 0.340765 0.021560 0.021789
1810 0.696982 0.340765 0.023520 0.021789
120 0.351039 0.334938 0.027048 0.021789
52 0.347707 0.519635 0.040768 0.021789
76 0.698158 0.814543 0.040768 0.021789
287 0.486280 0.410692 0.055272 0.021789
252 0.418071 0.287940 0.034104 0.022042
252 0.211094 0.290980 0.042728 0.022042
88 0.763818 0.599696 0.036456 0.022295
52 0.284594 0.868001 0.036848 0.022295
98 0.345943 0.710413 0.040376 0.022295
1646 0.903763 0.829491 0.050568 0.022295
886 0.764602 0.321510 0.055272 0.022295
197 0.627597 0.517988 0.021168 0.022549
87 0.146609 0.413352 0.036064 0.022549
76 0.346923 0.564099 0.036848 0.022549
83 0.419247 0.599063 0.038024 0.022549
83 0.280478 0.441475 0.038808 0.022549
52 0.283810 0.802255 0.040768 0.022549
2150 0.557820 0.439448 0.044688 0.022549
76 0.557820 0.309856 0.021168 0.022802
300 0.694042 0.553585 0.032536 0.022802
83 0.347315 0.437041 0.033712 0.022802
870 0.829087 0.224728 0.039200 0.022802
2489 0.630145 0.887763 0.052136 0.022802
68 0.900039 0.514188 0.009408 0.023055
107 0.216582 0.810869 0.022344 0.023055
87 0.759702 0.204079 0.039200 0.023055
126 0.903959 0.672789 0.039984 0.023055
89 0.143669 0.254497 0.040376 0.023055
88 0.352607 0.733342 0.044296 0.023055
1646 0.558212 0.393083 0.048608 0.023055
83 0.419835 0.363821 0.036848 0.023309
1811 0.556056 0.518368 0.037240 0.023309
769 0.899843 0.419052 0.038024 0.023309
83 0.759506 0.361287 0.039592 0.023309
2595 0.487260 0.539144 0.041552 0.023309
66 0.210898 0.453129 0.026656 0.023562
757 0.622697 0.260071 0.039592 0.023562
2150 0.695414 0.680390 0.040768 0.023562
92 0.692082 0.436281 0.019992 0.023816
118 0.773618 0.762351 0.019992 0.023816
119 0.141513 0.280720 0.031360 0.023816
83 0.482164 0.394984 0.032928 0.023816
300 0.416307 0.505701 0.032928 0.023816
721 0.628577 0.458069 0.034104 0.023816
83 0.695610 0.657208 0.035672 0.023816
88 0.694434 0.201672 0.036456 0.023816
126 0.833987 0.362554 0.045080 0.023816
98 0.284202 0.889536 0.049392 0.023816
1646 0.420227 0.814796 0.052528 0.023816
58 0.895923 0.358120 0.024696 0.024069
88 0.557232 0.416646 0.034888 0.024069
2216 0.628773 0.375348 0.042336 0.024069
4564 0.397099 0.146947 0.032144 0.024322
51 0.833007 0.436281 0.033712 0.024322
88 0.422579 0.840385 0.041552 0.024322
271 0.147393 0.724601 0.045472 0.024322
127 0.626813 0.792754 0.048608 0.024322
107 0.208938 0.204079 0.025088 0.024576
2677 0.212858 0.695592 0.029792 0.024576
59 0.420031 0.432860 0.038808 0.024576
2216 0.759898 0.146820 0.042728 0.024576
3575 0.835555 0.560552 0.051352 0.024576
53 0.891219 0.313909 0.018424 0.024829
119 0.555860 0.333418 0.029792 0.024829
2203 0.418267 0.530783 0.039984 0.024829
76 0.767738 0.723588 0.040376 0.024829
4135 0.896707 0.443881 0.044296 0.024829
70 0.901607 0.590955 0.020384 0.025082
51 0.418659 0.642133 0.036848 0.025082
4564 0.829479 0.337598 0.041552 0.025082
127 0.143865 0.486825 0.047824 0.025082
74 0.891023 0.287560 0.031360 0.025336
769 0.212466 0.313149 0.040768 0.025336
121 0.698942 0.602736 0.051744 0.025336
118 0.562917 0.671523 0.018032 0.025589
117 0.279498 0.580568 0.021952 0.025589
111 0.488044 0.725994 0.022736 0.025589
107 0.761270 0.226374 0.023520 0.025589
87 0.559584 0.207879 0.036456 0.025589
126 0.557232 0.610970 0.039592 0.025589
1375 0.211486 0.582848 0.042728 0.025589
1762 0.216974 0.763998 0.046648 0.025589
119 0.217366 0.360780 0.016856 0.025842
54 0.282634 0.777299 0.032144 0.025842
110 0.488044 0.483912 0.036064 0.025842
54 0.142885 0.539904 0.037240 0.025842
83 0.764210 0.620725 0.038024 0.025842
87 0.284398 0.825944 0.040376 0.025842
757 0.626813 0.432987 0.043120 0.025842
58 0.623481 0.767545 0.023128 0.026096
4685 0.433163 0.169369 0.036848 0.026096
28 0.417679 0.258551 0.039592 0.026096
28 0.765974 0.273752 0.040768 0.026096
1375 0.146021 0.698379 0.047432 0.026096
2794 0.562132 0.828604 0.048608 0.026096
68 0.222658 0.629085 0.007056 0.026349
53 0.345747 0.620218 0.018816 0.026349
107 0.484712 0.457056 0.025480 0.026349
70 0.559780 0.854320 0.037632 0.026349
88 0.418267 0.342792 0.038416 0.026349
3325 0.626225 0.318976 0.039592 0.026349
2203 0.347315 0.376235 0.043120 0.026349
316 0.904155 0.649101 0.044296 0.026349
364 0.905723 0.886116 0.047432 0.026602
107 0.278910 0.485052 0.025480 0.027109
54 0.279106 0.648974 0.036848 0.027109
121 0.900039 0.616798 0.037632 0.027109
1883 0.556448 0.493159 0.038024 0.027109
126 0.145041 0.226881 0.040768 0.027109
769 0.148569 0.625412 0.043904 0.027109
395 0.831243 0.276032 0.049000 0.027109
107 0.697766 0.365847 0.018816 0.027363
3735 0.556252 0.273119 0.026656 0.027363
1879 0.762642 0.666329 0.028616 0.027363
720 0.351039 0.757791 0.038024 0.027363
720 0.490984 0.796808 0.038024 0.027363
117 0.211094 0.405751 0.026264 0.027616
253 0.149353 0.597542 0.030576 0.027616
88 0.488044 0.319103 0.039984 0.027616
834 0.760290 0.169622 0.041944 0.027616
126 0.491180 0.512161 0.043120 0.027616
118 0.695610 0.852800 0.020776 0.027869
54 0.345747 0.496580 0.032928 0.027869
4564 0.626421 0.678743 0.033712 0.027869
322 0.903763 0.805549 0.036456 0.028123
59 0.287338 0.749557 0.043120 0.028123
54 0.349667 0.813276 0.029008 0.028376
1880 0.147589 0.846719 0.029400 0.028376
4082 0.697374 0.628832 0.033712 0.028376
54 0.280282 0.513555 0.038416 0.028376
59 0.146609 0.510768 0.040768 0.028376
54 0.213054 0.230048 0.041160 0.028376
121 0.352411 0.267545 0.046256 0.028376
717 0.900039 0.487459 0.047824 0.028376
68 0.351627 0.785280 0.007840 0.028629
505 0.144257 0.668229 0.020384 0.028629
313 0.630537 0.592982 0.034888 0.028629
54 0.417875 0.205599 0.039200 0.028629
2152 0.280282 0.261844 0.045472 0.028629
1880 0.279694 0.233848 0.026264 0.028883
1879 0.694434 0.279199 0.030968 0.028883
54 0.212074 0.480365 0.032144 0.028883
3322 0.214426 0.670889 0.037632 0.028883
54 0.348491 0.219661 0.039984 0.028883
121 0.417091 0.459083 0.048608 0.028883
1306 0.622305 0.211173 0.040376 0.029136
4435 0.277538 0.207119 0.044688 0.029136
2833 0.491180 0.653534 0.047824 0.029136
54 0.219326 0.839878 0.036456 0.029389
1894 0.624461 0.290347 0.040768 0.029389
127 0.281066 0.724601 0.046256 0.029389
54 0.419443 0.688244 0.032928 0.029643
3695 0.145433 0.332278 0.041552 0.029643
1031 0.833399 0.604636 0.042336 0.029643
1476 0.147197 0.777679 0.043512 0.029643
1879 0.556644 0.464657 0.026656 0.029896
119 0.485888 0.368128 0.030968 0.029896
2266 0.557820 0.547251 0.040768 0.029896
119 0.348099 0.644920 0.033712 0.030149
77 0.698746 0.475678 0.046648 0.030149
118 0.764602 0.427920 0.021560 0.030403
2983 0.480792 0.206739 0.037240 0.030403
1250 0.278518 0.329871 0.039592 0.030403
70 0.487652 0.681150 0.017248 0.030656
322 0.630145 0.561566 0.045080 0.030656
1831 0.565661 0.885103 0.051744 0.030656
1799 0.417483 0.313909 0.044688 0.030910
1575 0.347315 0.400684 0.029792 0.031163
54 0.415523 0.407018 0.040768 0.031163
3936 0.346531 0.465037 0.040768 0.031163
119 0.487848 0.601976 0.021560 0.031416
78 0.347707 0.591082 0.033712 0.031416
1123 0.900431 0.701799 0.038416 0.031416
1831 0.833987 0.516848 0.045080 0.031416
1575 0.415915 0.555612 0.027440 0.031923
3153 0.489416 0.292121 0.034104 0.031923
1879 0.693258 0.708259 0.030184 0.032176
4447 0.899059 0.562833 0.034888 0.032176
313 0.419639 0.861034 0.037240 0.032176
70 0.146217 0.438941 0.039984 0.032176
834 0.627989 0.402204 0.041552 0.032176
2853 0.487456 0.239549 0.050568 0.032683
2249 0.765582 0.881936 0.046256 0.032936
4122 0.627205 0.625792 0.047824 0.032936
68 0.559976 0.780973 0.007448 0.033190
1562 0.895335 0.210160 0.041552 0.033190
3038 0.761270 0.571827 0.037632 0.033443
3331 0.282046 0.359007 0.045864 0.033443
781 0.763622 0.846846 0.036848 0.034203
268 0.693650 0.757537 0.041944 0.034457
2844 0.349863 0.885229 0.046648 0.034457
316 0.897687 0.242083 0.050176 0.034710
4741 0.561936 0.578414 0.043512 0.034963
322 0.560368 0.365214 0.051352 0.035217
3284 0.147981 0.810869 0.045080 0.036230
2924 0.767542 0.538637 0.048608 0.036483
1502 0.485888 0.760578 0.042728 0.037497
959 0.144061 0.366988 0.045080 0.037750
322 0.421599 0.782240 0.045864 0.038257
3302 0.629165 0.711300 0.046256 0.039270
2261 0.284986 0.393717 0.047824 0.039524
68 0.215406 0.727261 0.008232 0.039777
3419 0.213054 0.550165 0.040376 0.040284
68 0.837907 0.797061 0.007448 0.040537
3919 0.558016 0.745630 0.040376 0.044591
68 0.494120 0.832404 0.008232 0.044844
