246 0.648864 0.333713 0.038636 0.006328
169 0.065909 0.310554 0.015152 0.007087
162 0.657765 0.342445 0.019318 0.008099
92 0.343750 0.399266 0.017803 0.008352
101 0.784470 0.835232 0.037121 0.008605
92 0.470265 0.535940 0.017045 0.008859
52 0.255114 0.591622 0.026894 0.009871
81 0.309848 0.428246 0.024242 0.010124
92 0.715530 0.524551 0.024242 0.010377
207 0.391288 0.864591 0.018182 0.010630
207 0.587879 0.434320 0.017424 0.011136
76 0.713826 0.700456 0.020076 0.011390
82 0.718939 0.873829 0.037879 0.011390
207 0.522917 0.825614 0.019318 0.011643
56 0.310795 0.473298 0.022348 0.011643
63 0.192803 0.243609 0.034848 0.011896
207 0.391667 0.372564 0.017424 0.012149
207 0.459848 0.884839 0.018182 0.012149
207 0.451894 0.290053 0.018939 0.012149
207 0.588068 0.651734 0.020833 0.012149
207 0.517614 0.412933 0.018561 0.012402
207 0.255871 0.466591 0.020833 0.012402
63 0.193182 0.460010 0.025000 0.012402
52 0.123485 0.871552 0.025000 0.012402
207 0.195076 0.888889 0.017424 0.012655
207 0.128030 0.441913 0.018182 0.012655
207 0.189015 0.667932 0.018939 0.012655
207 0.518561 0.640597 0.021212 0.012655
64 0.053977 0.399519 0.018561 0.012908
207 0.129735 0.730068 0.018561 0.012908
248 0.645833 0.257024 0.031061 0.012908
207 0.457197 0.696533 0.020455 0.013161
861 0.254167 0.388003 0.033333 0.013161
207 0.390152 0.688813 0.018939 0.013414
52 0.586742 0.771324 0.026515 0.013414
1810 0.645644 0.242217 0.015530 0.013667
207 0.192235 0.413060 0.018561 0.013667
52 0.189015 0.552518 0.025000 0.013667
110 0.524242 0.892432 0.029545 0.013667
127 0.394318 0.891926 0.037879 0.013667
64 0.777462 0.712098 0.016288 0.013921
83 0.387500 0.878385 0.022727 0.014427
81 0.523106 0.865224 0.034848 0.014427
88 0.439015 0.500886 0.014394 0.014680
548 0.253788 0.151354 0.023485 0.014680
56 0.584091 0.476715 0.015152 0.014933
110 0.454924 0.775626 0.028030 0.014933
65 0.127462 0.782713 0.029167 0.014933
88 0.518371 0.377373 0.012500 0.015186
85 0.716288 0.423184 0.015909 0.015186
91 0.441477 0.444191 0.020076 0.015186
720 0.467992 0.400152 0.022348 0.015186
98 0.125379 0.888383 0.035606 0.015186
85 0.714583 0.287269 0.014773 0.015692
110 0.123674 0.298912 0.026894 0.015692
98 0.255871 0.605669 0.039015 0.015692
85 0.586364 0.536193 0.019697 0.015945
65 0.585606 0.243862 0.025000 0.015945
547 0.524053 0.747026 0.035985 0.015945
85 0.310985 0.457859 0.009091 0.016198
88 0.453977 0.844090 0.014773 0.016198
110 0.126894 0.844596 0.025758 0.016198
251 0.773295 0.262465 0.034470 0.016198
98 0.588068 0.786130 0.038258 0.016198
85 0.190909 0.767527 0.011364 0.016452
85 0.126136 0.861174 0.013636 0.016452
88 0.122538 0.405340 0.015530 0.016452
88 0.341856 0.511390 0.022348 0.016452
127 0.123106 0.259808 0.037879 0.016452
88 0.584470 0.400658 0.013636 0.016705
83 0.342235 0.548469 0.017045 0.016705
88 0.311553 0.395596 0.023864 0.016705
287 0.474621 0.502151 0.029545 0.016705
110 0.520644 0.491521 0.029924 0.016705
251 0.774432 0.224247 0.033712 0.016705
60 0.308333 0.442799 0.013636 0.016958
85 0.258144 0.577449 0.014773 0.016958
88 0.387311 0.831309 0.017045 0.016958
302 0.717235 0.762212 0.035227 0.016958
85 0.520644 0.509744 0.016288 0.017211
88 0.713826 0.641610 0.018561 0.017211
91 0.646212 0.294862 0.029545 0.017211
115 0.584659 0.283219 0.033712 0.017211
85 0.342803 0.384586 0.012121 0.017464
88 0.388447 0.649582 0.012500 0.017464
88 0.257008 0.430144 0.013258 0.017464
88 0.520455 0.791066 0.017424 0.017464
1810 0.775189 0.280056 0.017803 0.017464
562 0.470644 0.462288 0.019318 0.017464
113 0.311174 0.487345 0.023106 0.017464
725 0.342614 0.528600 0.024621 0.017464
124 0.190720 0.431157 0.029167 0.017464
2420 0.596780 0.174260 0.033712 0.017464
285 0.257765 0.326373 0.033712 0.017464
88 0.446023 0.253100 0.014015 0.017717
56 0.779924 0.823336 0.015152 0.017717
85 0.321212 0.284232 0.017424 0.017717
87 0.313068 0.412301 0.023106 0.017717
52 0.518371 0.527208 0.028409 0.017717
127 0.584659 0.226778 0.036742 0.017717
85 0.588258 0.756644 0.012121 0.017970
88 0.452462 0.659960 0.016288 0.017970
92 0.258712 0.535181 0.017424 0.017970
88 0.518750 0.606555 0.018561 0.017970
66 0.583712 0.739939 0.024242 0.017970
3996 0.441667 0.461276 0.028788 0.017970
91 0.056818 0.496457 0.032576 0.017970
115 0.382576 0.226145 0.034091 0.017970
496 0.056629 0.261073 0.037500 0.017970
126 0.782765 0.752847 0.039015 0.017970
85 0.718750 0.838775 0.013258 0.018223
123 0.388068 0.434320 0.020076 0.018223
3799 0.439394 0.484434 0.022727 0.018223
2395 0.597159 0.149582 0.024621 0.018223
300 0.714205 0.304227 0.026894 0.018223
98 0.515720 0.544419 0.036742 0.018223
127 0.121023 0.225513 0.042045 0.018223
85 0.125000 0.319539 0.010606 0.018476
60 0.319508 0.225892 0.013258 0.018476
1762 0.309848 0.376993 0.024242 0.018476
110 0.521402 0.728297 0.029167 0.018476
110 0.514773 0.284358 0.030303 0.018476
683 0.719697 0.741964 0.039394 0.018476
88 0.186932 0.376107 0.016288 0.018729
110 0.319886 0.264490 0.028409 0.018729
52 0.121970 0.480132 0.030303 0.018729
59 0.713258 0.243989 0.034091 0.018729
127 0.126894 0.767907 0.036364 0.018729
127 0.191477 0.450013 0.038258 0.018729
3868 0.442803 0.426095 0.018182 0.018983
83 0.191098 0.867249 0.025379 0.018983
300 0.125568 0.561250 0.028409 0.018983
492 0.202652 0.174007 0.031818 0.018983
83 0.520644 0.623513 0.035985 0.018983
88 0.787500 0.808783 0.037879 0.018983
85 0.126894 0.542647 0.014394 0.019236
2590 0.309280 0.334346 0.016288 0.019236
76 0.713826 0.342445 0.023106 0.019236
91 0.340909 0.466970 0.023485 0.019236
300 0.715720 0.440395 0.027652 0.019236
110 0.390720 0.496077 0.029924 0.019236
115 0.389015 0.392306 0.032576 0.019236
127 0.193750 0.476841 0.036742 0.019236
54 0.717235 0.685776 0.017803 0.019489
66 0.585417 0.208428 0.020076 0.019489
88 0.587689 0.617186 0.021591 0.019489
110 0.190909 0.518476 0.028030 0.019489
72 0.125000 0.748798 0.028030 0.019489
83 0.449053 0.271197 0.029167 0.019489
3868 0.517045 0.175778 0.029545 0.019489
127 0.189583 0.260061 0.038258 0.019489
88 0.190152 0.632498 0.015152 0.019742
107 0.712121 0.322450 0.019697 0.019742
76 0.252273 0.230068 0.020455 0.019742
107 0.518561 0.877246 0.021212 0.019742
66 0.121402 0.461655 0.022348 0.019742
87 0.118182 0.207542 0.026515 0.019742
83 0.782576 0.849911 0.028030 0.019742
1782 0.718182 0.548975 0.028788 0.019742
110 0.189015 0.299671 0.029545 0.019742
83 0.453409 0.679828 0.031061 0.019742
83 0.388636 0.353834 0.031818 0.019742
1880 0.469508 0.440268 0.017803 0.019995
300 0.191098 0.785750 0.026894 0.019995
91 0.448295 0.309922 0.032955 0.019995
3731 0.517992 0.565047 0.035985 0.019995
127 0.191856 0.227158 0.040530 0.019995
60 0.715720 0.885852 0.014015 0.020248
1831 0.472917 0.520121 0.023864 0.020248
110 0.254167 0.274614 0.028788 0.020248
110 0.124242 0.521893 0.028788 0.020248
124 0.187121 0.207036 0.031061 0.020248
2151 0.777273 0.298912 0.031818 0.020248
120 0.308712 0.354973 0.024242 0.020501
110 0.391477 0.763478 0.026136 0.020501
110 0.386174 0.268666 0.029167 0.020501
110 0.190720 0.749557 0.029167 0.020501
88 0.387500 0.333966 0.029545 0.020501
83 0.523106 0.809036 0.032576 0.020501
79 0.586553 0.495191 0.035227 0.020501
82 0.781629 0.671096 0.037500 0.020501
2177 0.780114 0.553404 0.042045 0.020501
721 0.469697 0.419134 0.019697 0.020754
2714 0.197727 0.153379 0.021970 0.020754
3868 0.170644 0.152620 0.024621 0.020754
721 0.718750 0.857504 0.027652 0.020754
110 0.453788 0.372058 0.028030 0.020754
300 0.125189 0.340167 0.028409 0.020754
300 0.586932 0.554796 0.032197 0.020754
302 0.454924 0.715009 0.035606 0.020754
107 0.451705 0.353202 0.019318 0.021007
74 0.517992 0.432422 0.019318 0.021007
107 0.318182 0.246140 0.020455 0.021007
300 0.322538 0.303088 0.029924 0.021007
83 0.518939 0.393192 0.032576 0.021007
69 0.584659 0.263098 0.032955 0.021007
88 0.193371 0.850797 0.033712 0.021007
83 0.257765 0.447355 0.036742 0.021007
870 0.519508 0.585295 0.039773 0.021007
253 0.385795 0.290812 0.023106 0.021260
87 0.653409 0.358137 0.027273 0.021260
83 0.585606 0.417110 0.032576 0.021260
98 0.187500 0.685902 0.037121 0.021260
870 0.255303 0.410023 0.039394 0.021260
98 0.186364 0.569476 0.041667 0.021260
85 0.781439 0.628069 0.013636 0.021514
85 0.057576 0.542521 0.015909 0.021514
107 0.189394 0.497469 0.018939 0.021514
2844 0.467992 0.482536 0.026136 0.021514
83 0.125758 0.423311 0.028788 0.021514
1115 0.716856 0.594660 0.029924 0.021514
98 0.382386 0.206150 0.032197 0.021514
2220 0.453788 0.640218 0.032576 0.021514
83 0.190341 0.651607 0.035985 0.021514
492 0.059280 0.355480 0.039773 0.021514
111 0.711932 0.223235 0.016288 0.021767
78 0.257576 0.515566 0.029545 0.021767
252 0.123106 0.362693 0.031818 0.021767
126 0.784091 0.472032 0.033333 0.021767
79 0.321591 0.207289 0.035606 0.021767
83 0.390530 0.849405 0.035606 0.021767
83 0.389205 0.668438 0.036742 0.021767
57 0.390909 0.705644 0.037879 0.021767
126 0.779545 0.351810 0.039394 0.021767
316 0.649242 0.225513 0.041667 0.021767
107 0.387879 0.742976 0.016667 0.022020
87 0.253220 0.207416 0.032197 0.022020
83 0.124432 0.708302 0.032955 0.022020
83 0.189773 0.395470 0.034091 0.022020
1761 0.058144 0.239560 0.037500 0.022020
3731 0.190720 0.808276 0.037500 0.022020
119 0.387689 0.453556 0.016288 0.022273
2677 0.125379 0.639332 0.025758 0.022273
4213 0.718561 0.617565 0.035606 0.022273
1375 0.714205 0.781068 0.038258 0.022273
58 0.117992 0.240572 0.014773 0.022526
505 0.341667 0.416477 0.015909 0.022526
107 0.517803 0.473424 0.018939 0.022526
1083 0.780492 0.576689 0.021591 0.022526
66 0.582008 0.516452 0.023864 0.022526
870 0.391856 0.810554 0.038258 0.022526
121 0.781439 0.731334 0.039394 0.022526
870 0.192045 0.830043 0.039394 0.022526
85 0.192235 0.536826 0.016288 0.022779
118 0.523674 0.454822 0.021591 0.022779
2593 0.778788 0.375348 0.021970 0.022779
119 0.716288 0.718805 0.022727 0.022779
87 0.782008 0.650974 0.029924 0.022779
87 0.585227 0.302961 0.031061 0.022779
79 0.193371 0.706910 0.032197 0.022779
76 0.519318 0.661858 0.033333 0.022779
3078 0.388447 0.310554 0.051136 0.022779
60 0.125379 0.802202 0.012879 0.023032
1879 0.771591 0.245128 0.024242 0.023032
58 0.387121 0.413693 0.025000 0.023032
1083 0.127652 0.662997 0.026515 0.023032
1251 0.256629 0.346368 0.029167 0.023032
87 0.521591 0.845482 0.030303 0.023032
83 0.588636 0.633890 0.034848 0.023032
107 0.519129 0.708175 0.014773 0.023285
118 0.455682 0.331309 0.016667 0.023285
83 0.780871 0.418881 0.028409 0.023285
51 0.585227 0.457099 0.032576 0.023285
3868 0.057386 0.474563 0.035985 0.023285
3735 0.717424 0.662744 0.027273 0.023538
83 0.456629 0.865730 0.029167 0.023538
3868 0.252462 0.171729 0.032197 0.023538
3868 0.055871 0.378765 0.033712 0.023538
76 0.259659 0.489876 0.033712 0.023538
2844 0.647727 0.276512 0.037121 0.023538
1921 0.518371 0.334978 0.037500 0.023538
107 0.122348 0.825108 0.017424 0.023791
107 0.383712 0.247532 0.018939 0.023791
107 0.188258 0.728676 0.019697 0.023791
1575 0.186553 0.613262 0.020833 0.023791
2203 0.389773 0.633257 0.034848 0.023791
3078 0.126515 0.385219 0.042424 0.023791
88 0.125000 0.688054 0.015152 0.024045
79 0.588636 0.718932 0.032576 0.024045
685 0.257765 0.367882 0.034470 0.024045
107 0.386174 0.475323 0.017803 0.024298
107 0.118750 0.279929 0.019318 0.024298
3868 0.340909 0.365730 0.020455 0.024298
2714 0.053409 0.327512 0.031818 0.024298
2203 0.189015 0.593014 0.034848 0.024298
107 0.452273 0.756138 0.018182 0.024551
118 0.516856 0.238547 0.025379 0.024551
2710 0.452652 0.799038 0.030303 0.024804
95 0.780303 0.398127 0.031061 0.024804
74 0.515530 0.211465 0.016667 0.025057
107 0.184659 0.277525 0.021591 0.025057
268 0.388258 0.787016 0.029545 0.025057
1251 0.586932 0.383574 0.032197 0.025057
344 0.455114 0.556188 0.035227 0.025057
53 0.519508 0.685143 0.014015 0.025310
117 0.781439 0.876487 0.020455 0.025310
1879 0.454545 0.733485 0.023485 0.025310
2203 0.588636 0.578335 0.037879 0.025310
107 0.512311 0.263351 0.018561 0.025563
2864 0.439394 0.403822 0.018939 0.025563
1364 0.447348 0.235763 0.046970 0.025563
2864 0.340152 0.488990 0.019697 0.025816
685 0.389773 0.572766 0.034091 0.025816
567 0.778409 0.496077 0.037121 0.025816
1189 0.451515 0.209061 0.043182 0.025816
870 0.520076 0.358770 0.034848 0.026069
127 0.390341 0.723488 0.035227 0.026069
58 0.255682 0.556821 0.022727 0.026322
121 0.056061 0.419387 0.037121 0.026322
76 0.589394 0.674513 0.037879 0.026322
4458 0.713258 0.265502 0.038636 0.026322
28 0.518182 0.309036 0.040909 0.026322
107 0.123106 0.500759 0.019697 0.026576
1411 0.716667 0.570109 0.034848 0.026576
344 0.390341 0.522020 0.036742 0.026576
1580 0.054924 0.448621 0.037879 0.026576
1575 0.584091 0.597570 0.023485 0.026829
107 0.251894 0.253607 0.024242 0.026829
1871 0.059470 0.285497 0.029545 0.026829
616 0.387121 0.547077 0.031818 0.027082
1115 0.343939 0.443305 0.032576 0.027082
4348 0.521402 0.767654 0.029924 0.027335
2100 0.456629 0.822577 0.039773 0.027335
28 0.190341 0.322703 0.041288 0.027335
1732 0.586932 0.357125 0.045076 0.027335
3562 0.516288 0.153505 0.034848 0.027588
344 0.124242 0.588079 0.035606 0.027588
28 0.586553 0.329157 0.041288 0.027588
119 0.653030 0.382435 0.015909 0.027841
3411 0.568182 0.151860 0.027273 0.027841
505 0.647727 0.315869 0.030303 0.027841
44 0.256061 0.301696 0.040909 0.027841
1880 0.058523 0.568970 0.021591 0.028347
3381 0.714394 0.367502 0.023485 0.028347
4030 0.054356 0.212731 0.032955 0.028600
4435 0.059659 0.517717 0.040530 0.028600
313 0.190530 0.351303 0.035606 0.028853
616 0.124053 0.612503 0.035227 0.029360
4458 0.782955 0.445457 0.039394 0.029360
60 0.778598 0.689952 0.014773 0.029866
2864 0.339773 0.339155 0.019697 0.029866
113 0.439015 0.522652 0.025000 0.029866
3868 0.455492 0.583903 0.023864 0.030372
1115 0.716477 0.503670 0.032197 0.030878
4501 0.453030 0.614022 0.034091 0.031384
53 0.587311 0.699190 0.015530 0.031638
4458 0.781818 0.605037 0.040152 0.031638
3381 0.778788 0.327259 0.020455 0.031891
68 0.781061 0.524424 0.007576 0.032397
3467 0.782576 0.780435 0.031818 0.033662
4089 0.391667 0.604024 0.028788 0.035687
3462 0.716288 0.810048 0.032576 0.035687
4458 0.717803 0.400658 0.043939 0.036446
296 0.717614 0.470767 0.029924 0.038977
