246 0.076833 0.760451 0.036064 0.005827
128 0.779106 0.754497 0.006664 0.008107
92 0.349863 0.610084 0.026264 0.009121
56 0.620345 0.372055 0.009800 0.009881
128 0.212662 0.520522 0.009800 0.009881
128 0.145433 0.731188 0.012544 0.010134
128 0.488044 0.289714 0.012544 0.010388
128 0.350843 0.300355 0.013328 0.010388
128 0.141513 0.767672 0.018032 0.010641
128 0.748726 0.624778 0.007840 0.011148
92 0.282242 0.320497 0.029792 0.011148
128 0.485888 0.515708 0.009800 0.011401
207 0.213250 0.448822 0.018032 0.011401
92 0.077617 0.746770 0.029792 0.011908
207 0.484712 0.439954 0.021560 0.012414
128 0.145629 0.318216 0.012936 0.012668
52 0.614857 0.634406 0.028616 0.012668
128 0.143473 0.677097 0.014112 0.012921
418 0.082909 0.881302 0.038024 0.012921
207 0.693846 0.733975 0.021952 0.013175
88 0.350059 0.664682 0.016464 0.013428
207 0.487064 0.761971 0.021560 0.013428
56 0.827519 0.347226 0.036064 0.013428
64 0.825167 0.330631 0.018816 0.013681
207 0.419639 0.302255 0.020776 0.013681
207 0.761466 0.420826 0.024696 0.013681
120 0.827715 0.648214 0.019208 0.013935
207 0.689142 0.436407 0.021168 0.013935
52 0.347707 0.827337 0.033712 0.013935
129 0.700314 0.256144 0.025480 0.014695
85 0.553900 0.552445 0.021168 0.014948
76 0.778518 0.827464 0.015680 0.015201
56 0.141513 0.849253 0.021168 0.015201
91 0.401019 0.496833 0.025872 0.015201
85 0.686005 0.857487 0.010976 0.015455
85 0.489612 0.859514 0.016464 0.015455
85 0.145041 0.532430 0.017248 0.015455
85 0.421991 0.425260 0.019992 0.015455
88 0.775382 0.788827 0.025088 0.015455
251 0.559584 0.308715 0.035672 0.015455
85 0.744806 0.715733 0.012544 0.015708
85 0.211878 0.562199 0.016856 0.015708
83 0.774598 0.879402 0.020384 0.015708
110 0.824971 0.632379 0.027048 0.015708
356 0.774990 0.812009 0.032928 0.015708
118 0.624265 0.834938 0.011368 0.015961
88 0.436887 0.496200 0.013720 0.015961
85 0.760878 0.553458 0.018032 0.015961
85 0.689338 0.554218 0.022344 0.015961
76 0.777342 0.743476 0.029008 0.015961
85 0.350647 0.543451 0.018424 0.016215
60 0.828695 0.430707 0.025088 0.016215
91 0.825363 0.271092 0.029400 0.016215
88 0.483732 0.723081 0.036064 0.016215
88 0.419051 0.257791 0.015680 0.016468
85 0.078793 0.359387 0.017248 0.016468
85 0.353391 0.283633 0.017640 0.016468
85 0.489024 0.275019 0.018424 0.016468
64 0.140337 0.692298 0.024304 0.016468
120 0.438456 0.635166 0.014504 0.016722
91 0.617993 0.747403 0.035672 0.016722
1006 0.144453 0.864707 0.042728 0.016722
128 0.281850 0.302382 0.010976 0.016975
52 0.146217 0.383963 0.034496 0.016975
56 0.828303 0.418926 0.035280 0.016975
861 0.484516 0.674563 0.040768 0.016975
56 0.617601 0.647074 0.011368 0.017228
252 0.079185 0.862934 0.030576 0.017228
56 0.622893 0.524196 0.031360 0.017228
85 0.487456 0.549405 0.014504 0.017482
85 0.139945 0.806815 0.021168 0.017482
356 0.434339 0.515455 0.031360 0.017482
60 0.774010 0.769445 0.009800 0.017735
85 0.285378 0.280720 0.021952 0.017735
300 0.078009 0.376235 0.024304 0.017735
127 0.622501 0.851279 0.039200 0.017735
88 0.744414 0.763998 0.023520 0.017988
91 0.823599 0.313023 0.026656 0.017988
300 0.487652 0.567646 0.029008 0.017988
60 0.743238 0.641500 0.014896 0.018242
60 0.693846 0.238662 0.023520 0.018242
68 0.689142 0.787433 0.033712 0.018242
56 0.695610 0.202179 0.038024 0.018242
113 0.695414 0.219914 0.040768 0.018242
98 0.144257 0.404611 0.043904 0.018242
87 0.399843 0.517228 0.021952 0.018495
1214 0.350647 0.623638 0.035672 0.018495
84 0.347511 0.846086 0.038024 0.018495
76 0.746178 0.608437 0.024696 0.019002
300 0.489024 0.877755 0.027048 0.019002
683 0.145041 0.605650 0.039200 0.019002
68 0.487848 0.256777 0.039592 0.019002
863 0.775578 0.862681 0.027048 0.019255
83 0.434731 0.533316 0.027440 0.019255
113 0.617993 0.546744 0.036456 0.019255
91 0.078597 0.254877 0.038808 0.019255
56 0.693650 0.752724 0.041944 0.019255
60 0.622501 0.302635 0.013328 0.019508
83 0.620149 0.452622 0.023520 0.019508
300 0.421991 0.445275 0.026264 0.019508
91 0.143081 0.880289 0.037632 0.019508
113 0.829283 0.518242 0.038808 0.019508
113 0.423559 0.378895 0.043512 0.019508
119 0.773814 0.843932 0.012544 0.019762
88 0.488632 0.397264 0.017640 0.019762
2714 0.227754 0.169242 0.029008 0.019762
88 0.621325 0.790980 0.039200 0.019762
69 0.424343 0.357233 0.041160 0.019762
83 0.554684 0.465290 0.032144 0.020015
4326 0.486280 0.172156 0.034104 0.020015
87 0.622893 0.473524 0.028224 0.020269
78 0.489612 0.498353 0.029008 0.020269
126 0.780870 0.718900 0.026656 0.020522
124 0.759702 0.228908 0.036064 0.020522
2595 0.558800 0.358627 0.037240 0.020522
300 0.349667 0.563213 0.026656 0.020775
68 0.283418 0.259184 0.036848 0.020775
2151 0.078989 0.396504 0.038808 0.020775
632 0.556252 0.418292 0.040768 0.020775
2489 0.145041 0.428173 0.044688 0.020775
2830 0.763426 0.152521 0.050568 0.020775
334 0.075069 0.812896 0.030184 0.021029
88 0.562525 0.288447 0.035280 0.021029
870 0.078989 0.688498 0.043512 0.021029
92 0.621129 0.430200 0.012936 0.021282
85 0.688750 0.483912 0.021168 0.021282
300 0.212662 0.582721 0.028616 0.021282
83 0.350451 0.709906 0.031360 0.021282
88 0.077617 0.472257 0.040768 0.021282
111 0.621717 0.407778 0.019600 0.021535
85 0.145825 0.364707 0.022736 0.021535
83 0.078401 0.728021 0.028224 0.021535
91 0.823795 0.699645 0.033320 0.021535
1927 0.826539 0.290474 0.034888 0.021535
68 0.689534 0.506334 0.039984 0.021535
2203 0.489612 0.379402 0.041552 0.021535
1214 0.827519 0.249557 0.032144 0.021789
88 0.082125 0.632632 0.041160 0.021789
69 0.216778 0.257664 0.047040 0.021789
83 0.616033 0.667976 0.027832 0.022042
83 0.483536 0.741449 0.032536 0.022042
83 0.829479 0.497720 0.032928 0.022042
78 0.212858 0.504054 0.033712 0.022042
870 0.695218 0.371041 0.048216 0.022042
107 0.757154 0.470991 0.020776 0.022295
300 0.143081 0.829491 0.030576 0.022295
60 0.617209 0.569166 0.016856 0.022549
58 0.613485 0.592222 0.018816 0.022549
88 0.284202 0.409805 0.036064 0.022549
121 0.624069 0.387256 0.036848 0.022549
91 0.281654 0.522295 0.040376 0.022549
4679 0.762838 0.171903 0.043904 0.022549
78 0.143669 0.751203 0.028616 0.022802
88 0.213838 0.405625 0.036456 0.022802
88 0.078793 0.709653 0.038416 0.022802
127 0.687966 0.807449 0.041552 0.022802
2677 0.829087 0.225868 0.025088 0.023055
87 0.437083 0.614517 0.027440 0.023055
3779 0.743630 0.790347 0.032144 0.023055
122 0.141905 0.713580 0.034496 0.023055
83 0.486476 0.418926 0.036848 0.023055
109 0.282634 0.469851 0.041552 0.023055
88 0.622305 0.354953 0.029400 0.023309
88 0.827911 0.393717 0.032144 0.023309
1762 0.078793 0.610844 0.039984 0.023309
1575 0.775970 0.697618 0.020776 0.023562
2193 0.743434 0.664682 0.023128 0.023562
1879 0.558996 0.225868 0.023520 0.023562
87 0.077421 0.556245 0.032536 0.023562
91 0.614857 0.615784 0.037240 0.023562
88 0.765778 0.377375 0.041160 0.023562
70 0.742846 0.814543 0.014896 0.023816
3322 0.436103 0.586775 0.020776 0.023816
78 0.147589 0.297948 0.030968 0.023816
4652 0.619169 0.815049 0.038808 0.023816
127 0.690318 0.769192 0.040768 0.023816
83 0.689534 0.415885 0.033712 0.024069
95 0.827911 0.477705 0.042336 0.024069
127 0.214818 0.538764 0.046256 0.024069
127 0.489024 0.530149 0.046648 0.024069
331 0.765190 0.315556 0.047040 0.024069
83 0.347511 0.435774 0.026264 0.024322
83 0.688750 0.712693 0.032144 0.024322
88 0.348295 0.803395 0.034888 0.024322
88 0.688946 0.691665 0.038808 0.024322
70 0.826539 0.541044 0.021560 0.024576
126 0.083301 0.276286 0.036456 0.024576
68 0.351039 0.262098 0.037240 0.024576
870 0.486084 0.627439 0.044688 0.024576
111 0.403567 0.473017 0.015288 0.024829
330 0.144061 0.579934 0.030968 0.024829
126 0.625049 0.279706 0.031752 0.024829
4360 0.621521 0.328097 0.033320 0.024829
87 0.555468 0.641753 0.033712 0.024829
1893 0.619953 0.769192 0.037240 0.024829
51 0.490788 0.204966 0.039200 0.024829
119 0.146609 0.337852 0.025872 0.025082
119 0.143669 0.784520 0.028616 0.025082
122 0.214622 0.281860 0.033320 0.025082
87 0.281458 0.544591 0.033712 0.025082
88 0.692278 0.395110 0.036064 0.025082
126 0.493336 0.231442 0.039592 0.025082
883 0.348687 0.687231 0.041160 0.025082
1257 0.072325 0.448569 0.042728 0.025082
370 0.422187 0.239549 0.043120 0.025082
69 0.498824 0.836078 0.019208 0.025336
83 0.212270 0.426653 0.027832 0.025336
83 0.417875 0.278946 0.029792 0.025336
4652 0.779302 0.636686 0.031360 0.025336
83 0.762054 0.399291 0.032928 0.025336
51 0.347119 0.463137 0.037240 0.025336
126 0.490004 0.808209 0.042336 0.025336
88 0.828107 0.587281 0.043512 0.025336
1932 0.350647 0.645554 0.044296 0.025336
104 0.218934 0.205473 0.045864 0.025336
119 0.693258 0.275779 0.030968 0.025589
83 0.617601 0.497466 0.030968 0.025589
118 0.826735 0.567266 0.021168 0.025842
70 0.826343 0.611857 0.021168 0.025842
78 0.143865 0.630859 0.030576 0.025842
505 0.780086 0.611730 0.012544 0.026096
4371 0.438652 0.560552 0.019600 0.026096
60 0.759702 0.204332 0.020384 0.026096
70 0.077421 0.581708 0.021560 0.026349
119 0.141317 0.656195 0.027048 0.026349
4646 0.198746 0.146694 0.029008 0.026349
122 0.827715 0.454269 0.032536 0.026349
334 0.560956 0.253610 0.039200 0.026349
126 0.081733 0.528756 0.039592 0.026349
685 0.486084 0.651634 0.043904 0.026349
70 0.689142 0.604383 0.022736 0.026602
675 0.351431 0.737902 0.032536 0.026602
87 0.761270 0.444008 0.034496 0.026602
2601 0.230498 0.145807 0.035280 0.026602
4180 0.142689 0.510388 0.039200 0.026602
2143 0.744022 0.742083 0.021952 0.026856
71 0.352999 0.869775 0.029400 0.026856
51 0.487456 0.783633 0.036456 0.026856
126 0.150921 0.454522 0.038416 0.026856
721 0.142885 0.554598 0.038808 0.026856
752 0.689338 0.876615 0.041944 0.026856
105 0.697766 0.458829 0.048608 0.026856
4679 0.742454 0.691538 0.032928 0.027109
87 0.762250 0.255004 0.033320 0.027109
126 0.353391 0.319356 0.034104 0.027109
1189 0.623285 0.694325 0.042336 0.027109
1880 0.554488 0.577654 0.028616 0.027363
126 0.350059 0.490246 0.038416 0.027363
3338 0.623677 0.721307 0.039984 0.027363
28 0.490984 0.311122 0.045864 0.027363
1879 0.558604 0.332531 0.027440 0.027616
752 0.761074 0.577021 0.044296 0.027616
111 0.283810 0.495566 0.021168 0.027869
791 0.078597 0.839372 0.039592 0.027869
4668 0.438652 0.472257 0.041552 0.027869
28 0.763818 0.285787 0.044296 0.027869
59 0.690710 0.529389 0.046256 0.028123
2412 0.555664 0.491133 0.046648 0.028123
28 0.699138 0.304788 0.044296 0.028376
1251 0.213838 0.380162 0.036456 0.028629
2833 0.690318 0.578794 0.043120 0.028629
28 0.217366 0.311502 0.043512 0.028629
2220 0.690122 0.666456 0.045864 0.028629
2479 0.145825 0.484672 0.033712 0.028883
53 0.215602 0.233215 0.014112 0.029136
119 0.554880 0.671016 0.016856 0.029136
3462 0.489220 0.148087 0.036064 0.029136
4686 0.697374 0.165569 0.043120 0.029136
68 0.556056 0.440841 0.009016 0.029389
53 0.421011 0.402331 0.015680 0.029389
3829 0.079773 0.304408 0.041944 0.029643
68 0.351235 0.407651 0.007840 0.029896
70 0.281458 0.439574 0.020384 0.029896
770 0.827911 0.750697 0.037632 0.029896
3936 0.215798 0.475298 0.043512 0.029896
3799 0.352607 0.383963 0.041944 0.030149
1932 0.284202 0.383582 0.045472 0.030403
4668 0.354567 0.589055 0.047432 0.030403
4646 0.078793 0.420699 0.025872 0.030656
957 0.779498 0.668482 0.030184 0.030656
69 0.353195 0.520142 0.021168 0.030910
870 0.486672 0.699645 0.041944 0.031163
2616 0.354763 0.349506 0.044688 0.031163
119 0.282242 0.574614 0.017248 0.031416
70 0.760094 0.497086 0.038416 0.031416
4664 0.552920 0.526729 0.043512 0.031416
4180 0.079773 0.337598 0.039592 0.031670
4501 0.692474 0.632759 0.051352 0.031670
4646 0.824383 0.722321 0.022736 0.031923
1831 0.554488 0.611224 0.041160 0.032176
111 0.082713 0.228528 0.026656 0.032430
505 0.148177 0.229921 0.020384 0.033190
4371 0.423755 0.329997 0.029008 0.033190
3145 0.420815 0.209400 0.024696 0.033696
4676 0.825363 0.672156 0.047432 0.033950
62 0.829087 0.369775 0.029008 0.034203
2915 0.078009 0.783760 0.038416 0.034203
4741 0.564093 0.387129 0.046256 0.034457
4089 0.490396 0.348746 0.044688 0.034710
957 0.078205 0.497466 0.038024 0.035217
4646 0.760486 0.527236 0.027440 0.035470
1921 0.485300 0.595389 0.037632 0.035470
4089 0.216582 0.348873 0.048216 0.035470
4371 0.486868 0.467317 0.029792 0.035723
1921 0.693258 0.340892 0.037240 0.035723
119 0.398275 0.545984 0.014112 0.035977
4646 0.688162 0.831011 0.024696 0.035977
1921 0.079969 0.658095 0.042336 0.036230
4164 0.349471 0.773879 0.044296 0.036737
707 0.764602 0.344946 0.045080 0.036737
4371 0.282634 0.228908 0.032144 0.037243
4371 0.353587 0.230555 0.026656 0.037497
957 0.145629 0.266405 0.044296 0.039777
3514 0.286358 0.349126 0.045864 0.040030
