56 0.476872 0.438181 0.014504 0.010894
92 0.275382 0.299088 0.027832 0.010894
92 0.277538 0.204712 0.032928 0.011148
56 0.476284 0.362427 0.012544 0.011401
207 0.413759 0.878895 0.018424 0.011654
207 0.749510 0.540410 0.018816 0.011654
64 0.752646 0.802762 0.017248 0.011908
207 0.683849 0.300608 0.018424 0.011908
56 0.413563 0.789334 0.013328 0.012414
88 0.344767 0.845326 0.015288 0.012414
207 0.818307 0.612997 0.019992 0.012414
57 0.617209 0.439448 0.027048 0.012414
207 0.346531 0.877375 0.020384 0.012668
207 0.482360 0.830378 0.020776 0.012921
61 0.624265 0.291741 0.034888 0.012921
207 0.069973 0.424373 0.021560 0.013175
207 0.815759 0.375855 0.020384 0.013428
207 0.406703 0.520775 0.021560 0.013428
207 0.415523 0.720927 0.021952 0.013428
207 0.068797 0.678110 0.022344 0.013428
61 0.346531 0.653028 0.032928 0.013428
64 0.274990 0.262985 0.018424 0.013681
207 0.747942 0.370915 0.021952 0.013681
207 0.549196 0.872815 0.021952 0.013681
92 0.349275 0.748417 0.035280 0.013681
56 0.824971 0.190651 0.013720 0.013935
207 0.549196 0.710540 0.021168 0.013935
120 0.752254 0.433114 0.022736 0.013935
207 0.207370 0.665189 0.022736 0.013935
207 0.547628 0.376869 0.024304 0.013935
110 0.480400 0.324424 0.025480 0.013935
56 0.616817 0.233468 0.036456 0.013935
113 0.479616 0.515708 0.038808 0.013935
95 0.750686 0.845199 0.033712 0.014188
1006 0.616229 0.454269 0.036064 0.014188
207 0.409447 0.326197 0.022344 0.014441
881 0.414935 0.808082 0.023912 0.014441
86 0.079381 0.717887 0.030184 0.014441
64 0.210114 0.187484 0.018816 0.014695
207 0.206586 0.440841 0.021952 0.014695
207 0.346531 0.598683 0.021952 0.014695
207 0.341043 0.386369 0.024304 0.014695
598 0.817915 0.685331 0.041944 0.014695
65 0.353391 0.763238 0.033320 0.014948
207 0.751666 0.762478 0.025480 0.015455
57 0.214426 0.205346 0.027440 0.015455
683 0.828695 0.879529 0.028224 0.015455
56 0.409055 0.382062 0.010584 0.015708
56 0.072521 0.758297 0.016464 0.015708
207 0.821247 0.776286 0.021952 0.015708
56 0.279302 0.186724 0.038808 0.015708
91 0.134065 0.217887 0.039200 0.015708
127 0.483340 0.877882 0.046256 0.015708
108 0.348687 0.778693 0.014504 0.015961
88 0.072129 0.857993 0.015680 0.015961
128 0.484516 0.712947 0.010192 0.016215
85 0.685221 0.487459 0.016464 0.016215
91 0.751666 0.817076 0.030184 0.016215
683 0.493140 0.287307 0.034496 0.016215
61 0.281262 0.217887 0.039592 0.016215
88 0.484124 0.799721 0.012544 0.016468
88 0.686985 0.265138 0.012936 0.016468
88 0.548804 0.831898 0.013328 0.016468
88 0.343003 0.558779 0.018032 0.016468
86 0.211878 0.482518 0.023128 0.016468
108 0.750294 0.556879 0.012544 0.016722
88 0.686985 0.740562 0.016856 0.016722
85 0.073893 0.778313 0.022344 0.016722
120 0.274010 0.361034 0.022736 0.016722
86 0.349667 0.455789 0.030576 0.016722
65 0.822423 0.395490 0.031360 0.016722
683 0.362015 0.712947 0.040376 0.016722
56 0.073305 0.188244 0.041552 0.016722
88 0.411799 0.289460 0.014504 0.016975
88 0.410623 0.682924 0.017640 0.016975
123 0.819483 0.463770 0.019208 0.016975
85 0.071737 0.536483 0.019600 0.016975
60 0.206586 0.359387 0.029008 0.016975
56 0.069189 0.442741 0.039592 0.016975
683 0.560172 0.508107 0.041552 0.016975
1173 0.688358 0.802255 0.042336 0.016975
88 0.546648 0.337725 0.012936 0.017228
85 0.209918 0.798328 0.020776 0.017228
83 0.552920 0.189764 0.028616 0.017228
65 0.689338 0.318723 0.030968 0.017228
68 0.482556 0.845959 0.038416 0.017228
88 0.821443 0.734355 0.016072 0.017482
110 0.343199 0.424500 0.025480 0.017482
52 0.681693 0.409805 0.035280 0.017482
683 0.489416 0.378389 0.037240 0.017482
56 0.483340 0.609704 0.039984 0.017482
495 0.134261 0.348746 0.041160 0.017482
88 0.751666 0.725361 0.016856 0.017735
85 0.073305 0.230808 0.018816 0.017735
108 0.751274 0.786167 0.020776 0.017735
72 0.476284 0.564733 0.030576 0.017735
81 0.544492 0.543197 0.040768 0.017735
85 0.821247 0.841525 0.017248 0.017988
68 0.344571 0.188624 0.043120 0.017988
88 0.749706 0.498860 0.012936 0.018242
118 0.686201 0.392197 0.028616 0.018242
110 0.818503 0.664049 0.032144 0.018242
104 0.486084 0.863441 0.036064 0.018242
56 0.351039 0.732708 0.043512 0.018242
108 0.345551 0.616291 0.012936 0.018495
88 0.070757 0.638080 0.016072 0.018495
88 0.411407 0.483025 0.019208 0.018495
252 0.817327 0.284393 0.028224 0.018495
110 0.621129 0.276539 0.028616 0.018495
287 0.280086 0.717380 0.049784 0.018495
83 0.348491 0.861540 0.052528 0.018495
68 0.691494 0.758551 0.007056 0.018748
88 0.547236 0.672663 0.014896 0.018748
88 0.275186 0.408918 0.017248 0.018748
108 0.413759 0.600963 0.019992 0.018748
120 0.347119 0.670129 0.023912 0.018748
83 0.547824 0.725868 0.026264 0.018748
68 0.212662 0.874968 0.007448 0.019002
88 0.812819 0.338865 0.013720 0.019002
88 0.619561 0.191665 0.015288 0.019002
88 0.411603 0.851406 0.021952 0.019002
91 0.411015 0.581581 0.028616 0.019002
300 0.211486 0.816950 0.035672 0.019002
68 0.482164 0.189891 0.039200 0.019002
2151 0.211094 0.836965 0.039592 0.019002
88 0.343787 0.345326 0.013328 0.019255
86 0.491768 0.692171 0.028616 0.019255
356 0.273814 0.428173 0.041944 0.019255
88 0.207762 0.624905 0.015680 0.019508
117 0.484908 0.622371 0.016464 0.019508
110 0.478832 0.421713 0.034104 0.019508
109 0.210898 0.857233 0.034496 0.019508
252 0.749314 0.451609 0.036456 0.019508
683 0.491768 0.478718 0.038024 0.019508
127 0.342611 0.441475 0.044688 0.019508
56 0.212074 0.683430 0.044688 0.019508
88 0.204822 0.400557 0.015288 0.019762
88 0.136417 0.330124 0.017248 0.019762
107 0.615249 0.402331 0.019992 0.019762
83 0.486084 0.815556 0.037632 0.019762
2151 0.685417 0.530023 0.039592 0.019762
88 0.815955 0.574740 0.016072 0.020015
88 0.069777 0.384469 0.018032 0.020015
85 0.211682 0.534203 0.018816 0.020015
83 0.418267 0.864834 0.040768 0.020015
82 0.549000 0.412085 0.047432 0.020015
85 0.071541 0.478338 0.015288 0.020269
107 0.749902 0.829744 0.018032 0.020269
68 0.410035 0.539144 0.036848 0.020269
99 0.071737 0.458576 0.050960 0.020269
51 0.415915 0.738916 0.032144 0.020522
68 0.411995 0.189891 0.038416 0.020522
69 0.482752 0.498733 0.043512 0.020522
108 0.546452 0.395237 0.013328 0.020775
120 0.274598 0.672156 0.023912 0.020775
300 0.485692 0.731188 0.028224 0.020775
110 0.410231 0.365341 0.033320 0.020775
56 0.545080 0.526476 0.034888 0.020775
77 0.484712 0.342792 0.036456 0.020775
109 0.688358 0.550798 0.039200 0.020775
99 0.211290 0.730428 0.046256 0.020775
3211 0.689338 0.218140 0.049000 0.020775
60 0.273030 0.530656 0.016072 0.021029
51 0.343983 0.405751 0.030184 0.021029
83 0.412583 0.307702 0.035672 0.021029
3731 0.548804 0.791107 0.040768 0.021029
83 0.073305 0.873448 0.044688 0.021029
68 0.281066 0.655181 0.007840 0.021282
66 0.818307 0.798074 0.019208 0.021282
110 0.819875 0.861667 0.030184 0.021282
300 0.683849 0.507221 0.034104 0.021282
109 0.683261 0.428680 0.036064 0.021282
252 0.341043 0.509248 0.037632 0.021282
98 0.550764 0.747150 0.038416 0.021282
2193 0.556840 0.134533 0.043512 0.021282
870 0.551744 0.811756 0.044296 0.021282
107 0.817131 0.442235 0.019208 0.021535
107 0.552136 0.233468 0.019992 0.021535
83 0.816347 0.357107 0.034104 0.021535
300 0.073305 0.799721 0.035280 0.021535
978 0.276754 0.315303 0.039200 0.021535
113 0.071541 0.697618 0.045864 0.021535
3591 0.211290 0.158475 0.047824 0.021535
3211 0.211486 0.583101 0.052136 0.021535
60 0.615053 0.422093 0.017248 0.021789
83 0.211290 0.644540 0.032144 0.021789
4377 0.687770 0.875095 0.042728 0.021789
121 0.280870 0.283000 0.053704 0.021789
300 0.209918 0.556752 0.029400 0.022042
68 0.757546 0.195212 0.034888 0.022042
2193 0.690906 0.853180 0.034888 0.022042
82 0.752842 0.570940 0.045080 0.022042
53 0.617797 0.213580 0.010976 0.022295
61 0.753430 0.594882 0.028224 0.022295
252 0.277146 0.581708 0.033712 0.022295
51 0.411995 0.344565 0.036848 0.022295
83 0.690514 0.780339 0.037240 0.022295
2203 0.414543 0.272865 0.038808 0.022295
126 0.549000 0.560426 0.043512 0.022295
51 0.481968 0.304408 0.031752 0.022549
126 0.822815 0.821003 0.036064 0.022549
83 0.276166 0.448822 0.038024 0.022549
4735 0.553508 0.158221 0.039200 0.022549
83 0.074677 0.656575 0.041160 0.022549
83 0.416307 0.501773 0.045472 0.022549
107 0.551352 0.766912 0.018424 0.022802
98 0.549588 0.212820 0.039200 0.022802
99 0.208546 0.461110 0.044688 0.022802
83 0.687574 0.281860 0.036064 0.023055
83 0.550372 0.692045 0.036848 0.023055
83 0.617013 0.339372 0.037632 0.023055
83 0.817523 0.594502 0.038808 0.023055
344 0.755978 0.275526 0.041944 0.023055
757 0.070953 0.842792 0.043120 0.023055
82 0.614661 0.382949 0.043904 0.023055
51 0.682673 0.369141 0.031752 0.023309
83 0.341827 0.365847 0.032928 0.023309
83 0.346531 0.579681 0.036064 0.023309
685 0.690514 0.194578 0.037240 0.023309
83 0.069189 0.404358 0.040376 0.023309
109 0.073109 0.251837 0.045080 0.023309
92 0.277146 0.632252 0.019600 0.023562
107 0.547040 0.458449 0.020776 0.023562
3553 0.275774 0.694832 0.030968 0.023562
83 0.754410 0.741956 0.037240 0.023562
83 0.821443 0.755130 0.038808 0.023562
83 0.206978 0.420193 0.040768 0.023562
978 0.070757 0.822777 0.043512 0.023562
109 0.071933 0.498733 0.046648 0.023562
83 0.752058 0.518622 0.031752 0.023816
83 0.137201 0.371675 0.032144 0.023816
4445 0.212074 0.134026 0.040768 0.023816
88 0.750882 0.324170 0.016072 0.024069
107 0.754802 0.413859 0.018424 0.024069
58 0.822031 0.212440 0.024304 0.024069
1575 0.544884 0.655308 0.025872 0.024069
104 0.484712 0.212693 0.034104 0.024069
109 0.210702 0.256524 0.038808 0.024069
83 0.751666 0.348999 0.039592 0.024069
2203 0.484320 0.784520 0.041160 0.024069
109 0.548216 0.584875 0.045080 0.024069
126 0.079773 0.737902 0.045864 0.024069
120 0.747354 0.618191 0.026264 0.024322
51 0.480008 0.398784 0.034888 0.024322
83 0.552136 0.853306 0.038024 0.024322
83 0.548020 0.357740 0.039200 0.024322
83 0.415523 0.702432 0.040768 0.024576
109 0.824187 0.236509 0.043512 0.024576
494 0.073697 0.128325 0.045472 0.024576
76 0.347119 0.229035 0.022344 0.024829
87 0.482948 0.670383 0.029792 0.024829
76 0.757154 0.394223 0.038024 0.024829
370 0.754606 0.704332 0.046256 0.024829
82 0.350451 0.632632 0.047040 0.024829
70 0.142297 0.485305 0.019600 0.025082
300 0.072129 0.558272 0.030576 0.025082
2203 0.550372 0.638080 0.043904 0.025082
1375 0.688554 0.602863 0.045080 0.025082
53 0.617601 0.363821 0.013720 0.025336
53 0.482752 0.644540 0.015288 0.025336
107 0.345943 0.691665 0.023128 0.025336
70 0.548216 0.433240 0.023912 0.025336
1575 0.072717 0.364074 0.024696 0.025336
509 0.551352 0.319990 0.037240 0.025336
96 0.623089 0.254370 0.041160 0.025336
104 0.413759 0.562452 0.041160 0.025336
126 0.281262 0.606410 0.041160 0.025589
2203 0.070561 0.342665 0.041552 0.025589
364 0.415719 0.828857 0.045080 0.025589
119 0.140925 0.577401 0.020776 0.025842
62 0.759702 0.220927 0.032928 0.025842
104 0.412191 0.213833 0.033320 0.025842
3553 0.070757 0.154041 0.037240 0.025842
99 0.073305 0.208006 0.043904 0.025842
87 0.278714 0.338105 0.032928 0.026096
28 0.212466 0.317076 0.043904 0.026096
87 0.684633 0.465163 0.035672 0.026349
68 0.213054 0.381429 0.011368 0.026602
104 0.347511 0.210160 0.038024 0.026602
127 0.484124 0.587155 0.047824 0.026602
76 0.411211 0.765645 0.019600 0.026856
76 0.478244 0.456803 0.021952 0.026856
119 0.620933 0.313023 0.019600 0.027109
119 0.482948 0.265645 0.020384 0.027109
90 0.212662 0.706233 0.037240 0.027109
126 0.143081 0.429313 0.038416 0.027109
401 0.819287 0.517735 0.043904 0.027109
107 0.749118 0.641753 0.026656 0.027363
51 0.139749 0.550291 0.035672 0.027363
271 0.689926 0.631112 0.038416 0.027363
81 0.209330 0.343299 0.041552 0.027363
28 0.552136 0.261971 0.042728 0.027363
344 0.071933 0.587028 0.045864 0.027363
2193 0.276166 0.555232 0.031752 0.027616
1251 0.346727 0.829111 0.036456 0.027616
58 0.680909 0.344819 0.025872 0.027869
3948 0.273226 0.473271 0.035280 0.027869
401 0.413955 0.628579 0.051744 0.027869
28 0.072129 0.314289 0.041552 0.028123
53 0.482360 0.236635 0.016072 0.028376
1251 0.210114 0.606410 0.037632 0.028629
2718 0.686985 0.685964 0.039592 0.028629
3906 0.818699 0.711046 0.040376 0.028629
2396 0.137201 0.308715 0.040768 0.028629
3560 0.278126 0.384976 0.052136 0.028629
70 0.818307 0.638206 0.026264 0.028883
2627 0.554684 0.292374 0.038416 0.028883
1396 0.411407 0.458829 0.044296 0.028883
2396 0.140337 0.401317 0.047040 0.028883
68 0.550960 0.484039 0.007448 0.029136
58 0.813995 0.418672 0.029400 0.029136
111 0.276558 0.241069 0.032536 0.029136
4038 0.483340 0.756904 0.037632 0.029136
2152 0.350843 0.804662 0.040768 0.029389
90 0.210506 0.227515 0.046256 0.029389
3078 0.344767 0.535723 0.048216 0.029643
60 0.688750 0.656955 0.015680 0.029896
58 0.343591 0.257411 0.023128 0.029896
616 0.754998 0.301748 0.035280 0.029896
577 0.688358 0.241196 0.040768 0.029896
4727 0.685809 0.715733 0.049000 0.029896
3078 0.754606 0.476564 0.049392 0.029896
70 0.413955 0.400431 0.037632 0.030149
68 0.551156 0.611604 0.007056 0.030403
53 0.340455 0.479858 0.016856 0.030403
2379 0.412191 0.658221 0.041944 0.030403
68 0.824579 0.488346 0.008232 0.030656
68 0.690906 0.446668 0.006664 0.030910
68 0.695610 0.572840 0.007448 0.030910
68 0.687574 0.833291 0.007840 0.030910
4089 0.415719 0.244489 0.036456 0.030910
53 0.204626 0.757157 0.018816 0.031163
616 0.071541 0.612490 0.041160 0.031163
68 0.423755 0.762605 0.008624 0.031416
1720 0.342807 0.325817 0.030184 0.031416
53 0.476480 0.540157 0.017640 0.031923
2379 0.818895 0.547378 0.047824 0.032176
4528 0.274402 0.504560 0.028224 0.032683
2269 0.143473 0.458703 0.043120 0.032683
68 0.075265 0.513301 0.009408 0.032936
53 0.205410 0.507727 0.016464 0.032936
2222 0.137789 0.281226 0.045864 0.032936
975 0.136025 0.245123 0.044688 0.033190
3945 0.415719 0.430073 0.049784 0.033190
3510 0.752254 0.869394 0.036848 0.034710
68 0.825559 0.258677 0.007840 0.034963
3145 0.752058 0.673169 0.030968 0.034963
68 0.076637 0.281606 0.009800 0.036230
969 0.144845 0.195212 0.045864 0.036230
296 0.138377 0.518368 0.025088 0.036483
47 0.212662 0.770332 0.028616 0.038257
47 0.760682 0.241576 0.023128 0.040790
3510 0.345159 0.292374 0.038808 0.041044
68 0.615837 0.482772 0.007840 0.041297
68 0.210114 0.281986 0.007056 0.041551
4164 0.820071 0.317330 0.039984 0.042817
