246 0.818111 0.813276 0.036848 0.006081
246 0.341043 0.425260 0.042336 0.006334
92 0.686397 0.308969 0.029008 0.010894
92 0.409447 0.807449 0.034888 0.012161
120 0.682085 0.403724 0.019600 0.012414
207 0.549588 0.418419 0.021952 0.012414
207 0.416503 0.642767 0.023128 0.012668
698 0.272638 0.400051 0.027048 0.012668
207 0.753822 0.462250 0.021168 0.012921
207 0.068993 0.700152 0.021952 0.012921
101 0.482360 0.652268 0.045080 0.012921
207 0.750098 0.192045 0.020776 0.013175
207 0.481772 0.411452 0.022736 0.013175
207 0.814191 0.489612 0.022736 0.013428
207 0.552332 0.647960 0.023520 0.013428
56 0.136417 0.488726 0.013328 0.013681
128 0.684045 0.272612 0.014112 0.013681
207 0.411407 0.232075 0.022344 0.013681
207 0.137985 0.724221 0.021168 0.013935
207 0.206194 0.392577 0.025872 0.013935
57 0.072717 0.761464 0.029400 0.013935
85 0.686985 0.763871 0.018424 0.014188
207 0.413563 0.445908 0.021952 0.014188
120 0.754214 0.764125 0.021952 0.014188
207 0.410819 0.819610 0.023520 0.014188
207 0.140141 0.424120 0.024696 0.014188
56 0.552920 0.692045 0.016856 0.014441
85 0.066249 0.806309 0.024304 0.014441
128 0.686005 0.235622 0.011760 0.014695
56 0.410819 0.852800 0.044688 0.014695
56 0.336927 0.527109 0.016072 0.014948
207 0.068797 0.423740 0.023912 0.014948
127 0.137789 0.797188 0.049000 0.014948
56 0.413367 0.678743 0.015288 0.015201
56 0.412779 0.482898 0.016464 0.015201
207 0.484124 0.588548 0.024304 0.015201
85 0.753234 0.554978 0.020776 0.015455
85 0.684829 0.726754 0.024304 0.015455
683 0.833203 0.192678 0.028616 0.015455
81 0.818699 0.232202 0.039592 0.015455
85 0.343983 0.190271 0.020776 0.015708
85 0.411799 0.836078 0.023128 0.015708
683 0.490788 0.695718 0.029792 0.015708
57 0.211878 0.441601 0.030184 0.015708
287 0.755978 0.828984 0.048216 0.015708
88 0.208546 0.349126 0.018032 0.016215
85 0.819091 0.290094 0.020776 0.016215
85 0.683653 0.545984 0.023520 0.016215
881 0.754606 0.382062 0.026656 0.016215
300 0.065269 0.821637 0.028616 0.016215
85 0.340651 0.565619 0.023520 0.016468
88 0.820659 0.881049 0.023912 0.016468
287 0.687770 0.778946 0.052136 0.016468
88 0.755390 0.427287 0.012544 0.016975
88 0.411015 0.407018 0.018424 0.016975
85 0.204430 0.490372 0.023128 0.016975
85 0.136221 0.850899 0.023128 0.016975
64 0.617993 0.218900 0.023128 0.017228
287 0.278322 0.451482 0.050176 0.017228
88 0.137201 0.387003 0.017248 0.017482
88 0.137985 0.685204 0.017248 0.017482
85 0.414347 0.661135 0.025088 0.017482
86 0.142689 0.779959 0.036064 0.017482
88 0.410427 0.774512 0.014112 0.017735
85 0.340259 0.510008 0.023520 0.017735
85 0.553312 0.520649 0.024696 0.017735
85 0.483536 0.427920 0.025480 0.017735
881 0.069385 0.719280 0.030576 0.017735
91 0.339475 0.231822 0.032928 0.017735
81 0.477460 0.787433 0.036848 0.017735
56 0.480596 0.448188 0.039984 0.017735
55 0.140533 0.444135 0.040376 0.017735
88 0.476088 0.369775 0.016072 0.017988
88 0.477460 0.544337 0.017248 0.017988
56 0.066837 0.218014 0.019992 0.017988
85 0.136417 0.579301 0.026656 0.017988
547 0.553900 0.321130 0.044688 0.017988
85 0.413955 0.463897 0.023520 0.018242
1810 0.683261 0.328604 0.025088 0.018242
120 0.684829 0.253610 0.026656 0.018242
721 0.682085 0.827717 0.029792 0.018242
56 0.483144 0.715987 0.044296 0.018242
88 0.411211 0.601850 0.015680 0.018495
91 0.271658 0.244616 0.035280 0.018495
56 0.481576 0.608437 0.041160 0.018495
1173 0.753822 0.598556 0.043904 0.018495
633 0.555076 0.565873 0.047824 0.018495
99 0.339671 0.409552 0.049000 0.018495
88 0.685221 0.607550 0.014112 0.018748
108 0.342611 0.708639 0.018816 0.018748
85 0.068209 0.542184 0.026656 0.018748
56 0.754998 0.256144 0.043904 0.018748
119 0.341827 0.345452 0.015680 0.019002
108 0.134653 0.506081 0.021560 0.019002
85 0.481184 0.194198 0.025480 0.019002
86 0.349667 0.728021 0.032928 0.019002
56 0.479812 0.218520 0.046256 0.019002
108 0.749510 0.503167 0.016464 0.019255
88 0.408467 0.191791 0.018816 0.019255
85 0.754606 0.302762 0.025088 0.019255
108 0.818111 0.578414 0.025872 0.019255
85 0.818307 0.599696 0.026264 0.019255
64 0.066249 0.442361 0.031360 0.019255
113 0.548216 0.458323 0.045080 0.019255
92 0.820659 0.250190 0.021560 0.019508
83 0.754410 0.445782 0.035672 0.019508
287 0.823599 0.774892 0.047040 0.019508
1810 0.688162 0.650621 0.023128 0.019762
721 0.826343 0.701292 0.029008 0.019762
83 0.477068 0.807449 0.032928 0.019762
127 0.139161 0.767672 0.054096 0.019762
88 0.065661 0.381176 0.016856 0.020015
88 0.815171 0.446035 0.018424 0.020015
66 0.684437 0.217000 0.022736 0.020015
83 0.408271 0.790600 0.038024 0.020015
108 0.549980 0.502660 0.021168 0.020269
300 0.687966 0.745883 0.032144 0.020269
300 0.139161 0.870281 0.035280 0.020269
683 0.819679 0.797314 0.044688 0.020269
56 0.412583 0.249810 0.049784 0.020269
300 0.069581 0.563086 0.038024 0.020522
69 0.549000 0.437421 0.043512 0.020522
870 0.552528 0.585635 0.047432 0.020522
53 0.480988 0.827717 0.015680 0.020775
85 0.547824 0.759564 0.022344 0.020775
129 0.551940 0.243729 0.026656 0.020775
300 0.341631 0.584495 0.035672 0.020775
83 0.342023 0.816570 0.038024 0.020775
3731 0.410819 0.356980 0.043120 0.020775
108 0.551156 0.736635 0.021952 0.021029
92 0.817915 0.557259 0.023912 0.021029
83 0.408859 0.211933 0.031360 0.021029
300 0.208350 0.511654 0.035672 0.021029
2710 0.479028 0.851406 0.036064 0.021029
1415 0.683457 0.586901 0.046648 0.021029
108 0.818895 0.271599 0.018032 0.021282
60 0.136613 0.191285 0.019208 0.021282
107 0.135045 0.215860 0.022344 0.021282
62 0.343591 0.209273 0.040376 0.021282
300 0.685809 0.565619 0.034104 0.021535
300 0.819091 0.309729 0.035672 0.021535
91 0.750686 0.810869 0.036848 0.021535
108 0.687574 0.675956 0.014896 0.021789
1810 0.751666 0.480618 0.023912 0.021789
107 0.482752 0.735749 0.023912 0.021789
60 0.815171 0.508741 0.024696 0.021789
300 0.139945 0.599189 0.037632 0.021789
757 0.825755 0.681784 0.038024 0.021789
108 0.553704 0.266658 0.026264 0.022042
3553 0.273422 0.544084 0.034104 0.022042
252 0.816935 0.334558 0.036064 0.022042
300 0.553704 0.541804 0.037240 0.022042
87 0.681497 0.454396 0.038024 0.022042
88 0.688554 0.195465 0.040376 0.022042
83 0.136221 0.404231 0.043512 0.022042
88 0.548608 0.377502 0.019992 0.022295
87 0.754214 0.743856 0.030576 0.022295
2677 0.273422 0.350899 0.033320 0.022295
88 0.553900 0.608057 0.041552 0.022295
87 0.621325 0.265518 0.043120 0.022295
4486 0.136025 0.135673 0.036848 0.022549
93 0.143081 0.238789 0.036848 0.022549
331 0.070365 0.592222 0.051352 0.022549
60 0.816739 0.212567 0.020776 0.022802
70 0.063505 0.743096 0.037632 0.022802
3593 0.136613 0.158601 0.049784 0.022802
300 0.755194 0.325944 0.032536 0.023055
83 0.546648 0.399417 0.036456 0.023055
978 0.415719 0.557005 0.042728 0.023055
88 0.072325 0.657081 0.043512 0.023055
3629 0.063309 0.158728 0.044296 0.023055
3575 0.549196 0.161262 0.048608 0.023055
119 0.340847 0.751203 0.019208 0.023309
107 0.411995 0.270585 0.025872 0.023309
300 0.751862 0.575374 0.033712 0.023309
62 0.343395 0.545731 0.036064 0.023309
83 0.551156 0.626298 0.039984 0.023309
93 0.760290 0.233468 0.034888 0.023562
51 0.137397 0.746516 0.035672 0.023562
83 0.751078 0.656068 0.036064 0.023562
87 0.275774 0.570433 0.039592 0.023562
331 0.139357 0.326957 0.048216 0.023562
1786 0.275578 0.221561 0.051744 0.023562
300 0.549588 0.783126 0.032144 0.023816
4301 0.069189 0.873068 0.048216 0.023816
117 0.340259 0.388523 0.017248 0.024069
108 0.817131 0.752090 0.017640 0.024069
83 0.341043 0.366228 0.032928 0.024069
83 0.410427 0.620345 0.035280 0.024069
62 0.483340 0.467824 0.036848 0.024069
83 0.135829 0.703952 0.041944 0.024069
60 0.682673 0.478591 0.015288 0.024322
92 0.546452 0.221434 0.023520 0.024322
59 0.417287 0.501393 0.034104 0.024322
3735 0.682281 0.381809 0.036456 0.024322
300 0.818895 0.622245 0.036848 0.024322
2159 0.682085 0.501140 0.040768 0.024322
83 0.412387 0.426146 0.041552 0.024322
1189 0.690318 0.874082 0.048608 0.024322
2441 0.686201 0.847479 0.049000 0.024322
93 0.556056 0.713073 0.029400 0.024576
83 0.479420 0.565366 0.031360 0.024576
83 0.477852 0.390043 0.032928 0.024576
87 0.484516 0.630479 0.034496 0.024576
83 0.686201 0.627439 0.036456 0.024576
83 0.066837 0.400431 0.038808 0.024576
870 0.480596 0.522295 0.048608 0.024576
105 0.070757 0.490372 0.049000 0.024576
53 0.548216 0.195592 0.015288 0.024829
78 0.136221 0.268052 0.034104 0.024829
83 0.069581 0.677730 0.035672 0.024829
978 0.274990 0.420066 0.041944 0.024829
3575 0.619365 0.197365 0.061152 0.024829
92 0.820071 0.726501 0.026656 0.025082
78 0.818307 0.534710 0.032536 0.025082
93 0.143081 0.530403 0.032928 0.025082
364 0.756566 0.404484 0.043904 0.025082
93 0.554880 0.480618 0.030184 0.025336
119 0.754410 0.277933 0.030968 0.025336
78 0.204038 0.227515 0.031752 0.025336
78 0.135829 0.557385 0.032536 0.025336
757 0.412387 0.580187 0.043904 0.025336
3607 0.479420 0.160628 0.044688 0.025336
331 0.210702 0.290094 0.051352 0.025336
83 0.206194 0.370281 0.032144 0.025589
83 0.813995 0.467570 0.038024 0.025589
88 0.347315 0.772359 0.042336 0.025589
93 0.071541 0.240056 0.047432 0.025589
3258 0.277930 0.326577 0.043904 0.025842
3605 0.480596 0.134533 0.047040 0.025842
92 0.204626 0.194832 0.028224 0.026349
95 0.753626 0.212313 0.044296 0.026349
1834 0.688946 0.290600 0.045864 0.026349
111 0.754214 0.787560 0.025088 0.026602
126 0.687181 0.355587 0.036848 0.026602
395 0.820855 0.860527 0.045472 0.026602
2100 0.481380 0.873448 0.051744 0.026602
509 0.479420 0.347606 0.038416 0.026856
1782 0.274598 0.271852 0.041160 0.026856
486 0.347511 0.839625 0.043512 0.026856
1831 0.754410 0.872815 0.045864 0.026856
121 0.621717 0.241956 0.048608 0.026856
3078 0.819091 0.358753 0.054488 0.026856
119 0.274010 0.596022 0.019600 0.027109
74 0.069581 0.518495 0.026264 0.027109
126 0.348295 0.288954 0.041160 0.027109
2203 0.411407 0.729035 0.041160 0.027109
69 0.070953 0.195212 0.049392 0.027109
3659 0.067621 0.134913 0.051352 0.027109
70 0.683653 0.524449 0.025088 0.027363
1880 0.274206 0.298708 0.025480 0.027363
58 0.411407 0.298455 0.027832 0.027363
60 0.272638 0.375602 0.018424 0.027616
63 0.417091 0.869394 0.045472 0.027616
28 0.553116 0.294781 0.046256 0.027616
119 0.064877 0.784140 0.021560 0.027869
1921 0.480008 0.495060 0.042728 0.027869
126 0.556056 0.669876 0.045080 0.027869
28 0.481380 0.284520 0.045472 0.027869
3572 0.547824 0.137066 0.049784 0.027869
316 0.756174 0.850013 0.052528 0.027869
68 0.345943 0.790854 0.008232 0.028123
68 0.073697 0.468330 0.010192 0.028123
119 0.410231 0.328984 0.033320 0.028123
3098 0.278126 0.193438 0.049784 0.028123
1286 0.066641 0.844946 0.043904 0.028376
28 0.069581 0.299215 0.045864 0.028376
1880 0.344375 0.868381 0.027048 0.028629
509 0.067817 0.360654 0.037632 0.028629
104 0.138377 0.470864 0.039984 0.028629
96 0.485888 0.674183 0.046648 0.028883
28 0.138769 0.297441 0.047040 0.028883
119 0.411603 0.529643 0.021952 0.029136
59 0.485300 0.762478 0.036064 0.029136
28 0.212270 0.258297 0.046648 0.029136
2351 0.687377 0.802255 0.050568 0.029136
119 0.620933 0.292121 0.018816 0.029389
3322 0.755194 0.717760 0.045864 0.029389
78 0.068601 0.270079 0.033712 0.029896
2627 0.481968 0.317203 0.041160 0.029896
2844 0.818895 0.832531 0.045472 0.029896
4260 0.679145 0.428047 0.031752 0.030149
4371 0.343983 0.682417 0.034104 0.030149
1575 0.409839 0.753230 0.023128 0.030403
58 0.408467 0.697745 0.032928 0.030403
1831 0.278126 0.475551 0.045864 0.030403
1880 0.756174 0.355080 0.027440 0.030656
1831 0.816935 0.651001 0.042336 0.030656
2377 0.344963 0.320117 0.047040 0.030656
119 0.204430 0.465923 0.019992 0.030910
870 0.414151 0.384089 0.038808 0.030910
2844 0.343003 0.448822 0.046256 0.031163
3593 0.201490 0.148847 0.051744 0.031163
68 0.753234 0.627185 0.007448 0.031670
1880 0.344375 0.612490 0.027832 0.031670
2627 0.069581 0.330251 0.045080 0.031670
1251 0.818111 0.424626 0.041552 0.031923
70 0.206586 0.416519 0.024304 0.032430
4348 0.547628 0.348493 0.038416 0.032683
577 0.137593 0.659868 0.046256 0.032683
62 0.483144 0.246263 0.038808 0.032936
71 0.756174 0.530656 0.034496 0.033190
3945 0.142101 0.627312 0.045864 0.033443
4209 0.753234 0.686597 0.046648 0.033950
4371 0.341631 0.480745 0.035672 0.034203
1087 0.339671 0.257537 0.032536 0.034710
71 0.689730 0.700405 0.042728 0.034710
2179 0.274402 0.509881 0.048608 0.035723
3219 0.339475 0.648974 0.047040 0.036737
1578 0.818699 0.390550 0.040376 0.037243
707 0.209330 0.319103 0.042336 0.037243
3593 0.137005 0.823664 0.048216 0.037497
707 0.137985 0.356473 0.043904 0.041044
707 0.070757 0.623385 0.047432 0.042817
