246 0.491376 0.307069 0.024696 0.003547
169 0.131321 0.859514 0.015680 0.006334
246 0.607017 0.806435 0.037240 0.007094
92 0.884555 0.762731 0.023128 0.008361
56 0.683849 0.229541 0.011368 0.009121
92 0.885535 0.375348 0.027440 0.009374
92 0.754410 0.297694 0.024696 0.009628
92 0.888083 0.878895 0.027048 0.009628
92 0.609369 0.671649 0.030968 0.009628
92 0.406507 0.484925 0.030576 0.010134
120 0.560172 0.419559 0.014112 0.010641
207 0.339279 0.564986 0.017640 0.011148
207 0.612701 0.845199 0.019600 0.011148
207 0.343787 0.838105 0.021168 0.011148
57 0.550764 0.212947 0.028224 0.011401
207 0.685221 0.190778 0.018816 0.011654
207 0.410035 0.730682 0.018816 0.011654
207 0.613289 0.594375 0.019992 0.011654
91 0.731674 0.590828 0.021560 0.011654
56 0.680909 0.267925 0.014896 0.011908
207 0.406507 0.497973 0.018816 0.011908
207 0.408663 0.235749 0.019208 0.011908
207 0.340455 0.383202 0.019208 0.011908
207 0.270678 0.588928 0.020776 0.011908
207 0.615053 0.362300 0.020384 0.012161
300 0.733438 0.575754 0.014896 0.012414
207 0.475108 0.656828 0.020384 0.012414
207 0.747942 0.420953 0.021168 0.012414
120 0.287142 0.325057 0.015288 0.012668
64 0.493532 0.404104 0.018032 0.012668
207 0.545864 0.539650 0.019992 0.012668
251 0.131125 0.767672 0.034888 0.012668
56 0.610741 0.658601 0.016464 0.012921
64 0.764406 0.575247 0.017248 0.012921
120 0.289102 0.428173 0.015288 0.013175
57 0.408467 0.790474 0.025088 0.013175
52 0.888475 0.817076 0.032536 0.013175
56 0.826931 0.214847 0.034888 0.013175
207 0.203450 0.395617 0.019600 0.013428
52 0.545864 0.249683 0.038024 0.013428
207 0.681301 0.800101 0.019600 0.013681
123 0.824971 0.247023 0.032536 0.013681
101 0.885339 0.643147 0.044296 0.013935
85 0.287534 0.413225 0.014504 0.014188
88 0.735594 0.626552 0.014504 0.014188
85 0.767346 0.644794 0.019992 0.014188
81 0.491768 0.365341 0.030968 0.014188
91 0.473540 0.560426 0.031360 0.014188
598 0.204822 0.282746 0.042728 0.014188
52 0.886907 0.848366 0.027832 0.014441
52 0.819287 0.428047 0.037632 0.014441
88 0.472364 0.619711 0.015680 0.014695
85 0.406507 0.588042 0.018816 0.014695
85 0.204234 0.484165 0.019600 0.014695
110 0.767346 0.627059 0.021560 0.014695
85 0.257742 0.407018 0.011368 0.014948
85 0.271854 0.243856 0.020776 0.014948
1173 0.561348 0.381682 0.026656 0.014948
64 0.132497 0.531923 0.026656 0.014948
91 0.609957 0.877629 0.040768 0.015201
52 0.408075 0.828984 0.042336 0.015201
85 0.887103 0.832151 0.018032 0.015455
111 0.256174 0.421333 0.015288 0.015708
120 0.889455 0.337978 0.018032 0.015708
85 0.272834 0.704332 0.018816 0.015708
85 0.821835 0.413225 0.020776 0.015708
64 0.617013 0.860907 0.021952 0.015708
300 0.615249 0.347606 0.022344 0.015708
64 0.746962 0.437548 0.025480 0.015708
52 0.610741 0.772232 0.029008 0.015708
52 0.543120 0.650114 0.038024 0.015708
85 0.340455 0.646694 0.019992 0.015961
129 0.413563 0.777426 0.021168 0.015961
113 0.734418 0.642387 0.029400 0.015961
91 0.473932 0.244109 0.035280 0.015961
88 0.610937 0.558145 0.014504 0.016215
88 0.753626 0.258551 0.034104 0.016468
81 0.609957 0.641627 0.036848 0.016468
88 0.544100 0.498100 0.017248 0.016722
120 0.132693 0.436787 0.023128 0.016722
4032 0.473540 0.604003 0.036064 0.016722
110 0.344571 0.876615 0.039200 0.016722
88 0.680713 0.763745 0.016072 0.016975
88 0.202862 0.358627 0.016856 0.016975
85 0.411799 0.849126 0.016856 0.016975
85 0.684241 0.307702 0.019992 0.016975
120 0.752842 0.355587 0.020776 0.016975
85 0.546648 0.666709 0.023912 0.016975
2425 0.255978 0.393590 0.036848 0.016975
91 0.680321 0.670003 0.038024 0.016975
88 0.211878 0.880035 0.041160 0.016975
85 0.612309 0.753230 0.021168 0.017228
85 0.883967 0.609070 0.022736 0.017228
60 0.490788 0.345072 0.023520 0.017228
1762 0.256566 0.287814 0.030184 0.017228
300 0.270874 0.262731 0.033712 0.017228
98 0.886319 0.865467 0.033712 0.017228
81 0.746766 0.456296 0.038416 0.017228
64 0.201294 0.228148 0.025480 0.017482
110 0.614269 0.469597 0.027440 0.017482
4345 0.284986 0.288954 0.028224 0.017482
3802 0.733634 0.607930 0.030184 0.017482
91 0.478244 0.727768 0.039200 0.017482
57 0.547628 0.608690 0.050960 0.017482
85 0.546844 0.266025 0.018032 0.017735
85 0.752058 0.524196 0.021560 0.017735
98 0.284594 0.308082 0.028224 0.017735
65 0.343983 0.458069 0.036456 0.017735
68 0.478048 0.744109 0.041160 0.017735
88 0.408271 0.195718 0.015288 0.017988
85 0.408271 0.351533 0.016856 0.017988
85 0.616425 0.195465 0.019992 0.017988
87 0.531164 0.378642 0.022736 0.017988
110 0.680125 0.568406 0.024304 0.017988
88 0.338887 0.522169 0.017640 0.018242
91 0.819679 0.313909 0.032928 0.018242
52 0.883183 0.625285 0.035280 0.018242
56 0.887691 0.778693 0.034888 0.018495
65 0.344767 0.255511 0.036456 0.018495
1173 0.754606 0.313529 0.037632 0.018495
2489 0.750490 0.375348 0.042728 0.018495
300 0.547236 0.285533 0.021952 0.018748
287 0.259702 0.461110 0.025480 0.018748
562 0.255194 0.440588 0.025872 0.018748
4405 0.348883 0.165949 0.037632 0.018748
721 0.255782 0.331011 0.027832 0.019002
91 0.132497 0.367748 0.031360 0.019002
85 0.257154 0.351913 0.010976 0.019255
88 0.256958 0.308969 0.023128 0.019508
76 0.823991 0.230428 0.025088 0.019508
96 0.769306 0.591462 0.033320 0.019508
287 0.295766 0.471371 0.035672 0.019508
91 0.272050 0.197998 0.038416 0.019508
104 0.273226 0.660375 0.041552 0.019508
300 0.685025 0.437548 0.027832 0.019762
2489 0.882791 0.540664 0.042336 0.019762
2489 0.134065 0.455536 0.046256 0.019762
85 0.134653 0.552192 0.021560 0.020015
300 0.684829 0.326957 0.024304 0.020015
91 0.530968 0.358373 0.024696 0.020015
300 0.542532 0.687484 0.030576 0.020015
757 0.133477 0.723714 0.036456 0.020015
51 0.345159 0.855713 0.038808 0.020015
1810 0.287730 0.344312 0.015680 0.020269
83 0.559780 0.363567 0.017248 0.020269
83 0.680517 0.781860 0.029008 0.020269
110 0.205410 0.466684 0.032928 0.020269
2203 0.616229 0.289840 0.038416 0.020269
118 0.755978 0.503547 0.023912 0.020522
60 0.403959 0.515455 0.025480 0.020522
300 0.408663 0.606410 0.026264 0.020522
300 0.274010 0.722447 0.030576 0.020522
1311 0.488044 0.165062 0.040768 0.020522
82 0.617405 0.238789 0.043904 0.020522
53 0.475696 0.193565 0.014504 0.020775
699 0.316739 0.144413 0.027440 0.020775
76 0.477852 0.766152 0.030576 0.020775
87 0.820659 0.368381 0.030968 0.020775
88 0.409251 0.467190 0.036848 0.020775
2489 0.753626 0.846972 0.044296 0.020775
1834 0.886319 0.357233 0.044688 0.020775
87 0.560564 0.401951 0.024304 0.021029
91 0.884555 0.438941 0.031752 0.021029
300 0.409447 0.870155 0.033320 0.021029
83 0.545276 0.517735 0.033712 0.021029
88 0.684829 0.395617 0.036848 0.021029
3735 0.134849 0.875222 0.040768 0.021029
66 0.681693 0.853560 0.020384 0.021282
87 0.752254 0.335951 0.030576 0.021282
83 0.344179 0.821383 0.031360 0.021282
88 0.618777 0.330124 0.039592 0.021282
83 0.410035 0.713200 0.040768 0.021282
60 0.287730 0.393337 0.011760 0.021535
110 0.612113 0.730808 0.028616 0.021535
83 0.612309 0.577527 0.031360 0.021535
83 0.203646 0.376869 0.034888 0.021535
87 0.203646 0.790094 0.036456 0.021535
88 0.341827 0.802762 0.039200 0.021535
118 0.614269 0.709146 0.014112 0.021789
111 0.530380 0.337725 0.015680 0.021789
75 0.495884 0.384849 0.025872 0.021789
721 0.487848 0.323537 0.030184 0.021789
87 0.131321 0.414492 0.033712 0.021789
4284 0.205410 0.146440 0.039200 0.021789
870 0.202274 0.765391 0.043120 0.021789
118 0.889455 0.295288 0.022736 0.022042
83 0.271854 0.570687 0.034104 0.022042
2203 0.475500 0.852420 0.035280 0.022042
126 0.616229 0.488852 0.036064 0.022042
68 0.474128 0.263365 0.040376 0.022042
98 0.607801 0.791107 0.041160 0.022042
870 0.204626 0.338612 0.045472 0.022042
3285 0.561936 0.340512 0.024696 0.022295
93 0.687181 0.875602 0.029008 0.022295
4564 0.287730 0.449455 0.031360 0.022295
110 0.412975 0.330124 0.031752 0.022295
95 0.683653 0.286547 0.037632 0.022295
126 0.683653 0.590575 0.040768 0.022295
83 0.474716 0.638333 0.031360 0.022549
1256 0.886515 0.391056 0.034104 0.022549
126 0.136809 0.479731 0.038416 0.022549
2151 0.202666 0.588928 0.039200 0.022549
978 0.749902 0.769318 0.039984 0.022549
96 0.685025 0.525336 0.049000 0.022549
118 0.767934 0.609324 0.021952 0.022802
1585 0.133281 0.787433 0.029792 0.022802
300 0.341435 0.668609 0.036064 0.022802
3731 0.474520 0.460350 0.044296 0.022802
70 0.257350 0.373828 0.025480 0.023055
699 0.201490 0.163289 0.031360 0.023055
87 0.752646 0.795921 0.034496 0.023055
2595 0.544492 0.587408 0.036848 0.023055
83 0.407291 0.215480 0.038416 0.023055
121 0.887495 0.796174 0.039984 0.023055
109 0.685613 0.249683 0.043904 0.023055
121 0.828303 0.265645 0.044688 0.023055
76 0.472560 0.286800 0.026264 0.023309
87 0.882987 0.562706 0.026264 0.023309
4564 0.448844 0.144920 0.027440 0.023309
88 0.749118 0.725108 0.029792 0.023309
83 0.134457 0.600456 0.035280 0.023309
83 0.753234 0.746896 0.038024 0.023309
1083 0.340651 0.780086 0.038416 0.023309
126 0.754410 0.400304 0.038808 0.023309
104 0.613681 0.382442 0.036456 0.023562
4564 0.681301 0.721181 0.039984 0.023562
92 0.203254 0.417532 0.023912 0.023816
88 0.271462 0.549278 0.037240 0.023816
4388 0.484320 0.143653 0.040376 0.023816
3731 0.337907 0.341272 0.047040 0.023816
344 0.341239 0.697745 0.049000 0.023816
118 0.682477 0.548898 0.018032 0.024069
119 0.885731 0.659868 0.023128 0.024069
66 0.679733 0.211933 0.025088 0.024069
2677 0.337907 0.754117 0.028224 0.024069
868 0.133477 0.810869 0.034888 0.024069
88 0.208546 0.830124 0.040768 0.024069
92 0.544884 0.195085 0.018032 0.024322
83 0.754998 0.280720 0.026656 0.024322
675 0.885535 0.714973 0.032928 0.024322
88 0.410035 0.692171 0.040768 0.024322
119 0.883575 0.588168 0.018816 0.024576
87 0.889847 0.270965 0.025088 0.024576
95 0.883575 0.491893 0.036848 0.024576
99 0.891611 0.316823 0.047432 0.024576
2833 0.477460 0.826324 0.048608 0.024576
83 0.686201 0.416772 0.032536 0.024829
1304 0.352999 0.145934 0.035672 0.024829
3165 0.133085 0.666076 0.047432 0.024829
77 0.274010 0.609830 0.050960 0.024829
87 0.616229 0.218520 0.026656 0.025082
83 0.341827 0.543831 0.035280 0.025082
2203 0.684437 0.352040 0.038416 0.025082
978 0.129361 0.392323 0.039200 0.025082
2203 0.338887 0.482518 0.039592 0.025082
96 0.613681 0.693058 0.045864 0.025082
96 0.618777 0.428300 0.046648 0.025082
118 0.410427 0.309349 0.019600 0.025336
78 0.205998 0.441348 0.029400 0.025336
93 0.411015 0.753990 0.029400 0.025336
1575 0.469228 0.871295 0.033712 0.025336
126 0.758526 0.872055 0.039200 0.025336
1921 0.474716 0.510514 0.041552 0.025336
349 0.136221 0.837091 0.045080 0.025336
96 0.412975 0.287560 0.047432 0.025336
86 0.211878 0.808589 0.026264 0.025589
58 0.338299 0.407018 0.029792 0.025589
4564 0.132889 0.344439 0.036848 0.025589
4564 0.272050 0.221307 0.043904 0.025589
1880 0.885535 0.515581 0.026656 0.025842
752 0.130929 0.576134 0.039200 0.025842
2351 0.134261 0.748163 0.040376 0.025842
121 0.545864 0.228021 0.043512 0.025842
53 0.475304 0.678110 0.014504 0.026096
1575 0.609565 0.310489 0.024304 0.026096
119 0.822619 0.391943 0.019208 0.026349
107 0.612309 0.621231 0.020384 0.026349
119 0.820659 0.477325 0.029400 0.026349
88 0.339867 0.363567 0.035280 0.026349
1250 0.682281 0.747403 0.038808 0.026349
51 0.133869 0.508994 0.039592 0.026349
118 0.612701 0.451355 0.018816 0.026602
1879 0.679929 0.498987 0.027048 0.026602
126 0.889063 0.243603 0.028224 0.026602
685 0.477068 0.484292 0.046256 0.026602
54 0.819875 0.448188 0.025480 0.026856
4564 0.822815 0.290600 0.036848 0.026856
3945 0.683261 0.620218 0.046256 0.026856
119 0.531752 0.403471 0.016856 0.027109
1879 0.133477 0.283886 0.023912 0.027109
1218 0.546060 0.561819 0.036848 0.027109
752 0.408467 0.376108 0.041552 0.027109
28 0.202274 0.255764 0.043120 0.027109
53 0.272246 0.635673 0.015288 0.027363
58 0.335751 0.591082 0.028616 0.027363
523 0.132105 0.255384 0.030576 0.027363
70 0.340847 0.435774 0.034888 0.027363
710 0.880243 0.413985 0.038808 0.027363
4416 0.889063 0.220167 0.039200 0.027363
103 0.753430 0.479098 0.039200 0.027363
3019 0.680713 0.692298 0.032536 0.027616
752 0.750294 0.547378 0.040768 0.027616
1396 0.679733 0.648467 0.042336 0.027616
2266 0.474324 0.582341 0.046256 0.027616
121 0.546844 0.629465 0.047040 0.027616
1715 0.201882 0.709273 0.048608 0.027616
60 0.614269 0.261211 0.014112 0.027869
973 0.286946 0.369648 0.021952 0.027869
58 0.335751 0.200405 0.024696 0.027869
1575 0.332615 0.503167 0.030184 0.027869
4263 0.339083 0.313403 0.038416 0.027869
2833 0.205606 0.505954 0.047432 0.027869
78 0.406703 0.542311 0.028616 0.028123
28 0.340455 0.281606 0.042728 0.028123
63 0.411015 0.567140 0.045864 0.028123
3022 0.273814 0.491133 0.047432 0.028123
1251 0.543512 0.477578 0.032536 0.028376
51 0.684241 0.827591 0.034888 0.028629
2844 0.610937 0.825310 0.044296 0.028629
1880 0.132497 0.223968 0.024304 0.028883
70 0.136417 0.691918 0.025088 0.028883
364 0.750686 0.668609 0.039984 0.028883
4501 0.612505 0.515075 0.044296 0.028883
1880 0.544688 0.309982 0.027048 0.029136
2220 0.610545 0.543577 0.038808 0.029136
68 0.475108 0.218900 0.008624 0.029389
3883 0.885143 0.688118 0.029792 0.029389
1575 0.679537 0.373448 0.030968 0.029389
70 0.339867 0.231062 0.035280 0.029389
1251 0.273814 0.520649 0.037240 0.029389
3158 0.886711 0.742336 0.040768 0.029389
121 0.413367 0.804155 0.049784 0.029389
3296 0.406115 0.259311 0.037632 0.029643
70 0.339475 0.621485 0.025872 0.029896
53 0.274206 0.683177 0.014504 0.030149
4086 0.884555 0.463263 0.041160 0.030149
2835 0.204430 0.856980 0.043512 0.030149
577 0.407683 0.665695 0.043904 0.030149
1732 0.201294 0.643907 0.048216 0.030149
68 0.614269 0.410438 0.007840 0.030403
70 0.206390 0.535850 0.026264 0.030403
577 0.407487 0.439321 0.041944 0.030403
120 0.753822 0.822650 0.043120 0.030403
616 0.341435 0.726248 0.036848 0.030656
51 0.205606 0.202052 0.038024 0.030656
870 0.475696 0.538257 0.042728 0.030656
4564 0.203254 0.614137 0.041160 0.030910
4263 0.474912 0.431467 0.042728 0.030910
2249 0.202666 0.738409 0.042336 0.031163
3945 0.408859 0.635799 0.049392 0.031163
2305 0.754214 0.698379 0.049392 0.031163
3532 0.135241 0.313909 0.037632 0.031923
2616 0.820267 0.339372 0.030968 0.032176
3906 0.202862 0.309602 0.043512 0.032430
3945 0.757742 0.202432 0.044688 0.032430
2230 0.544296 0.445022 0.039592 0.032683
1396 0.758330 0.235242 0.038808 0.033190
446 0.405919 0.408285 0.048216 0.033696
4360 0.683457 0.467190 0.040376 0.034457
1720 0.205018 0.676210 0.043904 0.034963
68 0.471776 0.700152 0.010584 0.035723
85 0.477068 0.797948 0.035280 0.036737
3919 0.130341 0.630986 0.038808 0.039270
