169 0.150027 0.282328 0.045916 0.011154
92 0.682061 0.515511 0.019754 0.012548
45 0.656700 0.549669 0.050187 0.012548
169 0.769621 0.398397 0.041111 0.013245
168 0.665243 0.563611 0.038441 0.014639
169 0.659904 0.578773 0.040577 0.014988
162 0.763214 0.685256 0.022958 0.015336
128 0.887880 0.483444 0.014949 0.016731
56 0.755206 0.255141 0.025093 0.016731
92 0.553390 0.188567 0.044314 0.016731
128 0.477309 0.500697 0.010678 0.017079
120 0.168713 0.231962 0.019221 0.017079
92 0.448478 0.172708 0.037373 0.017079
101 0.852109 0.212095 0.057662 0.017079
52 0.552856 0.249913 0.040043 0.017428
120 0.681260 0.531196 0.021356 0.018125
92 0.554992 0.279191 0.043246 0.018125
120 0.558729 0.640816 0.025093 0.018473
57 0.759744 0.357267 0.030966 0.018822
101 0.146289 0.185779 0.055526 0.019519
52 0.348639 0.252178 0.037373 0.019868
168 0.153230 0.265598 0.026695 0.020216
113 0.345969 0.336006 0.044848 0.020216
45 0.859851 0.493203 0.052856 0.020216
57 0.751735 0.752701 0.027763 0.020565
52 0.752803 0.146218 0.041644 0.020565
93 0.473038 0.482747 0.033102 0.020913
91 0.852643 0.281980 0.037373 0.020913
52 0.351842 0.483444 0.039509 0.020913
56 0.849973 0.189787 0.022424 0.021262
132 0.656967 0.169048 0.026161 0.021610
52 0.654031 0.465667 0.038441 0.021610
56 0.754939 0.168874 0.027763 0.021959
148 0.256807 0.478041 0.036305 0.021959
168 0.770689 0.382363 0.025093 0.022307
91 0.650027 0.862670 0.034704 0.022307
52 0.751735 0.338794 0.042712 0.022307
81 0.644955 0.784942 0.042712 0.022307
101 0.855846 0.437086 0.065136 0.022307
76 0.448478 0.233357 0.034170 0.022656
127 0.251201 0.148658 0.058195 0.022656
93 0.887080 0.464970 0.028297 0.023005
547 0.459690 0.570582 0.043780 0.023005
92 0.167645 0.211921 0.023492 0.023702
76 0.247464 0.304984 0.035771 0.023702
77 0.855045 0.355525 0.037907 0.023702
126 0.652696 0.884629 0.050721 0.023702
132 0.350507 0.362844 0.030432 0.024399
56 0.850507 0.380446 0.022424 0.024747
85 0.855846 0.674974 0.025627 0.024747
77 0.760545 0.664866 0.036839 0.024747
171 0.763481 0.779540 0.041644 0.024747
119 0.349706 0.312827 0.022424 0.025444
86 0.660972 0.606309 0.040577 0.025444
698 0.855312 0.518996 0.037373 0.025793
126 0.247731 0.203730 0.045916 0.026142
118 0.849439 0.873649 0.020288 0.026839
111 0.650294 0.836877 0.025627 0.027187
76 0.646823 0.807598 0.029365 0.027187
76 0.756006 0.545835 0.035238 0.027187
77 0.453017 0.382537 0.038975 0.027536
62 0.349973 0.285988 0.040043 0.027536
75 0.253070 0.173754 0.040577 0.027536
55 0.455419 0.545138 0.041644 0.027884
66 0.844367 0.845765 0.031500 0.028233
132 0.853711 0.606832 0.029899 0.028581
84 0.651895 0.325549 0.041644 0.028581
113 0.853711 0.578947 0.042712 0.028581
196 0.664976 0.494597 0.044314 0.028581
87 0.555793 0.224294 0.037373 0.028930
88 0.749867 0.840188 0.047517 0.028930
51 0.556327 0.876786 0.041644 0.029627
68 0.652963 0.110491 0.011746 0.029976
90 0.849973 0.408505 0.035238 0.029976
84 0.559263 0.547926 0.041111 0.029976
113 0.651361 0.140816 0.045916 0.029976
300 0.838761 0.780760 0.045916 0.029976
55 0.843300 0.751133 0.050721 0.029976
118 0.753070 0.278669 0.025093 0.030324
87 0.348905 0.394388 0.037907 0.030324
118 0.350774 0.424887 0.018153 0.030673
119 0.449279 0.147090 0.024026 0.030673
111 0.656434 0.667829 0.033636 0.030673
123 0.754672 0.230220 0.030432 0.031021
87 0.351308 0.224643 0.033102 0.031021
87 0.356914 0.456779 0.033636 0.031021
87 0.756807 0.118334 0.035771 0.031021
111 0.552589 0.386197 0.033102 0.031370
87 0.656167 0.438829 0.035238 0.031370
77 0.146022 0.119205 0.040043 0.031370
3800 0.747197 0.809690 0.060331 0.031370
87 0.754405 0.311433 0.040577 0.031718
118 0.752002 0.196236 0.022958 0.032067
111 0.556060 0.577902 0.034704 0.032067
111 0.840897 0.712966 0.032034 0.032415
53 0.660171 0.635762 0.021890 0.032764
68 0.765350 0.515511 0.024026 0.032764
3800 0.254405 0.520739 0.061399 0.032764
87 0.853711 0.812304 0.045916 0.033113
90 0.555793 0.305333 0.041644 0.033461
91 0.652696 0.249041 0.033636 0.033810
296 0.247197 0.338620 0.039509 0.034507
366 0.856113 0.644998 0.046450 0.034507
68 0.250133 0.275009 0.012280 0.034855
76 0.445542 0.115720 0.031500 0.034855
107 0.556060 0.668003 0.033636 0.035204
51 0.563001 0.613628 0.041111 0.035204
2423 0.249333 0.239979 0.048051 0.035204
118 0.655099 0.402928 0.025627 0.035552
126 0.351308 0.156849 0.045916 0.035552
53 0.451415 0.452422 0.021890 0.036250
118 0.455152 0.415824 0.031500 0.036250
2412 0.555793 0.472639 0.045916 0.036250
2423 0.660438 0.700593 0.053390 0.036250
1799 0.549119 0.153189 0.052856 0.036598
70 0.454351 0.347508 0.032034 0.036947
3160 0.551522 0.840014 0.044848 0.036947
68 0.346236 0.191182 0.014415 0.037295
107 0.450614 0.311084 0.027763 0.037295
87 0.246129 0.116940 0.036305 0.037295
2820 0.754405 0.873649 0.059797 0.037295
87 0.656167 0.365981 0.035238 0.037644
2083 0.848905 0.157895 0.051255 0.037644
90 0.143086 0.153538 0.045916 0.037992
1584 0.762413 0.585918 0.043780 0.038341
366 0.553657 0.352039 0.050187 0.038341
3045 0.355312 0.518996 0.049653 0.039038
366 0.851842 0.247996 0.043246 0.039387
69 0.862253 0.550889 0.032034 0.040084
2305 0.759744 0.478738 0.049119 0.040084
3784 0.554725 0.112583 0.060865 0.040432
107 0.450347 0.201987 0.025093 0.040781
296 0.556327 0.514291 0.033102 0.040781
2593 0.847304 0.320669 0.032034 0.041129
62 0.747731 0.719763 0.040043 0.041826
2179 0.659103 0.287382 0.065670 0.042175
3754 0.343566 0.117985 0.036839 0.042872
87 0.646022 0.746602 0.035238 0.043221
1256 0.851041 0.118334 0.037373 0.043569
2191 0.664175 0.208958 0.055526 0.045661
3032 0.758142 0.628791 0.052322 0.046706
1917 0.452750 0.268735 0.048051 0.047403
4646 0.759210 0.434298 0.026695 0.048100
1260 0.553657 0.429766 0.044848 0.048100
