209 0.776031 0.535978 0.006701 0.005616
246 0.664433 0.336609 0.044330 0.005616
209 0.776031 0.526501 0.007732 0.006318
209 0.777062 0.545981 0.007732 0.007371
209 0.779381 0.555809 0.009278 0.008073
246 0.768814 0.647069 0.048969 0.008775
169 0.482732 0.801860 0.022165 0.009477
169 0.667784 0.763250 0.030412 0.010881
169 0.371649 0.292208 0.030928 0.010881
101 0.378608 0.457002 0.040722 0.011232
101 0.187371 0.858547 0.045876 0.011232
101 0.774742 0.516497 0.037113 0.012285
205 0.381186 0.276062 0.031443 0.012987
101 0.772165 0.450509 0.053608 0.013689
193 0.390979 0.649702 0.022165 0.014040
196 0.192784 0.511934 0.018557 0.014391
101 0.573196 0.172868 0.045361 0.014391
52 0.278866 0.504037 0.032990 0.014742
76 0.501804 0.135311 0.024227 0.015093
92 0.080670 0.348368 0.027320 0.015093
52 0.383247 0.712004 0.031443 0.015093
132 0.284278 0.750088 0.017010 0.015444
132 0.680155 0.743419 0.022165 0.015444
196 0.381443 0.223412 0.021649 0.015795
203 0.583247 0.499649 0.034536 0.015795
101 0.574485 0.434363 0.044845 0.015795
162 0.773454 0.660583 0.026289 0.016146
92 0.182990 0.373113 0.027835 0.016146
47 0.498454 0.806072 0.012371 0.016497
101 0.578351 0.717620 0.046392 0.016497
52 0.582216 0.905581 0.031443 0.017550
52 0.478351 0.397332 0.032990 0.017550
88 0.282474 0.846437 0.018557 0.017901
91 0.382216 0.790102 0.028351 0.018252
52 0.181959 0.208845 0.037113 0.018252
168 0.485825 0.787996 0.018041 0.018954
91 0.187371 0.814672 0.026289 0.018954
52 0.478866 0.691120 0.031959 0.018954
126 0.277835 0.333099 0.044330 0.018954
1002 0.378608 0.478764 0.056186 0.018954
52 0.381959 0.909793 0.035052 0.019656
120 0.187113 0.730607 0.013402 0.020007
132 0.388918 0.552650 0.017010 0.020007
132 0.673454 0.858371 0.022165 0.020007
113 0.377577 0.169358 0.041753 0.020007
88 0.484021 0.904528 0.038144 0.020358
58 0.504381 0.158126 0.026289 0.020709
252 0.083763 0.517199 0.048969 0.020709
204 0.389948 0.631450 0.015979 0.021060
76 0.406443 0.578098 0.018041 0.021060
66 0.767784 0.687961 0.027320 0.021060
120 0.579639 0.672341 0.014948 0.021411
58 0.408505 0.599333 0.019072 0.021411
57 0.088918 0.420674 0.033505 0.021411
171 0.283505 0.636715 0.023711 0.021762
168 0.682474 0.725869 0.024742 0.021762
52 0.775000 0.134784 0.041753 0.021762
126 0.275515 0.205335 0.043814 0.021762
166 0.189433 0.538610 0.018041 0.022113
120 0.088402 0.628817 0.020103 0.022113
2223 0.500773 0.746753 0.025258 0.022113
113 0.577320 0.593717 0.030928 0.022113
55 0.771907 0.330818 0.040722 0.022113
1002 0.280928 0.235346 0.050515 0.022113
91 0.279897 0.173394 0.035052 0.022464
72 0.767526 0.820288 0.038144 0.022464
111 0.379381 0.857669 0.023711 0.022815
83 0.474742 0.493331 0.040206 0.022815
77 0.381959 0.504388 0.041237 0.023166
68 0.771649 0.710600 0.009278 0.023517
132 0.775773 0.293612 0.022680 0.023517
87 0.384794 0.885749 0.025258 0.023517
2223 0.698454 0.689189 0.026804 0.023517
56 0.666495 0.657248 0.032990 0.023517
77 0.282732 0.611267 0.034536 0.023517
55 0.576289 0.342401 0.041237 0.023517
120 0.181186 0.301509 0.019072 0.023868
698 0.280670 0.876097 0.028351 0.023868
91 0.085567 0.495261 0.034021 0.023868
72 0.180928 0.463320 0.037113 0.023868
1364 0.190206 0.905405 0.040206 0.024219
113 0.770876 0.269744 0.045876 0.024219
66 0.085309 0.796771 0.024227 0.024570
74 0.771649 0.881011 0.024742 0.024570
110 0.577062 0.696736 0.027320 0.024570
2599 0.789433 0.483152 0.024227 0.024921
132 0.574227 0.616006 0.027835 0.025272
83 0.275773 0.386451 0.032990 0.025272
51 0.088402 0.607582 0.033505 0.025272
84 0.477062 0.422253 0.038660 0.025272
69 0.582732 0.571253 0.019072 0.025623
67 0.676804 0.832397 0.039175 0.025623
88 0.088918 0.906107 0.040722 0.025623
92 0.478866 0.661636 0.018557 0.025974
58 0.279639 0.701299 0.026289 0.025974
83 0.669845 0.138294 0.032474 0.025974
111 0.186340 0.759038 0.026289 0.026325
84 0.574485 0.201650 0.032474 0.026325
95 0.079639 0.316778 0.036598 0.026325
127 0.186340 0.488066 0.044845 0.026325
293 0.187113 0.878554 0.019588 0.026676
87 0.481186 0.714461 0.028351 0.027027
148 0.281959 0.413654 0.028866 0.027027
185 0.374485 0.255353 0.031443 0.027027
113 0.281186 0.725693 0.036598 0.027027
72 0.670103 0.594770 0.037113 0.027027
4109 0.767268 0.616181 0.044845 0.027027
68 0.285052 0.355212 0.009278 0.027378
107 0.182474 0.431028 0.018557 0.027378
51 0.771907 0.742717 0.035567 0.027378
88 0.083247 0.545104 0.037629 0.027378
327 0.377835 0.143559 0.048454 0.027378
127 0.195103 0.607231 0.054124 0.027378
81 0.186340 0.579677 0.033505 0.027729
706 0.086340 0.730607 0.044845 0.027729
1811 0.767010 0.585293 0.045361 0.027729
85 0.191495 0.634258 0.024227 0.028080
111 0.084021 0.573184 0.026804 0.028080
87 0.382990 0.533696 0.029897 0.028431
81 0.276546 0.482450 0.032474 0.028431
51 0.580928 0.646718 0.034021 0.028431
90 0.572938 0.408740 0.036598 0.028431
95 0.082474 0.189014 0.039175 0.028431
53 0.766237 0.850123 0.025258 0.028782
87 0.484536 0.630748 0.028866 0.028782
1387 0.475258 0.459810 0.041237 0.028782
3258 0.085567 0.870481 0.047423 0.028782
85 0.087371 0.695858 0.021134 0.029133
107 0.672423 0.563531 0.025258 0.029133
4132 0.187371 0.789575 0.039691 0.029133
119 0.279639 0.302562 0.020103 0.029484
92 0.771649 0.167076 0.023711 0.029484
92 0.182474 0.235346 0.023711 0.029835
107 0.378608 0.358898 0.025258 0.029835
87 0.484021 0.369779 0.037113 0.029835
111 0.278866 0.146367 0.021649 0.030186
58 0.575000 0.372411 0.026289 0.030186
90 0.185052 0.702001 0.044330 0.030186
83 0.671649 0.450509 0.018557 0.030537
53 0.182474 0.839768 0.025773 0.030537
63 0.773969 0.767813 0.039691 0.030537
68 0.184536 0.402597 0.037113 0.030888
95 0.481186 0.600035 0.034536 0.031239
366 0.380928 0.761495 0.040206 0.031239
68 0.579897 0.877150 0.010309 0.031590
1113 0.483505 0.874342 0.034021 0.031590
2083 0.284021 0.821341 0.046392 0.031590
83 0.573711 0.309407 0.017526 0.031941
107 0.769330 0.796595 0.028351 0.031941
70 0.184278 0.669533 0.038660 0.031941
1432 0.381443 0.681818 0.049485 0.031941
87 0.189433 0.147420 0.027320 0.032292
87 0.676289 0.219024 0.029897 0.032292
338 0.477577 0.336434 0.039691 0.032643
55 0.478608 0.530888 0.044845 0.032643
60 0.187371 0.175149 0.029381 0.032994
78 0.772680 0.241839 0.034021 0.032994
4486 0.576289 0.778694 0.027835 0.033345
752 0.276546 0.270797 0.042784 0.033345
119 0.671907 0.536329 0.021134 0.033696
118 0.670103 0.251316 0.022680 0.033696
118 0.376804 0.392945 0.018557 0.034047
53 0.669330 0.626711 0.023196 0.034047
505 0.276546 0.786416 0.024227 0.034047
126 0.087887 0.827834 0.036598 0.034047
58 0.277835 0.445419 0.028866 0.034398
1587 0.575773 0.241137 0.040206 0.034398
3258 0.282474 0.581959 0.042268 0.034398
4038 0.573711 0.469989 0.050515 0.034398
53 0.381701 0.196736 0.019072 0.034749
90 0.378866 0.428045 0.049485 0.034749
121 0.773196 0.199719 0.030928 0.035100
2083 0.482990 0.255177 0.049485 0.035100
1666 0.570619 0.273956 0.042268 0.035451
68 0.578608 0.740611 0.008763 0.035802
121 0.182732 0.271323 0.032474 0.035802
296 0.085309 0.663215 0.030412 0.036153
3135 0.183247 0.339242 0.039691 0.036153
2859 0.280670 0.899789 0.046907 0.036153
1387 0.671134 0.416637 0.043299 0.036504
90 0.573711 0.148122 0.045361 0.036504
2904 0.089948 0.762548 0.038660 0.036855
2820 0.280412 0.670586 0.043299 0.036855
1917 0.671907 0.799579 0.038660 0.037206
4700 0.575000 0.819937 0.038660 0.037206
3808 0.080155 0.386978 0.047938 0.037557
81 0.380670 0.324324 0.042784 0.037908
3897 0.481959 0.556862 0.035052 0.038259
1579 0.576289 0.541067 0.043299 0.038259
3690 0.478351 0.295718 0.025773 0.038961
1877 0.670619 0.295367 0.029897 0.039663
1917 0.672165 0.893822 0.034021 0.039663
758 0.381186 0.826430 0.035567 0.039663
4081 0.672423 0.368726 0.048969 0.039663
366 0.672423 0.181818 0.040722 0.040716
1260 0.080670 0.275535 0.036598 0.041418
3984 0.078608 0.456300 0.041753 0.041418
681 0.672165 0.498596 0.037113 0.041769
68 0.779124 0.894524 0.056186 0.041769
90 0.769588 0.416111 0.042268 0.042471
1438 0.280155 0.542296 0.032474 0.044928
1260 0.082474 0.150053 0.036082 0.045279
47 0.590722 0.847139 0.032990 0.047385
3665 0.081443 0.235170 0.037113 0.047736
1480 0.767784 0.370481 0.046907 0.048087
1256 0.479124 0.216567 0.033505 0.049140
