92 0.775970 0.525424 0.049658 0.014124
246 0.339326 0.124117 0.082763 0.015890
101 0.631279 0.338806 0.078767 0.017302
92 0.180936 0.675494 0.055936 0.018362
57 0.485445 0.355226 0.041667 0.021186
93 0.781393 0.370763 0.057078 0.021893
85 0.328767 0.499117 0.017123 0.024364
83 0.771404 0.613171 0.032534 0.025071
52 0.327340 0.591278 0.080479 0.025071
86 0.338470 0.684852 0.058219 0.027895
111 0.470890 0.693150 0.034247 0.029661
88 0.328767 0.825565 0.070776 0.029661
1255 0.466039 0.825742 0.087329 0.030014
111 0.330479 0.717691 0.033105 0.030720
66 0.628425 0.283192 0.038813 0.031780
117 0.177797 0.817090 0.029110 0.033192
88 0.190354 0.416137 0.042808 0.034251
111 0.190068 0.202684 0.036530 0.034605
118 0.635845 0.732698 0.039954 0.034605
49 0.621005 0.632945 0.019406 0.034958
88 0.478596 0.493821 0.059932 0.037076
597 0.182363 0.317973 0.094178 0.037076
92 0.329338 0.549435 0.051370 0.037429
259 0.914954 0.587218 0.093607 0.038136
91 0.910674 0.684675 0.071347 0.040254
56 0.773973 0.483757 0.086758 0.042373
91 0.764269 0.901660 0.053653 0.042726
633 0.911244 0.472634 0.077055 0.044138
4260 0.912100 0.639477 0.050228 0.045904
2500 0.915811 0.532486 0.091895 0.045904
119 0.776826 0.562677 0.038813 0.046257
1797 0.624429 0.691208 0.069635 0.046257
68 0.633562 0.782662 0.013699 0.046963
85 0.618721 0.895480 0.044521 0.047316
49 0.624429 0.489407 0.022831 0.048729
126 0.336187 0.378178 0.071918 0.049435
121 0.777683 0.326624 0.093037 0.049435
3175 0.184932 0.370410 0.073059 0.050141
1809 0.327911 0.771186 0.075913 0.050141
54 0.336187 0.641243 0.076484 0.050141
1570 0.333904 0.891066 0.079909 0.051201
725 0.630993 0.227931 0.085046 0.051201
1579 0.772831 0.211688 0.101598 0.051201
111 0.472032 0.894774 0.043379 0.051554
1876 0.771119 0.275953 0.062785 0.051907
1607 0.324772 0.445445 0.076484 0.051907
486 0.902397 0.744527 0.061644 0.054025
3175 0.468037 0.635593 0.050228 0.054379
3676 0.767979 0.144774 0.070205 0.055085
2601 0.469178 0.756886 0.078767 0.055438
1010 0.187785 0.628708 0.097032 0.055438
3735 0.184646 0.255297 0.070205 0.055791
4296 0.901256 0.804908 0.071918 0.058969
4315 0.330194 0.209216 0.082763 0.059675
316 0.771119 0.679908 0.087900 0.060381
60 0.619292 0.838630 0.030822 0.060734
1480 0.761986 0.745056 0.079909 0.063559
370 0.470890 0.567444 0.084475 0.063559
769 0.769692 0.426201 0.077055 0.064266
3306 0.181792 0.561794 0.074772 0.067090
922 0.184361 0.153955 0.098174 0.068503
1871 0.468607 0.149894 0.070776 0.068856
2155 0.628425 0.564972 0.075342 0.069915
3947 0.630708 0.152895 0.102740 0.070621
2698 0.906393 0.884357 0.055936 0.072387
1894 0.765126 0.829096 0.057648 0.072740
986 0.926370 0.243468 0.067352 0.073799
119 0.177226 0.871645 0.066781 0.075212
2143 0.169521 0.484993 0.090183 0.078037
653 0.925799 0.320621 0.058219 0.078390
3587 0.920662 0.398305 0.071918 0.078390
4353 0.474600 0.427966 0.081621 0.079096
1921 0.927797 0.157133 0.077055 0.080508
4523 0.325913 0.296963 0.069635 0.081921
3035 0.175799 0.736229 0.068493 0.086864
1297 0.621290 0.414901 0.058790 0.098870
3201 0.474600 0.261653 0.093037 0.125000
