101 0.685522 0.251717 0.050856 0.014423
92 0.783342 0.278846 0.035807 0.015797
120 0.675402 0.663633 0.024390 0.016140
76 0.583809 0.508585 0.033212 0.016484
504 0.086404 0.838599 0.011936 0.018544
91 0.487805 0.662431 0.037364 0.018544
92 0.485470 0.776786 0.039958 0.018544
92 0.483134 0.870879 0.035288 0.019231
92 0.285937 0.302026 0.033212 0.019574
2689 0.189154 0.686641 0.055527 0.019574
56 0.389725 0.321429 0.020758 0.019918
64 0.387909 0.582074 0.026466 0.019918
55 0.583550 0.733516 0.044110 0.019918
56 0.385573 0.842033 0.020758 0.020604
57 0.293721 0.374657 0.030099 0.020604
92 0.090815 0.188874 0.040477 0.020604
120 0.191749 0.535199 0.024390 0.020948
2689 0.286715 0.327266 0.051375 0.021291
499 0.189933 0.711538 0.061235 0.021291
92 0.584587 0.348558 0.039958 0.021978
93 0.488324 0.604396 0.043591 0.021978
2689 0.484432 0.695742 0.051375 0.021978
60 0.283083 0.728709 0.011936 0.022665
56 0.780488 0.492445 0.022833 0.022665
117 0.292164 0.192995 0.024909 0.022665
91 0.092372 0.719093 0.037364 0.022665
81 0.286715 0.704670 0.037883 0.022665
126 0.581733 0.832761 0.048780 0.022665
2689 0.776855 0.650755 0.051894 0.022665
92 0.091593 0.606971 0.033731 0.023008
91 0.774520 0.704670 0.033731 0.023352
55 0.785418 0.122253 0.047224 0.023352
120 0.286196 0.457246 0.019201 0.023695
83 0.188376 0.179258 0.034250 0.024038
83 0.482097 0.497253 0.040477 0.024038
81 0.676440 0.642857 0.042034 0.024038
88 0.387390 0.757383 0.027504 0.024382
93 0.094966 0.474073 0.046705 0.024382
499 0.775817 0.679430 0.056046 0.024382
52 0.195381 0.123283 0.042034 0.024725
88 0.780228 0.517170 0.045148 0.024725
113 0.092631 0.278846 0.050337 0.024725
95 0.386611 0.817823 0.047743 0.025069
108 0.487286 0.470810 0.017644 0.025412
119 0.287494 0.562157 0.022833 0.025412
88 0.487545 0.366758 0.049299 0.025412
499 0.483653 0.722871 0.058121 0.025412
499 0.286715 0.354396 0.059678 0.025412
56 0.481059 0.851820 0.030099 0.025755
57 0.589258 0.487122 0.033731 0.025755
86 0.688895 0.273180 0.042034 0.025755
56 0.489621 0.636504 0.060716 0.025755
74 0.386871 0.608516 0.034769 0.026099
83 0.091334 0.246738 0.036326 0.026442
98 0.580955 0.796188 0.048262 0.026442
126 0.091334 0.124485 0.048780 0.026442
111 0.674105 0.813187 0.032174 0.026786
87 0.786196 0.397321 0.037364 0.026786
113 0.684224 0.151786 0.042034 0.026786
72 0.285158 0.836195 0.042034 0.026786
98 0.193046 0.151614 0.045667 0.027129
117 0.682927 0.538118 0.020758 0.027473
553 0.584069 0.461882 0.053451 0.027473
111 0.285158 0.620021 0.027504 0.027816
111 0.193306 0.208620 0.029580 0.027816
85 0.486767 0.748283 0.030099 0.028159
88 0.586404 0.321257 0.025947 0.028503
83 0.386871 0.557521 0.038921 0.028503
83 0.775558 0.619677 0.039958 0.028503
66 0.388168 0.524382 0.029061 0.028846
110 0.194084 0.421703 0.038402 0.028846
86 0.097820 0.577266 0.038921 0.028846
98 0.386611 0.297047 0.043591 0.028846
111 0.786715 0.198661 0.029061 0.029190
111 0.389725 0.261161 0.031136 0.029190
93 0.688116 0.122424 0.043591 0.029190
85 0.687078 0.185096 0.031136 0.029533
88 0.191489 0.653846 0.032174 0.029533
1435 0.684224 0.220810 0.042034 0.029533
85 0.587442 0.697974 0.026985 0.029876
273 0.090296 0.751545 0.032174 0.029876
87 0.487026 0.401957 0.033731 0.029876
119 0.584847 0.859547 0.021796 0.030220
107 0.093669 0.158310 0.025428 0.030220
111 0.681629 0.305632 0.030618 0.030220
52 0.782304 0.466003 0.043072 0.030220
71 0.289569 0.753434 0.051894 0.030220
68 0.587961 0.155048 0.010379 0.030563
85 0.288012 0.868647 0.029061 0.030563
60 0.589777 0.123798 0.035807 0.030563
111 0.386871 0.423764 0.029580 0.030907
126 0.088739 0.370192 0.053970 0.030907
111 0.776855 0.547905 0.029061 0.031250
1435 0.385573 0.788977 0.041515 0.031250
83 0.282304 0.591346 0.031136 0.031593
113 0.583550 0.621909 0.043072 0.031593
51 0.389984 0.459306 0.037883 0.031937
51 0.288012 0.534169 0.039440 0.031937
93 0.682667 0.577095 0.043072 0.031937
68 0.092891 0.213599 0.012455 0.032280
119 0.193046 0.827266 0.033212 0.032280
1083 0.684484 0.349588 0.043591 0.032280
118 0.774261 0.857315 0.025947 0.032624
85 0.680851 0.509787 0.032174 0.032624
53 0.090555 0.307349 0.019201 0.032967
88 0.194344 0.451923 0.026466 0.032967
119 0.387909 0.490728 0.026466 0.032967
54 0.388947 0.868132 0.049299 0.032967
70 0.087182 0.339114 0.032174 0.033310
1575 0.670472 0.782109 0.035288 0.033310
126 0.585885 0.425996 0.043591 0.033310
60 0.386092 0.344437 0.019720 0.033654
504 0.380643 0.684753 0.027504 0.033654
71 0.492475 0.211195 0.045667 0.033654
316 0.089258 0.780220 0.067462 0.033654
121 0.675662 0.613839 0.050856 0.033997
104 0.096783 0.547390 0.046186 0.034341
2760 0.675402 0.700893 0.061754 0.034341
3669 0.491697 0.331216 0.050337 0.034684
2223 0.091334 0.811641 0.051894 0.034684
58 0.773223 0.817308 0.029061 0.035027
92 0.189154 0.737294 0.030618 0.035027
504 0.490400 0.294986 0.034250 0.035027
121 0.293980 0.161058 0.059678 0.035027
68 0.777634 0.584650 0.009860 0.035371
2151 0.090555 0.506696 0.047224 0.035371
111 0.586144 0.764080 0.024390 0.035714
119 0.390503 0.129121 0.032693 0.035714
3735 0.487286 0.531593 0.043591 0.035714
58 0.087701 0.409169 0.029061 0.036058
3669 0.091593 0.872081 0.045148 0.036058
552 0.684224 0.386504 0.057602 0.036058
69 0.498443 0.437500 0.029580 0.036401
126 0.773742 0.778331 0.048780 0.036745
4160 0.183705 0.620364 0.057084 0.036745
121 0.484691 0.570742 0.034250 0.037088
74 0.291386 0.123283 0.038921 0.037088
1083 0.678775 0.429945 0.050856 0.037088
2223 0.487286 0.257383 0.046705 0.037431
60 0.581214 0.533997 0.021796 0.037775
83 0.587182 0.185783 0.027504 0.037775
119 0.290348 0.224245 0.027504 0.037775
62 0.090555 0.452953 0.043072 0.037775
1197 0.089517 0.684066 0.051375 0.037775
1128 0.586663 0.228022 0.064868 0.037775
2223 0.385573 0.646463 0.045667 0.038118
1022 0.187857 0.387878 0.056046 0.038118
1584 0.776336 0.741071 0.035288 0.038462
1799 0.681370 0.468578 0.041515 0.039492
1796 0.582771 0.662603 0.045667 0.039492
1468 0.785418 0.358001 0.056565 0.039492
3913 0.784639 0.163290 0.062273 0.039492
1584 0.197457 0.868304 0.033731 0.040865
3032 0.093150 0.645776 0.058640 0.040865
119 0.193306 0.299107 0.029580 0.041209
1795 0.191230 0.254808 0.043072 0.041209
349 0.192008 0.575034 0.062273 0.041552
1396 0.785158 0.314560 0.046705 0.041896
3669 0.389725 0.715659 0.051894 0.041896
4166 0.387649 0.384615 0.055008 0.041896
68 0.783601 0.435096 0.010379 0.042582
83 0.191489 0.339973 0.020758 0.042582
118 0.493513 0.175824 0.023871 0.042582
83 0.386092 0.173077 0.024909 0.042582
1132 0.288531 0.664320 0.045667 0.043613
491 0.589258 0.578125 0.047224 0.043613
322 0.784380 0.243132 0.047224 0.044643
3756 0.488583 0.132898 0.048262 0.044643
973 0.672548 0.853194 0.026985 0.044986
1396 0.289829 0.265453 0.046186 0.045330
1480 0.385314 0.222012 0.052413 0.045673
1539 0.188895 0.781593 0.051894 0.046703
3434 0.675662 0.742273 0.041515 0.047047
3095 0.484691 0.814389 0.056046 0.047734
968 0.191749 0.500343 0.039958 0.048077
3902 0.287753 0.801168 0.044110 0.048764
1823 0.587442 0.277301 0.038402 0.049794
1584 0.584328 0.388565 0.036326 0.050481
1917 0.285158 0.420330 0.042034 0.051511
