209 0.482219 0.667956 0.010085 0.009849
56 0.467357 0.870208 0.015393 0.011256
200 0.694798 0.130672 0.036093 0.012311
146 0.665074 0.147731 0.023355 0.013366
56 0.271762 0.873373 0.023355 0.014070
91 0.798832 0.200492 0.024416 0.014773
297 0.168524 0.293352 0.045117 0.014773
101 0.369958 0.290186 0.053079 0.014773
196 0.477442 0.591629 0.018577 0.015477
132 0.481423 0.654766 0.025478 0.015828
200 0.670382 0.162329 0.032909 0.015828
148 0.472665 0.826064 0.029193 0.016532
92 0.766454 0.892895 0.035032 0.016532
132 0.779724 0.234260 0.018047 0.017587
92 0.369692 0.857897 0.041932 0.017587
113 0.666932 0.836792 0.049363 0.017587
132 0.477176 0.201196 0.022293 0.018291
57 0.472930 0.746043 0.033970 0.018291
101 0.268577 0.625044 0.041401 0.018291
120 0.769108 0.815512 0.022293 0.018642
56 0.270701 0.117306 0.054140 0.018642
91 0.372081 0.769610 0.033970 0.018994
91 0.166667 0.847696 0.038217 0.018994
55 0.574310 0.678860 0.050955 0.018994
56 0.862261 0.783855 0.018577 0.019346
91 0.467622 0.809180 0.035032 0.019346
123 0.799363 0.180795 0.019108 0.019698
166 0.380573 0.167429 0.018047 0.020401
172 0.773355 0.632079 0.029724 0.020401
698 0.369692 0.334858 0.030255 0.020401
92 0.473726 0.391136 0.039809 0.020401
52 0.573514 0.543616 0.037686 0.020753
91 0.274151 0.251847 0.027070 0.021104
91 0.167728 0.440732 0.031847 0.021104
52 0.370488 0.144214 0.041401 0.021104
56 0.476115 0.334858 0.048832 0.021104
101 0.575372 0.728808 0.048832 0.021104
68 0.371815 0.748857 0.006900 0.021808
57 0.869958 0.642631 0.033970 0.021808
91 0.167463 0.187302 0.032378 0.022160
101 0.671444 0.821140 0.057325 0.022160
57 0.578291 0.749209 0.031316 0.022511
92 0.169851 0.730918 0.040340 0.022511
113 0.774947 0.345058 0.046709 0.022511
120 0.372346 0.518291 0.017516 0.022863
120 0.864915 0.583363 0.023885 0.022863
172 0.867304 0.807422 0.029724 0.022863
193 0.683917 0.113437 0.031316 0.022863
755 0.368896 0.196096 0.059448 0.022863
77 0.575637 0.839958 0.038747 0.023215
120 0.167994 0.792297 0.018577 0.023567
77 0.875265 0.335737 0.039278 0.023567
126 0.369958 0.357897 0.039278 0.023567
88 0.673301 0.889729 0.042994 0.023567
495 0.367569 0.452867 0.046178 0.023567
120 0.578556 0.151249 0.015924 0.023918
132 0.776805 0.616954 0.024947 0.023918
57 0.875796 0.395005 0.031847 0.023918
91 0.864650 0.761871 0.035032 0.023918
101 0.270435 0.564193 0.046178 0.023918
120 0.866773 0.705769 0.019108 0.024270
56 0.570860 0.864404 0.019639 0.024270
135 0.874735 0.824657 0.021231 0.024270
85 0.677548 0.188006 0.024947 0.024270
118 0.572187 0.888850 0.019108 0.024622
74 0.470541 0.692227 0.031316 0.024622
83 0.673567 0.256419 0.035032 0.024622
81 0.165340 0.658459 0.040870 0.024622
1821 0.366773 0.386388 0.048832 0.024974
66 0.777335 0.118537 0.027070 0.025325
81 0.669055 0.737601 0.040870 0.025325
55 0.472930 0.492789 0.042463 0.025325
99 0.168524 0.156525 0.045117 0.025325
74 0.777070 0.289659 0.036093 0.025677
113 0.471603 0.177453 0.037686 0.025677
77 0.173832 0.629441 0.038747 0.025677
89 0.268577 0.651600 0.039278 0.025677
93 0.473461 0.851038 0.036093 0.026381
91 0.575637 0.183609 0.033439 0.026732
78 0.766985 0.870559 0.033970 0.026732
127 0.780255 0.145621 0.049894 0.026732
81 0.674894 0.540802 0.040870 0.027084
76 0.772293 0.482061 0.029724 0.027788
501 0.370488 0.657228 0.040340 0.027788
1003 0.869161 0.616075 0.052548 0.027788
111 0.770435 0.691523 0.026008 0.028139
76 0.673567 0.567358 0.029724 0.028139
252 0.275478 0.434400 0.030786 0.028139
51 0.773355 0.791769 0.039278 0.028139
3157 0.268312 0.791066 0.046178 0.028139
109 0.373673 0.694689 0.046709 0.028139
66 0.270966 0.536581 0.028132 0.028491
91 0.575902 0.403975 0.031847 0.028491
76 0.268312 0.754661 0.034501 0.028491
87 0.674894 0.446535 0.035563 0.028491
62 0.674628 0.763102 0.036093 0.028491
83 0.267781 0.176046 0.037686 0.028491
95 0.675690 0.706120 0.038217 0.028491
1354 0.365180 0.882694 0.041401 0.028491
118 0.673832 0.413648 0.022824 0.028843
718 0.497081 0.620471 0.026008 0.028843
132 0.777070 0.371087 0.026539 0.028843
107 0.574310 0.703482 0.027601 0.028843
2595 0.273355 0.462891 0.041401 0.028843
58 0.472930 0.519170 0.041401 0.028843
4253 0.370754 0.312698 0.046178 0.028843
81 0.674628 0.596377 0.038217 0.029195
88 0.168259 0.519346 0.043524 0.029195
3157 0.164809 0.265740 0.045117 0.029195
87 0.677017 0.512135 0.033439 0.029546
51 0.874469 0.119944 0.034501 0.029546
1214 0.374204 0.584594 0.040340 0.029546
110 0.164278 0.817446 0.042994 0.029546
56 0.370223 0.724059 0.019639 0.029898
111 0.574575 0.212276 0.027070 0.029898
111 0.865711 0.735315 0.028662 0.029898
83 0.470276 0.274886 0.038217 0.029898
88 0.869692 0.299508 0.044055 0.029898
1173 0.170117 0.374780 0.045117 0.029898
2613 0.367038 0.554520 0.052548 0.029898
111 0.473726 0.304960 0.027070 0.030250
70 0.467887 0.572635 0.037686 0.030250
68 0.367304 0.118009 0.014862 0.030601
109 0.275212 0.851389 0.050425 0.030601
88 0.371285 0.833275 0.024947 0.030953
121 0.468949 0.722125 0.040870 0.030953
127 0.874735 0.141048 0.042463 0.030953
107 0.468418 0.541505 0.024947 0.031305
87 0.874204 0.174639 0.039278 0.031305
88 0.473195 0.459550 0.045117 0.031305
1607 0.268577 0.820084 0.046709 0.031305
68 0.476115 0.153359 0.009554 0.031657
68 0.267251 0.882870 0.044055 0.031657
91 0.769639 0.763982 0.047771 0.031657
108 0.167197 0.765037 0.049894 0.031657
316 0.772028 0.663384 0.054671 0.031657
134 0.778928 0.255188 0.016454 0.032008
118 0.576699 0.479951 0.029193 0.032008
107 0.575902 0.288779 0.024416 0.032360
86 0.778397 0.580021 0.029193 0.032360
702 0.870223 0.428772 0.036624 0.032360
53 0.666932 0.862293 0.018577 0.032712
107 0.474522 0.362117 0.028662 0.032712
4286 0.571921 0.809884 0.047240 0.032712
90 0.667197 0.793176 0.050955 0.033064
2760 0.271762 0.282096 0.054140 0.033064
68 0.370223 0.225642 0.012208 0.033415
121 0.270435 0.724411 0.031316 0.033415
552 0.571921 0.779986 0.051486 0.033415
53 0.766454 0.841365 0.024416 0.033767
86 0.576433 0.643686 0.032909 0.033767
121 0.772824 0.547661 0.036093 0.033767
2707 0.167463 0.600950 0.033439 0.034119
62 0.574045 0.578087 0.035563 0.034119
62 0.775212 0.517587 0.037686 0.034119
757 0.859873 0.858776 0.050955 0.034119
51 0.869427 0.676046 0.039278 0.034471
2820 0.470807 0.120295 0.048832 0.034471
121 0.570860 0.609391 0.034501 0.034822
54 0.272558 0.145093 0.038747 0.034822
3687 0.167728 0.406789 0.043524 0.035526
1128 0.376327 0.800739 0.055202 0.035526
60 0.678344 0.474851 0.024416 0.035878
121 0.272293 0.317270 0.033970 0.035878
3735 0.272028 0.595849 0.034501 0.035878
121 0.871019 0.365811 0.035032 0.035878
3754 0.673036 0.223356 0.037155 0.035878
71 0.478769 0.422089 0.039278 0.035878
2083 0.774151 0.450229 0.045117 0.035878
4166 0.773355 0.726345 0.052017 0.035878
68 0.272558 0.354731 0.009023 0.036229
107 0.673301 0.380760 0.026008 0.036229
68 0.571391 0.514597 0.016454 0.036581
119 0.575106 0.323602 0.022824 0.036581
119 0.776008 0.320788 0.023355 0.036581
1113 0.469214 0.779458 0.044586 0.036581
70 0.574310 0.119768 0.031847 0.036933
278 0.866242 0.889553 0.041401 0.037285
368 0.576168 0.252198 0.048301 0.037285
4164 0.865977 0.215793 0.033439 0.037636
1365 0.369161 0.623989 0.042994 0.037988
83 0.671444 0.630320 0.024416 0.038692
81 0.675955 0.346641 0.037686 0.039043
4727 0.166136 0.225994 0.038217 0.039043
4169 0.167463 0.562962 0.046178 0.039043
83 0.368365 0.418924 0.023355 0.039395
3094 0.270701 0.501935 0.041401 0.039395
648 0.369958 0.262047 0.030786 0.040098
47 0.471868 0.881991 0.046709 0.040450
121 0.866507 0.551178 0.031316 0.040802
4163 0.166667 0.325712 0.036093 0.040802
3712 0.168524 0.698910 0.046178 0.040802
2285 0.867038 0.471509 0.047240 0.041154
2201 0.269639 0.690116 0.041401 0.041505
4116 0.873408 0.259761 0.029193 0.043264
2179 0.575106 0.439501 0.055732 0.043264
1570 0.869427 0.513894 0.050955 0.043616
1917 0.370223 0.484172 0.041932 0.043968
1917 0.475318 0.237425 0.046178 0.044319
2077 0.671444 0.668660 0.052017 0.044319
1418 0.167994 0.124868 0.042994 0.045023
3264 0.165870 0.481182 0.047240 0.045023
2191 0.580414 0.361414 0.033439 0.046078
3212 0.266454 0.216848 0.042463 0.046078
322 0.680467 0.296870 0.032909 0.047837
1256 0.772293 0.412241 0.035032 0.047837
3521 0.272558 0.395885 0.046178 0.048892
