209 0.197210 0.318440 0.006018 0.007092
209 0.193107 0.351950 0.009847 0.008865
169 0.488239 0.144681 0.026805 0.009220
209 0.193381 0.340248 0.007112 0.009574
209 0.196937 0.328014 0.005470 0.011348
128 0.485230 0.411525 0.015317 0.011702
92 0.802243 0.489184 0.034464 0.011702
169 0.903173 0.536170 0.036105 0.012057
209 0.901532 0.484929 0.016411 0.012411
101 0.386761 0.283511 0.045952 0.012411
188 0.699125 0.168617 0.025164 0.013121
92 0.903446 0.609752 0.030088 0.013121
168 0.489606 0.126064 0.021882 0.014539
52 0.278993 0.417376 0.041575 0.014894
101 0.393326 0.751950 0.047046 0.015248
92 0.496718 0.875177 0.032823 0.015603
93 0.490153 0.780142 0.039387 0.015603
196 0.193654 0.236348 0.018600 0.015957
132 0.814278 0.128546 0.023523 0.015957
193 0.697210 0.599645 0.033370 0.016312
55 0.490700 0.805674 0.040481 0.016312
192 0.189825 0.536879 0.033917 0.017021
52 0.389223 0.676596 0.037746 0.017021
56 0.390591 0.697340 0.021882 0.017376
132 0.913567 0.469326 0.024070 0.017376
132 0.485777 0.252482 0.026258 0.017730
171 0.806619 0.509043 0.027899 0.018085
192 0.394694 0.413475 0.022429 0.018440
173 0.192560 0.303901 0.028446 0.018440
56 0.596827 0.840957 0.019694 0.018794
56 0.800602 0.764184 0.020241 0.019149
52 0.904814 0.705496 0.039387 0.019504
168 0.901532 0.514184 0.027352 0.019858
81 0.191466 0.843617 0.036105 0.019858
52 0.696937 0.682624 0.037199 0.019858
52 0.483042 0.395035 0.038293 0.019858
166 0.703228 0.383156 0.018053 0.020213
56 0.590810 0.365426 0.019694 0.020213
197 0.697757 0.621809 0.020241 0.020213
52 0.187090 0.217199 0.041575 0.020213
56 0.801696 0.416312 0.023523 0.020567
56 0.801696 0.292199 0.025711 0.021277
55 0.182987 0.370567 0.045405 0.021277
120 0.803611 0.464007 0.018600 0.021631
1365 0.213895 0.262234 0.029540 0.021631
91 0.800602 0.244149 0.031182 0.021631
95 0.181893 0.162943 0.038840 0.021631
55 0.591357 0.421099 0.040481 0.021631
56 0.280908 0.441489 0.018053 0.021986
171 0.598742 0.161348 0.024617 0.021986
57 0.908370 0.728369 0.032276 0.021986
84 0.479759 0.343262 0.038293 0.021986
74 0.701586 0.844681 0.025711 0.022695
76 0.181893 0.190426 0.027899 0.022695
251 0.592724 0.274113 0.030088 0.022695
57 0.596280 0.600000 0.033917 0.022695
88 0.486324 0.670922 0.033917 0.022695
91 0.384573 0.171277 0.035011 0.022695
132 0.696116 0.192376 0.024617 0.023050
76 0.486324 0.728546 0.028446 0.023050
91 0.907276 0.814362 0.028993 0.023050
72 0.486050 0.755496 0.033370 0.023050
56 0.900164 0.401418 0.021335 0.023404
111 0.481400 0.369149 0.022976 0.023404
135 0.193381 0.435461 0.026805 0.023404
132 0.278993 0.132270 0.029540 0.023404
547 0.384300 0.238298 0.036652 0.023404
88 0.287473 0.765957 0.043217 0.023404
113 0.480306 0.226596 0.047046 0.023404
166 0.486050 0.433156 0.019147 0.023759
57 0.900711 0.130319 0.039934 0.023759
88 0.593818 0.751596 0.043217 0.023759
127 0.711707 0.868262 0.062363 0.023759
118 0.282549 0.353901 0.015864 0.024113
135 0.192013 0.564184 0.025164 0.024113
87 0.594639 0.488298 0.036105 0.024113
77 0.394420 0.810284 0.039387 0.024113
55 0.282823 0.648582 0.047046 0.024113
126 0.183534 0.742730 0.038840 0.024468
127 0.283917 0.742376 0.042670 0.024468
113 0.387035 0.510106 0.045405 0.024468
495 0.800328 0.216489 0.048140 0.024468
56 0.392232 0.835461 0.022976 0.024823
718 0.925602 0.425887 0.025164 0.024823
66 0.281182 0.717021 0.025164 0.024823
120 0.705416 0.773404 0.027899 0.024823
718 0.412473 0.370922 0.028446 0.024823
74 0.480033 0.169149 0.030088 0.024823
1365 0.504103 0.089716 0.042123 0.024823
68 0.481127 0.546277 0.018053 0.025177
83 0.279540 0.295567 0.031729 0.025177
83 0.184628 0.868972 0.035558 0.025177
77 0.803063 0.268085 0.036105 0.025532
132 0.384573 0.623759 0.038293 0.025532
60 0.282276 0.241312 0.018600 0.025887
126 0.696116 0.446277 0.031182 0.025887
162 0.283917 0.274823 0.024070 0.026241
1354 0.813731 0.151418 0.025711 0.026241
93 0.593545 0.339362 0.033917 0.026241
77 0.803337 0.741135 0.035558 0.026241
366 0.898249 0.160284 0.039387 0.026241
118 0.279540 0.467021 0.015317 0.026950
60 0.599836 0.655674 0.016958 0.026950
77 0.904814 0.375532 0.031729 0.026950
76 0.190919 0.811525 0.022976 0.027305
87 0.281729 0.325355 0.030635 0.027305
87 0.279540 0.388830 0.031729 0.027305
87 0.390591 0.649468 0.031729 0.027305
87 0.189278 0.669326 0.036105 0.027305
84 0.278720 0.618262 0.048687 0.027305
123 0.486871 0.702837 0.016411 0.027660
119 0.798140 0.709574 0.028446 0.027660
160 0.703228 0.579433 0.034464 0.027660
99 0.286105 0.561348 0.038293 0.027660
113 0.386761 0.591489 0.040481 0.027660
90 0.388950 0.723050 0.040481 0.027660
55 0.488512 0.601064 0.047046 0.027660
87 0.905088 0.675355 0.031182 0.028014
83 0.694475 0.545922 0.036652 0.028014
62 0.902899 0.095922 0.038840 0.028014
495 0.384300 0.308688 0.045405 0.028014
1814 0.803337 0.098227 0.027899 0.028369
135 0.391685 0.439362 0.030635 0.028369
83 0.483042 0.571277 0.031729 0.028369
1295 0.796772 0.634752 0.035558 0.028369
1138 0.277626 0.205319 0.036652 0.028369
110 0.286652 0.833333 0.037199 0.028369
85 0.596827 0.684220 0.020788 0.028723
119 0.700219 0.515426 0.021882 0.028723
76 0.899070 0.258333 0.028993 0.028723
1365 0.825492 0.540603 0.032823 0.028723
81 0.596280 0.623936 0.041575 0.028723
327 0.905088 0.639539 0.043217 0.028723
53 0.388403 0.536879 0.019694 0.029078
70 0.595733 0.814894 0.024070 0.029078
68 0.900438 0.229610 0.013129 0.029433
69 0.396061 0.566135 0.020788 0.029433
53 0.699125 0.351950 0.021882 0.029433
718 0.727298 0.808333 0.023523 0.029433
118 0.588621 0.133865 0.024070 0.029433
3754 0.185449 0.468972 0.028446 0.029433
68 0.283643 0.531206 0.008206 0.029787
92 0.699125 0.712411 0.021882 0.029787
87 0.185722 0.506738 0.038840 0.029787
2083 0.185996 0.639007 0.047046 0.029787
119 0.591357 0.384574 0.020788 0.030851
72 0.699945 0.744858 0.030088 0.030851
4039 0.591904 0.784752 0.045952 0.031206
3756 0.799508 0.670745 0.030088 0.031560
366 0.592724 0.190603 0.041028 0.031560
1834 0.482221 0.312943 0.042123 0.031560
1385 0.596007 0.529255 0.043217 0.031560
2083 0.900711 0.197340 0.044311 0.031560
118 0.597101 0.865603 0.016958 0.031915
2083 0.804705 0.386879 0.054705 0.031915
119 0.280635 0.587057 0.019694 0.032270
118 0.799508 0.319681 0.020241 0.032270
87 0.592451 0.098050 0.035011 0.032270
60 0.802243 0.868794 0.012582 0.032624
119 0.484956 0.197872 0.022429 0.033333
2395 0.385120 0.095213 0.037199 0.033688
366 0.482221 0.282447 0.045405 0.033688
3204 0.280635 0.168262 0.055799 0.033688
119 0.699398 0.137589 0.025711 0.034043
552 0.702407 0.268794 0.035011 0.034043
2233 0.596554 0.570213 0.039934 0.034043
420 0.589989 0.452837 0.051969 0.034043
3024 0.803884 0.795213 0.045405 0.034397
60 0.801422 0.180142 0.017505 0.034752
83 0.288293 0.865957 0.019694 0.034752
118 0.177243 0.134752 0.027352 0.034752
70 0.803337 0.441844 0.038840 0.034752
1683 0.695295 0.480851 0.051422 0.034752
2309 0.288293 0.800000 0.060175 0.034752
322 0.394694 0.862766 0.044311 0.035461
366 0.390044 0.780851 0.044858 0.035461
2295 0.904267 0.340426 0.047046 0.035461
83 0.385120 0.339184 0.015317 0.035816
718 0.486597 0.835993 0.033370 0.035816
81 0.183534 0.403014 0.037746 0.035816
264 0.596280 0.306206 0.039387 0.035816
577 0.281182 0.682979 0.044858 0.036170
1137 0.388676 0.474823 0.045405 0.036170
111 0.182440 0.099113 0.028993 0.036525
4185 0.385394 0.136348 0.046499 0.036525
505 0.183807 0.600000 0.030635 0.036879
1547 0.693107 0.412057 0.045952 0.036879
2709 0.597921 0.718262 0.037199 0.037234
366 0.800055 0.355319 0.044311 0.037589
277 0.282823 0.502482 0.049234 0.037589
1354 0.380470 0.209397 0.041028 0.037943
975 0.277899 0.097695 0.041575 0.037943
1887 0.905361 0.861879 0.041575 0.037943
1877 0.899891 0.295390 0.030635 0.038298
3754 0.192560 0.777660 0.032823 0.038298
611 0.486324 0.470922 0.045952 0.038298
1111 0.488512 0.510461 0.030635 0.038652
1912 0.803063 0.832801 0.036105 0.039362
68 0.395788 0.250709 0.013676 0.039716
2295 0.906455 0.572518 0.047046 0.040071
718 0.485503 0.638298 0.035558 0.041135
3902 0.696937 0.309574 0.045952 0.041135
1373 0.699398 0.226596 0.042123 0.041844
1304 0.803337 0.601241 0.046499 0.042199
47 0.701313 0.647872 0.027352 0.042553
4064 0.700219 0.102305 0.044858 0.042908
650 0.589716 0.231560 0.036105 0.043972
296 0.183807 0.708333 0.038293 0.044326
3160 0.904540 0.767376 0.041028 0.045390
