92 0.582762 0.814420 0.035319 0.015014
162 0.381128 0.162535 0.023195 0.015712
92 0.877965 0.582228 0.035319 0.015712
92 0.775698 0.182961 0.035319 0.016061
57 0.485503 0.130936 0.036900 0.016061
52 0.478123 0.332751 0.039009 0.016061
52 0.379283 0.854399 0.040590 0.017458
57 0.586189 0.263443 0.033737 0.017807
52 0.780443 0.526013 0.040590 0.017807
132 0.783342 0.713163 0.017923 0.018506
52 0.678176 0.870985 0.042699 0.018506
172 0.779652 0.729574 0.029520 0.019902
132 0.688719 0.762919 0.020559 0.020251
92 0.875593 0.189246 0.037955 0.020251
52 0.377965 0.377095 0.037955 0.020251
57 0.485503 0.651013 0.031629 0.020601
52 0.679758 0.653108 0.037428 0.020601
56 0.180021 0.678422 0.019504 0.020950
52 0.581708 0.890712 0.038482 0.020950
55 0.876911 0.303073 0.042699 0.020950
120 0.180812 0.596194 0.025303 0.021299
117 0.784133 0.590957 0.017396 0.021997
52 0.376911 0.440468 0.037955 0.021997
126 0.381919 0.734811 0.039536 0.021997
101 0.281497 0.325419 0.054823 0.022346
91 0.282024 0.886697 0.034792 0.022696
127 0.782815 0.161138 0.060095 0.022696
52 0.576436 0.136173 0.035319 0.023045
1406 0.780443 0.385999 0.035319 0.023394
91 0.180285 0.888094 0.041118 0.023394
84 0.283079 0.510999 0.044280 0.023394
76 0.778598 0.685405 0.031629 0.023743
86 0.291249 0.707751 0.039536 0.023743
2151 0.583026 0.672486 0.042172 0.023743
87 0.681339 0.847591 0.038482 0.024092
124 0.579599 0.410091 0.039536 0.024092
88 0.778598 0.888094 0.041118 0.024092
88 0.583026 0.740398 0.045335 0.024092
132 0.277016 0.201990 0.024776 0.024791
87 0.584607 0.867842 0.036900 0.024791
52 0.875593 0.336068 0.039009 0.024791
113 0.478651 0.245985 0.041118 0.024791
83 0.280970 0.818087 0.045335 0.025140
92 0.481286 0.596194 0.022140 0.025489
56 0.477333 0.361208 0.022667 0.025489
171 0.483131 0.385649 0.028993 0.025489
51 0.586189 0.291027 0.039009 0.025489
113 0.678176 0.734462 0.040590 0.025489
104 0.681866 0.203387 0.042699 0.025489
88 0.682920 0.551851 0.043753 0.025489
127 0.483131 0.622381 0.049025 0.025489
85 0.480496 0.462989 0.024776 0.025838
92 0.873221 0.136872 0.027939 0.025838
83 0.775698 0.353352 0.039536 0.025838
83 0.681339 0.437849 0.040590 0.025838
66 0.779389 0.831529 0.025830 0.026187
86 0.684502 0.236557 0.031102 0.026187
83 0.177912 0.455831 0.036373 0.026187
91 0.180285 0.656250 0.036900 0.026187
98 0.576436 0.162535 0.049025 0.026187
1173 0.780179 0.754714 0.053769 0.026187
88 0.282815 0.480447 0.046916 0.026536
111 0.480759 0.490573 0.025303 0.027235
88 0.381655 0.701117 0.042172 0.027235
127 0.778861 0.857891 0.055351 0.027235
62 0.680548 0.686278 0.031629 0.027584
87 0.783079 0.464560 0.033210 0.027584
70 0.285451 0.677200 0.041645 0.027584
118 0.581181 0.475908 0.016342 0.027933
119 0.680812 0.715084 0.019504 0.027933
72 0.777016 0.136522 0.039009 0.027933
73 0.780706 0.247207 0.052715 0.027933
66 0.379283 0.831180 0.025830 0.028282
87 0.285187 0.578038 0.032683 0.028282
83 0.177912 0.821753 0.042699 0.028282
72 0.579599 0.836767 0.043753 0.028282
88 0.176858 0.349337 0.047970 0.028282
1002 0.681339 0.475733 0.053242 0.028282
2083 0.182393 0.757158 0.060095 0.028282
118 0.672114 0.820880 0.031629 0.028631
113 0.373484 0.221020 0.035319 0.028631
87 0.681866 0.791550 0.036373 0.028631
87 0.488139 0.883729 0.036900 0.028631
111 0.284660 0.537535 0.027412 0.028980
85 0.682920 0.884602 0.033210 0.028980
86 0.880865 0.611208 0.036900 0.028980
111 0.179758 0.628142 0.026357 0.029330
111 0.581444 0.553422 0.030575 0.029330
87 0.382182 0.796788 0.031629 0.029330
120 0.586716 0.311453 0.033737 0.029330
98 0.377174 0.466480 0.043753 0.029330
60 0.374275 0.134951 0.032683 0.029679
60 0.581444 0.348638 0.037955 0.029679
55 0.479705 0.531599 0.042172 0.029679
132 0.376120 0.248953 0.031102 0.030028
126 0.584344 0.632682 0.036373 0.030028
53 0.874275 0.641236 0.021613 0.030377
2820 0.381392 0.883554 0.053242 0.030377
118 0.380601 0.574022 0.014760 0.030726
119 0.783606 0.617668 0.022667 0.030726
87 0.379547 0.351257 0.031629 0.030726
2555 0.578545 0.238827 0.042699 0.030726
480 0.782815 0.563897 0.046389 0.030726
68 0.180021 0.788233 0.013179 0.031075
85 0.780970 0.280901 0.026885 0.031075
132 0.473906 0.273219 0.037955 0.031075
77 0.880865 0.396473 0.039009 0.031075
95 0.875066 0.364700 0.032683 0.031774
87 0.682130 0.627968 0.033737 0.031774
81 0.175013 0.424406 0.042172 0.031774
87 0.479178 0.308310 0.033737 0.032123
87 0.581444 0.445880 0.034792 0.032123
328 0.182393 0.857193 0.060095 0.032123
85 0.380074 0.405552 0.026357 0.032472
85 0.877965 0.501571 0.028993 0.032472
87 0.380601 0.542074 0.032683 0.032472
118 0.375329 0.319134 0.016869 0.032821
118 0.675540 0.174930 0.019504 0.032821
51 0.282815 0.858240 0.040590 0.032821
85 0.174750 0.174406 0.021613 0.033170
87 0.377174 0.285440 0.032156 0.033170
111 0.874802 0.673534 0.030047 0.033520
113 0.277543 0.172835 0.039536 0.033520
62 0.877438 0.435754 0.039536 0.033520
2820 0.876647 0.548534 0.046389 0.033520
83 0.279916 0.394728 0.018977 0.033869
107 0.282551 0.646124 0.026357 0.033869
4375 0.480232 0.730622 0.046389 0.033869
118 0.577227 0.381634 0.016869 0.034218
53 0.284133 0.738827 0.024249 0.034218
87 0.784133 0.216480 0.033210 0.034218
87 0.182130 0.387919 0.035319 0.034218
107 0.479705 0.559881 0.032683 0.034567
2083 0.482604 0.811278 0.047970 0.034567
2083 0.877438 0.268680 0.051133 0.034567
3231 0.475488 0.172661 0.056932 0.034567
121 0.680812 0.319134 0.032156 0.034916
3153 0.584080 0.196927 0.040063 0.034916
327 0.678967 0.595321 0.046389 0.034916
4047 0.581972 0.782123 0.061149 0.034916
66 0.871903 0.801152 0.031629 0.035265
121 0.875857 0.469448 0.036373 0.035265
1387 0.277807 0.361208 0.043226 0.035265
68 0.390090 0.762570 0.014760 0.035615
92 0.777807 0.501746 0.023722 0.035615
74 0.677912 0.140014 0.030575 0.035615
1831 0.479705 0.690642 0.037955 0.035615
127 0.878492 0.164804 0.059568 0.035615
121 0.179494 0.568959 0.037428 0.035964
1017 0.176331 0.265189 0.054296 0.035964
3754 0.775171 0.321927 0.041645 0.036313
58 0.278334 0.137046 0.025303 0.036662
1584 0.385345 0.659392 0.035846 0.036662
2748 0.875066 0.758205 0.048498 0.036662
1039 0.171587 0.140887 0.058513 0.036662
119 0.283079 0.611034 0.024249 0.037011
68 0.483131 0.850384 0.014233 0.037360
78 0.379020 0.194309 0.026357 0.037360
107 0.779652 0.655203 0.026357 0.038059
118 0.184765 0.537186 0.031102 0.038059
613 0.384818 0.618191 0.047443 0.038059
69 0.486558 0.215782 0.031629 0.038408
1827 0.778598 0.795042 0.031629 0.038408
1256 0.874539 0.227654 0.032683 0.038408
366 0.580917 0.519553 0.040063 0.038408
981 0.485767 0.431215 0.041645 0.038408
1187 0.281234 0.447626 0.041645 0.038408
107 0.870322 0.877968 0.032683 0.038757
121 0.869794 0.838687 0.031629 0.039106
1256 0.483658 0.775314 0.032156 0.039455
2083 0.583289 0.708101 0.043753 0.039804
1484 0.678440 0.281774 0.052715 0.039804
552 0.181603 0.309183 0.034265 0.040154
1598 0.872957 0.719797 0.045335 0.040154
1256 0.178440 0.721718 0.034265 0.040503
1193 0.680021 0.405901 0.046389 0.041550
1020 0.175540 0.225908 0.051661 0.041899
83 0.676858 0.358066 0.023195 0.042249
1578 0.678703 0.510824 0.044808 0.042598
410 0.280179 0.291899 0.049025 0.042598
1193 0.178440 0.496334 0.046916 0.042947
4222 0.277016 0.244937 0.045862 0.043645
296 0.378756 0.502793 0.026885 0.043994
68 0.283606 0.784043 0.014760 0.044344
2820 0.580654 0.598638 0.045862 0.044344
3740 0.783342 0.421962 0.047443 0.055517
