120 0.682900 0.895804 0.014069 0.012341
101 0.686688 0.366008 0.049784 0.012694
101 0.484848 0.236953 0.048701 0.014104
101 0.579545 0.142102 0.057359 0.014810
92 0.586310 0.747884 0.040584 0.015515
188 0.070887 0.778209 0.030303 0.016220
101 0.589286 0.642807 0.044372 0.016220
91 0.073864 0.898449 0.034091 0.016925
92 0.685606 0.801657 0.034632 0.017278
132 0.791126 0.772214 0.023810 0.017630
66 0.683712 0.880994 0.021104 0.017983
57 0.278680 0.834450 0.031385 0.017983
101 0.274621 0.470028 0.045996 0.018336
547 0.791937 0.601728 0.039502 0.018688
92 0.165584 0.158322 0.035714 0.019041
132 0.069264 0.800952 0.022727 0.019394
1810 0.168019 0.414140 0.024351 0.019394
57 0.175054 0.568759 0.038420 0.019746
88 0.272998 0.676305 0.038420 0.019746
2149 0.067100 0.703103 0.060606 0.019746
110 0.685606 0.343618 0.031385 0.020099
166 0.593885 0.661848 0.021104 0.020451
91 0.063312 0.305712 0.033550 0.020451
92 0.384470 0.404443 0.034091 0.020451
81 0.588203 0.802539 0.036797 0.020451
132 0.385552 0.338681 0.023268 0.020804
88 0.786255 0.838681 0.028139 0.020804
91 0.482143 0.767807 0.037879 0.020804
126 0.784903 0.899330 0.039502 0.020804
113 0.060606 0.197461 0.043290 0.021157
85 0.487013 0.160966 0.030303 0.021509
91 0.064123 0.409203 0.033009 0.021509
110 0.580087 0.113011 0.033550 0.021509
66 0.168831 0.745063 0.024892 0.021862
83 0.067641 0.728491 0.037879 0.021862
1173 0.170996 0.667842 0.045455 0.021862
98 0.376353 0.251410 0.045996 0.021862
56 0.484848 0.185472 0.047619 0.021862
113 0.166126 0.486425 0.047619 0.022214
110 0.779491 0.434767 0.030844 0.022567
120 0.485931 0.134344 0.031385 0.022567
98 0.577110 0.227786 0.047078 0.022567
56 0.482143 0.608427 0.021645 0.022920
1810 0.785444 0.689880 0.024351 0.022920
57 0.381494 0.192701 0.032468 0.022920
98 0.061418 0.485367 0.044913 0.022920
55 0.076299 0.827927 0.044372 0.023272
148 0.076028 0.751939 0.033009 0.023625
85 0.591991 0.828632 0.028139 0.023977
57 0.593615 0.891396 0.033550 0.023977
81 0.170455 0.312059 0.034632 0.023977
83 0.781385 0.465797 0.041126 0.023977
118 0.585227 0.587623 0.017857 0.024330
81 0.384470 0.473731 0.041667 0.024330
56 0.687771 0.417137 0.021645 0.024683
51 0.487013 0.115656 0.034632 0.024683
1435 0.579004 0.199224 0.036797 0.024683
90 0.586310 0.617066 0.041667 0.024683
84 0.273268 0.530677 0.043290 0.024683
1814 0.275433 0.859485 0.034632 0.025035
1435 0.376353 0.220205 0.038420 0.025035
61 0.382035 0.777151 0.035714 0.025388
87 0.688041 0.859309 0.037338 0.025388
1435 0.168831 0.276798 0.044372 0.025388
495 0.477814 0.300423 0.050866 0.025388
85 0.789773 0.538258 0.025433 0.025740
52 0.172348 0.802362 0.043831 0.025740
132 0.277327 0.327574 0.029762 0.026093
120 0.278139 0.810649 0.030303 0.026093
74 0.476190 0.395980 0.033550 0.026093
88 0.784361 0.719323 0.036255 0.026093
113 0.781926 0.747884 0.049784 0.026093
113 0.375271 0.307123 0.050325 0.026093
93 0.485119 0.581276 0.037338 0.026446
77 0.382576 0.645099 0.041126 0.026446
2748 0.684524 0.710331 0.046537 0.026446
127 0.178571 0.767454 0.058442 0.026446
85 0.480519 0.472144 0.021645 0.026798
86 0.783009 0.270804 0.028139 0.026798
113 0.479708 0.703103 0.049242 0.026798
88 0.376082 0.277327 0.032468 0.027151
83 0.682089 0.773801 0.035173 0.027151
87 0.687771 0.268336 0.029221 0.027504
204 0.691017 0.471791 0.030303 0.027504
66 0.062500 0.577574 0.030844 0.027504
4260 0.589015 0.860014 0.031926 0.027504
110 0.477002 0.368477 0.036255 0.027504
122 0.380141 0.617419 0.039502 0.027504
119 0.589015 0.446227 0.020022 0.027856
76 0.681277 0.201164 0.032468 0.027856
134 0.692370 0.493300 0.018939 0.028209
85 0.692370 0.563822 0.028680 0.028209
3735 0.275974 0.784379 0.036797 0.028561
68 0.789232 0.629408 0.009199 0.028914
293 0.779762 0.301834 0.029221 0.028914
111 0.273539 0.562412 0.029762 0.028914
83 0.165043 0.336742 0.035714 0.028914
60 0.581710 0.378526 0.015152 0.029267
85 0.579545 0.254760 0.019481 0.029267
85 0.172619 0.637694 0.024892 0.029267
87 0.586851 0.559767 0.036255 0.029267
90 0.271374 0.438470 0.039502 0.029267
52 0.061959 0.459274 0.039502 0.029267
1016 0.062771 0.272743 0.048701 0.029267
118 0.272457 0.404795 0.020022 0.029619
107 0.168019 0.121650 0.024351 0.029619
119 0.482684 0.628879 0.022727 0.029972
2083 0.684524 0.232546 0.043290 0.029972
2059 0.781115 0.406382 0.045996 0.029972
118 0.066829 0.612130 0.013528 0.030324
76 0.165043 0.541608 0.031385 0.030324
296 0.066288 0.512341 0.031926 0.030324
1584 0.281656 0.886460 0.031926 0.030324
118 0.681818 0.443759 0.029221 0.030677
126 0.785985 0.373942 0.038420 0.030677
126 0.070076 0.546016 0.043831 0.030677
750 0.174242 0.886989 0.051948 0.030677
68 0.689123 0.742595 0.011364 0.031030
83 0.586851 0.524330 0.022186 0.031030
121 0.777868 0.238717 0.030844 0.031030
113 0.174242 0.843441 0.044372 0.031030
2489 0.379870 0.370063 0.054113 0.031382
910 0.065206 0.378173 0.055736 0.031382
3754 0.787338 0.569817 0.028139 0.031735
76 0.781926 0.659379 0.033550 0.031735
77 0.691017 0.389281 0.037879 0.031735
2151 0.586310 0.689351 0.041667 0.031735
4402 0.584957 0.719676 0.042208 0.031735
750 0.059524 0.163258 0.043290 0.031735
85 0.583604 0.166255 0.020022 0.032087
78 0.588745 0.771333 0.031385 0.032087
148 0.488366 0.806946 0.035173 0.032087
83 0.272998 0.749471 0.039502 0.032087
113 0.270292 0.293195 0.047078 0.032087
339 0.685335 0.595733 0.050325 0.032087
366 0.272457 0.495240 0.054654 0.032087
77 0.781385 0.165374 0.038961 0.032440
4207 0.787338 0.866714 0.041126 0.032440
3800 0.790314 0.806065 0.050325 0.032440
85 0.070617 0.674365 0.026515 0.032793
1193 0.479708 0.667842 0.041667 0.033145
3192 0.274351 0.712800 0.037879 0.033498
2820 0.377706 0.120063 0.046537 0.033498
85 0.169372 0.242595 0.022727 0.033850
77 0.168290 0.207334 0.036797 0.033850
981 0.482143 0.844499 0.041126 0.033850
744 0.682089 0.827221 0.050325 0.033850
85 0.065206 0.437236 0.023268 0.034556
83 0.484037 0.547250 0.022186 0.035261
1787 0.587121 0.413963 0.032468 0.035261
68 0.685606 0.164140 0.007576 0.035614
366 0.169372 0.600317 0.046537 0.035614
1064 0.062229 0.231135 0.050866 0.035614
68 0.584686 0.337447 0.009199 0.035966
68 0.169643 0.509873 0.010281 0.035966
3813 0.273810 0.643159 0.044372 0.035966
62 0.385552 0.584450 0.043831 0.036319
431 0.063853 0.339034 0.050866 0.036319
83 0.383929 0.507052 0.020022 0.036671
1598 0.683442 0.678773 0.038961 0.036671
981 0.689123 0.529619 0.049242 0.036671
63 0.488366 0.213152 0.044913 0.037024
119 0.062500 0.641396 0.036255 0.037377
316 0.783550 0.122355 0.053030 0.037377
1719 0.379329 0.547955 0.059524 0.037377
83 0.477273 0.331629 0.020563 0.037729
2709 0.274080 0.598907 0.039502 0.037729
1364 0.779491 0.338858 0.040584 0.038082
1373 0.383658 0.437412 0.044372 0.038434
70 0.481872 0.734838 0.027597 0.038787
62 0.780303 0.203456 0.037879 0.038787
577 0.070617 0.860896 0.045996 0.039140
1559 0.588474 0.489245 0.047078 0.039140
68 0.179113 0.181946 0.011905 0.039492
84 0.388799 0.739598 0.035173 0.039845
1193 0.267316 0.221968 0.044372 0.039845
84 0.488366 0.882934 0.036255 0.040197
1796 0.784632 0.500529 0.045455 0.040550
83 0.270833 0.173307 0.021104 0.041255
3754 0.268939 0.124295 0.028139 0.041255
4063 0.475108 0.263399 0.051948 0.041608
322 0.167749 0.375176 0.055195 0.042313
4020 0.062229 0.123766 0.031385 0.043018
78 0.272727 0.265515 0.034632 0.043018
71 0.389881 0.827574 0.037338 0.043724
1917 0.167478 0.452045 0.038420 0.043724
2191 0.692911 0.307828 0.045996 0.043724
768 0.581169 0.293371 0.040043 0.044429
2237 0.482955 0.503879 0.043831 0.044429
68 0.379329 0.160966 0.009740 0.044781
3749 0.275974 0.363717 0.046537 0.044781
1827 0.170996 0.708921 0.036797 0.045487
47 0.383658 0.875529 0.027056 0.047250
47 0.694535 0.629760 0.034091 0.050776
669 0.688312 0.126587 0.041126 0.050776
47 0.485119 0.427362 0.036255 0.051481
3481 0.382035 0.691467 0.046537 0.055007
