92 0.176816 0.677431 0.036325 0.010530
128 0.386485 0.421025 0.010150 0.011583
101 0.780983 0.791155 0.050214 0.011934
101 0.483707 0.173219 0.045406 0.012285
128 0.490385 0.153738 0.008547 0.012636
92 0.480502 0.726395 0.029380 0.013689
92 0.379541 0.293787 0.035791 0.014040
92 0.179754 0.160583 0.031517 0.014391
92 0.583600 0.760969 0.031517 0.014742
92 0.484776 0.474201 0.030449 0.015444
101 0.782318 0.730081 0.053953 0.015444
57 0.182425 0.826079 0.033654 0.015795
91 0.277511 0.843278 0.035791 0.015795
52 0.479434 0.774658 0.033654 0.016146
92 0.374199 0.819059 0.041132 0.016497
57 0.492254 0.265707 0.026175 0.016848
111 0.276709 0.865742 0.028846 0.017199
49 0.178152 0.539663 0.016560 0.017901
113 0.674412 0.699719 0.042201 0.018603
85 0.584936 0.739031 0.019231 0.019305
57 0.383280 0.515444 0.030449 0.019305
92 0.174679 0.417164 0.036325 0.020007
55 0.380075 0.643910 0.037927 0.020007
98 0.274573 0.823271 0.040598 0.020007
1002 0.071848 0.318884 0.060363 0.020007
86 0.686165 0.761671 0.047543 0.020358
56 0.275107 0.491576 0.017094 0.020709
85 0.583066 0.657248 0.022970 0.020709
66 0.177083 0.775886 0.022970 0.020709
93 0.484509 0.354686 0.037393 0.020709
76 0.271902 0.736750 0.024573 0.021060
52 0.681624 0.380835 0.039530 0.021060
55 0.685096 0.205686 0.044338 0.021060
366 0.778045 0.814145 0.045406 0.021411
52 0.381143 0.324324 0.032585 0.021762
91 0.378739 0.403299 0.035256 0.021762
113 0.777511 0.627238 0.040064 0.021762
56 0.176282 0.659530 0.043803 0.021762
56 0.382746 0.234644 0.018697 0.022113
76 0.071581 0.778343 0.028846 0.022113
1002 0.372596 0.843629 0.058226 0.022113
91 0.377404 0.717796 0.028312 0.022464
118 0.581464 0.815198 0.011218 0.022815
81 0.480769 0.797297 0.038462 0.022815
81 0.073184 0.755528 0.040598 0.022815
66 0.072115 0.444015 0.026709 0.023166
259 0.177885 0.852580 0.042735 0.023166
126 0.071047 0.836083 0.045940 0.023166
85 0.072917 0.162689 0.025107 0.023517
83 0.579327 0.550544 0.033654 0.023517
126 0.580128 0.317480 0.039530 0.023517
108 0.277511 0.361355 0.015491 0.024219
88 0.782051 0.416813 0.023504 0.024219
91 0.276709 0.394700 0.030983 0.024219
84 0.068109 0.683573 0.037927 0.024219
98 0.579594 0.631625 0.041667 0.024219
111 0.581464 0.679537 0.027244 0.024570
57 0.680823 0.604072 0.030449 0.024570
83 0.070246 0.496314 0.035791 0.024570
85 0.275107 0.763250 0.022436 0.024921
85 0.380075 0.267287 0.024038 0.024921
120 0.585203 0.287294 0.024038 0.024921
84 0.578526 0.841172 0.034188 0.024921
166 0.691774 0.343278 0.018162 0.025272
120 0.780449 0.564058 0.021368 0.025272
87 0.481838 0.698842 0.025641 0.025272
74 0.179220 0.445419 0.027244 0.025272
60 0.684028 0.234819 0.041132 0.025272
1821 0.480769 0.887329 0.042735 0.025272
1173 0.679754 0.525097 0.045406 0.025272
2423 0.276976 0.890137 0.045406 0.025272
132 0.776442 0.655493 0.029380 0.025623
83 0.576656 0.479291 0.033654 0.025623
74 0.483173 0.383994 0.025107 0.025974
76 0.581197 0.171990 0.030983 0.025974
98 0.378472 0.349245 0.036859 0.025974
98 0.674947 0.672166 0.041132 0.025974
76 0.784455 0.190769 0.031517 0.026325
1174 0.075321 0.865391 0.033120 0.026325
84 0.788729 0.271499 0.045406 0.026325
77 0.583066 0.446823 0.036859 0.026676
83 0.685363 0.172341 0.037393 0.026676
1083 0.376603 0.793612 0.038462 0.026676
84 0.679220 0.818533 0.040064 0.026676
88 0.073718 0.288522 0.042735 0.026676
117 0.177618 0.565637 0.020833 0.027027
91 0.177885 0.474728 0.032051 0.027027
111 0.379808 0.378378 0.021368 0.027378
92 0.680823 0.411021 0.028312 0.027378
53 0.387286 0.203229 0.018162 0.028080
88 0.177350 0.389961 0.021368 0.028080
118 0.682959 0.880309 0.030449 0.028080
85 0.278045 0.173570 0.017628 0.028431
85 0.076656 0.379607 0.024038 0.028431
66 0.782051 0.537557 0.026709 0.028431
74 0.381410 0.173570 0.033120 0.028431
58 0.074252 0.192875 0.037393 0.028431
74 0.483440 0.822394 0.024573 0.028782
111 0.075053 0.221832 0.029380 0.028782
62 0.178686 0.227448 0.035791 0.028782
2151 0.176549 0.322920 0.040064 0.028782
87 0.780983 0.504212 0.030983 0.029133
86 0.181624 0.289751 0.032051 0.029133
107 0.070513 0.650755 0.023504 0.029484
87 0.275374 0.672517 0.031517 0.029484
126 0.179754 0.882766 0.035791 0.029484
68 0.583333 0.786943 0.036325 0.029484
64 0.485577 0.130748 0.027778 0.029835
91 0.483974 0.415409 0.029915 0.029835
2223 0.485310 0.238856 0.033654 0.029835
1587 0.479167 0.859073 0.034188 0.029835
1834 0.484776 0.441909 0.046474 0.030186
118 0.485043 0.330467 0.016026 0.030537
119 0.278045 0.204107 0.020833 0.030537
1435 0.275641 0.794489 0.040598 0.030537
2151 0.376870 0.453668 0.043269 0.030537
2748 0.679487 0.849596 0.048077 0.030537
119 0.177083 0.595297 0.021902 0.030888
978 0.379808 0.552475 0.037393 0.030888
68 0.177618 0.701123 0.011218 0.031239
107 0.786592 0.128291 0.028312 0.031239
1282 0.483173 0.297473 0.047543 0.031239
316 0.270833 0.600386 0.049145 0.031239
1809 0.074519 0.257459 0.049679 0.031239
87 0.686432 0.312741 0.029915 0.031590
81 0.273237 0.709021 0.038996 0.031590
1435 0.676015 0.641629 0.041132 0.031590
68 0.789530 0.161285 0.013889 0.031941
1354 0.073184 0.580730 0.038462 0.031941
2555 0.178686 0.131801 0.047543 0.031941
53 0.678152 0.789049 0.015491 0.032292
83 0.678419 0.486135 0.019231 0.032292
88 0.782051 0.601264 0.021368 0.032292
121 0.177350 0.257634 0.027778 0.032292
126 0.482639 0.616357 0.031517 0.032292
88 0.275641 0.630397 0.038462 0.032292
4377 0.482639 0.545981 0.037927 0.032643
268 0.072115 0.806774 0.039530 0.032643
4402 0.276976 0.284486 0.040064 0.032643
118 0.272970 0.519130 0.018162 0.032994
2707 0.481036 0.583363 0.026175 0.032994
1834 0.273771 0.465426 0.037927 0.032994
2151 0.783120 0.345033 0.043803 0.032994
127 0.181624 0.802036 0.057692 0.032994
111 0.785524 0.303089 0.028312 0.033345
87 0.581998 0.258863 0.033654 0.033345
547 0.072917 0.616181 0.033654 0.033345
981 0.582265 0.710951 0.042735 0.033345
90 0.776442 0.759740 0.050748 0.033345
3754 0.176549 0.627238 0.033654 0.033696
2526 0.479968 0.505090 0.042201 0.033696
3931 0.066774 0.720077 0.053419 0.034047
577 0.173077 0.509653 0.047009 0.034398
541 0.373665 0.486135 0.047543 0.034398
127 0.481571 0.744472 0.049679 0.034398
650 0.771635 0.842752 0.053953 0.034398
87 0.179487 0.189716 0.030983 0.034749
121 0.070780 0.472973 0.042201 0.034749
3032 0.487981 0.205160 0.050748 0.034749
68 0.584135 0.402773 0.010150 0.035451
981 0.075321 0.347841 0.047009 0.035802
4051 0.072382 0.129870 0.050748 0.035802
366 0.785524 0.234819 0.042201 0.036504
1799 0.174412 0.354861 0.042201 0.036504
322 0.578259 0.879607 0.044338 0.036504
53 0.678953 0.727097 0.018162 0.036855
2338 0.376870 0.680414 0.038996 0.036855
1799 0.779915 0.380660 0.043803 0.036855
485 0.276976 0.246929 0.045406 0.036855
1480 0.274038 0.565111 0.039530 0.037206
3768 0.071848 0.415233 0.047543 0.037206
121 0.681891 0.272201 0.028312 0.038259
810 0.477297 0.660407 0.043269 0.038259
4069 0.776976 0.879256 0.042201 0.038610
68 0.578793 0.519305 0.014423 0.038961
2277 0.277511 0.327834 0.045406 0.040014
2191 0.282318 0.133907 0.033654 0.040365
121 0.678953 0.448052 0.032051 0.041067
505 0.270299 0.427869 0.022436 0.041418
1578 0.376068 0.879256 0.040598 0.041418
68 0.069979 0.879607 0.041667 0.041418
1827 0.678953 0.563180 0.032051 0.041769
3786 0.380876 0.136364 0.045940 0.041769
4086 0.778846 0.688487 0.049145 0.041769
4317 0.583333 0.359424 0.045940 0.042120
121 0.582265 0.133907 0.030983 0.042471
1128 0.375534 0.757634 0.037393 0.043173
68 0.684028 0.138996 0.013355 0.043524
2473 0.179754 0.741839 0.056090 0.044577
296 0.581998 0.216041 0.031517 0.045279
1055 0.073184 0.538961 0.048077 0.045981
1193 0.774573 0.466128 0.050214 0.047736
295 0.580662 0.591787 0.036325 0.048438
296 0.379808 0.597052 0.034188 0.051246
