126 0.799406 0.166609 0.028618 0.013217
91 0.681425 0.272870 0.024838 0.014261
91 0.614201 0.296348 0.027538 0.015304
91 0.747840 0.173043 0.022678 0.015652
126 0.678456 0.173391 0.034017 0.015652
1006 0.492171 0.170957 0.050216 0.016348
88 0.558855 0.194609 0.029158 0.017043
258 0.747030 0.152000 0.041577 0.018783
111 0.720842 0.221217 0.021598 0.020174
91 0.166577 0.362783 0.040497 0.020174
1800 0.101242 0.357565 0.042657 0.021565
111 0.681425 0.319304 0.021598 0.022261
316 0.553726 0.176000 0.052376 0.022261
1879 0.676296 0.295304 0.038337 0.023652
93 0.173866 0.329217 0.025918 0.024000
71 0.503240 0.191130 0.031317 0.024000
970 0.676296 0.258261 0.041577 0.024000
68 0.681695 0.232174 0.011339 0.025391
1935 0.165497 0.300696 0.050216 0.026087
3338 0.745410 0.200696 0.041577 0.027826
731 0.803186 0.189391 0.044816 0.028174
3145 0.554536 0.150609 0.043197 0.028522
3025 0.611231 0.244348 0.041037 0.028870
68 0.169006 0.336348 0.039957 0.029217
4429 0.613661 0.272000 0.045896 0.029217
4365 0.800756 0.143478 0.043197 0.029565
804 0.101512 0.405217 0.045356 0.029913
973 0.097732 0.381565 0.045356 0.030609
1281 0.679266 0.200522 0.039957 0.030957
4361 0.681695 0.145565 0.039417 0.031652
4371 0.616631 0.162261 0.044276 0.031652
4730 0.620950 0.200000 0.046436 0.041739
