297 0.652656 0.697840 0.045900 0.012887
128 0.580454 0.145246 0.012893 0.013236
120 0.487622 0.255312 0.015988 0.013932
120 0.098247 0.842564 0.019082 0.013932
128 0.486591 0.445664 0.009799 0.014281
128 0.684889 0.253396 0.011346 0.014281
172 0.559825 0.183908 0.015988 0.015326
196 0.754771 0.561651 0.021145 0.015674
203 0.469314 0.280564 0.040227 0.015674
162 0.658587 0.713340 0.024755 0.016022
57 0.464673 0.824974 0.035070 0.016371
193 0.063177 0.887496 0.030428 0.016719
56 0.163486 0.584639 0.021661 0.017067
101 0.358432 0.536921 0.051573 0.017067
101 0.267922 0.889411 0.060340 0.017067
56 0.360237 0.247997 0.020113 0.018112
56 0.160134 0.271856 0.021145 0.018460
57 0.264054 0.361198 0.028881 0.018809
57 0.656524 0.854058 0.033007 0.018809
57 0.463125 0.674504 0.033007 0.019157
126 0.357143 0.394114 0.046931 0.019157
101 0.654461 0.206722 0.052604 0.019157
166 0.664002 0.598398 0.019082 0.019505
162 0.659103 0.763497 0.021661 0.019505
132 0.559051 0.171369 0.025786 0.019505
81 0.365910 0.710554 0.052089 0.019505
192 0.756060 0.212992 0.033007 0.019854
196 0.559051 0.732149 0.022692 0.020202
113 0.260959 0.539011 0.044353 0.020550
92 0.486333 0.237374 0.021661 0.021247
132 0.654719 0.279868 0.028365 0.021247
57 0.266374 0.812086 0.032491 0.021247
55 0.555957 0.217868 0.045384 0.021247
55 0.261733 0.210206 0.052089 0.021247
91 0.555183 0.538140 0.031460 0.021595
52 0.555699 0.600139 0.040743 0.021595
126 0.553378 0.658307 0.043321 0.021595
55 0.460289 0.131661 0.048994 0.021595
56 0.752450 0.164925 0.019598 0.021944
56 0.651625 0.511494 0.021145 0.021944
132 0.744198 0.611808 0.021661 0.021944
93 0.684631 0.233891 0.033522 0.021944
57 0.070397 0.514977 0.035585 0.021944
162 0.464673 0.780216 0.028881 0.022292
92 0.098504 0.824103 0.028881 0.022292
84 0.168386 0.828631 0.052089 0.022292
76 0.358690 0.731627 0.030428 0.022640
57 0.171738 0.884535 0.036101 0.022640
93 0.579422 0.126959 0.036617 0.022640
132 0.264827 0.410658 0.024239 0.022989
93 0.486333 0.427029 0.028881 0.022989
52 0.749871 0.538140 0.039195 0.022989
101 0.462094 0.399861 0.054667 0.022989
76 0.257865 0.789446 0.034038 0.023337
204 0.071429 0.867990 0.018051 0.023685
77 0.463641 0.374782 0.042290 0.023685
55 0.363589 0.483804 0.045384 0.023685
135 0.755802 0.238419 0.025271 0.024033
52 0.164518 0.565134 0.042290 0.024033
76 0.555441 0.708116 0.029912 0.024382
74 0.651625 0.334727 0.033522 0.024382
83 0.357401 0.849878 0.036101 0.024382
77 0.463383 0.755486 0.038680 0.024382
52 0.063693 0.488680 0.040743 0.024382
81 0.261991 0.655521 0.044353 0.024382
88 0.746519 0.788575 0.046931 0.024382
168 0.472151 0.212992 0.025271 0.024730
57 0.365652 0.558168 0.031975 0.024730
76 0.460031 0.804075 0.038164 0.024730
148 0.745745 0.591432 0.037133 0.025078
162 0.259412 0.304249 0.030944 0.025427
171 0.069881 0.540752 0.034554 0.025427
698 0.362042 0.302856 0.035070 0.025427
87 0.653945 0.831592 0.038164 0.025427
86 0.067303 0.576280 0.039711 0.025427
113 0.555441 0.406304 0.044353 0.025427
547 0.460289 0.728318 0.045900 0.025775
66 0.166581 0.859805 0.031975 0.026123
87 0.654977 0.388541 0.039195 0.026123
77 0.364879 0.225531 0.039711 0.026123
83 0.557504 0.880704 0.042290 0.026123
76 0.159876 0.247997 0.034038 0.026472
76 0.064466 0.675374 0.036101 0.026472
55 0.748324 0.820968 0.048479 0.026472
88 0.754255 0.332114 0.024239 0.026820
66 0.553378 0.289272 0.026818 0.026820
148 0.267148 0.388192 0.030944 0.026820
87 0.063177 0.462731 0.033522 0.026820
60 0.458484 0.156217 0.036101 0.026820
66 0.459515 0.622780 0.027849 0.027168
83 0.160392 0.404040 0.039195 0.027168
77 0.653945 0.487113 0.039195 0.027517
77 0.260701 0.275688 0.039711 0.027517
1282 0.360753 0.589516 0.048994 0.027517
251 0.654203 0.738593 0.048994 0.027517
127 0.652656 0.358238 0.051057 0.027517
541 0.260444 0.867119 0.052604 0.027517
68 0.557504 0.382793 0.011346 0.027865
132 0.561372 0.433647 0.025271 0.027865
1101 0.459515 0.882968 0.030944 0.027865
87 0.166839 0.538837 0.035585 0.027865
127 0.365652 0.615465 0.049510 0.027865
134 0.657040 0.299721 0.019598 0.028213
118 0.749871 0.190352 0.020629 0.028213
1435 0.261475 0.628875 0.045384 0.028213
83 0.357659 0.451411 0.032491 0.028561
87 0.748066 0.731801 0.032491 0.028561
87 0.751160 0.513410 0.034554 0.028561
127 0.554152 0.316266 0.051057 0.028561
68 0.563177 0.682341 0.017535 0.029258
118 0.362300 0.272031 0.024239 0.029258
252 0.747035 0.849181 0.038680 0.029258
126 0.166323 0.756008 0.044868 0.029606
118 0.068076 0.771856 0.029912 0.029955
76 0.064982 0.171717 0.031975 0.029955
119 0.749355 0.879310 0.023724 0.030303
85 0.261991 0.596830 0.025786 0.030303
68 0.163228 0.220132 0.008767 0.030651
53 0.261217 0.564960 0.019082 0.030651
88 0.066271 0.354232 0.028365 0.030651
111 0.750903 0.361198 0.028881 0.030651
107 0.359979 0.508882 0.033007 0.030651
62 0.064466 0.207941 0.041258 0.030651
55 0.461320 0.704633 0.041774 0.030651
63 0.264569 0.513758 0.044353 0.030651
366 0.257865 0.837861 0.040227 0.031000
252 0.359464 0.329328 0.042290 0.031000
118 0.358690 0.759317 0.022176 0.031348
68 0.362558 0.419192 0.019598 0.031696
83 0.259154 0.683908 0.022176 0.031696
70 0.362558 0.680077 0.026818 0.031696
87 0.465446 0.317485 0.039711 0.031696
121 0.061630 0.239638 0.031460 0.032045
118 0.646467 0.879136 0.032491 0.032045
87 0.364621 0.644723 0.040227 0.032045
118 0.650335 0.418147 0.024755 0.032393
118 0.058793 0.704458 0.026818 0.032393
90 0.650335 0.575235 0.047447 0.032393
118 0.749613 0.440961 0.017019 0.032741
86 0.063693 0.272379 0.031460 0.032741
51 0.363589 0.792059 0.038164 0.032741
90 0.257607 0.761059 0.041774 0.032741
2610 0.463383 0.851968 0.044868 0.032741
127 0.465188 0.652386 0.051573 0.032741
111 0.162713 0.433473 0.028365 0.033090
85 0.260701 0.170846 0.029397 0.033090
2820 0.552862 0.355103 0.051573 0.033090
87 0.364363 0.136189 0.039711 0.033438
366 0.751676 0.302334 0.044868 0.033438
126 0.653945 0.675723 0.048479 0.033438
2083 0.164518 0.339603 0.049510 0.033438
744 0.358432 0.878091 0.054667 0.033438
51 0.263538 0.484848 0.038164 0.034134
918 0.558535 0.767677 0.053636 0.034134
68 0.162197 0.374608 0.010830 0.034483
68 0.557504 0.850052 0.011346 0.034483
68 0.756576 0.755312 0.012378 0.034483
53 0.649562 0.539707 0.024239 0.034483
122 0.257349 0.136712 0.033007 0.034483
62 0.260701 0.334552 0.039711 0.034483
3769 0.552862 0.509404 0.051573 0.034483
53 0.063177 0.803901 0.026302 0.034831
118 0.161166 0.611285 0.030428 0.034831
2748 0.163744 0.469871 0.046931 0.034831
127 0.365395 0.198537 0.052089 0.034831
127 0.463641 0.342389 0.054667 0.034831
68 0.063693 0.138628 0.013925 0.035528
87 0.556730 0.570185 0.035585 0.035528
111 0.363332 0.178509 0.025271 0.035876
2191 0.171480 0.722745 0.039711 0.036224
1113 0.063693 0.738419 0.040743 0.036224
571 0.455905 0.522814 0.050542 0.036224
2423 0.165034 0.187043 0.053636 0.036224
121 0.463641 0.188088 0.054667 0.036224
2223 0.460289 0.595089 0.043837 0.036573
121 0.062661 0.430512 0.031460 0.036921
3032 0.462610 0.559735 0.048479 0.036921
68 0.063177 0.393069 0.044868 0.037269
485 0.462867 0.485023 0.046931 0.037269
68 0.063950 0.645768 0.047447 0.037618
53 0.059825 0.608673 0.029912 0.037966
3322 0.162455 0.647335 0.035070 0.037966
121 0.163228 0.505399 0.034554 0.038314
121 0.752192 0.475618 0.032491 0.039359
3754 0.553378 0.472135 0.035070 0.039359
87 0.657555 0.137409 0.038164 0.039359
90 0.651367 0.177116 0.040227 0.039359
3053 0.748066 0.404911 0.050026 0.039359
1418 0.556472 0.806688 0.044353 0.039707
1113 0.751676 0.133751 0.045900 0.039707
4401 0.650851 0.452107 0.047447 0.039707
1170 0.257607 0.724312 0.041774 0.040056
366 0.161423 0.306688 0.045384 0.040056
3800 0.063177 0.318878 0.058277 0.040056
296 0.554667 0.627308 0.026302 0.040404
1871 0.361269 0.365552 0.038680 0.040752
4089 0.747550 0.647161 0.040743 0.041101
63 0.367200 0.826890 0.046416 0.041101
322 0.260444 0.448798 0.050542 0.041449
3754 0.256576 0.242424 0.037648 0.042494
1827 0.550026 0.252351 0.035585 0.043539
4447 0.654719 0.796761 0.051057 0.043539
1695 0.162713 0.794845 0.052089 0.043887
3136 0.162197 0.140892 0.039711 0.044932
4582 0.649819 0.635667 0.054667 0.046674
47 0.759412 0.255486 0.041774 0.048415
1527 0.748066 0.692442 0.047963 0.048763
47 0.168901 0.677116 0.044868 0.056426
