246 0.484086 0.509120 0.047228 0.005963
101 0.292351 0.823220 0.044661 0.014732
92 0.283624 0.208699 0.035421 0.015433
101 0.583419 0.762364 0.047741 0.015784
101 0.193018 0.589618 0.057495 0.016135
92 0.576745 0.419327 0.030287 0.016485
92 0.771561 0.809891 0.033881 0.016836
92 0.774641 0.897580 0.034908 0.016836
56 0.281571 0.299544 0.024127 0.018239
101 0.187885 0.168713 0.051335 0.018239
92 0.387834 0.604875 0.035421 0.018590
162 0.675565 0.312171 0.024641 0.018941
52 0.096766 0.870221 0.040554 0.018941
113 0.383727 0.364083 0.045688 0.018941
56 0.191992 0.468432 0.024641 0.019291
101 0.197125 0.671694 0.050308 0.019642
101 0.202772 0.898983 0.060575 0.019642
52 0.095483 0.763416 0.036961 0.019993
91 0.292351 0.867941 0.038501 0.019993
117 0.677105 0.700105 0.019507 0.020344
132 0.484343 0.480709 0.028234 0.020694
52 0.487936 0.847597 0.031314 0.020694
92 0.774127 0.740091 0.029774 0.021045
52 0.773357 0.660821 0.030287 0.021045
120 0.386037 0.337601 0.019507 0.021396
120 0.193532 0.443879 0.019507 0.021396
92 0.575975 0.316205 0.033881 0.021396
52 0.578285 0.554367 0.035421 0.021396
104 0.776694 0.422133 0.041068 0.021396
76 0.674795 0.838302 0.027207 0.021747
91 0.198409 0.812873 0.036448 0.022098
60 0.383214 0.281129 0.044661 0.022098
76 0.085216 0.170467 0.030801 0.022448
110 0.578029 0.441249 0.034908 0.022448
85 0.488706 0.893371 0.024641 0.023150
83 0.391684 0.738688 0.032854 0.023150
120 0.774641 0.397229 0.017454 0.023501
60 0.488706 0.629428 0.020534 0.023501
81 0.677618 0.863031 0.030801 0.023501
110 0.193532 0.646264 0.034908 0.024202
77 0.388860 0.415293 0.036448 0.024553
56 0.089836 0.197299 0.021561 0.024904
83 0.392197 0.863031 0.039014 0.024904
82 0.582392 0.464574 0.050821 0.024904
76 0.386037 0.663276 0.030801 0.025254
83 0.672228 0.332164 0.036448 0.025254
77 0.491530 0.659769 0.038501 0.025254
121 0.387064 0.475798 0.048255 0.025605
111 0.092402 0.507892 0.030801 0.025956
83 0.675308 0.888460 0.039528 0.025956
66 0.774127 0.573308 0.028747 0.026307
86 0.394251 0.503157 0.031828 0.026307
132 0.284651 0.656086 0.032341 0.026307
51 0.675051 0.126798 0.032854 0.026307
88 0.480493 0.282883 0.035934 0.026307
1261 0.387577 0.579270 0.040041 0.026307
98 0.486653 0.871098 0.040041 0.026307
111 0.292864 0.894423 0.026181 0.026657
87 0.586756 0.887408 0.029774 0.026657
83 0.084189 0.327955 0.030801 0.026657
81 0.190195 0.339881 0.038501 0.026657
113 0.484086 0.456857 0.040041 0.027008
76 0.192505 0.529639 0.029774 0.027359
74 0.674025 0.481235 0.030801 0.027359
55 0.285934 0.240267 0.041068 0.027359
1415 0.094199 0.578744 0.047741 0.027359
118 0.581879 0.491407 0.022074 0.028060
111 0.389117 0.767801 0.026694 0.028060
111 0.392454 0.890565 0.027207 0.028060
84 0.285164 0.397404 0.037474 0.028060
249 0.194302 0.729569 0.049795 0.028060
127 0.779517 0.599088 0.053901 0.028060
1102 0.483060 0.573834 0.059548 0.028060
126 0.197639 0.698878 0.040041 0.028411
953 0.185575 0.241494 0.041581 0.028411
75 0.588552 0.663451 0.041581 0.028411
302 0.090862 0.408804 0.043121 0.028411
249 0.187115 0.756401 0.049795 0.028411
111 0.292094 0.843914 0.024641 0.028762
83 0.481263 0.338127 0.037474 0.028762
126 0.486140 0.173623 0.045175 0.028762
98 0.773357 0.687127 0.045688 0.028762
68 0.093943 0.738864 0.014374 0.029113
60 0.672741 0.288846 0.034394 0.029113
84 0.671715 0.445984 0.040554 0.029113
98 0.097279 0.894248 0.048768 0.029113
1005 0.776951 0.838828 0.059035 0.029113
57 0.098563 0.681691 0.060575 0.029113
68 0.673511 0.511049 0.009240 0.029463
118 0.294405 0.760084 0.013860 0.029463
88 0.675308 0.674500 0.040554 0.029463
88 0.189425 0.270782 0.042094 0.029463
316 0.777207 0.714486 0.053388 0.029463
85 0.777207 0.628376 0.027721 0.029814
113 0.287988 0.624868 0.040041 0.029814
118 0.087269 0.223080 0.024641 0.030165
127 0.589066 0.856191 0.053901 0.030165
1898 0.673768 0.415644 0.054928 0.030165
85 0.091889 0.254823 0.029774 0.030516
107 0.094456 0.709751 0.029774 0.030516
88 0.382700 0.180112 0.047741 0.030516
77 0.777464 0.323395 0.039528 0.030866
264 0.196869 0.786741 0.044661 0.030866
126 0.100103 0.837601 0.047228 0.030866
126 0.386037 0.251666 0.040041 0.031217
53 0.385780 0.388285 0.018994 0.031568
85 0.288244 0.515959 0.020021 0.031568
111 0.585472 0.784637 0.029261 0.031568
596 0.089836 0.647843 0.037988 0.031568
119 0.674281 0.156261 0.022074 0.031919
60 0.673768 0.723080 0.022074 0.031919
86 0.780287 0.460716 0.037988 0.031919
2083 0.491016 0.815328 0.043634 0.031919
68 0.490760 0.305858 0.015400 0.032269
122 0.284651 0.270431 0.031314 0.032269
62 0.386807 0.450368 0.040554 0.032269
66 0.773871 0.127850 0.035421 0.032620
84 0.096766 0.477201 0.039528 0.032620
51 0.574949 0.131533 0.034908 0.032971
78 0.287218 0.598387 0.035421 0.032971
1250 0.281571 0.334269 0.045688 0.032971
552 0.200205 0.842161 0.054415 0.032971
107 0.388604 0.634339 0.028747 0.033322
51 0.587782 0.824448 0.034908 0.033322
90 0.290554 0.798843 0.035934 0.033322
2748 0.291581 0.730796 0.044148 0.033322
1938 0.389374 0.804455 0.050821 0.033322
87 0.190965 0.308839 0.036961 0.034725
127 0.578542 0.156261 0.048255 0.034725
1935 0.282084 0.135216 0.052875 0.034725
118 0.188398 0.494914 0.030801 0.035075
87 0.579055 0.190810 0.034908 0.035075
366 0.581366 0.592774 0.039528 0.035075
509 0.283111 0.366363 0.036448 0.035426
4290 0.199692 0.871449 0.049281 0.035426
613 0.288244 0.481410 0.051848 0.035426
316 0.483573 0.253420 0.053388 0.035426
4166 0.771561 0.871098 0.059548 0.035426
85 0.194815 0.561733 0.014887 0.036128
83 0.768480 0.200105 0.020534 0.036128
121 0.389117 0.837601 0.031828 0.036478
626 0.487423 0.696948 0.036448 0.036478
1363 0.575205 0.239565 0.045688 0.036478
3032 0.776437 0.502280 0.050821 0.036478
68 0.578285 0.524728 0.012834 0.037180
2707 0.382444 0.217818 0.030801 0.037180
1256 0.487680 0.780428 0.036961 0.037180
1834 0.575719 0.393371 0.052875 0.037531
121 0.771047 0.164504 0.029774 0.037881
110 0.580595 0.739039 0.034908 0.037881
83 0.189938 0.371624 0.023614 0.038232
68 0.485370 0.425114 0.014887 0.038583
4196 0.094713 0.370747 0.047741 0.038583
1782 0.090606 0.441599 0.050821 0.038583
3323 0.671458 0.204139 0.053388 0.038583
717 0.096509 0.614872 0.057495 0.038583
118 0.490503 0.607682 0.026181 0.038934
121 0.384754 0.308137 0.034394 0.038934
87 0.774384 0.366012 0.038501 0.038934
1193 0.188142 0.414416 0.046715 0.038934
3808 0.287988 0.693967 0.047228 0.038934
4555 0.282854 0.438618 0.055441 0.038934
123 0.675565 0.807436 0.025667 0.039284
90 0.184035 0.138197 0.047741 0.039284
2083 0.582392 0.630305 0.047741 0.039284
2423 0.094969 0.546124 0.053388 0.039284
1387 0.674025 0.765872 0.042094 0.039635
296 0.672485 0.640126 0.025667 0.039986
1584 0.581366 0.703964 0.034394 0.039986
1584 0.196099 0.616626 0.036961 0.039986
2223 0.775411 0.538408 0.039528 0.039986
2599 0.773871 0.779551 0.031314 0.040337
3283 0.387064 0.544195 0.028747 0.041740
744 0.080852 0.138373 0.054928 0.041740
83 0.670175 0.547176 0.023101 0.042090
2590 0.486653 0.539811 0.027721 0.042090
316 0.481520 0.138899 0.056468 0.042090
3754 0.088039 0.292704 0.031314 0.042441
416 0.769251 0.287969 0.049795 0.042792
3320 0.482803 0.214837 0.041581 0.043143
2351 0.188655 0.205367 0.044661 0.043143
2108 0.282084 0.177131 0.056982 0.043494
3754 0.286961 0.560680 0.032854 0.043844
2654 0.389374 0.704139 0.049795 0.044546
464 0.773101 0.242897 0.053388 0.044546
1109 0.575719 0.280603 0.039528 0.044897
68 0.670945 0.247457 0.016427 0.045247
2709 0.672998 0.374430 0.042094 0.045247
4166 0.382187 0.140652 0.050821 0.047703
3818 0.480236 0.738162 0.054928 0.048053
296 0.094199 0.801824 0.031314 0.048404
249 0.675051 0.596633 0.032854 0.048404
1856 0.478696 0.381445 0.035421 0.048755
322 0.578542 0.354437 0.042094 0.048755
