547 0.198471 0.345085 0.033210 0.015630
88 0.195836 0.324418 0.031102 0.015978
120 0.676067 0.289163 0.017396 0.016325
1810 0.251450 0.196249 0.024249 0.016672
88 0.249077 0.253039 0.031102 0.017714
55 0.675540 0.249913 0.032156 0.017714
72 0.250132 0.327197 0.030047 0.018062
127 0.196363 0.363668 0.039536 0.019451
85 0.194781 0.382077 0.020559 0.020146
70 0.195572 0.402570 0.031629 0.020146
726 0.195836 0.305662 0.040590 0.020841
92 0.675013 0.271448 0.024776 0.021188
4033 0.193727 0.282911 0.044808 0.021188
117 0.250659 0.306877 0.017396 0.021883
83 0.246442 0.354637 0.018450 0.025703
1052 0.192145 0.255471 0.044808 0.030219
681 0.245651 0.225252 0.045335 0.031608
1090 0.193727 0.222994 0.042699 0.031956
