188 0.307552 0.830398 0.029687 0.010919
205 0.307552 0.436245 0.029687 0.012328
128 0.694010 0.496654 0.013021 0.012681
101 0.591406 0.879887 0.048438 0.012681
101 0.291927 0.352413 0.051562 0.013737
182 0.301823 0.422332 0.032813 0.014089
101 0.291406 0.811553 0.048438 0.014089
120 0.591667 0.836738 0.023958 0.015851
132 0.495573 0.723318 0.025521 0.016555
132 0.298177 0.512681 0.025521 0.017260
152 0.598698 0.893801 0.031771 0.017260
57 0.403646 0.195667 0.033333 0.017260
132 0.308073 0.848538 0.021354 0.017612
52 0.193490 0.783022 0.036979 0.017612
52 0.092708 0.801691 0.038542 0.018316
1002 0.390104 0.840789 0.062500 0.018316
56 0.792188 0.122402 0.022917 0.018669
52 0.491927 0.791300 0.030729 0.018669
92 0.790365 0.221733 0.031771 0.018669
91 0.783854 0.784959 0.034375 0.018669
92 0.495052 0.334097 0.028646 0.019373
84 0.395573 0.865622 0.043229 0.019373
57 0.792448 0.529764 0.030729 0.019725
113 0.292448 0.226136 0.041146 0.019725
55 0.292448 0.696020 0.047396 0.019725
113 0.679427 0.776330 0.047396 0.019725
56 0.093750 0.741987 0.017708 0.020077
56 0.685156 0.865974 0.019271 0.020077
91 0.686458 0.480275 0.032292 0.020077
101 0.783073 0.759598 0.052604 0.020077
162 0.593750 0.542092 0.030208 0.020430
84 0.591146 0.759070 0.042708 0.020430
55 0.294010 0.468651 0.045312 0.020782
56 0.293229 0.489961 0.023958 0.021134
76 0.194792 0.842902 0.030208 0.021134
52 0.689844 0.404720 0.032813 0.021134
64 0.496354 0.234590 0.025000 0.021839
86 0.096354 0.128390 0.031250 0.022191
83 0.393229 0.125572 0.033333 0.022191
83 0.589583 0.563755 0.039583 0.022191
81 0.196615 0.169602 0.043229 0.022191
55 0.093750 0.890454 0.042708 0.022543
113 0.095052 0.222614 0.047396 0.022543
92 0.687760 0.371081 0.028646 0.022895
77 0.591406 0.514794 0.036979 0.022895
88 0.193490 0.742339 0.039062 0.022895
547 0.495833 0.888517 0.042708 0.022895
117 0.295833 0.869320 0.020833 0.023248
60 0.291667 0.889750 0.025000 0.023248
92 0.682031 0.755548 0.033854 0.023248
91 0.095052 0.344487 0.039062 0.023248
55 0.791406 0.334977 0.043229 0.023248
110 0.591927 0.861395 0.031771 0.023600
105 0.396354 0.808207 0.041667 0.023600
88 0.781771 0.890454 0.042708 0.023952
126 0.193490 0.454385 0.043229 0.023952
108 0.591146 0.688447 0.017708 0.024304
74 0.094010 0.857520 0.031771 0.024304
92 0.391667 0.401374 0.032292 0.024304
91 0.095312 0.198838 0.033333 0.024304
77 0.095052 0.716626 0.039062 0.024304
81 0.694792 0.168897 0.039583 0.024304
113 0.489583 0.700070 0.040625 0.024304
111 0.692187 0.264882 0.022917 0.024657
111 0.590365 0.783727 0.027604 0.024657
113 0.196615 0.561818 0.041146 0.024657
55 0.094010 0.624516 0.046354 0.024657
76 0.589583 0.230187 0.025000 0.025009
132 0.291146 0.249912 0.027083 0.025009
76 0.694531 0.193906 0.028646 0.025009
84 0.095052 0.372490 0.040104 0.025009
92 0.786458 0.595456 0.040625 0.025009
81 0.790365 0.392216 0.042188 0.025009
111 0.393490 0.891863 0.030729 0.025361
115 0.683333 0.613244 0.038542 0.025361
113 0.592187 0.339908 0.040625 0.025361
55 0.196875 0.239521 0.041667 0.025361
98 0.686979 0.428320 0.041667 0.025361
84 0.490104 0.855583 0.042708 0.025361
88 0.195312 0.381472 0.044792 0.025361
718 0.312760 0.384114 0.023438 0.025713
111 0.591927 0.166080 0.026562 0.025713
66 0.591927 0.631384 0.028646 0.025713
77 0.294531 0.756604 0.032813 0.026066
88 0.683333 0.680169 0.039583 0.026066
51 0.592969 0.815252 0.036979 0.026418
91 0.496094 0.259598 0.033854 0.026770
127 0.497917 0.400493 0.043750 0.026770
121 0.200781 0.893625 0.052604 0.026770
85 0.591146 0.436950 0.028125 0.027122
62 0.198177 0.866678 0.040104 0.027122
119 0.490625 0.678760 0.020833 0.027474
132 0.195833 0.588588 0.027083 0.027474
83 0.093490 0.589644 0.040104 0.027474
127 0.396615 0.783374 0.055729 0.027474
85 0.199740 0.679641 0.027604 0.027827
74 0.495573 0.131560 0.028646 0.027827
74 0.590104 0.374428 0.025000 0.028179
88 0.496354 0.201479 0.026042 0.028179
111 0.591406 0.593519 0.027604 0.028179
74 0.295052 0.132089 0.028646 0.028179
110 0.784635 0.735118 0.033854 0.028179
60 0.095312 0.650933 0.041667 0.028179
118 0.094271 0.766643 0.015625 0.028531
91 0.591146 0.660972 0.034375 0.028531
87 0.295052 0.582423 0.038021 0.028531
87 0.201563 0.306446 0.033333 0.028883
90 0.286719 0.789715 0.036979 0.028883
111 0.688542 0.456675 0.022917 0.029236
111 0.092448 0.399260 0.028646 0.029236
87 0.096094 0.281965 0.034896 0.029236
88 0.392448 0.248503 0.042188 0.029236
306 0.590625 0.310144 0.042708 0.029236
68 0.398698 0.216273 0.009896 0.029588
111 0.787760 0.452976 0.028646 0.029588
2555 0.390365 0.624516 0.047396 0.029588
85 0.391667 0.373899 0.023958 0.029940
78 0.197656 0.536633 0.036979 0.029940
118 0.684635 0.890807 0.023438 0.030292
85 0.098698 0.514970 0.028646 0.030292
3754 0.193490 0.712927 0.039062 0.030292
107 0.392188 0.476752 0.022917 0.030645
110 0.293229 0.329870 0.031250 0.030645
85 0.691146 0.343783 0.020833 0.030997
118 0.388281 0.697076 0.022396 0.030997
547 0.593229 0.201832 0.041667 0.030997
2555 0.591146 0.268933 0.045833 0.031349
85 0.794010 0.299401 0.027604 0.031701
87 0.392448 0.760127 0.028646 0.031701
259 0.780729 0.821416 0.046875 0.031701
68 0.683594 0.800106 0.008854 0.032054
68 0.494531 0.481684 0.010937 0.032054
111 0.096875 0.316485 0.025000 0.032054
87 0.396875 0.539803 0.037500 0.032054
111 0.791406 0.363156 0.022396 0.032406
81 0.494531 0.370553 0.035937 0.032406
71 0.392969 0.727017 0.042188 0.032406
2820 0.091667 0.165551 0.050000 0.032406
68 0.293229 0.549665 0.010417 0.032758
53 0.094531 0.250616 0.020313 0.032758
60 0.198958 0.759246 0.027083 0.032758
78 0.196875 0.619408 0.032292 0.032758
119 0.393750 0.508982 0.017708 0.033110
71 0.788802 0.657978 0.040104 0.033110
81 0.091146 0.829165 0.040625 0.033110
83 0.494531 0.514794 0.017188 0.033462
1385 0.093229 0.438006 0.050000 0.033462
81 0.589844 0.405424 0.039062 0.033815
3754 0.091667 0.556886 0.039583 0.033815
81 0.193750 0.652695 0.040625 0.033815
83 0.788021 0.422156 0.034375 0.034167
4103 0.494010 0.558471 0.047396 0.034167
118 0.791146 0.149348 0.022917 0.034519
118 0.784896 0.625749 0.019792 0.034871
69 0.302865 0.201656 0.023438 0.034871
58 0.681771 0.833920 0.031250 0.034871
3882 0.493490 0.822120 0.039062 0.035224
2011 0.789062 0.494893 0.052083 0.035224
107 0.787760 0.564812 0.026562 0.035576
126 0.295833 0.658507 0.037500 0.035576
1457 0.588021 0.729306 0.044792 0.035576
3153 0.394792 0.582952 0.035417 0.035928
68 0.392448 0.663262 0.036979 0.035928
3735 0.197135 0.270694 0.034896 0.036280
3665 0.392969 0.167489 0.044271 0.036280
83 0.195052 0.199366 0.019271 0.037337
296 0.197396 0.814371 0.033333 0.037337
121 0.293750 0.165199 0.039583 0.037337
125 0.685677 0.644241 0.046354 0.037337
1850 0.591667 0.134907 0.053125 0.037337
368 0.391927 0.442057 0.048438 0.038042
121 0.492969 0.167841 0.030729 0.038394
577 0.688021 0.575907 0.031250 0.038746
366 0.790104 0.263825 0.041667 0.038746
3754 0.289583 0.725784 0.026042 0.039098
4054 0.494271 0.598274 0.051042 0.039098
296 0.693490 0.232476 0.031771 0.039451
1432 0.490625 0.761536 0.053125 0.039451
1584 0.783854 0.701479 0.032292 0.039803
3786 0.780990 0.857168 0.049479 0.039803
121 0.095573 0.685100 0.033854 0.040155
443 0.192188 0.349243 0.045833 0.040507
4160 0.389323 0.339732 0.053646 0.040507
1880 0.692187 0.308207 0.029167 0.040859
1584 0.684115 0.531173 0.029687 0.041564
87 0.695312 0.135611 0.032292 0.041564
2295 0.295573 0.292180 0.044271 0.041916
1358 0.194271 0.418809 0.036458 0.042268
1115 0.685417 0.722261 0.032292 0.042621
1831 0.096875 0.475343 0.033333 0.042621
4402 0.496094 0.302395 0.039062 0.043325
1396 0.792708 0.189503 0.044792 0.043677
2856 0.193490 0.136316 0.047396 0.044382
1917 0.491927 0.641599 0.041146 0.046143
47 0.498958 0.439944 0.028125 0.046495
349 0.394531 0.294470 0.051562 0.047200
3888 0.585156 0.480979 0.048438 0.047552
3136 0.197135 0.495773 0.034896 0.048256
