91 0.329275 0.187996 0.022234 0.013108
88 0.124404 0.339255 0.026469 0.016212
55 0.121228 0.192653 0.041292 0.016212
91 0.122552 0.273025 0.026998 0.016902
126 0.536527 0.211797 0.031233 0.017247
58 0.607729 0.251983 0.028587 0.022422
118 0.476178 0.201276 0.011117 0.023111
118 0.620963 0.204898 0.011646 0.023456
70 0.124934 0.392894 0.029645 0.023456
3338 0.290101 0.191618 0.039174 0.025181
85 0.475913 0.175923 0.020116 0.026906
1746 0.123875 0.369265 0.052938 0.027251
547 0.823716 0.489134 0.074113 0.027596
3664 0.124140 0.249741 0.042880 0.028976
83 0.437004 0.222491 0.016411 0.029665
109 0.613023 0.178165 0.045527 0.030010
699 0.192430 0.195585 0.025940 0.031045
3353 0.123081 0.220076 0.040762 0.031735
613 0.535733 0.183167 0.048703 0.031735
978 0.822128 0.367023 0.074113 0.031735
268 0.825304 0.259917 0.053997 0.032770
316 0.822657 0.294067 0.070937 0.032770
66 0.605876 0.223353 0.021705 0.033460
2885 0.821599 0.557261 0.077290 0.035529
121 0.438062 0.189893 0.022763 0.036219
3526 0.366861 0.179717 0.035998 0.036564
2489 0.824510 0.332011 0.071466 0.037599
3735 0.823187 0.523801 0.071996 0.038979
1297 0.194283 0.231459 0.023293 0.040014
2249 0.826363 0.402898 0.067761 0.044153
4693 0.120434 0.306830 0.043939 0.044498
1267 0.822657 0.221628 0.070937 0.046568
3058 0.827422 0.449465 0.067761 0.046913
88 0.577819 0.243015 0.015352 0.051397
