246 0.378925 0.718750 0.054284 0.007332
101 0.376264 0.506983 0.052155 0.013268
128 0.582757 0.156599 0.024481 0.013617
128 0.583555 0.762046 0.019691 0.014316
209 0.183874 0.283520 0.009047 0.014665
49 0.279404 0.334148 0.015966 0.014665
203 0.177222 0.266585 0.030867 0.015014
56 0.583023 0.884951 0.026078 0.017109
120 0.580628 0.378142 0.022352 0.017458
297 0.882118 0.434881 0.051623 0.018506
85 0.282597 0.682961 0.031932 0.018855
91 0.587547 0.660964 0.032996 0.018855
57 0.482171 0.281425 0.037254 0.018855
56 0.275412 0.268680 0.021820 0.019204
172 0.175093 0.471194 0.028739 0.019204
91 0.482970 0.342877 0.033528 0.019553
101 0.175625 0.449372 0.054284 0.019553
57 0.286323 0.517284 0.034061 0.019902
91 0.583023 0.494413 0.031400 0.020251
55 0.478180 0.201466 0.051623 0.020251
76 0.372805 0.373953 0.035657 0.020950
60 0.479776 0.699197 0.034593 0.021299
57 0.182278 0.881285 0.034593 0.021648
81 0.581958 0.712814 0.038850 0.021997
57 0.381852 0.350559 0.035657 0.022346
92 0.583023 0.592528 0.037786 0.022346
547 0.286589 0.758904 0.050559 0.023394
698 0.585152 0.790154 0.037786 0.023743
93 0.380522 0.567039 0.047898 0.023743
55 0.587813 0.524092 0.048430 0.023743
83 0.276477 0.820007 0.034593 0.024092
88 0.373071 0.451816 0.025546 0.024441
107 0.380255 0.771997 0.027142 0.024441
111 0.379723 0.741620 0.028206 0.024441
85 0.479510 0.758205 0.024481 0.024791
77 0.383715 0.796962 0.045769 0.024791
56 0.375466 0.486208 0.047366 0.024791
126 0.481373 0.451117 0.047366 0.025140
107 0.583555 0.739001 0.030335 0.025489
76 0.583821 0.688373 0.032996 0.025489
83 0.170569 0.425454 0.033528 0.025489
60 0.375466 0.287884 0.040979 0.025489
83 0.373337 0.153806 0.042044 0.025489
126 0.175625 0.564420 0.046833 0.025489
88 0.585950 0.824197 0.046833 0.025489
1810 0.375200 0.254539 0.028739 0.025838
85 0.171634 0.164106 0.031400 0.025838
285 0.686003 0.279679 0.054284 0.025838
87 0.582757 0.353352 0.034061 0.026536
1282 0.377861 0.827165 0.054284 0.026536
76 0.176424 0.758205 0.033528 0.026885
135 0.181213 0.493017 0.028206 0.027235
84 0.272219 0.165154 0.040979 0.027235
113 0.478180 0.668994 0.040979 0.027235
278 0.885045 0.556215 0.057477 0.027235
126 0.484034 0.837814 0.045237 0.027584
110 0.481905 0.555866 0.037786 0.027933
81 0.170303 0.391061 0.044705 0.027933
88 0.579830 0.177723 0.049494 0.027933
53 0.278340 0.850035 0.027674 0.028282
88 0.179617 0.699721 0.026078 0.028631
118 0.380255 0.857193 0.021820 0.030028
88 0.276743 0.241620 0.029803 0.030028
74 0.374667 0.190119 0.034061 0.030377
109 0.482970 0.639665 0.043108 0.030726
71 0.383183 0.883031 0.053220 0.030726
87 0.279404 0.492144 0.034061 0.031075
91 0.375998 0.222940 0.040979 0.031075
862 0.684141 0.327339 0.050559 0.031075
68 0.369611 0.125349 0.012241 0.032123
68 0.183608 0.727130 0.014902 0.032472
85 0.278606 0.361906 0.027142 0.032472
316 0.176424 0.534392 0.058010 0.032472
1342 0.876530 0.264141 0.065993 0.032472
107 0.584087 0.856494 0.030335 0.032821
2555 0.844066 0.167249 0.045769 0.032821
2471 0.484832 0.312675 0.053220 0.033170
118 0.280734 0.545740 0.026078 0.033520
757 0.379457 0.653282 0.053220 0.033520
2134 0.786056 0.839735 0.055349 0.033520
1455 0.480841 0.493191 0.062267 0.033869
68 0.478712 0.528282 0.017563 0.034218
113 0.481639 0.728352 0.042576 0.034218
58 0.277807 0.451990 0.032996 0.034567
2167 0.182544 0.846543 0.052155 0.034567
2193 0.792177 0.740922 0.062267 0.034916
4108 0.586748 0.316865 0.040979 0.035265
3669 0.483768 0.417423 0.052155 0.035265
69 0.176158 0.321229 0.045769 0.035615
2751 0.164449 0.131285 0.051091 0.035615
3229 0.479510 0.596892 0.055349 0.035964
121 0.171634 0.357891 0.036722 0.036313
87 0.279670 0.207402 0.038850 0.036313
81 0.278073 0.880237 0.045237 0.036313
3258 0.584087 0.630587 0.056945 0.036313
68 0.278073 0.791376 0.020756 0.036662
3084 0.784992 0.792772 0.057477 0.036662
3051 0.582225 0.461243 0.047898 0.037011
1267 0.883981 0.515363 0.062799 0.037011
68 0.476583 0.126571 0.014369 0.037360
83 0.476849 0.164455 0.024481 0.037709
718 0.584087 0.560405 0.038850 0.037709
121 0.375732 0.320531 0.039383 0.037709
2180 0.907131 0.126047 0.039915 0.037709
4122 0.783662 0.454609 0.058010 0.037709
278 0.375200 0.689770 0.021288 0.038059
1921 0.786056 0.410440 0.052155 0.038059
2507 0.269824 0.127270 0.053220 0.038059
1927 0.787387 0.576641 0.079297 0.038059
121 0.375466 0.534567 0.034593 0.039106
2456 0.276211 0.595321 0.053220 0.039106
3084 0.882118 0.472416 0.059074 0.039106
1419 0.881852 0.301851 0.054284 0.039455
2323 0.883183 0.345147 0.054816 0.039455
747 0.272485 0.413582 0.059606 0.039455
119 0.281799 0.717179 0.036722 0.039804
3170 0.904204 0.172486 0.040447 0.039804
734 0.271953 0.304818 0.061735 0.039804
4532 0.580362 0.415503 0.050559 0.040503
64 0.580628 0.126571 0.039383 0.040852
504 0.479776 0.379190 0.034593 0.041201
4166 0.787653 0.685754 0.062799 0.041201
4222 0.170037 0.206180 0.049494 0.042947
2221 0.484566 0.875698 0.052688 0.043296
4070 0.845130 0.128666 0.043640 0.043645
1126 0.379191 0.415154 0.043108 0.043994
3338 0.877594 0.219274 0.065993 0.043994
1358 0.374401 0.605971 0.047366 0.044344
268 0.881852 0.590608 0.046833 0.045042
2056 0.478446 0.801152 0.056413 0.046439
1229 0.582491 0.273394 0.034593 0.046788
1570 0.167642 0.656075 0.061735 0.046788
314 0.787121 0.630063 0.056413 0.047137
2913 0.684939 0.225384 0.055349 0.048534
3871 0.579564 0.221369 0.051091 0.048883
1827 0.475253 0.243191 0.037254 0.049232
2928 0.279936 0.640712 0.039383 0.049581
241 0.880788 0.393855 0.052155 0.051676
3549 0.174561 0.606320 0.043640 0.052723
2941 0.178819 0.804469 0.046833 0.054469
