246 0.547745 0.202567 0.044032 0.006243
173 0.230239 0.589143 0.036074 0.008672
101 0.838727 0.721124 0.049867 0.011793
193 0.250133 0.579778 0.029178 0.013528
101 0.542706 0.887617 0.056233 0.013874
193 0.547480 0.503642 0.030769 0.014568
92 0.547215 0.224072 0.034483 0.014568
91 0.577984 0.465661 0.022812 0.014915
193 0.230504 0.604405 0.034483 0.014915
92 0.243236 0.432189 0.039788 0.015262
91 0.744828 0.562608 0.036074 0.016649
101 0.445623 0.195630 0.046684 0.017343
127 0.545623 0.843566 0.048276 0.017343
192 0.533687 0.523066 0.025464 0.018037
77 0.546154 0.699618 0.040849 0.018037
92 0.545358 0.653659 0.036074 0.018384
52 0.745889 0.586889 0.037135 0.018730
127 0.245623 0.541103 0.054111 0.018730
81 0.745358 0.635969 0.036074 0.019077
55 0.840318 0.674471 0.042440 0.019077
57 0.646419 0.523413 0.032361 0.019424
92 0.846154 0.226847 0.032891 0.019424
57 0.344828 0.537981 0.037135 0.019424
52 0.742971 0.469303 0.038727 0.019424
52 0.840849 0.432536 0.040318 0.019424
91 0.340318 0.417967 0.040849 0.019424
123 0.579576 0.446930 0.017507 0.019771
56 0.842971 0.450746 0.022281 0.019771
92 0.240584 0.379292 0.040849 0.019771
113 0.336605 0.825702 0.044032 0.019771
126 0.338992 0.777489 0.044562 0.019771
77 0.340053 0.651752 0.039257 0.020118
134 0.248011 0.562262 0.018568 0.020812
92 0.442706 0.286160 0.032361 0.020812
60 0.744828 0.409990 0.037135 0.020812
642 0.137135 0.698578 0.044032 0.020812
86 0.244297 0.626431 0.045093 0.020812
335 0.443501 0.220257 0.050928 0.020812
76 0.338462 0.393861 0.033952 0.021159
91 0.545623 0.595040 0.034483 0.021159
64 0.337135 0.754076 0.028117 0.021505
150 0.541379 0.539716 0.037666 0.021505
55 0.835809 0.817551 0.040849 0.021505
2149 0.245093 0.746445 0.041379 0.021505
56 0.338196 0.671696 0.019629 0.021852
953 0.437931 0.628339 0.040849 0.021852
126 0.546154 0.332466 0.044032 0.021852
755 0.837401 0.840271 0.058886 0.021852
67 0.745093 0.724246 0.038727 0.022199
113 0.339523 0.252515 0.043501 0.022199
501 0.139257 0.644121 0.048276 0.022199
52 0.746154 0.350156 0.037666 0.022546
76 0.135279 0.875824 0.038196 0.022893
127 0.841910 0.764481 0.049867 0.022893
68 0.740584 0.845473 0.013793 0.023240
64 0.240318 0.173951 0.028647 0.023240
88 0.836870 0.791363 0.030239 0.023240
66 0.836605 0.741068 0.031830 0.023240
90 0.540053 0.862470 0.038196 0.023240
84 0.439788 0.758065 0.041379 0.023240
127 0.542971 0.720257 0.044032 0.023240
88 0.137931 0.750434 0.044562 0.023240
1173 0.138727 0.612730 0.048276 0.023240
316 0.440318 0.814603 0.054111 0.023240
166 0.657294 0.281304 0.018037 0.023587
74 0.544032 0.391953 0.031300 0.023587
76 0.838992 0.543531 0.032361 0.023587
1406 0.748806 0.203954 0.038727 0.023587
52 0.136605 0.502255 0.042971 0.023587
111 0.438992 0.785467 0.029178 0.023933
72 0.242175 0.773326 0.037666 0.023933
1406 0.343236 0.564169 0.040318 0.023933
118 0.139257 0.216441 0.017507 0.024280
134 0.545623 0.484218 0.018568 0.024280
166 0.147480 0.474159 0.019098 0.024280
91 0.241645 0.284773 0.040849 0.024280
83 0.333422 0.130593 0.033422 0.024627
67 0.653581 0.160423 0.040318 0.024627
83 0.134748 0.584287 0.040318 0.024627
501 0.643236 0.496185 0.040849 0.024627
127 0.139523 0.160423 0.057294 0.024627
120 0.845358 0.376691 0.018568 0.024974
91 0.440318 0.655567 0.035013 0.024974
110 0.545358 0.418661 0.037135 0.024974
72 0.538196 0.823448 0.037666 0.024974
60 0.136074 0.780784 0.042971 0.024974
127 0.245358 0.796740 0.044032 0.024974
259 0.543767 0.568852 0.048806 0.024974
68 0.439523 0.879813 0.010080 0.025321
119 0.541379 0.771245 0.024934 0.025321
111 0.138196 0.670656 0.027056 0.025321
83 0.642971 0.351197 0.029708 0.025321
87 0.541114 0.747312 0.035013 0.025321
95 0.745358 0.612383 0.038196 0.025321
70 0.645623 0.252862 0.043501 0.025668
127 0.245358 0.197364 0.050398 0.025668
1799 0.136870 0.724939 0.050928 0.025668
87 0.340053 0.368019 0.035013 0.026361
95 0.544828 0.362123 0.040318 0.026361
118 0.843767 0.474332 0.018568 0.026708
118 0.338992 0.694589 0.020159 0.026708
107 0.738462 0.820153 0.023342 0.026708
78 0.342440 0.804891 0.029178 0.026708
72 0.238462 0.518384 0.042971 0.026708
107 0.541114 0.795005 0.029708 0.027055
74 0.338727 0.726327 0.030239 0.027055
1406 0.340584 0.445023 0.038196 0.027055
109 0.340053 0.193895 0.044562 0.027055
121 0.138196 0.561221 0.050398 0.027055
107 0.841910 0.406694 0.024403 0.027402
111 0.242971 0.258238 0.026525 0.027402
111 0.241114 0.683143 0.027056 0.027402
1173 0.644828 0.463926 0.044032 0.027402
724 0.640053 0.552029 0.045093 0.027402
123 0.742971 0.693375 0.025995 0.027749
85 0.243236 0.313215 0.027056 0.027749
85 0.336074 0.875477 0.027056 0.027749
85 0.138727 0.287201 0.029178 0.027749
84 0.339257 0.303850 0.036605 0.027749
65 0.654111 0.130073 0.042440 0.027749
1435 0.243501 0.406174 0.042440 0.027749
107 0.646950 0.224246 0.027056 0.028096
92 0.134483 0.531911 0.032361 0.028096
87 0.440849 0.558273 0.039257 0.028096
77 0.245358 0.227020 0.040849 0.028096
72 0.136074 0.384495 0.050398 0.028096
107 0.135013 0.845647 0.028117 0.028443
2598 0.137401 0.320326 0.023342 0.028789
76 0.443767 0.134755 0.032361 0.028789
92 0.846154 0.133021 0.035013 0.028789
4039 0.641645 0.770205 0.035544 0.028789
115 0.543501 0.677246 0.036605 0.028789
118 0.340584 0.274367 0.014854 0.029136
68 0.753316 0.131807 0.015915 0.029136
85 0.444032 0.165453 0.020159 0.029136
107 0.837666 0.697884 0.023342 0.029136
62 0.746419 0.663545 0.037135 0.029136
87 0.643501 0.843566 0.043501 0.029136
107 0.134218 0.352584 0.029708 0.029483
500 0.443767 0.314083 0.037666 0.029483
87 0.138196 0.445543 0.038727 0.029483
70 0.844828 0.199272 0.046154 0.029483
85 0.341379 0.221644 0.024934 0.029830
58 0.746950 0.320846 0.028647 0.029830
85 0.744828 0.494450 0.027586 0.030177
51 0.342175 0.337322 0.040318 0.030177
81 0.335013 0.850330 0.040849 0.030177
126 0.839523 0.643254 0.045093 0.030177
53 0.136340 0.417621 0.023342 0.030524
107 0.241910 0.491502 0.027586 0.030524
53 0.239523 0.656955 0.028117 0.030524
93 0.242971 0.831772 0.036074 0.030524
87 0.138462 0.188692 0.040318 0.030524
84 0.645889 0.733264 0.034483 0.031217
51 0.844297 0.348248 0.037666 0.031217
978 0.845889 0.257371 0.045093 0.031217
552 0.342175 0.624523 0.030769 0.031564
3047 0.641379 0.697364 0.043501 0.031564
552 0.343767 0.506070 0.039257 0.031911
1257 0.337931 0.164412 0.048806 0.031911
83 0.744297 0.169095 0.024403 0.032258
119 0.839788 0.612730 0.027586 0.032258
2254 0.438727 0.525668 0.054111 0.032258
87 0.848011 0.167881 0.030239 0.032605
74 0.136340 0.131981 0.031830 0.032952
2885 0.440584 0.489768 0.036605 0.033299
121 0.243236 0.456469 0.040849 0.033299
264 0.641645 0.624350 0.042971 0.033299
2904 0.246684 0.718002 0.045623 0.033299
121 0.135809 0.809747 0.036074 0.033646
366 0.135013 0.254769 0.048276 0.033646
2255 0.441910 0.690253 0.054111 0.033992
3250 0.637931 0.660076 0.054642 0.033992
83 0.742971 0.378946 0.024934 0.034339
83 0.734748 0.874610 0.025464 0.034339
127 0.245889 0.868019 0.051459 0.034339
68 0.641114 0.877211 0.010080 0.034686
268 0.545358 0.624870 0.033952 0.035033
119 0.648011 0.190080 0.025995 0.035380
121 0.744032 0.441554 0.028117 0.035380
121 0.439523 0.723899 0.031300 0.035380
1177 0.547480 0.252688 0.043501 0.035727
4064 0.841379 0.578911 0.039257 0.036074
278 0.546950 0.174991 0.026525 0.036420
119 0.644297 0.426812 0.034483 0.036420
971 0.243501 0.349116 0.046684 0.036420
3984 0.334483 0.476067 0.048276 0.036420
681 0.737666 0.786334 0.041910 0.036767
3984 0.337135 0.593132 0.046154 0.036767
757 0.546419 0.136663 0.048806 0.036767
3229 0.639257 0.583420 0.050928 0.036767
3192 0.840584 0.511100 0.039788 0.037808
1452 0.645889 0.387444 0.049337 0.038155
1020 0.743501 0.534513 0.050398 0.038155
3192 0.646684 0.317204 0.042440 0.038502
1652 0.748276 0.235345 0.045093 0.038502
1640 0.743236 0.281131 0.054111 0.039195
2152 0.443767 0.596601 0.046154 0.039542
47 0.749602 0.748352 0.036074 0.040583
68 0.836340 0.879639 0.012202 0.041623
2926 0.638992 0.807666 0.037666 0.041970
1126 0.448276 0.352758 0.043501 0.043011
577 0.443767 0.252515 0.044032 0.043011
330 0.241114 0.137183 0.036605 0.044051
4528 0.442175 0.399584 0.047215 0.044398
1126 0.444297 0.447277 0.042971 0.046133
957 0.544297 0.293965 0.046684 0.046133
2875 0.432095 0.848075 0.058886 0.047173
296 0.843767 0.301422 0.035544 0.052029
