56 0.377821 0.395381 0.014860 0.016095
91 0.586406 0.694892 0.024766 0.016095
2195 0.213264 0.792512 0.043478 0.017495
127 0.176665 0.820154 0.049532 0.018195
91 0.381398 0.587824 0.029719 0.020294
91 0.793341 0.421274 0.030270 0.020294
2195 0.831315 0.782365 0.039075 0.020294
1002 0.580352 0.444192 0.069895 0.021344
2195 0.627683 0.781316 0.041277 0.021693
1214 0.591635 0.718684 0.045129 0.021693
1419 0.177215 0.799335 0.036324 0.022043
2412 0.622179 0.742827 0.033572 0.022393
2195 0.421574 0.778167 0.044029 0.023093
4486 0.179141 0.845171 0.044579 0.023443
119 0.381123 0.654304 0.022565 0.023793
2412 0.214364 0.747551 0.030270 0.024843
2412 0.827188 0.743177 0.028619 0.025892
2193 0.593561 0.837649 0.053385 0.025892
111 0.376170 0.681770 0.020363 0.026242
2412 0.415245 0.745101 0.039075 0.026242
1827 0.591635 0.799160 0.053935 0.027292
3624 0.383599 0.843597 0.057237 0.027292
1338 0.790039 0.798286 0.052284 0.027642
56 0.790039 0.570504 0.019263 0.028341
76 0.372042 0.265220 0.024216 0.028691
121 0.789213 0.527642 0.024216 0.028691
113 0.168960 0.440868 0.047331 0.028691
91 0.789213 0.670049 0.025316 0.029391
1927 0.793065 0.388034 0.057237 0.029391
1827 0.383324 0.802309 0.057788 0.029391
91 0.386076 0.714136 0.053385 0.030091
331 0.582554 0.415850 0.061090 0.031141
120 0.588883 0.619489 0.053935 0.031840
3479 0.793616 0.832050 0.039626 0.033590
111 0.589433 0.478831 0.024216 0.034640
113 0.580352 0.360742 0.047881 0.034990
87 0.179141 0.661477 0.031370 0.036039
3732 0.168409 0.401155 0.060539 0.037439
370 0.379196 0.623513 0.051734 0.037789
2151 0.378921 0.433870 0.053385 0.037789
107 0.372042 0.230406 0.036324 0.038838
115 0.587507 0.576452 0.040176 0.039538
2915 0.586131 0.664451 0.036324 0.040588
91 0.173088 0.554234 0.039075 0.040588
3735 0.585856 0.534465 0.037975 0.040938
91 0.163181 0.357418 0.045680 0.042337
1740 0.174463 0.622288 0.062741 0.042337
70 0.374243 0.364941 0.048431 0.044087
3338 0.796092 0.707313 0.042378 0.044437
92 0.791139 0.346046 0.025867 0.046186
241 0.381673 0.548286 0.052284 0.046186
2915 0.793065 0.624563 0.042928 0.047586
1229 0.166208 0.242827 0.047331 0.047586
51 0.373143 0.316655 0.051734 0.048286
1927 0.169785 0.495101 0.066593 0.049685
120 0.172812 0.706088 0.051734 0.050385
1229 0.788112 0.231631 0.050633 0.054584
241 0.785085 0.288488 0.051183 0.057733
241 0.166483 0.301435 0.047881 0.059132
3467 0.579802 0.241078 0.045680 0.061582
1229 0.381398 0.484255 0.025316 0.063681
3399 0.583379 0.306858 0.045129 0.064381
3792 0.787562 0.478656 0.068244 0.069279
