246 0.671741 0.108461 0.047543 0.006616
128 0.771635 0.783078 0.013355 0.009053
101 0.672543 0.292479 0.056624 0.014624
57 0.778846 0.344708 0.032051 0.015320
101 0.577190 0.376393 0.050748 0.015320
129 0.683226 0.494255 0.020299 0.015669
57 0.072650 0.767758 0.034188 0.016713
52 0.267094 0.767584 0.039530 0.017061
92 0.774573 0.183670 0.035256 0.018454
60 0.576923 0.440634 0.044872 0.018454
56 0.068643 0.594359 0.024038 0.018802
192 0.174947 0.201950 0.028312 0.018802
76 0.267628 0.235028 0.032051 0.018802
52 0.168002 0.789345 0.043269 0.018802
57 0.270299 0.880919 0.039530 0.019499
55 0.679220 0.354109 0.048611 0.019499
56 0.570780 0.708391 0.028312 0.019847
85 0.673344 0.470230 0.035791 0.019847
91 0.169872 0.848712 0.036325 0.019847
52 0.573451 0.545439 0.044338 0.019847
196 0.483173 0.250348 0.025107 0.020195
91 0.067575 0.691678 0.038996 0.020543
76 0.263889 0.860202 0.028846 0.021240
113 0.469551 0.855675 0.044872 0.021240
98 0.066774 0.746692 0.050214 0.021240
120 0.376603 0.454387 0.023504 0.021588
55 0.174679 0.437326 0.048077 0.021588
76 0.670940 0.648503 0.026709 0.021936
64 0.372329 0.116121 0.033120 0.021936
56 0.572650 0.592618 0.027778 0.022284
52 0.473825 0.232591 0.043803 0.022284
56 0.170406 0.619951 0.023504 0.022632
56 0.172543 0.679143 0.024573 0.022632
66 0.669071 0.135620 0.029380 0.022632
77 0.780449 0.325731 0.041667 0.022632
278 0.764423 0.885446 0.021368 0.022981
119 0.178152 0.400418 0.021902 0.022981
1810 0.066239 0.800836 0.023504 0.022981
57 0.667201 0.877089 0.037393 0.022981
98 0.062500 0.292131 0.045940 0.022981
76 0.778312 0.465007 0.032051 0.023329
93 0.371795 0.834784 0.040598 0.023329
92 0.578793 0.397632 0.037927 0.023677
55 0.775908 0.112813 0.044338 0.023677
84 0.760150 0.834610 0.044872 0.023677
132 0.470085 0.882486 0.027778 0.024025
88 0.672276 0.191678 0.034722 0.024025
52 0.474092 0.603586 0.041132 0.024025
553 0.167735 0.735202 0.055556 0.024025
52 0.774038 0.249652 0.042735 0.024373
553 0.173344 0.530292 0.055021 0.024373
122 0.764690 0.806233 0.031517 0.024721
76 0.271902 0.403726 0.037393 0.024721
81 0.672276 0.624826 0.040064 0.024721
91 0.767628 0.731546 0.034188 0.025070
92 0.773771 0.595404 0.042201 0.025070
84 0.774573 0.566504 0.050214 0.025070
76 0.263622 0.120299 0.035791 0.025418
91 0.477030 0.489380 0.037393 0.025418
110 0.067575 0.198120 0.037927 0.025766
77 0.572917 0.685237 0.041132 0.025766
135 0.173878 0.227194 0.025107 0.026114
74 0.777778 0.498781 0.038462 0.026114
91 0.574786 0.573294 0.040598 0.026114
87 0.271100 0.743907 0.041132 0.026114
91 0.475427 0.332173 0.039530 0.026462
259 0.068910 0.350975 0.051282 0.026462
553 0.764423 0.670265 0.059829 0.026462
83 0.064103 0.228238 0.038462 0.026811
68 0.169872 0.704735 0.011752 0.027159
87 0.065972 0.464833 0.034722 0.027159
86 0.577457 0.159471 0.041667 0.027159
127 0.670940 0.161212 0.050214 0.027159
66 0.663462 0.813196 0.028846 0.027507
92 0.570246 0.810411 0.035791 0.027507
126 0.676282 0.444116 0.045940 0.027507
95 0.177083 0.493907 0.048611 0.027507
55 0.668269 0.743558 0.050214 0.027507
87 0.673611 0.552577 0.033120 0.027855
76 0.369124 0.583565 0.033120 0.027855
69 0.477564 0.831650 0.021368 0.028203
85 0.267895 0.641539 0.029380 0.028203
84 0.265224 0.791260 0.042201 0.028203
66 0.571581 0.742688 0.030983 0.028552
64 0.766560 0.764624 0.030983 0.028552
91 0.372863 0.516017 0.035256 0.028552
74 0.272169 0.305362 0.035791 0.028552
83 0.064637 0.317549 0.048077 0.028552
87 0.476496 0.201079 0.034188 0.028900
62 0.068643 0.720926 0.046474 0.028900
2151 0.575053 0.311455 0.050748 0.028900
74 0.169338 0.821553 0.029915 0.029596
87 0.170940 0.763753 0.034188 0.029596
119 0.571581 0.839485 0.023504 0.029944
1435 0.374466 0.299443 0.048077 0.029944
757 0.759615 0.861421 0.052350 0.029944
119 0.270566 0.263057 0.022970 0.030292
119 0.571848 0.188893 0.024038 0.030292
88 0.072382 0.427054 0.032585 0.030292
86 0.475962 0.733461 0.036325 0.030292
1834 0.170940 0.873781 0.049145 0.030292
118 0.263088 0.715877 0.018697 0.030641
111 0.376870 0.485376 0.028312 0.030641
74 0.068376 0.531685 0.030983 0.030641
85 0.477030 0.567897 0.030983 0.030641
87 0.574252 0.628830 0.037393 0.030641
91 0.669605 0.679318 0.037927 0.030641
2151 0.469284 0.767061 0.048611 0.030641
119 0.071581 0.490773 0.023504 0.030989
111 0.171474 0.464659 0.028846 0.030989
126 0.668803 0.709784 0.041667 0.030989
86 0.376603 0.224756 0.044872 0.030989
98 0.470085 0.630397 0.045940 0.030989
1415 0.479167 0.366121 0.055556 0.030989
127 0.574786 0.655118 0.057692 0.030989
121 0.769231 0.696727 0.039530 0.031337
1415 0.270032 0.569638 0.052885 0.031337
107 0.063568 0.840703 0.025641 0.031685
85 0.572115 0.878656 0.029915 0.031685
68 0.273504 0.371170 0.012821 0.032033
107 0.369391 0.621170 0.027244 0.032033
118 0.064637 0.620822 0.027778 0.032033
51 0.068376 0.264276 0.041667 0.032033
81 0.569444 0.778552 0.047009 0.032033
119 0.267628 0.153726 0.025641 0.032382
127 0.665598 0.843141 0.047009 0.032382
87 0.272970 0.528900 0.041667 0.032730
98 0.169872 0.300487 0.042735 0.032730
81 0.175481 0.371866 0.045406 0.032730
1587 0.367788 0.872911 0.047543 0.032730
53 0.171741 0.591748 0.020833 0.033078
88 0.375801 0.258182 0.032585 0.033078
68 0.171741 0.654422 0.044338 0.033078
53 0.273504 0.338614 0.024573 0.033774
83 0.673344 0.322075 0.026175 0.034123
118 0.178152 0.559192 0.026175 0.034123
560 0.065171 0.166435 0.054487 0.034123
70 0.673878 0.592444 0.034722 0.034471
126 0.373397 0.547876 0.044872 0.034471
87 0.573718 0.511490 0.029915 0.034819
121 0.469017 0.701253 0.042735 0.034819
84 0.065972 0.878482 0.040064 0.035515
62 0.473558 0.667131 0.046474 0.035515
3735 0.271100 0.492514 0.033654 0.035864
56 0.777244 0.436455 0.052350 0.035864
978 0.782318 0.391713 0.045406 0.036212
88 0.373130 0.748085 0.030449 0.036560
68 0.268162 0.682625 0.042735 0.036560
85 0.479968 0.399025 0.027244 0.036908
121 0.773771 0.529944 0.027244 0.036908
718 0.665865 0.776114 0.031517 0.036908
68 0.572650 0.225104 0.011752 0.037256
863 0.168269 0.127263 0.045940 0.037256
1799 0.469551 0.795613 0.033120 0.037604
87 0.774573 0.218315 0.042735 0.037604
104 0.376068 0.186978 0.048077 0.037604
1799 0.574519 0.345230 0.042201 0.037953
552 0.475427 0.120996 0.052350 0.037953
4112 0.266560 0.452124 0.054487 0.037953
118 0.675481 0.267758 0.030449 0.038301
121 0.578526 0.471448 0.032051 0.038301
121 0.067041 0.565808 0.036859 0.038301
88 0.063034 0.128656 0.037393 0.038649
81 0.372062 0.333740 0.052885 0.038649
118 0.477030 0.159123 0.029915 0.038997
62 0.677885 0.520543 0.040598 0.038997
1387 0.366720 0.795613 0.051816 0.038997
83 0.375000 0.371692 0.028846 0.039345
1484 0.265224 0.829735 0.056090 0.039694
3789 0.670139 0.230501 0.058226 0.039694
1934 0.164797 0.164868 0.059295 0.040042
2822 0.475962 0.452994 0.055556 0.040390
121 0.371795 0.147284 0.032051 0.041086
1396 0.069979 0.659471 0.048077 0.041086
2864 0.475427 0.523503 0.038462 0.042131
1977 0.268162 0.606372 0.048077 0.042131
3786 0.069177 0.390494 0.049679 0.042131
2599 0.477831 0.291609 0.041132 0.042827
4166 0.776709 0.146762 0.060897 0.042827
83 0.571581 0.265669 0.028846 0.043175
1584 0.771100 0.633705 0.037927 0.044568
4166 0.677885 0.385097 0.049145 0.044568
1747 0.262553 0.202646 0.058226 0.044568
1193 0.372596 0.421483 0.049679 0.047006
2103 0.570246 0.122040 0.056090 0.047006
4069 0.369124 0.709262 0.037393 0.048747
2916 0.775107 0.288649 0.056624 0.050836
47 0.181624 0.251045 0.028846 0.059889
47 0.376603 0.655118 0.042735 0.067897
