101 0.644794 0.192399 0.034383 0.008144
92 0.635835 0.864099 0.026150 0.009841
128 0.466586 0.764167 0.009201 0.010859
173 0.278208 0.759416 0.033414 0.012894
146 0.742615 0.410926 0.021792 0.013573
120 0.184504 0.708347 0.020339 0.014591
56 0.732203 0.713098 0.017433 0.015270
92 0.181598 0.825755 0.034867 0.015270
92 0.364891 0.403461 0.030508 0.016288
57 0.645278 0.793858 0.032446 0.016627
101 0.089831 0.600611 0.046973 0.016966
57 0.465617 0.398202 0.026634 0.017306
57 0.462470 0.509841 0.032930 0.017306
57 0.372155 0.619952 0.034383 0.017645
164 0.277482 0.773498 0.020339 0.017984
92 0.270702 0.659145 0.032930 0.017984
84 0.462470 0.869189 0.040678 0.017984
120 0.461743 0.303359 0.020823 0.018324
76 0.364891 0.448592 0.025666 0.018324
120 0.638257 0.812182 0.014528 0.019342
132 0.183293 0.283169 0.028571 0.019342
193 0.739952 0.450288 0.029056 0.019681
76 0.738741 0.317781 0.026634 0.020020
166 0.378692 0.222939 0.010654 0.020360
117 0.368039 0.824228 0.017433 0.020360
118 0.274818 0.882592 0.018886 0.020360
69 0.095884 0.677299 0.023245 0.020360
81 0.460533 0.689854 0.038741 0.020360
166 0.282324 0.904479 0.017433 0.020699
91 0.552058 0.447913 0.031961 0.021038
117 0.731719 0.784696 0.018402 0.021378
76 0.273366 0.859688 0.029540 0.021378
52 0.269734 0.740584 0.031961 0.021378
88 0.368039 0.673906 0.022276 0.021717
55 0.553511 0.881574 0.036804 0.021717
84 0.549637 0.422124 0.041646 0.021717
60 0.457385 0.564133 0.029540 0.022056
57 0.740436 0.627587 0.032930 0.022056
57 0.276271 0.191890 0.037288 0.022056
53 0.739952 0.234815 0.015496 0.022396
198 0.743584 0.430607 0.015981 0.022396
76 0.269007 0.534781 0.027603 0.022396
91 0.644794 0.341364 0.033414 0.022396
98 0.548426 0.562606 0.039225 0.022396
58 0.553995 0.904649 0.043584 0.022396
56 0.184988 0.514252 0.023245 0.022735
111 0.462954 0.249576 0.025182 0.022735
111 0.363923 0.529861 0.025666 0.022735
79 0.184988 0.619444 0.034867 0.022735
81 0.643341 0.458941 0.036320 0.022735
83 0.639225 0.518663 0.036804 0.022735
83 0.644794 0.254326 0.037288 0.022735
84 0.459322 0.810146 0.038257 0.022735
55 0.368281 0.557007 0.039225 0.022735
86 0.277724 0.795894 0.042131 0.022735
126 0.549879 0.748049 0.043099 0.022735
113 0.639709 0.586189 0.045521 0.022735
83 0.269976 0.591110 0.033414 0.023074
52 0.368039 0.254835 0.035835 0.023074
504 0.107264 0.165762 0.018886 0.023414
117 0.461985 0.667628 0.020339 0.023414
81 0.730024 0.807092 0.033414 0.023414
52 0.463196 0.192569 0.034383 0.023414
84 0.550847 0.854598 0.034383 0.023414
90 0.186441 0.536308 0.035835 0.023414
55 0.640678 0.647268 0.036804 0.023414
120 0.091525 0.548015 0.019370 0.023753
111 0.551090 0.773329 0.025182 0.023753
76 0.549879 0.584323 0.030508 0.023753
83 0.365860 0.334917 0.032446 0.023753
56 0.271429 0.219885 0.040194 0.023753
1173 0.641404 0.368680 0.039225 0.024092
68 0.275303 0.831524 0.040194 0.024092
83 0.181840 0.561079 0.043099 0.024092
68 0.639952 0.698677 0.014044 0.024432
111 0.459322 0.612827 0.024697 0.024432
85 0.458596 0.588056 0.028087 0.024432
113 0.369007 0.163556 0.040678 0.024432
83 0.270218 0.299796 0.030024 0.024771
87 0.369007 0.742280 0.030024 0.024771
91 0.552300 0.684934 0.031477 0.024771
127 0.548184 0.831184 0.031961 0.024771
117 0.090073 0.355277 0.019370 0.025110
84 0.456659 0.448931 0.038741 0.025110
88 0.273366 0.469121 0.026634 0.025450
111 0.181840 0.429929 0.027603 0.025789
52 0.553027 0.538174 0.032930 0.025789
126 0.092494 0.767900 0.039709 0.025789
504 0.763196 0.381574 0.021308 0.026128
66 0.182567 0.226502 0.030024 0.026128
72 0.268281 0.683577 0.031961 0.026128
111 0.552785 0.511028 0.024697 0.026468
118 0.723971 0.734645 0.030024 0.026468
87 0.734383 0.602986 0.034383 0.026468
118 0.271186 0.397523 0.020339 0.026807
76 0.272155 0.368680 0.028087 0.026807
64 0.461017 0.744316 0.028087 0.026807
113 0.088378 0.698846 0.035351 0.026807
81 0.270460 0.278419 0.036320 0.026807
88 0.641162 0.724635 0.039709 0.026807
89 0.640436 0.672039 0.043099 0.026807
88 0.089346 0.381914 0.044068 0.026807
1415 0.271913 0.165083 0.045036 0.026807
121 0.368765 0.309298 0.048910 0.026807
119 0.184262 0.487954 0.022760 0.027146
111 0.368523 0.426196 0.023245 0.027146
85 0.462470 0.713946 0.024213 0.027146
91 0.088136 0.331184 0.033898 0.027146
58 0.185956 0.254496 0.035835 0.027146
51 0.462712 0.280285 0.036320 0.027146
113 0.086925 0.902273 0.040194 0.027146
862 0.180872 0.363760 0.045036 0.027146
259 0.088862 0.621988 0.046005 0.027146
111 0.183535 0.589922 0.025182 0.027486
134 0.181114 0.300475 0.028087 0.027486
78 0.734625 0.762301 0.028087 0.027486
78 0.462470 0.645232 0.029056 0.027486
74 0.645763 0.310655 0.030508 0.027486
168 0.647215 0.282491 0.032446 0.027486
60 0.370218 0.765864 0.025666 0.027825
98 0.550605 0.289108 0.038741 0.027825
107 0.460048 0.783339 0.020339 0.028164
85 0.732203 0.833220 0.026150 0.028164
74 0.089346 0.302511 0.032446 0.028164
68 0.456174 0.533424 0.010654 0.028504
107 0.271186 0.712928 0.020339 0.028504
113 0.183051 0.197489 0.037772 0.028504
92 0.364165 0.281133 0.030024 0.028843
126 0.742373 0.210892 0.036804 0.028843
79 0.089588 0.446725 0.037772 0.028843
95 0.367797 0.800645 0.040194 0.028843
118 0.456901 0.422124 0.016949 0.029182
53 0.273366 0.822192 0.016949 0.029182
118 0.730508 0.652528 0.025666 0.029182
501 0.641646 0.400747 0.035835 0.029182
88 0.089104 0.243638 0.040678 0.029182
126 0.187409 0.730913 0.040678 0.029182
4260 0.728087 0.901256 0.041162 0.029182
107 0.549879 0.396166 0.024697 0.029522
76 0.460048 0.165083 0.029056 0.029522
87 0.184504 0.463013 0.034867 0.029522
126 0.643826 0.429759 0.039225 0.029522
63 0.372639 0.473193 0.045036 0.029522
69 0.093462 0.873431 0.028087 0.029861
978 0.735835 0.525280 0.036320 0.029861
126 0.090557 0.272480 0.040678 0.029861
85 0.180872 0.330675 0.023729 0.030200
85 0.271913 0.563794 0.024697 0.030200
75 0.095884 0.575331 0.040678 0.030200
83 0.363196 0.501866 0.030993 0.030540
70 0.087651 0.838140 0.032930 0.030540
123 0.270460 0.247710 0.018886 0.031218
111 0.741404 0.292840 0.020339 0.031218
51 0.553027 0.259247 0.032930 0.031218
2599 0.638257 0.840176 0.035835 0.031218
2783 0.555206 0.481507 0.051816 0.031218
3956 0.181356 0.166440 0.045036 0.031558
63 0.743099 0.344248 0.040194 0.032236
1917 0.458354 0.898711 0.041162 0.032236
504 0.181840 0.762640 0.045036 0.032236
119 0.553511 0.612827 0.019370 0.032576
121 0.641404 0.614523 0.030508 0.032576
70 0.185230 0.684934 0.026634 0.032915
81 0.363680 0.859348 0.035835 0.032915
752 0.460533 0.840346 0.041646 0.032915
4260 0.091283 0.655073 0.043099 0.032915
1443 0.550847 0.804377 0.046005 0.032915
4262 0.459080 0.483882 0.046489 0.033254
85 0.365860 0.892942 0.026634 0.033593
2411 0.089588 0.803190 0.039709 0.033933
3778 0.367312 0.650662 0.042131 0.034272
83 0.548910 0.318629 0.023729 0.034611
3669 0.186441 0.796403 0.040678 0.034611
552 0.465617 0.367492 0.047942 0.034611
111 0.089831 0.412453 0.022760 0.034951
87 0.090073 0.209196 0.038741 0.034951
979 0.731961 0.871564 0.042131 0.034951
78 0.740436 0.262979 0.033898 0.035290
121 0.370944 0.193926 0.038741 0.035629
1055 0.635835 0.897862 0.054237 0.035969
296 0.553753 0.717170 0.027603 0.036308
322 0.733656 0.687988 0.043584 0.036308
2885 0.186925 0.893451 0.035835 0.036647
1387 0.642373 0.222939 0.044068 0.036647
718 0.365860 0.588225 0.033414 0.036987
1387 0.267554 0.504411 0.042131 0.036987
2600 0.648184 0.168985 0.055690 0.037326
121 0.642373 0.488463 0.028571 0.037665
70 0.090557 0.517306 0.031961 0.037665
1039 0.738015 0.486766 0.050363 0.037665
2396 0.088862 0.736003 0.052785 0.038005
1193 0.270460 0.336783 0.037288 0.038344
1396 0.552058 0.652019 0.038741 0.039023
921 0.181598 0.397523 0.051332 0.039023
440 0.368039 0.709196 0.045521 0.039362
752 0.269007 0.434510 0.039225 0.040380
322 0.553753 0.362063 0.043099 0.040719
1917 0.640436 0.553953 0.038257 0.041059
4416 0.738741 0.169664 0.043099 0.041398
322 0.553269 0.166271 0.046005 0.041398
1834 0.459080 0.335256 0.047458 0.042077
1438 0.186441 0.853410 0.036804 0.042755
1917 0.272397 0.628266 0.038257 0.043095
47 0.192252 0.644893 0.037772 0.043773
4429 0.364165 0.372413 0.044552 0.045809
3112 0.637046 0.762979 0.046005 0.047845
47 0.095884 0.474381 0.043584 0.049542
3153 0.736804 0.564133 0.030508 0.051239
1125 0.552542 0.211910 0.030993 0.051917
