92 0.488213 0.899045 0.034539 0.012376
92 0.188871 0.650813 0.034539 0.014498
297 0.184759 0.592468 0.043860 0.014498
92 0.801535 0.717999 0.035088 0.016620
101 0.902686 0.525106 0.037829 0.016973
92 0.179550 0.159123 0.038925 0.017680
91 0.284265 0.893741 0.032346 0.018034
52 0.183662 0.236033 0.042763 0.018034
91 0.479441 0.277935 0.032346 0.018388
92 0.595395 0.552687 0.033991 0.018388
88 0.483553 0.884724 0.038377 0.018388
52 0.388432 0.365983 0.044408 0.018388
101 0.188596 0.697136 0.055921 0.018741
101 0.800713 0.455092 0.046601 0.019095
56 0.902961 0.866513 0.019737 0.019448
120 0.800987 0.832567 0.024123 0.019448
91 0.799342 0.320545 0.030702 0.020156
92 0.285362 0.775283 0.034539 0.020156
91 0.389529 0.806931 0.034539 0.020509
120 0.800713 0.602016 0.026864 0.020863
83 0.278783 0.830799 0.038925 0.020863
91 0.592379 0.474894 0.030154 0.021216
91 0.383498 0.241513 0.033443 0.021216
126 0.476700 0.405587 0.040022 0.021216
1002 0.482456 0.617044 0.042763 0.021216
91 0.804550 0.893741 0.031250 0.021570
91 0.483279 0.692008 0.029057 0.021924
91 0.393366 0.751414 0.031250 0.021924
126 0.900768 0.661952 0.037281 0.021924
55 0.902412 0.785184 0.033991 0.022277
66 0.695175 0.185997 0.028509 0.022631
91 0.281798 0.450141 0.032895 0.022631
253 0.391721 0.834158 0.036732 0.022631
121 0.906798 0.887907 0.037281 0.022631
126 0.385143 0.569661 0.037829 0.022631
91 0.697643 0.842468 0.029057 0.022984
501 0.901590 0.634194 0.037829 0.022984
85 0.800713 0.117044 0.029057 0.023338
91 0.192434 0.891089 0.031798 0.023338
91 0.387061 0.506365 0.033991 0.023338
88 0.904605 0.756365 0.039474 0.023338
55 0.187226 0.414427 0.045504 0.023338
120 0.281250 0.331506 0.020833 0.023692
57 0.194079 0.742044 0.028509 0.023692
76 0.695450 0.866513 0.029057 0.023692
126 0.388706 0.891266 0.035088 0.023692
1214 0.481086 0.379243 0.040022 0.023692
2151 0.283443 0.650106 0.042763 0.023692
335 0.389803 0.599894 0.043860 0.023692
91 0.902961 0.608911 0.032895 0.024045
91 0.699013 0.448373 0.035088 0.024045
110 0.899671 0.314887 0.031798 0.024399
253 0.188596 0.507956 0.031798 0.024399
91 0.186952 0.569130 0.032895 0.024399
91 0.385417 0.337871 0.037281 0.024399
68 0.899123 0.289074 0.039474 0.024399
85 0.187500 0.480552 0.021930 0.024752
76 0.277961 0.306931 0.031798 0.024752
110 0.700110 0.892857 0.035088 0.024752
85 0.596217 0.893388 0.019189 0.025106
91 0.595669 0.809583 0.031250 0.025106
1002 0.188048 0.536598 0.052632 0.025106
252 0.280154 0.194484 0.040570 0.025460
757 0.697917 0.631542 0.042763 0.025460
83 0.896656 0.160714 0.027961 0.025813
51 0.190515 0.716938 0.036732 0.025813
83 0.797971 0.544201 0.033443 0.026167
252 0.187774 0.672560 0.037829 0.026167
58 0.905702 0.809936 0.025219 0.026521
126 0.697917 0.157885 0.041667 0.026521
68 0.479715 0.147454 0.015351 0.026874
119 0.805099 0.512376 0.021382 0.026874
119 0.288103 0.799151 0.021382 0.026874
119 0.484375 0.829208 0.023575 0.026874
68 0.188048 0.178395 0.016447 0.027228
88 0.799616 0.628890 0.038925 0.027228
1415 0.588816 0.443246 0.049342 0.027228
83 0.474507 0.175035 0.026864 0.027581
1158 0.695450 0.415842 0.026864 0.027581
92 0.183936 0.259547 0.027961 0.027581
2151 0.591009 0.116690 0.041667 0.027581
1631 0.698739 0.598656 0.053180 0.027581
111 0.385965 0.311704 0.021930 0.027935
87 0.901042 0.232143 0.035636 0.027935
88 0.801261 0.692539 0.037829 0.027935
83 0.901590 0.837694 0.022478 0.028289
268 0.799068 0.223833 0.036732 0.028289
259 0.277686 0.480552 0.047697 0.028289
127 0.187226 0.285891 0.050987 0.028642
4492 0.284814 0.715877 0.053180 0.028642
66 0.179825 0.207214 0.028509 0.028996
87 0.483004 0.433876 0.036184 0.028996
88 0.590735 0.184936 0.036732 0.028996
87 0.184485 0.351839 0.042215 0.028996
3760 0.481634 0.116337 0.048794 0.028996
3151 0.483279 0.206860 0.048794 0.028996
370 0.799342 0.351662 0.048246 0.029349
86 0.901590 0.263437 0.024671 0.029703
119 0.800987 0.291902 0.023026 0.030057
92 0.389529 0.435113 0.041118 0.030057
3285 0.804550 0.483557 0.042215 0.030057
58 0.801535 0.775106 0.027412 0.030410
2709 0.899945 0.342999 0.036732 0.030410
4416 0.899123 0.583451 0.038377 0.030410
4252 0.694079 0.383133 0.033991 0.030764
4253 0.804550 0.661068 0.041118 0.030764
1895 0.388432 0.538366 0.052083 0.030764
60 0.483279 0.759901 0.016996 0.031117
119 0.591009 0.369165 0.025219 0.031117
2590 0.697368 0.734795 0.028509 0.031117
1755 0.900768 0.415665 0.031798 0.031471
51 0.591831 0.337518 0.035636 0.031471
264 0.803454 0.155410 0.037829 0.031471
1177 0.700932 0.662482 0.044408 0.031471
316 0.279331 0.552157 0.055373 0.031471
3735 0.800987 0.575318 0.032895 0.031825
253 0.275493 0.233027 0.038925 0.031825
3780 0.387610 0.718175 0.048246 0.031825
107 0.284814 0.747348 0.021382 0.032178
74 0.283717 0.864392 0.027961 0.032178
3948 0.391996 0.863331 0.032895 0.032178
87 0.800439 0.806754 0.036184 0.032178
411 0.187774 0.624293 0.053180 0.032178
119 0.279331 0.165134 0.023575 0.032532
1197 0.800439 0.425743 0.043860 0.032532
316 0.392270 0.780764 0.052083 0.032532
1895 0.697917 0.118458 0.052632 0.033239
1799 0.275768 0.678218 0.052632 0.033239
1101 0.904879 0.723479 0.021382 0.033946
122 0.387884 0.396040 0.036732 0.033946
1799 0.281250 0.620226 0.040570 0.033946
411 0.801809 0.189533 0.042215 0.033946
119 0.187500 0.769979 0.026316 0.034300
268 0.277961 0.410361 0.040570 0.034300
1584 0.598958 0.696252 0.027961 0.034653
3192 0.597039 0.625530 0.032895 0.034653
2610 0.904879 0.693069 0.037829 0.034653
443 0.483827 0.858557 0.040022 0.034653
68 0.484375 0.470474 0.011513 0.035007
3812 0.902138 0.497702 0.047697 0.035007
3313 0.899397 0.550035 0.048794 0.035007
3913 0.479441 0.345474 0.045504 0.035361
1579 0.587445 0.152405 0.046601 0.035361
1385 0.282895 0.586987 0.048246 0.035361
3800 0.702303 0.565417 0.054825 0.035361
3089 0.698739 0.809583 0.050987 0.035714
3813 0.186678 0.850778 0.040022 0.036068
3172 0.486294 0.508487 0.041667 0.036068
978 0.802632 0.746110 0.041667 0.036068
3786 0.280702 0.513791 0.044956 0.036068
3899 0.477522 0.309229 0.030702 0.036421
63 0.698465 0.215877 0.037281 0.036421
2599 0.483827 0.587694 0.033443 0.036775
3051 0.695724 0.772277 0.046053 0.036775
401 0.590735 0.409123 0.049890 0.036775
68 0.899945 0.378536 0.009320 0.037129
3032 0.805647 0.864392 0.043311 0.037129
2134 0.596491 0.731789 0.046053 0.037129
68 0.185855 0.383663 0.009868 0.037482
2233 0.189145 0.807638 0.041667 0.037482
410 0.697368 0.304809 0.054825 0.037482
3914 0.179002 0.125000 0.047697 0.037836
3320 0.800164 0.386492 0.030154 0.038190
4330 0.480537 0.796322 0.037829 0.038190
3172 0.703399 0.523338 0.041667 0.038190
2233 0.589090 0.260962 0.045504 0.038190
2338 0.184211 0.446782 0.044956 0.038543
4064 0.799890 0.257072 0.038377 0.038897
3353 0.480811 0.548798 0.038377 0.038897
3353 0.384868 0.274752 0.039474 0.038897
3813 0.587171 0.301980 0.044956 0.038897
3664 0.700658 0.700849 0.044956 0.038897
613 0.597314 0.660891 0.049890 0.038897
4252 0.697094 0.484618 0.046601 0.039250
296 0.595395 0.848303 0.026316 0.039604
2913 0.592105 0.770509 0.037281 0.039604
552 0.390625 0.470120 0.036732 0.039958
1799 0.182018 0.317008 0.046053 0.039958
1340 0.695175 0.343706 0.058114 0.040311
2619 0.382401 0.209158 0.041118 0.040665
3198 0.595943 0.587164 0.044956 0.040665
1316 0.902961 0.456153 0.042763 0.041018
4222 0.694353 0.259901 0.043311 0.041018
83 0.388980 0.632603 0.022478 0.041726
3381 0.385417 0.122348 0.031798 0.041726
83 0.589364 0.221004 0.023026 0.042433
4330 0.475603 0.244342 0.040022 0.042433
4408 0.276316 0.128713 0.043860 0.042433
2727 0.279331 0.271216 0.044408 0.042433
1210 0.385965 0.167256 0.057018 0.042433
1281 0.898849 0.198727 0.037829 0.043140
3840 0.280976 0.370934 0.046601 0.043847
681 0.389529 0.678925 0.041118 0.044554
1269 0.483004 0.654526 0.030702 0.045262
1796 0.899123 0.125177 0.041667 0.045262
4008 0.594024 0.515205 0.033443 0.055870
