209 0.651596 0.894299 0.006383 0.004603
209 0.661436 0.882790 0.007979 0.004958
209 0.655585 0.901204 0.011170 0.004958
209 0.664628 0.890935 0.007979 0.007082
246 0.137234 0.195113 0.046809 0.007082
128 0.247340 0.175106 0.010638 0.007436
101 0.347074 0.354993 0.049468 0.007436
101 0.360904 0.717068 0.046277 0.009207
101 0.450532 0.480347 0.054255 0.010977
92 0.548670 0.296388 0.033511 0.012040
101 0.754255 0.608180 0.038298 0.012394
101 0.564894 0.860659 0.051064 0.012394
101 0.251596 0.595432 0.048936 0.013102
101 0.648670 0.134384 0.053723 0.013102
101 0.358245 0.597380 0.049468 0.013456
76 0.168883 0.108888 0.019681 0.013810
200 0.463830 0.714943 0.030851 0.014164
92 0.449202 0.384207 0.030319 0.014873
92 0.146011 0.628895 0.033511 0.014873
698 0.452394 0.571884 0.026064 0.016289
193 0.456649 0.697592 0.034574 0.016289
205 0.760904 0.412358 0.031383 0.016643
58 0.172872 0.125708 0.027660 0.016997
209 0.134840 0.173513 0.029255 0.016997
172 0.460372 0.893237 0.019681 0.017351
56 0.241223 0.505489 0.028191 0.017351
190 0.144149 0.150673 0.028723 0.017351
52 0.149468 0.827373 0.045745 0.017351
196 0.662234 0.662890 0.017021 0.017705
56 0.048138 0.571884 0.017553 0.017705
52 0.656383 0.785057 0.037234 0.017705
56 0.450266 0.426523 0.026064 0.018059
52 0.451596 0.528506 0.032979 0.018059
132 0.665426 0.835517 0.022340 0.018768
203 0.755053 0.466891 0.049468 0.018768
52 0.646011 0.222380 0.034574 0.019122
52 0.654521 0.480878 0.037766 0.019122
132 0.658511 0.559313 0.025532 0.019476
91 0.560638 0.897663 0.032979 0.019830
1406 0.548138 0.320822 0.034574 0.019830
52 0.656649 0.645892 0.043085 0.019830
98 0.642287 0.240439 0.049468 0.019830
91 0.758245 0.887571 0.033511 0.020184
192 0.545479 0.112606 0.026064 0.020538
2223 0.689628 0.804887 0.029255 0.020538
57 0.049734 0.520538 0.032447 0.020538
52 0.045213 0.620397 0.034043 0.020538
1406 0.761170 0.816926 0.036170 0.020538
113 0.149734 0.744688 0.038830 0.020538
120 0.240160 0.426169 0.022872 0.020892
76 0.754521 0.674752 0.028191 0.020892
57 0.354255 0.439979 0.035106 0.020892
81 0.238564 0.272132 0.036702 0.020892
56 0.251596 0.633499 0.025532 0.021246
76 0.354255 0.773725 0.029787 0.021246
91 0.452660 0.593484 0.032979 0.021246
98 0.047074 0.641997 0.033511 0.021246
98 0.450798 0.549575 0.043085 0.021246
1002 0.755851 0.735836 0.047872 0.021246
113 0.250532 0.614554 0.036170 0.021601
126 0.756915 0.794441 0.038298 0.021601
68 0.055319 0.795680 0.009574 0.021955
83 0.351064 0.819405 0.031915 0.021955
91 0.647872 0.378541 0.035106 0.021955
55 0.555585 0.483888 0.048404 0.022309
85 0.359309 0.694405 0.020745 0.022663
56 0.455585 0.645538 0.021809 0.022663
126 0.455053 0.803116 0.035638 0.022663
91 0.145479 0.562500 0.033511 0.023017
91 0.243351 0.478576 0.036702 0.023017
157 0.656383 0.870042 0.014894 0.023371
134 0.663564 0.853754 0.016489 0.023371
204 0.250798 0.894476 0.032447 0.023371
91 0.356117 0.618272 0.033511 0.023371
56 0.651064 0.428293 0.020213 0.023725
83 0.050000 0.818520 0.027660 0.023725
57 0.554787 0.542316 0.028723 0.023725
91 0.248404 0.870574 0.036170 0.023725
132 0.347340 0.300637 0.029787 0.024079
77 0.549468 0.388456 0.032979 0.024079
77 0.252926 0.821884 0.035638 0.024079
77 0.651862 0.402266 0.039894 0.024079
252 0.138830 0.280099 0.046809 0.024079
111 0.248670 0.846494 0.018617 0.024433
83 0.444149 0.214058 0.030851 0.024433
162 0.360638 0.797982 0.031915 0.024433
126 0.140691 0.344370 0.037766 0.024433
127 0.145213 0.249823 0.052128 0.024433
77 0.753989 0.435729 0.035638 0.025142
126 0.742021 0.217953 0.039362 0.025142
120 0.460638 0.866856 0.018085 0.025496
171 0.750266 0.149079 0.022872 0.025496
56 0.355585 0.643059 0.023936 0.025496
120 0.546809 0.247167 0.025532 0.025496
88 0.559309 0.651204 0.026064 0.025496
87 0.242819 0.402975 0.034574 0.025496
55 0.143085 0.370397 0.036170 0.025496
55 0.053723 0.837819 0.038298 0.025496
56 0.644415 0.111544 0.045213 0.025496
69 0.154787 0.721140 0.020213 0.025850
85 0.343085 0.184313 0.021277 0.025850
88 0.747606 0.325248 0.022872 0.025850
111 0.559309 0.781339 0.022872 0.025850
111 0.553723 0.456976 0.025532 0.025850
118 0.648404 0.452904 0.019149 0.026204
56 0.342819 0.378187 0.031383 0.026204
111 0.559043 0.875531 0.023404 0.026558
83 0.036702 0.276027 0.032979 0.026558
84 0.052660 0.892174 0.034043 0.026558
120 0.748670 0.390227 0.026064 0.026912
90 0.559043 0.836756 0.035106 0.026912
90 0.354787 0.572238 0.040426 0.026912
113 0.650532 0.536827 0.042553 0.026912
1002 0.456915 0.776204 0.050000 0.026912
111 0.444681 0.276027 0.025532 0.027266
171 0.149468 0.466891 0.025532 0.027266
84 0.351064 0.545149 0.030851 0.027266
74 0.443617 0.153152 0.032979 0.027266
83 0.556915 0.717953 0.034043 0.027266
76 0.356117 0.666254 0.034574 0.027266
253 0.455585 0.621636 0.036702 0.027266
93 0.142553 0.224681 0.037234 0.027266
113 0.343883 0.272840 0.042021 0.027266
1016 0.450000 0.353576 0.050000 0.027266
118 0.658511 0.729108 0.025532 0.027620
107 0.247872 0.658640 0.026596 0.027620
91 0.343883 0.156516 0.038830 0.027620
1250 0.357181 0.867918 0.042021 0.027620
779 0.454255 0.743980 0.050000 0.027620
87 0.050000 0.694936 0.030851 0.027975
541 0.042819 0.421565 0.035638 0.027975
2083 0.050798 0.666608 0.036702 0.027975
1016 0.352394 0.514695 0.046277 0.027975
111 0.242819 0.454320 0.026064 0.028329
83 0.040691 0.357295 0.028191 0.028329
132 0.147074 0.772309 0.029255 0.028329
85 0.240426 0.119157 0.022340 0.028683
3735 0.749468 0.362075 0.025532 0.028683
58 0.143617 0.534171 0.026596 0.028683
111 0.356915 0.842953 0.027660 0.028683
69 0.350266 0.251593 0.029255 0.028683
76 0.143351 0.435375 0.029255 0.028683
72 0.247074 0.566749 0.036702 0.028683
113 0.447606 0.404922 0.046277 0.028683
91 0.547340 0.277975 0.031915 0.029037
366 0.043351 0.386331 0.032447 0.029037
88 0.154787 0.893414 0.047872 0.029037
68 0.042819 0.243095 0.005851 0.029391
111 0.648138 0.352337 0.026064 0.029745
547 0.051064 0.864731 0.027660 0.029745
328 0.149468 0.856232 0.043617 0.029745
2083 0.643351 0.192989 0.045213 0.029745
126 0.044947 0.451310 0.026064 0.030099
4440 0.048404 0.486013 0.039362 0.030099
2083 0.149468 0.689625 0.047872 0.030099
68 0.444681 0.184844 0.009574 0.030453
126 0.053191 0.766643 0.028723 0.030453
779 0.757713 0.704674 0.043085 0.030453
85 0.242287 0.200248 0.025000 0.030807
2083 0.242819 0.374469 0.050532 0.030807
85 0.050532 0.595255 0.022340 0.031161
3735 0.457979 0.834278 0.031915 0.031161
121 0.552926 0.511154 0.042021 0.031516
68 0.652926 0.758499 0.014362 0.031870
204 0.445745 0.117564 0.026596 0.031870
118 0.445479 0.673159 0.029255 0.031870
90 0.447074 0.452550 0.036702 0.031870
327 0.561170 0.808605 0.045745 0.032224
3735 0.355585 0.742564 0.034574 0.032578
87 0.148404 0.799221 0.037234 0.032578
3664 0.761436 0.762394 0.049468 0.032578
85 0.450266 0.502302 0.026064 0.032932
736 0.046277 0.544441 0.037234 0.032932
1197 0.753989 0.546919 0.048404 0.032932
135 0.543883 0.148371 0.022872 0.033286
366 0.343617 0.120397 0.043617 0.033286
87 0.655585 0.619865 0.034574 0.033640
1296 0.552660 0.574540 0.037234 0.033640
68 0.654521 0.585517 0.039894 0.033640
300 0.344947 0.218130 0.031383 0.033994
361 0.251596 0.799044 0.046809 0.034348
126 0.037500 0.167847 0.031383 0.034703
3754 0.253457 0.764164 0.033511 0.034703
691 0.145745 0.401912 0.035106 0.034703
77 0.743085 0.112606 0.040426 0.034703
366 0.743617 0.186969 0.041489 0.034703
90 0.345745 0.329143 0.036170 0.035057
2083 0.744149 0.294441 0.043617 0.035057
1559 0.559309 0.685021 0.045213 0.035057
1256 0.147074 0.655807 0.033511 0.035411
64 0.243883 0.153683 0.034574 0.035411
306 0.441223 0.244334 0.046277 0.035411
366 0.551862 0.422273 0.042021 0.035765
60 0.249468 0.727691 0.012766 0.036119
2465 0.548404 0.219193 0.036170 0.036119
1977 0.753723 0.582861 0.052128 0.036119
62 0.653191 0.512217 0.039362 0.036473
1064 0.349468 0.476452 0.050000 0.036473
1223 0.354255 0.888987 0.039362 0.037181
1193 0.557181 0.749823 0.039894 0.037181
366 0.238830 0.343307 0.043617 0.037181
2820 0.143351 0.499646 0.049468 0.037535
83 0.239096 0.304001 0.021809 0.037890
1480 0.644149 0.315156 0.050000 0.038244
3948 0.139628 0.311792 0.032447 0.038598
3740 0.761702 0.845786 0.045745 0.038598
68 0.257979 0.692458 0.010638 0.039306
3882 0.050266 0.730347 0.032447 0.039306
1695 0.039096 0.206268 0.039894 0.040014
1256 0.642553 0.160234 0.037234 0.040722
1534 0.656915 0.694582 0.047872 0.040722
981 0.250532 0.533463 0.048936 0.040722
981 0.350798 0.409880 0.055851 0.040722
490 0.548138 0.354639 0.040957 0.041431
322 0.756117 0.505666 0.044149 0.042493
1064 0.449734 0.315687 0.050532 0.042847
3500 0.647872 0.271601 0.043617 0.045326
3136 0.042819 0.314271 0.030319 0.045680
47 0.546543 0.169618 0.025000 0.046034
282 0.754255 0.640935 0.041489 0.046034
2191 0.151862 0.597911 0.040957 0.046388
4312 0.240691 0.240616 0.052660 0.046388
2191 0.563564 0.614200 0.043085 0.047805
2191 0.043351 0.129780 0.037766 0.049221
505 0.737766 0.261508 0.028723 0.049929
