173 0.459926 0.835816 0.024947 0.007801
128 0.565021 0.541667 0.010085 0.008156
172 0.462845 0.638652 0.011677 0.008511
101 0.747877 0.382624 0.043524 0.009929
162 0.549628 0.237411 0.027070 0.011702
101 0.548832 0.437411 0.052017 0.012411
101 0.456741 0.819149 0.052548 0.012766
162 0.242569 0.398050 0.025478 0.013121
205 0.759820 0.668794 0.029193 0.013475
57 0.456741 0.725887 0.031316 0.014184
92 0.550159 0.778369 0.037686 0.014184
200 0.451964 0.288121 0.027070 0.014539
57 0.746285 0.152660 0.032909 0.014539
92 0.746550 0.333333 0.033439 0.014894
101 0.653397 0.534043 0.045648 0.014894
164 0.462049 0.855142 0.027070 0.015248
64 0.239650 0.868972 0.028132 0.015957
146 0.447718 0.267376 0.022824 0.016312
132 0.146231 0.898227 0.023885 0.016312
135 0.657643 0.753014 0.018047 0.016667
148 0.438694 0.873404 0.036624 0.017021
55 0.041932 0.532447 0.032909 0.017376
101 0.455414 0.470213 0.058386 0.017730
57 0.247611 0.785638 0.028132 0.018085
52 0.037686 0.186348 0.035032 0.018085
92 0.142516 0.329255 0.037686 0.018085
120 0.449045 0.602482 0.021231 0.018440
132 0.452495 0.624823 0.030255 0.018440
92 0.352176 0.519681 0.032378 0.018794
101 0.455679 0.787057 0.055732 0.018794
66 0.347134 0.853191 0.024416 0.019149
548 0.142516 0.403901 0.028132 0.019149
164 0.446391 0.892199 0.028662 0.019149
126 0.740180 0.220567 0.032378 0.019149
148 0.437898 0.309220 0.041401 0.019149
76 0.067144 0.781028 0.021762 0.019504
1002 0.242038 0.817199 0.056263 0.019504
56 0.043259 0.740248 0.015393 0.020213
3690 0.242569 0.656206 0.016985 0.020213
132 0.549363 0.322872 0.026539 0.020213
148 0.046975 0.880851 0.023885 0.020567
120 0.139597 0.713830 0.019108 0.021277
120 0.551221 0.555319 0.023885 0.021277
111 0.348195 0.294681 0.025478 0.021277
698 0.349522 0.243617 0.027070 0.021277
141 0.661624 0.729078 0.033439 0.021277
57 0.357219 0.902837 0.035032 0.021277
55 0.552813 0.611348 0.041932 0.021277
55 0.349522 0.791844 0.044055 0.021277
56 0.548036 0.530142 0.045117 0.021277
2149 0.442410 0.176596 0.046178 0.021277
83 0.744161 0.454787 0.026539 0.021631
77 0.348992 0.576064 0.037686 0.021631
84 0.344745 0.396986 0.038747 0.021631
52 0.349257 0.666489 0.041401 0.021631
56 0.450372 0.798582 0.017516 0.021986
132 0.649947 0.230142 0.027070 0.021986
84 0.243365 0.847518 0.037686 0.021986
120 0.042463 0.655851 0.021231 0.022340
66 0.041667 0.633156 0.024947 0.022340
58 0.072452 0.802305 0.030255 0.022340
55 0.451699 0.672872 0.041401 0.022340
81 0.747877 0.861525 0.042463 0.022340
113 0.540340 0.295922 0.044586 0.022340
105 0.347665 0.178191 0.045648 0.022340
55 0.352176 0.602482 0.039809 0.022695
83 0.236465 0.423227 0.037686 0.023050
113 0.540870 0.121809 0.044586 0.023050
1002 0.132962 0.245567 0.054671 0.023050
57 0.650743 0.147872 0.031847 0.023404
55 0.239119 0.278723 0.041932 0.023404
56 0.038217 0.294504 0.021231 0.023759
111 0.650212 0.581738 0.025478 0.023759
77 0.042994 0.714716 0.030786 0.023759
85 0.553344 0.678723 0.018577 0.024113
111 0.647558 0.323404 0.026539 0.024113
698 0.142251 0.303191 0.035032 0.024113
126 0.549894 0.583333 0.038217 0.024113
84 0.648620 0.554255 0.039278 0.024113
84 0.345807 0.271986 0.040870 0.024113
68 0.747611 0.247340 0.006900 0.024468
126 0.046444 0.507979 0.029193 0.024468
77 0.350584 0.718972 0.034501 0.024468
55 0.441348 0.124645 0.036624 0.024468
547 0.656051 0.643085 0.040340 0.024468
547 0.241773 0.305142 0.044055 0.024468
68 0.655255 0.670213 0.009023 0.024823
95 0.237527 0.210284 0.042994 0.024823
2151 0.647824 0.256028 0.044055 0.024823
127 0.355626 0.875177 0.048832 0.024823
118 0.040074 0.322163 0.010085 0.025177
66 0.034501 0.159574 0.022293 0.025532
1261 0.745488 0.124113 0.038747 0.025532
1579 0.240180 0.755674 0.049363 0.025532
127 0.348726 0.152128 0.054140 0.025532
76 0.742834 0.272163 0.023885 0.025887
126 0.748142 0.518617 0.027070 0.025887
127 0.040074 0.268617 0.040870 0.025887
76 0.240977 0.721631 0.025478 0.026241
66 0.447718 0.579078 0.027070 0.026241
51 0.748938 0.402128 0.029724 0.026241
72 0.039809 0.243617 0.030786 0.026241
1579 0.442144 0.440780 0.050955 0.026241
126 0.244692 0.630319 0.033970 0.026596
87 0.542728 0.180674 0.034501 0.026596
113 0.644904 0.203369 0.045648 0.026596
83 0.036890 0.394681 0.029193 0.026950
75 0.749469 0.691844 0.032909 0.026950
83 0.649151 0.702128 0.032909 0.026950
110 0.441879 0.205319 0.034501 0.026950
113 0.035828 0.210284 0.041932 0.026950
68 0.654193 0.856560 0.011146 0.027305
85 0.247346 0.530319 0.024416 0.027305
51 0.648355 0.124291 0.034501 0.027305
1579 0.347665 0.692021 0.045648 0.027305
328 0.748408 0.484220 0.048832 0.027305
118 0.541932 0.147872 0.015924 0.027660
91 0.141985 0.435106 0.030255 0.027660
83 0.551752 0.896454 0.031316 0.027660
62 0.752389 0.886525 0.033439 0.027660
87 0.342357 0.127305 0.038217 0.027660
126 0.747611 0.826596 0.038747 0.027660
113 0.139066 0.870213 0.043524 0.027660
68 0.454618 0.149113 0.004777 0.028014
119 0.645435 0.176064 0.030786 0.028014
118 0.546709 0.380142 0.019108 0.028369
111 0.347399 0.421986 0.024947 0.028369
111 0.136677 0.273404 0.026008 0.028369
87 0.139862 0.776950 0.040870 0.028369
547 0.454618 0.520567 0.042994 0.028369
4109 0.448248 0.368794 0.050425 0.028369
77 0.749469 0.612589 0.032909 0.028723
1811 0.445329 0.335638 0.033970 0.028723
87 0.451433 0.549468 0.035563 0.028723
2555 0.242569 0.561879 0.040340 0.028723
541 0.352707 0.495567 0.044055 0.028723
55 0.451699 0.490603 0.044586 0.028723
87 0.750531 0.647872 0.033970 0.029078
90 0.544851 0.414184 0.038747 0.029078
84 0.136677 0.494326 0.039809 0.029078
2025 0.743631 0.358511 0.049894 0.029078
118 0.039544 0.764716 0.018577 0.029433
69 0.144639 0.843440 0.021762 0.029433
70 0.143047 0.687766 0.027070 0.029433
1256 0.043524 0.830674 0.029724 0.029433
613 0.472665 0.231383 0.034501 0.029433
2083 0.143047 0.461525 0.045117 0.029433
1821 0.346603 0.368085 0.040340 0.029787
2083 0.046178 0.861525 0.043524 0.030142
1579 0.649947 0.508511 0.035563 0.030496
85 0.548567 0.457624 0.014331 0.030851
65 0.040870 0.126773 0.038217 0.030851
366 0.447452 0.406206 0.043524 0.030851
51 0.140393 0.127660 0.035563 0.031206
87 0.045382 0.603369 0.030255 0.031560
77 0.650212 0.395922 0.039278 0.031560
60 0.540074 0.210993 0.019639 0.031915
1831 0.248938 0.496099 0.043524 0.031915
4440 0.147293 0.811702 0.046178 0.031915
2083 0.138270 0.744681 0.049363 0.031915
1195 0.243896 0.594858 0.045117 0.032270
339 0.139862 0.527660 0.048301 0.032624
316 0.748938 0.589716 0.048832 0.032624
78 0.540340 0.271099 0.035032 0.032979
721 0.747877 0.795567 0.037155 0.032979
85 0.746815 0.721986 0.019108 0.033333
63 0.750796 0.431738 0.039809 0.033688
47 0.049628 0.896809 0.030255 0.034043
718 0.445594 0.703546 0.039809 0.034043
3097 0.653397 0.469858 0.046709 0.034043
107 0.350849 0.546631 0.024416 0.034397
1195 0.139066 0.610461 0.047771 0.034397
84 0.243631 0.245390 0.026539 0.034752
2697 0.750000 0.551773 0.038217 0.034752
1787 0.044321 0.683511 0.030255 0.035106
87 0.242834 0.335284 0.038747 0.035106
1354 0.651008 0.612589 0.040870 0.035106
1476 0.748673 0.758865 0.037686 0.035461
2885 0.548567 0.491489 0.040870 0.035461
47 0.661093 0.776418 0.021762 0.035816
2338 0.555467 0.644858 0.052548 0.035816
83 0.650743 0.890426 0.020170 0.036170
296 0.747611 0.307092 0.023885 0.036170
121 0.132166 0.163121 0.031847 0.036170
70 0.243365 0.371986 0.036624 0.036170
564 0.342622 0.214894 0.049363 0.036170
577 0.347134 0.821809 0.044586 0.036525
87 0.547505 0.351418 0.031316 0.036879
3192 0.044055 0.473050 0.033970 0.036879
748 0.552813 0.807801 0.036624 0.036879
1579 0.450637 0.756383 0.041401 0.036879
3666 0.740977 0.185461 0.046709 0.036879
1385 0.242038 0.457447 0.048832 0.036879
613 0.554671 0.750000 0.048832 0.036879
2674 0.349522 0.330319 0.051486 0.037234
505 0.237527 0.128014 0.032378 0.037589
1799 0.644639 0.290780 0.038747 0.037589
2748 0.650212 0.431915 0.041401 0.037589
74 0.248938 0.898227 0.036093 0.038298
1385 0.133758 0.209220 0.047771 0.038298
3754 0.655520 0.817908 0.032909 0.038652
1882 0.135881 0.650887 0.055202 0.038652
666 0.040340 0.360461 0.040340 0.039362
971 0.043790 0.430496 0.031316 0.039716
3353 0.349522 0.634043 0.037686 0.039716
322 0.350584 0.754255 0.051486 0.039716
616 0.235403 0.172518 0.036624 0.040071
2599 0.647293 0.360106 0.041932 0.040071
4555 0.549628 0.709752 0.045117 0.040071
4275 0.044321 0.563830 0.037686 0.040426
338 0.240180 0.686702 0.047240 0.040780
505 0.345807 0.461348 0.039809 0.042553
572 0.140924 0.365248 0.051486 0.043972
47 0.148089 0.564007 0.029724 0.045035
2890 0.550955 0.855142 0.036093 0.051418
