128 0.169199 0.922798 0.011524 0.008636
209 0.265584 0.279447 0.009429 0.009672
132 0.266108 0.266667 0.033525 0.014508
128 0.470141 0.186356 0.012048 0.015544
56 0.860922 0.805699 0.024620 0.016235
205 0.274751 0.513990 0.028811 0.016580
128 0.573075 0.232297 0.013620 0.016926
129 0.865375 0.823489 0.020953 0.017271
92 0.264536 0.453886 0.031430 0.017271
49 0.468308 0.886874 0.013620 0.018307
102 0.768465 0.576339 0.047145 0.018307
861 0.464379 0.574957 0.047669 0.018307
92 0.860136 0.514853 0.030382 0.018998
91 0.264798 0.392746 0.031954 0.019344
128 0.168413 0.248877 0.014144 0.019689
56 0.764274 0.274957 0.018858 0.020035
92 0.360136 0.401554 0.035097 0.020380
113 0.159770 0.503109 0.039811 0.020380
91 0.662913 0.920380 0.036145 0.021071
91 0.464903 0.336615 0.031954 0.021762
56 0.267941 0.806908 0.020430 0.022107
55 0.167889 0.686010 0.041383 0.022107
108 0.465689 0.409154 0.014667 0.022453
64 0.565217 0.393437 0.025144 0.022798
83 0.463332 0.809326 0.030906 0.022798
91 0.462284 0.209499 0.031954 0.023143
118 0.768203 0.635579 0.012048 0.023489
113 0.275013 0.890501 0.033525 0.023489
52 0.157674 0.197582 0.036668 0.023489
55 0.362232 0.324352 0.041383 0.023489
52 0.165532 0.903109 0.037716 0.023834
126 0.860660 0.610190 0.046097 0.023834
56 0.568360 0.643869 0.018858 0.024180
76 0.659508 0.775302 0.028287 0.024525
88 0.861708 0.314853 0.045050 0.024525
49 0.861446 0.286356 0.015191 0.024870
64 0.567051 0.213472 0.027763 0.024870
107 0.464379 0.472884 0.035097 0.024870
127 0.767941 0.515026 0.048193 0.024870
91 0.564694 0.293782 0.029335 0.025216
93 0.162913 0.872366 0.044002 0.025216
55 0.863017 0.436788 0.048717 0.025216
120 0.863017 0.668394 0.019382 0.025561
88 0.767417 0.370639 0.022001 0.025561
91 0.564694 0.884629 0.033525 0.025561
89 0.764798 0.298791 0.038764 0.025561
110 0.858041 0.724870 0.033525 0.025907
302 0.463594 0.604318 0.046097 0.025907
107 0.266108 0.918826 0.035621 0.026252
127 0.165794 0.300173 0.055003 0.026252
120 0.663174 0.799136 0.019906 0.026598
117 0.270037 0.750086 0.023573 0.026598
88 0.166317 0.655786 0.027763 0.026598
85 0.366684 0.709672 0.030382 0.026598
52 0.863279 0.783938 0.045050 0.026598
53 0.366946 0.881520 0.018334 0.026943
91 0.465427 0.671503 0.025668 0.026943
51 0.663960 0.313299 0.037192 0.026943
72 0.853064 0.852504 0.039288 0.026943
90 0.864589 0.581693 0.041383 0.026943
98 0.663174 0.469775 0.041907 0.026943
60 0.862755 0.641451 0.044002 0.026943
78 0.568098 0.357340 0.024620 0.027288
1810 0.863541 0.259240 0.027763 0.027288
115 0.762441 0.250950 0.041383 0.027288
87 0.165794 0.711226 0.030906 0.027634
84 0.264274 0.678411 0.034049 0.027634
83 0.856993 0.753195 0.030382 0.027979
68 0.860922 0.912263 0.012048 0.028325
85 0.765846 0.163731 0.025144 0.028325
66 0.464903 0.436960 0.026716 0.028325
66 0.165270 0.807945 0.027763 0.028325
78 0.464117 0.541969 0.035621 0.028325
495 0.858303 0.162003 0.060241 0.028325
111 0.666579 0.531434 0.025668 0.028670
108 0.264274 0.489983 0.042431 0.028670
88 0.766108 0.872884 0.025668 0.029016
87 0.666841 0.564767 0.032478 0.029016
254 0.567313 0.463558 0.038764 0.029016
72 0.761131 0.487737 0.040859 0.029016
119 0.268989 0.778756 0.022525 0.029361
123 0.662913 0.669603 0.023573 0.029361
66 0.160031 0.272021 0.025668 0.029361
85 0.160555 0.225043 0.033002 0.029361
104 0.363541 0.435060 0.042954 0.029361
64 0.467260 0.163731 0.034573 0.029706
85 0.770037 0.450950 0.027239 0.030052
78 0.366946 0.913472 0.027763 0.030052
87 0.165008 0.776339 0.033525 0.030052
87 0.266894 0.543523 0.034049 0.030052
88 0.363803 0.772884 0.039288 0.030052
81 0.362493 0.473057 0.042954 0.030052
111 0.861184 0.223834 0.030382 0.030397
56 0.462546 0.372366 0.052383 0.030397
121 0.568098 0.572712 0.059193 0.030397
68 0.862755 0.697927 0.009429 0.030743
85 0.361708 0.677893 0.021477 0.030743
122 0.567575 0.259585 0.037192 0.030743
1415 0.766894 0.337651 0.041907 0.030743
85 0.469356 0.913299 0.033525 0.031088
68 0.768203 0.604145 0.036145 0.031088
60 0.163436 0.530397 0.019906 0.031434
119 0.166579 0.742832 0.025144 0.031434
1197 0.670770 0.887565 0.046621 0.031434
109 0.864851 0.548359 0.047145 0.031434
60 0.358827 0.583765 0.018858 0.031779
107 0.856469 0.884629 0.025144 0.031779
92 0.161079 0.474266 0.026716 0.031779
111 0.162651 0.326079 0.027763 0.031779
85 0.463855 0.749914 0.029859 0.031779
87 0.567575 0.537824 0.036145 0.031779
86 0.168413 0.365803 0.041383 0.031779
109 0.361446 0.285147 0.044002 0.032124
119 0.665532 0.704663 0.019382 0.032470
117 0.666841 0.637997 0.023049 0.032470
1575 0.564170 0.845250 0.027239 0.032470
74 0.566789 0.420553 0.026192 0.032815
85 0.366160 0.498964 0.030382 0.032815
316 0.664484 0.501382 0.051860 0.032815
316 0.266894 0.426079 0.059193 0.032815
68 0.465427 0.780656 0.008905 0.033161
62 0.665532 0.345423 0.037192 0.033161
85 0.766108 0.745941 0.022525 0.033506
111 0.366946 0.740760 0.024620 0.033506
2707 0.862232 0.191883 0.032478 0.033506
366 0.764798 0.418480 0.041907 0.033506
60 0.664746 0.596200 0.026192 0.033851
1607 0.564170 0.614508 0.044002 0.033851
64 0.359874 0.253022 0.037716 0.034197
118 0.564170 0.674611 0.024096 0.034542
118 0.669199 0.438687 0.024620 0.034542
126 0.666841 0.203109 0.036668 0.034542
75 0.168413 0.431434 0.039288 0.034542
4416 0.365113 0.813472 0.042954 0.034542
71 0.771346 0.667012 0.045574 0.034542
121 0.163174 0.841623 0.025668 0.034888
126 0.367994 0.848532 0.036145 0.034888
680 0.765584 0.711226 0.030906 0.035233
78 0.664222 0.279275 0.035621 0.035579
509 0.761655 0.913126 0.035621 0.035579
1579 0.264536 0.358722 0.044002 0.035579
68 0.157674 0.167530 0.013620 0.035924
70 0.768203 0.544732 0.033002 0.035924
737 0.362493 0.542314 0.050288 0.035924
53 0.666056 0.243005 0.016239 0.036269
83 0.763227 0.781865 0.017810 0.036269
303 0.564170 0.810190 0.045050 0.036269
2894 0.570718 0.915199 0.053955 0.036269
53 0.162651 0.400691 0.017287 0.036615
3175 0.165794 0.623143 0.040335 0.036615
316 0.465689 0.636960 0.052383 0.036615
366 0.267156 0.716062 0.049240 0.037306
60 0.858303 0.397064 0.019382 0.037651
349 0.567051 0.769085 0.051860 0.038342
53 0.563122 0.325907 0.022001 0.039033
76 0.462284 0.508808 0.030906 0.039378
3698 0.466213 0.251468 0.053431 0.039378
1934 0.664222 0.743696 0.048193 0.040069
3772 0.666056 0.166494 0.055003 0.040069
389 0.564170 0.500000 0.052383 0.040415
846 0.358303 0.169775 0.053431 0.040415
3175 0.265322 0.641796 0.044526 0.040760
63 0.270037 0.215371 0.044526 0.042487
3808 0.765060 0.829016 0.042431 0.042832
1126 0.469094 0.297409 0.039288 0.043523
1744 0.266108 0.169603 0.064955 0.043523
3799 0.666317 0.398791 0.046097 0.043869
4646 0.563122 0.173748 0.030382 0.044905
68 0.358303 0.212263 0.013620 0.045250
4085 0.162651 0.579447 0.029859 0.046632
368 0.260608 0.316753 0.053955 0.047668
854 0.464903 0.849914 0.051860 0.048014
957 0.459403 0.711917 0.048193 0.048359
4085 0.264536 0.595855 0.034573 0.049050
4564 0.665270 0.844387 0.044002 0.050777
3152 0.268465 0.852677 0.042431 0.051468
1827 0.860136 0.477375 0.034573 0.051813
1297 0.764274 0.206218 0.040859 0.053195
1827 0.358303 0.363558 0.033525 0.053541
1460 0.361708 0.634888 0.036145 0.053886
973 0.857255 0.356477 0.039288 0.053886
4330 0.566527 0.721589 0.042431 0.054577
