246 0.595872 0.509339 0.059750 0.010723
129 0.911733 0.465237 0.025530 0.013836
246 0.796578 0.225527 0.053775 0.014528
101 0.172461 0.409720 0.059207 0.014874
129 0.603205 0.438430 0.030961 0.016949
418 0.387018 0.458492 0.035307 0.016949
101 0.491309 0.560879 0.061380 0.017641
57 0.394622 0.624524 0.040739 0.020408
92 0.382672 0.482532 0.041825 0.020754
76 0.494025 0.701314 0.032048 0.021792
81 0.894351 0.441197 0.054861 0.021792
162 0.608637 0.531304 0.028789 0.022138
52 0.491037 0.679004 0.046714 0.022138
418 0.810972 0.814943 0.021727 0.022829
418 0.593427 0.725700 0.028789 0.022829
93 0.181152 0.433760 0.047257 0.022829
56 0.800923 0.592701 0.022271 0.023867
49 0.807442 0.706157 0.014666 0.024559
92 0.693916 0.480975 0.042911 0.025251
418 0.284628 0.486164 0.020641 0.025943
127 0.489951 0.529056 0.056491 0.025943
92 0.378327 0.400380 0.058121 0.025943
55 0.291146 0.803528 0.054318 0.026288
98 0.698805 0.710654 0.057034 0.027326
66 0.598316 0.762366 0.026616 0.027672
57 0.706953 0.610861 0.039652 0.027672
72 0.697990 0.809754 0.044541 0.027672
60 0.598316 0.592183 0.045084 0.027672
88 0.293862 0.722933 0.024986 0.028364
88 0.700435 0.739882 0.032048 0.028364
126 0.388104 0.753718 0.050516 0.028364
61 0.179250 0.265998 0.060837 0.028364
60 0.502444 0.813732 0.027159 0.028710
278 0.185769 0.862850 0.028246 0.030093
88 0.381858 0.319786 0.031505 0.030093
95 0.300923 0.864753 0.058664 0.030439
418 0.177892 0.378935 0.027702 0.030785
88 0.598859 0.558111 0.037480 0.030785
83 0.602662 0.798340 0.037480 0.031131
76 0.592341 0.409201 0.041825 0.031131
113 0.597501 0.623660 0.052146 0.031131
117 0.286529 0.561916 0.028789 0.031477
89 0.797393 0.423210 0.049973 0.031477
108 0.600217 0.658769 0.028246 0.032169
88 0.289245 0.448807 0.035307 0.032169
68 0.181423 0.346939 0.016295 0.032515
1415 0.595600 0.471117 0.061380 0.032515
120 0.900598 0.716534 0.020641 0.032861
85 0.588539 0.365790 0.022271 0.033552
60 0.284085 0.591491 0.027159 0.033898
126 0.803639 0.557247 0.053775 0.033898
541 0.283542 0.518679 0.061923 0.034244
118 0.695817 0.407471 0.021727 0.034590
1435 0.701793 0.675891 0.052146 0.034590
88 0.904400 0.860256 0.054318 0.034590
254 0.184682 0.794362 0.052146 0.034936
1912 0.183324 0.828087 0.052689 0.035282
89 0.703422 0.844517 0.056491 0.035628
96 0.385660 0.286060 0.054318 0.035974
68 0.396524 0.428744 0.011950 0.036320
83 0.286257 0.757177 0.027159 0.036666
110 0.173547 0.234867 0.050516 0.036666
70 0.491852 0.736596 0.050516 0.037011
85 0.487507 0.399862 0.023357 0.037357
118 0.495111 0.497406 0.028789 0.038049
108 0.397610 0.856105 0.034764 0.038049
341 0.695274 0.777932 0.063009 0.038049
118 0.696089 0.642857 0.030961 0.038395
111 0.291146 0.831027 0.032591 0.038395
58 0.281640 0.286925 0.048343 0.038395
501 0.487507 0.361640 0.049430 0.038395
2598 0.600217 0.696645 0.030418 0.038741
2436 0.798479 0.790211 0.060837 0.039087
277 0.803911 0.669319 0.060837 0.039433
87 0.698262 0.577482 0.047257 0.039779
85 0.495383 0.849879 0.027159 0.040125
87 0.794677 0.333449 0.047800 0.040125
71 0.701521 0.443445 0.041825 0.040816
1415 0.804726 0.470425 0.066812 0.040816
2590 0.384302 0.667070 0.042911 0.041162
76 0.278653 0.236942 0.031505 0.041508
62 0.806898 0.625735 0.047257 0.041508
4377 0.491852 0.643376 0.061380 0.041508
4090 0.376697 0.360948 0.054861 0.041854
78 0.900054 0.406434 0.036936 0.042200
58 0.185225 0.751297 0.036936 0.042200
118 0.179250 0.306295 0.024986 0.042546
2917 0.182238 0.652715 0.048343 0.043584
1799 0.888919 0.817364 0.054861 0.043584
1173 0.490223 0.320304 0.066812 0.043584
101 0.495383 0.777413 0.052146 0.043929
296 0.801738 0.849533 0.040196 0.044275
3353 0.900054 0.549983 0.048886 0.044275
118 0.797936 0.385507 0.020641 0.044621
1799 0.373710 0.580768 0.061923 0.044967
259 0.590168 0.237980 0.074416 0.044967
87 0.902499 0.677447 0.045084 0.045313
91 0.589354 0.289000 0.055405 0.046005
1159 0.490766 0.600657 0.057034 0.046697
58 0.899240 0.494466 0.033134 0.047388
752 0.377241 0.240055 0.062466 0.047734
604 0.800923 0.515911 0.045084 0.048080
87 0.691744 0.364753 0.057034 0.048772
2274 0.386203 0.712556 0.057577 0.049118
1560 0.181152 0.608959 0.054861 0.049464
3956 0.286801 0.684365 0.059750 0.049464
268 0.595872 0.326704 0.041282 0.050156
113 0.488593 0.446731 0.059207 0.050156
322 0.595329 0.849014 0.056491 0.050847
4422 0.390820 0.800934 0.054861 0.052231
1894 0.698533 0.244206 0.055405 0.053269
505 0.899511 0.769630 0.032591 0.053961
53 0.896252 0.366309 0.024986 0.054652
2643 0.802281 0.744033 0.057577 0.055344
1799 0.790875 0.276721 0.044541 0.058111
1088 0.697175 0.526116 0.048343 0.058111
1427 0.284900 0.402629 0.050516 0.058111
2615 0.174090 0.481840 0.052689 0.058111
1088 0.284628 0.343480 0.055405 0.058803
505 0.378870 0.528364 0.041825 0.059149
753 0.900869 0.307333 0.070071 0.059149
1502 0.693102 0.305258 0.032591 0.061224
47 0.293590 0.624697 0.043998 0.062262
2889 0.178164 0.545659 0.049973 0.068143
3500 0.892721 0.246800 0.061380 0.068834
1125 0.485334 0.251470 0.042911 0.069872
1297 0.897610 0.612937 0.051602 0.079557
