95 0.698073 0.234353 0.034261 0.013514
76 0.551660 0.174253 0.025161 0.016358
57 0.612955 0.199147 0.026767 0.017070
57 0.762580 0.203058 0.026231 0.017781
126 0.500535 0.185633 0.032120 0.017781
53 0.552730 0.157717 0.015525 0.018137
95 0.547912 0.206792 0.034797 0.018137
83 0.661670 0.263514 0.034261 0.018492
88 0.664347 0.243777 0.019272 0.018848
57 0.550589 0.193279 0.028373 0.019559
2223 0.611349 0.177987 0.033191 0.022404
118 0.698608 0.215505 0.023555 0.024893
4555 0.758833 0.151849 0.044433 0.027027
3032 0.615899 0.150427 0.047645 0.027738
613 0.761242 0.181188 0.044968 0.028805
3749 0.443790 0.198613 0.041756 0.030228
3756 0.696734 0.187945 0.044433 0.030228
