246 0.469736 0.263798 0.047594 0.006514
209 0.654423 0.856188 0.010347 0.007885
209 0.072426 0.510113 0.008277 0.008913
209 0.655975 0.864930 0.011381 0.008913
169 0.667356 0.183750 0.030005 0.009599
209 0.072426 0.490401 0.009312 0.010627
209 0.072944 0.500171 0.010347 0.010970
209 0.750905 0.802194 0.013968 0.010970
209 0.080186 0.185293 0.011381 0.011313
169 0.364459 0.702434 0.032592 0.011656
173 0.072685 0.173809 0.041904 0.012341
209 0.071909 0.521940 0.007243 0.014056
209 0.658562 0.876757 0.014485 0.014056
172 0.471805 0.811622 0.021728 0.014741
101 0.660631 0.396469 0.051733 0.014741
101 0.756337 0.871957 0.057941 0.014741
196 0.756855 0.762427 0.027936 0.015084
200 0.380497 0.146212 0.038800 0.015427
196 0.572426 0.467604 0.022245 0.016455
132 0.379721 0.688378 0.027936 0.016455
172 0.661148 0.652211 0.021728 0.016798
203 0.741335 0.783168 0.037248 0.016798
204 0.656751 0.822935 0.029488 0.017484
193 0.370667 0.130785 0.030523 0.017484
196 0.470771 0.566335 0.028971 0.017827
192 0.566736 0.579362 0.035696 0.017827
132 0.076824 0.320021 0.025349 0.018169
173 0.068805 0.475831 0.042421 0.018512
57 0.468184 0.772197 0.036213 0.018855
52 0.266684 0.165752 0.042938 0.018855
66 0.562080 0.713918 0.029488 0.019541
57 0.273927 0.270141 0.036730 0.019883
128 0.270823 0.780425 0.011899 0.020226
1002 0.670202 0.792424 0.046042 0.020226
76 0.091826 0.549537 0.028453 0.020569
91 0.368598 0.354817 0.032592 0.020569
185 0.657010 0.838876 0.037248 0.020569
77 0.751940 0.742544 0.038800 0.020569
91 0.657786 0.544909 0.036730 0.020912
65 0.474651 0.429551 0.037765 0.021255
52 0.070357 0.350703 0.040352 0.021255
54 0.069064 0.431951 0.049146 0.021255
168 0.377393 0.672095 0.024315 0.021598
56 0.069322 0.372472 0.024832 0.021598
132 0.075530 0.455434 0.026901 0.021598
132 0.469477 0.799623 0.027419 0.021598
132 0.073720 0.204834 0.028453 0.021598
56 0.465856 0.690778 0.023280 0.021940
76 0.263321 0.644155 0.031040 0.021940
168 0.669943 0.168666 0.032074 0.021940
171 0.084325 0.741515 0.036213 0.021940
77 0.762545 0.395269 0.042421 0.021940
56 0.759183 0.424923 0.018107 0.022283
113 0.362907 0.811964 0.048112 0.022283
1002 0.558717 0.838704 0.052768 0.022283
58 0.092861 0.571820 0.032592 0.022626
57 0.663476 0.416867 0.035696 0.022626
52 0.170719 0.562393 0.040352 0.022969
52 0.466115 0.485259 0.041386 0.022969
91 0.368339 0.425437 0.034144 0.023312
92 0.170978 0.360987 0.035696 0.023312
88 0.562597 0.556394 0.048112 0.023312
91 0.759959 0.371786 0.034144 0.023654
56 0.266684 0.372300 0.027419 0.023997
76 0.170202 0.848132 0.036213 0.023997
72 0.264356 0.222832 0.038282 0.023997
70 0.466632 0.545766 0.044490 0.023997
81 0.070357 0.301337 0.045525 0.023997
84 0.071392 0.684265 0.047594 0.023997
1002 0.464304 0.834933 0.055354 0.024340
66 0.654682 0.740144 0.027419 0.024683
57 0.769012 0.171409 0.030523 0.024683
92 0.172012 0.873157 0.034661 0.024683
2223 0.092602 0.133699 0.035178 0.024683
91 0.751164 0.720603 0.037248 0.024683
84 0.170719 0.332876 0.041386 0.024683
72 0.563890 0.414296 0.045525 0.025026
95 0.169167 0.499657 0.045525 0.025026
76 0.763063 0.313678 0.031040 0.025369
132 0.369115 0.839218 0.032592 0.025369
91 0.469477 0.134727 0.040869 0.025369
98 0.753233 0.590675 0.046560 0.025369
127 0.071133 0.868015 0.051216 0.025369
127 0.270305 0.246829 0.054320 0.025369
127 0.658303 0.765513 0.056389 0.025369
88 0.170202 0.701920 0.028971 0.025711
77 0.468960 0.662496 0.043973 0.025711
2223 0.685722 0.133013 0.035696 0.026054
113 0.661666 0.306822 0.044490 0.026054
69 0.371185 0.790710 0.026384 0.026397
132 0.657268 0.601817 0.034661 0.026397
52 0.757113 0.565478 0.036730 0.026397
66 0.562080 0.208091 0.038800 0.026740
111 0.266167 0.715632 0.026384 0.027083
111 0.068805 0.712890 0.028971 0.027083
132 0.663476 0.331334 0.033626 0.027083
93 0.472064 0.291224 0.035696 0.027083
52 0.071133 0.273740 0.037765 0.027083
65 0.368339 0.866130 0.038282 0.027083
77 0.373254 0.261742 0.038800 0.027083
72 0.262545 0.842647 0.037765 0.027425
87 0.657786 0.624957 0.038800 0.027425
1173 0.563114 0.640041 0.046042 0.027425
121 0.568288 0.525883 0.059493 0.027425
111 0.765132 0.345903 0.024832 0.028111
111 0.752975 0.694206 0.026384 0.028111
85 0.369115 0.449777 0.030523 0.028111
74 0.566477 0.494344 0.031040 0.028111
67 0.471547 0.458690 0.041904 0.028111
77 0.659855 0.571135 0.041904 0.028111
127 0.563373 0.736716 0.049664 0.028111
88 0.563890 0.174494 0.050698 0.028111
90 0.750129 0.850017 0.038282 0.028454
316 0.371443 0.231574 0.057941 0.028454
118 0.465339 0.715461 0.022245 0.028797
84 0.170460 0.215975 0.038800 0.028797
67 0.275220 0.134385 0.040352 0.028797
84 0.466891 0.233802 0.047077 0.028797
1579 0.174082 0.300651 0.047077 0.028797
1005 0.753492 0.823792 0.051216 0.028797
107 0.264356 0.806479 0.027936 0.029140
75 0.271857 0.548680 0.039834 0.029140
127 0.266425 0.517484 0.055872 0.029140
119 0.564666 0.353103 0.023280 0.029482
135 0.570098 0.604731 0.025867 0.029482
92 0.063114 0.840247 0.031040 0.029482
87 0.267201 0.491258 0.034661 0.029482
127 0.266943 0.870415 0.051733 0.029482
107 0.168908 0.795166 0.032592 0.029825
74 0.467408 0.598046 0.034661 0.029825
53 0.466891 0.170381 0.020176 0.030168
111 0.565184 0.269455 0.028453 0.030168
107 0.267977 0.190264 0.030005 0.030168
87 0.168908 0.731916 0.034661 0.030168
70 0.365753 0.547480 0.043456 0.030168
316 0.467667 0.749743 0.053802 0.030168
68 0.181066 0.823620 0.007243 0.030511
68 0.266425 0.343332 0.011381 0.030511
85 0.766425 0.246658 0.027419 0.030511
118 0.165804 0.473260 0.029488 0.030511
1439 0.750647 0.660096 0.050698 0.030511
2083 0.368598 0.766027 0.058458 0.030511
53 0.369374 0.326706 0.026901 0.030854
107 0.067253 0.807336 0.026901 0.030854
85 0.169684 0.527597 0.027936 0.030854
58 0.266425 0.753514 0.031040 0.030854
127 0.569840 0.442578 0.058458 0.030854
2598 0.368857 0.484573 0.028971 0.031196
118 0.754268 0.453034 0.031040 0.031196
58 0.657786 0.488173 0.035696 0.031539
55 0.071133 0.777168 0.046042 0.031539
53 0.468184 0.397497 0.021728 0.031882
74 0.171754 0.137299 0.033109 0.031882
366 0.368081 0.389955 0.046042 0.031882
98 0.169167 0.590161 0.050698 0.031882
53 0.565184 0.238601 0.022245 0.032225
3664 0.568029 0.869044 0.050698 0.032225
127 0.475944 0.319164 0.054837 0.032225
107 0.366011 0.514741 0.027419 0.032568
135 0.659855 0.675180 0.028453 0.032568
74 0.068805 0.617929 0.028971 0.032568
86 0.370150 0.639527 0.036730 0.032568
62 0.366787 0.580219 0.041386 0.032568
53 0.661924 0.251286 0.027419 0.032911
121 0.071392 0.652040 0.036213 0.032911
121 0.366011 0.607473 0.036730 0.032911
78 0.463528 0.201577 0.039317 0.032911
60 0.659338 0.519883 0.023280 0.033253
92 0.467667 0.863044 0.026901 0.033253
59 0.175116 0.432808 0.040869 0.033253
92 0.565442 0.766027 0.026901 0.033939
118 0.375065 0.293966 0.032074 0.033939
121 0.464563 0.633356 0.037248 0.033939
2083 0.757113 0.533939 0.052250 0.033939
69 0.671495 0.279397 0.022763 0.034282
702 0.662183 0.450806 0.037248 0.034282
90 0.068546 0.400754 0.046042 0.034282
119 0.170719 0.768084 0.028971 0.034625
3192 0.761252 0.284025 0.047077 0.034625
74 0.070357 0.243058 0.027936 0.034967
74 0.665546 0.217689 0.032592 0.034967
126 0.267460 0.580734 0.043456 0.034967
68 0.266167 0.615358 0.013968 0.035653
779 0.557682 0.809222 0.051733 0.035996
1256 0.365235 0.732945 0.036213 0.036339
107 0.565184 0.385156 0.032592 0.036682
87 0.563632 0.141412 0.037765 0.037367
107 0.467667 0.513198 0.025867 0.037710
121 0.169684 0.177237 0.032074 0.037710
2599 0.169167 0.393555 0.037248 0.037710
3088 0.766167 0.140213 0.053802 0.037710
561 0.165546 0.669695 0.048629 0.038053
1020 0.655199 0.712890 0.053285 0.038053
3045 0.270305 0.309565 0.052250 0.038396
3776 0.166839 0.630442 0.052250 0.038396
914 0.467408 0.361330 0.050181 0.039767
90 0.660372 0.368358 0.057424 0.040110
835 0.259959 0.682379 0.047077 0.040795
4038 0.172012 0.258828 0.048112 0.041138
1827 0.558200 0.678608 0.040352 0.041481
1256 0.756855 0.497429 0.031040 0.042509
3322 0.265649 0.410696 0.037765 0.042509
973 0.754527 0.623072 0.027419 0.043538
3231 0.761769 0.210147 0.049146 0.043881
1444 0.266425 0.453720 0.050698 0.046280
681 0.567512 0.314707 0.042421 0.046623
1325 0.372219 0.190950 0.056389 0.049366
