209 0.829459 0.220728 0.010611 0.006467
246 0.245326 0.570967 0.039919 0.006467
246 0.335776 0.561777 0.045983 0.006467
128 0.534108 0.874404 0.015159 0.007488
209 0.722840 0.762594 0.012633 0.008509
128 0.439363 0.533016 0.013643 0.009530
182 0.533855 0.737066 0.040930 0.011913
101 0.626326 0.254765 0.050025 0.011913
128 0.724356 0.224302 0.016675 0.012253
101 0.434816 0.472260 0.057100 0.012594
209 0.255685 0.411334 0.013138 0.013274
173 0.248863 0.815521 0.036887 0.013615
101 0.242294 0.198775 0.048004 0.013615
120 0.264275 0.358577 0.021223 0.015317
120 0.738504 0.717665 0.020718 0.015997
92 0.141486 0.667631 0.034361 0.015997
203 0.716776 0.744894 0.035877 0.015997
56 0.809500 0.636317 0.023244 0.016678
101 0.721071 0.323179 0.049520 0.016678
64 0.433300 0.515317 0.029813 0.017018
205 0.539414 0.752212 0.033855 0.017018
91 0.145275 0.283186 0.029813 0.017699
64 0.527034 0.857386 0.031329 0.017699
203 0.247600 0.391423 0.035371 0.017699
92 0.625821 0.278421 0.034866 0.018380
120 0.146286 0.641763 0.027792 0.018720
76 0.331986 0.872192 0.029308 0.018720
81 0.144012 0.345643 0.036382 0.018720
77 0.717534 0.647209 0.042446 0.018720
92 0.330470 0.895167 0.032340 0.019061
76 0.241536 0.713751 0.033350 0.019061
203 0.823901 0.206263 0.035877 0.019061
57 0.146791 0.897890 0.038909 0.019061
101 0.239262 0.765487 0.052046 0.019061
57 0.247094 0.214602 0.032340 0.019401
52 0.433047 0.718005 0.037393 0.019401
85 0.331733 0.819946 0.028802 0.019741
57 0.628600 0.331858 0.032340 0.019741
1173 0.262254 0.787611 0.032340 0.019741
92 0.334512 0.224983 0.035371 0.019741
57 0.339565 0.581348 0.035371 0.019741
52 0.709197 0.853302 0.036887 0.019741
86 0.247600 0.617427 0.042446 0.019741
85 0.335270 0.610449 0.029813 0.020082
164 0.252148 0.827944 0.034361 0.020082
57 0.147802 0.533186 0.034866 0.020082
52 0.712734 0.628148 0.034866 0.020082
91 0.622789 0.638359 0.034866 0.020082
81 0.721324 0.207794 0.035877 0.020082
93 0.809247 0.837645 0.050025 0.020422
92 0.735978 0.702008 0.021728 0.020762
92 0.263770 0.343261 0.024255 0.020762
91 0.529055 0.836794 0.033350 0.020762
98 0.621021 0.544588 0.045478 0.021103
117 0.532845 0.450817 0.018696 0.021443
52 0.143002 0.228897 0.034361 0.021443
1173 0.709197 0.870490 0.041940 0.021443
55 0.141486 0.838836 0.046488 0.021443
57 0.245073 0.590878 0.032340 0.021784
81 0.332239 0.672566 0.039919 0.021784
120 0.139970 0.438564 0.026276 0.022124
66 0.142244 0.786760 0.028802 0.022124
76 0.529308 0.548843 0.030824 0.022124
55 0.622789 0.663887 0.041940 0.022124
81 0.623295 0.406909 0.042951 0.022124
52 0.333502 0.144826 0.044467 0.022124
101 0.143507 0.691287 0.051541 0.022464
85 0.808994 0.892614 0.029308 0.022805
91 0.334007 0.307182 0.032340 0.022805
1173 0.540930 0.699966 0.032845 0.022805
501 0.707175 0.893295 0.041940 0.022805
91 0.434563 0.490810 0.035371 0.023145
76 0.624305 0.429374 0.035877 0.023485
83 0.805205 0.686351 0.037898 0.023485
95 0.144517 0.762934 0.041435 0.023485
84 0.335270 0.723451 0.044972 0.023485
85 0.242041 0.739959 0.022233 0.023826
57 0.539919 0.211709 0.033855 0.023826
166 0.154876 0.711879 0.019707 0.024166
95 0.337544 0.168482 0.039414 0.024506
55 0.529560 0.785909 0.047499 0.024506
91 0.432794 0.745916 0.030824 0.024847
76 0.433552 0.383084 0.032340 0.024847
52 0.143507 0.736726 0.035371 0.024847
88 0.437089 0.257318 0.028297 0.025187
66 0.625316 0.148060 0.033855 0.025187
93 0.533350 0.272634 0.041940 0.025187
55 0.240273 0.147039 0.042951 0.025187
66 0.819101 0.181246 0.031329 0.025528
72 0.335018 0.248298 0.038403 0.025528
122 0.526276 0.890231 0.038909 0.025528
52 0.722082 0.144826 0.040424 0.025528
55 0.628348 0.204731 0.044972 0.025528
93 0.810763 0.781824 0.041940 0.025868
113 0.617484 0.809735 0.044467 0.025868
166 0.629106 0.484513 0.020212 0.026208
698 0.334512 0.430395 0.027287 0.026208
171 0.633148 0.454901 0.032340 0.026208
74 0.433300 0.627808 0.033855 0.026208
56 0.432542 0.289483 0.052552 0.026208
105 0.245831 0.174609 0.046993 0.026549
72 0.800657 0.812287 0.039919 0.026889
95 0.723345 0.177502 0.042951 0.026889
88 0.810510 0.584241 0.045478 0.026889
123 0.432036 0.318924 0.023244 0.027229
110 0.426983 0.859428 0.036382 0.027229
115 0.333754 0.336964 0.040930 0.027229
501 0.530571 0.339346 0.043456 0.027229
127 0.627590 0.173587 0.046488 0.027229
119 0.335776 0.397379 0.019707 0.027570
117 0.435826 0.146528 0.026781 0.027570
74 0.147802 0.257488 0.031834 0.027570
107 0.143254 0.812287 0.036887 0.027570
68 0.809247 0.659973 0.009601 0.027910
119 0.435321 0.177672 0.022739 0.027910
88 0.242294 0.475153 0.026781 0.027910
107 0.624305 0.232131 0.027792 0.027910
110 0.432542 0.450306 0.031329 0.027910
1415 0.624811 0.305990 0.046993 0.027910
68 0.142244 0.199966 0.010611 0.028251
85 0.715008 0.560415 0.027287 0.028251
85 0.431531 0.887509 0.028297 0.028251
70 0.337544 0.366406 0.030318 0.028251
87 0.709702 0.824200 0.033855 0.028251
166 0.827438 0.349898 0.021728 0.028591
111 0.141233 0.467325 0.024760 0.028591
57 0.149823 0.590538 0.030824 0.028591
118 0.246337 0.280293 0.028802 0.028931
122 0.618999 0.691116 0.029308 0.028931
76 0.719050 0.344112 0.031329 0.029272
52 0.623800 0.514295 0.035877 0.029272
121 0.530318 0.811436 0.038909 0.029272
53 0.615715 0.837815 0.025771 0.029612
596 0.811521 0.553778 0.035371 0.029952
68 0.240526 0.859769 0.041435 0.029952
107 0.528297 0.511743 0.025771 0.030293
107 0.808742 0.612832 0.025771 0.030293
81 0.328701 0.848026 0.037898 0.030293
122 0.433047 0.557012 0.040424 0.030293
123 0.713997 0.496256 0.018191 0.030633
2885 0.815058 0.421035 0.045478 0.030633
107 0.815311 0.452178 0.023749 0.030973
85 0.808742 0.753744 0.032845 0.030973
88 0.618494 0.891933 0.043456 0.030973
59 0.817079 0.484173 0.044467 0.030973
1173 0.529055 0.306161 0.045478 0.030973
278 0.241789 0.546290 0.019707 0.031314
83 0.335776 0.279782 0.024760 0.031314
111 0.623295 0.571137 0.025771 0.031314
110 0.815058 0.325051 0.040424 0.031314
415 0.529308 0.631892 0.050025 0.031654
2159 0.427489 0.594452 0.052552 0.031654
2590 0.816827 0.292035 0.033855 0.031995
87 0.431531 0.691287 0.038403 0.031995
81 0.430773 0.354323 0.039919 0.031995
60 0.434058 0.654697 0.025265 0.032335
713 0.427236 0.825902 0.030824 0.032335
268 0.718292 0.290844 0.039919 0.032335
51 0.534613 0.188734 0.040424 0.032335
4377 0.147297 0.317733 0.046993 0.032335
51 0.244568 0.249489 0.037393 0.032675
53 0.238757 0.647549 0.026781 0.033016
119 0.334260 0.644146 0.034866 0.033016
51 0.336028 0.200987 0.036382 0.033016
59 0.336786 0.695541 0.038909 0.033016
58 0.142244 0.371681 0.024760 0.033356
121 0.142244 0.615725 0.036887 0.033356
757 0.241536 0.513955 0.047499 0.033356
278 0.333249 0.537270 0.020718 0.033696
126 0.332239 0.793907 0.037898 0.033696
62 0.144012 0.565180 0.043456 0.033696
119 0.528802 0.480599 0.026781 0.034037
121 0.810763 0.518720 0.031834 0.034037
104 0.720061 0.376787 0.041435 0.034037
118 0.237746 0.894997 0.023749 0.034377
3735 0.143002 0.409973 0.037393 0.034377
821 0.805963 0.864874 0.056594 0.034717
53 0.240020 0.313138 0.024255 0.035398
68 0.819859 0.150272 0.015664 0.035739
757 0.334512 0.503914 0.046488 0.035739
68 0.715260 0.675970 0.010611 0.036079
87 0.245831 0.443159 0.038909 0.036079
81 0.711723 0.533016 0.040930 0.036079
2273 0.622031 0.609258 0.041435 0.036079
121 0.719050 0.412526 0.033350 0.036760
3942 0.530066 0.150783 0.053562 0.036760
83 0.713997 0.452859 0.027287 0.037100
3959 0.719050 0.254595 0.046488 0.037440
2237 0.714250 0.598536 0.044972 0.038462
4166 0.333249 0.760211 0.053057 0.038462
365 0.139717 0.507658 0.054068 0.038462
68 0.527287 0.668822 0.011622 0.040163
92 0.532087 0.373043 0.024255 0.040163
1584 0.434816 0.419163 0.037898 0.040504
4775 0.812784 0.720728 0.042951 0.040504
3258 0.814047 0.388359 0.049520 0.040844
121 0.529813 0.239449 0.031834 0.041184
3819 0.335270 0.464942 0.048004 0.041525
1827 0.137443 0.867427 0.036382 0.041865
2885 0.529308 0.415759 0.042951 0.041865
1480 0.707933 0.788632 0.048509 0.042206
68 0.242547 0.686351 0.010106 0.042546
47 0.628853 0.851259 0.031834 0.042886
3741 0.430015 0.787270 0.048509 0.044248
957 0.613694 0.769401 0.048004 0.044588
4775 0.535119 0.588836 0.041435 0.045609
2612 0.818090 0.251702 0.043456 0.045950
4410 0.430773 0.221749 0.053057 0.045950
968 0.622789 0.369809 0.039919 0.050034
48 0.146286 0.157590 0.034866 0.051736
47 0.629358 0.716644 0.036887 0.056161
