246 0.258371 0.463830 0.042411 0.007092
169 0.266741 0.353546 0.031250 0.009929
101 0.688895 0.459929 0.053013 0.012057
188 0.473493 0.798936 0.029576 0.012766
209 0.798270 0.856738 0.011719 0.013475
173 0.800502 0.834043 0.027344 0.013475
52 0.167690 0.742553 0.034040 0.013475
56 0.681362 0.235993 0.022321 0.015248
91 0.263114 0.439184 0.030692 0.015248
132 0.472656 0.818440 0.029018 0.016312
1406 0.468750 0.848404 0.032366 0.016667
101 0.164900 0.416312 0.054129 0.017021
101 0.686942 0.506206 0.052455 0.017376
91 0.371931 0.740071 0.029576 0.017730
1406 0.581752 0.482624 0.040737 0.017730
56 0.370536 0.360461 0.016741 0.018085
57 0.270647 0.894858 0.025670 0.018085
85 0.579799 0.404255 0.026786 0.018440
101 0.263393 0.189362 0.045759 0.018440
56 0.898717 0.857270 0.021763 0.018794
1406 0.582310 0.790957 0.037388 0.018794
52 0.466797 0.260106 0.040737 0.018794
132 0.167132 0.200000 0.025112 0.019149
192 0.583426 0.205319 0.030692 0.019149
57 0.470982 0.348759 0.033482 0.019504
166 0.268694 0.309220 0.021763 0.019858
132 0.795480 0.880496 0.028460 0.019858
193 0.693080 0.827660 0.030134 0.019858
91 0.896484 0.746454 0.035156 0.019858
718 0.715960 0.755142 0.026786 0.020213
132 0.686663 0.277837 0.027344 0.020213
613 0.291574 0.265780 0.038504 0.020213
1810 0.167411 0.623227 0.026786 0.020922
88 0.263393 0.682447 0.042411 0.020922
120 0.261719 0.240780 0.023438 0.021277
56 0.797991 0.631915 0.026786 0.021277
83 0.573661 0.702128 0.036830 0.021277
81 0.368862 0.454255 0.040179 0.021277
698 0.375837 0.826064 0.029576 0.021631
92 0.577288 0.180674 0.041853 0.021631
88 0.167690 0.648759 0.044085 0.021631
91 0.262835 0.114184 0.035714 0.021986
88 0.583147 0.764716 0.025670 0.022340
171 0.693359 0.731738 0.026228 0.022340
91 0.582310 0.853369 0.034040 0.022340
252 0.683315 0.338830 0.037388 0.022340
1579 0.260882 0.873936 0.046317 0.022340
204 0.696987 0.804965 0.020089 0.022695
66 0.892578 0.691489 0.028460 0.022695
84 0.685547 0.479787 0.037388 0.022695
99 0.684431 0.524113 0.048549 0.022695
140 0.263114 0.334929 0.032924 0.023050
91 0.895368 0.442730 0.032924 0.023050
77 0.688337 0.705142 0.038504 0.023050
52 0.367746 0.171809 0.042411 0.023050
547 0.793806 0.686702 0.042969 0.023050
66 0.260603 0.632624 0.024554 0.023404
613 0.820312 0.784752 0.034598 0.023404
61 0.900391 0.664894 0.038504 0.023404
88 0.791853 0.474468 0.040179 0.023404
259 0.367467 0.551418 0.048549 0.023404
110 0.894252 0.599113 0.040737 0.023759
88 0.369699 0.578901 0.042969 0.023759
55 0.684710 0.117553 0.043527 0.023759
49 0.264788 0.770922 0.012835 0.024113
118 0.165737 0.365603 0.014509 0.024113
56 0.467913 0.582979 0.020647 0.024113
111 0.263951 0.707092 0.023438 0.024113
66 0.463728 0.111348 0.025670 0.024113
120 0.373047 0.631915 0.029576 0.024113
252 0.374442 0.418794 0.032366 0.024113
55 0.686663 0.308511 0.045201 0.024113
76 0.789342 0.122518 0.027344 0.024468
148 0.687221 0.259752 0.028460 0.024468
126 0.171875 0.889894 0.031250 0.024468
55 0.467355 0.455496 0.039621 0.024468
85 0.690290 0.622340 0.022321 0.024823
76 0.159877 0.480496 0.030692 0.024823
127 0.270647 0.656738 0.054688 0.024823
68 0.369141 0.228901 0.008371 0.025177
77 0.474609 0.557270 0.041853 0.025177
547 0.691406 0.678191 0.050223 0.025177
76 0.263114 0.843617 0.029576 0.025532
88 0.165179 0.274823 0.033482 0.025532
67 0.466518 0.233688 0.037946 0.025532
126 0.791574 0.370922 0.038504 0.025532
83 0.789062 0.567199 0.029018 0.025887
88 0.578683 0.579965 0.031250 0.025887
126 0.259208 0.533511 0.036272 0.025887
55 0.690011 0.650532 0.040737 0.025887
88 0.893415 0.237057 0.047991 0.025887
4260 0.263672 0.410993 0.026228 0.026241
66 0.362723 0.145390 0.027902 0.026241
72 0.681083 0.430851 0.037388 0.026241
84 0.578125 0.379433 0.040179 0.026241
119 0.691127 0.592021 0.023996 0.026596
66 0.791016 0.503014 0.027344 0.026596
111 0.163783 0.304255 0.027344 0.026950
76 0.466518 0.773404 0.031250 0.026950
1083 0.375558 0.801064 0.031250 0.026950
113 0.157924 0.173404 0.046875 0.026950
68 0.587054 0.672518 0.007812 0.027305
119 0.791853 0.757624 0.025670 0.027305
166 0.371652 0.263475 0.015625 0.027660
74 0.159598 0.117021 0.034598 0.027660
84 0.464286 0.175177 0.034598 0.027660
127 0.695312 0.212943 0.068080 0.028014
118 0.792690 0.656383 0.018415 0.028369
135 0.582868 0.233333 0.030692 0.028369
126 0.894531 0.541844 0.035714 0.028369
251 0.895089 0.473404 0.036830 0.028369
98 0.166295 0.766667 0.042411 0.028369
70 0.467634 0.321986 0.046875 0.028369
118 0.466239 0.609752 0.020647 0.028723
626 0.164062 0.509397 0.036830 0.028723
77 0.583984 0.455319 0.035156 0.029078
2151 0.574498 0.115248 0.044085 0.029078
107 0.468471 0.711525 0.023996 0.029433
2395 0.375837 0.854433 0.037388 0.029433
107 0.463170 0.139894 0.039062 0.029433
672 0.577009 0.513652 0.049107 0.029433
58 0.790179 0.191489 0.024554 0.029787
51 0.375558 0.609574 0.034598 0.029787
4109 0.693080 0.888298 0.044643 0.029787
68 0.471819 0.741667 0.010603 0.030142
119 0.473493 0.681738 0.023996 0.030142
119 0.897042 0.720745 0.023996 0.030142
68 0.895089 0.571809 0.043527 0.030142
2083 0.171038 0.711879 0.047433 0.030142
495 0.790179 0.341312 0.059152 0.030142
87 0.368583 0.336170 0.038504 0.030496
3031 0.895926 0.408511 0.048549 0.030496
87 0.367188 0.116489 0.034598 0.030851
118 0.368304 0.388298 0.023438 0.031206
1811 0.692243 0.856738 0.031808 0.031206
2223 0.264788 0.603901 0.050781 0.031206
119 0.163225 0.151241 0.020647 0.031560
3754 0.368304 0.300887 0.033482 0.031560
87 0.578962 0.309043 0.034040 0.031560
490 0.474330 0.885638 0.035714 0.031560
3735 0.371652 0.521809 0.040179 0.031560
978 0.793806 0.154078 0.042969 0.031560
330 0.901786 0.887943 0.031250 0.031915
1256 0.167132 0.681206 0.038504 0.031915
87 0.793806 0.225177 0.041853 0.031915
107 0.580915 0.641312 0.024554 0.032270
1559 0.584542 0.611525 0.042969 0.032270
2529 0.376674 0.772163 0.054688 0.032270
107 0.467076 0.283688 0.023438 0.032624
1185 0.888114 0.510284 0.038504 0.032624
1083 0.895647 0.204610 0.039062 0.032624
65 0.469587 0.204610 0.040737 0.032624
90 0.158482 0.390780 0.044643 0.032624
3024 0.468750 0.486348 0.049107 0.032979
322 0.467634 0.376596 0.045759 0.033333
68 0.163783 0.335993 0.046317 0.033688
2151 0.261440 0.383156 0.046317 0.033688
2167 0.266462 0.741312 0.050781 0.033688
323 0.581194 0.546986 0.061942 0.033688
4260 0.577009 0.147518 0.025670 0.034043
545 0.581194 0.275532 0.049665 0.034043
1193 0.254464 0.213121 0.050223 0.034043
846 0.266741 0.807447 0.052455 0.034043
83 0.368304 0.481738 0.017857 0.034397
107 0.366908 0.195213 0.027344 0.034397
1584 0.169922 0.799823 0.032924 0.034397
127 0.693917 0.367553 0.065290 0.034397
3032 0.171596 0.853546 0.046317 0.034752
1304 0.898996 0.781383 0.045759 0.035106
2432 0.793806 0.262589 0.047433 0.035106
87 0.684710 0.402837 0.033482 0.035461
4185 0.380580 0.886879 0.050223 0.035461
4189 0.900391 0.632447 0.049665 0.035816
505 0.157924 0.591489 0.037946 0.036170
3085 0.687500 0.560993 0.044643 0.036170
1912 0.470703 0.525000 0.036272 0.036525
2191 0.588170 0.817553 0.041295 0.036525
3800 0.587612 0.735106 0.050223 0.036879
978 0.897600 0.121631 0.047433 0.037589
4219 0.377511 0.705674 0.054129 0.037589
127 0.593192 0.430674 0.069196 0.037943
3322 0.892857 0.318440 0.027902 0.038298
718 0.682478 0.152482 0.033482 0.038298
296 0.579520 0.349823 0.029576 0.038652
998 0.793527 0.602837 0.037946 0.039007
2479 0.794364 0.405674 0.044085 0.039007
2179 0.582310 0.887234 0.047433 0.039007
3032 0.266462 0.569149 0.057478 0.039716
681 0.468192 0.647695 0.041295 0.040780
3381 0.793806 0.299291 0.030692 0.041135
63 0.797154 0.537411 0.045201 0.041489
2718 0.370815 0.667021 0.035156 0.041844
1917 0.788504 0.720922 0.037946 0.041844
296 0.162946 0.446631 0.029018 0.042199
4445 0.894810 0.277837 0.044085 0.042199
577 0.258650 0.155496 0.047433 0.042908
1584 0.792690 0.443617 0.028460 0.043262
1842 0.469866 0.415957 0.050223 0.043262
3142 0.893415 0.364539 0.035714 0.044681
2918 0.900112 0.821986 0.037946 0.044681
1270 0.892020 0.163475 0.048549 0.045390
976 0.163504 0.236702 0.037946 0.045745
340 0.262277 0.496986 0.050223 0.047163
3818 0.163504 0.548227 0.047991 0.049645
