246 0.379570 0.883275 0.040860 0.005282
169 0.797849 0.291901 0.035484 0.010563
132 0.693548 0.160035 0.021505 0.011620
205 0.808602 0.276232 0.030108 0.013028
91 0.310484 0.532218 0.022043 0.013732
188 0.284946 0.569894 0.032258 0.013732
56 0.483333 0.682042 0.018280 0.014085
166 0.601882 0.820070 0.017742 0.014789
196 0.591935 0.193838 0.019355 0.015141
101 0.585753 0.648592 0.048925 0.015493
101 0.581720 0.801761 0.050538 0.015493
132 0.890591 0.249648 0.024194 0.016197
92 0.583065 0.783803 0.036022 0.016197
92 0.179570 0.243486 0.035484 0.016549
120 0.380914 0.778521 0.023118 0.016901
76 0.171774 0.870070 0.027419 0.016901
57 0.491398 0.417254 0.031183 0.016901
65 0.287634 0.792606 0.035484 0.016901
205 0.704032 0.258099 0.039247 0.016901
179 0.693817 0.242430 0.023118 0.017254
205 0.910215 0.199120 0.037634 0.017958
81 0.683871 0.904049 0.043011 0.017958
132 0.595968 0.238732 0.019892 0.018310
57 0.692473 0.499824 0.034409 0.018662
57 0.388441 0.546127 0.032796 0.019718
101 0.380645 0.195070 0.038710 0.019718
55 0.175538 0.712324 0.039247 0.019718
1406 0.180645 0.267782 0.033333 0.020070
123 0.310484 0.513028 0.017742 0.020423
91 0.178226 0.331690 0.028495 0.020423
91 0.282258 0.184859 0.034409 0.020423
76 0.585484 0.172007 0.029032 0.020775
120 0.894355 0.178873 0.020968 0.021127
148 0.597312 0.219718 0.027957 0.021127
57 0.291935 0.261620 0.027957 0.021127
91 0.587366 0.902113 0.031720 0.021127
120 0.883871 0.643486 0.024731 0.021479
57 0.688710 0.882923 0.032258 0.021479
52 0.281989 0.836444 0.039247 0.021479
117 0.488441 0.287676 0.023118 0.021831
57 0.386290 0.903521 0.034946 0.021831
101 0.380645 0.423944 0.043011 0.021831
1002 0.781989 0.901761 0.065054 0.021831
91 0.786559 0.794190 0.038710 0.022183
81 0.788172 0.654049 0.040860 0.022183
84 0.587634 0.672359 0.044086 0.022887
101 0.888710 0.400528 0.046237 0.022887
56 0.481452 0.853873 0.018817 0.023239
120 0.584946 0.760563 0.019355 0.023239
84 0.684140 0.758099 0.045699 0.023239
127 0.286559 0.726408 0.058065 0.023239
111 0.683602 0.780810 0.024194 0.023592
57 0.691667 0.665669 0.027419 0.023592
55 0.288978 0.427993 0.045699 0.023592
84 0.686828 0.358979 0.051075 0.023592
120 0.382258 0.567254 0.017204 0.023944
132 0.284140 0.591549 0.025269 0.023944
111 0.174194 0.810563 0.029032 0.023944
67 0.290054 0.813028 0.037097 0.023944
81 0.683871 0.529225 0.040860 0.023944
88 0.380376 0.674120 0.044624 0.024296
92 0.181183 0.137148 0.045161 0.024296
66 0.284409 0.453521 0.024731 0.024648
126 0.378763 0.597535 0.044624 0.024648
101 0.285215 0.478521 0.051075 0.024648
81 0.785215 0.818838 0.040323 0.025000
88 0.482796 0.580106 0.044086 0.025000
52 0.587366 0.565845 0.038172 0.025352
119 0.590054 0.343838 0.019892 0.025704
119 0.176613 0.398415 0.023118 0.025704
76 0.684409 0.578697 0.026882 0.025704
111 0.583602 0.697711 0.028495 0.025704
55 0.589247 0.288908 0.047312 0.025704
58 0.781720 0.844718 0.027957 0.026056
83 0.377957 0.448592 0.030108 0.026056
86 0.387366 0.217606 0.033871 0.026056
58 0.687097 0.553521 0.037634 0.026056
501 0.487097 0.175000 0.040860 0.026056
126 0.288710 0.393310 0.043011 0.026056
55 0.384409 0.140493 0.044086 0.026056
111 0.687903 0.384331 0.028495 0.026408
83 0.280914 0.311796 0.036022 0.026408
92 0.583602 0.593134 0.022043 0.027113
132 0.888978 0.701232 0.024194 0.027113
77 0.790591 0.524824 0.039247 0.027113
88 0.174194 0.785739 0.043011 0.027113
108 0.482258 0.794718 0.019355 0.027465
85 0.383602 0.348944 0.023118 0.027465
718 0.711559 0.198239 0.026344 0.027465
1365 0.612097 0.419366 0.027419 0.027465
87 0.182527 0.163380 0.032796 0.027465
77 0.894086 0.226056 0.046237 0.027465
127 0.485215 0.871479 0.053226 0.027465
293 0.584946 0.842430 0.024731 0.027817
55 0.488978 0.355810 0.041398 0.027817
66 0.281720 0.701056 0.026882 0.028169
70 0.284677 0.900352 0.033871 0.028169
501 0.281452 0.672535 0.037097 0.028169
77 0.691935 0.136620 0.044086 0.028169
87 0.180376 0.519190 0.034946 0.028521
1401 0.586559 0.871303 0.044086 0.028521
111 0.381720 0.246831 0.022581 0.028873
66 0.176882 0.647535 0.029032 0.028873
132 0.788978 0.591549 0.031720 0.028873
91 0.887097 0.339437 0.034409 0.028873
185 0.799462 0.254930 0.035484 0.028873
87 0.888710 0.674296 0.036559 0.028873
81 0.482258 0.827817 0.039785 0.028873
88 0.886828 0.464437 0.044624 0.028873
2151 0.685753 0.698239 0.046774 0.028873
51 0.176882 0.845599 0.038710 0.029225
119 0.489247 0.313732 0.016129 0.029577
76 0.780645 0.870423 0.025806 0.029577
1365 0.816129 0.206338 0.032258 0.029577
51 0.384677 0.521479 0.038172 0.029577
2555 0.886022 0.543310 0.044086 0.029577
1282 0.586290 0.469014 0.050000 0.029577
81 0.381183 0.320951 0.038710 0.029930
571 0.484409 0.256866 0.051613 0.029930
72 0.791129 0.139789 0.046774 0.030282
3754 0.483602 0.499824 0.037097 0.030634
111 0.380376 0.168662 0.023118 0.030986
107 0.282258 0.867958 0.024731 0.030986
87 0.790054 0.559507 0.038172 0.030986
1493 0.683065 0.856338 0.041398 0.030986
1282 0.587634 0.317606 0.047312 0.030986
1282 0.585753 0.735211 0.050000 0.030986
3192 0.379570 0.708979 0.043011 0.031338
437 0.376613 0.638204 0.053226 0.031338
85 0.483065 0.900704 0.026344 0.031690
4064 0.177151 0.361620 0.038172 0.031690
126 0.890054 0.579577 0.043548 0.031690
1799 0.681720 0.332042 0.049462 0.031690
254 0.791935 0.326585 0.044086 0.032042
75 0.183333 0.678697 0.036559 0.032746
54 0.482796 0.653697 0.040860 0.032746
119 0.281183 0.289437 0.024731 0.033099
121 0.586828 0.500352 0.031720 0.033099
1493 0.786828 0.763380 0.044624 0.033099
127 0.797043 0.168310 0.051075 0.033099
90 0.583065 0.623768 0.038172 0.033451
1690 0.481183 0.763908 0.054839 0.033451
316 0.886828 0.432218 0.060753 0.033451
53 0.689247 0.642958 0.019355 0.033803
85 0.590323 0.532923 0.023656 0.034155
118 0.690860 0.608979 0.029032 0.034155
1799 0.681452 0.727289 0.041398 0.034155
69 0.384946 0.289613 0.043011 0.034155
485 0.488710 0.217958 0.045161 0.034507
90 0.887097 0.371479 0.051613 0.034507
278 0.380108 0.851937 0.021505 0.034859
2885 0.383065 0.485211 0.034946 0.035211
1113 0.281720 0.760563 0.039785 0.035211
110 0.790054 0.496303 0.032796 0.035563
107 0.881989 0.897711 0.032796 0.035563
2885 0.886828 0.614437 0.043548 0.035915
1834 0.882796 0.778873 0.048387 0.035915
119 0.175000 0.895951 0.026344 0.036268
98 0.787903 0.624120 0.043548 0.036268
70 0.483333 0.618662 0.035484 0.036620
1088 0.179570 0.298768 0.049462 0.036972
2179 0.278495 0.224472 0.061290 0.036972
757 0.378495 0.815493 0.045161 0.037324
4196 0.895161 0.296127 0.054839 0.037324
3665 0.881452 0.860387 0.036022 0.037676
1193 0.376344 0.750880 0.045161 0.037676
58 0.588172 0.142254 0.030108 0.038028
90 0.480376 0.717958 0.046774 0.038028
1439 0.172581 0.564085 0.048387 0.038028
2255 0.883871 0.822711 0.048387 0.038380
918 0.381720 0.393486 0.049462 0.038380
3153 0.892204 0.504577 0.034946 0.038732
1505 0.786290 0.725352 0.036022 0.038732
2191 0.182796 0.741901 0.045161 0.038732
505 0.686022 0.295951 0.023656 0.039085
385 0.175806 0.485739 0.043011 0.039085
718 0.484140 0.388908 0.044624 0.039085
3229 0.481720 0.547535 0.049462 0.039437
2590 0.788441 0.459683 0.027419 0.039789
1505 0.683871 0.817606 0.033333 0.040845
1373 0.881720 0.740141 0.043011 0.040845
1020 0.176613 0.212324 0.055376 0.040845
1365 0.281452 0.633275 0.041398 0.041197
1365 0.485484 0.141725 0.045161 0.041197
1493 0.687903 0.470423 0.042473 0.041549
1505 0.686559 0.426585 0.035484 0.041901
47 0.602957 0.252465 0.026344 0.043662
3712 0.285484 0.356690 0.050538 0.043662
2191 0.288441 0.146479 0.040323 0.044366
4336 0.482258 0.461444 0.044086 0.044718
1196 0.786290 0.366549 0.047849 0.045070
1193 0.888172 0.146831 0.050538 0.045070
3925 0.175806 0.602113 0.040860 0.045775
1560 0.178495 0.443134 0.036559 0.048239
2612 0.787366 0.414085 0.042473 0.050000
47 0.800806 0.678697 0.036022 0.051761
47 0.593280 0.371479 0.033871 0.056338
