120 0.578689 0.829672 0.021858 0.017085
297 0.272131 0.884240 0.050273 0.017434
92 0.162568 0.788006 0.037705 0.018131
132 0.476230 0.881974 0.023497 0.018480
55 0.781421 0.847803 0.044809 0.018480
193 0.787978 0.316597 0.029508 0.018828
52 0.781694 0.665272 0.038798 0.018828
52 0.158470 0.535042 0.037158 0.019177
113 0.573770 0.442992 0.046995 0.019177
101 0.577869 0.811541 0.050820 0.019177
56 0.579508 0.852162 0.020219 0.019526
56 0.878962 0.660565 0.020219 0.019874
91 0.878142 0.780858 0.031694 0.019874
91 0.575410 0.417190 0.033880 0.019874
57 0.681967 0.380056 0.038251 0.020223
113 0.151639 0.236576 0.046448 0.020572
76 0.878142 0.163180 0.027322 0.020921
134 0.784699 0.291318 0.020765 0.021269
76 0.677869 0.847106 0.027869 0.021269
56 0.679508 0.231172 0.025683 0.021618
113 0.473497 0.859833 0.040984 0.021618
101 0.258197 0.277894 0.053005 0.021618
56 0.159290 0.556311 0.021311 0.021967
56 0.876776 0.342573 0.025683 0.021967
91 0.475956 0.751569 0.032787 0.021967
113 0.471311 0.641736 0.042077 0.021967
81 0.370492 0.756450 0.043716 0.021967
57 0.578415 0.211994 0.033333 0.022315
52 0.577322 0.649930 0.035519 0.022315
98 0.879235 0.603905 0.040437 0.022315
171 0.893169 0.511332 0.031148 0.022664
2223 0.811475 0.254358 0.032787 0.022664
67 0.172951 0.667887 0.044262 0.022664
55 0.258470 0.126743 0.044809 0.022664
68 0.686066 0.823919 0.009290 0.023013
91 0.678415 0.488145 0.031148 0.023013
2223 0.288525 0.328626 0.032787 0.023361
77 0.575956 0.247385 0.039344 0.023361
88 0.785792 0.823570 0.027322 0.023710
126 0.271585 0.856346 0.042623 0.023710
52 0.879781 0.484135 0.041530 0.024059
83 0.374590 0.881625 0.042077 0.024059
49 0.467760 0.478731 0.016393 0.024407
132 0.267213 0.455370 0.025137 0.024407
101 0.571858 0.189331 0.057377 0.024407
120 0.879508 0.318863 0.019126 0.024756
132 0.156011 0.476116 0.028962 0.024756
74 0.265027 0.374303 0.034973 0.024756
613 0.713115 0.864540 0.041530 0.024756
83 0.166940 0.880230 0.044262 0.024756
113 0.262022 0.430439 0.046448 0.024756
3032 0.286885 0.307880 0.039344 0.025105
2151 0.877596 0.718968 0.044809 0.025105
107 0.680601 0.801081 0.026776 0.025453
66 0.473770 0.584554 0.028415 0.025453
68 0.574590 0.390167 0.010383 0.026499
60 0.256011 0.151674 0.035519 0.026499
88 0.476503 0.837169 0.040437 0.026499
127 0.577322 0.270921 0.053005 0.026499
68 0.475410 0.666492 0.012022 0.026848
91 0.675683 0.127441 0.033333 0.026848
119 0.270765 0.794282 0.021311 0.027197
84 0.781694 0.755230 0.040984 0.027197
84 0.263115 0.612622 0.044262 0.027197
74 0.474863 0.726813 0.031694 0.027545
88 0.363661 0.497385 0.040984 0.027545
166 0.882240 0.546025 0.021311 0.027894
76 0.471038 0.694212 0.029508 0.027894
3032 0.809563 0.230823 0.037705 0.027894
88 0.580874 0.724372 0.025137 0.028243
111 0.264208 0.639296 0.030055 0.028243
88 0.367486 0.696827 0.039891 0.028243
55 0.678415 0.310495 0.044262 0.028243
83 0.463115 0.396444 0.034426 0.028591
70 0.267486 0.735007 0.048634 0.028591
1102 0.675410 0.700488 0.061202 0.028591
123 0.781967 0.695781 0.024044 0.028940
253 0.261749 0.537831 0.040437 0.028940
55 0.575683 0.127092 0.050820 0.028940
111 0.678142 0.668061 0.028415 0.029289
111 0.578962 0.752092 0.031148 0.029289
87 0.157104 0.296722 0.036612 0.029289
113 0.154918 0.448745 0.043169 0.029289
84 0.674044 0.593096 0.043169 0.029289
3296 0.270219 0.824268 0.056284 0.029289
111 0.466393 0.241457 0.032240 0.029637
52 0.880055 0.577580 0.035519 0.029637
126 0.882240 0.880579 0.047541 0.029637
53 0.264754 0.706241 0.024590 0.030335
4064 0.268852 0.766911 0.040437 0.030335
81 0.368033 0.853382 0.043169 0.030335
55 0.466120 0.126046 0.049180 0.030335
127 0.787158 0.423815 0.063934 0.030335
87 0.577596 0.622734 0.033880 0.030683
111 0.781421 0.600593 0.028415 0.031032
70 0.576230 0.502615 0.028962 0.031032
1083 0.882240 0.849895 0.033333 0.031032
87 0.159016 0.509589 0.036066 0.031032
68 0.676776 0.204498 0.036612 0.031032
88 0.467213 0.210077 0.037158 0.031032
1415 0.472951 0.552824 0.045355 0.031032
3192 0.573224 0.784693 0.046995 0.031032
98 0.151366 0.204847 0.052459 0.031032
541 0.160656 0.759937 0.053552 0.031032
127 0.167760 0.694386 0.056831 0.031032
68 0.166667 0.851116 0.012022 0.031381
1083 0.679235 0.562413 0.031694 0.031381
62 0.781694 0.163180 0.046448 0.031381
119 0.479781 0.808054 0.017486 0.031729
72 0.257104 0.250872 0.038798 0.031729
1933 0.153279 0.128487 0.054098 0.031729
87 0.369945 0.729079 0.036066 0.032078
79 0.162022 0.422943 0.042077 0.032078
75 0.365301 0.330544 0.045355 0.032775
72 0.469945 0.614017 0.050273 0.032775
107 0.570219 0.159170 0.028962 0.033124
86 0.366940 0.256450 0.037705 0.033124
118 0.577869 0.878661 0.024590 0.033473
107 0.268579 0.673989 0.030055 0.033473
1799 0.873224 0.749651 0.049180 0.033473
87 0.259836 0.217748 0.033333 0.033821
333 0.476776 0.783647 0.054098 0.033821
1607 0.877869 0.632497 0.046448 0.034170
2134 0.785246 0.528591 0.048087 0.034170
2748 0.677322 0.452580 0.049727 0.034170
53 0.152459 0.264819 0.019672 0.034519
2707 0.780055 0.494596 0.030055 0.034519
87 0.881421 0.454498 0.032787 0.034519
3192 0.467213 0.319212 0.042623 0.034519
4377 0.783060 0.459379 0.049180 0.034519
366 0.877869 0.202755 0.049727 0.034519
2208 0.162295 0.817817 0.050273 0.034519
118 0.154098 0.584728 0.022951 0.034868
68 0.683333 0.768828 0.036612 0.034868
51 0.780328 0.128661 0.037158 0.034868
2820 0.152186 0.337169 0.055191 0.034868
923 0.677869 0.735007 0.055191 0.034868
127 0.261749 0.180265 0.057923 0.034868
119 0.266120 0.404114 0.022951 0.035565
87 0.783333 0.637727 0.037705 0.035565
2748 0.881694 0.380404 0.054098 0.035565
4090 0.368033 0.820607 0.036612 0.035914
3800 0.781421 0.792713 0.056831 0.035914
83 0.774317 0.195955 0.025137 0.036262
1022 0.358743 0.172245 0.051913 0.036262
1834 0.881694 0.238494 0.053005 0.036262
53 0.576503 0.470711 0.018579 0.036960
3754 0.466393 0.281032 0.038798 0.036960
2191 0.788798 0.873954 0.044262 0.037308
3984 0.360109 0.659170 0.049180 0.037308
83 0.368579 0.786611 0.020219 0.037657
1598 0.677869 0.416318 0.043169 0.037657
2555 0.577869 0.690725 0.054098 0.037657
4090 0.148361 0.169979 0.040984 0.038006
3735 0.363934 0.376046 0.043716 0.038006
846 0.572951 0.355823 0.049727 0.038006
121 0.880601 0.417713 0.034426 0.038354
2820 0.678142 0.634937 0.046995 0.038354
62 0.783880 0.730649 0.037705 0.038703
2710 0.362568 0.538180 0.039891 0.038703
3153 0.581421 0.586297 0.042623 0.038703
118 0.874590 0.689331 0.022404 0.039052
1893 0.358470 0.128661 0.048087 0.039052
68 0.158470 0.376046 0.010929 0.039400
505 0.160383 0.725767 0.026776 0.039400
53 0.357923 0.293933 0.024044 0.039749
107 0.879508 0.132497 0.030055 0.039749
2913 0.783880 0.565900 0.035519 0.039749
71 0.367486 0.462343 0.051913 0.039749
1159 0.365847 0.627441 0.049727 0.040098
1401 0.471038 0.522141 0.045902 0.040795
4316 0.879781 0.813459 0.051366 0.041144
2338 0.678962 0.346583 0.051913 0.041144
2179 0.674044 0.161611 0.062842 0.041492
3813 0.363115 0.578278 0.048634 0.042190
2356 0.468033 0.444909 0.047541 0.042538
368 0.572404 0.546374 0.048634 0.043933
1666 0.363661 0.419456 0.058470 0.043933
68 0.677049 0.270746 0.009836 0.044282
68 0.470219 0.359833 0.012568 0.044630
322 0.262022 0.494770 0.047541 0.044630
3045 0.362842 0.217748 0.044809 0.044979
1114 0.269126 0.576360 0.042077 0.045328
2338 0.468852 0.164400 0.049180 0.045676
1128 0.675137 0.523710 0.054098 0.046025
2473 0.160383 0.630056 0.058470 0.047420
2473 0.780055 0.354951 0.063934 0.048815
1917 0.881421 0.281555 0.049180 0.049163
47 0.578415 0.308229 0.039891 0.055788
