169 0.401550 0.895797 0.027907 0.008757
162 0.401550 0.725569 0.022739 0.012960
101 0.696382 0.183713 0.054264 0.013660
56 0.496124 0.785814 0.019638 0.014361
92 0.778811 0.891068 0.032041 0.014711
101 0.685788 0.778459 0.044444 0.015061
162 0.791731 0.725744 0.022739 0.015412
101 0.395349 0.861996 0.059948 0.015412
56 0.594832 0.142732 0.016537 0.015762
252 0.203876 0.805779 0.056331 0.015762
56 0.788372 0.369877 0.018088 0.016112
120 0.202326 0.275306 0.020155 0.016112
162 0.597416 0.405604 0.018605 0.016813
56 0.685530 0.550263 0.020155 0.017513
205 0.409819 0.376182 0.034109 0.017513
52 0.691473 0.300525 0.035142 0.017513
57 0.299483 0.816462 0.035659 0.017513
168 0.401292 0.880385 0.019121 0.017863
101 0.203359 0.323468 0.059432 0.018564
57 0.689406 0.673205 0.035142 0.018914
101 0.098966 0.293520 0.051163 0.018914
57 0.785788 0.779159 0.028424 0.019264
76 0.682687 0.653415 0.032041 0.019264
101 0.393798 0.674781 0.052713 0.019264
64 0.101034 0.209107 0.027390 0.019615
76 0.493540 0.858844 0.031008 0.019615
162 0.303618 0.704904 0.020155 0.019965
132 0.401809 0.810333 0.020155 0.019965
56 0.296124 0.518914 0.020672 0.019965
88 0.785788 0.643082 0.022222 0.020315
56 0.589922 0.780385 0.021189 0.021016
132 0.695349 0.398074 0.022222 0.021366
91 0.785530 0.583713 0.032041 0.021366
57 0.302584 0.614711 0.030491 0.021716
76 0.492765 0.649387 0.033592 0.021716
76 0.781654 0.708231 0.035659 0.021716
134 0.696641 0.413485 0.015504 0.022067
56 0.691214 0.347636 0.023256 0.022067
76 0.588630 0.669527 0.025840 0.022067
76 0.695090 0.243783 0.033075 0.022417
113 0.494832 0.594046 0.042894 0.022417
132 0.202067 0.549037 0.023773 0.022767
76 0.296124 0.681436 0.033075 0.022767
91 0.202067 0.779159 0.036176 0.022767
120 0.100775 0.513835 0.019638 0.023117
56 0.397933 0.119615 0.022739 0.023468
83 0.291214 0.727320 0.041860 0.023468
66 0.780362 0.847636 0.026873 0.023818
62 0.784755 0.751664 0.032558 0.023818
76 0.298191 0.889667 0.036176 0.023818
77 0.205685 0.864448 0.038243 0.023818
76 0.793798 0.269527 0.026873 0.024168
101 0.098191 0.865149 0.049612 0.024518
68 0.684496 0.630998 0.013953 0.024869
120 0.396641 0.620841 0.020155 0.024869
132 0.204651 0.220841 0.028941 0.024869
76 0.393798 0.356042 0.034109 0.024869
77 0.790698 0.349037 0.040310 0.024869
91 0.201034 0.889142 0.040310 0.024869
113 0.097674 0.696147 0.044444 0.024869
126 0.795090 0.119264 0.049096 0.024869
72 0.589147 0.262697 0.038243 0.025219
113 0.394057 0.783187 0.039793 0.025219
85 0.593282 0.313660 0.018605 0.025569
119 0.592506 0.201926 0.021189 0.025569
76 0.098450 0.384063 0.027390 0.025569
132 0.098708 0.721891 0.026873 0.025919
77 0.103618 0.887916 0.041860 0.025919
2748 0.294832 0.840630 0.051163 0.025919
127 0.596382 0.287916 0.051680 0.025919
76 0.399483 0.144834 0.032041 0.026270
77 0.201809 0.753940 0.041860 0.026270
718 0.518605 0.682662 0.025323 0.026620
126 0.296124 0.231874 0.051680 0.026620
60 0.791473 0.484238 0.026357 0.026970
83 0.095866 0.316813 0.031525 0.026970
110 0.098708 0.839054 0.037209 0.026970
90 0.391990 0.839054 0.043928 0.026970
74 0.200775 0.468651 0.031525 0.027320
127 0.780103 0.873205 0.049096 0.027320
118 0.788889 0.392119 0.017054 0.027671
85 0.102584 0.119965 0.027390 0.027671
76 0.498191 0.232750 0.032041 0.027671
83 0.590181 0.592469 0.037209 0.027671
547 0.691214 0.526970 0.044961 0.027671
113 0.202326 0.194571 0.045995 0.027671
1261 0.299483 0.791419 0.048062 0.027671
83 0.495090 0.451489 0.041344 0.028021
1261 0.202584 0.617863 0.044444 0.028021
547 0.495866 0.485114 0.045995 0.028021
119 0.202326 0.497023 0.017054 0.028722
107 0.682429 0.849737 0.025323 0.028722
72 0.393540 0.647285 0.039793 0.028722
58 0.594057 0.427846 0.028424 0.029072
111 0.202584 0.680736 0.028941 0.029072
88 0.395866 0.549737 0.045478 0.029072
118 0.295607 0.543608 0.021705 0.029422
118 0.400775 0.436427 0.028424 0.029422
68 0.788372 0.459895 0.036693 0.029422
77 0.595607 0.754816 0.040827 0.029422
98 0.688372 0.323292 0.042377 0.029422
68 0.302067 0.456217 0.010853 0.029772
68 0.109044 0.232049 0.011370 0.029772
119 0.099483 0.677583 0.020155 0.029772
85 0.695090 0.268827 0.021705 0.029772
118 0.683721 0.373205 0.034109 0.029772
113 0.200517 0.521366 0.040310 0.029772
81 0.295090 0.865674 0.040310 0.029772
88 0.200258 0.651664 0.047028 0.029772
316 0.296899 0.122417 0.054264 0.029772
111 0.398708 0.283012 0.022222 0.030123
74 0.100000 0.649037 0.032558 0.030123
110 0.202842 0.298774 0.034625 0.030123
84 0.497158 0.122592 0.045478 0.030123
111 0.099225 0.446060 0.027907 0.030473
76 0.593540 0.120315 0.030491 0.030473
2489 0.100775 0.416112 0.050646 0.030823
95 0.298708 0.304904 0.038243 0.031173
119 0.592506 0.457443 0.019121 0.031524
107 0.591990 0.231874 0.030491 0.031524
84 0.496124 0.335201 0.039276 0.031524
84 0.401809 0.251839 0.042894 0.031524
541 0.691990 0.159019 0.050646 0.031524
76 0.593023 0.381261 0.032558 0.031874
84 0.591214 0.485989 0.043411 0.031874
277 0.787855 0.427145 0.045995 0.031874
978 0.495090 0.884238 0.048579 0.031874
2083 0.494315 0.758844 0.052196 0.031874
111 0.793023 0.300175 0.023256 0.032224
111 0.591473 0.700525 0.025323 0.032224
88 0.402067 0.219264 0.025840 0.032224
118 0.586822 0.806305 0.032558 0.032224
2395 0.789406 0.518389 0.038760 0.032224
51 0.205685 0.251138 0.040310 0.032224
77 0.401550 0.405254 0.041344 0.032224
111 0.496899 0.154291 0.030491 0.032574
78 0.395866 0.754291 0.033075 0.032574
86 0.104393 0.614536 0.035142 0.032574
1083 0.501034 0.303503 0.040827 0.032574
127 0.795866 0.319790 0.049612 0.032925
62 0.689664 0.576007 0.036693 0.033275
306 0.591214 0.836778 0.047545 0.033625
127 0.595607 0.725744 0.053230 0.033625
1587 0.593282 0.522767 0.048579 0.033975
107 0.685013 0.606655 0.026357 0.034326
547 0.298450 0.652539 0.042894 0.034326
1887 0.685788 0.495622 0.046512 0.034326
366 0.693540 0.125569 0.044444 0.034676
68 0.496641 0.620665 0.015504 0.035026
121 0.097674 0.265849 0.027907 0.035026
3258 0.591214 0.880210 0.053747 0.035026
83 0.793540 0.193520 0.016021 0.035377
69 0.210078 0.168651 0.026357 0.035377
68 0.592506 0.172855 0.041860 0.035377
121 0.098708 0.582137 0.036176 0.035727
81 0.394057 0.704729 0.036693 0.035727
83 0.295607 0.380911 0.020672 0.036077
3754 0.496124 0.419089 0.036176 0.036077
2083 0.499225 0.268827 0.047545 0.036077
1387 0.493798 0.564799 0.048062 0.036077
3800 0.397933 0.516813 0.052713 0.036077
51 0.104910 0.484413 0.042377 0.036427
4185 0.788114 0.553415 0.046512 0.036427
541 0.679070 0.749562 0.046512 0.036427
1256 0.494057 0.728371 0.035142 0.036778
1387 0.691473 0.213835 0.045478 0.036778
68 0.200775 0.345359 0.013953 0.037128
443 0.781395 0.612609 0.044444 0.037128
1666 0.587080 0.557268 0.047545 0.037128
744 0.094832 0.353065 0.052196 0.037128
3283 0.295866 0.760595 0.029457 0.037478
1020 0.780620 0.813835 0.045995 0.037478
3754 0.593023 0.348161 0.035659 0.037828
366 0.682946 0.712785 0.039793 0.037828
126 0.303101 0.154116 0.040827 0.037828
626 0.201034 0.388441 0.043411 0.037828
1197 0.299742 0.422067 0.051680 0.037828
53 0.396899 0.588967 0.022739 0.038179
53 0.394315 0.468476 0.023773 0.038179
119 0.099742 0.801926 0.024806 0.038179
1387 0.682687 0.812785 0.042377 0.038179
1850 0.300517 0.584063 0.054264 0.038879
1193 0.777778 0.677758 0.045478 0.039930
68 0.687597 0.884588 0.011886 0.040280
83 0.494832 0.519615 0.022222 0.040280
1193 0.790181 0.237653 0.039276 0.040280
3283 0.201292 0.584588 0.030491 0.041331
4166 0.297674 0.196848 0.055814 0.041331
62 0.102584 0.546585 0.039793 0.041681
4082 0.293798 0.341681 0.047028 0.041681
4090 0.295349 0.266900 0.029457 0.042032
1917 0.394315 0.322242 0.043411 0.042032
296 0.200517 0.129422 0.034109 0.042382
2885 0.498708 0.196322 0.037209 0.042382
2727 0.200775 0.833275 0.036693 0.042732
58 0.296124 0.486690 0.034109 0.043082
1373 0.099742 0.760946 0.047545 0.043082
1367 0.792765 0.153765 0.046512 0.043433
420 0.398708 0.178984 0.048062 0.043433
322 0.688372 0.456042 0.046512 0.044133
3818 0.198708 0.430298 0.056331 0.045184
2423 0.500258 0.377583 0.046512 0.046935
107 0.493798 0.824869 0.025323 0.047636
1281 0.202842 0.720140 0.044961 0.048336
306 0.097674 0.163222 0.055814 0.052539
3136 0.591990 0.630998 0.035659 0.054291
