83 0.785904 0.276171 0.030737 0.016529
126 0.723635 0.272211 0.031267 0.016873
126 0.786698 0.203512 0.037626 0.017906
55 0.117117 0.761536 0.029677 0.018251
92 0.117382 0.787534 0.021728 0.019972
120 0.119767 0.808368 0.018018 0.020317
87 0.723105 0.354683 0.025967 0.020661
69 0.792528 0.253616 0.018548 0.021006
70 0.721516 0.375689 0.025967 0.021350
501 0.787758 0.325758 0.035506 0.022039
1173 0.788818 0.299070 0.036566 0.023760
1800 0.724960 0.219869 0.034976 0.025138
1587 0.725225 0.295971 0.041865 0.025826
1827 0.726550 0.246384 0.044515 0.028581
401 0.783519 0.230544 0.040806 0.029270
1747 0.723105 0.327824 0.047165 0.029614
3774 0.782989 0.175964 0.048225 0.032369
