128 0.474640 0.458348 0.010678 0.005207
128 0.272023 0.278723 0.010144 0.006248
246 0.274960 0.819160 0.044848 0.006248
101 0.071810 0.886151 0.050721 0.008330
101 0.374800 0.680319 0.050187 0.013884
92 0.069140 0.833391 0.042178 0.015272
92 0.371062 0.492364 0.035238 0.017702
188 0.473839 0.120097 0.034704 0.019438
81 0.472504 0.445679 0.041644 0.019438
52 0.371596 0.197501 0.045916 0.019438
91 0.475974 0.781499 0.032568 0.019785
92 0.571543 0.660882 0.036839 0.020132
91 0.370796 0.382680 0.032568 0.020479
83 0.173785 0.880076 0.044314 0.020479
91 0.065136 0.468067 0.035238 0.021173
91 0.373198 0.624610 0.035238 0.021173
49 0.674319 0.254078 0.017085 0.021520
166 0.288841 0.837730 0.017085 0.021867
91 0.774159 0.288268 0.032034 0.021867
64 0.375334 0.122006 0.034170 0.021867
120 0.262680 0.297466 0.023492 0.022215
64 0.063801 0.302326 0.031500 0.022215
70 0.671383 0.480389 0.053924 0.022215
56 0.572344 0.639188 0.020288 0.022562
56 0.069941 0.587817 0.024560 0.022562
57 0.676188 0.779070 0.034704 0.022562
83 0.568073 0.877994 0.045916 0.022562
127 0.771757 0.654287 0.051789 0.022909
64 0.172451 0.586081 0.025627 0.023256
120 0.167379 0.163311 0.030432 0.023256
91 0.572878 0.729087 0.036305 0.023256
93 0.478911 0.877994 0.045916 0.023256
76 0.270155 0.619577 0.035238 0.023603
120 0.269888 0.644047 0.024026 0.023950
91 0.269621 0.707567 0.036305 0.023950
113 0.062734 0.125477 0.049653 0.023950
76 0.767218 0.709302 0.032034 0.024644
88 0.173785 0.775252 0.045382 0.024644
83 0.062467 0.731517 0.046983 0.024644
81 0.169781 0.479347 0.044848 0.024991
55 0.062734 0.274557 0.049653 0.024991
68 0.772557 0.683964 0.008542 0.025338
118 0.668713 0.800937 0.017619 0.025338
57 0.576081 0.151163 0.036305 0.025338
113 0.770689 0.631899 0.044314 0.025338
88 0.573679 0.822110 0.047517 0.025338
76 0.265083 0.254426 0.033636 0.025686
52 0.569941 0.348490 0.042178 0.025686
75 0.676722 0.608816 0.050721 0.025686
127 0.374800 0.312739 0.053390 0.025686
56 0.371062 0.220930 0.022424 0.026033
88 0.775761 0.523776 0.029899 0.026380
76 0.667645 0.835474 0.035771 0.026380
84 0.669781 0.507463 0.038975 0.026380
122 0.170582 0.685873 0.042178 0.026380
52 0.064869 0.401597 0.043246 0.026380
87 0.667379 0.753905 0.045916 0.026380
60 0.668446 0.317077 0.018153 0.026727
119 0.265617 0.462513 0.019754 0.026727
88 0.069941 0.562825 0.026695 0.026727
52 0.571276 0.220930 0.041644 0.026727
113 0.669781 0.153245 0.047517 0.026727
117 0.168179 0.199583 0.023492 0.027074
55 0.670582 0.353350 0.051255 0.027074
91 0.768553 0.829052 0.034704 0.027421
74 0.270956 0.677716 0.040043 0.027421
52 0.474373 0.386151 0.044314 0.027421
88 0.062467 0.370705 0.026695 0.027768
111 0.172451 0.743145 0.030966 0.027768
119 0.177790 0.851788 0.034170 0.027768
85 0.172718 0.713294 0.034704 0.027768
88 0.373465 0.703922 0.047517 0.027768
166 0.476775 0.345887 0.022424 0.028115
85 0.376668 0.806144 0.027229 0.028115
95 0.475174 0.417043 0.042712 0.028115
68 0.575013 0.848664 0.008542 0.028462
88 0.482915 0.576189 0.029365 0.028462
132 0.469301 0.146477 0.039509 0.028462
86 0.073946 0.531760 0.041111 0.028462
72 0.469301 0.279417 0.041644 0.028462
85 0.577950 0.790871 0.029365 0.028809
84 0.568607 0.319160 0.048051 0.028809
88 0.372130 0.249393 0.049119 0.028809
105 0.676455 0.377473 0.053390 0.028809
60 0.474640 0.805623 0.017085 0.029157
111 0.165777 0.308747 0.029365 0.029504
104 0.068607 0.502777 0.044314 0.029504
98 0.567005 0.376432 0.048051 0.029504
69 0.580085 0.514752 0.024026 0.029851
88 0.779765 0.166956 0.029365 0.029851
85 0.673785 0.638320 0.030966 0.029851
110 0.670048 0.449497 0.038441 0.029851
53 0.061666 0.153593 0.018687 0.030198
107 0.572077 0.287227 0.025093 0.030198
346 0.377202 0.838771 0.060331 0.030198
88 0.272824 0.537313 0.027763 0.030545
85 0.674586 0.182228 0.029365 0.030545
78 0.667379 0.870184 0.037373 0.030545
2760 0.372931 0.775772 0.058195 0.030545
69 0.680192 0.125824 0.029899 0.030892
64 0.576882 0.761020 0.031500 0.030892
58 0.064335 0.669733 0.032568 0.030892
119 0.567005 0.180840 0.040577 0.031239
53 0.472504 0.314474 0.021356 0.031933
53 0.373198 0.657064 0.022424 0.031933
70 0.071009 0.856994 0.042712 0.031933
125 0.175120 0.615758 0.044848 0.031933
72 0.369461 0.284623 0.048051 0.031933
111 0.475174 0.484901 0.032034 0.032628
121 0.068073 0.704616 0.056060 0.032628
85 0.168980 0.508330 0.026161 0.032975
111 0.571543 0.441687 0.029365 0.032975
111 0.177256 0.654113 0.030966 0.032975
2707 0.273358 0.875217 0.032034 0.032975
70 0.061399 0.337209 0.049119 0.032975
98 0.667912 0.580180 0.053390 0.032975
68 0.263214 0.218327 0.040577 0.033322
720 0.572344 0.485595 0.041644 0.033322
126 0.478377 0.702881 0.046983 0.033322
118 0.770689 0.738806 0.020822 0.033669
51 0.572611 0.128254 0.041111 0.033669
119 0.167379 0.230649 0.027229 0.034363
83 0.567539 0.407671 0.038441 0.034363
3735 0.165777 0.134155 0.042178 0.034363
3663 0.271757 0.503471 0.051255 0.034363
3984 0.060331 0.806838 0.055526 0.034363
68 0.672184 0.284276 0.012814 0.034710
2471 0.372397 0.352655 0.060331 0.034710
68 0.373999 0.871746 0.008009 0.035057
58 0.669247 0.717633 0.035771 0.035057
1880 0.671116 0.544255 0.030966 0.035404
68 0.770155 0.604304 0.041111 0.035404
1417 0.676455 0.220410 0.053390 0.035404
3697 0.271757 0.781847 0.046983 0.035751
126 0.774960 0.384589 0.043246 0.036099
3663 0.267485 0.178237 0.051255 0.036446
1701 0.264816 0.427456 0.059797 0.036446
68 0.672451 0.414092 0.013348 0.036793
123 0.169781 0.445679 0.022424 0.036793
1354 0.474640 0.744533 0.041644 0.036793
366 0.574746 0.605692 0.048585 0.036793
325 0.772557 0.255814 0.051255 0.036793
717 0.375868 0.740368 0.059797 0.036793
126 0.265617 0.385456 0.045382 0.037140
121 0.476508 0.846581 0.034704 0.037487
81 0.571276 0.252864 0.049119 0.037834
288 0.169514 0.404894 0.060331 0.037834
3669 0.373999 0.458348 0.059263 0.038528
2237 0.170582 0.552239 0.048585 0.038875
4440 0.480513 0.666088 0.054458 0.038875
81 0.060865 0.436307 0.052322 0.039570
365 0.274159 0.745922 0.061399 0.039570
3192 0.768820 0.566123 0.053390 0.040264
366 0.766418 0.788442 0.042178 0.040611
107 0.474106 0.238112 0.034170 0.040958
2315 0.069941 0.769524 0.054458 0.040958
3160 0.571543 0.695418 0.044314 0.041305
929 0.269354 0.582090 0.054992 0.041652
2191 0.173251 0.269872 0.046450 0.041999
747 0.671650 0.676328 0.049119 0.041999
504 0.365723 0.421902 0.054458 0.041999
1354 0.060331 0.233426 0.045916 0.042694
92 0.373198 0.156543 0.029899 0.043735
864 0.375334 0.584693 0.049119 0.044082
296 0.568873 0.559181 0.035771 0.044429
2022 0.773892 0.129122 0.054992 0.045123
1584 0.262413 0.344151 0.035771 0.045470
1714 0.173518 0.812044 0.054458 0.046165
3095 0.065136 0.629642 0.059797 0.046512
1200 0.467165 0.622353 0.064068 0.046512
2499 0.166044 0.361854 0.054458 0.047553
3184 0.771490 0.485422 0.049119 0.048247
4373 0.472771 0.532628 0.053924 0.048941
1427 0.774960 0.212426 0.044314 0.049288
3458 0.375334 0.536099 0.052322 0.049636
1137 0.776295 0.435092 0.056594 0.050330
4587 0.260278 0.134849 0.060331 0.050330
47 0.067005 0.182402 0.035771 0.055883
1137 0.474373 0.192815 0.059263 0.055883
957 0.770155 0.337904 0.047517 0.061437
