246 0.754512 0.232404 0.050425 0.005575
297 0.634820 0.521777 0.048832 0.014286
91 0.513800 0.442160 0.030786 0.015331
91 0.171178 0.751742 0.029193 0.016376
91 0.285563 0.460801 0.031847 0.016376
861 0.399682 0.517247 0.043524 0.016376
91 0.635616 0.724739 0.023885 0.017422
862 0.634289 0.546167 0.046709 0.018467
251 0.520435 0.230836 0.051486 0.018467
91 0.748938 0.477700 0.031847 0.018815
91 0.401008 0.738502 0.029193 0.019164
862 0.168259 0.541289 0.043524 0.019164
1002 0.283970 0.426481 0.056263 0.019512
953 0.399416 0.704355 0.048301 0.019861
302 0.282113 0.226655 0.053609 0.019861
862 0.399682 0.542334 0.043524 0.021254
862 0.517781 0.255226 0.044055 0.021254
862 0.754512 0.253833 0.044055 0.021951
501 0.169586 0.515157 0.045117 0.021951
862 0.279724 0.249303 0.045648 0.021951
955 0.396497 0.668990 0.054140 0.025087
726 0.752654 0.566899 0.056263 0.026481
1083 0.749735 0.435889 0.044055 0.028571
3051 0.632696 0.671254 0.044586 0.029617
1457 0.174098 0.669512 0.048832 0.030314
1468 0.403397 0.831185 0.049894 0.031010
4033 0.750265 0.521603 0.052548 0.031359
1396 0.402866 0.783972 0.053079 0.031359
1477 0.284766 0.504878 0.053609 0.031359
3283 0.165605 0.795470 0.024416 0.032056
2169 0.165074 0.842160 0.059448 0.032056
1004 0.511677 0.502787 0.052017 0.032753
2795 0.631900 0.779443 0.048301 0.033449
2144 0.286359 0.557143 0.056794 0.034843
541 0.286359 0.383449 0.049363 0.035889
3756 0.515924 0.560627 0.046709 0.036237
2913 0.520966 0.198258 0.046178 0.037631
2913 0.168524 0.479443 0.038747 0.039024
2913 0.635616 0.484146 0.045117 0.039373
1505 0.174098 0.711150 0.046709 0.039721
2913 0.280255 0.197909 0.050955 0.039721
1145 0.516985 0.383449 0.053079 0.040070
2913 0.399947 0.482230 0.040870 0.041812
2913 0.755573 0.201568 0.047240 0.042160
296 0.634820 0.828223 0.036093 0.042509
1090 0.751062 0.385366 0.054140 0.042509
