128 0.681792 0.911338 0.019285 0.012098
101 0.351673 0.471483 0.055587 0.012444
101 0.463415 0.801072 0.056721 0.012789
91 0.477311 0.480470 0.027794 0.013135
57 0.377765 0.539924 0.028361 0.014518
92 0.675553 0.617179 0.045377 0.014863
162 0.898752 0.386277 0.025525 0.016246
101 0.787578 0.841168 0.060692 0.016246
287 0.442144 0.479433 0.039138 0.016592
56 0.783040 0.886104 0.023256 0.016937
499 0.378900 0.525752 0.045377 0.017283
92 0.783607 0.277567 0.048213 0.017283
52 0.460011 0.178534 0.043108 0.018320
92 0.240499 0.796578 0.047646 0.018320
92 0.671583 0.305392 0.049915 0.018320
91 0.334657 0.494988 0.031764 0.018666
203 0.456324 0.297269 0.042541 0.018666
57 0.789847 0.384030 0.044810 0.018666
102 0.783891 0.584514 0.055587 0.018666
57 0.899603 0.293294 0.041974 0.019011
81 0.455474 0.597477 0.049915 0.020394
56 0.242484 0.482544 0.022121 0.020740
52 0.895065 0.592465 0.043108 0.020740
52 0.569767 0.167473 0.044810 0.021085
91 0.350539 0.409609 0.041974 0.021431
148 0.243902 0.307985 0.044243 0.021431
55 0.894214 0.371241 0.050482 0.021431
120 0.784742 0.604736 0.025525 0.021777
88 0.457175 0.428448 0.026092 0.021777
55 0.892513 0.233149 0.049348 0.021777
113 0.676404 0.171967 0.052751 0.021777
88 0.348270 0.285171 0.022689 0.022122
56 0.132161 0.170757 0.024957 0.022122
56 0.674135 0.598686 0.026659 0.022122
87 0.333806 0.542689 0.033466 0.022122
113 0.351957 0.712409 0.048213 0.022122
60 0.136982 0.341687 0.027794 0.022468
91 0.891662 0.884722 0.039705 0.022468
91 0.785309 0.190978 0.040272 0.022468
52 0.564379 0.554269 0.046512 0.022468
119 0.336358 0.562392 0.019285 0.022814
132 0.895632 0.172485 0.032898 0.022814
86 0.575156 0.874870 0.051049 0.022814
60 0.460295 0.532838 0.023256 0.023159
55 0.894214 0.570169 0.047079 0.023159
88 0.133012 0.288628 0.030062 0.023505
91 0.568917 0.811269 0.036302 0.023505
52 0.242201 0.615970 0.044243 0.023505
113 0.349404 0.144141 0.057856 0.023505
88 0.566364 0.304701 0.024390 0.023851
56 0.131877 0.528690 0.025525 0.023851
120 0.133296 0.822157 0.029495 0.023851
76 0.892796 0.315071 0.036302 0.023851
52 0.350822 0.689768 0.047079 0.023851
118 0.128758 0.555479 0.019285 0.024196
66 0.241066 0.590736 0.031764 0.024196
55 0.567215 0.145178 0.054453 0.024196
98 0.564379 0.903560 0.062394 0.024196
171 0.465683 0.271517 0.036302 0.024542
91 0.131877 0.472520 0.036869 0.024888
91 0.893364 0.824058 0.041974 0.024888
60 0.239932 0.502765 0.024957 0.025233
91 0.894214 0.692534 0.042541 0.025233
118 0.779921 0.907017 0.037436 0.025579
1902 0.819626 0.303837 0.039705 0.025579
91 0.785876 0.254407 0.042541 0.025579
83 0.350255 0.865883 0.045944 0.025579
91 0.677822 0.859143 0.039705 0.025925
1799 0.372377 0.563947 0.041407 0.025925
88 0.353091 0.766851 0.045944 0.025925
52 0.240499 0.205496 0.047646 0.025925
3338 0.933352 0.174905 0.025525 0.026270
66 0.676687 0.724162 0.031764 0.026270
66 0.239932 0.177325 0.032898 0.026270
91 0.458026 0.404079 0.035735 0.026270
95 0.132445 0.579675 0.045944 0.026270
108 0.132728 0.366574 0.023823 0.026616
66 0.568349 0.708780 0.030630 0.026616
252 0.354509 0.899240 0.045377 0.026616
52 0.675553 0.891635 0.047646 0.026616
721 0.435054 0.456619 0.032898 0.026962
132 0.239932 0.334255 0.036302 0.026962
87 0.564946 0.526443 0.045377 0.027653
87 0.242201 0.563429 0.047646 0.027653
113 0.892513 0.909437 0.058423 0.027653
83 0.344867 0.340650 0.048780 0.027999
119 0.783607 0.702385 0.024390 0.028344
3019 0.933636 0.147943 0.027226 0.028344
3019 0.606069 0.654684 0.034600 0.028344
83 0.130459 0.221915 0.047646 0.028344
92 0.131027 0.503111 0.029495 0.028690
74 0.890811 0.448842 0.033466 0.028690
83 0.673284 0.423263 0.044243 0.028690
68 0.785593 0.535430 0.041974 0.029036
113 0.676404 0.538541 0.050482 0.029036
127 0.682927 0.751469 0.056721 0.029036
92 0.674419 0.146733 0.029495 0.029381
87 0.349404 0.661770 0.046512 0.029381
1902 0.497731 0.327169 0.047079 0.029381
84 0.560976 0.416177 0.032898 0.029727
72 0.458026 0.203595 0.043676 0.029727
83 0.456892 0.655375 0.044810 0.029727
98 0.131027 0.319392 0.052184 0.029727
85 0.242201 0.861908 0.024957 0.030073
3338 0.606920 0.684238 0.034033 0.030073
93 0.244186 0.406326 0.038003 0.030073
88 0.135564 0.691497 0.056721 0.030073
53 0.348554 0.738334 0.024390 0.030418
84 0.783607 0.728310 0.045944 0.030418
87 0.244753 0.147252 0.048213 0.030418
87 0.890244 0.509160 0.048213 0.030418
107 0.674419 0.280850 0.024957 0.030764
118 0.783040 0.566021 0.026659 0.030764
126 0.680374 0.360353 0.050482 0.030764
68 0.242201 0.533356 0.051049 0.031110
72 0.130743 0.144832 0.051617 0.031110
166 0.245037 0.728828 0.028361 0.031455
118 0.891095 0.540442 0.031764 0.031455
85 0.680658 0.778949 0.031764 0.031455
87 0.133012 0.798652 0.041407 0.031455
553 0.133579 0.898548 0.059558 0.031455
53 0.892796 0.479433 0.020420 0.031801
118 0.564663 0.194262 0.032331 0.031801
68 0.350255 0.594884 0.049348 0.031801
978 0.894498 0.723125 0.056721 0.031801
107 0.239081 0.647598 0.027794 0.032147
68 0.349404 0.311614 0.015882 0.032838
117 0.457742 0.505876 0.021554 0.032838
134 0.887975 0.201002 0.030062 0.032838
68 0.571469 0.739717 0.010777 0.033184
83 0.784175 0.499827 0.026659 0.033184
60 0.677255 0.197891 0.023823 0.033529
1880 0.893364 0.263394 0.038571 0.033875
68 0.673001 0.328206 0.008508 0.034221
107 0.132728 0.724335 0.028361 0.034221
107 0.562961 0.582613 0.031197 0.034221
118 0.891378 0.619945 0.038003 0.034221
3481 0.375496 0.502765 0.039705 0.034221
68 0.458026 0.151746 0.013046 0.034566
111 0.892796 0.855859 0.029495 0.034566
92 0.567782 0.844106 0.034033 0.034566
3665 0.783324 0.858797 0.055587 0.034912
98 0.885990 0.346180 0.057856 0.034912
111 0.570902 0.779122 0.027794 0.035258
107 0.238798 0.235741 0.030630 0.035258
111 0.786444 0.224335 0.031197 0.035258
2885 0.785309 0.416523 0.039138 0.035258
62 0.565230 0.493605 0.044810 0.035258
2151 0.677538 0.640857 0.050482 0.035258
121 0.348837 0.626512 0.038571 0.035603
62 0.133012 0.193744 0.051617 0.035603
2818 0.481282 0.458693 0.035735 0.035949
509 0.566364 0.339786 0.044810 0.035949
111 0.787011 0.670066 0.024390 0.036295
3735 0.239648 0.898203 0.056154 0.036295
1644 0.459728 0.828033 0.057289 0.036295
68 0.457742 0.858970 0.015882 0.036640
53 0.457459 0.239544 0.022121 0.036640
70 0.893364 0.417214 0.037436 0.036640
83 0.459728 0.896474 0.033466 0.036986
121 0.132445 0.759592 0.042541 0.036986
366 0.674135 0.567750 0.055020 0.036986
1197 0.461713 0.772382 0.061259 0.036986
83 0.352808 0.210854 0.029495 0.037331
4090 0.129325 0.612513 0.047646 0.037331
127 0.570902 0.227618 0.056154 0.037677
62 0.350539 0.841341 0.045377 0.038023
4377 0.246171 0.767370 0.051049 0.038023
1480 0.130176 0.439682 0.049348 0.038714
1196 0.347419 0.804355 0.052751 0.038714
81 0.347419 0.174386 0.045944 0.039060
509 0.131027 0.254926 0.047646 0.039060
1778 0.785593 0.807121 0.048780 0.039405
3772 0.562677 0.379537 0.058990 0.040097
1189 0.457175 0.692707 0.058990 0.040097
68 0.135848 0.400449 0.011912 0.040442
1364 0.458310 0.733667 0.054453 0.040442
4555 0.244470 0.825786 0.048780 0.040788
127 0.896767 0.659177 0.054453 0.040788
62 0.460295 0.627895 0.049348 0.041134
81 0.786160 0.633426 0.052184 0.041134
68 0.244753 0.272209 0.013046 0.041825
1876 0.673001 0.502420 0.044810 0.041825
2727 0.675553 0.460422 0.041974 0.042171
3338 0.458877 0.371932 0.051049 0.042171
1129 0.346285 0.444003 0.051617 0.042516
68 0.673001 0.389907 0.009643 0.042862
4085 0.568633 0.269616 0.044810 0.042862
4166 0.351106 0.250951 0.066931 0.042862
2718 0.132728 0.859834 0.046512 0.043899
2820 0.782757 0.356896 0.058990 0.043899
1584 0.134146 0.652955 0.032331 0.044245
3754 0.452638 0.565849 0.039705 0.044245
4408 0.563244 0.453508 0.053318 0.044245
1584 0.675837 0.240926 0.033466 0.044936
1584 0.243052 0.368130 0.034600 0.044936
2259 0.349688 0.379191 0.056154 0.044936
4483 0.781906 0.156066 0.041407 0.045973
68 0.242484 0.444694 0.015315 0.046664
1317 0.783040 0.764259 0.045944 0.047701
68 0.570618 0.622019 0.011344 0.048047
268 0.676120 0.819392 0.046512 0.048047
717 0.783607 0.457829 0.066364 0.050121
68 0.246739 0.687522 0.011344 0.050467
3019 0.676404 0.685275 0.044810 0.054960
296 0.893647 0.773937 0.045944 0.071206
