101 0.184180 0.344319 0.058891 0.013732
120 0.730081 0.908342 0.027136 0.015791
101 0.728637 0.523515 0.048499 0.015791
92 0.069573 0.533986 0.043303 0.018194
56 0.843533 0.530381 0.019630 0.018538
126 0.513279 0.908170 0.036952 0.018881
28 0.729503 0.222279 0.037529 0.018881
92 0.725751 0.565911 0.050808 0.018881
57 0.623557 0.868692 0.041570 0.019567
88 0.287529 0.530724 0.026559 0.019911
76 0.729215 0.889804 0.039261 0.020597
52 0.729792 0.504291 0.043880 0.021970
126 0.294746 0.909200 0.053695 0.022314
499 0.849596 0.308273 0.057159 0.022657
57 0.849307 0.332132 0.041570 0.023000
57 0.076790 0.875558 0.041570 0.023000
91 0.509815 0.272056 0.041570 0.023687
52 0.618072 0.559732 0.045612 0.023687
126 0.288684 0.387401 0.046189 0.023687
861 0.732679 0.403193 0.049654 0.023687
2134 0.509238 0.845348 0.050808 0.023687
120 0.728060 0.543769 0.025404 0.024030
74 0.396363 0.701682 0.030600 0.024030
88 0.613741 0.695675 0.020785 0.025060
91 0.288106 0.814109 0.038106 0.025060
91 0.508372 0.525918 0.042148 0.025403
547 0.847286 0.651562 0.051386 0.025403
81 0.402136 0.857364 0.039838 0.025747
91 0.072171 0.753862 0.040416 0.026090
60 0.074480 0.306042 0.028868 0.026433
74 0.729215 0.249056 0.039261 0.026433
107 0.400693 0.261929 0.042725 0.026777
87 0.509238 0.698249 0.047344 0.026777
99 0.400693 0.879162 0.057737 0.026777
2489 0.291570 0.884655 0.057737 0.026777
87 0.283776 0.561792 0.045612 0.027120
56 0.181005 0.785273 0.053695 0.027120
1214 0.289261 0.743392 0.054273 0.027120
57 0.735277 0.730518 0.045612 0.027463
98 0.614607 0.587367 0.054850 0.027463
504 0.846420 0.857707 0.032333 0.027806
91 0.177540 0.447477 0.043303 0.027806
84 0.842379 0.584792 0.043880 0.027806
88 0.732102 0.834363 0.061201 0.027806
85 0.396940 0.515620 0.028291 0.028150
302 0.728349 0.374185 0.054850 0.028150
2134 0.620670 0.790937 0.057737 0.028150
74 0.176963 0.418984 0.032910 0.028493
88 0.187067 0.905596 0.056582 0.028836
57 0.845554 0.404394 0.068707 0.028836
83 0.613453 0.723481 0.044457 0.029180
91 0.844977 0.795572 0.050231 0.029180
3669 0.850173 0.886543 0.052540 0.029180
127 0.843822 0.554755 0.046767 0.029523
335 0.624134 0.901476 0.063510 0.029523
108 0.843822 0.434089 0.020208 0.029866
78 0.401848 0.667868 0.040416 0.029866
85 0.181582 0.756265 0.022517 0.030209
85 0.731813 0.476141 0.028291 0.030209
91 0.619226 0.311191 0.043303 0.030553
95 0.075635 0.259011 0.045035 0.030553
83 0.398095 0.332475 0.045612 0.030553
126 0.405889 0.796601 0.046189 0.030553
1799 0.074769 0.904051 0.050231 0.030553
91 0.399249 0.729488 0.045612 0.030896
126 0.179561 0.521112 0.053118 0.030896
85 0.617494 0.531926 0.027136 0.031239
2134 0.288395 0.453656 0.057159 0.031239
3669 0.074480 0.848953 0.051963 0.031583
1615 0.402425 0.830072 0.056582 0.031583
85 0.512991 0.665808 0.030600 0.031926
1927 0.619515 0.425850 0.057737 0.031926
1083 0.731236 0.805699 0.038684 0.032269
2134 0.732390 0.666323 0.053695 0.032269
4116 0.736721 0.699107 0.027714 0.032612
85 0.843533 0.195160 0.034642 0.032612
91 0.400982 0.397357 0.038684 0.032612
70 0.288395 0.592001 0.042148 0.032612
504 0.507217 0.595606 0.038684 0.032956
70 0.841513 0.681085 0.038684 0.032956
87 0.068995 0.291795 0.039838 0.032956
504 0.069284 0.818229 0.033487 0.033299
3665 0.729792 0.861140 0.050808 0.033299
643 0.842090 0.719190 0.044457 0.033642
272 0.615473 0.756608 0.061201 0.033642
1083 0.402425 0.482492 0.046189 0.033986
119 0.287529 0.625815 0.024249 0.034329
107 0.064088 0.504291 0.027714 0.034329
504 0.617783 0.453141 0.030023 0.034329
111 0.727483 0.280295 0.031178 0.034672
691 0.178984 0.557673 0.042725 0.034672
87 0.392610 0.548404 0.045035 0.034672
1197 0.511259 0.489701 0.057159 0.034672
3526 0.844400 0.827841 0.064088 0.034672
68 0.396074 0.299348 0.013857 0.035015
4416 0.619515 0.389633 0.051963 0.035015
4053 0.176963 0.592860 0.059469 0.035015
4090 0.075058 0.225712 0.041570 0.035359
1476 0.616917 0.619121 0.053695 0.035359
643 0.068129 0.671644 0.038106 0.036045
3669 0.510970 0.631480 0.049654 0.036045
675 0.177829 0.268795 0.045035 0.036389
272 0.508083 0.814967 0.066975 0.036389
77 0.405600 0.229832 0.047921 0.036732
119 0.067263 0.558874 0.025982 0.037075
4038 0.064376 0.596979 0.034065 0.037075
126 0.847575 0.468074 0.057737 0.037418
1605 0.842667 0.619464 0.060624 0.037418
505 0.282044 0.308273 0.027136 0.037762
4402 0.073326 0.634741 0.050808 0.037762
4555 0.508949 0.558187 0.054850 0.037762
420 0.290704 0.229832 0.060624 0.038105
2014 0.180716 0.229488 0.064665 0.038105
272 0.284642 0.420700 0.068129 0.038105
121 0.068129 0.467559 0.036952 0.038448
1126 0.400115 0.763989 0.047344 0.038792
3669 0.622113 0.492276 0.049076 0.039135
4317 0.072171 0.428424 0.054273 0.039135
68 0.071016 0.339684 0.011547 0.039478
330 0.285219 0.663062 0.046189 0.039478
273 0.400404 0.363886 0.036374 0.039821
3526 0.071016 0.786131 0.054273 0.039821
4166 0.286663 0.269138 0.064088 0.039821
1218 0.844111 0.273086 0.045035 0.040165
272 0.729792 0.632853 0.056582 0.040165
480 0.729503 0.592173 0.056005 0.040508
1385 0.841801 0.230690 0.064665 0.040508
121 0.508372 0.732406 0.039838 0.040851
1126 0.615185 0.277892 0.046767 0.040851
4132 0.181582 0.680055 0.053695 0.041195
81 0.840935 0.509269 0.049076 0.041538
4166 0.176963 0.484380 0.068707 0.041881
68 0.400404 0.579643 0.015589 0.042225
68 0.413395 0.898215 0.016166 0.042225
4116 0.511259 0.876244 0.038684 0.042225
1126 0.510393 0.355132 0.049654 0.042225
717 0.512125 0.775661 0.066975 0.042225
1126 0.292148 0.777721 0.053118 0.042911
3322 0.180716 0.717473 0.036952 0.043254
1126 0.185624 0.313251 0.052540 0.044284
4460 0.730658 0.765877 0.043303 0.044628
2619 0.618938 0.349468 0.045035 0.044628
1588 0.290127 0.848610 0.062933 0.044628
62 0.183025 0.815826 0.045035 0.044971
3680 0.844400 0.369379 0.066397 0.045314
83 0.069284 0.382767 0.027714 0.046001
577 0.506062 0.236183 0.050231 0.046001
2351 0.618072 0.661861 0.058314 0.046001
4460 0.617494 0.234295 0.046767 0.046344
1428 0.396940 0.629077 0.051386 0.047031
2614 0.287240 0.705115 0.039838 0.047374
781 0.501732 0.401304 0.054273 0.048060
4460 0.511259 0.308445 0.042148 0.048404
2560 0.510393 0.449193 0.056582 0.048404
971 0.287529 0.352043 0.053118 0.049090
4116 0.731524 0.437521 0.050808 0.049777
4460 0.400982 0.440611 0.038684 0.050463
4116 0.620958 0.828871 0.045612 0.050463
4116 0.840935 0.158084 0.057159 0.050463
3435 0.842379 0.759355 0.045035 0.050807
3435 0.070439 0.715242 0.045035 0.051837
4116 0.288972 0.495366 0.049076 0.052180
68 0.182159 0.638689 0.008661 0.053896
959 0.181293 0.378133 0.046189 0.055956
296 0.183025 0.864401 0.041570 0.061105
47 0.730658 0.324751 0.034065 0.063165
