246 0.723209 0.445843 0.046991 0.007934
56 0.505444 0.877372 0.018338 0.011383
55 0.524355 0.262504 0.028653 0.011728
52 0.525215 0.233701 0.026934 0.012763
52 0.524069 0.313039 0.031519 0.013453
102 0.596562 0.752846 0.034384 0.013453
203 0.403725 0.428941 0.040688 0.014143
1173 0.638682 0.785271 0.033811 0.014833
101 0.286819 0.298896 0.053295 0.014833
101 0.071060 0.521214 0.058453 0.015178
120 0.412607 0.515868 0.021777 0.015523
75 0.484814 0.306485 0.028653 0.015523
1002 0.524642 0.171438 0.030372 0.015868
92 0.613467 0.549845 0.042980 0.015868
126 0.523496 0.332528 0.025788 0.016557
98 0.591977 0.738875 0.041261 0.016557
101 0.728080 0.818903 0.060172 0.016557
85 0.525215 0.216454 0.014327 0.016902
76 0.413181 0.500000 0.026361 0.016902
68 0.479656 0.274232 0.026361 0.017247
28 0.505731 0.771645 0.026934 0.017247
117 0.637536 0.702139 0.014327 0.017592
120 0.634670 0.764229 0.020057 0.017592
57 0.617479 0.630045 0.032665 0.017592
127 0.483668 0.289928 0.033238 0.017592
98 0.522350 0.249914 0.037249 0.017592
85 0.642120 0.664022 0.015473 0.017937
101 0.845272 0.895481 0.065330 0.017937
52 0.177650 0.537599 0.044699 0.018282
56 0.724928 0.802346 0.022923 0.018627
92 0.614040 0.261469 0.044126 0.018627
101 0.399140 0.678855 0.061318 0.018627
57 0.729226 0.223870 0.032665 0.019317
331 0.525215 0.153156 0.044126 0.019317
93 0.725501 0.157641 0.050430 0.019317
56 0.176218 0.320973 0.022350 0.019662
95 0.638395 0.647982 0.032092 0.019662
3687 0.478510 0.255778 0.033238 0.019662
98 0.481089 0.210935 0.033811 0.019662
3053 0.593696 0.720248 0.028653 0.020007
499 0.616619 0.611935 0.060745 0.020007
108 0.637536 0.724560 0.013181 0.020352
122 0.525501 0.295447 0.029799 0.020352
120 0.063037 0.217661 0.026361 0.020697
124 0.639255 0.744740 0.037249 0.020697
78 0.483381 0.175750 0.026934 0.021042
57 0.184527 0.652121 0.036676 0.021042
52 0.067908 0.766299 0.042980 0.021042
113 0.064183 0.197137 0.049284 0.021042
68 0.532092 0.273198 0.008596 0.021387
119 0.640401 0.682994 0.017765 0.021387
120 0.285673 0.566057 0.024642 0.021387
66 0.065903 0.347361 0.029799 0.021387
68 0.482808 0.186616 0.030372 0.021387
57 0.294842 0.895826 0.033811 0.021387
88 0.069628 0.405312 0.039542 0.021387
92 0.834097 0.482235 0.042980 0.021387
88 0.838395 0.532597 0.045845 0.021387
56 0.836963 0.429286 0.024642 0.021732
52 0.175645 0.159883 0.042980 0.021732
85 0.505158 0.671956 0.022350 0.022077
56 0.067622 0.540531 0.024069 0.022077
512 0.590544 0.650914 0.042980 0.022077
52 0.287393 0.757503 0.044126 0.022077
55 0.722350 0.245602 0.045272 0.022077
119 0.480802 0.232321 0.017192 0.022422
64 0.616046 0.432046 0.027507 0.022422
88 0.526648 0.381683 0.033238 0.022422
92 0.287106 0.780786 0.042407 0.022422
120 0.179083 0.714729 0.024642 0.022766
64 0.397135 0.702656 0.028653 0.022766
85 0.598567 0.672818 0.016619 0.023111
56 0.065330 0.244050 0.022923 0.023111
120 0.175931 0.296482 0.024069 0.023111
120 0.393696 0.895999 0.025215 0.023111
3735 0.593696 0.696964 0.035530 0.023111
52 0.394842 0.345119 0.041261 0.023111
53 0.479370 0.326664 0.017765 0.023456
111 0.482521 0.152639 0.014900 0.023801
64 0.176504 0.451190 0.029799 0.024146
119 0.504871 0.894446 0.029799 0.024146
56 0.838968 0.872715 0.051576 0.024146
85 0.727794 0.666609 0.029799 0.024491
91 0.392550 0.125388 0.040115 0.024491
67 0.398567 0.319248 0.042980 0.024491
113 0.396848 0.871162 0.045272 0.024491
55 0.396848 0.630045 0.049857 0.024491
1002 0.504585 0.449983 0.052149 0.024491
166 0.398567 0.455674 0.017765 0.024836
1810 0.284814 0.234219 0.025215 0.024836
64 0.282521 0.387030 0.027507 0.024836
55 0.287106 0.664367 0.044699 0.024836
28 0.502292 0.125561 0.045272 0.024836
1002 0.614040 0.287340 0.055587 0.024836
58 0.412894 0.478958 0.024642 0.025181
172 0.389685 0.602794 0.028653 0.025181
1999 0.478223 0.381166 0.033811 0.025526
113 0.069628 0.708865 0.053295 0.025526
85 0.838682 0.719731 0.026934 0.025871
110 0.393696 0.656261 0.041261 0.025871
93 0.506017 0.858572 0.026361 0.026216
74 0.286533 0.478096 0.029799 0.026216
126 0.394556 0.843567 0.040688 0.026561
642 0.504011 0.797689 0.042980 0.026561
28 0.614900 0.400655 0.045845 0.026561
4484 0.523496 0.193515 0.028080 0.026906
72 0.830659 0.353225 0.042980 0.026906
74 0.181375 0.781476 0.031519 0.027251
70 0.281089 0.542428 0.041834 0.027251
124 0.179943 0.270611 0.046991 0.027251
56 0.282521 0.124698 0.048138 0.027251
118 0.285387 0.152466 0.018338 0.027596
4371 0.479370 0.352190 0.020057 0.027596
117 0.504585 0.608831 0.021203 0.027596
117 0.182235 0.744395 0.025215 0.027596
91 0.613754 0.316661 0.037822 0.027596
117 0.615473 0.493791 0.022923 0.027941
108 0.283668 0.415316 0.017192 0.028286
166 0.070774 0.822697 0.017765 0.028286
117 0.836103 0.593308 0.021777 0.028286
4371 0.439542 0.541221 0.024069 0.028286
132 0.066476 0.738875 0.035530 0.028286
4371 0.550143 0.408244 0.022923 0.028631
132 0.403438 0.578303 0.029799 0.028631
2818 0.435530 0.213004 0.033238 0.028631
98 0.501146 0.555536 0.054441 0.028631
119 0.728367 0.693687 0.019484 0.028976
1584 0.525501 0.357020 0.021777 0.028976
86 0.509742 0.526388 0.037249 0.028976
113 0.068481 0.790962 0.045272 0.028976
1585 0.505158 0.832528 0.034957 0.029320
76 0.832665 0.454122 0.037822 0.029320
91 0.834097 0.217144 0.039542 0.029320
78 0.508023 0.582442 0.044126 0.029320
126 0.070774 0.888410 0.046418 0.029320
123 0.723209 0.299414 0.020630 0.029665
79 0.834670 0.282511 0.038395 0.029665
91 0.178510 0.416350 0.038395 0.029665
90 0.067049 0.499138 0.044699 0.029665
58 0.723782 0.271473 0.046991 0.029665
87 0.393983 0.257158 0.037249 0.030010
87 0.506017 0.743877 0.044699 0.030010
118 0.836103 0.507416 0.018338 0.030355
56 0.173926 0.513280 0.021203 0.030355
70 0.285673 0.324250 0.031519 0.030355
91 0.397994 0.730942 0.037249 0.030355
85 0.287679 0.596930 0.024069 0.030700
87 0.286533 0.445154 0.043553 0.030700
127 0.395989 0.287168 0.044699 0.030700
105 0.840974 0.656951 0.051003 0.030700
83 0.175645 0.845809 0.042980 0.031045
88 0.612034 0.185236 0.046991 0.031045
118 0.071347 0.467230 0.017765 0.031390
68 0.835817 0.565885 0.044126 0.031390
1173 0.729226 0.888065 0.049857 0.031390
1173 0.725788 0.552087 0.052149 0.031390
58 0.069914 0.679890 0.041261 0.031735
95 0.833811 0.250431 0.044699 0.031735
107 0.174785 0.480338 0.024069 0.032080
91 0.725215 0.516557 0.042980 0.032080
2677 0.395129 0.766816 0.039542 0.032425
78 0.071633 0.649189 0.040115 0.032425
107 0.395702 0.374784 0.025788 0.032770
123 0.064183 0.616764 0.025215 0.033115
126 0.724069 0.638841 0.049857 0.033115
119 0.613467 0.524836 0.023496 0.033460
92 0.174499 0.128838 0.028080 0.033460
87 0.066476 0.435495 0.044699 0.033460
126 0.064183 0.172818 0.045845 0.033805
70 0.396562 0.406002 0.048138 0.033805
68 0.180516 0.814936 0.009169 0.034150
1931 0.839255 0.321318 0.059026 0.034150
127 0.844986 0.624181 0.062464 0.034150
119 0.283095 0.358055 0.024069 0.034495
121 0.615473 0.461194 0.037822 0.034495
70 0.720917 0.332528 0.042407 0.034495
119 0.837249 0.687306 0.022923 0.034840
121 0.720917 0.131252 0.034384 0.034840
2818 0.102865 0.569507 0.041834 0.035185
4429 0.173352 0.387375 0.047564 0.035185
2489 0.179370 0.616075 0.057307 0.035185
122 0.288252 0.728355 0.042407 0.035529
4429 0.069054 0.859089 0.047564 0.035529
2151 0.286533 0.631425 0.050430 0.035529
127 0.071920 0.375474 0.052149 0.035529
2151 0.180229 0.884098 0.049857 0.035874
888 0.063324 0.312867 0.055587 0.035874
68 0.293983 0.694895 0.009169 0.036909
118 0.172779 0.349603 0.026934 0.036909
3735 0.838395 0.839772 0.048138 0.036909
3996 0.832092 0.134357 0.051576 0.036909
2223 0.179656 0.688168 0.049857 0.037254
512 0.723496 0.480511 0.063610 0.037254
53 0.281662 0.515523 0.028080 0.037599
118 0.063610 0.274750 0.029799 0.038289
68 0.839828 0.753018 0.009742 0.038634
3231 0.287106 0.817868 0.050430 0.038634
3254 0.172493 0.573646 0.053868 0.038634
81 0.502006 0.640393 0.045845 0.038979
2983 0.612321 0.580200 0.042980 0.039324
121 0.721777 0.365471 0.029226 0.039669
3121 0.728080 0.769058 0.055587 0.039669
83 0.179370 0.235254 0.033238 0.040014
2987 0.399140 0.803036 0.059026 0.040014
2263 0.505158 0.488962 0.049857 0.040359
4429 0.283668 0.269058 0.049284 0.040704
68 0.594842 0.774232 0.010315 0.041739
83 0.728080 0.727665 0.026934 0.041739
3808 0.717765 0.192308 0.055587 0.043118
1917 0.501719 0.706106 0.045272 0.043463
83 0.839255 0.795964 0.025788 0.043808
2178 0.283668 0.194550 0.058453 0.044153
81 0.175931 0.190928 0.045845 0.044498
3058 0.062464 0.134184 0.052722 0.044843
3513 0.287966 0.862194 0.051003 0.045878
68 0.839255 0.389617 0.012034 0.046568
3807 0.611175 0.228182 0.052149 0.046568
2669 0.610029 0.358227 0.054441 0.046568
68 0.727794 0.845464 0.010315 0.046913
2818 0.395989 0.166092 0.045845 0.047258
1137 0.832378 0.177820 0.053295 0.047948
1894 0.722063 0.597965 0.048138 0.049327
68 0.727221 0.411866 0.011461 0.053122
957 0.609169 0.141428 0.044699 0.055881
