101 0.623366 0.886997 0.050597 0.010664
57 0.067652 0.610939 0.029562 0.013760
101 0.732234 0.912969 0.060262 0.013760
52 0.065947 0.484176 0.037521 0.014104
60 0.062536 0.496904 0.032973 0.015480
81 0.110006 0.390437 0.031268 0.015824
126 0.063104 0.469900 0.034110 0.015824
192 0.082433 0.685243 0.036384 0.015824
92 0.514781 0.860681 0.047186 0.015824
92 0.084707 0.185759 0.045480 0.016512
495 0.194144 0.813897 0.046049 0.016512
52 0.407049 0.900929 0.050028 0.016512
101 0.195850 0.760406 0.066515 0.016856
150 0.091814 0.703818 0.043775 0.017200
698 0.191870 0.132439 0.046049 0.017200
101 0.085560 0.369453 0.066515 0.017200
57 0.196134 0.438080 0.037521 0.017544
92 0.516771 0.378225 0.046617 0.017544
126 0.066515 0.436189 0.037521 0.017888
57 0.627914 0.872377 0.042638 0.017888
92 0.190733 0.696938 0.043775 0.017888
118 0.066231 0.626247 0.013076 0.018232
88 0.841671 0.869453 0.040364 0.018232
60 0.067936 0.550052 0.025583 0.018576
120 0.406765 0.606123 0.027857 0.018576
92 0.513076 0.194358 0.044912 0.018576
92 0.848493 0.203818 0.050597 0.018920
55 0.514497 0.885621 0.051165 0.018920
76 0.625355 0.448400 0.032973 0.019608
77 0.111427 0.432921 0.036384 0.019608
91 0.513644 0.906949 0.044912 0.019608
64 0.187607 0.365325 0.030699 0.019952
2134 0.108584 0.587891 0.040932 0.019952
92 0.516487 0.309254 0.041501 0.019952
56 0.408471 0.157895 0.055145 0.019952
2596 0.124503 0.655831 0.040932 0.020296
91 0.624503 0.823701 0.042638 0.020296
119 0.066231 0.455796 0.015350 0.020640
66 0.729960 0.896457 0.032973 0.020640
91 0.407902 0.745442 0.044912 0.020640
101 0.195566 0.904713 0.068221 0.020640
64 0.739056 0.284658 0.034110 0.020984
78 0.110006 0.453560 0.034679 0.020984
88 0.301592 0.626591 0.039227 0.020984
87 0.063388 0.537324 0.033542 0.021328
79 0.067652 0.515652 0.034110 0.021328
2596 0.106310 0.566219 0.038658 0.021328
91 0.625355 0.508256 0.039795 0.021672
259 0.513360 0.671311 0.061399 0.021672
91 0.297897 0.256966 0.042069 0.022016
64 0.843377 0.259202 0.030131 0.022360
87 0.063104 0.594255 0.032973 0.022360
91 0.297612 0.787238 0.042638 0.022360
91 0.297612 0.568111 0.043775 0.022360
91 0.514781 0.592363 0.041501 0.022704
126 0.295054 0.902993 0.047754 0.022704
56 0.514781 0.287582 0.056282 0.022704
68 0.514781 0.816821 0.015350 0.023048
56 0.514213 0.175267 0.023309 0.023048
3157 0.064525 0.417441 0.032405 0.023048
86 0.085276 0.726006 0.040932 0.023048
91 0.408471 0.332129 0.042638 0.023048
81 0.186185 0.387169 0.047186 0.023048
113 0.515350 0.766942 0.054008 0.023048
56 0.732803 0.454420 0.023877 0.023392
78 0.082717 0.165291 0.044912 0.023736
2595 0.513644 0.563983 0.051734 0.023736
2595 0.408755 0.397489 0.053439 0.023736
98 0.077317 0.749742 0.056850 0.023736
82 0.417567 0.132955 0.060830 0.023736
91 0.625071 0.607499 0.046049 0.024080
58 0.513076 0.840385 0.046049 0.024080
89 0.517055 0.356381 0.056282 0.024080
118 0.516771 0.331785 0.015918 0.024424
547 0.851052 0.651359 0.054576 0.024424
121 0.111143 0.410389 0.031268 0.024768
66 0.513360 0.791194 0.034110 0.024768
57 0.086413 0.255934 0.035247 0.024768
58 0.061683 0.570175 0.027857 0.025112
74 0.298465 0.651703 0.030699 0.025112
119 0.617396 0.905229 0.040932 0.025112
72 0.734224 0.334881 0.050597 0.025112
89 0.299602 0.879429 0.055713 0.025112
89 0.844230 0.388545 0.061399 0.025112
547 0.301592 0.815273 0.052871 0.026144
86 0.194429 0.273994 0.045480 0.026488
87 0.841103 0.805126 0.048323 0.026488
109 0.845935 0.720502 0.050028 0.026488
1821 0.407902 0.501720 0.051734 0.026488
98 0.840819 0.778294 0.055713 0.026488
105 0.745310 0.308738 0.059125 0.026488
126 0.739625 0.256794 0.045480 0.027176
2595 0.734224 0.764534 0.055145 0.027176
118 0.733087 0.704506 0.017624 0.027520
95 0.626208 0.712762 0.051734 0.027520
1173 0.192723 0.156519 0.054576 0.027520
107 0.081296 0.313897 0.045480 0.027864
1173 0.628482 0.355865 0.052871 0.027864
119 0.627629 0.253182 0.026151 0.028208
74 0.843377 0.750602 0.033542 0.028208
1990 0.108300 0.512040 0.042638 0.028552
87 0.733087 0.675783 0.043775 0.028552
4084 0.733940 0.842277 0.052302 0.028552
95 0.300455 0.678879 0.052871 0.028552
85 0.845651 0.179567 0.025583 0.028896
78 0.192439 0.413829 0.039227 0.028896
70 0.731950 0.733230 0.038090 0.029240
86 0.521603 0.255418 0.039227 0.029240
51 0.627629 0.423633 0.046617 0.029240
2423 0.190449 0.464568 0.055713 0.029240
253 0.517055 0.441692 0.034679 0.029584
1250 0.104605 0.542140 0.038658 0.029584
77 0.191870 0.534228 0.042638 0.029584
699 0.622229 0.794290 0.055145 0.029584
85 0.848493 0.579119 0.030131 0.029928
4397 0.731381 0.870829 0.031268 0.029928
76 0.407049 0.581527 0.038658 0.029928
3526 0.229392 0.239594 0.042638 0.029928
62 0.847641 0.360681 0.044343 0.029928
2555 0.188175 0.502408 0.054576 0.029928
70 0.082149 0.284486 0.034679 0.030272
4490 0.403354 0.851737 0.055145 0.030272
53 0.079591 0.137771 0.026151 0.030616
92 0.403638 0.876849 0.029562 0.030960
86 0.196134 0.631579 0.039795 0.030960
769 0.516771 0.738562 0.053439 0.030960
111 0.078738 0.773478 0.032405 0.031304
898 0.297897 0.598039 0.064810 0.031304
691 0.626777 0.577571 0.043775 0.031648
90 0.080159 0.342965 0.055713 0.032336
118 0.189596 0.839181 0.031268 0.032680
504 0.297897 0.335913 0.031836 0.032680
58 0.628198 0.182319 0.040932 0.033024
68 0.108016 0.481080 0.007959 0.033368
53 0.190449 0.304266 0.020466 0.033368
70 0.844798 0.230994 0.037521 0.033368
1887 0.624787 0.850877 0.065947 0.033368
118 0.408186 0.184039 0.025014 0.033712
119 0.626777 0.475404 0.025583 0.033712
111 0.186470 0.337805 0.030699 0.033712
92 0.628482 0.321981 0.034679 0.033712
2203 0.408755 0.220158 0.052302 0.033712
4490 0.733655 0.644995 0.052871 0.033712
1607 0.837408 0.460612 0.055713 0.033712
121 0.192155 0.598383 0.040932 0.034056
253 0.405344 0.819917 0.044343 0.034056
4440 0.522172 0.702786 0.068789 0.034400
3669 0.304434 0.370141 0.047186 0.035088
4256 0.847072 0.327141 0.052302 0.035088
4305 0.412450 0.366357 0.060830 0.035088
746 0.410745 0.468524 0.061967 0.035088
121 0.517624 0.221706 0.042638 0.035432
277 0.301308 0.494152 0.055713 0.035432
344 0.408755 0.673375 0.057987 0.035432
2476 0.733087 0.139147 0.063104 0.035432
68 0.850483 0.287926 0.015918 0.035776
83 0.301876 0.140351 0.032973 0.035776
62 0.191870 0.565875 0.048323 0.035776
90 0.845651 0.688854 0.058556 0.036120
1999 0.629335 0.389921 0.064810 0.036120
1773 0.741615 0.223426 0.069926 0.036120
1891 0.299602 0.176127 0.048891 0.036464
219 0.839113 0.841245 0.048891 0.036808
1887 0.190165 0.670623 0.056282 0.036808
253 0.737067 0.607499 0.038090 0.037152
1977 0.515065 0.407293 0.061399 0.037152
1917 0.295623 0.847781 0.043206 0.037496
1887 0.297897 0.714654 0.063673 0.037496
2885 0.846219 0.617475 0.044912 0.037840
2194 0.736214 0.531132 0.054576 0.037840
1256 0.622797 0.219470 0.047186 0.038528
3754 0.187322 0.195734 0.048323 0.038528
4064 0.622797 0.678707 0.055145 0.038528
721 0.622229 0.541968 0.051734 0.038872
90 0.190733 0.874613 0.052871 0.038872
3175 0.406481 0.296354 0.063673 0.038872
1104 0.845651 0.897661 0.065378 0.038872
1039 0.627629 0.637255 0.065947 0.038872
92 0.079306 0.851393 0.035816 0.039216
1250 0.408186 0.429481 0.050028 0.039560
1579 0.514213 0.142759 0.056282 0.039904
4496 0.737067 0.570691 0.059693 0.039904
4116 0.106310 0.617647 0.031836 0.040248
1136 0.298181 0.457688 0.048323 0.040248
2320 0.082149 0.810286 0.063104 0.040248
1296 0.409039 0.637083 0.059693 0.040592
1229 0.508528 0.526144 0.061967 0.040936
2479 0.843945 0.421053 0.049460 0.041280
2320 0.194144 0.729274 0.057419 0.041280
4063 0.192155 0.784314 0.063673 0.041280
2320 0.300171 0.753870 0.059125 0.041624
1521 0.845367 0.143791 0.065947 0.041968
4009 0.409608 0.710870 0.067652 0.042312
1158 0.297328 0.531820 0.053439 0.042656
4528 0.622797 0.143791 0.051734 0.043344
1505 0.734792 0.180427 0.042638 0.043688
1575 0.401933 0.259202 0.050028 0.043688
1319 0.402217 0.780702 0.067652 0.043688
1575 0.838829 0.499828 0.042638 0.044032
4538 0.509949 0.480564 0.055713 0.044032
241 0.076748 0.894737 0.051165 0.044720
1134 0.844514 0.543516 0.060830 0.044720
68 0.412166 0.540248 0.010233 0.045064
68 0.741046 0.370485 0.018761 0.045408
2193 0.733371 0.418473 0.040932 0.045752
1373 0.512791 0.631407 0.052302 0.045752
1300 0.296475 0.412625 0.056282 0.046440
3526 0.298749 0.294290 0.064241 0.046440
3714 0.627345 0.285174 0.064241 0.046784
922 0.294770 0.218782 0.069926 0.046784
2191 0.079022 0.218438 0.039795 0.047472
2594 0.733655 0.801686 0.057419 0.048504
3500 0.732234 0.494324 0.057987 0.051600
2850 0.625924 0.754386 0.067084 0.051600
