128 0.131302 0.885105 0.021053 0.008256
169 0.459834 0.892157 0.039889 0.012728
101 0.573684 0.164947 0.060388 0.014104
169 0.250970 0.630891 0.038781 0.015136
101 0.668975 0.607671 0.067036 0.015480
128 0.131579 0.340385 0.017175 0.016168
57 0.466759 0.564155 0.032687 0.016512
57 0.254571 0.161507 0.038227 0.016856
57 0.142936 0.841761 0.040997 0.017888
28 0.135457 0.211386 0.030471 0.018232
297 0.354294 0.366185 0.051524 0.018232
91 0.665097 0.864293 0.034903 0.018920
93 0.785319 0.162883 0.047091 0.018920
88 0.672022 0.363261 0.040997 0.020640
101 0.243213 0.422085 0.060942 0.020640
57 0.675900 0.261438 0.029917 0.021328
52 0.568975 0.260062 0.048753 0.021328
57 0.365374 0.228242 0.039335 0.021672
64 0.133518 0.861541 0.043213 0.021672
120 0.137119 0.737874 0.029363 0.022016
56 0.244875 0.730134 0.025485 0.022360
91 0.567036 0.507052 0.034903 0.022704
119 0.563435 0.894737 0.045429 0.022704
110 0.280055 0.306674 0.029363 0.023048
91 0.463712 0.214482 0.038781 0.023048
92 0.569806 0.315617 0.039335 0.023048
57 0.881440 0.850189 0.047645 0.023048
85 0.568144 0.597867 0.038227 0.023392
52 0.240166 0.891641 0.048199 0.023392
168 0.254294 0.250258 0.031025 0.023736
132 0.352632 0.890093 0.034903 0.023736
64 0.133795 0.124355 0.039335 0.023736
101 0.880055 0.609907 0.059280 0.024080
64 0.672853 0.394049 0.036011 0.024424
52 0.568698 0.848125 0.043767 0.024424
297 0.781717 0.394049 0.048753 0.024424
81 0.670083 0.129515 0.055956 0.024424
91 0.458449 0.681803 0.038227 0.024768
88 0.878947 0.678707 0.043767 0.024768
117 0.284211 0.534400 0.023269 0.025112
52 0.670360 0.200034 0.047645 0.025112
113 0.352078 0.609391 0.059280 0.025112
52 0.242382 0.792570 0.045983 0.025456
56 0.569806 0.538528 0.024931 0.025800
91 0.567313 0.731510 0.042105 0.025800
499 0.667867 0.791538 0.052632 0.026144
168 0.255956 0.613175 0.029917 0.026488
168 0.461219 0.877021 0.033795 0.026488
91 0.772299 0.643103 0.035457 0.026488
87 0.248476 0.496216 0.044875 0.026488
128 0.460665 0.331613 0.017175 0.026832
53 0.284211 0.282422 0.021053 0.026832
117 0.570360 0.872377 0.022715 0.026832
84 0.355679 0.437221 0.049861 0.026832
91 0.356787 0.788614 0.035457 0.027176
122 0.129917 0.896285 0.042659 0.027176
91 0.462050 0.366529 0.043213 0.027176
52 0.458726 0.513416 0.045429 0.027176
126 0.770083 0.845717 0.057618 0.027176
56 0.134903 0.318197 0.024931 0.027520
148 0.354848 0.866529 0.047091 0.027520
55 0.774792 0.508772 0.050416 0.027520
132 0.360665 0.682319 0.028809 0.027864
91 0.458726 0.541624 0.039889 0.027864
127 0.573130 0.790678 0.052632 0.027864
55 0.136842 0.668559 0.056510 0.027864
87 0.357341 0.708978 0.038781 0.028208
115 0.876731 0.516340 0.049307 0.028208
83 0.135457 0.641899 0.049307 0.028208
98 0.131856 0.150671 0.054294 0.028208
1002 0.877562 0.823529 0.067590 0.028208
117 0.495291 0.813381 0.021053 0.028552
67 0.364266 0.299106 0.051524 0.028552
87 0.880886 0.438596 0.037673 0.028896
91 0.670083 0.421053 0.041551 0.028896
60 0.875900 0.320089 0.025485 0.029240
120 0.134072 0.447712 0.027701 0.029240
120 0.778947 0.575679 0.028809 0.029240
90 0.491413 0.839353 0.038781 0.029584
127 0.362327 0.200206 0.047645 0.029584
55 0.244598 0.764706 0.059280 0.029584
88 0.880886 0.169419 0.032133 0.029928
120 0.670083 0.711042 0.022715 0.030272
111 0.237950 0.856897 0.032687 0.030272
72 0.569806 0.820433 0.050416 0.030272
2134 0.132687 0.525800 0.049307 0.030616
119 0.352355 0.538700 0.022161 0.030960
111 0.878947 0.252494 0.029363 0.030960
66 0.359003 0.169591 0.036565 0.030960
253 0.131579 0.244582 0.055956 0.030960
547 0.572299 0.193670 0.056510 0.030960
90 0.278670 0.562092 0.033241 0.031648
127 0.255402 0.186103 0.052078 0.031648
73 0.573961 0.761266 0.059834 0.031648
111 0.565097 0.423633 0.025485 0.031992
55 0.137119 0.766598 0.059280 0.031992
890 0.663712 0.888201 0.049861 0.032336
1173 0.246537 0.657379 0.057618 0.032336
125 0.878116 0.545752 0.042105 0.032680
83 0.570083 0.287410 0.045429 0.032680
87 0.251247 0.220674 0.048199 0.032680
74 0.777839 0.613003 0.037673 0.033024
68 0.776731 0.716030 0.009972 0.033368
120 0.354294 0.506192 0.021607 0.033368
83 0.569529 0.226178 0.025485 0.033368
87 0.674515 0.499312 0.040443 0.033368
495 0.675346 0.636911 0.058726 0.033368
107 0.462050 0.300826 0.036565 0.034056
74 0.673130 0.229962 0.039889 0.034056
253 0.880609 0.793774 0.040443 0.034056
113 0.129917 0.176987 0.043767 0.034056
122 0.457895 0.397489 0.045983 0.034056
253 0.879501 0.582043 0.039335 0.034400
95 0.777839 0.359133 0.043213 0.034400
113 0.669252 0.576195 0.045429 0.034400
115 0.351801 0.471964 0.049861 0.034400
72 0.563158 0.627107 0.053740 0.034400
272 0.137119 0.485036 0.061496 0.034400
58 0.245706 0.394049 0.047091 0.034744
132 0.357341 0.331269 0.035457 0.035088
1173 0.881717 0.362229 0.058172 0.035088
119 0.130748 0.277778 0.038781 0.035432
53 0.672022 0.464396 0.019945 0.035776
126 0.780609 0.474028 0.038781 0.035776
87 0.876454 0.287238 0.046537 0.035776
1917 0.875346 0.880633 0.049861 0.035776
272 0.357341 0.134159 0.064266 0.035776
4116 0.136011 0.560028 0.050416 0.036464
82 0.574515 0.570347 0.059834 0.036464
68 0.673961 0.290850 0.018283 0.036808
119 0.132133 0.366701 0.032687 0.037152
54 0.878670 0.756794 0.049861 0.037152
89 0.566205 0.663227 0.052078 0.037152
2678 0.569529 0.351221 0.054294 0.037152
750 0.567867 0.388717 0.059834 0.037152
66 0.245706 0.357585 0.043767 0.037496
121 0.778116 0.134159 0.041551 0.037840
59 0.674792 0.539388 0.047645 0.037840
74 0.568144 0.698830 0.040443 0.038872
85 0.354294 0.574131 0.033795 0.039216
83 0.670360 0.161679 0.034349 0.039216
126 0.782825 0.232542 0.036565 0.039216
4052 0.770914 0.880977 0.061496 0.039216
119 0.778947 0.540936 0.032133 0.039560
92 0.780055 0.275198 0.033241 0.039904
76 0.458726 0.479360 0.032133 0.040248
51 0.249030 0.133643 0.044875 0.040248
76 0.133518 0.414001 0.045429 0.040248
1193 0.355125 0.263330 0.056510 0.040248
3258 0.459280 0.182147 0.059834 0.040248
1197 0.464543 0.771930 0.057064 0.040592
3192 0.876731 0.717406 0.054848 0.040936
1778 0.574515 0.136911 0.045429 0.041280
62 0.462050 0.435501 0.045429 0.041280
316 0.355402 0.401789 0.057064 0.041280
118 0.236565 0.826453 0.035457 0.041624
2593 0.244044 0.694702 0.044875 0.041624
2489 0.566759 0.469556 0.062050 0.042656
119 0.137673 0.705022 0.032687 0.043000
1099 0.880055 0.481596 0.047091 0.043344
111 0.773961 0.755246 0.026593 0.044376
3995 0.873684 0.402477 0.053186 0.044720
1010 0.455956 0.650155 0.072022 0.044720
63 0.679778 0.331097 0.055402 0.045752
118 0.781994 0.318541 0.033795 0.046096
1834 0.778947 0.678019 0.056510 0.046096
3665 0.240720 0.459408 0.059280 0.046440
3283 0.459834 0.137943 0.037673 0.046784
1087 0.353186 0.825937 0.044875 0.046784
1917 0.668421 0.672171 0.052632 0.046784
971 0.885873 0.139663 0.056510 0.046784
1560 0.466759 0.255934 0.050416 0.047472
2983 0.667590 0.754042 0.047645 0.048160
2143 0.455402 0.603371 0.068698 0.048160
2709 0.880055 0.641727 0.045983 0.048504
1116 0.667313 0.830925 0.047091 0.048504
1999 0.353740 0.746646 0.069252 0.049192
4252 0.135180 0.807706 0.053186 0.049536
4310 0.778393 0.432061 0.062050 0.050912
1116 0.878116 0.210526 0.050970 0.051600
333 0.781163 0.207774 0.066482 0.051600
1116 0.772576 0.806502 0.053740 0.052632
118 0.357895 0.648779 0.035457 0.052976
2061 0.458449 0.724630 0.055956 0.053320
3063 0.135457 0.602167 0.065928 0.053320
