246 0.285632 0.455556 0.048276 0.007179
861 0.223276 0.313162 0.031609 0.011624
861 0.766379 0.348376 0.032759 0.012308
173 0.729023 0.377778 0.037356 0.012308
188 0.729598 0.142051 0.028161 0.014701
203 0.622126 0.372821 0.040805 0.015385
101 0.507471 0.612650 0.062069 0.015726
302 0.219540 0.297265 0.035632 0.016068
302 0.767241 0.331453 0.037931 0.016752
120 0.503448 0.285128 0.025287 0.017094
57 0.730172 0.658291 0.039655 0.017436
52 0.181322 0.454872 0.046552 0.017436
57 0.078448 0.211966 0.032759 0.017778
56 0.174425 0.798120 0.025862 0.018120
52 0.837356 0.548034 0.040230 0.018462
52 0.067816 0.832821 0.041379 0.018462
92 0.399713 0.506667 0.043103 0.018462
55 0.619253 0.631795 0.050000 0.018462
56 0.175287 0.661538 0.024138 0.019145
101 0.622126 0.455556 0.058046 0.019487
55 0.504598 0.842051 0.048276 0.019829
89 0.619253 0.582051 0.055747 0.020171
118 0.506322 0.885128 0.022989 0.021880
132 0.194540 0.910427 0.028161 0.021880
57 0.620690 0.869744 0.037931 0.021880
92 0.068966 0.727521 0.044828 0.021880
101 0.073563 0.445470 0.057471 0.021880
92 0.509195 0.861709 0.025287 0.022222
57 0.622414 0.606325 0.036782 0.022222
193 0.837356 0.447863 0.032184 0.022564
88 0.286207 0.526325 0.024138 0.022906
83 0.615230 0.432650 0.037356 0.022906
81 0.504310 0.706496 0.045402 0.022906
93 0.288218 0.853846 0.053448 0.022906
166 0.731322 0.689231 0.016667 0.023248
88 0.400287 0.145812 0.040805 0.023590
91 0.397126 0.905470 0.043678 0.023590
119 0.286494 0.904615 0.025862 0.023932
861 0.836207 0.145983 0.048276 0.023932
95 0.509483 0.907692 0.050000 0.023932
1810 0.175575 0.726496 0.023563 0.024615
91 0.505172 0.360000 0.041379 0.024615
1810 0.178736 0.634701 0.022989 0.024957
1810 0.617241 0.903419 0.028736 0.024957
66 0.505460 0.561538 0.033908 0.024957
113 0.177586 0.893846 0.048276 0.024957
302 0.176149 0.601880 0.048851 0.024957
1214 0.070402 0.703761 0.050000 0.024957
1214 0.507471 0.528376 0.052874 0.024957
85 0.067241 0.621197 0.024138 0.025299
55 0.069828 0.810598 0.046552 0.025299
272 0.862356 0.378803 0.052299 0.025299
119 0.181322 0.180684 0.020115 0.025641
83 0.504023 0.815556 0.042529 0.025641
148 0.288506 0.400000 0.027586 0.025983
126 0.284483 0.192821 0.043678 0.025983
119 0.177011 0.874017 0.017241 0.026325
66 0.065517 0.754359 0.034483 0.026325
76 0.830747 0.896923 0.041954 0.026325
134 0.843103 0.420513 0.019540 0.026667
110 0.618966 0.349060 0.036782 0.026667
547 0.177586 0.849231 0.051724 0.026667
76 0.283333 0.268205 0.033333 0.027009
51 0.074138 0.188889 0.040230 0.027692
90 0.068391 0.420000 0.040230 0.027692
87 0.839655 0.571453 0.042529 0.027692
88 0.729023 0.236752 0.043103 0.027692
98 0.289943 0.877607 0.031609 0.028034
547 0.400575 0.177094 0.045977 0.028034
134 0.725287 0.398120 0.021839 0.028376
84 0.613793 0.710598 0.039080 0.028376
547 0.733333 0.765299 0.049425 0.028376
85 0.834770 0.219829 0.024713 0.028718
71 0.508046 0.680342 0.041379 0.028718
91 0.401437 0.283932 0.035057 0.029060
91 0.070402 0.510598 0.040805 0.029060
77 0.618678 0.516752 0.044253 0.029060
251 0.175862 0.693333 0.049425 0.029402
2134 0.619828 0.780171 0.055747 0.029402
85 0.285920 0.697265 0.028161 0.029744
83 0.065517 0.782735 0.039080 0.029744
118 0.176149 0.821538 0.021264 0.030085
85 0.178736 0.424615 0.025287 0.030085
86 0.402299 0.606154 0.033333 0.030085
1083 0.399713 0.691966 0.033908 0.030085
54 0.070690 0.319316 0.040230 0.030085
72 0.279885 0.595214 0.045977 0.030085
95 0.181609 0.281538 0.051724 0.030427
83 0.397989 0.481368 0.036207 0.030769
107 0.507759 0.589744 0.037356 0.030769
68 0.070115 0.390427 0.042529 0.030769
91 0.397414 0.724444 0.043103 0.030769
117 0.506322 0.229915 0.016092 0.031111
132 0.283046 0.429573 0.027011 0.031111
84 0.834195 0.800513 0.038506 0.031111
118 0.178448 0.252308 0.018966 0.031453
132 0.729885 0.166154 0.031034 0.031453
91 0.070977 0.592479 0.041954 0.031453
126 0.732471 0.830769 0.053448 0.031453
113 0.728161 0.307179 0.044828 0.031795
98 0.615805 0.404786 0.045402 0.032137
316 0.397414 0.878632 0.066092 0.032137
119 0.070977 0.237436 0.021264 0.032479
126 0.507759 0.196068 0.043103 0.032479
55 0.282184 0.626838 0.044828 0.032479
98 0.176437 0.151111 0.045977 0.032821
76 0.396264 0.207863 0.033908 0.033504
62 0.503736 0.262564 0.033908 0.033504
1174 0.728448 0.480342 0.041954 0.033504
1927 0.834770 0.611453 0.053448 0.033846
3231 0.839368 0.724615 0.054598 0.033846
111 0.177586 0.565812 0.031034 0.034188
70 0.729598 0.796923 0.031609 0.034188
699 0.177011 0.348376 0.043678 0.034188
272 0.614943 0.744615 0.064368 0.034188
504 0.839368 0.641880 0.035057 0.034530
53 0.618391 0.554188 0.018391 0.034872
68 0.725575 0.518803 0.007471 0.035214
1003 0.614943 0.483932 0.056322 0.035214
111 0.070402 0.351795 0.027011 0.035556
92 0.175000 0.218462 0.028161 0.035556
273 0.398276 0.846838 0.029885 0.035556
253 0.731897 0.200342 0.041954 0.035556
2151 0.617816 0.224615 0.048276 0.035556
322 0.728448 0.442051 0.056897 0.035556
253 0.179310 0.764274 0.039080 0.035897
277 0.839368 0.483590 0.051149 0.035897
51 0.399138 0.536752 0.043103 0.036239
1193 0.722414 0.272821 0.057471 0.036239
2748 0.401724 0.403248 0.048276 0.036581
4084 0.395690 0.808034 0.054598 0.036581
119 0.841092 0.344957 0.023563 0.036923
4344 0.508046 0.399316 0.055172 0.036923
273 0.178161 0.384444 0.029885 0.037265
1354 0.725862 0.867009 0.049425 0.037607
1114 0.072414 0.476239 0.050575 0.037607
53 0.284195 0.565299 0.018966 0.037949
121 0.397414 0.571795 0.031609 0.037949
4222 0.072701 0.902906 0.058046 0.038291
1551 0.282184 0.782735 0.040230 0.038632
83 0.178736 0.528205 0.027586 0.038974
121 0.283046 0.658462 0.043103 0.038974
1576 0.727011 0.896410 0.059770 0.038974
2885 0.286494 0.739316 0.041954 0.039316
2697 0.615805 0.267350 0.044253 0.039658
1579 0.839080 0.764786 0.045977 0.039658
2866 0.839943 0.260171 0.051149 0.039658
330 0.069828 0.155556 0.040805 0.040342
1114 0.399138 0.248889 0.045402 0.040342
83 0.507759 0.738632 0.025862 0.040684
4166 0.071552 0.555043 0.055747 0.040684
4053 0.729885 0.728376 0.057471 0.040684
316 0.620115 0.311282 0.066667 0.040684
68 0.833046 0.518632 0.015517 0.041026
83 0.070977 0.863932 0.030460 0.041026
3665 0.396839 0.768889 0.060345 0.041026
3739 0.071839 0.283248 0.044828 0.041368
3665 0.397701 0.318462 0.047126 0.041368
3669 0.839943 0.680171 0.047701 0.041368
2593 0.725575 0.620000 0.035057 0.042051
2614 0.505172 0.490085 0.043678 0.042051
322 0.507184 0.323248 0.068391 0.042051
561 0.282471 0.153846 0.055747 0.042393
1354 0.504885 0.642906 0.041954 0.042735
3669 0.404598 0.360855 0.048276 0.042735
3135 0.286494 0.353675 0.052299 0.042735
1438 0.725862 0.577094 0.044828 0.043077
121 0.399425 0.443761 0.033333 0.043761
81 0.178161 0.485812 0.047126 0.043761
1579 0.285632 0.492650 0.052874 0.043761
121 0.281322 0.823077 0.035057 0.044103
1381 0.506322 0.156068 0.045977 0.044103
3665 0.503736 0.783761 0.052299 0.044103
440 0.286207 0.231453 0.058621 0.044444
2614 0.068103 0.662393 0.039655 0.044786
3153 0.509770 0.445641 0.041379 0.044786
1373 0.836207 0.302906 0.047126 0.045128
68 0.614655 0.158632 0.010920 0.045812
4163 0.280172 0.309060 0.032759 0.045812
4116 0.836782 0.182735 0.042529 0.046838
4166 0.399425 0.652308 0.064368 0.047863
3481 0.614655 0.670769 0.052299 0.050598
4116 0.618391 0.824444 0.040230 0.055043
4069 0.833621 0.854188 0.052299 0.058462
