120 0.716939 0.459403 0.024761 0.019431
88 0.834834 0.708189 0.032077 0.028452
92 0.348621 0.345767 0.052335 0.028799
85 0.589758 0.889660 0.031514 0.029146
120 0.595948 0.392783 0.043894 0.029840
74 0.711874 0.778799 0.036016 0.030187
85 0.347496 0.568529 0.037704 0.030187
88 0.721441 0.745316 0.029263 0.030534
120 0.836522 0.674358 0.026449 0.030881
1415 0.469893 0.251041 0.078784 0.030881
51 0.718908 0.434074 0.054586 0.031228
118 0.822454 0.803088 0.034328 0.031575
86 0.727068 0.650069 0.038267 0.031575
85 0.232977 0.472935 0.021384 0.031922
83 0.107766 0.886017 0.053461 0.032269
120 0.236353 0.256593 0.029263 0.032963
52 0.593697 0.520298 0.063028 0.032963
85 0.836241 0.225191 0.028137 0.033310
68 0.707091 0.528452 0.029826 0.033310
88 0.472988 0.286260 0.030951 0.034004
126 0.593134 0.805170 0.065279 0.034351
124 0.226224 0.623872 0.059651 0.034698
83 0.826393 0.305690 0.048959 0.035392
85 0.839336 0.591083 0.021947 0.035739
109 0.712999 0.812457 0.070906 0.035739
85 0.841587 0.879598 0.032077 0.036086
117 0.714969 0.492019 0.021947 0.036780
74 0.713281 0.166551 0.041080 0.036780
118 0.228475 0.386364 0.047271 0.037127
126 0.475521 0.384802 0.061902 0.038168
2751 0.472988 0.627689 0.065841 0.039556
117 0.351716 0.167245 0.031514 0.040250
111 0.717501 0.397641 0.043894 0.040250
121 0.594541 0.600278 0.051210 0.040250
68 0.592290 0.360167 0.069218 0.040250
91 0.477772 0.667592 0.074282 0.040944
54 0.347496 0.780534 0.047833 0.041291
111 0.596792 0.642262 0.036579 0.041638
58 0.716376 0.853574 0.038267 0.041638
91 0.229882 0.778279 0.050084 0.041638
58 0.350591 0.604094 0.064153 0.041638
90 0.111142 0.843164 0.081598 0.041638
126 0.105796 0.682859 0.054024 0.042332
87 0.718346 0.566447 0.062465 0.042679
60 0.349747 0.206107 0.027575 0.043026
57 0.116488 0.450382 0.054024 0.043026
109 0.232977 0.424879 0.070906 0.043373
71 0.602983 0.477273 0.075971 0.043373
51 0.233258 0.345420 0.055712 0.044067
109 0.350872 0.525850 0.066967 0.044067
51 0.345245 0.252602 0.072594 0.044414
68 0.353123 0.739591 0.033202 0.044761
70 0.832020 0.630638 0.045582 0.044761
91 0.348340 0.822346 0.050647 0.045108
71 0.836804 0.839348 0.077659 0.045108
95 0.348621 0.381853 0.069218 0.045455
126 0.350310 0.695697 0.050084 0.045802
87 0.229319 0.215475 0.080473 0.045802
85 0.231007 0.167071 0.038829 0.046149
96 0.232696 0.582408 0.086100 0.046149
58 0.226787 0.665337 0.041643 0.046842
120 0.723410 0.312110 0.084975 0.046842
68 0.832583 0.264053 0.024198 0.047189
121 0.713562 0.612595 0.074282 0.047536
92 0.349465 0.643997 0.037141 0.047883
66 0.594823 0.431124 0.039392 0.048230
481 0.112831 0.341603 0.063590 0.048230
3758 0.826674 0.556558 0.077659 0.048577
1101 0.467642 0.425746 0.057400 0.049965
1990 0.228756 0.825121 0.091728 0.049965
1173 0.117051 0.172276 0.088914 0.050312
91 0.113675 0.292158 0.064153 0.050659
108 0.469612 0.876475 0.089477 0.051353
68 0.710186 0.208362 0.023635 0.051700
121 0.713562 0.259022 0.045020 0.051700
91 0.469049 0.824948 0.053461 0.051700
117 0.349184 0.478487 0.030951 0.052047
4182 0.473832 0.574254 0.081035 0.052741
82 0.603264 0.559160 0.084412 0.053088
1250 0.227068 0.879598 0.061339 0.053435
92 0.586382 0.308640 0.060777 0.053782
2894 0.341868 0.875954 0.105234 0.053782
1740 0.468205 0.336398 0.086663 0.055170
83 0.347777 0.432686 0.028137 0.055517
79 0.350591 0.304997 0.060777 0.055517
1768 0.826956 0.501214 0.095104 0.055864
58 0.474114 0.765788 0.060214 0.056211
2285 0.586663 0.172797 0.093979 0.056211
3675 0.595385 0.849584 0.051773 0.056558
76 0.826393 0.756419 0.045582 0.057599
82 0.117614 0.792679 0.087788 0.059334
91 0.111424 0.571999 0.046145 0.060028
3899 0.113675 0.395906 0.058526 0.060375
2264 0.593416 0.694656 0.083849 0.060375
4084 0.713281 0.699688 0.081598 0.062110
76 0.107485 0.738203 0.047271 0.062804
316 0.715532 0.359646 0.109736 0.062804
1813 0.827518 0.175920 0.057963 0.064539
4070 0.225380 0.726058 0.075971 0.064885
3500 0.591446 0.761971 0.074282 0.065232
1959 0.107203 0.505031 0.080473 0.065579
1870 0.831458 0.357564 0.081598 0.066273
1999 0.112268 0.232824 0.068092 0.068702
3741 0.221159 0.521860 0.088914 0.068702
1575 0.106359 0.636190 0.048396 0.071131
1052 0.584975 0.244622 0.093979 0.076336
68 0.680079 0.864677 0.015194 0.088133
68 0.469612 0.186329 0.015194 0.088827
88 0.829488 0.429563 0.036016 0.095073
296 0.465954 0.498612 0.070906 0.097849
