101 0.622396 0.478253 0.056134 0.010701
128 0.073206 0.828098 0.010995 0.011046
56 0.734375 0.158095 0.020833 0.014498
57 0.519097 0.204004 0.039352 0.015188
57 0.743345 0.437176 0.035301 0.015533
128 0.515046 0.329651 0.013889 0.016569
92 0.843750 0.657922 0.043981 0.016569
162 0.854745 0.823956 0.023148 0.017259
57 0.517361 0.798412 0.032407 0.017950
92 0.074363 0.605109 0.043403 0.017950
92 0.293692 0.630652 0.044560 0.018640
92 0.629919 0.784432 0.042245 0.019676
82 0.409433 0.160683 0.056134 0.019676
56 0.847222 0.455989 0.024306 0.020021
126 0.302373 0.900242 0.044560 0.020021
92 0.184606 0.827408 0.046296 0.020021
93 0.188079 0.504660 0.052083 0.020711
93 0.408565 0.895582 0.057870 0.021056
88 0.072338 0.343114 0.019676 0.021401
120 0.073785 0.747670 0.023727 0.021401
98 0.287905 0.301346 0.050347 0.021401
56 0.624711 0.184156 0.026042 0.021747
91 0.076968 0.901105 0.039352 0.021747
81 0.072627 0.440110 0.043403 0.022092
98 0.403067 0.487746 0.053819 0.022092
499 0.516493 0.867104 0.058449 0.022092
92 0.074653 0.365551 0.042824 0.022782
52 0.735532 0.263031 0.043981 0.022782
81 0.625868 0.736624 0.045718 0.022782
93 0.852141 0.776148 0.046875 0.023127
81 0.737847 0.316362 0.049769 0.023127
120 0.184896 0.185709 0.027199 0.023473
57 0.850116 0.586124 0.034722 0.023473
89 0.735822 0.205385 0.052662 0.023473
52 0.848090 0.270452 0.042245 0.023818
81 0.622396 0.304625 0.044560 0.023818
98 0.622975 0.160338 0.052662 0.023818
499 0.847801 0.560925 0.054398 0.024163
91 0.184896 0.776838 0.036458 0.024508
52 0.294850 0.278046 0.045718 0.024508
113 0.625000 0.612875 0.050926 0.024508
88 0.293692 0.362444 0.024884 0.024853
2134 0.293113 0.170176 0.044560 0.024853
115 0.513600 0.642389 0.048032 0.024853
98 0.399884 0.598205 0.055556 0.024853
89 0.075810 0.498964 0.053241 0.025198
66 0.736111 0.351398 0.031250 0.025544
126 0.519097 0.895064 0.043981 0.025544
55 0.402778 0.538833 0.048611 0.025544
85 0.831308 0.892475 0.022569 0.025889
64 0.183738 0.530721 0.031829 0.025889
76 0.624421 0.761305 0.037037 0.025889
104 0.075231 0.196928 0.045139 0.025889
126 0.407118 0.805143 0.046875 0.025889
68 0.512442 0.231619 0.048032 0.026234
118 0.291667 0.744391 0.026620 0.026579
91 0.073785 0.810666 0.037616 0.026579
76 0.520255 0.736969 0.031250 0.026924
66 0.186921 0.132896 0.034722 0.026924
72 0.182581 0.160166 0.045718 0.026924
84 0.184317 0.803072 0.052662 0.027270
85 0.848669 0.680359 0.026042 0.027615
74 0.073206 0.133932 0.035301 0.027615
66 0.735243 0.290645 0.035301 0.027615
76 0.737847 0.859855 0.038194 0.027615
91 0.405382 0.654815 0.041088 0.027615
85 0.402488 0.511391 0.019097 0.027960
119 0.849826 0.877287 0.023727 0.027960
118 0.734086 0.179841 0.024884 0.028305
92 0.850116 0.800828 0.033565 0.028305
91 0.515336 0.429065 0.043403 0.028305
123 0.623553 0.212461 0.022569 0.028650
98 0.839699 0.298067 0.063657 0.028650
85 0.847801 0.240594 0.027778 0.028996
123 0.517072 0.708664 0.028356 0.028996
74 0.403935 0.626165 0.033565 0.028996
62 0.406539 0.873317 0.043403 0.028996
115 0.846065 0.321712 0.047454 0.028996
118 0.737269 0.459959 0.017361 0.029341
51 0.624421 0.277701 0.041667 0.029341
95 0.297743 0.768554 0.050347 0.029341
85 0.624132 0.585433 0.019097 0.029686
88 0.739005 0.780808 0.045139 0.029686
87 0.183738 0.852779 0.041088 0.030031
91 0.188368 0.708837 0.043403 0.030031
126 0.293692 0.436486 0.046875 0.030031
85 0.074653 0.530894 0.021991 0.030376
86 0.082176 0.225406 0.033565 0.030376
87 0.846065 0.133241 0.046296 0.030376
88 0.411458 0.734898 0.047454 0.030376
1415 0.403935 0.337073 0.050926 0.030721
85 0.735532 0.622713 0.024306 0.031067
74 0.847512 0.387642 0.030671 0.031067
88 0.627025 0.675354 0.048032 0.031412
3526 0.626447 0.892130 0.058449 0.031412
118 0.620949 0.641353 0.033565 0.031757
58 0.850405 0.848809 0.036458 0.031757
86 0.631366 0.132206 0.037037 0.031757
76 0.514468 0.260960 0.037037 0.031757
125 0.850116 0.352779 0.043981 0.031757
85 0.184028 0.315326 0.020833 0.032102
98 0.622106 0.377114 0.048611 0.032102
119 0.737847 0.380739 0.018519 0.032447
92 0.510127 0.463583 0.031829 0.032447
87 0.625289 0.708664 0.043403 0.032447
2151 0.734954 0.538488 0.046296 0.032447
126 0.410301 0.411460 0.054398 0.032447
118 0.849537 0.482741 0.018519 0.032793
85 0.291956 0.249051 0.021412 0.032793
52 0.843750 0.165171 0.042824 0.032793
88 0.403356 0.302900 0.045139 0.032793
123 0.736690 0.133932 0.024306 0.033138
85 0.297164 0.799793 0.026042 0.033138
121 0.074074 0.164653 0.037037 0.033138
76 0.403646 0.133759 0.036458 0.033483
76 0.623843 0.410252 0.038194 0.033483
125 0.514757 0.672247 0.039931 0.033483
87 0.734664 0.413704 0.042245 0.033483
87 0.512731 0.496893 0.042824 0.033483
254 0.627315 0.822057 0.047454 0.033483
111 0.182292 0.599758 0.031250 0.034173
316 0.512442 0.396099 0.070023 0.034173
90 0.403646 0.188126 0.053819 0.034518
4440 0.300637 0.832240 0.053819 0.034518
74 0.514468 0.577321 0.034722 0.034864
121 0.515625 0.612530 0.039352 0.034864
111 0.406829 0.567829 0.019676 0.035209
4486 0.072917 0.263721 0.040509 0.035209
62 0.077257 0.467380 0.041088 0.035209
480 0.736979 0.502244 0.052662 0.035209
62 0.622396 0.244909 0.042245 0.035554
51 0.736690 0.233517 0.046296 0.035554
1834 0.742766 0.889713 0.051505 0.035554
111 0.075521 0.778737 0.028356 0.035899
680 0.513021 0.360028 0.032986 0.035899
2151 0.185185 0.635140 0.049769 0.035899
316 0.293403 0.330342 0.065972 0.035899
3735 0.069734 0.718502 0.046875 0.036244
83 0.071759 0.677598 0.026620 0.036590
58 0.848958 0.712461 0.031250 0.036590
504 0.512442 0.135830 0.036458 0.036935
2885 0.293981 0.473421 0.037037 0.036935
720 0.740741 0.657404 0.047454 0.036935
111 0.185475 0.745599 0.026042 0.037280
725 0.293113 0.602175 0.051505 0.037625
3198 0.291667 0.869348 0.060185 0.037625
121 0.184317 0.476355 0.034144 0.037970
3735 0.182292 0.438039 0.046296 0.037970
272 0.296007 0.136348 0.049190 0.037970
121 0.184028 0.563169 0.038194 0.038315
3089 0.846644 0.202106 0.061343 0.038315
2162 0.629051 0.859682 0.064815 0.038315
83 0.182002 0.395927 0.024884 0.038661
83 0.403646 0.223680 0.031829 0.038661
835 0.405961 0.771833 0.053819 0.038661
3283 0.622975 0.505523 0.041088 0.039006
62 0.853588 0.750604 0.048611 0.039006
1799 0.186343 0.673110 0.043981 0.039351
1977 0.403935 0.376079 0.055556 0.039696
121 0.850116 0.423542 0.043981 0.040041
83 0.293403 0.514670 0.028935 0.040732
83 0.624421 0.337245 0.031250 0.040732
2709 0.403356 0.265792 0.039352 0.040732
3192 0.186632 0.355885 0.045718 0.040732
1250 0.625000 0.446842 0.043981 0.041077
3669 0.515336 0.175354 0.043403 0.041422
3192 0.401910 0.839144 0.053819 0.041422
68 0.520255 0.771660 0.012731 0.041767
68 0.189815 0.885916 0.015046 0.041767
68 0.520255 0.531584 0.016204 0.042113
2983 0.846644 0.522610 0.040509 0.042113
1799 0.844329 0.623404 0.052083 0.042113
2983 0.516782 0.833448 0.045139 0.042458
58 0.293981 0.709009 0.039352 0.043493
3175 0.186632 0.279945 0.044560 0.043493
2599 0.072917 0.861581 0.046296 0.043493
3675 0.294560 0.558854 0.042824 0.044184
2599 0.293692 0.666897 0.049190 0.044184
1740 0.291956 0.399033 0.059606 0.044184
69 0.744502 0.691232 0.024884 0.044529
4700 0.072627 0.304625 0.049190 0.045910
959 0.622975 0.549361 0.050347 0.045910
2885 0.073495 0.635830 0.035880 0.046255
268 0.403935 0.696583 0.046296 0.046255
3258 0.074363 0.572661 0.052662 0.046255
1126 0.740451 0.741629 0.049190 0.046600
3019 0.735822 0.578875 0.043403 0.046945
1193 0.735532 0.822230 0.057870 0.046945
2591 0.070602 0.401277 0.048611 0.048671
3192 0.404514 0.451674 0.043981 0.050052
4116 0.294271 0.209009 0.041088 0.052123
3340 0.188368 0.229203 0.059606 0.057301
