1406 0.482264 0.659184 0.023086 0.011309
698 0.617399 0.790439 0.026464 0.014051
297 0.721284 0.766450 0.034910 0.014736
698 0.074887 0.577450 0.034910 0.015079
2134 0.482264 0.696025 0.039977 0.016450
56 0.177928 0.899931 0.050676 0.016450
68 0.421453 0.433859 0.006194 0.017135
65 0.812218 0.808773 0.028716 0.017135
83 0.578829 0.861720 0.018018 0.017478
1406 0.668637 0.648903 0.032095 0.017478
88 0.810248 0.752913 0.012387 0.017820
881 0.665259 0.666552 0.033221 0.017820
252 0.670890 0.792324 0.036599 0.017820
57 0.298705 0.282899 0.032095 0.018163
101 0.181025 0.426491 0.053491 0.018163
108 0.619088 0.647875 0.012950 0.018849
120 0.178491 0.881254 0.024775 0.018849
107 0.421734 0.452193 0.029279 0.018849
1406 0.618525 0.769877 0.033221 0.018849
92 0.072354 0.772961 0.044482 0.018849
1406 0.185248 0.380398 0.039414 0.019191
92 0.289696 0.713845 0.043356 0.019191
107 0.495214 0.846470 0.034347 0.019877
881 0.182995 0.581220 0.036036 0.019877
91 0.076014 0.520733 0.037162 0.020219
2595 0.422579 0.512509 0.039977 0.020219
92 0.832207 0.180432 0.045045 0.020219
495 0.666385 0.635195 0.047860 0.020219
85 0.851351 0.819740 0.016892 0.020562
117 0.852196 0.771761 0.018581 0.020562
1005 0.483390 0.675463 0.047860 0.020562
88 0.579673 0.842186 0.018581 0.020905
55 0.068975 0.864119 0.043356 0.020905
28 0.828266 0.728581 0.037162 0.021247
88 0.290822 0.436943 0.037725 0.021247
1406 0.077703 0.547635 0.040541 0.021247
88 0.181869 0.658156 0.022523 0.021590
1406 0.485642 0.593729 0.027590 0.021590
1406 0.617117 0.596813 0.034910 0.021590
769 0.719595 0.790096 0.038288 0.021590
1406 0.288288 0.462474 0.046171 0.022276
119 0.443131 0.889136 0.020270 0.022961
91 0.493525 0.870973 0.034347 0.022961
95 0.806869 0.829164 0.037162 0.022961
78 0.856137 0.753941 0.029842 0.023304
92 0.186092 0.681289 0.041104 0.023304
56 0.182714 0.405415 0.051239 0.023304
91 0.668074 0.848012 0.029842 0.023646
76 0.734797 0.283585 0.032658 0.023646
87 0.443412 0.867889 0.033221 0.023646
85 0.829955 0.457334 0.033784 0.023646
85 0.720158 0.816655 0.019144 0.023989
88 0.080800 0.138451 0.037725 0.023989
122 0.806869 0.853153 0.027027 0.024332
861 0.287162 0.828478 0.050676 0.024332
88 0.290822 0.691570 0.021959 0.024674
66 0.077140 0.202879 0.028153 0.024674
691 0.618525 0.810144 0.043356 0.024674
64 0.294764 0.141364 0.033221 0.025017
1083 0.618243 0.873886 0.029279 0.025360
725 0.422579 0.352981 0.042230 0.025360
1834 0.536881 0.810829 0.044482 0.025360
108 0.737894 0.258568 0.017455 0.025703
62 0.826014 0.654729 0.032658 0.025703
88 0.076858 0.335675 0.035473 0.025703
83 0.077984 0.261995 0.038851 0.025703
91 0.185248 0.200480 0.038288 0.026045
91 0.286881 0.899246 0.041104 0.026045
117 0.183559 0.311343 0.019144 0.026388
118 0.287725 0.766792 0.021396 0.026388
3785 0.534910 0.629712 0.040541 0.026388
2913 0.478604 0.711103 0.033784 0.026731
2134 0.617680 0.673406 0.037162 0.026731
721 0.438345 0.816313 0.042230 0.026731
67 0.292793 0.657985 0.043919 0.026731
2489 0.445664 0.843386 0.047860 0.026731
4072 0.481700 0.616175 0.048986 0.026731
2151 0.847691 0.844585 0.037725 0.027073
72 0.180180 0.475154 0.041667 0.027073
117 0.183277 0.793694 0.021959 0.027416
769 0.672297 0.822138 0.032658 0.027416
87 0.072635 0.643249 0.036036 0.027416
725 0.494088 0.795751 0.044482 0.027416
2489 0.483390 0.639822 0.045608 0.027416
96 0.191441 0.173406 0.057432 0.027416
118 0.183277 0.448766 0.012950 0.027759
111 0.715935 0.842872 0.023086 0.027759
3785 0.715372 0.708191 0.054617 0.027759
92 0.177928 0.857265 0.030405 0.028444
1158 0.421453 0.410555 0.041104 0.028787
118 0.826858 0.592015 0.021959 0.029130
1821 0.546171 0.306546 0.037162 0.029130
1607 0.534065 0.601611 0.039977 0.029130
51 0.291104 0.738691 0.040541 0.029130
2913 0.615428 0.701851 0.030405 0.029472
66 0.072635 0.803633 0.036036 0.029472
1261 0.294482 0.346813 0.047297 0.029472
4163 0.534910 0.656785 0.033784 0.029815
91 0.184685 0.504969 0.038288 0.029815
71 0.296734 0.795922 0.064189 0.029815
68 0.494088 0.821110 0.007320 0.030158
74 0.070101 0.709733 0.028716 0.030158
81 0.850507 0.797464 0.035473 0.030158
115 0.292793 0.377656 0.038288 0.030158
1005 0.620214 0.623029 0.045608 0.030158
3785 0.719876 0.639136 0.050113 0.030158
83 0.809403 0.777416 0.020833 0.030500
2748 0.291667 0.311686 0.055180 0.030500
2489 0.735079 0.379369 0.052365 0.030843
1229 0.423986 0.381597 0.034910 0.031186
4084 0.549268 0.272961 0.044482 0.031186
1797 0.423423 0.484064 0.047297 0.031186
91 0.828829 0.375257 0.042793 0.031528
2059 0.076858 0.365661 0.050113 0.031528
2059 0.537162 0.229609 0.055180 0.031528
53 0.799550 0.881597 0.024775 0.031871
83 0.070664 0.834647 0.041104 0.031871
123 0.289696 0.628170 0.023086 0.032214
1158 0.545608 0.334476 0.039414 0.032214
877 0.423142 0.644962 0.046734 0.032214
125 0.289696 0.409527 0.044482 0.032899
1373 0.535473 0.778101 0.043919 0.033242
2591 0.666104 0.697910 0.045045 0.033242
3003 0.424550 0.674606 0.052928 0.033242
119 0.830236 0.485264 0.023086 0.033585
1250 0.735642 0.313914 0.038851 0.033585
1927 0.425957 0.572310 0.057995 0.033585
119 0.177928 0.824537 0.029279 0.034270
85 0.827984 0.519705 0.027590 0.034613
107 0.079673 0.171522 0.028716 0.034613
70 0.736205 0.228067 0.039977 0.034613
769 0.079673 0.404215 0.043356 0.034613
3684 0.672297 0.603153 0.045045 0.034955
119 0.832207 0.256169 0.020270 0.035298
4079 0.184122 0.141707 0.054054 0.035298
3407 0.615709 0.843043 0.035473 0.035641
721 0.729167 0.347841 0.048423 0.035641
691 0.077984 0.607951 0.054617 0.035641
58 0.072354 0.892906 0.038851 0.035984
1579 0.848818 0.876456 0.041104 0.035984
119 0.069820 0.675463 0.027027 0.036326
2959 0.716779 0.674092 0.041667 0.036326
92 0.296453 0.172550 0.027590 0.036669
2928 0.534347 0.691056 0.030405 0.036669
725 0.184966 0.235949 0.048986 0.036669
3711 0.426239 0.708191 0.058559 0.036669
119 0.076577 0.234750 0.024775 0.037012
121 0.826295 0.624058 0.042230 0.037012
2748 0.830800 0.558602 0.059122 0.037012
1612 0.288007 0.491947 0.063626 0.037354
3338 0.421453 0.612406 0.048986 0.037697
121 0.072072 0.744174 0.032658 0.038040
1607 0.721847 0.604524 0.049550 0.038382
3175 0.293637 0.254284 0.053491 0.038382
4458 0.180180 0.758053 0.058559 0.038382
3003 0.076295 0.439171 0.047860 0.038725
1990 0.184966 0.718129 0.063626 0.038725
119 0.181869 0.344928 0.024775 0.040096
3322 0.830518 0.338588 0.037162 0.041124
1797 0.699324 0.239890 0.054054 0.041124
3711 0.453266 0.230980 0.060811 0.041124
370 0.293919 0.214702 0.061937 0.041467
717 0.830800 0.294894 0.070383 0.041467
1126 0.186655 0.544380 0.047860 0.042152
3711 0.644989 0.242803 0.052365 0.042838
1115 0.079673 0.300891 0.041104 0.043180
1229 0.186374 0.276217 0.047297 0.043180
119 0.828547 0.689685 0.027590 0.043523
2591 0.178209 0.619945 0.054617 0.043866
1092 0.286599 0.863434 0.046171 0.044894
268 0.831644 0.145990 0.049550 0.045922
2598 0.291948 0.583962 0.024212 0.047978
3711 0.078547 0.480980 0.048986 0.049006
113 0.675676 0.402502 0.101351 0.049006
1584 0.829392 0.419465 0.030405 0.049349
3899 0.486205 0.376285 0.047860 0.050034
1373 0.826577 0.216929 0.054054 0.050720
4365 0.292230 0.535984 0.054054 0.050720
127 0.499155 0.544380 0.095158 0.054489
64 0.679617 0.462988 0.065315 0.054832
76 0.490428 0.488691 0.039414 0.056203
105 0.493243 0.430432 0.076577 0.059630
108 0.675394 0.323167 0.086149 0.064428
1136 0.483671 0.314770 0.073198 0.065456
1229 0.677646 0.533071 0.063626 0.084647
