209 0.150140 0.166153 0.013445 0.007871
101 0.395238 0.272758 0.039776 0.008898
93 0.119048 0.729637 0.042017 0.012320
92 0.135574 0.908624 0.031373 0.013689
101 0.476751 0.909822 0.063866 0.014031
101 0.113725 0.741273 0.051541 0.014374
188 0.484034 0.562971 0.030252 0.015058
92 0.336415 0.268652 0.030812 0.015058
92 0.116807 0.773443 0.034174 0.015743
92 0.686275 0.591205 0.039216 0.016769
56 0.392157 0.260096 0.021289 0.017796
132 0.475910 0.862081 0.031933 0.017796
57 0.173950 0.766598 0.036415 0.018480
92 0.794958 0.687201 0.039216 0.018480
83 0.334454 0.221937 0.032493 0.018823
52 0.466106 0.321526 0.048179 0.018823
162 0.691877 0.648186 0.032493 0.019165
52 0.164986 0.707734 0.034174 0.019165
95 0.167227 0.728611 0.034174 0.019165
127 0.140336 0.895277 0.050980 0.019165
128 0.112605 0.350616 0.030252 0.019507
55 0.389916 0.221253 0.041457 0.019507
64 0.901120 0.282341 0.033053 0.019849
58 0.392437 0.241273 0.036415 0.019849
87 0.167227 0.749316 0.028571 0.020192
56 0.796639 0.564339 0.024650 0.020534
162 0.149860 0.507871 0.030812 0.020534
101 0.367507 0.719884 0.060504 0.020876
101 0.581232 0.379192 0.066667 0.021218
119 0.394118 0.288672 0.017367 0.021561
117 0.409524 0.318789 0.020168 0.021561
120 0.471709 0.279432 0.025770 0.021561
120 0.587395 0.878850 0.030812 0.021903
91 0.900840 0.807324 0.032493 0.021903
273 0.618768 0.148871 0.043137 0.021903
101 0.476751 0.735797 0.061625 0.021903
118 0.164146 0.787645 0.017927 0.022245
56 0.367507 0.151780 0.028011 0.022245
57 0.149860 0.450890 0.043137 0.022245
98 0.468908 0.340349 0.051541 0.022245
56 0.794118 0.384668 0.027451 0.022587
85 0.363585 0.772416 0.036975 0.022587
57 0.692157 0.877310 0.039776 0.022930
52 0.142857 0.264374 0.049300 0.022930
166 0.367787 0.181725 0.020728 0.023272
119 0.119888 0.787132 0.024650 0.023272
56 0.582633 0.397331 0.025770 0.023272
70 0.335014 0.247433 0.031373 0.023272
57 0.481232 0.182752 0.038095 0.023272
110 0.683754 0.902635 0.037535 0.023614
70 0.112885 0.755476 0.039776 0.023614
56 0.252101 0.871663 0.023529 0.023956
132 0.156303 0.151951 0.026891 0.023956
132 0.583473 0.313484 0.034174 0.023956
83 0.359384 0.873374 0.038655 0.023956
64 0.474790 0.646817 0.043137 0.023956
98 0.578431 0.453457 0.049860 0.023956
55 0.903361 0.257016 0.050980 0.023956
74 0.111485 0.709617 0.033613 0.024298
81 0.140616 0.533025 0.053782 0.024298
98 0.250140 0.503936 0.054342 0.024298
98 0.136134 0.622690 0.056022 0.024298
85 0.466667 0.300479 0.025770 0.024641
91 0.688235 0.385695 0.033053 0.024641
90 0.404202 0.344285 0.036415 0.024641
166 0.143137 0.293634 0.021849 0.025325
120 0.338095 0.281656 0.026331 0.025325
110 0.901961 0.198836 0.038095 0.025325
109 0.168627 0.326489 0.040336 0.025325
113 0.473389 0.834360 0.045938 0.025325
126 0.164986 0.378679 0.033053 0.025667
77 0.904202 0.648015 0.048179 0.025667
107 0.144538 0.840862 0.033613 0.026010
2151 0.582073 0.904517 0.049300 0.026010
57 0.249300 0.153662 0.061625 0.026010
92 0.141457 0.871834 0.035294 0.026352
90 0.163305 0.352327 0.036415 0.026352
60 0.684594 0.674709 0.050420 0.026352
499 0.582353 0.233231 0.061064 0.026352
55 0.143697 0.815366 0.062185 0.026352
86 0.256583 0.180356 0.053782 0.026694
81 0.792157 0.591718 0.053782 0.026694
88 0.900280 0.505305 0.025770 0.027036
132 0.479272 0.585387 0.036415 0.027036
83 0.248459 0.335729 0.040896 0.027379
88 0.690756 0.311602 0.028011 0.027721
113 0.362465 0.500856 0.044818 0.027721
83 0.252381 0.438227 0.045378 0.027721
108 0.900280 0.619781 0.021289 0.028063
58 0.111204 0.369952 0.030812 0.028063
83 0.582073 0.688569 0.035854 0.028063
91 0.793557 0.502053 0.037535 0.028063
90 0.467507 0.887406 0.047619 0.028063
91 0.687675 0.199350 0.034174 0.028405
110 0.364146 0.693532 0.039216 0.028405
113 0.581793 0.284908 0.043137 0.028405
166 0.145378 0.683778 0.018487 0.028747
60 0.790756 0.621492 0.029692 0.028747
69 0.481513 0.810404 0.031933 0.028747
83 0.579272 0.513347 0.042577 0.028747
86 0.803081 0.744695 0.044258 0.028747
86 0.588515 0.425907 0.045378 0.029090
60 0.139776 0.560917 0.030812 0.029432
87 0.687675 0.851814 0.031933 0.029432
74 0.895518 0.309719 0.037535 0.029432
76 0.251541 0.746749 0.035854 0.030116
58 0.795798 0.900753 0.036415 0.030801
95 0.142577 0.482888 0.047619 0.030801
127 0.258263 0.810746 0.059384 0.030801
111 0.470588 0.364648 0.031373 0.031143
83 0.580112 0.809890 0.037535 0.031143
87 0.473109 0.498802 0.039776 0.031143
132 0.363866 0.534052 0.040896 0.031143
118 0.477031 0.708761 0.019608 0.031485
119 0.687115 0.703628 0.028571 0.031485
77 0.145098 0.650582 0.047059 0.031485
98 0.467787 0.397673 0.049300 0.031485
76 0.114566 0.328371 0.040896 0.031828
3229 0.360784 0.901266 0.060504 0.031828
68 0.584034 0.658795 0.010644 0.032170
56 0.365546 0.746064 0.028571 0.032170
78 0.684874 0.817248 0.039776 0.032170
118 0.245938 0.900240 0.036975 0.032512
69 0.590476 0.259069 0.030252 0.032854
127 0.904202 0.222450 0.038095 0.032854
58 0.251821 0.211157 0.043137 0.032854
74 0.584034 0.624230 0.044258 0.032854
121 0.897759 0.678816 0.040896 0.033196
111 0.791877 0.774470 0.030812 0.033539
78 0.471989 0.676249 0.040896 0.033539
96 0.692157 0.621492 0.056583 0.033539
90 0.792157 0.717317 0.047059 0.034223
68 0.578992 0.480322 0.016246 0.034565
83 0.895798 0.582649 0.030252 0.034565
126 0.898880 0.423169 0.038655 0.034565
117 0.146499 0.593771 0.025210 0.034908
1268 0.902801 0.387064 0.043137 0.034908
95 0.251541 0.587953 0.048179 0.034908
121 0.467787 0.253936 0.034734 0.035592
76 0.584034 0.588980 0.037535 0.035592
81 0.361905 0.842916 0.048179 0.035592
90 0.577311 0.347536 0.049860 0.035934
1579 0.472829 0.158282 0.054902 0.035934
68 0.137815 0.236140 0.020168 0.036277
53 0.683193 0.786448 0.025210 0.036277
2707 0.689076 0.420602 0.040336 0.036277
122 0.793277 0.658624 0.042577 0.036619
1435 0.364706 0.805441 0.058263 0.036619
74 0.250140 0.369268 0.044258 0.036961
3942 0.796359 0.470226 0.063305 0.036961
121 0.363866 0.658282 0.043137 0.037303
58 0.365266 0.469370 0.044818 0.037303
77 0.259944 0.843087 0.051541 0.037303
68 0.901401 0.715264 0.011204 0.037645
111 0.254622 0.784394 0.028571 0.037645
2595 0.900280 0.890144 0.045938 0.037645
59 0.476471 0.465092 0.055462 0.037645
2748 0.365826 0.623888 0.061625 0.037645
123 0.364146 0.394593 0.031373 0.038330
78 0.363866 0.434634 0.044258 0.038330
68 0.480112 0.426591 0.023529 0.038672
111 0.256303 0.473819 0.031933 0.038672
84 0.257423 0.624743 0.044258 0.039357
480 0.690476 0.458077 0.053221 0.039357
68 0.249580 0.405886 0.014006 0.039699
2748 0.470868 0.217659 0.062185 0.039699
47 0.484314 0.611396 0.028571 0.040041
121 0.584594 0.773101 0.042017 0.040383
2983 0.581513 0.196099 0.045938 0.040383
4416 0.899720 0.350958 0.051541 0.040726
68 0.250140 0.300992 0.014006 0.041410
1193 0.584874 0.850103 0.049300 0.041752
3283 0.796639 0.302190 0.031373 0.042437
1917 0.585714 0.549966 0.052101 0.042437
273 0.689356 0.556982 0.028571 0.042779
4429 0.798880 0.257187 0.058263 0.042779
1498 0.687395 0.351643 0.062745 0.042779
385 0.797759 0.533539 0.062745 0.043121
219 0.687955 0.744182 0.048179 0.043463
2153 0.251261 0.667522 0.052101 0.043463
3225 0.140336 0.417864 0.066667 0.043806
68 0.790196 0.866701 0.020728 0.044148
2904 0.691036 0.234942 0.048739 0.044148
4317 0.587115 0.730151 0.056022 0.044148
1644 0.895798 0.542950 0.057143 0.044832
1229 0.899440 0.844798 0.061064 0.044832
3101 0.904202 0.162047 0.062745 0.044832
3665 0.250420 0.710815 0.052661 0.045175
4429 0.687955 0.277721 0.059384 0.045517
3354 0.139776 0.198494 0.057703 0.045859
1521 0.792437 0.347365 0.062185 0.045859
3145 0.796078 0.820842 0.044818 0.046886
3035 0.798599 0.209959 0.045378 0.046886
976 0.474230 0.769849 0.037535 0.047570
3338 0.685994 0.161704 0.049860 0.047570
4538 0.795518 0.161020 0.060504 0.047570
1584 0.901961 0.468001 0.036975 0.048255
1137 0.794398 0.425736 0.063866 0.050650
1877 0.364706 0.574264 0.048179 0.052019
1438 0.250980 0.541752 0.052661 0.054073
314 0.685994 0.510267 0.057703 0.055441
47 0.257143 0.252738 0.045938 0.057837
4546 0.895798 0.763689 0.057143 0.063313
