246 0.580887 0.240309 0.039148 0.007204
49 0.694876 0.205489 0.012666 0.015780
115 0.341969 0.851801 0.035694 0.023328
113 0.288716 0.832762 0.048935 0.023671
2864 0.810881 0.246484 0.038572 0.025729
91 0.390040 0.824871 0.044329 0.025729
1982 0.868451 0.169468 0.052389 0.026072
979 0.581750 0.210806 0.045481 0.026415
502 0.576281 0.172556 0.035694 0.027444
60 0.341393 0.877015 0.019574 0.027787
1821 0.811744 0.279074 0.043754 0.027787
486 0.755901 0.277873 0.044905 0.028130
108 0.287565 0.805832 0.018998 0.028816
502 0.867588 0.240137 0.039148 0.028816
1886 0.634139 0.210292 0.044329 0.028816
2123 0.867588 0.203774 0.044905 0.028816
3145 0.638457 0.243053 0.033391 0.029846
502 0.694301 0.245283 0.041451 0.030189
1157 0.572827 0.271527 0.048359 0.030532
2255 0.757916 0.246998 0.050086 0.030875
64 0.294185 0.859863 0.037997 0.031218
2314 0.693149 0.172384 0.054116 0.031218
294 0.699194 0.278902 0.028210 0.031561
316 0.638745 0.277187 0.073115 0.031561
502 0.757916 0.172899 0.042026 0.032933
2864 0.428900 0.828988 0.029937 0.033962
2089 0.813184 0.174957 0.040875 0.034305
1547 0.633851 0.173242 0.047208 0.034991
2234 0.755901 0.209262 0.047208 0.034991
2193 0.445884 0.766381 0.031664 0.037050
1724 0.814623 0.210635 0.054116 0.037050
3541 0.872193 0.275643 0.042602 0.037393
113 0.441854 0.805146 0.046632 0.038422
1879 0.386874 0.790909 0.028785 0.042196
268 0.341105 0.816638 0.035118 0.042882
4646 0.246978 0.866038 0.037997 0.043568
