246 0.411034 0.778483 0.039861 0.005148
173 0.187753 0.706589 0.032351 0.013727
101 0.075390 0.791695 0.058348 0.015100
188 0.519931 0.882807 0.028885 0.016129
92 0.742634 0.310398 0.042172 0.016129
120 0.517331 0.483528 0.021375 0.016472
120 0.183131 0.572752 0.024263 0.016472
146 0.740901 0.657515 0.027152 0.016472
101 0.184575 0.314345 0.059503 0.017159
196 0.862796 0.744166 0.025997 0.017502
101 0.516464 0.640872 0.051993 0.017502
56 0.854131 0.334935 0.022530 0.017845
55 0.071635 0.376802 0.045061 0.017845
101 0.629694 0.303020 0.064702 0.017845
101 0.409301 0.407344 0.058348 0.018531
113 0.183131 0.792553 0.053148 0.018874
56 0.521664 0.245367 0.020797 0.019218
56 0.740324 0.911462 0.023686 0.019218
57 0.633738 0.481469 0.032351 0.019218
92 0.077412 0.743651 0.038128 0.019218
101 0.628538 0.186685 0.064702 0.019218
101 0.632005 0.889156 0.064702 0.019218
118 0.191508 0.870796 0.013287 0.019561
55 0.184864 0.204358 0.049682 0.019561
90 0.229058 0.684969 0.032929 0.019904
56 0.292894 0.245882 0.019642 0.020247
135 0.743212 0.677591 0.029463 0.020247
55 0.408434 0.427763 0.049682 0.020247
113 0.406124 0.610158 0.043905 0.020590
55 0.072790 0.191833 0.050838 0.020590
56 0.186020 0.367708 0.024263 0.020933
57 0.525419 0.367708 0.035240 0.020933
64 0.412189 0.142759 0.025997 0.021277
120 0.293472 0.468600 0.023108 0.021620
698 0.074812 0.694406 0.039861 0.021620
56 0.850087 0.831332 0.022530 0.022306
132 0.306759 0.905456 0.026574 0.022306
57 0.638937 0.908888 0.043905 0.022306
52 0.071346 0.352780 0.041017 0.022649
110 0.780474 0.641215 0.030040 0.022992
272 0.452917 0.544784 0.039284 0.022992
52 0.071346 0.140528 0.046794 0.022992
117 0.227036 0.664036 0.016176 0.023336
66 0.512132 0.716541 0.030618 0.023336
132 0.516464 0.904598 0.031196 0.023336
86 0.084633 0.811599 0.042172 0.023336
113 0.301560 0.885724 0.050838 0.023336
56 0.517331 0.657001 0.023686 0.023679
66 0.740612 0.780885 0.030040 0.023679
110 0.629983 0.163864 0.036395 0.023679
55 0.521664 0.225292 0.048527 0.023679
55 0.411323 0.191661 0.049682 0.023679
55 0.628250 0.141558 0.050260 0.023679
77 0.299249 0.225978 0.055459 0.023679
499 0.186020 0.177934 0.062392 0.023679
120 0.857308 0.190117 0.019642 0.024022
120 0.294916 0.381263 0.027152 0.024022
66 0.182842 0.769046 0.032929 0.024022
113 0.298671 0.719286 0.047371 0.024022
126 0.410456 0.910432 0.051415 0.024022
499 0.745523 0.757035 0.060659 0.024022
119 0.410745 0.483356 0.023108 0.024365
118 0.515887 0.433253 0.025419 0.024365
56 0.295205 0.515957 0.025419 0.024365
88 0.740035 0.472718 0.028885 0.024365
52 0.294627 0.491249 0.043905 0.024365
84 0.628538 0.769218 0.043905 0.024365
55 0.517042 0.771448 0.051993 0.024708
66 0.072213 0.442519 0.027730 0.025051
66 0.408434 0.584248 0.041594 0.025051
52 0.076545 0.770590 0.044483 0.025051
56 0.517620 0.202986 0.025419 0.025738
76 0.295494 0.168668 0.034084 0.025738
115 0.181109 0.551990 0.050260 0.025738
56 0.850087 0.467742 0.024841 0.026081
1415 0.739457 0.595745 0.054304 0.026081
76 0.072213 0.536548 0.038128 0.026424
113 0.297516 0.603466 0.048527 0.026424
53 0.781918 0.620110 0.013287 0.026767
166 0.860774 0.769046 0.019642 0.026767
132 0.189197 0.255319 0.024841 0.026767
113 0.515887 0.547358 0.043905 0.026767
66 0.181976 0.466884 0.032351 0.027111
86 0.525708 0.145161 0.041594 0.027454
85 0.853553 0.442176 0.023686 0.027797
88 0.078278 0.873885 0.029463 0.027797
85 0.855575 0.312114 0.030040 0.027797
85 0.296072 0.410432 0.031774 0.028140
87 0.405257 0.521277 0.046794 0.028140
2134 0.739457 0.286548 0.048527 0.028140
77 0.744945 0.889156 0.049105 0.028140
1002 0.407568 0.693205 0.058348 0.028140
66 0.406412 0.664894 0.036395 0.028483
127 0.519064 0.738332 0.054882 0.028483
60 0.297516 0.631434 0.021953 0.028826
74 0.297516 0.811599 0.040439 0.028826
87 0.185731 0.849348 0.044483 0.028826
126 0.854131 0.491764 0.047949 0.028826
88 0.076256 0.639671 0.050838 0.028826
88 0.074523 0.720144 0.026574 0.029170
132 0.515020 0.574640 0.028307 0.029170
85 0.855286 0.217399 0.031774 0.029170
110 0.631427 0.868394 0.038128 0.029170
91 0.743790 0.146706 0.042172 0.029170
127 0.750433 0.806966 0.053148 0.029170
547 0.298094 0.144303 0.054304 0.029170
1415 0.627383 0.740048 0.060081 0.029170
121 0.302426 0.841970 0.060659 0.029170
85 0.186597 0.522992 0.033507 0.029513
91 0.407279 0.726150 0.035817 0.029513
91 0.296072 0.200755 0.041017 0.029513
68 0.739746 0.445607 0.017909 0.029856
69 0.307626 0.861187 0.020220 0.029856
72 0.298094 0.745882 0.035817 0.029856
87 0.733969 0.418840 0.044483 0.029856
327 0.851242 0.602780 0.062969 0.029856
370 0.854131 0.285003 0.064125 0.029856
166 0.083767 0.669183 0.018486 0.030199
53 0.522819 0.175704 0.019642 0.030199
53 0.186020 0.816747 0.021953 0.030199
92 0.071924 0.326012 0.030618 0.030199
85 0.183420 0.633150 0.030618 0.030199
66 0.737146 0.502402 0.034662 0.030199
1083 0.409590 0.753603 0.040439 0.030199
68 0.521664 0.267502 0.011554 0.030542
118 0.187464 0.394132 0.013287 0.030542
118 0.181976 0.232498 0.026574 0.030542
118 0.293472 0.543754 0.027730 0.030542
84 0.405257 0.840597 0.045638 0.030542
87 0.069035 0.298387 0.047949 0.030542
68 0.298094 0.694235 0.011554 0.030885
60 0.742345 0.566232 0.019642 0.030885
1083 0.743790 0.215168 0.037551 0.030885
70 0.853553 0.718600 0.050260 0.030885
271 0.633160 0.207618 0.062392 0.030885
1282 0.296938 0.664550 0.055459 0.031229
366 0.850953 0.803878 0.055459 0.031229
60 0.628827 0.665752 0.022530 0.031572
60 0.518775 0.297529 0.025419 0.031572
127 0.180531 0.495539 0.037551 0.031572
77 0.631716 0.457104 0.044483 0.031572
134 0.183420 0.733871 0.021375 0.031915
92 0.517620 0.825841 0.026574 0.031915
107 0.515020 0.794269 0.031774 0.031915
126 0.413923 0.259609 0.047949 0.031915
3258 0.850376 0.903397 0.063547 0.031915
1415 0.072213 0.839396 0.056615 0.032258
69 0.303582 0.351235 0.020220 0.032601
123 0.295494 0.443548 0.023686 0.032601
107 0.854708 0.685827 0.029463 0.032601
87 0.738590 0.835793 0.041017 0.032601
1282 0.408434 0.456246 0.051993 0.032601
60 0.627961 0.241078 0.018486 0.033288
53 0.296649 0.778483 0.020220 0.033288
111 0.627383 0.799073 0.028885 0.033288
92 0.077990 0.904770 0.034662 0.033288
84 0.071924 0.169012 0.046794 0.033288
118 0.627961 0.598833 0.034662 0.033631
62 0.520508 0.457447 0.040439 0.033631
68 0.517331 0.399108 0.041017 0.033631
90 0.625361 0.276939 0.050260 0.033631
4068 0.851820 0.251201 0.059503 0.033631
1999 0.737435 0.252231 0.068746 0.033631
2025 0.853842 0.414036 0.060081 0.033974
107 0.074523 0.504461 0.025419 0.034317
93 0.740901 0.535347 0.034084 0.034317
1799 0.735413 0.384008 0.055459 0.034317
127 0.522819 0.854152 0.058925 0.034317
92 0.296360 0.574983 0.034662 0.034660
127 0.078278 0.471002 0.062969 0.034660
83 0.852109 0.569664 0.025419 0.035003
118 0.287695 0.272821 0.028885 0.035003
91 0.411612 0.170556 0.042172 0.035003
1575 0.850953 0.371482 0.035817 0.035347
272 0.515887 0.684798 0.061236 0.035347
127 0.746967 0.859300 0.053148 0.035690
2083 0.737724 0.178792 0.055459 0.035690
1880 0.630849 0.832704 0.032351 0.036033
68 0.627094 0.634866 0.016753 0.036376
53 0.409590 0.638298 0.020797 0.036376
4260 0.074523 0.606726 0.032351 0.036376
2983 0.183709 0.146534 0.045061 0.036376
2151 0.074235 0.568977 0.047949 0.036376
69 0.527730 0.513555 0.023686 0.036719
485 0.407279 0.377660 0.045061 0.036719
485 0.185442 0.285175 0.053148 0.037062
1999 0.184575 0.433425 0.067591 0.037062
119 0.184864 0.599863 0.023108 0.037749
1016 0.624206 0.706932 0.062969 0.037749
1438 0.187753 0.901853 0.040439 0.038435
316 0.409012 0.804393 0.065858 0.038435
2983 0.740035 0.721174 0.043905 0.038778
1039 0.409879 0.226493 0.062969 0.039121
1099 0.411901 0.874914 0.054304 0.039465
330 0.627094 0.426047 0.054882 0.039465
83 0.410745 0.338538 0.024263 0.040151
90 0.517042 0.611187 0.053148 0.040494
127 0.072790 0.265614 0.055459 0.040494
3901 0.851531 0.527968 0.049682 0.040837
316 0.627961 0.565889 0.064702 0.041181
3784 0.740035 0.344544 0.057770 0.041867
3665 0.186886 0.341283 0.051415 0.043583
4070 0.407857 0.294097 0.058925 0.043926
4252 0.069035 0.410604 0.049105 0.044269
1438 0.849798 0.865477 0.043905 0.044612
3754 0.620739 0.333562 0.049105 0.044612
3435 0.627961 0.380577 0.045061 0.045299
1282 0.073946 0.226150 0.057770 0.045299
1984 0.291739 0.308339 0.056615 0.045642
3306 0.848354 0.645333 0.054882 0.046328
1282 0.850953 0.156658 0.061236 0.047014
1317 0.515887 0.334592 0.046216 0.048044
3035 0.628250 0.520933 0.042172 0.052162
