246 0.412457 0.216793 0.043054 0.006194
246 0.087256 0.786648 0.047072 0.006194
128 0.410735 0.614246 0.015499 0.011012
101 0.090126 0.697350 0.058553 0.011356
56 0.085821 0.711631 0.023536 0.014453
56 0.190299 0.640227 0.022388 0.015485
92 0.299082 0.564178 0.043628 0.016173
101 0.847302 0.382829 0.044776 0.016173
129 0.855052 0.151067 0.025832 0.016518
499 0.302813 0.250860 0.059127 0.017206
101 0.740528 0.386958 0.050517 0.017550
92 0.518944 0.650551 0.043628 0.018238
188 0.628875 0.751549 0.033869 0.018582
56 0.085534 0.343772 0.020666 0.019270
76 0.413031 0.749656 0.036165 0.019615
52 0.848737 0.364591 0.043054 0.019615
297 0.301091 0.585513 0.046498 0.019615
87 0.413318 0.889367 0.045924 0.020303
92 0.849024 0.481762 0.042480 0.020647
92 0.410448 0.800413 0.045924 0.020647
55 0.849598 0.427736 0.049369 0.020647
2177 0.551952 0.457846 0.047646 0.020991
120 0.194030 0.836201 0.025258 0.021335
93 0.854191 0.401583 0.050517 0.021335
66 0.086108 0.295079 0.025258 0.021679
56 0.847302 0.313317 0.026406 0.021679
56 0.506028 0.437199 0.043054 0.021679
55 0.740241 0.211459 0.045350 0.021679
55 0.082664 0.454405 0.045924 0.021679
81 0.739954 0.576050 0.036739 0.022023
172 0.832664 0.760496 0.037313 0.022023
60 0.846154 0.250860 0.041332 0.022023
92 0.630884 0.451480 0.043628 0.022023
89 0.085247 0.885754 0.057979 0.022023
2177 0.079219 0.128011 0.052813 0.022712
2177 0.300517 0.437715 0.059127 0.022712
64 0.192882 0.862526 0.025258 0.023056
2596 0.884328 0.680833 0.033869 0.023056
91 0.300230 0.467137 0.037887 0.023056
88 0.415614 0.665692 0.040184 0.023056
91 0.193169 0.398658 0.041906 0.023056
83 0.846728 0.203200 0.043628 0.023056
118 0.085247 0.863558 0.022388 0.023744
66 0.630597 0.124054 0.030425 0.023744
66 0.083238 0.581039 0.033295 0.023744
91 0.628875 0.885582 0.039610 0.023744
52 0.519805 0.320888 0.043054 0.023744
120 0.736510 0.816242 0.027555 0.024088
91 0.524110 0.886786 0.039036 0.024088
113 0.518944 0.207502 0.045924 0.024088
120 0.303100 0.785444 0.027555 0.024432
91 0.626292 0.729009 0.041332 0.024432
81 0.412457 0.727288 0.046498 0.024432
2177 0.736797 0.847041 0.056831 0.024432
55 0.847015 0.227116 0.046498 0.024776
87 0.082951 0.838954 0.046498 0.024776
66 0.410161 0.331900 0.031573 0.025120
57 0.305396 0.268926 0.037887 0.025120
91 0.303674 0.883173 0.037887 0.025120
91 0.084099 0.638162 0.039610 0.025120
91 0.737945 0.715933 0.039610 0.025120
51 0.195752 0.812629 0.043628 0.025120
85 0.849311 0.337233 0.024684 0.025465
91 0.192308 0.886098 0.039036 0.025465
91 0.411883 0.777013 0.040758 0.025465
64 0.517222 0.266518 0.026406 0.025809
107 0.084673 0.319167 0.035017 0.025809
57 0.634615 0.548004 0.038462 0.025809
87 0.627153 0.668445 0.045350 0.025809
107 0.843571 0.850310 0.026980 0.026153
132 0.520379 0.526841 0.032721 0.026153
120 0.414753 0.595148 0.024684 0.026497
92 0.408726 0.865623 0.028703 0.026497
148 0.522388 0.500860 0.039036 0.026497
72 0.518944 0.379560 0.042480 0.026841
1173 0.412744 0.299725 0.048220 0.026841
85 0.737945 0.364246 0.017796 0.027185
74 0.737945 0.158465 0.030425 0.027185
109 0.627440 0.229353 0.041332 0.027185
66 0.196613 0.340330 0.026980 0.027529
251 0.412744 0.124570 0.044776 0.027529
2151 0.522675 0.819339 0.049943 0.027529
74 0.085534 0.400723 0.028703 0.027873
76 0.301952 0.176359 0.036739 0.027873
91 0.740528 0.186339 0.039036 0.027873
107 0.516935 0.351686 0.028129 0.028217
91 0.087256 0.429112 0.042480 0.028217
88 0.197187 0.501721 0.045350 0.028217
70 0.849311 0.548004 0.032721 0.028562
91 0.412744 0.458878 0.035591 0.028562
132 0.623708 0.777529 0.037313 0.028562
52 0.626292 0.638507 0.042480 0.028562
88 0.302239 0.697006 0.046498 0.028562
264 0.194891 0.429284 0.051091 0.028562
84 0.521814 0.625086 0.053961 0.028562
132 0.848163 0.733310 0.026980 0.028906
93 0.413892 0.238816 0.034443 0.028906
67 0.526119 0.294219 0.041906 0.028906
83 0.737945 0.601858 0.041906 0.028906
75 0.637773 0.325189 0.044776 0.028906
85 0.630310 0.353579 0.024110 0.029250
70 0.411022 0.389711 0.027555 0.029250
91 0.299369 0.370785 0.038462 0.029250
1083 0.630310 0.849794 0.043628 0.029250
1799 0.084960 0.811425 0.042480 0.029594
72 0.190873 0.658637 0.045350 0.029594
126 0.414179 0.522368 0.046498 0.029594
72 0.845867 0.650723 0.047646 0.029594
91 0.084673 0.511872 0.038462 0.029938
87 0.626005 0.260323 0.041906 0.029938
51 0.740241 0.787164 0.044202 0.029938
95 0.413031 0.359773 0.046498 0.029938
127 0.090413 0.608396 0.056831 0.030282
316 0.736223 0.879215 0.071757 0.030282
85 0.848163 0.127495 0.030425 0.030626
769 0.304535 0.399690 0.051091 0.030626
1083 0.082090 0.482106 0.036739 0.030970
107 0.302813 0.757226 0.029277 0.031315
76 0.846154 0.820200 0.039036 0.031315
699 0.297072 0.333964 0.044202 0.031315
68 0.627440 0.609429 0.016073 0.031659
76 0.737945 0.127323 0.033869 0.031659
74 0.521527 0.555747 0.035017 0.031659
3669 0.086395 0.230213 0.038462 0.031659
86 0.527555 0.789057 0.039036 0.031659
91 0.413892 0.192705 0.040184 0.031659
132 0.516073 0.235891 0.033295 0.032003
3690 0.630023 0.387990 0.033869 0.032003
2596 0.850459 0.455093 0.041906 0.032003
51 0.304535 0.725224 0.043054 0.032003
127 0.421642 0.269270 0.055683 0.032003
127 0.202928 0.368376 0.059127 0.032003
62 0.848450 0.175155 0.048220 0.032347
83 0.085821 0.764109 0.041906 0.032691
81 0.846441 0.880076 0.048794 0.032691
504 0.194030 0.271507 0.028703 0.033035
62 0.521240 0.717481 0.047072 0.033035
2555 0.198048 0.781487 0.059701 0.033035
4090 0.411883 0.698039 0.037313 0.033379
2600 0.196613 0.200447 0.056831 0.033379
118 0.078932 0.370613 0.029277 0.033723
125 0.413892 0.421542 0.044776 0.033723
1758 0.845006 0.790778 0.066590 0.033723
119 0.850172 0.578630 0.026406 0.034067
2151 0.301091 0.496387 0.045350 0.034067
107 0.188863 0.613902 0.028703 0.034412
3047 0.413031 0.159670 0.053387 0.034412
3526 0.194891 0.238816 0.053387 0.034412
978 0.194604 0.127323 0.053961 0.034412
1880 0.519231 0.682897 0.032721 0.034756
62 0.086395 0.736579 0.041906 0.034756
4253 0.085534 0.264109 0.050517 0.034756
107 0.625144 0.575533 0.026406 0.035444
111 0.188576 0.578286 0.033869 0.035444
1457 0.301952 0.818135 0.044776 0.035444
76 0.741102 0.332416 0.032147 0.035788
338 0.625431 0.422230 0.051091 0.035788
127 0.525545 0.411218 0.054535 0.035788
1256 0.082951 0.200103 0.041906 0.036132
3741 0.626866 0.810908 0.051665 0.036132
3526 0.085247 0.165348 0.056831 0.036132
69 0.524971 0.178252 0.023536 0.036476
642 0.300230 0.612870 0.047072 0.036476
111 0.734788 0.633689 0.032147 0.036820
121 0.518657 0.752925 0.032721 0.037164
127 0.633467 0.150551 0.056831 0.037509
83 0.736510 0.492774 0.024110 0.037853
1834 0.413318 0.636614 0.053961 0.037853
3669 0.194317 0.307467 0.046498 0.038197
1457 0.734214 0.752753 0.047072 0.038197
316 0.627440 0.520819 0.068886 0.038197
1579 0.413031 0.491053 0.044202 0.038541
562 0.736223 0.415692 0.051091 0.038541
328 0.631745 0.481418 0.056831 0.038541
121 0.849598 0.281659 0.037887 0.038885
757 0.192021 0.159842 0.049943 0.038885
127 0.639495 0.291638 0.056257 0.038885
3772 0.300804 0.299725 0.057405 0.039229
3754 0.740528 0.243462 0.036739 0.039573
1132 0.850746 0.615795 0.051665 0.039573
1920 0.522675 0.853751 0.045350 0.039917
53 0.517796 0.593083 0.025258 0.040262
121 0.737371 0.453889 0.036165 0.040606
127 0.630023 0.694942 0.051091 0.040950
3264 0.846728 0.513937 0.060850 0.040950
3153 0.304822 0.856848 0.044776 0.041294
3153 0.193456 0.744838 0.044776 0.042326
333 0.089552 0.674295 0.064294 0.042326
3526 0.084099 0.547144 0.054535 0.042670
3741 0.197474 0.464212 0.063146 0.042670
268 0.518657 0.131452 0.045350 0.043359
562 0.411309 0.559532 0.047646 0.043359
2983 0.303961 0.213008 0.040758 0.044047
322 0.416188 0.828975 0.073479 0.044047
68 0.194891 0.696318 0.016648 0.045079
2591 0.732778 0.675155 0.047646 0.045423
4422 0.625718 0.192189 0.045924 0.046456
3984 0.296498 0.534412 0.051091 0.048176
322 0.196613 0.538885 0.062572 0.048176
3435 0.740241 0.288713 0.037313 0.050241
68 0.303387 0.136270 0.014351 0.051617
3215 0.737658 0.535272 0.037887 0.051961
1297 0.303100 0.655540 0.044776 0.053682
