128 0.478137 0.892612 0.018171 0.015464
56 0.145372 0.773883 0.029529 0.015808
173 0.147076 0.867698 0.040886 0.016495
52 0.691936 0.393814 0.047132 0.016495
92 0.586599 0.558935 0.046564 0.018213
101 0.481829 0.459278 0.055082 0.018900
91 0.798410 0.171993 0.035207 0.019588
84 0.815730 0.801890 0.049404 0.019588
101 0.364282 0.716667 0.061897 0.019588
99 0.701590 0.891581 0.065304 0.019588
64 0.807780 0.854811 0.032368 0.020275
56 0.480693 0.565979 0.024418 0.020619
56 0.365701 0.696220 0.029529 0.020619
101 0.810335 0.718900 0.069279 0.020619
2598 0.256388 0.515808 0.038047 0.021306
91 0.914253 0.617182 0.037479 0.021993
57 0.921352 0.498969 0.044861 0.021993
101 0.803521 0.524742 0.060193 0.021993
101 0.479841 0.586942 0.063600 0.021993
93 0.367405 0.151203 0.070415 0.022680
56 0.697331 0.373540 0.029529 0.023368
56 0.690801 0.191237 0.030097 0.023711
64 0.581204 0.186082 0.035775 0.023711
101 0.144520 0.793986 0.066440 0.023711
64 0.478421 0.642268 0.041454 0.024742
98 0.899773 0.144330 0.057354 0.024742
56 0.810903 0.291924 0.014764 0.025086
56 0.253549 0.570275 0.030097 0.025086
91 0.809483 0.827320 0.035775 0.025086
81 0.587450 0.277148 0.045997 0.025086
4252 0.183986 0.830584 0.029529 0.025430
55 0.801533 0.451546 0.061897 0.025430
162 0.153322 0.504639 0.036343 0.025773
92 0.369960 0.619416 0.043725 0.025773
57 0.266042 0.739691 0.050539 0.025773
91 0.147643 0.752577 0.040886 0.026117
171 0.598240 0.343814 0.043725 0.026460
115 0.695627 0.458935 0.047700 0.026460
52 0.143101 0.685739 0.053379 0.026460
113 0.588302 0.583333 0.057922 0.026460
76 0.696479 0.643299 0.034639 0.026804
134 0.141113 0.884192 0.034639 0.026804
64 0.141113 0.364261 0.040318 0.026804
85 0.140545 0.339175 0.044861 0.026804
85 0.255821 0.772509 0.044861 0.026804
101 0.146224 0.429897 0.077797 0.026804
85 0.585179 0.211856 0.043725 0.027148
88 0.807212 0.392440 0.026689 0.027491
88 0.699035 0.846735 0.049972 0.027491
86 0.265190 0.421306 0.064736 0.027491
101 0.913401 0.592784 0.065304 0.027491
91 0.912550 0.473711 0.039750 0.027835
85 0.906871 0.117698 0.044293 0.027835
91 0.255821 0.859966 0.044861 0.027835
83 0.254969 0.800687 0.047700 0.028179
88 0.367121 0.498625 0.049404 0.028179
126 0.912834 0.306014 0.040318 0.028522
166 0.590290 0.372852 0.021011 0.028866
120 0.481829 0.610997 0.022147 0.028866
85 0.803805 0.624742 0.040318 0.028866
74 0.475866 0.673883 0.040886 0.028866
88 0.255253 0.207904 0.049404 0.028866
55 0.588302 0.489691 0.065872 0.028866
98 0.254685 0.450000 0.056218 0.029210
55 0.807780 0.657560 0.063032 0.029210
108 0.918796 0.846048 0.020443 0.029553
57 0.814594 0.739519 0.048268 0.029553
82 0.601363 0.814777 0.064736 0.029553
118 0.801817 0.318041 0.031800 0.029897
2151 0.694776 0.673711 0.055082 0.029897
55 0.912550 0.528351 0.060193 0.029897
88 0.478137 0.356014 0.027257 0.030241
2151 0.802953 0.423368 0.055650 0.030241
88 0.137706 0.121306 0.059625 0.030241
85 0.696763 0.487113 0.028393 0.030584
88 0.695911 0.304983 0.030097 0.030584
76 0.373083 0.779897 0.037479 0.030584
76 0.252981 0.386770 0.040318 0.030584
55 0.145372 0.656186 0.067007 0.030584
68 0.255253 0.545017 0.010789 0.030928
88 0.592845 0.682818 0.029529 0.030928
87 0.372232 0.884536 0.048268 0.030928
119 0.257808 0.275773 0.028393 0.031271
111 0.473595 0.483333 0.036343 0.031271
83 0.363146 0.336598 0.042589 0.031271
117 0.375071 0.817182 0.026689 0.031615
4252 0.407723 0.372852 0.039750 0.031615
1415 0.592277 0.718213 0.070415 0.031615
84 0.473595 0.194330 0.045429 0.031959
107 0.255253 0.630412 0.045997 0.031959
51 0.699886 0.871649 0.045997 0.031959
95 0.583475 0.158591 0.051675 0.031959
74 0.688813 0.123368 0.046564 0.032302
113 0.477570 0.868385 0.060193 0.032302
120 0.809483 0.595876 0.026689 0.032990
111 0.258660 0.829210 0.031232 0.032990
110 0.593413 0.844674 0.042022 0.032990
87 0.475582 0.160997 0.032368 0.033333
53 0.583475 0.613918 0.034639 0.033333
87 0.476434 0.794330 0.038614 0.033333
66 0.475014 0.431787 0.039182 0.033333
2613 0.915389 0.809450 0.055650 0.033333
118 0.366553 0.179381 0.018739 0.033677
85 0.145372 0.621993 0.036343 0.033677
83 0.143668 0.534880 0.049972 0.034021
126 0.593981 0.752921 0.044293 0.034364
2596 0.184270 0.253952 0.047132 0.034364
90 0.253549 0.600000 0.052811 0.034364
70 0.803237 0.771134 0.053947 0.034364
87 0.587734 0.123711 0.057922 0.034364
87 0.254401 0.242440 0.047700 0.034708
95 0.145088 0.717010 0.052811 0.035395
98 0.369676 0.851031 0.054514 0.035395
75 0.258376 0.482990 0.059057 0.035395
123 0.695060 0.343643 0.038614 0.035739
107 0.807496 0.690378 0.038614 0.035739
77 0.596252 0.246392 0.052243 0.035739
68 0.592845 0.786254 0.052243 0.035739
327 0.909994 0.650859 0.053947 0.035739
68 0.362578 0.122680 0.061897 0.035739
121 0.480977 0.829210 0.063600 0.035739
118 0.695627 0.221478 0.027257 0.036082
85 0.806644 0.883333 0.036911 0.036082
717 0.915389 0.685052 0.063600 0.036082
107 0.910278 0.560481 0.035207 0.036426
76 0.253549 0.708247 0.041454 0.036426
1893 0.691085 0.738832 0.056786 0.036426
717 0.700454 0.564948 0.064168 0.036426
78 0.915105 0.879553 0.041454 0.036770
1415 0.250710 0.123540 0.065304 0.036770
4164 0.911982 0.726804 0.048836 0.037113
107 0.697615 0.780584 0.039182 0.037457
107 0.250994 0.310653 0.040886 0.037801
126 0.471607 0.124055 0.049404 0.037801
4084 0.912834 0.764777 0.043725 0.038144
81 0.365985 0.745876 0.053947 0.038144
68 0.698751 0.425086 0.014196 0.038488
76 0.910562 0.438832 0.039182 0.038488
3229 0.589154 0.880412 0.070982 0.038488
122 0.142249 0.396735 0.049404 0.038832
2820 0.130040 0.163746 0.071550 0.038832
121 0.690801 0.159450 0.044861 0.039175
60 0.363430 0.216495 0.028393 0.039863
51 0.368825 0.256701 0.050539 0.039863
1022 0.697899 0.709278 0.061329 0.040550
68 0.699602 0.602234 0.010221 0.040893
4260 0.908575 0.345189 0.043157 0.040893
2555 0.478421 0.757560 0.055082 0.040893
2820 0.362862 0.586082 0.065872 0.040893
68 0.257808 0.350515 0.020443 0.041237
126 0.136002 0.204124 0.047132 0.041237
3754 0.694492 0.527148 0.060193 0.041237
68 0.478705 0.276289 0.011357 0.041924
107 0.365417 0.425773 0.044861 0.041924
1917 0.911130 0.270103 0.041454 0.042612
62 0.590290 0.311340 0.042589 0.042612
68 0.260363 0.668213 0.019875 0.042955
2783 0.473311 0.397423 0.068711 0.042955
119 0.367689 0.298969 0.043725 0.043299
4084 0.477570 0.714089 0.051107 0.043299
2022 0.802385 0.356357 0.063600 0.044674
2273 0.475582 0.321649 0.059625 0.045361
1917 0.806644 0.556186 0.048268 0.045704
3192 0.591425 0.418385 0.059625 0.045704
268 0.797842 0.205155 0.048836 0.046048
1387 0.136570 0.303436 0.066440 0.046048
1387 0.906587 0.224914 0.057354 0.046392
1072 0.474446 0.235223 0.067575 0.046392
2590 0.365133 0.662199 0.045429 0.046735
4052 0.140829 0.467182 0.071550 0.048454
1158 0.805224 0.489003 0.037479 0.048797
47 0.594265 0.643986 0.041454 0.048797
4252 0.588586 0.524742 0.053947 0.048797
4086 0.908859 0.390378 0.069847 0.048797
1644 0.253833 0.168213 0.065872 0.049828
1438 0.693640 0.264261 0.052811 0.050172
3514 0.805508 0.254124 0.057354 0.051890
744 0.139977 0.580584 0.069847 0.051890
837 0.479557 0.527491 0.068711 0.052234
2029 0.797558 0.132474 0.060761 0.059450
47 0.919080 0.175945 0.041454 0.064605
47 0.379614 0.534192 0.049404 0.067010
