246 0.859593 0.485973 0.052907 0.006500
200 0.525581 0.891379 0.045349 0.012658
101 0.190698 0.249401 0.067442 0.015053
128 0.304942 0.645056 0.018023 0.016079
108 0.678198 0.260178 0.014535 0.016764
61 0.687209 0.243072 0.043023 0.016764
101 0.863372 0.627609 0.054651 0.016764
101 0.749128 0.779165 0.055233 0.016764
166 0.527616 0.121964 0.026163 0.018816
92 0.302907 0.585186 0.038372 0.018816
92 0.863081 0.457920 0.041279 0.018816
91 0.303198 0.862128 0.038953 0.019158
91 0.749419 0.721861 0.039535 0.019158
92 0.068023 0.488539 0.040698 0.019158
91 0.190407 0.814403 0.037791 0.019501
132 0.525000 0.857338 0.034884 0.019843
91 0.069767 0.422853 0.040698 0.019843
56 0.408430 0.665241 0.026163 0.020185
120 0.862500 0.242046 0.030814 0.020185
93 0.531686 0.811153 0.051744 0.020527
98 0.860465 0.884023 0.055814 0.020527
91 0.304942 0.766507 0.040116 0.020869
52 0.750872 0.212453 0.049419 0.021211
52 0.642442 0.832877 0.045349 0.021553
88 0.184884 0.120937 0.050000 0.021553
64 0.864535 0.709887 0.041860 0.021895
57 0.320058 0.518645 0.045930 0.021895
101 0.643605 0.575436 0.062791 0.021895
132 0.650872 0.620766 0.025000 0.022922
85 0.860756 0.121964 0.042442 0.022922
77 0.649419 0.852036 0.051163 0.022922
86 0.418023 0.120937 0.061628 0.022922
52 0.409012 0.692097 0.044767 0.023264
56 0.645930 0.785323 0.024419 0.023606
88 0.190698 0.880773 0.032558 0.023606
66 0.860756 0.860931 0.034302 0.023606
92 0.069186 0.185597 0.036047 0.023606
861 0.523837 0.158228 0.056977 0.023606
108 0.300872 0.272665 0.025000 0.023948
87 0.408721 0.851865 0.039535 0.023948
132 0.509593 0.879576 0.040116 0.023948
117 0.865116 0.270099 0.024419 0.024290
91 0.526744 0.638214 0.038372 0.024290
148 0.651163 0.599555 0.039535 0.024290
81 0.641570 0.809613 0.045930 0.024290
92 0.861628 0.177044 0.050000 0.024290
93 0.650872 0.452788 0.054070 0.024290
101 0.525000 0.535067 0.060465 0.024632
111 0.907267 0.861615 0.025000 0.024974
60 0.070640 0.726138 0.041279 0.024974
2412 0.304360 0.886247 0.047093 0.024974
111 0.748256 0.887102 0.026744 0.025316
60 0.906977 0.836983 0.025581 0.025659
120 0.531395 0.509579 0.032558 0.025659
52 0.410756 0.436709 0.056395 0.025659
120 0.642151 0.357509 0.030814 0.026001
52 0.302616 0.620253 0.057558 0.026001
101 0.866570 0.687308 0.058721 0.026001
55 0.305523 0.796784 0.063372 0.026001
120 0.526453 0.374786 0.030814 0.026343
113 0.638953 0.155149 0.045349 0.026343
98 0.408430 0.145912 0.055233 0.026343
82 0.755523 0.234177 0.061047 0.026343
101 0.190698 0.581765 0.065116 0.026343
88 0.069767 0.664728 0.030233 0.026685
52 0.861919 0.151215 0.050581 0.026685
120 0.756977 0.516079 0.017442 0.027027
117 0.752326 0.128122 0.024419 0.027027
1174 0.751163 0.860588 0.054651 0.027027
56 0.194477 0.355799 0.027326 0.027369
81 0.531395 0.276086 0.038372 0.027369
83 0.189244 0.739138 0.036628 0.027711
83 0.064826 0.840062 0.036628 0.027711
85 0.529070 0.751796 0.037209 0.027711
91 0.862500 0.735717 0.037791 0.027711
88 0.642442 0.755559 0.045349 0.027711
99 0.529360 0.350154 0.055233 0.027711
91 0.189535 0.677386 0.037209 0.028053
83 0.405523 0.330482 0.038953 0.028053
82 0.307558 0.701334 0.058140 0.028053
127 0.190988 0.225111 0.059884 0.028053
120 0.527907 0.561923 0.023256 0.028395
88 0.754360 0.303113 0.027326 0.028738
302 0.525291 0.184742 0.045930 0.028738
251 0.072093 0.332193 0.051163 0.028738
83 0.750000 0.371023 0.043023 0.029080
87 0.302616 0.672083 0.043605 0.029080
115 0.411337 0.640267 0.056395 0.029080
92 0.639535 0.126753 0.033721 0.029764
85 0.529651 0.443893 0.033721 0.029764
98 0.304942 0.492473 0.055233 0.029764
126 0.530523 0.718440 0.045930 0.030106
119 0.071221 0.754191 0.023837 0.030448
66 0.187500 0.195689 0.033140 0.030790
85 0.407267 0.879576 0.040116 0.030790
84 0.407849 0.719466 0.041279 0.030790
110 0.069477 0.697913 0.042442 0.030790
120 0.071802 0.213308 0.021512 0.031132
111 0.066860 0.123332 0.027907 0.031132
75 0.414244 0.174991 0.048256 0.031132
4260 0.864826 0.804311 0.038953 0.031475
107 0.188372 0.552515 0.044186 0.031475
126 0.301163 0.159767 0.047674 0.031475
68 0.068605 0.569107 0.012791 0.031817
87 0.865988 0.332706 0.043605 0.031817
1039 0.577907 0.835614 0.054651 0.031817
2022 0.680814 0.223401 0.045349 0.032159
72 0.300291 0.461170 0.047093 0.032159
72 0.635465 0.328088 0.052326 0.032159
68 0.191570 0.708690 0.011047 0.032501
117 0.527616 0.245809 0.026163 0.032501
78 0.753488 0.832877 0.046512 0.032501
316 0.068605 0.635135 0.055814 0.032501
107 0.409884 0.471776 0.033721 0.032843
107 0.303779 0.425590 0.034302 0.032843
2885 0.193023 0.609990 0.051163 0.032843
98 0.526453 0.479986 0.055233 0.032843
121 0.531977 0.782415 0.062791 0.032843
111 0.749419 0.402497 0.032558 0.033185
95 0.068023 0.601950 0.047674 0.033185
111 0.859012 0.556107 0.030814 0.033869
98 0.858721 0.299521 0.061628 0.033869
87 0.302616 0.126582 0.041279 0.034211
51 0.304070 0.340575 0.043023 0.034554
68 0.408721 0.298666 0.011628 0.034896
60 0.639826 0.186110 0.022674 0.034896
66 0.408140 0.405919 0.038372 0.035238
90 0.747965 0.752822 0.049419 0.035238
72 0.748837 0.484605 0.051163 0.035238
327 0.750581 0.554054 0.056977 0.035238
68 0.749419 0.338351 0.013953 0.035580
111 0.188953 0.645228 0.026744 0.035580
111 0.299128 0.303113 0.033140 0.035580
66 0.068605 0.156688 0.036047 0.035580
62 0.304360 0.733493 0.043605 0.035580
316 0.859884 0.521040 0.059302 0.035580
126 0.193314 0.322443 0.045930 0.035922
1644 0.642442 0.723401 0.054651 0.035922
253 0.402907 0.367602 0.061628 0.035922
111 0.066570 0.879918 0.031977 0.036264
1584 0.193605 0.845022 0.032558 0.036264
87 0.642733 0.395313 0.037791 0.036606
90 0.864244 0.655662 0.048256 0.036606
4112 0.751163 0.652241 0.058140 0.036606
979 0.645058 0.653951 0.058721 0.037290
118 0.640116 0.432946 0.027907 0.037975
339 0.864826 0.769244 0.057558 0.037975
53 0.747384 0.802600 0.034302 0.038317
1799 0.300872 0.828259 0.051744 0.038317
1346 0.186047 0.435511 0.055814 0.038317
1005 0.858430 0.378720 0.071512 0.038317
66 0.188663 0.516935 0.040116 0.039001
95 0.071802 0.294218 0.045930 0.039001
303 0.637500 0.684913 0.051744 0.039001
83 0.523547 0.309784 0.028488 0.039343
268 0.071221 0.458262 0.049419 0.039343
1305 0.747093 0.691926 0.051163 0.039343
1418 0.412209 0.257612 0.054651 0.039685
111 0.405814 0.602976 0.030233 0.040027
3735 0.862500 0.598700 0.042442 0.040369
979 0.189826 0.480671 0.058721 0.040369
1894 0.643023 0.489908 0.062791 0.040369
107 0.068314 0.254020 0.035465 0.040712
121 0.749128 0.268047 0.047093 0.040712
2599 0.190116 0.779507 0.052326 0.040712
62 0.192151 0.391037 0.047093 0.041054
2820 0.299128 0.554738 0.065698 0.041396
121 0.863372 0.210400 0.047674 0.041738
1534 0.296221 0.201163 0.064535 0.041738
68 0.411919 0.509750 0.012209 0.042422
68 0.302907 0.239138 0.025581 0.042422
47 0.645058 0.874786 0.051744 0.042422
2599 0.861337 0.422511 0.045930 0.043106
316 0.525000 0.214335 0.055814 0.043449
4431 0.188953 0.280363 0.062791 0.043449
1444 0.071512 0.527882 0.058140 0.043791
918 0.410756 0.215190 0.065698 0.043791
1584 0.526453 0.680978 0.034302 0.044133
2795 0.185756 0.160965 0.059884 0.044817
119 0.302035 0.382484 0.035465 0.045159
2237 0.639535 0.290626 0.051163 0.046185
2237 0.752326 0.446459 0.053488 0.046528
1039 0.524419 0.601266 0.070930 0.048922
1297 0.067733 0.379405 0.050581 0.049949
1297 0.409302 0.560725 0.047674 0.051317
913 0.643314 0.538488 0.056395 0.051317
1521 0.405814 0.811666 0.062791 0.051659
4069 0.069477 0.799179 0.062209 0.053370
47 0.531105 0.406603 0.047093 0.053712
4528 0.408721 0.764454 0.055814 0.054396
47 0.753779 0.165925 0.043605 0.057475
2056 0.751163 0.600753 0.059302 0.057475
