698 0.241213 0.230585 0.027778 0.016421
62 0.117914 0.354430 0.026077 0.021211
91 0.678005 0.881628 0.031746 0.021211
1083 0.635204 0.870852 0.037982 0.022237
1083 0.241497 0.330824 0.031746 0.023948
89 0.176871 0.243756 0.041950 0.025659
121 0.134354 0.330140 0.027211 0.026001
272 0.570011 0.841430 0.054989 0.026343
2134 0.541383 0.863325 0.044218 0.027027
2560 0.737528 0.858536 0.058957 0.027711
1197 0.729875 0.885050 0.052721 0.028053
119 0.182540 0.297982 0.023810 0.030106
110 0.180272 0.272836 0.032880 0.030448
91 0.243764 0.356483 0.049887 0.030790
104 0.129535 0.303455 0.032313 0.031475
781 0.733844 0.829114 0.056122 0.031817
3735 0.127834 0.270099 0.043651 0.032501
4116 0.499433 0.888129 0.043084 0.032843
3687 0.241213 0.203729 0.052721 0.034554
91 0.240646 0.258296 0.033447 0.036948
3122 0.237245 0.299008 0.052721 0.038317
127 0.121032 0.382484 0.054989 0.038317
4460 0.634354 0.838693 0.047619 0.039343
88 0.181406 0.347246 0.026077 0.067054
