169 0.414954 0.693236 0.039954 0.010537
188 0.860731 0.882903 0.034247 0.011217
169 0.746861 0.909245 0.051941 0.011557
101 0.300228 0.145309 0.065068 0.012576
92 0.414954 0.784500 0.034247 0.014276
92 0.384703 0.554895 0.039954 0.014616
92 0.199201 0.825969 0.038813 0.014956
287 0.386130 0.588715 0.042808 0.014956
196 0.746290 0.503399 0.025685 0.016315
168 0.411815 0.677260 0.030251 0.016655
83 0.381849 0.513086 0.030822 0.017335
104 0.881279 0.584126 0.037671 0.017335
128 0.520263 0.403127 0.019977 0.017675
196 0.309646 0.686608 0.025685 0.017675
196 0.643550 0.354011 0.027968 0.018015
81 0.879566 0.632053 0.038813 0.018015
64 0.431507 0.505099 0.027397 0.018355
92 0.305080 0.524813 0.041667 0.018355
77 0.434361 0.588545 0.033105 0.018695
148 0.192066 0.197825 0.033676 0.019035
61 0.385845 0.475527 0.035388 0.019035
92 0.519692 0.352821 0.040525 0.019035
68 0.432363 0.525153 0.006279 0.019714
60 0.829053 0.585996 0.019977 0.019714
132 0.857306 0.902447 0.047945 0.019714
56 0.638699 0.301666 0.020548 0.020054
162 0.084189 0.904657 0.043950 0.020054
101 0.861587 0.870326 0.065639 0.020054
108 0.385559 0.494562 0.016553 0.020394
108 0.433505 0.570360 0.021119 0.020394
101 0.751427 0.860639 0.057648 0.020394
60 0.880137 0.650408 0.020548 0.020734
92 0.739441 0.354691 0.038242 0.020734
57 0.199772 0.399218 0.043379 0.020734
56 0.860445 0.490823 0.024543 0.021074
168 0.745434 0.893270 0.030822 0.021074
101 0.523116 0.262067 0.061073 0.021074
101 0.859304 0.513256 0.062215 0.021074
101 0.526256 0.520734 0.062785 0.021074
56 0.879281 0.565772 0.022260 0.021414
119 0.742580 0.252039 0.031963 0.021414
91 0.525685 0.879844 0.035388 0.021414
83 0.526541 0.793338 0.037100 0.021754
64 0.188071 0.148878 0.040525 0.021754
642 0.631849 0.150238 0.047945 0.021754
101 0.191495 0.262746 0.062215 0.021754
83 0.399543 0.187458 0.039954 0.022094
98 0.195205 0.769035 0.051370 0.022094
88 0.310788 0.770224 0.039384 0.022434
85 0.187785 0.174031 0.042237 0.022434
121 0.387272 0.569001 0.045091 0.022434
81 0.856735 0.334806 0.050228 0.022434
101 0.409247 0.212101 0.059361 0.022434
87 0.432363 0.549116 0.026826 0.022774
52 0.194920 0.746261 0.051941 0.022774
57 0.648973 0.836846 0.038813 0.023114
98 0.527397 0.640721 0.053653 0.023114
117 0.453767 0.619477 0.020548 0.023453
76 0.529110 0.855710 0.035388 0.023453
120 0.079909 0.786030 0.036530 0.023453
90 0.448916 0.641230 0.037100 0.023453
57 0.527968 0.428790 0.044521 0.023453
81 0.301941 0.351292 0.049087 0.023453
82 0.836758 0.564412 0.050228 0.023453
101 0.647260 0.634772 0.069635 0.023453
88 0.201484 0.898029 0.025114 0.023793
85 0.638128 0.510537 0.038813 0.023793
91 0.747432 0.811183 0.041667 0.024133
64 0.639269 0.486914 0.043379 0.024133
110 0.522546 0.495581 0.038242 0.024473
51 0.385559 0.535180 0.031393 0.024813
84 0.639840 0.898878 0.039954 0.024813
57 0.653539 0.654147 0.042237 0.024813
166 0.859018 0.534330 0.021689 0.025153
88 0.853311 0.733175 0.028539 0.025153
1810 0.633276 0.238273 0.029110 0.025153
76 0.856735 0.817811 0.033105 0.025153
88 0.070776 0.203263 0.041096 0.025153
273 0.794521 0.885792 0.043379 0.025153
77 0.530822 0.901428 0.049087 0.025153
52 0.519977 0.380693 0.050228 0.025153
120 0.748288 0.753399 0.028539 0.025493
56 0.744007 0.657206 0.030251 0.025493
77 0.754281 0.838375 0.043950 0.025493
126 0.880708 0.607410 0.036530 0.025833
52 0.744863 0.779742 0.045662 0.025833
171 0.079338 0.450544 0.036530 0.026173
83 0.525970 0.697315 0.040525 0.026173
57 0.081336 0.422672 0.043950 0.026173
302 0.632705 0.178280 0.051941 0.026173
98 0.638413 0.717709 0.051941 0.026173
83 0.831050 0.645139 0.027397 0.026513
66 0.414954 0.875935 0.036530 0.026513
166 0.412100 0.454283 0.017123 0.026852
84 0.641838 0.536540 0.055365 0.026852
107 0.305936 0.585826 0.035388 0.027532
86 0.538527 0.613018 0.047374 0.027532
59 0.314212 0.869307 0.049658 0.027532
83 0.076484 0.719579 0.037671 0.027872
88 0.299943 0.249150 0.040525 0.027872
55 0.190068 0.292998 0.059361 0.027872
111 0.408961 0.270054 0.031393 0.028212
107 0.412100 0.898199 0.043379 0.028212
87 0.309932 0.897179 0.044521 0.028212
88 0.192637 0.571890 0.046233 0.028212
120 0.411244 0.423861 0.021119 0.028552
69 0.085616 0.875595 0.023973 0.028552
88 0.077911 0.642080 0.027968 0.028552
85 0.194635 0.716349 0.023973 0.028892
91 0.742295 0.193916 0.035959 0.028892
70 0.432934 0.483175 0.035959 0.028892
91 0.857021 0.466179 0.042808 0.028892
1406 0.198916 0.607920 0.048516 0.028892
113 0.856164 0.401258 0.049087 0.028892
76 0.300514 0.324269 0.034817 0.029232
90 0.853881 0.845683 0.047945 0.029232
118 0.634989 0.328178 0.032534 0.029572
87 0.070776 0.335996 0.037671 0.029572
132 0.525970 0.582087 0.043950 0.029572
87 0.636701 0.456152 0.043950 0.029912
104 0.201484 0.851462 0.045662 0.029912
547 0.308219 0.554385 0.051370 0.029912
501 0.629566 0.207002 0.054795 0.029912
127 0.207763 0.869477 0.057078 0.029912
120 0.861301 0.430829 0.022831 0.030252
76 0.079623 0.846193 0.034817 0.030252
111 0.069064 0.231475 0.028539 0.030591
84 0.303082 0.452413 0.045662 0.030591
118 0.072489 0.300646 0.022831 0.030931
72 0.851598 0.787729 0.049087 0.030931
127 0.419806 0.331237 0.056507 0.030931
111 0.640411 0.565262 0.031963 0.031271
87 0.195491 0.502039 0.041667 0.031271
68 0.079338 0.815772 0.050228 0.031271
3735 0.414384 0.850442 0.050228 0.031271
107 0.527397 0.545037 0.033105 0.031611
123 0.742295 0.225527 0.033676 0.031611
85 0.409532 0.357410 0.033676 0.031611
66 0.857021 0.305744 0.040525 0.031611
124 0.856735 0.268015 0.045662 0.031611
3735 0.833904 0.615228 0.035388 0.031951
86 0.648402 0.687967 0.042237 0.031951
98 0.306792 0.803195 0.042808 0.031951
2748 0.527968 0.728586 0.055936 0.032291
113 0.850171 0.761897 0.055365 0.032971
74 0.519121 0.287559 0.042808 0.033311
1012 0.416952 0.815432 0.077055 0.033990
111 0.303082 0.379844 0.027397 0.034330
68 0.526826 0.667233 0.013699 0.034670
2151 0.193779 0.431339 0.055365 0.034670
2748 0.073345 0.267165 0.062215 0.034670
90 0.513984 0.231985 0.053082 0.035010
2151 0.074772 0.485894 0.053653 0.035010
2436 0.847603 0.158226 0.058219 0.035010
68 0.311073 0.612508 0.013699 0.035350
51 0.409247 0.390211 0.044521 0.035350
77 0.750856 0.475357 0.048516 0.035690
81 0.851027 0.196295 0.050228 0.035690
76 0.406678 0.301156 0.038242 0.036030
121 0.520833 0.324949 0.040525 0.036030
119 0.297945 0.220768 0.035388 0.036370
1887 0.414669 0.757818 0.061073 0.036370
123 0.746005 0.728076 0.029680 0.036710
2707 0.078482 0.571210 0.040525 0.037050
90 0.185217 0.234704 0.049658 0.037050
87 0.520833 0.156526 0.051941 0.037050
127 0.078767 0.361829 0.053653 0.037050
1579 0.194635 0.537220 0.060502 0.037050
118 0.518550 0.194426 0.023402 0.037390
83 0.849030 0.231815 0.032534 0.037390
883 0.193208 0.643100 0.049658 0.037390
1099 0.196918 0.680659 0.051370 0.037729
1584 0.522831 0.461591 0.042237 0.038069
978 0.630708 0.383413 0.054795 0.038069
1917 0.527683 0.825629 0.055365 0.038069
119 0.303368 0.416213 0.035959 0.038409
3735 0.077911 0.609959 0.054224 0.038409
4255 0.641838 0.867607 0.055365 0.038409
68 0.858733 0.371686 0.008562 0.039089
118 0.739726 0.689497 0.037671 0.039089
552 0.751142 0.618797 0.043379 0.039089
76 0.307363 0.654317 0.035959 0.039429
577 0.195491 0.326309 0.046233 0.039429
111 0.641838 0.748980 0.033676 0.039769
3956 0.634418 0.270054 0.070205 0.039769
81 0.524829 0.763086 0.049658 0.040109
77 0.080194 0.392250 0.053082 0.040109
2083 0.190068 0.467029 0.059361 0.040109
3192 0.404680 0.159585 0.055936 0.040449
1193 0.072203 0.758158 0.061073 0.040449
90 0.641267 0.601971 0.054224 0.040789
2083 0.187785 0.368627 0.065068 0.041128
322 0.413527 0.721618 0.067922 0.041468
1099 0.304509 0.490653 0.053082 0.041808
366 0.744292 0.539939 0.058219 0.041808
3322 0.740868 0.159415 0.041096 0.042148
2718 0.743436 0.384772 0.048516 0.042148
4068 0.632991 0.421142 0.067352 0.042148
1917 0.302797 0.287390 0.048516 0.042488
52 0.743151 0.283821 0.053653 0.042828
68 0.315639 0.832767 0.025114 0.043508
1917 0.078482 0.680659 0.053082 0.043848
4402 0.075628 0.526003 0.059932 0.045207
1834 0.745148 0.579368 0.063356 0.046567
681 0.300514 0.177770 0.049658 0.048266
976 0.070776 0.166213 0.049087 0.049626
4371 0.740011 0.430659 0.051941 0.049626
1140 0.856164 0.691706 0.053653 0.053025
1140 0.309646 0.729946 0.049658 0.054045
2191 0.647260 0.799116 0.062785 0.055065
