101 0.286402 0.889749 0.035694 0.008600
92 0.357790 0.869109 0.030028 0.009288
56 0.285269 0.878225 0.015297 0.009632
120 0.230878 0.866701 0.018697 0.010664
56 0.232578 0.880461 0.016431 0.011352
101 0.209065 0.892845 0.048725 0.011352
52 0.423513 0.844513 0.030028 0.011696
192 0.321246 0.824733 0.026062 0.013416
52 0.457507 0.827829 0.030028 0.013416
499 0.821530 0.779326 0.030595 0.013416
55 0.317280 0.855865 0.030595 0.013760
113 0.422663 0.828689 0.035127 0.013760
88 0.258357 0.870829 0.016997 0.014792
135 0.322096 0.839181 0.018697 0.014792
124 0.232295 0.850189 0.030595 0.014792
66 0.356657 0.838493 0.018697 0.015480
78 0.262040 0.854317 0.026629 0.015480
91 0.389802 0.860509 0.027195 0.016168
77 0.426346 0.886825 0.030028 0.016512
74 0.458357 0.844341 0.023796 0.016856
53 0.257790 0.834537 0.015864 0.017200
90 0.821530 0.762126 0.028329 0.017544
92 0.425779 0.812521 0.022096 0.017888
53 0.457790 0.863261 0.012465 0.018232
272 0.361190 0.816993 0.039093 0.019952
76 0.457507 0.809942 0.023229 0.020296
117 0.823796 0.742346 0.018130 0.020640
127 0.358357 0.854833 0.030028 0.020640
76 0.286402 0.861885 0.026629 0.020984
90 0.204816 0.875989 0.037960 0.021672
58 0.320397 0.873925 0.026629 0.022360
53 0.388952 0.883385 0.016431 0.022704
2320 0.426062 0.864121 0.036261 0.026144
