101 0.561605 0.380561 0.046991 0.012320
297 0.126074 0.121150 0.056160 0.015743
128 0.677650 0.472450 0.016619 0.016085
128 0.884527 0.851472 0.022350 0.017112
92 0.775358 0.566564 0.042407 0.018823
56 0.453582 0.326489 0.028080 0.019165
129 0.135244 0.364990 0.029799 0.019507
92 0.877650 0.627481 0.041834 0.020192
128 0.563610 0.759754 0.014327 0.020534
101 0.674785 0.388433 0.067049 0.020534
57 0.459026 0.573238 0.043553 0.021218
57 0.890258 0.162731 0.042980 0.021561
57 0.246418 0.223306 0.048138 0.021561
56 0.561605 0.356434 0.061891 0.022245
91 0.569914 0.835387 0.041834 0.022587
120 0.562751 0.735113 0.028653 0.023272
91 0.880802 0.722793 0.045845 0.023272
56 0.780229 0.244182 0.028080 0.023614
56 0.563610 0.718172 0.031519 0.023614
91 0.781375 0.623374 0.045272 0.023614
88 0.349284 0.881075 0.057880 0.023614
120 0.456734 0.124230 0.027507 0.023956
91 0.881375 0.373374 0.048138 0.023956
57 0.784814 0.775325 0.045272 0.024298
122 0.879943 0.876626 0.047564 0.024298
126 0.237822 0.710643 0.055014 0.024298
92 0.881375 0.471937 0.049284 0.024641
81 0.341547 0.781656 0.056160 0.024641
91 0.778510 0.492813 0.047564 0.025325
91 0.348711 0.182238 0.046418 0.025667
56 0.777077 0.600787 0.060745 0.025667
68 0.232951 0.847707 0.021203 0.026010
55 0.882521 0.557153 0.053868 0.026010
88 0.673066 0.239220 0.055587 0.026010
120 0.680229 0.446441 0.028653 0.026352
1810 0.777937 0.460472 0.032665 0.026352
91 0.345272 0.580767 0.046418 0.026694
55 0.127794 0.766598 0.055014 0.026694
500 0.674785 0.210301 0.041834 0.027036
91 0.128653 0.207734 0.047564 0.027379
2595 0.346418 0.546886 0.053295 0.027379
83 0.342980 0.807495 0.054441 0.027721
1406 0.677364 0.303730 0.055014 0.027721
126 0.343266 0.713723 0.056160 0.027721
2134 0.780229 0.698323 0.060172 0.027721
95 0.878797 0.693703 0.051003 0.028063
52 0.236103 0.405886 0.061891 0.028063
1005 0.128653 0.874743 0.067049 0.028063
85 0.683668 0.681896 0.030946 0.028405
1810 0.564470 0.565537 0.032092 0.028405
64 0.881662 0.661020 0.033811 0.029090
86 0.353868 0.307153 0.052149 0.029090
113 0.878510 0.530287 0.056160 0.029090
65 0.891117 0.828029 0.057307 0.029090
76 0.777364 0.811773 0.044126 0.029432
88 0.779656 0.874401 0.057880 0.029432
91 0.130086 0.845311 0.043553 0.030116
1778 0.677650 0.363792 0.045272 0.030116
87 0.779943 0.270192 0.048138 0.030459
81 0.780516 0.167351 0.050430 0.030801
88 0.452722 0.710472 0.067622 0.030801
88 0.562464 0.644593 0.031519 0.031143
249 0.452436 0.540897 0.059026 0.031143
76 0.349284 0.459959 0.045272 0.031485
85 0.128653 0.432752 0.041834 0.031828
76 0.235530 0.778747 0.046991 0.031828
87 0.455874 0.299281 0.049857 0.031828
51 0.456734 0.791752 0.056160 0.031828
1197 0.678223 0.332820 0.056734 0.031828
119 0.685100 0.747091 0.024642 0.032170
111 0.684814 0.877139 0.044699 0.032170
87 0.238395 0.439425 0.046991 0.032170
77 0.884814 0.259411 0.057307 0.032170
66 0.234384 0.876283 0.040115 0.032512
66 0.878510 0.407426 0.045845 0.032512
547 0.674212 0.275325 0.054441 0.032512
327 0.458166 0.753765 0.062464 0.032512
1338 0.343553 0.425907 0.068195 0.032512
76 0.124069 0.335729 0.049857 0.032854
2555 0.678223 0.597878 0.060172 0.032854
2567 0.680516 0.552361 0.063610 0.032854
118 0.884814 0.189425 0.019484 0.033196
74 0.883954 0.441992 0.042980 0.033196
110 0.780516 0.842402 0.049284 0.033196
104 0.349857 0.273614 0.052149 0.033196
88 0.127794 0.297741 0.043553 0.033539
81 0.878223 0.795346 0.056734 0.033539
87 0.685100 0.715435 0.041834 0.033881
85 0.562464 0.263176 0.036103 0.034223
111 0.452436 0.402806 0.037249 0.034223
117 0.129799 0.617899 0.028080 0.034565
107 0.883668 0.226386 0.035530 0.034565
117 0.351289 0.344285 0.027507 0.034908
92 0.880516 0.758727 0.028080 0.034908
721 0.679943 0.843258 0.053295 0.034908
1039 0.564756 0.800821 0.071633 0.034908
85 0.670487 0.128850 0.037822 0.035250
272 0.782521 0.661704 0.057880 0.035250
95 0.130086 0.397159 0.060745 0.035250
1632 0.557880 0.687714 0.062464 0.035250
632 0.235244 0.627823 0.055587 0.035934
272 0.455874 0.615845 0.060172 0.035934
68 0.248997 0.740246 0.015473 0.036277
4440 0.889685 0.341889 0.061318 0.036277
4252 0.878223 0.593943 0.047564 0.036619
2997 0.235244 0.672313 0.062464 0.036619
3984 0.773066 0.524983 0.045845 0.036961
58 0.344126 0.750342 0.039542 0.037303
74 0.455874 0.367385 0.041834 0.037303
704 0.675645 0.414613 0.046991 0.037303
2599 0.344986 0.847023 0.042407 0.037645
63 0.461891 0.826831 0.059599 0.037645
2256 0.568195 0.873374 0.063610 0.037645
123 0.234384 0.372519 0.025215 0.037988
93 0.130086 0.654517 0.050430 0.037988
752 0.560745 0.310233 0.059026 0.037988
2748 0.778510 0.130903 0.061318 0.037988
58 0.452722 0.257016 0.042407 0.038330
71 0.887679 0.497947 0.060745 0.038330
1879 0.561605 0.471081 0.036676 0.038672
121 0.125215 0.692163 0.046418 0.038672
68 0.126648 0.730835 0.010315 0.040041
87 0.881662 0.132957 0.052149 0.040041
68 0.454155 0.865503 0.013181 0.040383
3664 0.240401 0.532341 0.055587 0.040726
1392 0.563324 0.521561 0.055014 0.041068
3799 0.679943 0.640999 0.055587 0.041068
119 0.128653 0.468686 0.029226 0.041410
3624 0.560745 0.177447 0.062464 0.041410
60 0.347851 0.379877 0.028653 0.041752
3145 0.238395 0.818275 0.051576 0.041752
3331 0.458739 0.500342 0.054441 0.041752
58 0.779083 0.362765 0.039542 0.042437
4532 0.341547 0.672313 0.059599 0.042779
4310 0.126074 0.163073 0.060745 0.042779
4538 0.231805 0.578200 0.061318 0.042779
4260 0.348424 0.231691 0.055014 0.043121
1827 0.885387 0.300479 0.058453 0.043121
2256 0.684241 0.504449 0.060745 0.043121
2896 0.562464 0.129706 0.061318 0.043121
3800 0.454728 0.666324 0.070487 0.043121
68 0.781375 0.315366 0.010888 0.043463
1229 0.347851 0.507016 0.065330 0.043463
4727 0.342693 0.626283 0.059599 0.043806
83 0.775072 0.203970 0.026934 0.044490
718 0.562751 0.224162 0.049284 0.044490
1121 0.457020 0.450890 0.053295 0.044832
1392 0.562751 0.604552 0.057307 0.044832
322 0.127221 0.520534 0.063037 0.045175
1116 0.126648 0.812799 0.063037 0.045175
973 0.454728 0.210130 0.049857 0.045859
3353 0.238109 0.486653 0.049857 0.045859
119 0.455587 0.159138 0.033238 0.046543
322 0.779370 0.414442 0.058453 0.046543
2869 0.132092 0.252909 0.060172 0.046543
1125 0.125788 0.570329 0.060172 0.046886
83 0.557307 0.421971 0.029226 0.047228
1480 0.236676 0.186687 0.063037 0.048255
505 0.674499 0.794148 0.032092 0.048939
4116 0.782235 0.737680 0.053868 0.048939
1159 0.237249 0.135866 0.060745 0.049281
3340 0.355014 0.133299 0.069341 0.049624
990 0.675072 0.174880 0.065330 0.049966
322 0.241834 0.269336 0.060745 0.050650
1300 0.236103 0.323580 0.055014 0.053730
