169 0.786637 0.708819 0.032566 0.009266
200 0.883492 0.291181 0.039865 0.012697
64 0.907075 0.233871 0.029759 0.014070
64 0.802639 0.649279 0.026390 0.014413
91 0.800955 0.663349 0.028636 0.015100
162 0.355418 0.525909 0.029197 0.016815
91 0.906794 0.249142 0.030320 0.017159
90 0.910724 0.551819 0.035935 0.017159
162 0.568782 0.475463 0.032566 0.018188
113 0.453678 0.865992 0.059517 0.018188
168 0.788040 0.693205 0.028636 0.018531
117 0.909882 0.535518 0.018529 0.018874
101 0.772880 0.630920 0.078046 0.018874
57 0.667041 0.458819 0.043796 0.019218
101 0.555867 0.373885 0.067378 0.019561
132 0.669848 0.556623 0.032566 0.019904
132 0.878158 0.277111 0.029197 0.020247
92 0.241999 0.817605 0.053902 0.020247
113 0.657496 0.257207 0.057271 0.020247
56 0.449747 0.269046 0.032566 0.020590
120 0.554745 0.421585 0.030320 0.020933
120 0.341381 0.833047 0.033689 0.020933
92 0.560079 0.642244 0.048849 0.020933
92 0.667041 0.809369 0.049410 0.020933
101 0.879001 0.697495 0.069062 0.020933
57 0.567097 0.888813 0.052779 0.021277
56 0.343627 0.173816 0.023582 0.021620
56 0.452835 0.783631 0.029759 0.021620
92 0.126053 0.592141 0.052218 0.021620
52 0.766423 0.296328 0.056148 0.021620
56 0.875912 0.401167 0.031443 0.021963
56 0.765581 0.610844 0.036496 0.021963
129 0.461538 0.164894 0.028074 0.022992
132 0.661426 0.282944 0.028074 0.022992
56 0.126053 0.413349 0.030882 0.022992
148 0.879562 0.306966 0.032004 0.022992
113 0.662830 0.531743 0.054464 0.022992
52 0.339978 0.856726 0.060079 0.022992
92 0.343908 0.430336 0.049972 0.023336
81 0.773161 0.853809 0.050533 0.023336
52 0.557833 0.731812 0.052218 0.023679
69 0.462100 0.846946 0.041550 0.024022
57 0.777372 0.439602 0.047726 0.024022
132 0.459012 0.889671 0.030882 0.024365
56 0.563448 0.787406 0.032004 0.024365
64 0.666199 0.585964 0.035373 0.024365
62 0.454239 0.620968 0.033689 0.025051
52 0.233015 0.140357 0.056148 0.025395
134 0.344469 0.228723 0.021898 0.025738
81 0.234700 0.168668 0.052779 0.025738
55 0.875351 0.584592 0.060640 0.025738
118 0.879843 0.638641 0.013476 0.026081
118 0.234138 0.508236 0.028074 0.026081
85 0.553060 0.349348 0.034812 0.026081
120 0.238630 0.443034 0.034812 0.026081
60 0.666760 0.742965 0.064570 0.026081
91 0.772880 0.589396 0.046603 0.026424
92 0.553622 0.292210 0.049410 0.026424
52 0.873666 0.612732 0.057271 0.026424
134 0.461538 0.549245 0.023582 0.027111
83 0.555587 0.500172 0.047726 0.027797
108 0.126895 0.502574 0.031443 0.028483
91 0.348119 0.662835 0.049410 0.028483
127 0.881808 0.669012 0.078046 0.028483
118 0.236103 0.313315 0.020775 0.028826
91 0.239191 0.794784 0.049410 0.028826
72 0.660022 0.402883 0.053341 0.028826
95 0.562886 0.857241 0.055587 0.028826
77 0.458170 0.762869 0.057271 0.028826
134 0.667041 0.369423 0.019090 0.029170
134 0.138125 0.886239 0.024705 0.029170
117 0.135317 0.646706 0.025828 0.029170
3338 0.149074 0.204358 0.035373 0.029170
66 0.764739 0.268188 0.042673 0.029170
85 0.562886 0.761668 0.048849 0.029170
126 0.238349 0.685827 0.062325 0.029170
88 0.345031 0.765271 0.061202 0.029513
2151 0.873947 0.794097 0.063448 0.029513
127 0.348681 0.287920 0.074116 0.029513
108 0.668164 0.713281 0.029197 0.029856
110 0.871701 0.173816 0.055587 0.029856
60 0.128299 0.534146 0.062325 0.029856
85 0.447782 0.138298 0.045480 0.030199
76 0.551656 0.322237 0.047726 0.030199
95 0.670971 0.877831 0.055025 0.030199
134 0.243964 0.885896 0.024144 0.030542
85 0.134756 0.802848 0.038181 0.030542
76 0.340258 0.702299 0.048287 0.030542
124 0.234419 0.535175 0.052218 0.030542
83 0.343908 0.549931 0.054464 0.030542
82 0.879562 0.371139 0.063448 0.030542
55 0.667883 0.684111 0.063448 0.030542
68 0.552499 0.704530 0.025828 0.030885
127 0.666480 0.429135 0.071870 0.031229
110 0.236384 0.341798 0.050533 0.031572
55 0.131387 0.616335 0.061763 0.031572
118 0.239753 0.608957 0.019090 0.031915
53 0.128299 0.286376 0.025267 0.031915
87 0.135036 0.693377 0.051095 0.031915
72 0.122684 0.146362 0.057833 0.031915
127 0.129422 0.175189 0.074677 0.031915
111 0.242280 0.764928 0.035373 0.032258
76 0.865806 0.141730 0.048287 0.032258
87 0.454801 0.493480 0.052779 0.032258
67 0.129422 0.318806 0.060079 0.032258
88 0.453116 0.424502 0.066255 0.032258
127 0.674060 0.610844 0.075800 0.032258
118 0.121842 0.440460 0.030320 0.032601
88 0.763897 0.187543 0.035373 0.032601
76 0.775969 0.882464 0.046042 0.032601
84 0.348400 0.398421 0.057833 0.032944
55 0.129422 0.470487 0.064570 0.032944
118 0.449467 0.334763 0.025267 0.033288
123 0.555025 0.395848 0.028636 0.033288
119 0.454801 0.525566 0.031443 0.033288
88 0.870298 0.209163 0.065132 0.033288
88 0.875912 0.427763 0.069624 0.033288
60 0.549130 0.448181 0.030320 0.033631
111 0.554745 0.533288 0.042673 0.033631
86 0.459012 0.690460 0.045480 0.033631
69 0.131668 0.564859 0.046603 0.033631
87 0.671252 0.648250 0.046603 0.033631
68 0.872824 0.338367 0.056710 0.033631
88 0.562044 0.611874 0.064009 0.033631
60 0.235823 0.477522 0.055025 0.033974
123 0.341381 0.805079 0.029197 0.034317
107 0.776811 0.824296 0.033127 0.034317
119 0.659742 0.344887 0.033689 0.034317
85 0.451713 0.243995 0.035373 0.034317
87 0.877597 0.465340 0.051656 0.034317
60 0.341381 0.497769 0.029197 0.034660
110 0.346154 0.734214 0.049972 0.034660
70 0.554464 0.214653 0.053341 0.034660
111 0.343346 0.582361 0.038742 0.035003
366 0.456204 0.729581 0.054464 0.035003
121 0.233015 0.413864 0.058394 0.035003
107 0.551095 0.181366 0.033127 0.035347
107 0.771196 0.512869 0.033127 0.035347
107 0.124930 0.352780 0.030882 0.035690
69 0.663672 0.231984 0.038181 0.035690
70 0.126053 0.386754 0.046603 0.035690
85 0.349242 0.880062 0.044919 0.036033
68 0.129422 0.769389 0.017406 0.036376
123 0.340258 0.146877 0.030320 0.036376
118 0.242560 0.377488 0.035935 0.036376
51 0.663391 0.315031 0.048849 0.036376
1065 0.664795 0.840082 0.069624 0.036376
87 0.452555 0.299760 0.051656 0.036719
1476 0.345873 0.327900 0.053902 0.036719
72 0.343627 0.256177 0.051656 0.037406
75 0.883212 0.758236 0.052779 0.037406
111 0.447782 0.459849 0.042111 0.037749
74 0.128299 0.249142 0.045480 0.037749
1831 0.454239 0.817433 0.056148 0.037749
316 0.345873 0.366507 0.084222 0.037749
107 0.763616 0.321723 0.028074 0.038092
68 0.882369 0.501887 0.062325 0.038092
127 0.883492 0.488504 0.074677 0.038092
69 0.675182 0.775909 0.027513 0.038435
2820 0.662830 0.494852 0.060079 0.038435
1022 0.772038 0.787920 0.065132 0.038435
67 0.556429 0.143960 0.056148 0.038778
51 0.243403 0.238675 0.056710 0.038778
1435 0.564290 0.825154 0.058394 0.038778
121 0.452555 0.653054 0.048287 0.039121
1880 0.242280 0.849863 0.052218 0.040151
1072 0.556990 0.670384 0.065132 0.040151
107 0.131106 0.728895 0.036496 0.040494
366 0.875351 0.723404 0.060640 0.040494
70 0.764739 0.360844 0.053902 0.040837
87 0.243122 0.572581 0.057271 0.040837
68 0.139248 0.654255 0.058394 0.040837
83 0.229085 0.203157 0.033689 0.041181
58 0.236384 0.277111 0.047165 0.041524
87 0.772600 0.230439 0.053902 0.041524
3984 0.341381 0.622684 0.058394 0.041524
3354 0.873947 0.880577 0.055587 0.041867
1695 0.236665 0.725463 0.071308 0.041867
119 0.340258 0.201270 0.032566 0.042210
1893 0.560079 0.572237 0.056710 0.042210
604 0.765862 0.147907 0.057271 0.042553
1880 0.767827 0.475806 0.058956 0.043583
604 0.657215 0.189430 0.054464 0.043926
87 0.348961 0.461736 0.055587 0.044269
70 0.453958 0.588710 0.055587 0.044269
70 0.768950 0.554393 0.057833 0.044269
2191 0.242841 0.650309 0.062325 0.044612
2598 0.135317 0.843857 0.029197 0.045299
60 0.445817 0.202471 0.025828 0.045985
3354 0.651881 0.145333 0.056148 0.046328
322 0.781022 0.742793 0.062886 0.046328
2949 0.876474 0.834935 0.056148 0.048044
322 0.560079 0.258579 0.066816 0.049760
296 0.768389 0.405800 0.038742 0.051819
2061 0.451151 0.379375 0.060079 0.053191
