101 0.414463 0.312977 0.052335 0.009715
93 0.090602 0.340736 0.042769 0.013879
128 0.090602 0.708189 0.012380 0.015267
203 0.523073 0.494795 0.030951 0.015267
203 0.525605 0.673664 0.032639 0.016308
92 0.519415 0.795628 0.040518 0.016655
92 0.193585 0.740805 0.041643 0.017349
56 0.517164 0.607044 0.019133 0.017696
93 0.632527 0.539729 0.047271 0.017696
56 0.738042 0.400069 0.015194 0.018043
132 0.521103 0.625954 0.027012 0.018043
101 0.194147 0.429216 0.052898 0.018043
297 0.842150 0.492193 0.046708 0.019778
132 0.524761 0.564885 0.025324 0.020125
64 0.733540 0.299098 0.028700 0.020819
177 0.525324 0.818182 0.044457 0.020819
1173 0.521103 0.168980 0.051773 0.020819
52 0.516882 0.591777 0.044457 0.021166
91 0.302476 0.875434 0.036579 0.021513
297 0.518289 0.748439 0.041643 0.021513
128 0.087507 0.240632 0.017445 0.021860
56 0.732696 0.791985 0.027012 0.021860
57 0.631401 0.740632 0.029263 0.021860
93 0.412212 0.900590 0.050084 0.021860
56 0.089477 0.660826 0.020259 0.022554
52 0.735228 0.900937 0.044457 0.022554
57 0.857344 0.130638 0.046708 0.022554
85 0.305571 0.640180 0.027012 0.022901
120 0.414744 0.390874 0.023635 0.023248
117 0.520259 0.238029 0.019696 0.023595
64 0.737479 0.578071 0.029826 0.023595
81 0.844119 0.800486 0.042769 0.023595
56 0.088070 0.730222 0.024198 0.023942
56 0.411930 0.625781 0.028137 0.023942
56 0.415869 0.365024 0.021384 0.024289
85 0.088351 0.754337 0.028137 0.024289
85 0.301351 0.292332 0.026449 0.024636
88 0.521666 0.403713 0.027012 0.024636
83 0.300788 0.351666 0.039955 0.024636
98 0.301913 0.699688 0.052335 0.024636
88 0.415307 0.211312 0.028137 0.024983
126 0.624086 0.648855 0.050647 0.024983
162 0.521384 0.846461 0.030951 0.025330
126 0.841306 0.353053 0.048396 0.025330
85 0.194147 0.657529 0.031514 0.025677
91 0.843275 0.518737 0.035453 0.025677
120 0.090321 0.686849 0.024198 0.026024
104 0.736916 0.814192 0.043331 0.026024
52 0.843275 0.384282 0.044457 0.026024
547 0.521384 0.303088 0.050084 0.026024
108 0.086663 0.267176 0.023635 0.026371
91 0.303320 0.817141 0.038267 0.026371
91 0.086382 0.436329 0.039955 0.026718
88 0.735228 0.513185 0.018571 0.027065
111 0.410805 0.599584 0.029263 0.027065
1173 0.194710 0.210271 0.052898 0.027065
98 0.734102 0.740111 0.053461 0.027065
76 0.085819 0.824254 0.037704 0.027412
126 0.847214 0.664643 0.044457 0.027412
83 0.731570 0.483692 0.038267 0.027759
91 0.304164 0.175226 0.038829 0.027759
91 0.734947 0.133935 0.041643 0.027759
126 0.410523 0.784178 0.048959 0.027759
56 0.192459 0.717210 0.052898 0.027759
77 0.090884 0.214261 0.041080 0.028105
88 0.844401 0.289209 0.048959 0.028105
85 0.847777 0.768910 0.026449 0.028452
85 0.738604 0.637405 0.028700 0.028452
87 0.191334 0.178695 0.040518 0.028452
91 0.737198 0.840389 0.040518 0.028452
91 0.191615 0.280708 0.039955 0.029146
4121 0.298818 0.900763 0.051773 0.029146
110 0.842431 0.826683 0.040518 0.029493
60 0.734102 0.419500 0.020822 0.029840
85 0.195836 0.577724 0.027012 0.029840
76 0.408835 0.649549 0.036579 0.029840
51 0.735509 0.871964 0.045020 0.029840
91 0.844119 0.591777 0.041643 0.030187
95 0.626337 0.292332 0.047271 0.030187
119 0.197243 0.684941 0.021947 0.030534
2707 0.086944 0.408744 0.028700 0.030534
142 0.516320 0.873005 0.035453 0.030534
58 0.410242 0.679389 0.049522 0.030534
75 0.309229 0.608432 0.042206 0.030881
126 0.731851 0.234386 0.048959 0.030881
78 0.732977 0.202290 0.039955 0.031228
68 0.624930 0.682859 0.047833 0.031228
125 0.734947 0.766829 0.048396 0.031228
316 0.519415 0.774462 0.066404 0.031228
198 0.521666 0.898161 0.021384 0.031575
111 0.626337 0.405795 0.023635 0.031575
90 0.085256 0.505031 0.045582 0.031575
1435 0.303039 0.672103 0.046708 0.031922
93 0.093697 0.896600 0.057963 0.031922
76 0.627181 0.478314 0.035453 0.032269
121 0.193866 0.356523 0.039955 0.032269
253 0.416151 0.464087 0.039955 0.032269
62 0.517727 0.644865 0.042769 0.032269
51 0.735228 0.375954 0.047833 0.032269
898 0.188801 0.898855 0.063590 0.032269
119 0.738042 0.604094 0.021947 0.032616
66 0.626899 0.210618 0.034890 0.032616
53 0.301632 0.382200 0.021384 0.032963
62 0.304446 0.320784 0.039392 0.032963
1415 0.192178 0.452984 0.053461 0.032963
1977 0.084412 0.134455 0.059651 0.032963
123 0.740293 0.673838 0.024198 0.033310
1387 0.627181 0.325468 0.056837 0.033310
74 0.843838 0.699861 0.030951 0.034004
3738 0.088633 0.629077 0.057963 0.034004
316 0.085537 0.373005 0.063028 0.034004
268 0.301632 0.848543 0.049522 0.034351
87 0.624367 0.717904 0.046708 0.034698
91 0.192178 0.853053 0.035453 0.035045
118 0.633371 0.136190 0.036579 0.035045
596 0.841306 0.319396 0.043894 0.035045
2751 0.405459 0.715649 0.053461 0.035045
2726 0.844963 0.894344 0.057963 0.035045
1963 0.191052 0.814539 0.059088 0.035045
121 0.627181 0.511103 0.038829 0.035392
70 0.730163 0.269778 0.042206 0.035739
118 0.620428 0.772380 0.025324 0.036086
118 0.741137 0.709577 0.036016 0.036086
121 0.301913 0.415684 0.039955 0.036086
4084 0.626337 0.844899 0.049522 0.036086
2581 0.087507 0.589174 0.070343 0.036086
121 0.408272 0.871617 0.043331 0.036780
2194 0.299100 0.255725 0.050084 0.036780
123 0.414181 0.340909 0.024761 0.037127
92 0.086100 0.472068 0.030388 0.037127
68 0.308666 0.570090 0.010692 0.037474
83 0.840180 0.455586 0.022510 0.037474
119 0.842150 0.855309 0.029826 0.037474
710 0.411649 0.285566 0.051210 0.037474
2103 0.515757 0.135323 0.062465 0.037474
68 0.733540 0.450555 0.014069 0.037821
58 0.302195 0.493581 0.037141 0.037821
4171 0.087226 0.545281 0.049522 0.037821
1609 0.516882 0.373872 0.056837 0.037821
3959 0.518852 0.202811 0.057400 0.037821
1999 0.188801 0.246183 0.061339 0.037821
119 0.518571 0.268563 0.024198 0.038168
121 0.844682 0.415684 0.039392 0.038168
1256 0.411649 0.246010 0.045582 0.038168
121 0.088070 0.858258 0.043331 0.038515
1814 0.410805 0.139660 0.047271 0.038515
81 0.734947 0.546322 0.049522 0.038515
81 0.842994 0.735774 0.051773 0.038515
3665 0.627743 0.807946 0.055712 0.038515
3786 0.619584 0.613983 0.058526 0.038515
1017 0.306134 0.736468 0.059651 0.038515
84 0.194429 0.488897 0.034328 0.038862
3948 0.413056 0.181818 0.049522 0.038862
3089 0.301632 0.533831 0.055149 0.039209
4317 0.193303 0.320264 0.053461 0.039556
68 0.528700 0.333276 0.014069 0.039903
98 0.729038 0.169500 0.047833 0.039903
2108 0.407428 0.752776 0.055149 0.039903
4214 0.517727 0.466516 0.055149 0.040597
4168 0.516038 0.531055 0.061902 0.040597
1579 0.843838 0.632200 0.052335 0.040944
68 0.629150 0.174185 0.011255 0.041638
119 0.844963 0.164469 0.026449 0.041638
68 0.850872 0.206454 0.037141 0.041638
3059 0.622960 0.443442 0.047271 0.041638
3250 0.841306 0.555864 0.057400 0.041638
4312 0.087788 0.792158 0.059651 0.041638
643 0.622960 0.575295 0.037141 0.042332
91 0.627743 0.891568 0.037704 0.043373
1126 0.191052 0.395385 0.038829 0.043373
1917 0.627743 0.367974 0.042206 0.043373
68 0.300788 0.455586 0.012943 0.043720
1584 0.193022 0.617453 0.030388 0.044067
3514 0.090321 0.178522 0.059088 0.044067
1827 0.308666 0.139313 0.064716 0.044067
588 0.411649 0.428869 0.053461 0.044414
3796 0.409961 0.562283 0.050084 0.044761
68 0.193022 0.769951 0.011255 0.045108
3500 0.301351 0.213740 0.046708 0.045108
68 0.741137 0.333969 0.015757 0.045455
1584 0.193022 0.535913 0.031514 0.046149
2305 0.413056 0.832061 0.052898 0.047189
1584 0.841868 0.249827 0.032639 0.047883
1132 0.086382 0.309160 0.056837 0.047883
2193 0.410242 0.507287 0.038267 0.048577
1354 0.527856 0.710791 0.025886 0.051006
1300 0.623523 0.253470 0.050647 0.051006
2988 0.188801 0.142262 0.055712 0.052047
