169 0.657233 0.790785 0.031447 0.008874
169 0.548027 0.697440 0.032590 0.012628
162 0.219268 0.897270 0.030303 0.013652
196 0.660663 0.269283 0.022298 0.014334
119 0.191538 0.642491 0.016009 0.014676
56 0.324471 0.469625 0.025729 0.015700
101 0.325901 0.709215 0.057176 0.015700
132 0.333333 0.894369 0.029731 0.016041
52 0.763007 0.668089 0.045169 0.016041
64 0.210120 0.858362 0.029160 0.016382
172 0.220412 0.430546 0.023442 0.016724
91 0.234991 0.640614 0.024014 0.017065
101 0.653516 0.251195 0.061750 0.017065
110 0.801887 0.468430 0.029160 0.017406
101 0.762722 0.838737 0.065180 0.017406
110 0.469125 0.740956 0.024585 0.017747
64 0.760435 0.373038 0.034305 0.017747
98 0.091767 0.892833 0.054317 0.017747
101 0.321326 0.390444 0.066324 0.017747
88 0.869926 0.888396 0.029160 0.018430
251 0.865923 0.199488 0.057747 0.018771
66 0.692396 0.746758 0.028588 0.019113
52 0.427387 0.762457 0.041738 0.019113
52 0.094911 0.874061 0.042310 0.019113
91 0.536021 0.170478 0.032590 0.019454
91 0.867639 0.802901 0.033734 0.019454
90 0.585763 0.637713 0.038308 0.019454
92 0.757004 0.725427 0.041166 0.019454
148 0.658376 0.807509 0.039451 0.019795
861 0.866781 0.223891 0.048027 0.019795
91 0.213551 0.519625 0.034877 0.020137
88 0.423099 0.342150 0.049171 0.020137
2134 0.234991 0.621843 0.041166 0.020478
57 0.333047 0.727645 0.044025 0.020478
168 0.659806 0.773549 0.032018 0.020819
91 0.208119 0.293003 0.035449 0.020819
91 0.092624 0.356826 0.035449 0.020819
90 0.907376 0.596246 0.034305 0.021160
168 0.547170 0.678498 0.034305 0.021160
91 0.098628 0.799317 0.034877 0.021160
66 0.868210 0.712287 0.037164 0.021160
88 0.098914 0.680717 0.025157 0.021502
135 0.100629 0.825085 0.028588 0.021502
91 0.761292 0.423720 0.034877 0.021502
88 0.538308 0.241809 0.046312 0.021502
52 0.540309 0.487884 0.046884 0.021502
87 0.191252 0.623891 0.025729 0.021843
53 0.801315 0.448635 0.016581 0.022184
166 0.099485 0.851024 0.019440 0.022184
499 0.871069 0.526109 0.061178 0.022184
107 0.693253 0.722526 0.031447 0.022526
66 0.252144 0.702560 0.025157 0.022867
76 0.651515 0.861945 0.038308 0.022867
52 0.423099 0.577986 0.048027 0.022867
98 0.751001 0.160239 0.052030 0.022867
98 0.208119 0.771160 0.057176 0.022867
98 0.425386 0.783788 0.058319 0.022867
135 0.217267 0.453242 0.034305 0.023208
71 0.220412 0.878498 0.053173 0.023208
66 0.207547 0.235666 0.034305 0.023549
259 0.096055 0.613140 0.048027 0.023549
98 0.644654 0.168771 0.052030 0.023549
56 0.760720 0.857679 0.028016 0.023891
91 0.425958 0.226280 0.035449 0.023891
52 0.759291 0.754949 0.046884 0.023891
117 0.907947 0.573891 0.019440 0.024232
117 0.585477 0.611092 0.019440 0.024232
76 0.095483 0.770819 0.034305 0.024232
98 0.093482 0.583106 0.052030 0.024232
55 0.321041 0.846246 0.052030 0.024232
73 0.322184 0.411433 0.061178 0.024232
53 0.469697 0.719795 0.018868 0.024573
107 0.653516 0.834812 0.037736 0.024573
86 0.758719 0.134471 0.046884 0.024573
52 0.318754 0.297270 0.048599 0.024573
55 0.322470 0.658362 0.056032 0.024573
68 0.869354 0.867406 0.008576 0.024915
132 0.214980 0.406997 0.030875 0.024915
83 0.753288 0.218601 0.045169 0.024915
98 0.201258 0.168430 0.054889 0.024915
55 0.322470 0.528840 0.054889 0.024915
107 0.252716 0.678157 0.033162 0.025256
98 0.540595 0.511604 0.060034 0.025256
132 0.323899 0.265358 0.028016 0.025597
117 0.324471 0.817577 0.032590 0.025597
52 0.653516 0.512457 0.042310 0.025597
120 0.327616 0.789420 0.022870 0.025939
117 0.212979 0.793515 0.028016 0.025939
87 0.540595 0.271331 0.041738 0.025939
1761 0.235849 0.601365 0.041738 0.025939
52 0.421098 0.401706 0.042882 0.025939
89 0.656089 0.486348 0.046312 0.025939
74 0.756718 0.509727 0.041738 0.026280
56 0.316467 0.139932 0.025729 0.026621
117 0.425100 0.683618 0.030303 0.026621
87 0.545169 0.568601 0.044025 0.026621
52 0.096055 0.527304 0.045740 0.026621
98 0.755003 0.394539 0.054317 0.026621
120 0.653802 0.611775 0.022298 0.026962
108 0.424528 0.137372 0.023442 0.026962
88 0.209834 0.356485 0.043453 0.026962
127 0.205832 0.261433 0.041166 0.027304
81 0.426815 0.884300 0.044025 0.027304
1002 0.862493 0.173038 0.058891 0.027304
88 0.659806 0.339761 0.035449 0.027645
88 0.097198 0.464676 0.036592 0.027645
113 0.207833 0.380375 0.050886 0.027645
2134 0.869068 0.690273 0.053745 0.027645
55 0.759577 0.349659 0.055460 0.027645
98 0.539737 0.760922 0.060606 0.027645
88 0.870783 0.451536 0.036592 0.027986
98 0.421670 0.603754 0.061178 0.027986
118 0.754717 0.885154 0.038879 0.028328
76 0.096055 0.500171 0.041166 0.028328
81 0.422527 0.374573 0.046884 0.028328
98 0.754431 0.537031 0.054317 0.028328
117 0.428531 0.510239 0.026872 0.028669
2134 0.655232 0.683959 0.052601 0.028669
117 0.760149 0.565017 0.028016 0.029010
2182 0.655803 0.415529 0.048027 0.029010
123 0.758148 0.781229 0.027444 0.029352
120 0.542310 0.299317 0.029160 0.029352
123 0.539451 0.540273 0.031447 0.029352
127 0.869354 0.736860 0.052030 0.029352
113 0.315323 0.237201 0.053173 0.029352
505 0.649800 0.888396 0.058891 0.029352
74 0.092910 0.555802 0.032590 0.029693
87 0.427387 0.199147 0.041738 0.029693
81 0.091195 0.743515 0.044025 0.029693
85 0.537736 0.329693 0.038308 0.030034
74 0.645798 0.141638 0.039451 0.030034
978 0.089194 0.249147 0.052601 0.030034
127 0.428531 0.166382 0.052030 0.030375
118 0.325329 0.873720 0.040023 0.030717
74 0.208977 0.744369 0.041738 0.030717
93 0.427959 0.854949 0.041738 0.030717
90 0.646655 0.226792 0.045740 0.031058
87 0.097198 0.712799 0.048027 0.031058
68 0.649228 0.195904 0.048599 0.031399
111 0.207261 0.140444 0.025729 0.031741
123 0.760720 0.601877 0.029160 0.031741
107 0.213551 0.487543 0.038308 0.031741
1810 0.540023 0.834130 0.026872 0.032082
76 0.091195 0.142321 0.048599 0.032082
126 0.658090 0.447782 0.038879 0.032765
118 0.326758 0.595734 0.017724 0.033106
83 0.424242 0.431570 0.026301 0.033106
126 0.541452 0.455119 0.044597 0.033106
90 0.317610 0.364676 0.046312 0.033106
83 0.754431 0.318430 0.026872 0.033447
111 0.321898 0.627986 0.029731 0.033447
509 0.093768 0.393174 0.042310 0.033447
68 0.757576 0.284642 0.048027 0.033447
68 0.321326 0.444710 0.049171 0.033447
111 0.756718 0.247952 0.033734 0.033788
90 0.758148 0.813140 0.045740 0.033788
62 0.092338 0.211945 0.042882 0.034130
105 0.332762 0.683959 0.053745 0.034130
83 0.654946 0.543003 0.037164 0.034812
111 0.544883 0.728840 0.027444 0.035154
779 0.863922 0.141468 0.053745 0.035154
69 0.322184 0.209044 0.060034 0.035154
81 0.089766 0.176621 0.044597 0.035836
1197 0.090051 0.324061 0.054317 0.035836
316 0.866495 0.248635 0.071469 0.035836
124 0.325615 0.559727 0.039451 0.036177
60 0.425100 0.543174 0.024585 0.036519
119 0.316181 0.171502 0.034305 0.036519
846 0.865638 0.836348 0.060606 0.036519
717 0.869068 0.331399 0.058319 0.036860
124 0.657519 0.579352 0.043453 0.037201
1834 0.208977 0.324061 0.057747 0.037201
1761 0.660377 0.647952 0.062893 0.037201
1584 0.214694 0.830375 0.030303 0.037543
62 0.321898 0.328669 0.037736 0.037543
1579 0.535163 0.142321 0.061750 0.037543
3153 0.096913 0.429181 0.042882 0.037884
437 0.651515 0.305802 0.060034 0.039590
68 0.325901 0.497782 0.013722 0.039932
51 0.326186 0.756314 0.048599 0.040273
1666 0.533448 0.368601 0.065180 0.040273
268 0.868210 0.417577 0.045169 0.040614
119 0.757862 0.639249 0.034877 0.040956
2836 0.423099 0.474915 0.057176 0.041297
322 0.867067 0.771843 0.070326 0.041297
2983 0.869640 0.492662 0.058319 0.041980
1300 0.206118 0.202048 0.058891 0.043003
1317 0.536021 0.209044 0.045169 0.043345
2714 0.649228 0.379522 0.046312 0.043686
3786 0.092624 0.647782 0.056032 0.043686
68 0.754717 0.188908 0.014866 0.044027
3735 0.422813 0.308362 0.050886 0.044027
1999 0.867639 0.652730 0.068039 0.044027
322 0.541166 0.795392 0.073756 0.044027
2191 0.428531 0.813311 0.046312 0.044369
68 0.867639 0.371843 0.010863 0.044710
2621 0.425672 0.265700 0.046312 0.044710
92 0.539451 0.878157 0.042882 0.045734
2249 0.089194 0.287713 0.053745 0.045734
69 0.221555 0.554437 0.025729 0.047440
3135 0.538022 0.413652 0.056032 0.049147
2191 0.430818 0.642321 0.055460 0.051877
1132 0.866495 0.290444 0.061178 0.053242
