209 0.141403 0.558370 0.009050 0.007532
209 0.140837 0.569668 0.009050 0.007532
209 0.142534 0.548442 0.010181 0.008216
209 0.140271 0.582164 0.012443 0.009243
128 0.354072 0.505306 0.012443 0.009586
113 0.432127 0.857754 0.038462 0.010613
56 0.397059 0.362547 0.015837 0.012325
499 0.477658 0.882232 0.043552 0.013009
146 0.787613 0.800411 0.028846 0.013694
146 0.351527 0.404998 0.032240 0.013694
88 0.426471 0.882061 0.021493 0.014036
203 0.572964 0.579254 0.042986 0.014379
56 0.330882 0.251626 0.016968 0.015063
499 0.401018 0.394043 0.036199 0.015063
173 0.138575 0.535775 0.041855 0.015063
118 0.378676 0.166553 0.014140 0.015406
56 0.475679 0.847826 0.019231 0.015406
64 0.678733 0.213968 0.035068 0.015748
56 0.243495 0.436323 0.023190 0.016090
57 0.381222 0.150291 0.030543 0.016433
188 0.568722 0.689490 0.034502 0.016433
60 0.783654 0.499829 0.036765 0.016433
87 0.330034 0.192229 0.033371 0.016775
52 0.891686 0.874187 0.039027 0.016775
193 0.348416 0.442143 0.041855 0.016775
200 0.787048 0.821294 0.042421 0.017117
56 0.241233 0.327799 0.018665 0.017460
55 0.786765 0.482883 0.048643 0.017460
56 0.132353 0.896268 0.024887 0.017802
96 0.437500 0.844916 0.041290 0.017802
52 0.352093 0.487504 0.042421 0.017802
92 0.894514 0.412872 0.043552 0.017802
74 0.373303 0.331222 0.026018 0.018144
55 0.351810 0.591407 0.047511 0.018144
53 0.435520 0.870935 0.015837 0.018487
162 0.461538 0.753509 0.029412 0.018487
127 0.432127 0.898322 0.039593 0.018487
127 0.335407 0.302294 0.040724 0.018487
113 0.787048 0.207463 0.049208 0.018487
55 0.246324 0.489558 0.049208 0.018487
51 0.330882 0.132660 0.035068 0.018829
52 0.678733 0.829339 0.041855 0.018829
113 0.238971 0.761554 0.050339 0.018829
120 0.348982 0.760698 0.029412 0.019172
52 0.783654 0.608696 0.036765 0.019172
52 0.347851 0.839781 0.040724 0.019172
52 0.896776 0.647895 0.040158 0.019514
57 0.681278 0.441801 0.041290 0.019514
101 0.458710 0.832078 0.063348 0.019514
86 0.334842 0.150633 0.030543 0.019856
1406 0.783371 0.844916 0.042986 0.019856
55 0.681561 0.289969 0.048643 0.019856
91 0.373869 0.350736 0.032805 0.020199
63 0.402432 0.375727 0.036765 0.020199
57 0.897624 0.729374 0.041855 0.020199
56 0.892251 0.573434 0.019796 0.020541
56 0.460973 0.443684 0.027149 0.020541
126 0.330882 0.231770 0.028281 0.020541
58 0.330317 0.211571 0.033937 0.020541
1406 0.565611 0.340294 0.046380 0.020541
92 0.566176 0.251284 0.047511 0.020541
92 0.453620 0.134201 0.056561 0.020541
68 0.328620 0.285690 0.005656 0.020883
92 0.476527 0.895755 0.024321 0.020883
171 0.576357 0.559569 0.031674 0.020883
91 0.677602 0.422629 0.041855 0.020883
52 0.677036 0.369565 0.045249 0.020883
55 0.892534 0.625642 0.049774 0.020883
55 0.345023 0.817357 0.050905 0.020883
132 0.461256 0.279356 0.026584 0.021226
120 0.785351 0.226292 0.027715 0.021226
62 0.334842 0.170832 0.031674 0.021226
52 0.132070 0.776446 0.041290 0.021226
132 0.353507 0.463026 0.031674 0.021568
193 0.566176 0.317528 0.038462 0.021568
52 0.245192 0.372304 0.045814 0.021568
118 0.372172 0.240671 0.015837 0.021910
64 0.897059 0.172201 0.037330 0.021910
81 0.893665 0.492982 0.047511 0.021910
113 0.460690 0.256077 0.049208 0.021910
198 0.351810 0.423999 0.016968 0.022253
120 0.132353 0.327114 0.029412 0.022253
87 0.377545 0.135056 0.031109 0.022253
95 0.374717 0.260698 0.036765 0.022253
91 0.243213 0.648922 0.039593 0.022253
91 0.236991 0.855700 0.039593 0.022253
63 0.483032 0.863232 0.040724 0.022253
93 0.572681 0.160048 0.052602 0.022253
132 0.248586 0.249914 0.026584 0.022595
64 0.894231 0.322492 0.033937 0.022595
77 0.378959 0.274221 0.036199 0.022595
127 0.332579 0.267374 0.037330 0.022595
52 0.569570 0.532352 0.044118 0.022595
55 0.459559 0.732283 0.048077 0.022595
66 0.349830 0.682472 0.031109 0.022937
193 0.133201 0.662616 0.043552 0.022937
52 0.678167 0.192229 0.045249 0.022937
66 0.564762 0.845943 0.034502 0.023280
52 0.678450 0.311879 0.042421 0.023280
52 0.457014 0.505991 0.042986 0.023280
541 0.568439 0.892160 0.055430 0.023280
52 0.462104 0.199418 0.045249 0.023622
85 0.898473 0.894557 0.028846 0.023964
126 0.235577 0.895584 0.042421 0.023964
113 0.246889 0.224238 0.049208 0.023964
68 0.328337 0.319582 0.007353 0.024307
68 0.897342 0.271311 0.011878 0.024307
56 0.131222 0.848168 0.027149 0.024307
91 0.783654 0.284663 0.037896 0.024307
72 0.567873 0.135399 0.047511 0.024307
55 0.787896 0.133858 0.047511 0.024649
123 0.374717 0.216535 0.023190 0.024991
120 0.349265 0.706779 0.028846 0.024991
87 0.782523 0.555460 0.046946 0.024991
247 0.235577 0.876241 0.046946 0.024991
81 0.788744 0.158336 0.050339 0.024991
84 0.893665 0.389079 0.052036 0.024991
85 0.462387 0.529613 0.025452 0.025334
118 0.676753 0.807942 0.025452 0.025334
2151 0.175339 0.593975 0.040724 0.025334
67 0.137443 0.750428 0.048643 0.025334
126 0.677885 0.756248 0.050339 0.025334
69 0.249717 0.740329 0.019796 0.025676
76 0.891403 0.851250 0.033937 0.025676
2151 0.610294 0.267545 0.037330 0.025676
83 0.894231 0.295960 0.049774 0.025676
104 0.136312 0.354844 0.049774 0.025676
111 0.373586 0.189319 0.031109 0.026018
547 0.682127 0.892845 0.050905 0.026018
82 0.248869 0.305033 0.054299 0.026018
166 0.678733 0.648922 0.024887 0.026361
204 0.568722 0.293221 0.026584 0.026361
66 0.239819 0.593119 0.031674 0.026361
107 0.460407 0.356898 0.035068 0.026361
91 0.244061 0.138480 0.044683 0.026361
51 0.461821 0.303492 0.044683 0.026361
77 0.900735 0.549298 0.051471 0.026361
107 0.131505 0.801096 0.028846 0.026703
70 0.136029 0.302978 0.029977 0.026703
74 0.567308 0.603903 0.037330 0.026703
93 0.137161 0.875043 0.040158 0.026703
113 0.134898 0.447107 0.054864 0.026703
68 0.244910 0.347655 0.006787 0.027046
86 0.144514 0.378809 0.031109 0.027046
118 0.347851 0.863916 0.035068 0.027046
66 0.785633 0.582848 0.037330 0.027046
252 0.783937 0.417494 0.042986 0.027046
95 0.679864 0.781410 0.045249 0.027046
87 0.681278 0.263780 0.050339 0.027046
83 0.328054 0.345772 0.019231 0.027388
74 0.133484 0.688121 0.031674 0.027388
66 0.674774 0.165012 0.036199 0.027388
72 0.460407 0.387196 0.040724 0.027388
87 0.676471 0.138651 0.047511 0.027388
126 0.352658 0.566587 0.055995 0.027388
119 0.673925 0.515748 0.036765 0.027730
83 0.567025 0.663643 0.046946 0.027730
127 0.570419 0.870763 0.059389 0.027730
109 0.244627 0.280726 0.046946 0.028073
132 0.240102 0.785861 0.035633 0.028415
132 0.564197 0.712941 0.043552 0.028415
87 0.350113 0.656111 0.045249 0.028415
87 0.349548 0.736905 0.045249 0.028415
90 0.453903 0.807429 0.048077 0.028415
83 0.780826 0.775933 0.052602 0.028415
68 0.787330 0.185895 0.010181 0.028757
72 0.134333 0.472783 0.049208 0.028757
118 0.894514 0.673228 0.023190 0.029100
127 0.247738 0.621534 0.052036 0.029100
98 0.457014 0.709175 0.055430 0.029100
127 0.352376 0.892331 0.056561 0.029100
126 0.789876 0.311195 0.051471 0.029442
99 0.895928 0.433756 0.053167 0.029442
76 0.459842 0.678021 0.027149 0.029784
76 0.675339 0.618110 0.037330 0.029784
3019 0.611425 0.289969 0.033937 0.030127
88 0.569853 0.434783 0.046946 0.030127
70 0.131787 0.828141 0.053167 0.030127
204 0.131505 0.639507 0.031109 0.030811
553 0.566742 0.406025 0.055430 0.030811
3019 0.176188 0.615714 0.029977 0.031154
107 0.782523 0.637282 0.029977 0.031154
69 0.249434 0.199589 0.020362 0.031496
70 0.457862 0.777131 0.032240 0.031496
62 0.897059 0.518144 0.042986 0.031838
68 0.570136 0.505306 0.007919 0.032181
68 0.567025 0.633345 0.009615 0.032181
107 0.238688 0.713454 0.031674 0.032181
119 0.458145 0.332763 0.035068 0.032181
1338 0.565611 0.744608 0.064480 0.032181
75 0.895928 0.791339 0.038462 0.032523
2151 0.572115 0.184012 0.046946 0.032523
127 0.464367 0.417152 0.054299 0.032523
366 0.894514 0.759500 0.055995 0.032523
4084 0.135464 0.226292 0.043552 0.032865
85 0.786765 0.703697 0.024887 0.033208
83 0.784785 0.386683 0.025452 0.033208
3948 0.246041 0.169291 0.044118 0.033208
111 0.786765 0.254365 0.029412 0.033550
127 0.680713 0.237932 0.057127 0.033550
127 0.899887 0.705580 0.059955 0.033550
118 0.238405 0.463198 0.029977 0.034235
1880 0.135747 0.413899 0.036199 0.034235
3906 0.564480 0.815474 0.044118 0.034235
401 0.567590 0.371106 0.055995 0.034235
541 0.240667 0.679562 0.057127 0.034235
53 0.128394 0.719617 0.027149 0.034920
3754 0.349830 0.622390 0.040158 0.034920
68 0.376697 0.303834 0.009050 0.035262
118 0.884050 0.600479 0.039593 0.035604
117 0.895928 0.139165 0.023756 0.035947
111 0.680995 0.394214 0.026018 0.035947
4038 0.458428 0.474324 0.036765 0.035947
68 0.678450 0.583704 0.010747 0.036289
68 0.678167 0.342349 0.011312 0.036289
107 0.896493 0.242725 0.030543 0.036289
3665 0.458993 0.561794 0.048077 0.036289
1072 0.570136 0.468675 0.058824 0.036289
69 0.464932 0.231941 0.035068 0.036631
107 0.675057 0.544163 0.035633 0.036631
2249 0.568722 0.779356 0.045814 0.036631
53 0.131505 0.507703 0.026584 0.036974
3053 0.893100 0.828141 0.049774 0.036974
2836 0.348416 0.788429 0.054299 0.037658
2489 0.678450 0.727491 0.055995 0.037658
68 0.897907 0.464738 0.009615 0.038001
127 0.790724 0.526018 0.056561 0.038001
83 0.677602 0.857925 0.023756 0.038343
83 0.785351 0.452242 0.027715 0.038343
2598 0.785068 0.742554 0.027149 0.039028
121 0.894796 0.355700 0.039593 0.039028
552 0.136312 0.187265 0.044118 0.039712
3019 0.572115 0.218761 0.045814 0.039712
268 0.131222 0.265149 0.044118 0.040055
2249 0.244910 0.520370 0.050905 0.040397
3906 0.241799 0.560253 0.046946 0.040739
339 0.236425 0.822663 0.055430 0.041082
4089 0.458710 0.165697 0.039593 0.042451
68 0.897059 0.204211 0.009050 0.042794
83 0.462104 0.601506 0.028281 0.043136
648 0.132353 0.144300 0.047511 0.043478
3754 0.345023 0.532010 0.042986 0.043821
3464 0.677602 0.684697 0.045249 0.044505
4069 0.460124 0.642246 0.058258 0.044505
68 0.790158 0.674255 0.012443 0.044848
3901 0.784219 0.350565 0.051471 0.045190
2468 0.246324 0.407908 0.044683 0.046217
681 0.677319 0.477063 0.043552 0.046902
3740 0.786765 0.884115 0.056561 0.047586
