209 0.349917 0.317381 0.015008 0.007947
128 0.356031 0.207326 0.013897 0.010366
209 0.778210 0.907049 0.013341 0.011057
101 0.779600 0.573946 0.062813 0.013822
196 0.148416 0.903075 0.024458 0.014167
101 0.462201 0.359537 0.060589 0.014858
92 0.672874 0.405494 0.045025 0.015549
92 0.460534 0.573082 0.046137 0.015549
132 0.567538 0.878023 0.026681 0.015895
92 0.564758 0.442294 0.048916 0.015895
92 0.461645 0.243262 0.050584 0.015895
56 0.561701 0.589841 0.020567 0.016586
172 0.894108 0.877851 0.027237 0.016932
92 0.356031 0.737042 0.050584 0.017277
56 0.564202 0.722529 0.022235 0.017968
132 0.781267 0.894955 0.028349 0.017968
88 0.889661 0.748791 0.043913 0.017968
297 0.457754 0.510712 0.053919 0.017968
88 0.674541 0.826365 0.042802 0.018314
55 0.778766 0.252764 0.054475 0.018314
57 0.251251 0.774188 0.036687 0.019005
55 0.673430 0.543366 0.049472 0.019005
57 0.781823 0.228404 0.039466 0.019350
55 0.564758 0.747754 0.051140 0.019350
55 0.887160 0.691431 0.053363 0.019350
196 0.361868 0.604181 0.030017 0.019696
192 0.135631 0.270387 0.037799 0.019696
192 0.353808 0.135107 0.035019 0.020041
55 0.456365 0.171735 0.052251 0.020041
56 0.778210 0.857464 0.024458 0.020387
56 0.246804 0.171389 0.020011 0.020733
56 0.670094 0.486178 0.020567 0.020733
192 0.667315 0.134070 0.039466 0.020733
135 0.884380 0.899965 0.034464 0.021078
91 0.354364 0.904803 0.043913 0.021078
132 0.895775 0.864720 0.031684 0.021769
72 0.884658 0.815308 0.042802 0.021769
88 0.463035 0.902384 0.048916 0.021769
2596 0.822679 0.871458 0.036687 0.022115
88 0.462479 0.479613 0.046693 0.022115
2596 0.382713 0.255874 0.036131 0.022460
192 0.349361 0.343296 0.040578 0.022460
52 0.674541 0.464582 0.041690 0.022460
126 0.671762 0.618176 0.038355 0.022806
55 0.138966 0.732205 0.052251 0.022806
1810 0.244302 0.448341 0.027237 0.023151
120 0.246804 0.871977 0.027793 0.023151
52 0.352696 0.191949 0.047248 0.023151
52 0.352974 0.511921 0.047804 0.023151
55 0.674263 0.848825 0.047804 0.023151
56 0.351306 0.226676 0.024458 0.023497
85 0.458032 0.840187 0.033352 0.023842
171 0.357143 0.761403 0.040578 0.023842
84 0.563924 0.565480 0.047248 0.023842
91 0.884936 0.264686 0.042246 0.024188
134 0.558644 0.900657 0.027793 0.024534
126 0.889105 0.343296 0.046137 0.024534
66 0.775431 0.176227 0.031128 0.024879
76 0.670928 0.226330 0.037799 0.024879
49 0.248193 0.273497 0.019455 0.025225
64 0.352696 0.457326 0.033908 0.025225
91 0.780156 0.439012 0.040578 0.025225
51 0.675931 0.873013 0.042246 0.025225
124 0.782379 0.710263 0.048360 0.025225
76 0.562257 0.354181 0.036131 0.025570
91 0.779322 0.373531 0.040022 0.025570
126 0.889661 0.502419 0.047248 0.025570
95 0.142301 0.790256 0.052251 0.025570
135 0.135075 0.294575 0.034464 0.025916
248 0.352418 0.791983 0.056698 0.026261
132 0.352140 0.300104 0.029461 0.026607
66 0.458866 0.599343 0.032796 0.026607
91 0.564758 0.418625 0.043357 0.026607
84 0.564480 0.698860 0.049472 0.026607
547 0.249583 0.804596 0.051140 0.026607
1415 0.677043 0.336386 0.055586 0.026607
66 0.670928 0.775916 0.028905 0.027298
76 0.243191 0.654630 0.038355 0.027298
78 0.887160 0.166033 0.038911 0.027298
76 0.355197 0.667761 0.038911 0.027298
95 0.461923 0.710608 0.051140 0.027298
135 0.352974 0.161368 0.028905 0.027643
135 0.670650 0.160332 0.030573 0.027643
87 0.568093 0.138217 0.053363 0.027643
77 0.142023 0.668970 0.053919 0.027643
66 0.564480 0.292156 0.033908 0.027989
74 0.566982 0.175017 0.037799 0.027989
67 0.356309 0.486006 0.044469 0.027989
63 0.680100 0.899102 0.059477 0.028334
166 0.468872 0.138390 0.023902 0.028680
126 0.784325 0.468383 0.050028 0.028680
127 0.680656 0.799413 0.069483 0.028680
107 0.139244 0.818245 0.030573 0.029026
85 0.248471 0.900484 0.031128 0.029026
1173 0.565870 0.620940 0.061145 0.029026
117 0.567538 0.818590 0.030017 0.029717
76 0.137021 0.206807 0.032796 0.030062
135 0.352696 0.371285 0.032796 0.030062
104 0.459144 0.790428 0.050028 0.030062
127 0.790439 0.201624 0.070039 0.030062
107 0.781823 0.774361 0.032796 0.030408
72 0.780156 0.801313 0.048360 0.030408
2596 0.885214 0.722529 0.050584 0.030408
3624 0.607282 0.855563 0.050584 0.030408
107 0.779322 0.681583 0.026681 0.030753
85 0.141467 0.702315 0.030573 0.030753
123 0.353530 0.635971 0.032240 0.030753
110 0.564202 0.325674 0.041134 0.030753
68 0.884658 0.136317 0.048360 0.030753
3624 0.927738 0.835003 0.051140 0.030753
53 0.459700 0.868003 0.020011 0.031099
119 0.889383 0.656185 0.021123 0.031099
127 0.891329 0.229440 0.059477 0.031099
127 0.470817 0.811334 0.074486 0.031099
119 0.884658 0.202488 0.033908 0.031790
117 0.673986 0.436593 0.023902 0.032135
76 0.140634 0.876469 0.037799 0.032135
3526 0.493330 0.743435 0.045025 0.032135
1435 0.137854 0.139426 0.055586 0.032135
127 0.151473 0.466310 0.070595 0.032135
691 0.780712 0.286455 0.047248 0.032481
70 0.354919 0.575328 0.052807 0.032481
2206 0.890217 0.541811 0.061701 0.032481
2677 0.886604 0.424153 0.041134 0.032827
107 0.351028 0.544575 0.032796 0.033172
84 0.890217 0.579129 0.032796 0.033172
111 0.134797 0.537664 0.035019 0.033172
118 0.242079 0.199896 0.027237 0.033518
53 0.780156 0.832930 0.029461 0.033518
119 0.781823 0.740498 0.025014 0.033863
118 0.131740 0.243262 0.026681 0.033863
123 0.670928 0.196441 0.030017 0.034209
111 0.669817 0.295266 0.035575 0.034209
2452 0.671762 0.583449 0.057254 0.034209
746 0.890217 0.783518 0.059477 0.034209
118 0.665370 0.512785 0.036687 0.034554
725 0.458310 0.676572 0.055031 0.034554
1799 0.775987 0.542156 0.056698 0.034554
68 0.148138 0.845024 0.011673 0.034900
83 0.778766 0.647028 0.030017 0.034900
68 0.674263 0.259502 0.012229 0.035245
316 0.460256 0.543884 0.074486 0.035245
84 0.145359 0.503974 0.043913 0.035591
4214 0.564202 0.660159 0.055586 0.035591
3062 0.890495 0.380615 0.065592 0.035591
111 0.566148 0.388044 0.028349 0.035936
1644 0.672874 0.376987 0.057254 0.035936
111 0.140634 0.758639 0.024458 0.036282
83 0.673986 0.698514 0.029461 0.036282
107 0.244024 0.621113 0.032240 0.036282
2151 0.780712 0.503628 0.053919 0.036282
2159 0.136187 0.434692 0.050028 0.036628
577 0.356031 0.870422 0.055031 0.036628
68 0.561701 0.211818 0.012785 0.038010
83 0.563091 0.250518 0.025570 0.038010
111 0.781267 0.410850 0.027237 0.038010
81 0.135075 0.171044 0.050028 0.038010
3956 0.457476 0.448169 0.063369 0.038010
83 0.246248 0.574810 0.030017 0.039046
2309 0.566704 0.781099 0.057254 0.039046
613 0.461089 0.280062 0.068371 0.039046
4346 0.564480 0.478922 0.052807 0.039392
2167 0.246804 0.240843 0.057810 0.039392
2320 0.892162 0.462681 0.063369 0.039392
3231 0.349361 0.416206 0.052807 0.039737
83 0.244024 0.361437 0.030017 0.040083
1917 0.247638 0.842951 0.045025 0.040428
68 0.242913 0.532481 0.012229 0.040774
1917 0.886882 0.622322 0.049472 0.041465
3526 0.778488 0.141327 0.059477 0.041465
1584 0.461367 0.327402 0.031128 0.041811
330 0.670928 0.657567 0.043357 0.042847
3526 0.671762 0.742053 0.052807 0.043193
68 0.459422 0.631133 0.009450 0.043884
1796 0.242913 0.486006 0.054475 0.043884
68 0.354364 0.702488 0.009450 0.044229
2407 0.886882 0.304768 0.051695 0.044229
1296 0.565314 0.527471 0.047804 0.044575
1297 0.353252 0.830166 0.051695 0.044575
3624 0.454141 0.211645 0.063369 0.044575
1886 0.137021 0.634416 0.040578 0.044921
3665 0.460812 0.392882 0.057810 0.044921
1132 0.784603 0.330339 0.061701 0.044921
3173 0.245136 0.313925 0.055586 0.045266
1644 0.776820 0.609710 0.059477 0.045266
322 0.247360 0.409641 0.070039 0.047339
1894 0.137576 0.583621 0.047248 0.047685
349 0.243747 0.698341 0.069483 0.049067
47 0.143135 0.335176 0.028349 0.067726
47 0.140912 0.363338 0.030573 0.081894
