499 0.134828 0.519443 0.035527 0.016862
88 0.657833 0.266862 0.021549 0.023744
70 0.336634 0.274604 0.031450 0.024776
76 0.220443 0.326566 0.034362 0.024776
316 0.759173 0.309016 0.085614 0.024776
90 0.135411 0.492429 0.035527 0.025465
66 0.578917 0.204577 0.030285 0.025809
2499 0.754222 0.186339 0.053582 0.026497
273 0.752475 0.282175 0.048923 0.026841
92 0.517472 0.268582 0.028538 0.027185
52 0.657251 0.145045 0.052999 0.027185
117 0.136575 0.465933 0.019220 0.027529
126 0.396622 0.256710 0.046593 0.027529
57 0.465055 0.316242 0.040186 0.028906
68 0.529121 0.234859 0.019220 0.029938
113 0.338963 0.241913 0.057076 0.030282
88 0.339837 0.339126 0.044846 0.030626
98 0.520093 0.207330 0.044263 0.031315
3758 0.746942 0.216277 0.057659 0.032003
119 0.523296 0.328975 0.030868 0.032347
108 0.582702 0.176359 0.020384 0.032691
95 0.225102 0.352202 0.047175 0.032691
91 0.584741 0.277357 0.041934 0.033035
108 0.281305 0.265485 0.027956 0.033379
118 0.459522 0.346180 0.022132 0.033723
51 0.520967 0.301101 0.044846 0.034412
120 0.280722 0.334480 0.051252 0.034412
53 0.224520 0.294391 0.022714 0.036132
115 0.283052 0.298864 0.045428 0.036132
314 0.753349 0.248968 0.054164 0.037509
110 0.219278 0.386786 0.036692 0.037853
63 0.345370 0.305747 0.050087 0.038885
119 0.396913 0.295595 0.034362 0.039229
87 0.464473 0.282003 0.061153 0.039573
104 0.578334 0.237784 0.050087 0.044047
85 0.660454 0.182381 0.045428 0.044735
2896 0.653757 0.229181 0.065812 0.047488
76 0.397787 0.212491 0.034945 0.056091
