209 0.745892 0.712371 0.010765 0.009622
128 0.853258 0.625601 0.010198 0.009966
196 0.748442 0.838488 0.021530 0.013058
188 0.852691 0.858591 0.027195 0.014089
132 0.847025 0.873711 0.028329 0.015464
101 0.523796 0.618041 0.062890 0.016151
55 0.850708 0.403780 0.041360 0.017869
101 0.742493 0.237113 0.052691 0.017869
101 0.852408 0.322680 0.054958 0.017869
92 0.414731 0.795017 0.040793 0.018213
62 0.301133 0.406186 0.030028 0.018557
92 0.630595 0.421649 0.043059 0.018557
90 0.784136 0.283677 0.029462 0.018900
190 0.745042 0.694674 0.032861 0.018900
55 0.736544 0.517869 0.052125 0.019931
120 0.411331 0.661512 0.022663 0.020619
120 0.847309 0.272165 0.023229 0.020619
57 0.420397 0.461856 0.035127 0.020619
56 0.848725 0.809278 0.024929 0.021306
92 0.850425 0.758076 0.040793 0.021306
52 0.851841 0.608935 0.043626 0.021306
113 0.847025 0.643299 0.050992 0.021306
101 0.411898 0.480069 0.061190 0.021306
52 0.850992 0.735739 0.045326 0.021993
861 0.090085 0.501375 0.050992 0.021993
92 0.415581 0.846220 0.044759 0.022337
120 0.633711 0.328522 0.022096 0.022680
91 0.087252 0.474914 0.039660 0.022680
52 0.413314 0.824399 0.044759 0.022680
166 0.635694 0.262027 0.013598 0.023024
56 0.625496 0.829038 0.026062 0.023024
57 0.528329 0.847423 0.036827 0.023368
86 0.746459 0.434021 0.041360 0.023368
66 0.846176 0.250687 0.030028 0.023711
81 0.737960 0.569588 0.051558 0.023711
98 0.847309 0.782818 0.056091 0.024055
56 0.408782 0.300515 0.020963 0.024399
77 0.742210 0.813574 0.041926 0.024399
95 0.522380 0.246048 0.043059 0.024742
81 0.849292 0.517526 0.046459 0.024742
1006 0.519830 0.309278 0.057224 0.024742
117 0.784986 0.264777 0.009632 0.025086
88 0.852408 0.706357 0.027762 0.025086
110 0.851275 0.300172 0.036827 0.025086
113 0.628329 0.638316 0.046459 0.025773
66 0.738527 0.597251 0.028895 0.026117
91 0.630028 0.763918 0.039660 0.026117
126 0.411898 0.501031 0.041926 0.026117
91 0.518697 0.907904 0.042493 0.026117
70 0.844193 0.490722 0.045326 0.026117
1782 0.779603 0.658247 0.036261 0.026460
87 0.631728 0.231787 0.045326 0.026460
69 0.749292 0.904811 0.022096 0.026804
111 0.630595 0.614433 0.022663 0.026804
76 0.849292 0.544674 0.035127 0.026804
91 0.629462 0.479725 0.039660 0.026804
88 0.628612 0.399141 0.019830 0.027148
85 0.740227 0.543127 0.028895 0.027148
111 0.847309 0.189347 0.024363 0.027491
91 0.629462 0.689003 0.038527 0.027491
72 0.738244 0.214089 0.047592 0.027491
81 0.521246 0.470962 0.041926 0.027835
127 0.630595 0.877491 0.061190 0.027835
66 0.628612 0.178351 0.033428 0.028179
547 0.853824 0.428866 0.054391 0.028179
127 0.629462 0.203265 0.049858 0.028522
91 0.415864 0.383849 0.040793 0.028866
118 0.842776 0.835911 0.028895 0.029210
74 0.738810 0.311168 0.032861 0.029210
95 0.629462 0.663746 0.047592 0.029210
76 0.626629 0.574227 0.035127 0.029553
87 0.519547 0.377320 0.041926 0.029553
3045 0.106232 0.531271 0.056091 0.029553
98 0.737677 0.461512 0.056657 0.029553
87 0.848159 0.464433 0.044193 0.029897
63 0.633711 0.849313 0.049292 0.029897
85 0.414731 0.904811 0.027195 0.030241
2471 0.417564 0.191753 0.052125 0.030241
56 0.410198 0.415292 0.022663 0.030584
111 0.521813 0.442096 0.024929 0.030584
87 0.849292 0.225601 0.038527 0.030584
62 0.413031 0.436254 0.040793 0.030584
87 0.742776 0.371993 0.043059 0.030584
111 0.518414 0.716495 0.028329 0.030928
66 0.516997 0.175945 0.030028 0.030928
1944 0.412748 0.356529 0.057224 0.031271
85 0.412748 0.770447 0.025496 0.031615
111 0.413598 0.530928 0.029462 0.031615
1415 0.416431 0.600344 0.049858 0.031615
87 0.630878 0.148110 0.039093 0.032302
91 0.519830 0.148454 0.043626 0.032302
4034 0.516714 0.685223 0.049858 0.032302
1282 0.844759 0.900344 0.055524 0.032302
118 0.847875 0.579897 0.027762 0.032646
70 0.415581 0.635567 0.027762 0.032646
75 0.744476 0.489519 0.047592 0.032646
2199 0.631728 0.906701 0.049858 0.032646
492 0.095467 0.288832 0.053824 0.032646
111 0.852125 0.342955 0.023796 0.032990
87 0.300567 0.346392 0.041360 0.032990
60 0.520113 0.405670 0.026062 0.033333
118 0.517280 0.874399 0.026062 0.033333
58 0.523513 0.277148 0.033994 0.033333
79 0.416147 0.323196 0.037960 0.033333
121 0.522380 0.499141 0.040793 0.033333
2748 0.304249 0.152577 0.054391 0.033677
127 0.747309 0.624399 0.055524 0.033677
127 0.739093 0.338316 0.049292 0.034021
111 0.629462 0.448454 0.027195 0.034364
87 0.625779 0.509622 0.045892 0.034364
121 0.300567 0.187629 0.035694 0.035052
2748 0.737394 0.783849 0.053824 0.035052
68 0.851841 0.375430 0.013031 0.035395
119 0.303966 0.379553 0.024363 0.035395
87 0.739377 0.187113 0.044193 0.035395
1384 0.416997 0.226632 0.049858 0.035395
4440 0.309632 0.273711 0.064023 0.035395
118 0.737677 0.406529 0.029462 0.035739
1480 0.300000 0.310309 0.052691 0.035739
71 0.420963 0.874055 0.046459 0.036082
1585 0.520397 0.344674 0.037960 0.036426
121 0.627479 0.544674 0.040227 0.036426
2593 0.414731 0.568385 0.035127 0.037801
3313 0.413031 0.693643 0.050992 0.038144
53 0.846742 0.672509 0.023229 0.038488
1999 0.088102 0.247423 0.065156 0.039863
1267 0.088102 0.435911 0.065156 0.040206
282 0.518414 0.649141 0.049858 0.040550
3741 0.417280 0.152234 0.068555 0.040550
3322 0.093201 0.198282 0.056091 0.041237
1796 0.628612 0.296220 0.057224 0.041237
1129 0.413314 0.734880 0.047025 0.041581
1827 0.090368 0.154467 0.077620 0.041581
3145 0.086969 0.390034 0.056091 0.041924
127 0.741926 0.151546 0.058357 0.042612
119 0.304533 0.434880 0.022096 0.042955
3749 0.626062 0.797423 0.054391 0.042955
68 0.516147 0.210653 0.022663 0.043299
1115 0.414448 0.267182 0.043626 0.043643
1984 0.737394 0.870790 0.052691 0.043986
268 0.520397 0.587973 0.047025 0.044674
3307 0.628045 0.727148 0.060623 0.044674
1132 0.854391 0.153780 0.056657 0.045017
68 0.523229 0.539175 0.009632 0.047423
1598 0.740227 0.747766 0.044759 0.047423
788 0.518980 0.759278 0.045326 0.047766
959 0.520113 0.808076 0.047592 0.050515
68 0.303966 0.231271 0.015297 0.053608
3792 0.093768 0.336426 0.067422 0.053608
