209 0.514791 0.276460 0.013341 0.008591
101 0.175754 0.811512 0.054524 0.013402
499 0.441415 0.315120 0.023202 0.013746
56 0.444896 0.279725 0.017401 0.014433
150 0.624710 0.373024 0.035963 0.014777
188 0.399652 0.420275 0.026682 0.015808
101 0.396752 0.272509 0.059165 0.015808
56 0.068445 0.219759 0.019722 0.016838
203 0.508121 0.260825 0.034803 0.017869
101 0.515081 0.159450 0.058005 0.017869
56 0.507831 0.511512 0.020302 0.018213
101 0.066705 0.727320 0.059165 0.018213
92 0.505220 0.803436 0.047564 0.018557
57 0.181555 0.659278 0.040603 0.018900
92 0.838747 0.345876 0.049884 0.019588
81 0.506671 0.558247 0.053944 0.019588
192 0.615139 0.354639 0.031903 0.019931
57 0.288863 0.891581 0.038283 0.020275
115 0.065545 0.863746 0.044084 0.020275
150 0.740429 0.231443 0.044664 0.020275
203 0.727378 0.183677 0.048724 0.020275
61 0.843097 0.168041 0.049304 0.020619
203 0.840487 0.890378 0.054524 0.020619
92 0.727958 0.808247 0.055684 0.020619
192 0.725638 0.207045 0.040603 0.020962
92 0.072216 0.420103 0.044664 0.020962
52 0.837007 0.811512 0.046404 0.020962
118 0.073956 0.400000 0.014501 0.021306
52 0.617459 0.597938 0.041183 0.021306
861 0.180394 0.292096 0.046404 0.021993
77 0.620650 0.770103 0.047564 0.021993
77 0.732019 0.892440 0.053364 0.021993
52 0.396462 0.699485 0.044664 0.022337
55 0.726798 0.515636 0.049884 0.022337
65 0.400812 0.646392 0.039443 0.022680
81 0.727668 0.407560 0.045824 0.022680
113 0.397622 0.370103 0.055104 0.022680
134 0.734339 0.157904 0.023202 0.023024
88 0.288573 0.757904 0.030742 0.023024
121 0.172274 0.891581 0.040603 0.023024
1406 0.279872 0.690893 0.050464 0.023024
134 0.503770 0.302749 0.017981 0.023368
88 0.728538 0.289691 0.031323 0.023368
76 0.505510 0.612027 0.036543 0.023368
65 0.617169 0.889003 0.041763 0.023368
52 0.839907 0.419588 0.042923 0.023368
124 0.841647 0.220275 0.045244 0.023368
56 0.178944 0.396735 0.026102 0.023711
120 0.177784 0.496392 0.027262 0.023711
66 0.285093 0.609450 0.029582 0.023711
57 0.399652 0.888488 0.038283 0.023711
52 0.289733 0.381615 0.043503 0.023711
65 0.071636 0.677148 0.044664 0.023711
91 0.728248 0.380584 0.045824 0.023711
113 0.613109 0.306014 0.049884 0.023711
74 0.505800 0.328866 0.031323 0.024055
91 0.620650 0.714433 0.040603 0.024055
65 0.843968 0.367354 0.048724 0.024055
77 0.073086 0.271821 0.051044 0.024055
119 0.399942 0.348282 0.024942 0.024399
91 0.284223 0.664089 0.044084 0.024399
98 0.287993 0.406014 0.046984 0.024399
52 0.177784 0.419759 0.046984 0.024399
85 0.399362 0.250859 0.019142 0.024742
76 0.282193 0.823883 0.037703 0.025086
118 0.838747 0.195361 0.020882 0.025773
119 0.617169 0.284364 0.025522 0.025773
63 0.447216 0.295017 0.034803 0.025773
57 0.624130 0.228351 0.037123 0.025773
148 0.732309 0.641065 0.038863 0.025773
91 0.287123 0.539691 0.042923 0.025773
2151 0.883411 0.646048 0.037123 0.026117
704 0.175174 0.831959 0.040603 0.026117
84 0.496810 0.892784 0.048144 0.026117
66 0.173724 0.762027 0.033063 0.026460
76 0.727668 0.492268 0.042343 0.026460
84 0.614269 0.858591 0.046404 0.026460
978 0.843387 0.538316 0.056845 0.026460
132 0.395302 0.444330 0.030742 0.026804
148 0.843677 0.619588 0.037703 0.026804
67 0.841937 0.392096 0.046984 0.026804
84 0.842517 0.319588 0.050464 0.026804
193 0.832947 0.699141 0.046404 0.027148
302 0.178944 0.267869 0.046984 0.027148
67 0.401392 0.673711 0.049884 0.027148
127 0.072506 0.297079 0.052204 0.027148
978 0.397912 0.467869 0.053364 0.027148
98 0.611659 0.621821 0.058585 0.027148
127 0.511311 0.783677 0.060905 0.027148
85 0.288573 0.432302 0.028422 0.027491
86 0.513631 0.756357 0.037703 0.027491
76 0.065545 0.557045 0.038283 0.027491
83 0.284513 0.232302 0.043503 0.027491
91 0.176914 0.240550 0.046404 0.027491
107 0.174014 0.789863 0.040603 0.027835
77 0.621810 0.204296 0.051044 0.027835
99 0.729698 0.430756 0.064965 0.027835
74 0.395882 0.321993 0.030742 0.028179
74 0.393561 0.829553 0.033063 0.028179
84 0.395012 0.617182 0.041763 0.028179
83 0.072216 0.134021 0.042343 0.028179
87 0.837877 0.726804 0.044664 0.028179
73 0.066705 0.701718 0.053364 0.028179
85 0.179524 0.371306 0.024942 0.028522
204 0.838747 0.678179 0.030162 0.028522
74 0.067575 0.804983 0.036543 0.028522
980 0.617459 0.537285 0.037703 0.028522
86 0.293794 0.132131 0.043503 0.028522
84 0.172854 0.565808 0.045244 0.028522
125 0.066415 0.888488 0.050464 0.028522
73 0.512761 0.133849 0.056845 0.028522
84 0.068155 0.646735 0.046984 0.028866
699 0.614559 0.398282 0.055104 0.028866
91 0.726508 0.712543 0.045824 0.029210
127 0.850058 0.508763 0.063225 0.029210
132 0.619200 0.332990 0.031903 0.029553
74 0.072216 0.160481 0.033063 0.029553
107 0.834977 0.838832 0.033063 0.029553
76 0.288283 0.324055 0.033643 0.029553
74 0.623550 0.137113 0.034803 0.029553
83 0.065255 0.483849 0.044664 0.029553
87 0.396172 0.546392 0.048724 0.029553
72 0.839327 0.479381 0.055684 0.029553
316 0.500290 0.868729 0.075986 0.029553
3624 0.542923 0.231443 0.041763 0.029897
51 0.617169 0.256873 0.046404 0.029897
87 0.843968 0.248625 0.054524 0.029897
98 0.172274 0.445533 0.059165 0.029897
53 0.285093 0.163574 0.022622 0.030241
118 0.067285 0.244674 0.024362 0.030241
92 0.727668 0.541924 0.033063 0.030241
51 0.399652 0.133333 0.058005 0.030241
85 0.287413 0.353436 0.027262 0.030584
132 0.399362 0.398454 0.031903 0.030584
798 0.772042 0.134192 0.032483 0.030584
74 0.617749 0.797766 0.034803 0.030584
123 0.174884 0.470103 0.027262 0.030928
107 0.398202 0.193814 0.028422 0.030928
118 0.502030 0.407904 0.034223 0.030928
67 0.842517 0.785223 0.048144 0.030928
4109 0.727668 0.779381 0.056265 0.030928
1927 0.176914 0.135739 0.056845 0.030928
74 0.064675 0.587113 0.033063 0.031271
87 0.506381 0.376460 0.038283 0.031271
1811 0.725638 0.745533 0.044084 0.031271
70 0.066995 0.777148 0.052784 0.031271
107 0.509861 0.174570 0.025522 0.031615
111 0.729118 0.353265 0.034803 0.031615
51 0.069606 0.371821 0.046404 0.031615
70 0.836137 0.870790 0.056265 0.031615
107 0.841067 0.450344 0.033643 0.031959
119 0.399362 0.164777 0.035383 0.031959
2748 0.285383 0.257216 0.056845 0.031959
127 0.513051 0.353436 0.063225 0.031959
70 0.395012 0.762199 0.040603 0.032302
3735 0.724188 0.868729 0.056265 0.032302
1424 0.174594 0.729897 0.056845 0.032302
127 0.292633 0.636770 0.062065 0.032302
643 0.286253 0.463402 0.038863 0.032646
85 0.616879 0.569072 0.026102 0.032990
70 0.396462 0.226460 0.048144 0.032990
3669 0.512181 0.720619 0.054524 0.032990
53 0.620360 0.171993 0.022622 0.033333
74 0.174014 0.593643 0.035963 0.033333
62 0.509571 0.585052 0.045824 0.033333
70 0.509281 0.204983 0.049884 0.033333
118 0.500290 0.537801 0.029582 0.033677
121 0.395302 0.860481 0.042343 0.033677
87 0.725928 0.574399 0.046984 0.034021
127 0.843387 0.757560 0.055684 0.034021
58 0.727958 0.320962 0.042923 0.034364
107 0.064095 0.745533 0.030742 0.034708
107 0.394432 0.728866 0.029002 0.035052
121 0.067865 0.836770 0.045244 0.035052
53 0.064385 0.620103 0.022042 0.035395
53 0.616009 0.831100 0.023202 0.035395
798 0.433005 0.792955 0.034223 0.035395
121 0.287123 0.291581 0.045244 0.035395
1782 0.622680 0.508763 0.050464 0.035395
1256 0.614559 0.474055 0.055104 0.035395
121 0.067575 0.194502 0.033063 0.035739
121 0.068155 0.449141 0.033063 0.036426
1663 0.169374 0.862543 0.055684 0.036426
504 0.172854 0.164261 0.034803 0.037113
1396 0.731148 0.834364 0.060905 0.037113
68 0.282773 0.198110 0.009861 0.037457
4416 0.615429 0.746907 0.048724 0.037457
316 0.619490 0.689347 0.071926 0.037801
121 0.728828 0.461684 0.034223 0.038144
504 0.507251 0.685052 0.038863 0.038144
3800 0.729408 0.258935 0.067865 0.038144
68 0.732599 0.606701 0.010441 0.038832
2599 0.284513 0.860309 0.041183 0.038832
121 0.173724 0.629897 0.043503 0.039863
1193 0.281323 0.791924 0.060325 0.040206
3669 0.178654 0.206873 0.047564 0.040550
2697 0.620360 0.653780 0.046984 0.040893
1894 0.503770 0.442096 0.048144 0.040893
1313 0.502320 0.483333 0.054524 0.040893
2697 0.506381 0.835052 0.046404 0.041237
4555 0.508411 0.645704 0.055104 0.041237
1126 0.285673 0.723368 0.052784 0.041924
3526 0.283933 0.575430 0.052784 0.042268
4163 0.169954 0.692440 0.044084 0.042612
4646 0.616009 0.436082 0.053364 0.042612
3175 0.175174 0.526976 0.056845 0.044330
3435 0.286543 0.503265 0.041763 0.045017
1917 0.066415 0.519416 0.043503 0.045704
322 0.730858 0.677320 0.067285 0.046048
968 0.401102 0.508591 0.044664 0.048110
4116 0.180974 0.328179 0.045244 0.048110
47 0.080916 0.333677 0.041183 0.057045
968 0.842807 0.584364 0.051044 0.058076
