246 0.728230 0.624740 0.047240 0.006574
246 0.618953 0.279931 0.051793 0.007612
246 0.178145 0.910035 0.053500 0.008304
120 0.376209 0.413841 0.019351 0.011765
146 0.287991 0.833737 0.025043 0.012803
128 0.182413 0.265052 0.011952 0.013149
188 0.829824 0.879758 0.035287 0.013495
101 0.291406 0.781488 0.054639 0.014879
64 0.598179 0.676125 0.019351 0.015225
52 0.428002 0.329758 0.030734 0.015225
55 0.640581 0.692388 0.035857 0.015225
128 0.073136 0.379758 0.013090 0.016263
77 0.533865 0.339965 0.035287 0.016263
698 0.073990 0.907785 0.037564 0.016263
101 0.404382 0.174567 0.052931 0.016263
64 0.640296 0.642215 0.021628 0.016609
127 0.385316 0.346021 0.043256 0.016609
91 0.601024 0.658131 0.029596 0.017301
127 0.382755 0.378547 0.046101 0.017301
56 0.422311 0.368339 0.023904 0.017647
57 0.406090 0.561073 0.034718 0.017647
52 0.600740 0.616955 0.030165 0.017993
92 0.729368 0.604498 0.041548 0.017993
92 0.835231 0.249135 0.044963 0.017993
76 0.420319 0.450000 0.027888 0.018339
55 0.729084 0.481488 0.046670 0.018339
101 0.507114 0.564533 0.056915 0.018339
297 0.504269 0.857439 0.047809 0.018685
101 0.724530 0.748097 0.060330 0.018685
166 0.512806 0.275260 0.015936 0.019031
83 0.424303 0.406055 0.030165 0.019031
57 0.409789 0.274221 0.035287 0.019031
92 0.620091 0.194637 0.044963 0.019031
64 0.488902 0.297924 0.021628 0.019377
56 0.069721 0.488581 0.024474 0.019377
56 0.723677 0.763841 0.027888 0.019723
86 0.383039 0.361419 0.030734 0.019723
1810 0.835515 0.316263 0.026181 0.020069
56 0.725953 0.263149 0.024474 0.020415
126 0.532442 0.358304 0.034718 0.020415
93 0.378771 0.455363 0.027888 0.020761
62 0.381616 0.331488 0.031303 0.020761
57 0.077120 0.811419 0.038133 0.020761
113 0.832954 0.493772 0.046101 0.020761
101 0.071998 0.802422 0.062038 0.020761
56 0.070575 0.571107 0.022766 0.021107
1810 0.396130 0.763149 0.027319 0.021107
101 0.293967 0.195675 0.058623 0.021107
56 0.293682 0.176125 0.028458 0.021453
87 0.597610 0.695156 0.030734 0.021453
76 0.177291 0.886159 0.035857 0.021453
101 0.074559 0.619031 0.059192 0.021453
108 0.533865 0.320242 0.014798 0.021799
95 0.428002 0.348962 0.031873 0.021799
57 0.730507 0.176644 0.038133 0.021799
87 0.377632 0.396886 0.029027 0.022145
62 0.425441 0.384429 0.032442 0.022145
88 0.183267 0.184775 0.038702 0.022145
126 0.073136 0.320415 0.049516 0.022145
98 0.726522 0.536678 0.051793 0.022145
56 0.177575 0.567301 0.026181 0.022491
64 0.288275 0.660035 0.031303 0.022491
91 0.504838 0.907093 0.039841 0.022491
121 0.600740 0.637197 0.029027 0.023183
57 0.621799 0.561419 0.035857 0.023183
91 0.613830 0.881142 0.035857 0.023183
76 0.501992 0.726471 0.037564 0.023183
91 0.398691 0.850692 0.040410 0.023183
92 0.724815 0.875952 0.043825 0.023183
55 0.070290 0.513668 0.048378 0.023183
111 0.638304 0.710727 0.019920 0.023529
85 0.839784 0.137370 0.027888 0.023529
86 0.511383 0.608997 0.034718 0.023529
76 0.393284 0.906055 0.033011 0.023875
60 0.502277 0.751384 0.036995 0.023875
83 0.501992 0.802595 0.039841 0.023875
91 0.510814 0.219550 0.040410 0.023875
84 0.395561 0.792907 0.043256 0.023875
166 0.622368 0.589619 0.016505 0.024221
166 0.298805 0.216263 0.017075 0.024221
66 0.069437 0.266782 0.026181 0.024221
76 0.833238 0.467128 0.035287 0.024221
84 0.836653 0.346367 0.046670 0.024221
126 0.728230 0.236678 0.047240 0.024221
107 0.422880 0.429239 0.021628 0.024567
76 0.615253 0.254844 0.035287 0.024567
57 0.513660 0.701557 0.036995 0.024567
105 0.493455 0.319550 0.038702 0.024567
91 0.835231 0.405017 0.039271 0.024567
91 0.072567 0.637197 0.040410 0.024567
81 0.504553 0.779412 0.046101 0.024567
105 0.076551 0.701903 0.050655 0.024567
70 0.641434 0.620761 0.023904 0.024913
91 0.180990 0.247059 0.035287 0.024913
86 0.181275 0.447059 0.035857 0.024913
104 0.507684 0.583737 0.040979 0.024913
113 0.835800 0.825606 0.050655 0.024913
166 0.408936 0.306747 0.018782 0.025260
87 0.533580 0.298097 0.027888 0.025260
2151 0.615253 0.904671 0.050085 0.025260
55 0.724815 0.819204 0.050655 0.025260
88 0.836084 0.549481 0.048947 0.025606
113 0.725669 0.348443 0.052362 0.025606
88 0.837223 0.798097 0.021628 0.025952
111 0.727945 0.683218 0.028458 0.025952
85 0.724815 0.785640 0.031303 0.025952
91 0.179567 0.626125 0.041548 0.025952
109 0.291121 0.486678 0.046101 0.025952
113 0.617530 0.338927 0.050085 0.025952
107 0.180421 0.860208 0.027319 0.026298
132 0.824701 0.903460 0.038702 0.026298
91 0.616676 0.777163 0.040410 0.026298
126 0.293682 0.331488 0.043256 0.026298
84 0.178145 0.830796 0.044394 0.026298
90 0.070006 0.594291 0.040979 0.026644
2555 0.511383 0.187716 0.046101 0.026644
98 0.509676 0.415398 0.056346 0.026644
81 0.177291 0.475433 0.046101 0.026990
117 0.839499 0.692215 0.025043 0.027336
135 0.286283 0.858651 0.029596 0.027336
81 0.178714 0.388754 0.046670 0.027336
66 0.175014 0.323529 0.035857 0.027682
76 0.178429 0.415917 0.035857 0.027682
83 0.725669 0.317647 0.037564 0.027682
76 0.613261 0.492561 0.034718 0.028028
113 0.394707 0.590484 0.051793 0.028028
127 0.848036 0.160727 0.059192 0.028028
81 0.287137 0.458478 0.041548 0.028374
85 0.509676 0.244810 0.027888 0.028720
51 0.619237 0.749654 0.042117 0.028720
2134 0.836653 0.619896 0.045532 0.028720
127 0.078543 0.292215 0.059192 0.028720
53 0.289129 0.431488 0.017075 0.029066
78 0.179283 0.503114 0.037564 0.029066
132 0.833808 0.857093 0.039841 0.029066
3526 0.332100 0.807958 0.040410 0.029066
83 0.291121 0.403806 0.041548 0.029066
2555 0.612692 0.851903 0.052931 0.029066
68 0.604439 0.712976 0.013660 0.029412
111 0.725669 0.846540 0.021628 0.029412
51 0.508253 0.641003 0.039841 0.029412
94 0.399260 0.656747 0.035857 0.029758
71 0.181275 0.594118 0.040410 0.029758
68 0.395845 0.879931 0.044963 0.029758
78 0.839215 0.192215 0.035857 0.030104
53 0.832100 0.519377 0.022766 0.030450
110 0.070006 0.780277 0.035287 0.030450
2555 0.401537 0.247059 0.048378 0.030450
411 0.502277 0.885467 0.059761 0.030450
85 0.729368 0.450692 0.032442 0.030796
119 0.398976 0.820069 0.022766 0.031142
121 0.723961 0.901384 0.044394 0.031142
111 0.501992 0.830969 0.027319 0.031488
107 0.618668 0.142388 0.033011 0.031488
68 0.834661 0.439100 0.039271 0.031834
70 0.616676 0.170934 0.042686 0.031834
2707 0.727945 0.206401 0.036426 0.032180
1579 0.293113 0.144810 0.053500 0.032180
541 0.396130 0.538581 0.053500 0.032180
76 0.070290 0.352076 0.031303 0.032872
118 0.727661 0.378028 0.034718 0.032872
62 0.727661 0.288408 0.041548 0.032872
60 0.287706 0.515917 0.018782 0.033218
92 0.286853 0.595848 0.028458 0.033218
316 0.618384 0.307439 0.062038 0.033564
68 0.642857 0.666782 0.007399 0.033910
107 0.178145 0.357093 0.030734 0.033910
58 0.834661 0.222491 0.033580 0.033910
111 0.183836 0.217128 0.023904 0.034256
92 0.180421 0.293945 0.025043 0.034256
70 0.287991 0.630969 0.030734 0.034256
1193 0.068298 0.186678 0.054639 0.034256
119 0.833808 0.373529 0.029596 0.034948
119 0.501992 0.672491 0.036426 0.034948
111 0.512521 0.388581 0.025612 0.035294
68 0.491747 0.350346 0.007968 0.035640
1579 0.615538 0.528547 0.056346 0.035640
272 0.834946 0.584948 0.066022 0.035640
107 0.617814 0.225779 0.024474 0.036332
111 0.732783 0.508304 0.024474 0.036678
81 0.395845 0.623529 0.047240 0.036678
90 0.723677 0.719377 0.049516 0.036678
552 0.618384 0.416263 0.056346 0.036678
316 0.727376 0.648616 0.063745 0.037024
1547 0.291121 0.256055 0.056346 0.037370
2820 0.725100 0.143945 0.058054 0.037370
81 0.178145 0.538927 0.048947 0.037716
1880 0.618384 0.460554 0.033580 0.038062
119 0.393569 0.689619 0.033580 0.038062
60 0.070575 0.403287 0.020489 0.038408
2599 0.838361 0.282699 0.043256 0.038754
90 0.505407 0.535986 0.050085 0.038754
505 0.395561 0.498443 0.047809 0.039100
316 0.400114 0.144810 0.064883 0.039792
648 0.614969 0.375087 0.040410 0.040138
3153 0.402390 0.206574 0.044394 0.040138
2599 0.394991 0.726644 0.050085 0.040138
971 0.841491 0.766436 0.060899 0.040138
3153 0.616107 0.815052 0.043825 0.040484
81 0.070575 0.542734 0.047809 0.040484
366 0.069152 0.672145 0.055208 0.040484
3331 0.070859 0.145329 0.046101 0.040830
3526 0.286568 0.558824 0.049516 0.040830
1584 0.294536 0.296713 0.029027 0.041869
2154 0.184121 0.147232 0.044963 0.041869
998 0.287137 0.896713 0.046101 0.043253
2169 0.178429 0.664187 0.054069 0.043253
1782 0.181275 0.751730 0.060899 0.043253
53 0.726807 0.417128 0.026181 0.043945
68 0.289414 0.369204 0.013090 0.044291
700 0.178714 0.791696 0.047809 0.044291
3526 0.070006 0.231834 0.052362 0.044983
119 0.829254 0.726471 0.042117 0.045329
626 0.506261 0.448616 0.046101 0.045329
3173 0.287422 0.747578 0.053500 0.046021
4116 0.838930 0.656401 0.051224 0.046367
3153 0.507114 0.149827 0.053500 0.046367
3175 0.726238 0.571972 0.056915 0.046367
564 0.068583 0.857439 0.063176 0.047751
1584 0.071998 0.741696 0.029027 0.049481
365 0.502561 0.496021 0.059192 0.049481
68 0.186397 0.705536 0.014229 0.051211
68 0.287137 0.696540 0.010814 0.053287
2191 0.068583 0.448962 0.035857 0.055709
