246 0.675439 0.265565 0.054895 0.008696
64 0.873231 0.205217 0.022637 0.013217
209 0.681381 0.484522 0.012450 0.014609
209 0.469440 0.897391 0.014148 0.014609
203 0.907187 0.894957 0.033956 0.014609
205 0.365874 0.877043 0.051500 0.014957
196 0.683362 0.701739 0.024335 0.015652
101 0.140917 0.814087 0.065648 0.016348
101 0.789191 0.392348 0.058291 0.016696
128 0.794567 0.677739 0.013582 0.017043
57 0.876910 0.186609 0.029994 0.017043
251 0.917091 0.235826 0.028862 0.017391
92 0.246746 0.805913 0.040747 0.017391
92 0.569327 0.323478 0.045274 0.017391
52 0.680532 0.864348 0.044709 0.018087
85 0.874080 0.222783 0.017544 0.018435
56 0.680249 0.757739 0.022637 0.019130
698 0.672043 0.293043 0.039049 0.019130
52 0.789757 0.600174 0.044709 0.019130
55 0.568761 0.479130 0.048670 0.019130
56 0.241087 0.878261 0.027165 0.019478
64 0.570741 0.373391 0.028862 0.019826
52 0.137521 0.667652 0.039615 0.019826
88 0.244199 0.896870 0.043577 0.019826
101 0.357951 0.640870 0.063950 0.019826
162 0.574703 0.805565 0.029994 0.020174
56 0.575552 0.896870 0.029428 0.020522
101 0.248161 0.338609 0.061686 0.020522
190 0.897284 0.385043 0.033390 0.020870
87 0.871534 0.242609 0.031692 0.021217
57 0.904358 0.550435 0.041879 0.021217
52 0.244482 0.565391 0.046406 0.021217
55 0.569044 0.348696 0.051500 0.021217
56 0.136672 0.387826 0.016412 0.021565
55 0.569327 0.854609 0.048670 0.021565
179 0.897284 0.339652 0.032258 0.021913
88 0.245614 0.247304 0.045274 0.022261
88 0.459819 0.312174 0.042445 0.022609
203 0.464063 0.878783 0.046406 0.022609
52 0.350594 0.218609 0.046972 0.023304
120 0.786078 0.341217 0.024901 0.023652
91 0.790606 0.896000 0.047538 0.023652
56 0.895869 0.876696 0.027165 0.024000
56 0.240804 0.223826 0.028862 0.024000
272 0.497453 0.120870 0.047538 0.024000
55 0.134692 0.765391 0.053198 0.024000
101 0.795699 0.792522 0.063384 0.024000
119 0.876627 0.260174 0.018110 0.024348
881 0.791171 0.820870 0.038483 0.024348
52 0.463780 0.446087 0.043577 0.024696
81 0.136106 0.865565 0.049236 0.024696
66 0.241935 0.724870 0.034522 0.025043
272 0.172326 0.715478 0.054895 0.025043
66 0.896152 0.491652 0.028862 0.025391
272 0.284380 0.118435 0.045840 0.025391
101 0.574137 0.623130 0.066214 0.025391
55 0.129315 0.119478 0.053763 0.026087
197 0.354273 0.806261 0.030560 0.026435
107 0.137804 0.892522 0.032258 0.026435
251 0.892473 0.416000 0.040747 0.026435
81 0.788908 0.659130 0.044143 0.026435
547 0.359083 0.702261 0.051500 0.026435
718 0.243633 0.700000 0.037917 0.026783
91 0.464346 0.819652 0.043577 0.026783
81 0.671760 0.200870 0.044143 0.026783
88 0.897284 0.652348 0.046972 0.026783
68 0.245048 0.158087 0.050934 0.026783
547 0.579230 0.878087 0.054895 0.026783
73 0.459819 0.191826 0.056027 0.026783
88 0.574986 0.748522 0.039615 0.027130
110 0.136106 0.789217 0.041313 0.027130
60 0.346916 0.123826 0.041879 0.027130
77 0.791171 0.536696 0.047538 0.027130
83 0.571873 0.830957 0.049236 0.027130
56 0.891624 0.120522 0.025467 0.027478
61 0.569892 0.238435 0.047538 0.027478
126 0.352858 0.381391 0.049236 0.027478
98 0.458121 0.472522 0.058291 0.027478
82 0.251839 0.854435 0.069044 0.027478
91 0.354273 0.567304 0.043011 0.027826
138 0.355122 0.776174 0.031126 0.028174
1990 0.920770 0.189739 0.038483 0.028174
113 0.787776 0.254087 0.046406 0.028174
72 0.134692 0.536522 0.047538 0.028174
119 0.244199 0.536000 0.019808 0.028522
197 0.354273 0.864000 0.026033 0.028522
76 0.677702 0.586783 0.035654 0.028522
68 0.245897 0.829913 0.044709 0.028522
126 0.675439 0.170087 0.046972 0.028522
87 0.249859 0.355478 0.050368 0.028522
1090 0.918506 0.259304 0.038483 0.028870
2595 0.898981 0.622783 0.045840 0.028870
204 0.681381 0.465739 0.028297 0.029217
135 0.896435 0.363826 0.029428 0.029217
74 0.456423 0.226435 0.032258 0.029217
110 0.785229 0.366957 0.041313 0.029217
91 0.567629 0.172348 0.040747 0.029565
113 0.348613 0.153217 0.050934 0.029565
77 0.469723 0.497565 0.050934 0.029565
138 0.352009 0.834087 0.031692 0.029913
2983 0.928976 0.302609 0.040181 0.029913
90 0.242501 0.310609 0.043577 0.029913
87 0.132994 0.174261 0.046406 0.029913
124 0.567346 0.297391 0.048104 0.029913
132 0.143181 0.244348 0.023769 0.030261
2983 0.279004 0.597391 0.028297 0.030261
1250 0.919638 0.218957 0.029428 0.030261
166 0.795133 0.571478 0.015846 0.030609
91 0.243633 0.474087 0.042445 0.030609
87 0.571307 0.778435 0.046972 0.030609
77 0.683362 0.672870 0.044709 0.030957
90 0.572439 0.593217 0.046972 0.030957
127 0.465195 0.251304 0.062252 0.030957
70 0.354839 0.734957 0.029428 0.031304
2983 0.713639 0.419478 0.037351 0.031304
122 0.459536 0.533565 0.040747 0.031304
87 0.456989 0.160696 0.042445 0.031304
1354 0.377193 0.894609 0.020939 0.032000
123 0.241653 0.507478 0.026033 0.032000
87 0.570175 0.561043 0.043577 0.032000
95 0.790040 0.627478 0.046406 0.032000
1214 0.790323 0.504696 0.051500 0.032000
117 0.137804 0.637043 0.023203 0.032348
85 0.137521 0.602609 0.024901 0.032348
148 0.467176 0.847130 0.039049 0.032348
77 0.143746 0.360870 0.045274 0.032348
118 0.565648 0.267826 0.017544 0.032696
118 0.131862 0.416348 0.022637 0.032696
85 0.245048 0.779826 0.024901 0.032696
2983 0.498019 0.609043 0.038483 0.032696
68 0.245048 0.279652 0.044143 0.032696
132 0.784946 0.284348 0.033956 0.033043
126 0.899830 0.731652 0.049802 0.033043
708 0.463497 0.343478 0.058857 0.033043
126 0.465761 0.420870 0.052066 0.033391
59 0.677702 0.233565 0.044709 0.033739
110 0.679117 0.555130 0.037351 0.034087
2193 0.351726 0.497739 0.051500 0.034087
2395 0.684493 0.888696 0.053763 0.034087
2581 0.795416 0.859826 0.068478 0.034783
166 0.356819 0.253391 0.022071 0.035130
71 0.140068 0.569565 0.041313 0.035826
127 0.254386 0.753913 0.071873 0.035826
93 0.683362 0.731826 0.033390 0.036174
127 0.902660 0.804870 0.058857 0.036174
68 0.139219 0.139304 0.011319 0.036522
111 0.139219 0.833217 0.037351 0.036522
51 0.788342 0.317043 0.048670 0.036522
87 0.458687 0.283304 0.043577 0.037217
127 0.902660 0.520870 0.055461 0.037217
2581 0.357668 0.537565 0.062252 0.037913
81 0.680532 0.517565 0.045840 0.038261
3754 0.461234 0.381913 0.047538 0.038261
2769 0.788059 0.758957 0.054895 0.038261
321 0.247595 0.656348 0.066214 0.038261
118 0.888795 0.153565 0.029994 0.038609
84 0.898132 0.841913 0.037351 0.038609
2769 0.353141 0.343130 0.061121 0.038609
83 0.463497 0.705913 0.031692 0.039304
691 0.350311 0.420000 0.043011 0.039304
2820 0.131862 0.212348 0.058857 0.039304
1605 0.356537 0.668696 0.063384 0.039304
69 0.792020 0.223304 0.033390 0.040348
2395 0.569327 0.209739 0.052066 0.040348
3051 0.892756 0.770609 0.050368 0.040696
4315 0.354273 0.602957 0.055461 0.040696
981 0.137804 0.281565 0.057159 0.040696
3231 0.464346 0.781565 0.056027 0.041043
68 0.576118 0.402609 0.018110 0.041391
53 0.463780 0.568870 0.020939 0.041391
4089 0.133843 0.453739 0.052632 0.041391
1229 0.896152 0.584522 0.054895 0.041391
84 0.683079 0.374261 0.037351 0.041739
68 0.346350 0.187826 0.013582 0.042435
83 0.353141 0.462609 0.027165 0.042435
111 0.462932 0.743304 0.030560 0.042435
2218 0.790606 0.467130 0.054329 0.042435
971 0.246463 0.395130 0.058291 0.042435
746 0.679683 0.327652 0.061121 0.042435
83 0.569327 0.446087 0.026033 0.044174
3754 0.464063 0.663826 0.037351 0.044870
82 0.249859 0.192696 0.063950 0.045217
1527 0.137521 0.498783 0.046406 0.045913
3192 0.246463 0.440348 0.050368 0.046609
3136 0.568195 0.519130 0.055461 0.046957
2619 0.783814 0.181565 0.049802 0.047304
68 0.680815 0.829391 0.015846 0.048348
3375 0.789191 0.711478 0.042445 0.048348
1090 0.895020 0.453565 0.054895 0.048696
3375 0.350594 0.298783 0.045840 0.049391
3375 0.674590 0.130957 0.038483 0.049739
2193 0.678834 0.629565 0.044709 0.050783
268 0.566214 0.712174 0.049236 0.051130
4532 0.895303 0.689217 0.052066 0.051130
3375 0.782117 0.131826 0.046406 0.052174
976 0.573571 0.659478 0.054895 0.052174
1052 0.134126 0.327478 0.058857 0.052522
4185 0.563667 0.133739 0.055461 0.054609
68 0.788908 0.419304 0.019242 0.058087
47 0.685342 0.784000 0.028297 0.064000
