101 0.459259 0.259572 0.062678 0.014143
128 0.354416 0.810279 0.012536 0.014488
101 0.349003 0.311314 0.063248 0.015523
57 0.134758 0.165919 0.043875 0.016557
101 0.243875 0.719903 0.061538 0.016557
120 0.896011 0.149017 0.023362 0.017247
52 0.348148 0.793722 0.046724 0.017937
297 0.236182 0.118662 0.050712 0.018627
101 0.243875 0.807175 0.064957 0.019317
120 0.125926 0.213349 0.025071 0.019662
1255 0.564672 0.549327 0.059259 0.019662
297 0.456980 0.349431 0.049003 0.020007
55 0.563818 0.318731 0.049573 0.020007
56 0.128205 0.299241 0.022792 0.020352
56 0.237892 0.701104 0.054131 0.020352
88 0.129345 0.548120 0.038746 0.020697
57 0.351282 0.828217 0.041595 0.020697
57 0.459829 0.893584 0.035328 0.021042
499 0.457550 0.746464 0.064957 0.021387
99 0.350142 0.736978 0.060969 0.021732
85 0.236467 0.897206 0.026211 0.022077
1406 0.671795 0.119696 0.044444 0.022077
88 0.243590 0.318041 0.046154 0.022077
88 0.570655 0.616419 0.042735 0.022766
88 0.897721 0.355812 0.045014 0.023111
57 0.786895 0.785788 0.035328 0.023456
91 0.127920 0.276992 0.040456 0.023456
55 0.786895 0.313211 0.051282 0.023456
126 0.242165 0.481373 0.047863 0.024491
91 0.565527 0.894446 0.041595 0.024836
52 0.130199 0.118317 0.043875 0.024836
92 0.891453 0.508624 0.049573 0.025181
547 0.568946 0.836323 0.051852 0.025181
248 0.454986 0.716281 0.058689 0.025181
1406 0.566097 0.806140 0.047293 0.025526
95 0.348433 0.531908 0.051852 0.025526
1406 0.457265 0.120041 0.043875 0.026216
88 0.676638 0.446706 0.043875 0.026216
547 0.788319 0.223525 0.050712 0.026216
98 0.123647 0.144188 0.055840 0.026216
83 0.786325 0.890997 0.056980 0.026216
495 0.564957 0.870473 0.072365 0.026561
547 0.790028 0.816833 0.057550 0.026906
4162 0.345584 0.889790 0.035897 0.027251
91 0.129060 0.675923 0.041595 0.027251
78 0.677778 0.676268 0.042735 0.027251
89 0.568946 0.437565 0.057550 0.027251
74 0.674929 0.822697 0.032479 0.027596
642 0.456980 0.283891 0.043305 0.027596
1810 0.896866 0.329941 0.023932 0.027941
126 0.347578 0.461711 0.041026 0.027941
126 0.787464 0.432390 0.045584 0.027941
84 0.894587 0.481718 0.055840 0.027941
76 0.671795 0.788893 0.038746 0.028286
51 0.133048 0.188686 0.043875 0.028286
642 0.455271 0.682994 0.052422 0.028286
2678 0.342165 0.854088 0.056410 0.028286
870 0.460114 0.147810 0.057550 0.028631
71 0.130769 0.857020 0.063248 0.028631
91 0.784900 0.281476 0.043875 0.028976
302 0.786040 0.467747 0.058689 0.028976
495 0.780912 0.253191 0.067806 0.028976
85 0.898006 0.291997 0.023932 0.029320
2149 0.675499 0.197827 0.043875 0.029320
68 0.787179 0.659020 0.046154 0.029320
78 0.347578 0.563643 0.038746 0.029665
83 0.346154 0.663677 0.048433 0.029665
870 0.569801 0.688168 0.056980 0.029665
119 0.785185 0.753536 0.021652 0.030010
118 0.348433 0.160573 0.032479 0.030010
91 0.896011 0.214384 0.040456 0.030010
3956 0.674644 0.887375 0.063818 0.030010
96 0.676638 0.642980 0.054131 0.030355
118 0.563818 0.412039 0.025641 0.030700
60 0.565812 0.243532 0.021652 0.031045
91 0.894017 0.745774 0.045584 0.031045
66 0.564672 0.344774 0.031909 0.031390
58 0.896581 0.180924 0.033618 0.031390
91 0.459259 0.561056 0.038746 0.031390
91 0.891738 0.628320 0.042165 0.031390
88 0.129630 0.755605 0.049573 0.031390
254 0.239886 0.833908 0.050142 0.031390
85 0.460114 0.446706 0.027920 0.031735
74 0.454986 0.827527 0.030199 0.031735
111 0.785185 0.624353 0.031909 0.031735
91 0.127920 0.404622 0.043875 0.031735
84 0.783761 0.590204 0.050712 0.031735
118 0.346439 0.594860 0.023932 0.032080
74 0.672365 0.235426 0.027350 0.032080
51 0.897721 0.124008 0.046154 0.032080
1415 0.458689 0.528976 0.050142 0.032080
126 0.676638 0.573474 0.051852 0.032080
111 0.457550 0.644705 0.031909 0.032425
264 0.457835 0.316661 0.057550 0.032425
870 0.568376 0.770611 0.062108 0.032425
91 0.567236 0.515178 0.040456 0.032770
1666 0.128205 0.888065 0.061538 0.032770
71 0.351567 0.193860 0.046724 0.033115
642 0.454986 0.380648 0.047293 0.033460
118 0.674929 0.707140 0.027920 0.033805
126 0.246724 0.592446 0.053561 0.034150
107 0.780912 0.556744 0.029060 0.034495
111 0.345869 0.766126 0.030769 0.034495
91 0.673789 0.854088 0.040456 0.034495
264 0.459544 0.417385 0.058689 0.034495
4162 0.238177 0.190583 0.035328 0.034840
71 0.681481 0.415833 0.050142 0.034840
2678 0.237607 0.155398 0.056980 0.034840
118 0.672650 0.382546 0.018803 0.035185
111 0.239886 0.511211 0.029630 0.035185
111 0.127350 0.788203 0.030199 0.035185
4079 0.671795 0.611245 0.054701 0.035185
2748 0.347578 0.337358 0.056980 0.035185
60 0.793162 0.685926 0.034188 0.035529
107 0.564672 0.378579 0.037607 0.035529
2471 0.898006 0.712142 0.063818 0.035529
111 0.671510 0.308727 0.025641 0.035874
2748 0.675783 0.346671 0.054701 0.035874
90 0.237037 0.779924 0.054701 0.035874
3172 0.455556 0.229734 0.057550 0.035874
2203 0.348148 0.231632 0.050142 0.036909
69 0.794587 0.719558 0.023362 0.037254
118 0.240741 0.743705 0.032479 0.037254
2610 0.895157 0.885995 0.045584 0.037599
3735 0.240171 0.668334 0.052991 0.037599
351 0.125071 0.333391 0.060969 0.037599
2885 0.126211 0.823387 0.041595 0.037944
1547 0.561823 0.168679 0.060399 0.037944
111 0.130484 0.245774 0.023932 0.038289
111 0.239601 0.623491 0.031339 0.038289
381 0.130199 0.720421 0.058689 0.038289
1197 0.790028 0.344774 0.064387 0.038289
2159 0.900285 0.838737 0.069516 0.038289
121 0.674359 0.271128 0.041595 0.038634
978 0.895157 0.543981 0.047863 0.038634
121 0.458120 0.863056 0.050142 0.038634
2159 0.127920 0.447913 0.048433 0.038979
3731 0.566097 0.653501 0.052991 0.038979
4079 0.344729 0.703174 0.055840 0.038979
1349 0.131054 0.644533 0.056980 0.038979
1090 0.236467 0.869438 0.059259 0.038979
68 0.347863 0.627803 0.009687 0.039324
92 0.564672 0.126250 0.031909 0.039324
121 0.350712 0.374957 0.045014 0.039324
127 0.136467 0.480511 0.067806 0.039324
82 0.569801 0.210590 0.063818 0.039669
4377 0.566667 0.585029 0.060969 0.040014
4090 0.344444 0.498448 0.043875 0.040704
77 0.132764 0.517075 0.047863 0.040704
2471 0.127635 0.372887 0.064957 0.040704
387 0.455840 0.785616 0.070655 0.041049
1879 0.894872 0.256295 0.035897 0.041394
1193 0.234473 0.353570 0.062108 0.041394
83 0.240456 0.395826 0.027350 0.041739
273 0.785185 0.127803 0.042165 0.041739
2162 0.346439 0.128838 0.067236 0.041739
2203 0.899145 0.391514 0.053561 0.042083
420 0.458120 0.606761 0.068376 0.042083
4084 0.677208 0.487409 0.071225 0.042083
84 0.572080 0.281304 0.036467 0.042428
268 0.565527 0.733701 0.049573 0.042773
1126 0.454131 0.187996 0.046724 0.043463
2593 0.670940 0.153156 0.038177 0.044153
1575 0.342165 0.272680 0.038177 0.044498
1917 0.781481 0.852880 0.050712 0.044498
351 0.891738 0.671783 0.063818 0.044498
2423 0.455840 0.490169 0.058120 0.044843
4166 0.570370 0.476026 0.064957 0.044843
1126 0.240741 0.552432 0.047293 0.045188
1579 0.242450 0.283891 0.057550 0.045533
4166 0.347009 0.424629 0.067236 0.045533
3741 0.243020 0.442221 0.073504 0.045533
4089 0.237607 0.237668 0.053561 0.046223
68 0.675499 0.745257 0.010826 0.047258
1575 0.891168 0.436012 0.037607 0.047603
268 0.674074 0.533287 0.051282 0.047603
3995 0.789459 0.511556 0.060969 0.047603
224 0.894017 0.588134 0.061538 0.048982
268 0.783761 0.178337 0.052991 0.049672
2643 0.894872 0.793894 0.056410 0.050707
1778 0.788604 0.391169 0.051282 0.052432
3446 0.126211 0.597275 0.063248 0.061745
