128 0.407518 0.838059 0.012439 0.013666
92 0.812331 0.567817 0.021633 0.014349
91 0.408870 0.707550 0.027042 0.015716
98 0.549216 0.168090 0.047052 0.017082
91 0.408870 0.286642 0.029205 0.017766
57 0.687669 0.802528 0.034072 0.017766
91 0.811520 0.668432 0.023256 0.018107
88 0.406436 0.388794 0.024337 0.019132
861 0.273121 0.396481 0.067063 0.020157
64 0.408058 0.557226 0.029746 0.020499
91 0.684694 0.229757 0.027042 0.020840
113 0.406436 0.821831 0.052461 0.020840
56 0.676041 0.407072 0.054083 0.020840
98 0.548945 0.699693 0.041103 0.021182
91 0.683342 0.293645 0.032991 0.021524
120 0.285830 0.558422 0.020011 0.022207
52 0.282044 0.614110 0.042726 0.022207
126 0.679286 0.593270 0.046512 0.022207
88 0.139264 0.421934 0.035154 0.022549
861 0.406165 0.638538 0.065982 0.022549
1083 0.682802 0.572942 0.030827 0.023232
1406 0.542726 0.527161 0.044889 0.023232
84 0.144132 0.759993 0.047052 0.023574
499 0.402920 0.138538 0.064900 0.023574
251 0.406436 0.608985 0.065441 0.023574
1810 0.680909 0.323198 0.030287 0.023915
91 0.136831 0.330031 0.030287 0.023915
83 0.677664 0.649470 0.037858 0.023915
1415 0.544348 0.722924 0.055706 0.023915
88 0.276906 0.468227 0.023797 0.024257
61 0.548675 0.836693 0.048134 0.024599
1406 0.541374 0.192860 0.044348 0.024940
642 0.540022 0.777417 0.044889 0.024940
91 0.549216 0.747694 0.031909 0.025624
91 0.144402 0.639050 0.033532 0.025624
57 0.287723 0.767851 0.038940 0.025624
881 0.815306 0.141954 0.053542 0.025624
111 0.409681 0.800478 0.032991 0.025965
71 0.547052 0.500171 0.036236 0.025965
57 0.815035 0.461394 0.037858 0.026307
91 0.139264 0.138879 0.043807 0.026307
118 0.555706 0.475914 0.028664 0.026648
85 0.552731 0.632217 0.020552 0.026990
126 0.816387 0.202767 0.042726 0.026990
71 0.683883 0.483601 0.047052 0.026990
91 0.410492 0.580116 0.036777 0.027332
85 0.819632 0.547489 0.014602 0.027673
500 0.811520 0.172873 0.054624 0.028015
111 0.546241 0.394773 0.028123 0.028357
126 0.281233 0.702255 0.044348 0.028357
121 0.552190 0.863854 0.088697 0.028357
108 0.273121 0.497779 0.024878 0.028698
98 0.283667 0.639904 0.051379 0.028698
2151 0.674148 0.510420 0.066522 0.028698
56 0.550027 0.424496 0.024878 0.029040
93 0.821525 0.293475 0.037858 0.029382
104 0.286371 0.793987 0.043807 0.029382
547 0.814494 0.488726 0.055165 0.029723
88 0.679557 0.352579 0.028664 0.030065
92 0.680097 0.379911 0.032991 0.030065
76 0.403461 0.499146 0.036777 0.030065
2885 0.138724 0.395627 0.039481 0.030065
87 0.679827 0.433208 0.053002 0.030065
96 0.686587 0.710967 0.061114 0.030065
85 0.280692 0.588487 0.020552 0.030407
87 0.809627 0.389990 0.055165 0.030407
74 0.264738 0.140075 0.032991 0.030748
74 0.813953 0.326273 0.045430 0.030748
72 0.820714 0.264605 0.039481 0.031090
76 0.547593 0.142467 0.027582 0.031431
118 0.677393 0.463273 0.028664 0.031431
1799 0.538129 0.807824 0.065982 0.031773
1799 0.399135 0.168432 0.064900 0.032115
512 0.673067 0.544585 0.068686 0.032115
111 0.678745 0.619918 0.031368 0.032456
2601 0.140617 0.612573 0.055165 0.032798
2194 0.271228 0.285958 0.051379 0.033481
120 0.272309 0.202938 0.057869 0.033481
4079 0.677934 0.679877 0.058951 0.033481
113 0.286641 0.825419 0.061655 0.033481
83 0.676852 0.741715 0.021092 0.034165
4290 0.811790 0.697643 0.055165 0.034165
120 0.815846 0.519132 0.035154 0.034506
109 0.271498 0.170994 0.057328 0.034506
92 0.548675 0.446532 0.031909 0.034848
481 0.141428 0.175948 0.062196 0.034848
120 0.406977 0.530919 0.064359 0.034848
2195 0.137101 0.252648 0.044889 0.035190
2885 0.545160 0.603177 0.053002 0.035190
55 0.812331 0.232491 0.063818 0.035190
2400 0.411303 0.734370 0.048134 0.035873
1250 0.136290 0.493850 0.051920 0.035873
127 0.815846 0.355483 0.057869 0.035873
87 0.809356 0.733516 0.030827 0.036215
125 0.286912 0.737274 0.050297 0.036215
1774 0.810708 0.637684 0.064900 0.036556
983 0.398323 0.360950 0.069767 0.036556
81 0.682261 0.861633 0.055706 0.036898
1999 0.679286 0.778613 0.068145 0.036898
68 0.817198 0.765118 0.010817 0.037239
2193 0.275014 0.364025 0.045971 0.037239
672 0.406165 0.772634 0.053002 0.037239
3198 0.550297 0.267680 0.061114 0.037923
1782 0.137912 0.215408 0.075717 0.037923
4166 0.402650 0.204646 0.057869 0.038264
726 0.807463 0.854800 0.059492 0.038948
1773 0.145484 0.724633 0.071390 0.038948
4484 0.678745 0.828493 0.074635 0.038948
2709 0.805030 0.426888 0.061114 0.039289
3749 0.409681 0.862316 0.067604 0.039631
691 0.541103 0.562521 0.061114 0.039973
322 0.549757 0.309703 0.073012 0.039973
4431 0.537047 0.667578 0.078962 0.040314
1827 0.267983 0.325931 0.058951 0.040998
1958 0.138724 0.453024 0.071931 0.040998
401 0.137642 0.571746 0.064359 0.041339
3338 0.288534 0.860266 0.057869 0.042364
68 0.418605 0.469252 0.009735 0.042706
4440 0.553542 0.228220 0.065441 0.043047
4260 0.681720 0.263239 0.056787 0.043389
81 0.277447 0.530748 0.057328 0.043389
4079 0.673607 0.150837 0.066522 0.043389
1354 0.135749 0.360950 0.054083 0.044072
4163 0.133856 0.526307 0.064359 0.044072
2218 0.275554 0.429962 0.062196 0.044756
1834 0.278529 0.672532 0.072472 0.044756
268 0.398864 0.318927 0.060032 0.045439
1297 0.401298 0.671848 0.065982 0.045439
4119 0.804489 0.597540 0.082747 0.047147
913 0.136290 0.295695 0.067063 0.047489
1317 0.400487 0.426888 0.066522 0.048172
650 0.146295 0.856679 0.053542 0.049539
1505 0.140887 0.678681 0.062196 0.050222
1297 0.546241 0.357533 0.050838 0.050905
3665 0.679557 0.198326 0.053542 0.052272
366 0.147107 0.800137 0.081125 0.052614
3829 0.810438 0.810728 0.090319 0.052614
2795 0.405895 0.253502 0.067604 0.054663
3500 0.269335 0.247523 0.069227 0.057055
