101 0.561254 0.363311 0.060399 0.011263
209 0.893162 0.195051 0.016524 0.013311
102 0.754131 0.688567 0.041595 0.013993
57 0.443020 0.216724 0.033618 0.015017
196 0.679487 0.793345 0.023362 0.016041
203 0.894872 0.210410 0.043875 0.016041
101 0.810256 0.688567 0.047863 0.016041
196 0.463533 0.673379 0.030199 0.016382
102 0.813960 0.459386 0.049573 0.016382
132 0.782336 0.889590 0.026211 0.016724
297 0.237892 0.798805 0.058689 0.016724
120 0.672365 0.638908 0.029630 0.017065
55 0.816239 0.506314 0.046154 0.017406
120 0.758689 0.475085 0.024501 0.017747
200 0.478063 0.477645 0.051282 0.018089
52 0.668376 0.775939 0.052422 0.018089
118 0.467806 0.224232 0.013675 0.018430
57 0.811681 0.547782 0.032479 0.018430
108 0.756410 0.636007 0.018803 0.018771
52 0.811396 0.605973 0.038746 0.018771
98 0.750142 0.675597 0.043875 0.018771
3053 0.753561 0.656314 0.025641 0.019113
148 0.570940 0.516382 0.034188 0.019113
148 0.781197 0.873549 0.031909 0.019454
91 0.809972 0.589249 0.033618 0.019454
51 0.814245 0.647952 0.034188 0.019454
120 0.239316 0.772696 0.029630 0.019795
90 0.759829 0.455973 0.034758 0.019795
52 0.454416 0.735836 0.050712 0.019795
120 0.666667 0.277304 0.028490 0.020137
196 0.467236 0.133276 0.030769 0.020137
162 0.464672 0.600512 0.032479 0.020137
91 0.341026 0.893345 0.050712 0.020137
56 0.670085 0.725768 0.030769 0.020819
83 0.754701 0.589932 0.034758 0.020819
88 0.757550 0.568771 0.045014 0.020819
92 0.344160 0.553413 0.051282 0.020819
99 0.453561 0.893003 0.066097 0.020819
132 0.466667 0.458703 0.028490 0.021160
69 0.352991 0.844369 0.030199 0.021160
272 0.807977 0.740102 0.044444 0.021502
56 0.669801 0.183618 0.027920 0.021843
113 0.671225 0.548123 0.056980 0.021843
95 0.471225 0.243857 0.035328 0.022184
83 0.811966 0.707509 0.035328 0.022526
56 0.883476 0.793174 0.071225 0.022526
52 0.344729 0.503242 0.050142 0.022867
56 0.672365 0.407338 0.070655 0.022867
107 0.811681 0.670990 0.021083 0.023208
111 0.811681 0.567918 0.027920 0.023208
1415 0.761538 0.495904 0.043875 0.023208
92 0.127350 0.380546 0.055271 0.023208
70 0.764957 0.435324 0.024501 0.023549
92 0.349573 0.135666 0.049573 0.023549
92 0.237892 0.438055 0.056410 0.023549
134 0.892308 0.176109 0.023932 0.023891
162 0.891453 0.704778 0.030199 0.023891
52 0.454701 0.655290 0.053561 0.023891
117 0.758974 0.614164 0.020513 0.024232
91 0.561254 0.419283 0.050142 0.024232
92 0.886610 0.654096 0.050142 0.024232
52 0.781766 0.317235 0.054701 0.024232
126 0.781481 0.403584 0.060969 0.024232
81 0.667521 0.460751 0.049573 0.024573
91 0.129915 0.807850 0.050142 0.024573
111 0.758974 0.519283 0.022792 0.024915
4252 0.471225 0.426109 0.034188 0.024915
55 0.563248 0.562287 0.057550 0.024915
272 0.583476 0.483618 0.044444 0.025256
132 0.566952 0.537031 0.034188 0.025597
68 0.561538 0.853242 0.014245 0.025939
78 0.758405 0.545051 0.034188 0.025939
52 0.666952 0.333447 0.051852 0.025939
102 0.128775 0.781570 0.070655 0.025939
118 0.435897 0.238737 0.019373 0.026280
83 0.807977 0.481058 0.020513 0.026280
4252 0.915385 0.139420 0.034758 0.026280
95 0.812251 0.626109 0.038177 0.026280
166 0.676923 0.819113 0.022792 0.026621
87 0.437607 0.195051 0.034188 0.026962
4252 0.806838 0.528498 0.034188 0.026962
91 0.564387 0.302218 0.047293 0.026962
92 0.127350 0.696758 0.050712 0.026962
60 0.457265 0.503242 0.057550 0.026962
61 0.242735 0.412457 0.062678 0.026962
2134 0.129060 0.557850 0.067806 0.026962
110 0.343590 0.867747 0.045584 0.027645
92 0.883476 0.552389 0.051852 0.027645
55 0.788889 0.139078 0.068946 0.027645
68 0.749573 0.695222 0.016524 0.027986
113 0.559829 0.629693 0.055271 0.027986
166 0.464957 0.162969 0.020513 0.028328
91 0.781481 0.375256 0.049573 0.028328
61 0.453846 0.575939 0.059829 0.028328
107 0.882906 0.818089 0.029060 0.028669
64 0.239316 0.180717 0.037607 0.029010
94 0.886895 0.731911 0.048433 0.029010
91 0.235897 0.857509 0.050142 0.029010
88 0.129060 0.886177 0.065527 0.029010
83 0.666667 0.490444 0.046724 0.029352
252 0.671795 0.522184 0.051282 0.029352
55 0.128490 0.630717 0.059829 0.029352
495 0.239316 0.711604 0.078632 0.029352
316 0.241026 0.823891 0.082051 0.029352
66 0.882621 0.677645 0.042165 0.029693
88 0.343305 0.657167 0.062108 0.029693
60 0.123647 0.486007 0.022792 0.030034
70 0.810541 0.435836 0.030199 0.030034
118 0.236752 0.465188 0.030199 0.030034
76 0.456410 0.627986 0.049003 0.030034
118 0.662678 0.210068 0.027350 0.030375
68 0.345014 0.721331 0.048433 0.030375
98 0.343305 0.528498 0.060969 0.030375
98 0.124501 0.754096 0.060969 0.030375
98 0.452707 0.761263 0.064387 0.030375
123 0.470655 0.197952 0.020513 0.030717
83 0.234758 0.680205 0.050142 0.030717
88 0.884046 0.522867 0.064387 0.030717
58 0.669231 0.699488 0.043875 0.031058
115 0.129345 0.724573 0.046724 0.031399
91 0.349858 0.216382 0.050142 0.031399
88 0.562108 0.384983 0.062108 0.031399
2760 0.245869 0.887372 0.084900 0.031399
107 0.672080 0.432082 0.030199 0.032082
83 0.560114 0.140614 0.045584 0.032082
66 0.345869 0.367235 0.045584 0.032082
4053 0.665242 0.613993 0.070085 0.032082
111 0.785470 0.344539 0.035897 0.032423
66 0.667521 0.303925 0.038177 0.032423
90 0.559544 0.823379 0.043305 0.032423
83 0.879202 0.884130 0.043305 0.032423
4252 0.558689 0.597440 0.045014 0.032423
86 0.789174 0.782082 0.045584 0.032423
84 0.560969 0.737031 0.049573 0.032423
87 0.672650 0.752389 0.050712 0.032423
1083 0.349573 0.331229 0.056410 0.032423
85 0.348718 0.472014 0.038746 0.032765
87 0.565812 0.885666 0.049003 0.032765
4452 0.557550 0.704096 0.064387 0.032765
85 0.462393 0.705631 0.040456 0.033106
93 0.347863 0.753413 0.040456 0.033106
4252 0.125641 0.666382 0.051852 0.033106
77 0.890313 0.319625 0.057550 0.033106
119 0.347009 0.441297 0.028490 0.033447
60 0.132194 0.258362 0.039886 0.033447
72 0.560684 0.448464 0.050142 0.033447
60 0.782906 0.168259 0.058120 0.033447
119 0.883476 0.763652 0.032479 0.033788
111 0.454416 0.828498 0.038177 0.033788
83 0.344729 0.688567 0.051282 0.033788
84 0.780912 0.244027 0.050712 0.034130
51 0.245869 0.254949 0.054131 0.034130
53 0.562963 0.336348 0.023932 0.034471
117 0.887464 0.354437 0.032479 0.034471
85 0.131339 0.403925 0.041595 0.034471
74 0.886610 0.281399 0.046724 0.034471
51 0.241311 0.613823 0.058689 0.034471
85 0.675499 0.663140 0.041595 0.034812
81 0.880912 0.848464 0.050142 0.034812
85 0.237892 0.537713 0.042735 0.035154
88 0.888034 0.624061 0.057550 0.035154
121 0.785755 0.816382 0.053561 0.035495
700 0.343305 0.623720 0.051852 0.035836
1354 0.666382 0.850341 0.054131 0.035836
1894 0.350712 0.250171 0.078063 0.036177
53 0.668946 0.577645 0.025071 0.036519
68 0.339031 0.768771 0.045584 0.037201
1132 0.672650 0.885836 0.050712 0.037201
1418 0.454416 0.863652 0.055271 0.037201
85 0.456980 0.337713 0.037607 0.037884
119 0.238177 0.500683 0.041026 0.038225
53 0.884615 0.244198 0.027920 0.039249
74 0.242165 0.215188 0.044444 0.039249
82 0.132764 0.229863 0.063818 0.039249
272 0.130199 0.523379 0.067806 0.039249
119 0.131054 0.295734 0.042165 0.039932
62 0.240741 0.651536 0.049573 0.040273
2760 0.240741 0.341980 0.070085 0.040273
87 0.786610 0.284471 0.057550 0.040614
289 0.563248 0.663993 0.063248 0.040614
1615 0.232479 0.581399 0.064957 0.040614
123 0.347863 0.403754 0.031339 0.040956
70 0.456410 0.537543 0.046724 0.040956
3812 0.348148 0.294198 0.060399 0.040956
3264 0.568376 0.268259 0.063248 0.040956
1613 0.563533 0.224232 0.072934 0.040956
121 0.782336 0.205973 0.049003 0.041297
53 0.670655 0.246416 0.022792 0.041638
2836 0.672080 0.370307 0.063248 0.041638
121 0.242165 0.294369 0.049003 0.041980
2820 0.883761 0.584983 0.056980 0.042321
4397 0.342735 0.812287 0.058689 0.042321
3772 0.887749 0.442321 0.066097 0.042321
2103 0.559829 0.180717 0.062108 0.042662
1575 0.232764 0.383959 0.057550 0.043003
1917 0.239031 0.739932 0.058689 0.043003
1575 0.120513 0.191980 0.057550 0.043345
699 0.884330 0.485495 0.058120 0.043345
505 0.886610 0.397440 0.056980 0.044027
47 0.796581 0.845051 0.033048 0.044369
957 0.455840 0.795051 0.063818 0.044710
1831 0.128490 0.341126 0.056410 0.045392
1607 0.239316 0.143515 0.071795 0.045392
1831 0.670940 0.148464 0.046154 0.045734
1137 0.564957 0.783618 0.059829 0.046416
3434 0.133618 0.146075 0.063248 0.047099
4516 0.129060 0.446928 0.063248 0.047440
2804 0.344444 0.583106 0.063248 0.047440
3322 0.349573 0.171672 0.049573 0.047782
976 0.132194 0.846758 0.054701 0.049147
219 0.456125 0.385324 0.056410 0.049829
4116 0.126781 0.590102 0.055271 0.051877
219 0.454986 0.290614 0.049573 0.057679
