246 0.415993 0.497766 0.061778 0.007563
209 0.651848 0.670333 0.011547 0.008938
132 0.652425 0.891543 0.025404 0.011344
56 0.506928 0.356480 0.021940 0.011688
57 0.559469 0.240289 0.040416 0.012375
132 0.538684 0.481265 0.027714 0.013750
101 0.549654 0.328635 0.046189 0.013750
169 0.093822 0.465452 0.047921 0.013750
200 0.878176 0.615504 0.038106 0.014094
56 0.774249 0.630457 0.023095 0.014438
132 0.632217 0.705053 0.025404 0.014438
196 0.094400 0.385700 0.027136 0.014438
132 0.653580 0.657099 0.031178 0.014782
120 0.720266 0.543486 0.021363 0.015125
57 0.552829 0.380543 0.035219 0.015125
57 0.866628 0.894809 0.046189 0.015125
196 0.207852 0.544345 0.027714 0.015469
70 0.721998 0.527845 0.035219 0.015469
92 0.505196 0.172740 0.038106 0.015469
148 0.653002 0.879340 0.031178 0.015813
92 0.718822 0.559471 0.034642 0.016157
196 0.757506 0.457889 0.030023 0.016501
120 0.548210 0.344276 0.022517 0.016844
56 0.305139 0.893950 0.029446 0.016844
162 0.426963 0.821588 0.034065 0.017188
148 0.536085 0.465452 0.035219 0.017188
118 0.545612 0.182365 0.016166 0.017532
84 0.782044 0.592128 0.049076 0.017532
64 0.775404 0.486765 0.031178 0.017876
57 0.887125 0.485734 0.034065 0.017876
120 0.418303 0.648161 0.031755 0.018219
60 0.719111 0.620144 0.037529 0.018563
101 0.302829 0.466827 0.068707 0.018563
56 0.502021 0.155208 0.023672 0.018907
192 0.426963 0.452905 0.029446 0.018907
98 0.503464 0.343245 0.047344 0.018907
127 0.780600 0.505500 0.050808 0.018907
91 0.721420 0.602269 0.032910 0.019251
98 0.881928 0.293228 0.046767 0.019251
60 0.642898 0.825713 0.056005 0.019251
68 0.760393 0.863699 0.009238 0.019594
132 0.871824 0.600378 0.031178 0.019594
76 0.546767 0.398247 0.034642 0.019594
70 0.547633 0.362839 0.040993 0.019594
179 0.832852 0.400825 0.029446 0.019938
56 0.528868 0.797697 0.028868 0.020282
126 0.773961 0.670162 0.034065 0.020282
185 0.756640 0.733585 0.040993 0.020626
134 0.837760 0.341870 0.020785 0.020969
85 0.881351 0.313682 0.027136 0.020969
56 0.081409 0.196459 0.031178 0.020969
87 0.549365 0.226366 0.035219 0.020969
52 0.505485 0.300963 0.038684 0.020969
88 0.724307 0.508594 0.043303 0.020969
125 0.883949 0.531970 0.045035 0.020969
56 0.416570 0.668271 0.027136 0.021313
107 0.547921 0.310760 0.028868 0.021313
272 0.772806 0.703334 0.042148 0.021313
113 0.304850 0.543142 0.056582 0.021313
108 0.774538 0.648848 0.020208 0.021657
113 0.635393 0.530595 0.053695 0.021657
119 0.306293 0.518047 0.025982 0.022001
91 0.882217 0.437951 0.038106 0.022001
168 0.092379 0.448780 0.030023 0.022344
72 0.718822 0.641286 0.034642 0.022344
60 0.505196 0.250773 0.036952 0.022344
122 0.504908 0.322963 0.037529 0.022344
134 0.753753 0.753180 0.024827 0.022688
120 0.414261 0.290478 0.029446 0.022688
120 0.749423 0.246476 0.030023 0.022688
56 0.188799 0.176693 0.034642 0.022688
87 0.778580 0.525954 0.035219 0.022688
52 0.883661 0.271915 0.042148 0.022688
148 0.633083 0.687865 0.043303 0.022688
113 0.529734 0.582674 0.065242 0.022688
120 0.303118 0.785321 0.033487 0.023032
95 0.550520 0.202991 0.042148 0.023032
287 0.719977 0.664318 0.043880 0.023032
55 0.644630 0.804228 0.058314 0.023032
85 0.775404 0.548642 0.024249 0.023376
159 0.837760 0.326573 0.031178 0.023376
115 0.506062 0.191818 0.037529 0.023376
58 0.723441 0.486078 0.040416 0.023376
118 0.551097 0.265899 0.023672 0.023719
120 0.082852 0.772602 0.029446 0.023719
85 0.882217 0.370058 0.030023 0.023719
4252 0.655312 0.625816 0.030023 0.023719
4252 0.878464 0.567033 0.032910 0.023719
58 0.775115 0.572534 0.035219 0.023719
52 0.194284 0.522688 0.057159 0.023719
111 0.772806 0.611550 0.032910 0.024063
57 0.640878 0.355792 0.046189 0.024063
272 0.545612 0.432107 0.046189 0.024063
87 0.759238 0.889309 0.054273 0.024063
55 0.087471 0.272259 0.064088 0.024063
88 0.883372 0.508938 0.039261 0.024407
1039 0.720266 0.581471 0.039838 0.024407
51 0.552540 0.288587 0.041570 0.024407
127 0.888279 0.410966 0.050231 0.024407
56 0.297921 0.135614 0.072748 0.024407
127 0.199192 0.636129 0.075058 0.024407
52 0.302829 0.841183 0.052540 0.024751
126 0.196305 0.794431 0.057737 0.024751
101 0.301674 0.419044 0.073326 0.024751
111 0.502021 0.274837 0.029446 0.025095
76 0.833718 0.272087 0.031178 0.025095
52 0.750000 0.437436 0.058891 0.025095
127 0.642321 0.169302 0.067552 0.025095
1003 0.525693 0.770196 0.074480 0.025095
56 0.411663 0.314885 0.026559 0.025438
52 0.862298 0.737711 0.050231 0.025438
60 0.528580 0.827088 0.054850 0.025438
101 0.192263 0.426263 0.076212 0.025438
66 0.860566 0.683568 0.039838 0.025782
55 0.638279 0.266930 0.053695 0.025782
118 0.504908 0.217257 0.014434 0.026126
166 0.428695 0.844620 0.016744 0.026126
159 0.425520 0.800619 0.032333 0.026126
132 0.304273 0.567205 0.041570 0.026126
68 0.637413 0.474562 0.011547 0.026470
135 0.836605 0.424373 0.023095 0.026470
4252 0.209296 0.449811 0.034065 0.026470
57 0.083141 0.682193 0.048499 0.026470
57 0.303984 0.620316 0.051386 0.026470
113 0.861721 0.766415 0.054850 0.026470
126 0.415416 0.426779 0.057159 0.026470
127 0.426674 0.562221 0.072748 0.026470
56 0.081697 0.802338 0.028291 0.026813
117 0.860855 0.825885 0.027714 0.027157
272 0.104215 0.415779 0.050231 0.027157
92 0.750000 0.271743 0.051963 0.027157
91 0.083141 0.330182 0.056582 0.027157
126 0.300808 0.333276 0.061201 0.027157
1354 0.843245 0.367824 0.019053 0.027501
47 0.617494 0.886559 0.024827 0.027501
68 0.506062 0.226538 0.038684 0.027501
76 0.300520 0.156067 0.051386 0.027501
166 0.527714 0.129770 0.020785 0.027845
123 0.551386 0.159333 0.027714 0.027845
118 0.636547 0.237195 0.020208 0.028188
166 0.865185 0.238226 0.024827 0.028188
83 0.525693 0.555517 0.052540 0.028188
52 0.196016 0.827776 0.054850 0.028188
127 0.866339 0.709866 0.073326 0.028188
72 0.300808 0.393434 0.060046 0.028532
78 0.838337 0.299416 0.034642 0.028876
2320 0.885970 0.462014 0.047921 0.028876
57 0.193995 0.291165 0.053118 0.028876
83 0.303118 0.726882 0.049654 0.029220
81 0.192552 0.856824 0.057159 0.029220
52 0.635104 0.298556 0.057737 0.029220
52 0.750000 0.335339 0.058891 0.029220
96 0.887413 0.394981 0.046189 0.029563
98 0.854503 0.209694 0.063510 0.029563
119 0.525115 0.855105 0.035219 0.029907
64 0.307737 0.364558 0.041570 0.029907
87 0.197748 0.723788 0.049076 0.029907
118 0.081120 0.831213 0.020208 0.030251
85 0.082275 0.547267 0.047921 0.030251
83 0.631640 0.503266 0.049654 0.030251
84 0.416570 0.732898 0.056005 0.030251
2598 0.302829 0.258336 0.037529 0.030595
74 0.196305 0.664661 0.045035 0.030595
83 0.193707 0.887075 0.053695 0.030595
53 0.081986 0.578206 0.027714 0.030938
118 0.536663 0.611550 0.036374 0.030938
83 0.637125 0.774837 0.040993 0.030938
66 0.421189 0.591956 0.042148 0.030938
127 0.197748 0.695772 0.082564 0.030938
316 0.307448 0.594019 0.086028 0.030938
66 0.302540 0.812822 0.041570 0.031282
65 0.757217 0.172740 0.047921 0.031282
72 0.419457 0.623066 0.052540 0.031282
53 0.307737 0.761774 0.024249 0.031626
118 0.631062 0.329323 0.031178 0.031626
77 0.086028 0.358542 0.054273 0.031626
88 0.298210 0.221554 0.028291 0.031970
83 0.077945 0.240804 0.050808 0.031970
110 0.081986 0.744414 0.051963 0.031970
62 0.307448 0.490547 0.054850 0.032314
58 0.882794 0.339120 0.028868 0.032657
104 0.078811 0.493812 0.059469 0.032657
53 0.529734 0.642833 0.023672 0.033001
66 0.191686 0.608800 0.042725 0.033001
111 0.083430 0.712100 0.030600 0.033345
118 0.182159 0.366621 0.038684 0.033345
121 0.645785 0.852355 0.050231 0.033345
366 0.415704 0.700756 0.056582 0.033345
1418 0.752598 0.841011 0.060624 0.033345
88 0.078811 0.614816 0.069861 0.033345
135 0.419457 0.479546 0.050231 0.033689
117 0.199192 0.493469 0.031178 0.034032
107 0.081697 0.169130 0.057159 0.034376
118 0.644630 0.558439 0.036374 0.034720
90 0.752309 0.301306 0.056582 0.034720
88 0.411085 0.217772 0.063510 0.034720
117 0.756640 0.139223 0.031755 0.035064
111 0.411374 0.767274 0.038684 0.035064
118 0.864896 0.177037 0.040416 0.035064
78 0.302252 0.187693 0.044457 0.035064
93 0.308891 0.867652 0.051963 0.035064
77 0.082275 0.135098 0.064088 0.035064
90 0.299942 0.441561 0.044457 0.035407
127 0.089203 0.517188 0.076790 0.036095
62 0.752021 0.368512 0.050231 0.036439
3868 0.413684 0.392919 0.053695 0.036439
77 0.864030 0.793744 0.056005 0.036439
47 0.762991 0.771571 0.032910 0.036782
68 0.502887 0.381231 0.006928 0.037126
60 0.082275 0.295978 0.024827 0.037126
87 0.640300 0.202819 0.051963 0.037126
68 0.083141 0.203163 0.066975 0.037126
87 0.752887 0.405810 0.055427 0.037470
87 0.640589 0.137504 0.053695 0.037814
90 0.188222 0.398075 0.054273 0.037814
481 0.197171 0.576143 0.061778 0.037814
53 0.635681 0.596253 0.030023 0.038157
918 0.760104 0.807150 0.057159 0.038501
2709 0.638857 0.441045 0.054850 0.039189
1484 0.303406 0.652802 0.064088 0.039189
103 0.421478 0.531454 0.072748 0.039189
121 0.306005 0.691818 0.049654 0.039532
3051 0.641166 0.401341 0.057159 0.039532
77 0.858545 0.139395 0.058891 0.039532
70 0.414261 0.258852 0.040993 0.039876
888 0.413684 0.140254 0.073326 0.039876
2596 0.191397 0.208835 0.049076 0.040908
4532 0.860855 0.863355 0.073903 0.040908
481 0.862298 0.649708 0.054850 0.041251
273 0.409931 0.179443 0.060046 0.041251
1354 0.831986 0.459092 0.020785 0.041595
66 0.076212 0.879168 0.041570 0.041595
119 0.190531 0.144036 0.047344 0.041939
3019 0.526559 0.681678 0.056582 0.041939
3051 0.644342 0.738054 0.056582 0.041939
296 0.193129 0.761258 0.038684 0.042283
121 0.748845 0.212960 0.047344 0.042283
3051 0.528291 0.521313 0.057737 0.042283
2191 0.090069 0.649880 0.057737 0.042283
87 0.200058 0.328463 0.060624 0.042283
1795 0.191109 0.255070 0.054273 0.042626
2637 0.417725 0.350292 0.072171 0.043314
219 0.417436 0.882606 0.051963 0.044345
552 0.300520 0.297869 0.045612 0.047783
47 0.536085 0.879168 0.040993 0.049158
4546 0.523961 0.727913 0.066397 0.049845
