246 0.394509 0.453114 0.053757 0.005476
246 0.394509 0.604038 0.051445 0.006845
246 0.510116 0.839151 0.050289 0.007529
92 0.065607 0.200376 0.041040 0.015400
92 0.063873 0.791752 0.042197 0.015400
120 0.730347 0.840178 0.023699 0.015743
92 0.174277 0.419918 0.049133 0.015743
57 0.621387 0.699692 0.033526 0.016085
92 0.839306 0.580424 0.050867 0.017112
91 0.620520 0.889973 0.042197 0.018138
129 0.293353 0.464921 0.034104 0.018823
57 0.400578 0.674709 0.041618 0.018823
101 0.178324 0.462526 0.059538 0.018823
92 0.400289 0.691992 0.044509 0.019165
297 0.396243 0.535592 0.054913 0.019165
92 0.509249 0.380390 0.045087 0.019507
52 0.839595 0.772587 0.045665 0.019507
297 0.288439 0.287303 0.054335 0.019507
91 0.286994 0.725873 0.043353 0.019849
88 0.398266 0.427789 0.045087 0.019849
56 0.174566 0.443018 0.053179 0.020192
55 0.613873 0.623546 0.050867 0.020534
1002 0.732370 0.765229 0.067052 0.020534
120 0.399133 0.888946 0.029480 0.020876
126 0.393353 0.823409 0.044509 0.021218
55 0.064740 0.132786 0.048555 0.021218
120 0.174855 0.709788 0.029480 0.021903
72 0.724277 0.861225 0.048555 0.022245
102 0.176012 0.729808 0.061850 0.022245
88 0.067341 0.399042 0.042197 0.022587
120 0.173121 0.659993 0.029480 0.022930
91 0.395376 0.299624 0.040462 0.022930
126 0.065029 0.893224 0.046821 0.023272
52 0.506358 0.540383 0.047399 0.023272
120 0.286416 0.487166 0.031792 0.023614
91 0.618786 0.592745 0.041040 0.023956
126 0.730925 0.791923 0.045665 0.023956
81 0.176879 0.477070 0.046243 0.023956
81 0.176590 0.244867 0.044509 0.024298
91 0.725723 0.687714 0.045665 0.024298
126 0.174855 0.575804 0.046821 0.024298
82 0.844509 0.792779 0.058960 0.024298
118 0.507225 0.360712 0.020231 0.024641
120 0.837572 0.555441 0.031214 0.024641
74 0.507803 0.483231 0.035260 0.024641
91 0.396821 0.752225 0.043353 0.024641
107 0.621387 0.355578 0.043931 0.024641
91 0.732659 0.253593 0.044509 0.024641
68 0.728902 0.820500 0.046243 0.024983
119 0.064162 0.771218 0.019653 0.025667
109 0.179769 0.361225 0.047399 0.025667
72 0.283237 0.594285 0.049711 0.025667
74 0.176012 0.606776 0.031792 0.026010
117 0.064451 0.747604 0.022543 0.026352
1810 0.616185 0.526523 0.030058 0.026352
111 0.839306 0.855065 0.034682 0.026352
91 0.506069 0.510780 0.043353 0.026352
87 0.835838 0.474504 0.048555 0.026352
126 0.176012 0.215777 0.050289 0.026352
1415 0.510405 0.737680 0.057803 0.026352
1415 0.730058 0.327687 0.060116 0.026352
117 0.178035 0.331964 0.025434 0.026694
107 0.506069 0.565708 0.029480 0.026694
91 0.067630 0.621321 0.039306 0.027036
51 0.510983 0.776181 0.047399 0.027379
67 0.843353 0.530116 0.049711 0.027379
126 0.510116 0.300137 0.050289 0.027379
87 0.173410 0.688056 0.046243 0.027721
118 0.837572 0.503080 0.019653 0.028063
60 0.840462 0.263518 0.023121 0.028063
87 0.617052 0.254107 0.044509 0.028405
110 0.510116 0.635181 0.043353 0.028747
126 0.070809 0.322382 0.050289 0.028747
495 0.068786 0.543463 0.064740 0.028747
68 0.736705 0.885524 0.013295 0.029090
119 0.512428 0.802704 0.020231 0.029090
119 0.401445 0.714066 0.021387 0.029090
302 0.397688 0.219199 0.058960 0.029090
111 0.285260 0.845654 0.029480 0.029432
91 0.508960 0.665469 0.043353 0.029774
71 0.180636 0.302019 0.044509 0.029774
51 0.509827 0.331622 0.043931 0.030116
2542 0.622832 0.450548 0.050289 0.030459
1052 0.841329 0.883812 0.061850 0.030459
53 0.066474 0.258385 0.019653 0.030801
1415 0.288439 0.882957 0.060116 0.030801
126 0.733815 0.356776 0.052601 0.031143
111 0.837283 0.745380 0.031792 0.031485
76 0.619075 0.329569 0.035838 0.031485
86 0.846821 0.713723 0.039306 0.031828
125 0.289017 0.564853 0.046243 0.031828
87 0.837861 0.609343 0.047977 0.031828
126 0.286994 0.255818 0.049133 0.031828
288 0.726879 0.559035 0.074566 0.031828
68 0.506069 0.405202 0.009827 0.032170
2769 0.072254 0.862081 0.073988 0.032170
68 0.175145 0.637919 0.010405 0.032854
92 0.065318 0.228439 0.028902 0.033196
2555 0.506358 0.268138 0.058960 0.033196
58 0.063873 0.291581 0.039884 0.033539
1275 0.506069 0.880903 0.066474 0.033539
111 0.615607 0.774641 0.031214 0.033881
83 0.064451 0.470226 0.027168 0.034223
107 0.284971 0.359343 0.030058 0.034223
62 0.176590 0.270021 0.050289 0.034223
83 0.176879 0.505647 0.031214 0.034565
3047 0.285549 0.321013 0.062428 0.034908
316 0.172543 0.393395 0.080347 0.035250
3807 0.284104 0.762491 0.066474 0.035592
62 0.840462 0.642197 0.047399 0.035934
121 0.842197 0.823238 0.047399 0.035934
3760 0.619364 0.558693 0.066474 0.035934
1931 0.395665 0.790726 0.072254 0.035934
981 0.399422 0.571184 0.062428 0.036277
1934 0.616763 0.853867 0.049711 0.036961
316 0.727746 0.221766 0.072832 0.036961
121 0.841618 0.678131 0.048555 0.037303
3754 0.837861 0.346167 0.056069 0.037303
294 0.184104 0.545175 0.034104 0.037645
84 0.289595 0.395448 0.040462 0.037988
863 0.615896 0.816051 0.047977 0.037988
2285 0.723699 0.647673 0.061272 0.037988
2593 0.507514 0.700890 0.045087 0.038330
81 0.285838 0.439425 0.050289 0.038330
2285 0.721387 0.518480 0.064740 0.038330
3375 0.065029 0.823238 0.045665 0.038672
4063 0.067052 0.511465 0.058960 0.039357
1782 0.290173 0.631930 0.062428 0.039357
1267 0.396532 0.259582 0.067052 0.039357
68 0.726012 0.439767 0.015029 0.040383
83 0.729480 0.476728 0.028902 0.040383
3936 0.733526 0.290212 0.055491 0.040383
1480 0.837861 0.389459 0.063006 0.040383
3813 0.836994 0.436003 0.065896 0.040383
1250 0.617919 0.486653 0.052023 0.041068
4435 0.287572 0.521561 0.057225 0.041068
505 0.394798 0.340691 0.056647 0.041410
1132 0.399711 0.856092 0.057225 0.041410
3624 0.064740 0.171971 0.056647 0.042094
83 0.507225 0.444216 0.029480 0.042437
1644 0.069075 0.435661 0.061850 0.042437
4084 0.507514 0.226386 0.065896 0.042779
1188 0.727168 0.396988 0.042775 0.043121
1894 0.286416 0.806810 0.050289 0.043463
975 0.397399 0.640828 0.056069 0.043463
1584 0.066185 0.359343 0.032948 0.043806
4435 0.619364 0.734257 0.054913 0.044148
3323 0.835549 0.302875 0.069942 0.044490
998 0.065029 0.712868 0.045665 0.045175
3019 0.616763 0.657940 0.048555 0.046201
1052 0.726301 0.726899 0.069942 0.046543
1959 0.067052 0.584018 0.054335 0.046886
68 0.513295 0.595483 0.015029 0.047228
268 0.394509 0.392368 0.054913 0.047570
1575 0.058092 0.660849 0.044509 0.047912
973 0.722832 0.606092 0.049133 0.047912
1052 0.394509 0.493155 0.067630 0.047912
68 0.623410 0.287132 0.014451 0.048597
973 0.835260 0.229295 0.045087 0.050650
2890 0.282948 0.679500 0.054913 0.057153
47 0.622543 0.399384 0.027746 0.060917
68 0.174277 0.765914 0.012139 0.067077
