0 0.920433 0.237064 0.019774 0.032731
0 0.927966 0.271665 0.048023 0.036471
0 0.923023 0.307980 0.047552 0.031172
0 0.924670 0.346789 0.046139 0.048317
0 0.927966 0.388560 0.018832 0.044576
0 0.920198 0.434071 0.041902 0.033978
0 0.919962 0.463373 0.025424 0.034601
0 0.919727 0.502961 0.028719 0.033354
0 0.923023 0.537095 0.018362 0.029925
0 0.923729 0.575436 0.047081 0.031796
0 0.919492 0.605362 0.028249 0.030549
0 0.915019 0.638716 0.015537 0.033042
0 0.913136 0.676122 0.019303 0.026808
0 0.915725 0.710256 0.012241 0.042706
0 0.915725 0.737687 0.018832 0.047070
0 0.920433 0.772600 0.023540 0.035848
0 0.915254 0.814994 0.060264 0.038342
0 0.917608 0.841490 0.018832 0.035848
0 0.915490 0.881234 0.038136 0.041147
0 0.923023 0.923005 0.036252 0.037406
0 0.845810 0.232855 0.014595 0.026185
0 0.842043 0.262001 0.024011 0.032731
0 0.841808 0.299096 0.041431 0.033978
0 0.845574 0.331671 0.042373 0.025561
0 0.846516 0.359882 0.015066 0.041459
0 0.847458 0.396976 0.025424 0.032731
0 0.855226 0.425966 0.013653 0.031484
0 0.854520 0.453398 0.011299 0.033354
0 0.848635 0.496259 0.022128 0.054863
0 0.847222 0.539900 0.015537 0.032419
0 0.846987 0.575125 0.048964 0.032419
0 0.848635 0.606920 0.033427 0.021820
0 0.853343 0.636066 0.035311 0.032731
0 0.854049 0.672693 0.018832 0.037406
0 0.848635 0.709944 0.022128 0.035224
0 0.846751 0.739557 0.017420 0.028367
0 0.842750 0.773067 0.057439 0.024314
0 0.846987 0.798940 0.032957 0.013092
0 0.847458 0.828554 0.037665 0.035536
0 0.844868 0.862687 0.022128 0.032107
0 0.848635 0.894794 0.017420 0.024626
0 0.846281 0.929239 0.046610 0.028678
0 0.774011 0.236596 0.039548 0.041147
0 0.776365 0.274626 0.037665 0.031172
0 0.776601 0.304551 0.022128 0.028678
0 0.778249 0.334788 0.014124 0.022444
0 0.776836 0.360037 0.015066 0.035536
0 0.775895 0.392145 0.048023 0.031172
0 0.776836 0.428772 0.043315 0.017145
0 0.785075 0.461970 0.045669 0.033666
0 0.778955 0.501091 0.042844 0.033354
0 0.786959 0.530237 0.014595 0.031172
0 0.782486 0.555642 0.029190 0.017768
0 0.785311 0.587282 0.015066 0.051746
0 0.774953 0.640586 0.023540 0.040524
0 0.779190 0.674875 0.017891 0.031796
0 0.779661 0.703242 0.041431 0.028678
0 0.778249 0.742051 0.020716 0.037718
0 0.777307 0.780704 0.043315 0.028990
0 0.779190 0.806110 0.032957 0.022444
0 0.778013 0.832606 0.033427 0.014339
0 0.777072 0.864713 0.044727 0.036783
0 0.786959 0.890274 0.007062 0.018703
0 0.783663 0.909601 0.026836 0.020574
0 0.776601 0.933448 0.019303 0.030237
0 0.692797 0.228024 0.041902 0.023379
0 0.689972 0.253585 0.039077 0.012781
0 0.700800 0.272132 0.014595 0.033042
0 0.699623 0.308915 0.039548 0.033666
0 0.704331 0.336035 0.030132 0.021820
0 0.696328 0.357855 0.039548 0.044264
0 0.694209 0.397444 0.056968 0.028678
0 0.698682 0.451839 0.017891 0.072007
0 0.695386 0.505923 0.020716 0.026808
0 0.703625 0.536783 0.017420 0.039277
0 0.702684 0.574345 0.022128 0.032731
0 0.707863 0.612375 0.044727 0.034601
0 0.698446 0.651808 0.051318 0.039900
0 0.692561 0.697943 0.031073 0.048628
0 0.697269 0.735037 0.056497 0.027431
0 0.701036 0.762936 0.048964 0.026496
0 0.701742 0.796135 0.042844 0.038653
0 0.712335 0.822163 0.012241 0.010287
0 0.705744 0.844607 0.021657 0.024626
0 0.705508 0.873909 0.021186 0.038965
0 0.706215 0.914121 0.038606 0.039589
0 0.706215 0.940461 0.041431 0.015586
0 0.616525 0.228803 0.044727 0.024938
0 0.622411 0.251247 0.014124 0.030549
0 0.619115 0.279613 0.048023 0.031172
0 0.622881 0.306110 0.016008 0.021820
0 0.628766 0.324345 0.008004 0.014651
0 0.621704 0.352400 0.036252 0.034601
0 0.623823 0.384196 0.049906 0.032731
0 0.620292 0.418485 0.021186 0.038342
0 0.623823 0.454333 0.025424 0.030860
0 0.621469 0.486752 0.045198 0.032107
0 0.620763 0.513716 0.016478 0.020574
0 0.625471 0.538498 0.034369 0.033354
0 0.627119 0.569046 0.015066 0.024626
0 0.619350 0.598660 0.014595 0.022756
0 0.623823 0.631390 0.013183 0.042706
0 0.621704 0.671135 0.022128 0.040524
0 0.625942 0.712126 0.042844 0.033978
0 0.625000 0.751091 0.021186 0.038965
0 0.618644 0.788498 0.051789 0.034601
0 0.625942 0.824501 0.045669 0.031796
0 0.628296 0.849906 0.018362 0.018392
0 0.631121 0.875156 0.021186 0.032731
0 0.625471 0.909913 0.045669 0.026808
0 0.633239 0.935941 0.020716 0.020885
0 0.545904 0.248597 0.017420 0.063903
0 0.545433 0.301746 0.042844 0.028055
0 0.546139 0.331515 0.039548 0.030860
0 0.549906 0.369389 0.021657 0.034913
0 0.547316 0.409289 0.041902 0.026808
0 0.548964 0.442955 0.014124 0.037406
0 0.547081 0.477868 0.016008 0.024938
0 0.548729 0.509352 0.024953 0.034913
0 0.554379 0.540524 0.041902 0.034289
0 0.542844 0.578709 0.047081 0.032731
0 0.545433 0.611440 0.026836 0.037095
0 0.548493 0.642612 0.049906 0.032107
0 0.548258 0.687656 0.023070 0.057357
0 0.549670 0.746883 0.041902 0.053616
0 0.550141 0.791147 0.025895 0.038030
0 0.550141 0.828086 0.033427 0.047693
0 0.550377 0.868142 0.026365 0.031172
0 0.556026 0.901808 0.016008 0.034289
0 0.553672 0.932824 0.013183 0.024626
0 0.468691 0.233946 0.042844 0.036471
0 0.469633 0.260754 0.017420 0.025873
0 0.468691 0.284601 0.027778 0.026185
0 0.467985 0.315929 0.043315 0.031484
0 0.476460 0.350530 0.020716 0.040212
0 0.468456 0.388872 0.049906 0.030860
0 0.474105 0.423473 0.044256 0.026496
0 0.478343 0.445605 0.012241 0.017768
0 0.476460 0.468204 0.008475 0.031172
0 0.472458 0.510910 0.037194 0.051122
0 0.470810 0.551590 0.039548 0.031484
0 0.480932 0.586347 0.020245 0.041771
0 0.476224 0.625468 0.040960 0.037095
0 0.468691 0.665368 0.049435 0.023379
0 0.486347 0.689059 0.041431 0.042082
0 0.476695 0.732544 0.019303 0.038653
0 0.475753 0.765118 0.020245 0.028367
0 0.470339 0.801278 0.081921 0.042706
0 0.480932 0.825436 0.014595 0.021820
0 0.480226 0.853647 0.020716 0.031484
0 0.473635 0.879364 0.040490 0.013092
0 0.471281 0.908042 0.042373 0.039277
0 0.473870 0.935162 0.021186 0.013716
0 0.393597 0.232855 0.040490 0.037406
0 0.384652 0.263872 0.032015 0.025249
0 0.386299 0.294108 0.040960 0.025873
0 0.391243 0.322631 0.016008 0.034913
0 0.389124 0.351153 0.047552 0.029613
0 0.393832 0.390742 0.043785 0.028990
0 0.394539 0.423784 0.019774 0.034601
0 0.395951 0.458074 0.039548 0.035224
0 0.400659 0.487375 0.030132 0.042082
0 0.395009 0.526029 0.041431 0.028990
0 0.399718 0.552681 0.029190 0.031796
0 0.388653 0.587749 0.064501 0.038342
0 0.392655 0.639963 0.043315 0.044264
0 0.396657 0.672226 0.018362 0.020885
0 0.398540 0.697943 0.020245 0.031172
0 0.393832 0.747506 0.034369 0.034289
0 0.392185 0.790835 0.032015 0.031172
0 0.398070 0.822007 0.019303 0.028678
0 0.393362 0.861752 0.026836 0.036471
0 0.400895 0.896665 0.045669 0.035224
0 0.391714 0.931266 0.051789 0.023379
0 0.309793 0.236284 0.048964 0.045511
0 0.313795 0.275405 0.054143 0.025873
0 0.316620 0.307980 0.024011 0.029302
0 0.318267 0.343204 0.020716 0.041147
0 0.313559 0.381546 0.017891 0.030549
0 0.310264 0.413965 0.049906 0.036160
0 0.321328 0.442955 0.019303 0.022444
0 0.318032 0.474595 0.034369 0.042706
0 0.315443 0.520885 0.035782 0.040524
0 0.315678 0.552993 0.040960 0.026808
0 0.315678 0.581671 0.015537 0.036160
0 0.313795 0.619701 0.040960 0.042394
0 0.314972 0.654769 0.026365 0.022756
0 0.310734 0.678616 0.045198 0.016209
0 0.319680 0.712749 0.013183 0.058915
0 0.311205 0.768859 0.054614 0.035224
0 0.313089 0.803772 0.050847 0.038342
0 0.307203 0.855673 0.052260 0.034913
0 0.313559 0.892456 0.044256 0.043641
0 0.316384 0.928148 0.020716 0.025249
0 0.229755 0.230206 0.036723 0.032731
0 0.234934 0.271976 0.053672 0.024626
0 0.232580 0.297849 0.022599 0.020262
0 0.251412 0.320293 0.034840 0.032107
0 0.235405 0.349127 0.042373 0.032419
0 0.236347 0.391365 0.022599 0.055175
0 0.235169 0.441241 0.020245 0.031484
0 0.237994 0.470698 0.055085 0.031172
0 0.241761 0.505767 0.040960 0.030860
0 0.244115 0.529458 0.015537 0.012781
0 0.235876 0.558603 0.050847 0.034913
0 0.238230 0.597413 0.050847 0.037095
0 0.237524 0.625156 0.050377 0.020885
0 0.238701 0.661471 0.042373 0.044888
0 0.239171 0.703865 0.046139 0.027431
0 0.242702 0.739557 0.025895 0.038965
0 0.239642 0.774158 0.030132 0.026496
0 0.236111 0.814059 0.040960 0.034601
0 0.234934 0.852712 0.027307 0.035848
0 0.232580 0.881390 0.047081 0.027120
0 0.238465 0.918641 0.054143 0.034913
1 0.702684 0.114557 0.095574 0.098192
1 0.805556 0.107700 0.103578 0.086347
