0 0.891185 0.181008 0.032140 0.057775
0 0.892792 0.237861 0.046373 0.054087
0 0.893480 0.279656 0.048669 0.028888
0 0.895317 0.316226 0.051423 0.043639
0 0.893710 0.358021 0.042700 0.050400
0 0.889807 0.407959 0.047750 0.048863
0 0.892792 0.440227 0.051882 0.008912
0 0.836318 0.240473 0.041781 0.006454
0 0.839302 0.325446 0.045914 0.029502
0 0.839761 0.356331 0.019284 0.027966
0 0.836777 0.385218 0.021579 0.033497
0 0.842057 0.418869 0.061524 0.033190
0 0.837236 0.445144 0.022498 0.035956
0 0.842975 0.482790 0.023875 0.038722
0 0.832415 0.520129 0.019284 0.039644
0 0.833333 0.558697 0.031221 0.036878
0 0.832185 0.590965 0.049128 0.034419
0 0.837006 0.645821 0.055096 0.075292
0 0.776630 0.173018 0.025253 0.038107
0 0.781451 0.215120 0.053260 0.045482
0 0.781451 0.252459 0.044995 0.037800
0 0.783747 0.292563 0.029385 0.041795
0 0.774334 0.320221 0.044536 0.024585
0 0.778696 0.352182 0.026630 0.038722
0 0.778466 0.389213 0.040863 0.036570
0 0.778926 0.425323 0.024334 0.032575
0 0.777778 0.458974 0.040404 0.036570
0 0.779155 0.491856 0.044077 0.031653
0 0.782369 0.526583 0.043159 0.037185
0 0.778007 0.551782 0.032599 0.016288
0 0.778237 0.571451 0.018365 0.026122
0 0.783747 0.603872 0.057851 0.038107
0 0.780992 0.631530 0.027548 0.025814
0 0.781910 0.667947 0.046832 0.034726
0 0.782369 0.698218 0.014692 0.028888
0 0.781451 0.729410 0.021120 0.027351
0 0.782599 0.762139 0.028007 0.038107
0 0.783747 0.801168 0.033976 0.039336
0 0.784435 0.827904 0.043618 0.023970
0 0.779614 0.853258 0.049587 0.029195
0 0.716253 0.169330 0.018365 0.036263
0 0.715565 0.206822 0.032599 0.038107
0 0.717631 0.248771 0.026630 0.051936
0 0.722911 0.281346 0.042700 0.028580
0 0.720615 0.309004 0.017906 0.026122
0 0.716713 0.342809 0.030303 0.040873
0 0.715794 0.380916 0.015611 0.038414
0 0.721074 0.415950 0.046373 0.039029
0 0.723140 0.453135 0.030303 0.034726
0 0.720386 0.483405 0.046832 0.028273
0 0.720615 0.514905 0.019743 0.035956
0 0.721304 0.556085 0.045914 0.040258
0 0.724288 0.596189 0.030762 0.039336
0 0.721993 0.627689 0.048209 0.026736
0 0.724288 0.655194 0.027089 0.028273
0 0.725895 0.684235 0.048669 0.032268
0 0.723829 0.709896 0.037190 0.028888
0 0.724518 0.744468 0.051423 0.039644
0 0.721074 0.773049 0.042700 0.032268
0 0.720615 0.804395 0.021579 0.029809
0 0.721304 0.836663 0.041322 0.030424
0 0.723600 0.869392 0.051423 0.034419
0 0.724977 0.891979 0.021120 0.030424
0 0.664371 0.169330 0.039486 0.031346
0 0.661616 0.208974 0.020202 0.036878
0 0.663912 0.233712 0.027548 0.015058
0 0.669881 0.262139 0.056015 0.041180
0 0.662075 0.292256 0.044077 0.020283
0 0.665519 0.320068 0.031680 0.034726
0 0.664830 0.353258 0.034894 0.033497
0 0.665978 0.394745 0.051882 0.045175
0 0.659550 0.425015 0.044536 0.019668
0 0.666667 0.453135 0.033976 0.027351
0 0.666208 0.490473 0.042241 0.043024
0 0.660468 0.527351 0.014233 0.025200
0 0.666896 0.555317 0.055556 0.030117
0 0.665519 0.582207 0.055556 0.033497
0 0.662534 0.674401 0.019284 0.036570
0 0.668044 0.711125 0.047750 0.041795
0 0.667585 0.748156 0.049587 0.023049
0 0.670569 0.776583 0.034435 0.029502
0 0.665519 0.806546 0.032599 0.028580
0 0.669881 0.836202 0.054178 0.036263
0 0.668962 0.862784 0.041322 0.029809
0 0.672176 0.893362 0.061524 0.032575
0 0.604683 0.168869 0.044995 0.023663
0 0.609275 0.207283 0.054178 0.047019
0 0.604454 0.245698 0.014233 0.042102
0 0.605372 0.285495 0.043618 0.038107
0 0.605601 0.311924 0.018365 0.035034
0 0.605601 0.344806 0.028466 0.030117
0 0.600321 0.375691 0.017906 0.029809
0 0.602847 0.401045 0.044077 0.027044
0 0.609275 0.432391 0.046832 0.036878
0 0.607208 0.470959 0.041781 0.035341
0 0.609734 0.506300 0.030303 0.034726
0 0.602617 0.544868 0.020661 0.039336
0 0.604913 0.580363 0.028926 0.031039
0 0.607668 0.611709 0.038108 0.031039
0 0.609504 0.645821 0.041781 0.036570
0 0.605831 0.675015 0.031680 0.029195
0 0.607438 0.706054 0.020202 0.026122
0 0.609275 0.734634 0.041322 0.029809
0 0.611111 0.766288 0.037649 0.032883
0 0.612948 0.796712 0.054178 0.033497
0 0.609963 0.824677 0.043618 0.023049
0 0.616162 0.852643 0.018365 0.026122
0 0.613636 0.882452 0.026171 0.034112
0 0.550046 0.174862 0.028466 0.038107
0 0.554867 0.211586 0.042700 0.037800
0 0.555556 0.242932 0.020202 0.024278
0 0.557163 0.274585 0.041781 0.036570
0 0.555785 0.314075 0.032599 0.036878
0 0.552801 0.346189 0.022957 0.027351
0 0.558081 0.373387 0.036272 0.030731
0 0.552571 0.407959 0.036272 0.037800
0 0.549128 0.444683 0.018365 0.043024
0 0.553030 0.476183 0.020661 0.024278
0 0.551423 0.504917 0.045914 0.034419
0 0.545684 0.534726 0.045455 0.034419
0 0.552801 0.567302 0.026630 0.034419
0 0.551882 0.601567 0.044077 0.034726
0 0.548439 0.626921 0.027089 0.016595
0 0.547980 0.654733 0.039945 0.041487
0 0.554178 0.694837 0.027548 0.038107
0 0.552112 0.729564 0.045455 0.030731
0 0.554178 0.765058 0.043159 0.036570
0 0.549357 0.854333 0.016988 0.038722
0 0.557851 0.889828 0.046832 0.041487
0 0.495868 0.170559 0.045914 0.026429
0 0.497016 0.198371 0.032599 0.028580
0 0.500230 0.240166 0.034435 0.043946
0 0.497475 0.279502 0.047291 0.039029
0 0.498852 0.313460 0.057392 0.036263
0 0.493802 0.343577 0.050046 0.030731
0 0.494261 0.379072 0.058310 0.047019
0 0.489440 0.414413 0.014692 0.035956
0 0.491965 0.455286 0.043618 0.035956
0 0.491276 0.486171 0.042241 0.022127
0 0.490358 0.519053 0.046832 0.040565
0 0.495409 0.551321 0.030303 0.049785
0 0.492424 0.591887 0.046373 0.029502
0 0.487374 0.620160 0.042700 0.033190
0 0.492654 0.649047 0.043159 0.023970
0 0.497704 0.673325 0.023875 0.025814
0 0.488981 0.707898 0.022957 0.042717
0 0.490588 0.739705 0.052801 0.025814
0 0.492883 0.767210 0.050046 0.024892
0 0.494720 0.794253 0.031680 0.031039
0 0.491736 0.827904 0.032140 0.034419
0 0.497704 0.859865 0.045914 0.039951
0 0.493572 0.897050 0.056933 0.034419
0 0.433425 0.176245 0.048669 0.039029
0 0.432966 0.206054 0.015611 0.019975
0 0.430670 0.229410 0.020202 0.026122
0 0.435032 0.258758 0.049128 0.031961
0 0.433884 0.290719 0.044077 0.035034
0 0.438246 0.324063 0.054637 0.031039
0 0.435032 0.355101 0.050964 0.031039
0 0.429293 0.387984 0.029385 0.029195
0 0.434573 0.419637 0.059229 0.035341
0 0.429752 0.450369 0.019284 0.032268
0 0.426997 0.483098 0.017447 0.036878
0 0.430900 0.511217 0.012397 0.027351
0 0.424931 0.551168 0.023416 0.045175
0 0.425849 0.586355 0.025253 0.031961
0 0.431129 0.623233 0.044995 0.040565
0 0.424931 0.654579 0.016988 0.038107
0 0.432736 0.692840 0.043618 0.037800
0 0.433884 0.721573 0.018365 0.019053
0 0.436869 0.754149 0.045455 0.045482
0 0.435491 0.788875 0.045455 0.029502
0 0.441690 0.826829 0.026630 0.044561
0 0.443756 0.869392 0.038108 0.030731
0 0.441690 0.900123 0.033058 0.017824
0 0.374197 0.172557 0.038567 0.028580
0 0.382002 0.206515 0.023875 0.032575
0 0.379477 0.237707 0.044536 0.026122
0 0.380165 0.265058 0.045914 0.030424
0 0.382002 0.340658 0.041322 0.034112
0 0.376951 0.381377 0.022957 0.047326
0 0.378099 0.410879 0.042700 0.007990
0 0.379247 0.431623 0.030303 0.023049
0 0.383838 0.462508 0.050505 0.038107
0 0.379706 0.492317 0.046832 0.033190
0 0.380165 0.522895 0.036731 0.031653
0 0.378329 0.548709 0.019284 0.019361
0 0.379477 0.578980 0.017906 0.042409
0 0.377870 0.610787 0.045914 0.029809
0 0.381313 0.641825 0.017906 0.031653
0 0.376492 0.681315 0.019284 0.042409
0 0.381084 0.715581 0.044077 0.033497
0 0.381543 0.746466 0.027548 0.030731
0 0.383379 0.778427 0.022957 0.036263
0 0.388430 0.815458 0.016529 0.039644
0 0.382691 0.845728 0.029844 0.024585
0 0.382461 0.869084 0.024793 0.020897
0 0.387052 0.897203 0.013774 0.038414
0 0.321396 0.177167 0.041322 0.034726
0 0.322084 0.213891 0.046373 0.034419
0 0.323691 0.236785 0.025712 0.019361
0 0.320937 0.264444 0.044995 0.027351
0 0.325069 0.293485 0.046832 0.026429
0 0.322314 0.318685 0.024793 0.022127
0 0.323691 0.344038 0.035813 0.027966
0 0.325528 0.378457 0.045914 0.039644
0 0.322084 0.415642 0.045455 0.034112
0 0.326446 0.451752 0.009183 0.047941
0 0.320018 0.488476 0.020202 0.032883
0 0.319330 0.522280 0.031680 0.034112
0 0.321396 0.547941 0.020202 0.019668
0 0.780762 0.887216 0.027089 0.046097
0 0.668044 0.628457 0.024793 0.057775
0 0.553489 0.810387 0.026171 0.056546
0 0.268825 0.492010 0.028007 0.054702
0 0.159320 0.212200 0.024793 0.042102
0 0.327594 0.574063 0.056474 0.034419
0 0.322084 0.597572 0.014233 0.026122
0 0.322544 0.624770 0.028926 0.024585
0 0.322544 0.647972 0.019743 0.024278
0 0.321166 0.679010 0.018825 0.042102
0 0.326217 0.711278 0.020661 0.032268
0 0.322544 0.742932 0.043618 0.025507
0 0.322773 0.767978 0.042241 0.020897
0 0.326446 0.791487 0.026630 0.023049
0 0.326217 0.817609 0.051882 0.027966
0 0.328283 0.844960 0.031221 0.035341
0 0.329431 0.866165 0.034435 0.016288
0 0.333333 0.890289 0.054178 0.030731
0 0.262397 0.171942 0.017906 0.031039
0 0.268136 0.209588 0.050505 0.034419
0 0.265381 0.241088 0.046832 0.035341
0 0.267677 0.270129 0.042241 0.026429
0 0.269284 0.303626 0.024334 0.040565
0 0.266299 0.336509 0.021120 0.024585
0 0.262397 0.364321 0.014233 0.026736
0 0.266299 0.396896 0.021120 0.040873
0 0.264463 0.426706 0.013774 0.018132
0 0.266758 0.451137 0.028466 0.033190
0 0.266070 0.525200 0.051882 0.027044
0 0.271350 0.553626 0.054178 0.032883
0 0.269743 0.578672 0.048209 0.029502
0 0.267218 0.602028 0.044077 0.015980
0 0.274105 0.624770 0.033058 0.027044
0 0.262397 0.665642 0.023416 0.037492
0 0.271120 0.693147 0.047291 0.028580
0 0.271350 0.721573 0.044077 0.028273
0 0.273416 0.758144 0.026171 0.044253
0 0.269972 0.790719 0.034894 0.016595
0 0.274793 0.808543 0.028926 0.028888
0 0.280992 0.841272 0.009183 0.035956
0 0.274564 0.865550 0.038567 0.019975
0 0.266988 0.891518 0.030762 0.036263
0 0.207530 0.170098 0.046832 0.028580
0 0.212580 0.204518 0.053260 0.032883
0 0.206382 0.230332 0.047291 0.032268
0 0.206382 0.260295 0.046373 0.030117
0 0.208907 0.287185 0.016529 0.023663
0 0.200413 0.320221 0.026171 0.036263
0 0.206382 0.345882 0.049128 0.026736
0 0.203857 0.374155 0.028466 0.024892
0 0.198577 0.408728 0.022498 0.037492
0 0.206841 0.440074 0.035354 0.031346
0 0.208907 0.475415 0.048669 0.030731
0 0.207071 0.501383 0.040404 0.023663
0 0.205923 0.537646 0.015152 0.031039
0 0.212580 0.565458 0.057851 0.033190
0 0.211892 0.593270 0.028926 0.037185
0 0.212810 0.633835 0.048209 0.036570
0 0.210744 0.658420 0.024793 0.029195
0 0.216713 0.696527 0.056015 0.038414
0 0.213499 0.716349 0.022039 0.018439
0 0.215794 0.743085 0.025712 0.035034
0 0.218779 0.776890 0.051882 0.038107
0 0.218549 0.804548 0.024793 0.033805
0 0.217631 0.835894 0.040404 0.022127
0 0.215565 0.860787 0.016070 0.037492
0 0.218779 0.893669 0.042700 0.028273
0 0.151056 0.173171 0.030303 0.034726
0 0.155647 0.247234 0.044995 0.025507
0 0.155647 0.273510 0.023875 0.028888
0 0.157484 0.307314 0.023875 0.038107
0 0.154729 0.339889 0.019284 0.024585
0 0.158402 0.371235 0.052342 0.039336
0 0.158861 0.400584 0.056933 0.031653
0 0.153811 0.423171 0.033058 0.015366
0 0.155418 0.443147 0.016988 0.033190
0 0.151745 0.482176 0.019743 0.043639
0 0.152433 0.508451 0.013774 0.019361
0 0.157943 0.533036 0.052342 0.034726
0 0.152204 0.561002 0.046373 0.034112
0 0.154729 0.583743 0.013774 0.028580
0 0.154959 0.611401 0.025253 0.033497
0 0.159091 0.635218 0.049128 0.025200
0 0.151745 0.663491 0.025253 0.031961
0 0.156336 0.687923 0.043618 0.025507
0 0.159091 0.719730 0.031680 0.035648
0 0.151974 0.754456 0.023875 0.033190
0 0.158173 0.780885 0.044536 0.030731
0 0.159550 0.809773 0.045455 0.025200
0 0.151515 0.840965 0.021120 0.037185
0 0.156566 0.867087 0.037649 0.023663
0 0.160009 0.898125 0.024334 0.034726
0 0.097337 0.174093 0.031221 0.037185
0 0.103765 0.212661 0.048669 0.038107
0 0.097796 0.238168 0.027548 0.014751
0 0.096189 0.256300 0.046373 0.014136
0 0.096189 0.275200 0.014233 0.019361
0 0.100551 0.301321 0.042241 0.032883
0 0.096878 0.331746 0.024793 0.026122
0 0.098485 0.354333 0.039945 0.021512
0 0.092516 0.381069 0.016070 0.023356
0 0.098944 0.399201 0.039945 0.020283
0 0.095960 0.423018 0.047750 0.031039
0 0.099633 0.448525 0.049587 0.029809
0 0.103994 0.476183 0.033517 0.026736
0 0.101699 0.508297 0.050046 0.039951
0 0.098944 0.537646 0.047291 0.023663
0 0.097567 0.562999 0.039027 0.027044
0 0.100781 0.594960 0.044536 0.039951
0 0.097337 0.620467 0.023875 0.020283
0 0.102847 0.645667 0.048669 0.031346
0 0.097796 0.669945 0.040404 0.020897
0 0.098714 0.689152 0.017447 0.019361
0 0.099403 0.706515 0.025253 0.018439
0 0.096648 0.726337 0.039945 0.024892
0 0.103076 0.748617 0.054637 0.015366
0 0.100781 0.765058 0.020661 0.032268
0 0.098944 0.801168 0.037190 0.035648
0 0.091598 0.837431 0.023416 0.036263
0 0.101699 0.861862 0.038108 0.026736
0 0.105372 0.892133 0.050964 0.031346
1 0.897153 0.091426 0.079890 0.091272
