0 0.858706 0.178605 0.043288 0.031731
0 0.855058 0.213321 0.027237 0.033302
0 0.857004 0.269086 0.009728 0.063776
0 0.859679 0.327835 0.041342 0.054351
0 0.758268 0.238454 0.039883 0.027019
0 0.760214 0.269400 0.033074 0.036129
0 0.763375 0.303487 0.035506 0.013823
0 0.760944 0.333962 0.039397 0.025762
0 0.766294 0.364436 0.017996 0.028275
0 0.763132 0.401665 0.038911 0.031731
0 0.757296 0.434339 0.024319 0.029218
0 0.761187 0.465127 0.048638 0.022306
0 0.755837 0.501571 0.039883 0.031731
0 0.761673 0.538172 0.035019 0.028275
0 0.762646 0.573673 0.039883 0.026390
0 0.764835 0.602576 0.039397 0.024505
0 0.759484 0.634307 0.046206 0.031417
0 0.757782 0.674678 0.037938 0.043041
0 0.763862 0.710807 0.047179 0.029846
0 0.760457 0.740182 0.038424 0.018850
0 0.765321 0.765473 0.034533 0.023563
0 0.765321 0.796418 0.044261 0.024505
0 0.766051 0.825950 0.042802 0.034559
0 0.775292 0.857839 0.029183 0.028589
0 0.758998 0.895853 0.040370 0.036129
0 0.663911 0.245366 0.028210 0.035187
0 0.665370 0.284794 0.029183 0.044298
0 0.664883 0.323751 0.047665 0.031731
0 0.676313 0.352812 0.017023 0.020735
0 0.672179 0.382972 0.035992 0.028275
0 0.669504 0.416588 0.025778 0.032045
0 0.666586 0.448948 0.024805 0.027019
0 0.663424 0.487276 0.051556 0.039585
0 0.672909 0.517593 0.017996 0.021678
0 0.664640 0.553252 0.035506 0.039585
0 0.668774 0.588281 0.030156 0.029218
0 0.669018 0.613729 0.018969 0.025448
0 0.666342 0.644832 0.018482 0.027333
0 0.663667 0.677977 0.048152 0.022620
0 0.667802 0.709708 0.015564 0.037072
0 0.665126 0.751492 0.035506 0.033930
0 0.669747 0.786679 0.024319 0.024505
0 0.664640 0.815112 0.058852 0.010368
0 0.666829 0.836161 0.027237 0.027333
0 0.669018 0.862237 0.019942 0.021678
0 0.663424 0.898995 0.035992 0.036758
0 0.573687 0.238768 0.047179 0.032045
0 0.570039 0.278197 0.040856 0.030474
0 0.576362 0.312912 0.031128 0.042099
0 0.572471 0.352183 0.039883 0.024505
0 0.575632 0.386899 0.017023 0.036129
0 0.571984 0.420201 0.040856 0.017908
0 0.574903 0.448633 0.015564 0.033930
0 0.575875 0.472667 0.035992 0.010368
0 0.568580 0.501257 0.040856 0.031103
0 0.574173 0.538800 0.033560 0.028275
0 0.573200 0.570531 0.040370 0.017593
0 0.570768 0.602262 0.038424 0.035815
0 0.571498 0.649073 0.045720 0.046497
0 0.572957 0.690072 0.030156 0.037386
0 0.472763 0.276940 0.039883 0.029846
0 0.475924 0.311184 0.044261 0.022934
0 0.480058 0.343701 0.040856 0.018850
0 0.478113 0.370405 0.017510 0.027019
0 0.478599 0.403393 0.042802 0.027647
0 0.480058 0.430254 0.034047 0.022934
0 0.484436 0.455074 0.046693 0.023563
0 0.487354 0.479893 0.025292 0.019164
0 0.479572 0.512253 0.008755 0.041784
0 0.478356 0.547440 0.017996 0.021678
0 0.487111 0.575086 0.034533 0.024819
0 0.480302 0.603047 0.018969 0.030474
0 0.485165 0.642790 0.039397 0.026390
0 0.481274 0.676092 0.029669 0.032674
0 0.482004 0.720390 0.009728 0.052780
0 0.482977 0.767672 0.038911 0.042413
0 0.380107 0.312912 0.041342 0.025762
0 0.381809 0.347785 0.023346 0.040214
0 0.382782 0.392711 0.020428 0.040842
0 0.385700 0.428841 0.045720 0.029532
0 0.384971 0.481150 0.012160 0.062520
0 0.385944 0.533616 0.035506 0.031731
0 0.386430 0.574929 0.028696 0.031417
0 0.388132 0.627396 0.042802 0.047125
0 0.382782 0.678762 0.029183 0.034244
0 0.384971 0.721332 0.041342 0.025762
0 0.386430 0.762488 0.035506 0.047754
0 0.290126 0.172479 0.043288 0.032045
0 0.286235 0.246623 0.035506 0.024505
0 0.285749 0.282281 0.045233 0.032988
0 0.288181 0.322966 0.027724 0.036444
0 0.288667 0.364122 0.034533 0.027019
0 0.288424 0.394125 0.048638 0.027961
0 0.289154 0.425071 0.034533 0.023877
0 0.287695 0.461671 0.041342 0.028589
0 0.287938 0.485391 0.017510 0.020107
0 0.288911 0.513352 0.020428 0.023249
0 0.287451 0.545397 0.023346 0.025134
0 0.286722 0.579485 0.025778 0.032359
0 0.284533 0.613101 0.028210 0.029218
0 0.285992 0.647345 0.047665 0.022934
0 0.291586 0.675463 0.020914 0.031417
0 0.287938 0.708922 0.031128 0.023563
0 0.286479 0.741910 0.040856 0.029218
0 0.286235 0.772070 0.019942 0.027961
0 0.293774 0.797518 0.041829 0.027961
0 0.289640 0.823280 0.017996 0.026076
0 0.287451 0.858310 0.037938 0.030789
0 0.294018 0.896167 0.022860 0.046183
0 0.189689 0.172636 0.020428 0.036758
0 0.190418 0.207037 0.039397 0.029532
0 0.207928 0.232328 0.019942 0.020421
0 0.194796 0.254948 0.038424 0.006598
0 0.191391 0.279925 0.021887 0.032045
0 0.201119 0.315740 0.034533 0.035815
0 0.192121 0.347314 0.034047 0.033616
0 0.194309 0.382187 0.029669 0.037386
0 0.196012 0.420358 0.041829 0.030789
0 0.203064 0.447377 0.017023 0.021363
0 0.197957 0.474709 0.042802 0.025762
0 0.193093 0.508483 0.036965 0.024819
0 0.194553 0.546340 0.048638 0.035815
0 0.195525 0.579799 0.035019 0.025448
0 0.202578 0.594722 0.012160 0.028904
0 0.202335 0.630694 0.018482 0.037386
0 0.193093 0.675306 0.025292 0.036129
0 0.192850 0.711593 0.039397 0.027647
0 0.196012 0.740339 0.020428 0.021049
0 0.195282 0.773955 0.039397 0.030474
0 0.197957 0.807729 0.016537 0.032045
0 0.194796 0.842287 0.040370 0.020107
0 0.199416 0.874961 0.008755 0.042099
0 0.187257 0.905121 0.013619 0.031417
0 0.092656 0.171222 0.052043 0.034559
0 0.097519 0.204681 0.019942 0.025448
0 0.098249 0.241753 0.027237 0.034244
0 0.094601 0.278040 0.031615 0.033302
0 0.097763 0.315426 0.044747 0.030160
0 0.097276 0.349670 0.037938 0.027647
0 0.096547 0.380930 0.017996 0.024819
0 0.099951 0.407006 0.031615 0.012253
0 0.097519 0.435910 0.040370 0.025448
0 0.101167 0.469840 0.032101 0.029218
0 0.095817 0.507540 0.044747 0.027333
0 0.098249 0.544455 0.035019 0.031417
0 0.100924 0.573201 0.019942 0.021678
0 0.099465 0.609959 0.032588 0.040528
0 0.100924 0.650487 0.049125 0.025448
0 0.099465 0.693685 0.014105 0.055294
0 0.099708 0.743324 0.029183 0.028275
0 0.101897 0.775683 0.036479 0.024505
0 0.099222 0.815426 0.052529 0.036129
0 0.101167 0.855954 0.040856 0.040528
0 0.102140 0.902293 0.038911 0.037700
1 0.864056 0.882501 0.095817 0.101162
