0 0.903233 0.184574 0.022024 0.031731
0 0.898782 0.230443 0.027179 0.044298
0 0.914246 0.273170 0.026242 0.023563
0 0.902296 0.299403 0.046392 0.024505
0 0.911200 0.333019 0.016401 0.042727
0 0.904639 0.371662 0.045455 0.018222
0 0.911903 0.392711 0.019681 0.023877
0 0.906045 0.427584 0.019213 0.041470
0 0.903233 0.466070 0.045455 0.035501
0 0.907919 0.503299 0.008903 0.052152
0 0.907685 0.550110 0.023430 0.045869
0 0.909560 0.587182 0.044049 0.028904
0 0.906982 0.620484 0.040769 0.028904
0 0.910262 0.656299 0.012652 0.032045
0 0.904171 0.683161 0.029522 0.033616
0 0.912371 0.719290 0.062793 0.036758
0 0.912840 0.749136 0.017807 0.027961
0 0.910028 0.788250 0.018744 0.029532
0 0.910028 0.831762 0.022493 0.038643
0 0.912371 0.873861 0.013121 0.045555
0 0.826851 0.183003 0.012652 0.026704
0 0.823102 0.217248 0.026710 0.041784
0 0.827085 0.266887 0.034677 0.048068
0 0.826851 0.312755 0.041706 0.034873
0 0.830131 0.352341 0.037957 0.022306
0 0.836692 0.388784 0.043580 0.048068
0 0.829428 0.432297 0.007498 0.042727
0 0.828725 0.469997 0.029522 0.030789
0 0.825679 0.500471 0.020619 0.030160
0 0.829663 0.536444 0.048266 0.040528
0 0.833646 0.568803 0.057170 0.030474
0 0.829194 0.605875 0.017338 0.032988
0 0.827788 0.650016 0.034208 0.039585
0 0.838800 0.696199 0.051546 0.050895
0 0.829897 0.740025 0.041237 0.030474
0 0.835286 0.825793 0.042643 0.026076
0 0.832006 0.856896 0.032334 0.024191
0 0.832240 0.765630 0.020619 0.021363
0 0.834349 0.795476 0.013590 0.034559
0 0.829428 0.884386 0.021556 0.030789
0 0.745548 0.197455 0.028116 0.052466
0 0.744845 0.241910 0.028585 0.040214
0 0.749297 0.282909 0.036551 0.041784
0 0.751172 0.325479 0.017807 0.038957
0 0.752577 0.361609 0.037488 0.030160
0 0.749063 0.396324 0.026710 0.038014
0 0.752812 0.431511 0.045455 0.038014
0 0.752343 0.463085 0.031396 0.013823
0 0.750469 0.496230 0.045455 0.033616
0 0.756560 0.530474 0.047329 0.035501
0 0.762184 0.563148 0.033271 0.041784
0 0.753983 0.601791 0.041237 0.025448
0 0.751172 0.630694 0.042174 0.018536
0 0.750937 0.661797 0.018276 0.040528
0 0.760309 0.700126 0.057638 0.025448
0 0.752343 0.716148 0.018276 0.034244
0 0.754920 0.747722 0.037488 0.029532
0 0.752577 0.786522 0.027179 0.039899
0 0.755389 0.824537 0.020619 0.022934
0 0.770619 0.855954 0.019213 0.021049
0 0.755155 0.877631 0.026710 0.048068
0 0.664246 0.180333 0.026710 0.014452
0 0.670337 0.212378 0.056701 0.034559
0 0.668463 0.252906 0.018276 0.038329
0 0.669634 0.297047 0.013121 0.026704
0 0.671509 0.333648 0.035614 0.034559
0 0.674789 0.371976 0.027179 0.040842
0 0.667057 0.412347 0.022024 0.037386
0 0.673383 0.444392 0.044049 0.023563
0 0.679007 0.474081 0.018744 0.049639
0 0.674789 0.516023 0.044986 0.033616
0 0.675023 0.558121 0.038894 0.043669
0 0.680881 0.601948 0.043112 0.050895
0 0.677132 0.641062 0.016870 0.024819
0 0.674555 0.683003 0.034208 0.043984
0 0.679709 0.718976 0.044517 0.022306
0 0.691893 0.737355 0.014527 0.040842
0 0.692362 0.767515 0.024836 0.019478
0 0.681584 0.799717 0.036082 0.037386
0 0.680412 0.842915 0.029991 0.028904
0 0.682755 0.872447 0.027179 0.048382
0 0.592549 0.192900 0.015464 0.043984
0 0.589972 0.240653 0.039363 0.027019
0 0.592784 0.276940 0.051546 0.042413
0 0.597704 0.309299 0.016401 0.017279
0 0.594892 0.332862 0.038894 0.027333
0 0.597235 0.361923 0.025773 0.023249
0 0.600750 0.399623 0.017807 0.055294
0 0.594892 0.451147 0.028585 0.040214
0 0.597235 0.490889 0.014527 0.027333
0 0.595361 0.533145 0.035145 0.038329
0 0.591378 0.566290 0.046860 0.019793
0 0.604264 0.598021 0.014527 0.043041
0 0.590675 0.636664 0.023899 0.031103
0 0.598875 0.673107 0.049672 0.040528
0 0.605904 0.698869 0.047798 0.014138
0 0.601921 0.722903 0.046392 0.023249
0 0.604967 0.741753 0.013121 0.020735
0 0.601921 0.766887 0.022962 0.024505
0 0.600750 0.800817 0.020619 0.030789
0 0.607076 0.837575 0.043580 0.027647
0 0.606139 0.855168 0.012652 0.014452
0 0.606139 0.880773 0.017338 0.036129
0 0.518276 0.185046 0.041237 0.026390
0 0.530225 0.222903 0.047329 0.047440
0 0.522024 0.267829 0.005623 0.045555
0 0.520853 0.301759 0.027648 0.018536
0 0.524133 0.334433 0.014527 0.046811
0 0.519916 0.373861 0.019213 0.033302
0 0.527179 0.415174 0.034677 0.044926
0 0.518276 0.460729 0.038425 0.034873
0 0.522024 0.488376 0.017807 0.029218
0 0.519447 0.525448 0.037957 0.039899
0 0.526242 0.561734 0.044049 0.035815
0 0.522727 0.590167 0.019213 0.029218
0 0.521087 0.627553 0.024367 0.034873
0 0.522962 0.667295 0.039363 0.027647
0 0.521087 0.694156 0.019681 0.022934
0 0.519447 0.721489 0.039831 0.029846
0 0.533271 0.762331 0.024367 0.051210
0 0.525305 0.807729 0.038425 0.029532
0 0.535380 0.844329 0.032334 0.042413
0 0.524602 0.886585 0.040769 0.025762
0 0.442830 0.200283 0.025305 0.056236
0 0.438379 0.239083 0.028585 0.013823
0 0.436504 0.274584 0.052015 0.030789
0 0.438847 0.314012 0.037020 0.039899
0 0.440487 0.347000 0.022493 0.037386
0 0.446345 0.387999 0.065136 0.036444
0 0.438613 0.415489 0.044049 0.019793
0 0.441190 0.444549 0.008903 0.036444
0 0.438847 0.479108 0.023899 0.032674
0 0.444705 0.518222 0.021556 0.043041
0 0.442830 0.561577 0.037488 0.039271
0 0.444002 0.594722 0.031396 0.013823
0 0.443299 0.615300 0.020619 0.022934
0 0.443065 0.659284 0.011715 0.041784
0 0.443768 0.696199 0.018744 0.030789
0 0.444705 0.730914 0.042174 0.027333
0 0.450797 0.757619 0.016870 0.029218
0 0.447282 0.789036 0.018276 0.023563
0 0.445876 0.825636 0.044517 0.030160
0 0.445173 0.866321 0.022493 0.046811
0 0.447516 0.896953 0.033739 0.012567
0 0.370900 0.187716 0.062324 0.031103
0 0.372540 0.218819 0.015933 0.023563
0 0.371368 0.257933 0.034208 0.046497
0 0.368088 0.305844 0.022962 0.048696
0 0.362933 0.346686 0.033271 0.038014
0 0.366682 0.382658 0.013590 0.033302
0 0.363871 0.409519 0.031396 0.019793
0 0.362231 0.443607 0.049672 0.040214
0 0.366917 0.484920 0.028116 0.042413
0 0.366682 0.520421 0.021087 0.024819
0 0.367385 0.553095 0.023430 0.036758
0 0.367619 0.585925 0.043580 0.028904
0 0.363168 0.620170 0.028116 0.035187
0 0.365511 0.658498 0.043112 0.039585
0 0.365979 0.694942 0.022493 0.024505
0 0.366214 0.739397 0.028585 0.043041
0 0.375586 0.780710 0.053889 0.032674
0 0.379100 0.804116 0.017807 0.022306
0 0.382146 0.841188 0.023899 0.051838
0 0.366214 0.883915 0.017338 0.039271
0 0.285848 0.197298 0.033739 0.047754
0 0.294283 0.243324 0.037488 0.044298
0 0.287020 0.287936 0.017338 0.044926
0 0.288191 0.323123 0.024367 0.025448
0 0.289831 0.360509 0.021087 0.049325
0 0.288660 0.406849 0.038425 0.033302
0 0.290534 0.439837 0.016870 0.023249
0 0.292409 0.474081 0.039363 0.035187
0 0.288894 0.509268 0.019213 0.026390
0 0.291237 0.545083 0.019213 0.045240
0 0.294283 0.580270 0.015933 0.035187
0 0.288894 0.620170 0.022962 0.037072
0 0.287957 0.664310 0.016401 0.043669
0 0.291940 0.694471 0.037488 0.038643
0 0.290534 0.734056 0.044986 0.036129
0 0.290534 0.767515 0.037488 0.030789
0 0.296392 0.794533 0.011715 0.023249
0 0.291940 0.817468 0.033739 0.011310
0 0.295689 0.842601 0.034677 0.033302
0 0.293112 0.881244 0.038894 0.033302
0 0.204780 0.194942 0.020619 0.043669
0 0.208997 0.244109 0.053421 0.029532
0 0.208529 0.277568 0.012184 0.034873
0 0.216261 0.319353 0.023899 0.055608
0 0.210872 0.368363 0.014058 0.033616
0 0.208294 0.402293 0.036082 0.028589
0 0.209231 0.441565 0.022024 0.049953
0 0.211106 0.476594 0.033271 0.013195
0 0.209231 0.503927 0.046392 0.035815
0 0.215792 0.535344 0.019213 0.027019
0 0.221181 0.581684 0.041237 0.043669
0 0.212746 0.623940 0.048735 0.032674
0 0.212746 0.661483 0.023430 0.039271
0 0.215323 0.699026 0.043580 0.023249
0 0.222352 0.729815 0.016401 0.047754
0 0.216729 0.771756 0.043580 0.022934
0 0.219541 0.795476 0.016401 0.027647
0 0.223993 0.835690 0.025305 0.052780
0 0.214152 0.883757 0.017807 0.039585
0 0.135661 0.187716 0.013590 0.028589
0 0.131678 0.230129 0.024367 0.053723
0 0.128163 0.276469 0.034208 0.038957
0 0.136129 0.317468 0.013590 0.028589
0 0.132615 0.359724 0.043112 0.023877
0 0.139644 0.392868 0.017807 0.042413
0 0.138238 0.445020 0.031865 0.061891
1 0.178304 0.203424 0.068885 0.087025
1 0.554124 0.690701 0.101687 0.083255
1 0.269447 0.245209 0.041237 0.033616
1 0.275305 0.482092 0.084817 0.052466
1 0.509138 0.202639 0.097001 0.064090
