0 0.873950 0.209230 0.047619 0.023075
0 0.872082 0.240412 0.042017 0.026193
0 0.875117 0.277362 0.047152 0.037730
0 0.873950 0.310882 0.040149 0.024945
0 0.875117 0.340193 0.044351 0.028687
0 0.876517 0.360461 0.013539 0.012473
0 0.871615 0.388525 0.030812 0.027440
0 0.875584 0.429685 0.026611 0.038665
0 0.871849 0.463361 0.039683 0.029311
0 0.880252 0.487527 0.042484 0.025257
0 0.874183 0.526972 0.046218 0.033676
0 0.877218 0.555036 0.021475 0.041160
0 0.874416 0.595572 0.050420 0.016838
0 0.875350 0.623168 0.017740 0.024010
0 0.874416 0.660274 0.028011 0.042095
0 0.873016 0.699252 0.024276 0.019645
0 0.882586 0.728563 0.017274 0.021515
0 0.874416 0.760212 0.027077 0.033053
0 0.877918 0.788432 0.010738 0.021515
0 0.866713 0.814312 0.021942 0.031494
0 0.873483 0.851886 0.045752 0.024945
0 0.873716 0.892423 0.025677 0.041160
0 0.796919 0.221703 0.010271 0.052385
0 0.795985 0.264266 0.014939 0.030870
0 0.793417 0.300437 0.044351 0.027128
0 0.796919 0.335672 0.040149 0.032741
0 0.802288 0.357031 0.011671 0.019333
0 0.801821 0.389305 0.038749 0.037730
0 0.793417 0.429217 0.020075 0.019021
0 0.799953 0.470377 0.037815 0.035859
0 0.797152 0.500780 0.017274 0.033053
0 0.798319 0.535859 0.021475 0.027128
0 0.799486 0.566729 0.033147 0.028375
0 0.796919 0.595104 0.022409 0.030246
0 0.800887 0.623168 0.015406 0.017150
0 0.799953 0.654818 0.010738 0.042407
0 0.801587 0.682881 0.053221 0.021204
0 0.795985 0.722794 0.025210 0.041160
0 0.795985 0.767072 0.027077 0.038042
0 0.796685 0.807452 0.020075 0.019021
0 0.809524 0.834892 0.022409 0.025257
0 0.797619 0.861709 0.026611 0.040225
0 0.795752 0.899283 0.053688 0.017462
0 0.719655 0.216090 0.040616 0.039289
0 0.718487 0.251325 0.012138 0.032429
0 0.718721 0.282195 0.051821 0.012473
0 0.716620 0.302775 0.021475 0.026193
0 0.718021 0.334269 0.017740 0.022451
0 0.712418 0.366074 0.042951 0.024322
0 0.716853 0.400374 0.013539 0.030558
0 0.102007 0.253040 0.021008 0.032117
0 0.103641 0.287184 0.024276 0.038042
0 0.719888 0.432024 0.049486 0.030246
0 0.718021 0.468662 0.031746 0.033053
0 0.720822 0.505613 0.045752 0.035235
0 0.719655 0.541472 0.045285 0.027128
0 0.718954 0.581073 0.026144 0.042719
0 0.720822 0.632834 0.040149 0.040848
0 0.718021 0.662769 0.031746 0.012161
0 0.723156 0.694574 0.043884 0.040848
0 0.714753 0.744309 0.041083 0.053633
0 0.715686 0.780168 0.053221 0.034924
0 0.718487 0.809012 0.041083 0.027752
0 0.716853 0.839414 0.045285 0.028064
0 0.715920 0.866698 0.037815 0.022763
0 0.719888 0.896788 0.064426 0.038665
0 0.643324 0.212660 0.015873 0.031805
0 0.638889 0.254287 0.033147 0.037730
0 0.640056 0.282819 0.014006 0.016215
0 0.641923 0.315872 0.051354 0.036171
0 0.643091 0.350639 0.038749 0.040848
0 0.646359 0.389461 0.030345 0.029311
0 0.646592 0.420954 0.018674 0.029311
0 0.642857 0.455098 0.039216 0.028375
0 0.643324 0.487060 0.021475 0.024322
0 0.645191 0.524322 0.016807 0.045214
0 0.639356 0.565326 0.013539 0.039289
0 0.635387 0.600873 0.025210 0.033053
0 0.640289 0.632523 0.043417 0.019021
0 0.643791 0.665108 0.016807 0.034924
0 0.644491 0.703305 0.038749 0.034612
0 0.644258 0.740568 0.050420 0.033676
0 0.640523 0.765825 0.024276 0.034300
0 0.642157 0.803399 0.015406 0.039601
0 0.634921 0.841441 0.024276 0.030870
0 0.639823 0.880418 0.049953 0.034612
0 0.645425 0.907078 0.045285 0.016215
0 0.563725 0.209074 0.048086 0.020892
0 0.563492 0.238385 0.018674 0.031494
0 0.566993 0.282039 0.041550 0.032117
0 0.565359 0.313221 0.029879 0.027752
0 0.562558 0.347365 0.022409 0.036171
0 0.567927 0.380418 0.045285 0.022451
0 0.567694 0.404584 0.028945 0.016526
0 0.569094 0.432959 0.012138 0.039601
0 0.569561 0.471313 0.020542 0.035859
0 0.570962 0.510602 0.014939 0.039601
0 0.565593 0.540848 0.012605 0.020268
0 0.568161 0.572030 0.050420 0.031494
0 0.565126 0.599158 0.019141 0.028999
0 0.567694 0.636420 0.018674 0.033053
0 0.567460 0.667758 0.021942 0.021515
0 0.563725 0.697381 0.025677 0.028375
0 0.561858 0.742127 0.037815 0.041160
0 0.561158 0.775647 0.014939 0.030870
0 0.559757 0.805737 0.045752 0.019956
0 0.569094 0.832242 0.015873 0.026193
0 0.563259 0.862176 0.045285 0.023075
0 0.563259 0.892267 0.029412 0.035859
0 0.485061 0.219676 0.018674 0.044590
0 0.490430 0.264889 0.043417 0.038354
0 0.485994 0.297786 0.042017 0.024322
0 0.492063 0.324447 0.017740 0.024010
0 0.488562 0.357967 0.025677 0.023698
0 0.482026 0.400218 0.040616 0.042095
0 0.483427 0.432180 0.015406 0.034924
0 0.481092 0.462426 0.043417 0.019333
0 0.486695 0.489398 0.021008 0.037730
0 0.483427 0.524478 0.036881 0.038042
0 0.485994 0.562831 0.015873 0.036795
0 0.483894 0.597599 0.021942 0.025881
0 0.484127 0.629560 0.042951 0.034300
0 0.487395 0.661366 0.021475 0.025569
0 0.487395 0.692859 0.012138 0.037418
0 0.484127 0.724197 0.013072 0.023386
0 0.481092 0.756938 0.053688 0.029623
0 0.483427 0.784534 0.049020 0.034300
0 0.486228 0.817275 0.042484 0.030558
0 0.482026 0.852666 0.040616 0.024634
0 0.484827 0.877611 0.042484 0.022139
0 0.489029 0.905051 0.050887 0.017150
0 0.410131 0.212192 0.028478 0.034612
0 0.413165 0.258653 0.028945 0.042095
0 0.411298 0.295603 0.042951 0.024945
0 0.418301 0.321017 0.013072 0.022139
0 0.411064 0.349548 0.021008 0.044278
0 0.414332 0.390708 0.052754 0.016838
0 0.415733 0.410196 0.016340 0.022763
0 0.414099 0.446835 0.064426 0.046149
0 0.412698 0.471625 0.036415 0.035859
0 0.410598 0.509199 0.041550 0.029311
0 0.412698 0.551606 0.058824 0.046149
0 0.408030 0.584035 0.045752 0.026193
0 0.408964 0.617711 0.014006 0.027440
0 0.408964 0.652947 0.052288 0.032429
0 0.411998 0.684128 0.054622 0.025569
0 0.411765 0.709542 0.012138 0.017774
0 0.410831 0.742283 0.053221 0.027128
0 0.407563 0.759588 0.024276 0.025569
0 0.408497 0.789991 0.043884 0.022139
0 0.407096 0.822420 0.027077 0.033365
0 0.407796 0.859682 0.021942 0.034300
0 0.407796 0.897256 0.016340 0.033988
0 0.333333 0.214375 0.047619 0.027128
0 0.336835 0.240256 0.017274 0.024634
0 0.334967 0.269099 0.017274 0.028064
0 0.334967 0.306205 0.034080 0.032429
0 0.334500 0.336140 0.017274 0.023698
0 0.330065 0.371843 0.028011 0.024010
0 0.327498 0.407546 0.036881 0.039289
0 0.326331 0.444496 0.014939 0.030246
0 0.324463 0.471780 0.042951 0.016838
0 0.330299 0.499844 0.015406 0.036795
0 0.327498 0.530402 0.039683 0.018085
0 0.332866 0.566729 0.035481 0.036483
0 0.330065 0.602744 0.045752 0.030558
0 0.331933 0.630496 0.020542 0.021827
0 0.330999 0.665887 0.023343 0.036483
0 0.328898 0.711257 0.022876 0.028687
0 0.332166 0.739164 0.049020 0.018397
0 0.331232 0.766292 0.041550 0.027128
0 0.332166 0.801528 0.037815 0.037106
0 0.332633 0.836452 0.056489 0.031494
0 0.330532 0.868257 0.046685 0.032117
0 0.329599 0.895853 0.032680 0.042407
0 0.257703 0.218584 0.037348 0.044278
0 0.257236 0.258653 0.009337 0.022763
0 0.258170 0.297318 0.022409 0.045837
0 0.257470 0.339102 0.040616 0.023386
0 0.269841 0.362176 0.014006 0.026505
0 0.258403 0.394761 0.018207 0.027440
0 0.256303 0.430621 0.013072 0.038665
0 0.256769 0.463050 0.042017 0.023698
0 0.263539 0.495946 0.048086 0.040848
0 0.267507 0.529935 0.019608 0.032741
0 0.257703 0.557530 0.025210 0.047396
0 0.255135 0.597599 0.038749 0.028375
0 0.256069 0.638291 0.044351 0.038042
0 0.255135 0.670564 0.038749 0.022139
0 0.263072 0.704553 0.053688 0.045214
0 0.254202 0.731525 0.016340 0.017462
0 0.250934 0.760524 0.048086 0.028687
0 0.253501 0.790302 0.019608 0.031494
0 0.251401 0.824291 0.053688 0.013408
0 0.253268 0.840505 0.016340 0.027128
0 0.250000 0.870128 0.026611 0.025257
0 0.253035 0.900530 0.047619 0.034924
0 0.182773 0.211257 0.049953 0.028999
0 0.189776 0.244621 0.017274 0.033988
0 0.194911 0.269099 0.031279 0.013720
0 0.182540 0.296851 0.028945 0.024945
0 0.177638 0.337387 0.029412 0.038042
0 0.183007 0.368725 0.014939 0.015903
0 0.177638 0.396632 0.025677 0.029935
0 0.181139 0.440131 0.025210 0.039601
0 0.184874 0.483474 0.067227 0.048332
0 0.181139 0.510134 0.021475 0.028687
0 0.178805 0.546461 0.036415 0.035859
0 0.179038 0.580449 0.033147 0.027128
0 0.181373 0.613034 0.012605 0.033676
0 0.178571 0.655129 0.021008 0.033676
0 0.175770 0.700655 0.015406 0.044902
0 0.176004 0.757406 0.014939 0.064858
0 0.173436 0.811194 0.036881 0.043343
0 0.174837 0.845027 0.014472 0.026193
0 0.172502 0.886654 0.019141 0.055815
0 0.102007 0.216558 0.021942 0.037106
0 0.100607 0.324602 0.019141 0.033053
0 0.105742 0.359994 0.062092 0.027752
0 0.103175 0.394917 0.015873 0.042095
0 0.106676 0.434362 0.041550 0.026816
0 0.101774 0.466947 0.019608 0.028375
0 0.103408 0.492828 0.009804 0.021515
0 0.100373 0.528220 0.036415 0.036795
0 0.104108 0.563455 0.014939 0.030558
0 0.102474 0.602900 0.023810 0.037730
0 0.098273 0.642189 0.023810 0.037730
0 0.099440 0.685220 0.036415 0.042095
0 0.095238 0.729654 0.040149 0.040536
0 0.098273 0.764577 0.034080 0.028687
0 0.107143 0.801060 0.035014 0.031182
0 0.095005 0.840973 0.036881 0.034300
0 0.096639 0.884627 0.021475 0.052385
1 0.876050 0.103368 0.028478 0.036483
1 0.625584 0.555659 0.135387 0.089804
1 0.640523 0.268631 0.060691 0.048332
1 0.301354 0.119738 0.055556 0.077331
1 0.703782 0.270346 0.077965 0.061740
