0 0.899309 0.198615 0.045622 0.025181
0 0.903687 0.233868 0.018433 0.042808
0 0.906221 0.268964 0.028111 0.056972
0 0.898157 0.309254 0.033180 0.013535
0 0.898387 0.334435 0.014286 0.039975
0 0.897926 0.370947 0.036406 0.033050
0 0.891935 0.399119 0.029032 0.015109
0 0.898848 0.425244 0.015207 0.050362
0 0.894009 0.471829 0.040553 0.035883
0 0.893548 0.506925 0.030415 0.031161
0 0.897005 0.546900 0.044700 0.037457
0 0.899770 0.584042 0.030876 0.023607
0 0.899770 0.610009 0.017051 0.030217
0 0.900691 0.642430 0.016129 0.025811
0 0.898157 0.670916 0.011060 0.040604
0 0.895853 0.707743 0.017512 0.026125
0 0.897696 0.746459 0.049770 0.038086
0 0.898618 0.779824 0.012903 0.032421
0 0.898848 0.829241 0.026267 0.046900
0 0.900922 0.883695 0.021198 0.059490
0 0.816590 0.196884 0.039631 0.024866
0 0.821429 0.231822 0.049309 0.029273
0 0.823502 0.264715 0.038710 0.029588
0 0.818894 0.306736 0.028571 0.039975
0 0.819585 0.346396 0.040092 0.031791
0 0.827419 0.379289 0.037327 0.025811
0 0.824885 0.414227 0.040553 0.028329
0 0.818433 0.447592 0.041475 0.031476
0 0.821198 0.483947 0.040553 0.035568
0 0.830415 0.510545 0.016590 0.017627
0 0.821889 0.537614 0.041014 0.024551
0 0.820046 0.569720 0.038249 0.027070
0 0.820046 0.603714 0.027189 0.035253
0 0.822811 0.642745 0.022581 0.042808
0 0.820046 0.676739 0.053917 0.042178
0 0.817742 0.714983 0.017972 0.023607
0 0.824654 0.738590 0.051152 0.019830
0 0.822811 0.758105 0.037327 0.027384
0 0.824424 0.797765 0.057143 0.048788
0 0.821889 0.828769 0.041935 0.030847
0 0.818433 0.863393 0.025806 0.034624
0 0.819124 0.899276 0.045622 0.031476
0 0.746544 0.197828 0.039631 0.026125
0 0.744931 0.241108 0.023502 0.043437
0 0.748387 0.286434 0.022120 0.043437
0 0.745853 0.327353 0.024424 0.034624
0 0.751843 0.367800 0.052074 0.027384
0 0.754378 0.376928 0.028571 0.019830
0 0.744240 0.409821 0.029493 0.034624
0 0.744470 0.446176 0.015207 0.039345
0 0.746083 0.478596 0.017512 0.036827
0 0.742166 0.519987 0.024424 0.028329
0 0.747005 0.553510 0.026728 0.034939
0 0.743548 0.598521 0.028111 0.043752
0 0.754378 0.685710 0.028571 0.024866
0 0.747005 0.719075 0.018433 0.038086
0 0.743088 0.757633 0.035484 0.033365
0 0.750691 0.796034 0.017512 0.042178
0 0.748157 0.839156 0.055760 0.034624
0 0.739401 0.869531 0.033641 0.031791
0 0.742857 0.897860 0.015668 0.024866
0 0.670968 0.200661 0.049770 0.028643
0 0.669585 0.226157 0.025806 0.009758
0 0.673041 0.250708 0.035484 0.031791
0 0.670737 0.281870 0.018894 0.022978
0 0.668664 0.317595 0.012903 0.036512
0 0.669585 0.350645 0.046083 0.029588
0 0.672811 0.380548 0.030415 0.024551
0 0.676267 0.414699 0.050230 0.035568
0 0.675576 0.449166 0.014747 0.041549
0 0.674194 0.482688 0.042396 0.025496
0 0.672811 0.514322 0.012903 0.032106
0 0.676037 0.551464 0.038710 0.028958
0 0.669585 0.584671 0.018433 0.025496
0 0.670968 0.624489 0.013825 0.049103
0 0.668433 0.659742 0.018894 0.022033
0 0.670276 0.695153 0.030876 0.031161
0 0.674885 0.729304 0.027189 0.028329
0 0.672811 0.766289 0.027650 0.028643
0 0.670507 0.802801 0.027650 0.041863
0 0.675576 0.838055 0.012903 0.018571
0 0.675576 0.864652 0.026728 0.030217
0 0.669585 0.898017 0.026728 0.033365
0 0.599770 0.193421 0.050230 0.014794
0 0.598848 0.222537 0.043779 0.026440
0 0.601152 0.258263 0.039171 0.031791
0 0.599309 0.302959 0.018894 0.030532
0 0.599539 0.342776 0.022120 0.024551
0 0.594009 0.385427 0.038710 0.039975
0 0.598387 0.417060 0.032719 0.015738
0 0.605991 0.440982 0.014747 0.049103
0 0.592857 0.472301 0.025346 0.037457
0 0.594700 0.508341 0.028111 0.030217
0 0.594240 0.539975 0.026267 0.024866
0 0.593548 0.573812 0.036866 0.033994
0 0.597696 0.605131 0.047926 0.027384
0 0.592627 0.638653 0.014747 0.033994
0 0.593779 0.671231 0.017051 0.036198
0 0.594700 0.714038 0.019816 0.029273
0 0.597005 0.753384 0.023502 0.041863
0 0.596774 0.790840 0.044240 0.031161
0 0.595853 0.818225 0.018433 0.033050
0 0.598387 0.852062 0.039171 0.024551
0 0.602765 0.892194 0.038710 0.039345
0 0.520046 0.192635 0.012442 0.017627
0 0.520737 0.222380 0.015668 0.041863
0 0.520507 0.323733 0.017051 0.026125
0 0.518203 0.353793 0.047465 0.026440
0 0.527189 0.388889 0.050691 0.036198
0 0.524194 0.429493 0.026267 0.048159
0 0.523502 0.462071 0.012903 0.016368
0 0.527189 0.491659 0.058065 0.039660
0 0.521889 0.526912 0.042857 0.029588
0 0.520046 0.563897 0.014286 0.034939
0 0.525115 0.600094 0.049309 0.037457
0 0.522120 0.640541 0.026728 0.042808
0 0.525806 0.671231 0.016590 0.030532
0 0.521198 0.708215 0.014747 0.045326
0 0.517512 0.752597 0.024885 0.036512
0 0.518203 0.865282 0.037327 0.036512
0 0.522581 0.897702 0.014747 0.025811
0 0.444470 0.198300 0.017051 0.037771
0 0.440783 0.239692 0.020737 0.028014
0 0.449078 0.274788 0.054839 0.036512
0 0.451152 0.299182 0.047005 0.018571
0 0.444470 0.323576 0.042857 0.020774
0 0.448157 0.351117 0.016129 0.045641
0 0.443779 0.387630 0.040553 0.019830
0 0.442627 0.416116 0.031797 0.032106
0 0.440323 0.453258 0.017972 0.040290
0 0.439401 0.486308 0.039171 0.025811
0 0.441244 0.521719 0.038249 0.032421
0 0.437327 0.559490 0.035023 0.030532
0 0.444700 0.594271 0.046083 0.032106
0 0.441935 0.624174 0.023963 0.035883
0 0.443088 0.651715 0.017051 0.027384
0 0.446774 0.693107 0.046544 0.039660
0 0.440092 0.726944 0.038710 0.019201
0 0.450691 0.745357 0.012903 0.032735
0 0.454147 0.775574 0.029032 0.027070
0 0.441705 0.807208 0.044700 0.030532
0 0.447005 0.838527 0.021198 0.028958
0 0.449078 0.873151 0.052995 0.036512
0 0.450000 0.898647 0.017051 0.035253
0 0.372350 0.194995 0.045161 0.026755
0 0.370507 0.236859 0.046083 0.055083
0 0.379493 0.292572 0.028111 0.046270
0 0.367742 0.336481 0.041475 0.037142
0 0.367742 0.379131 0.038710 0.038086
0 0.371889 0.415644 0.046083 0.030532
0 0.370507 0.453100 0.054378 0.039345
0 0.368433 0.485836 0.020737 0.028014
0 0.370507 0.523607 0.018433 0.039975
0 0.370737 0.565156 0.017051 0.042493
0 0.744470 0.632200 0.023502 0.017941
0 0.750230 0.656280 0.019355 0.030847
0 0.518894 0.790211 0.012903 0.023607
0 0.518433 0.819641 0.018433 0.034624
0 0.519816 0.256059 0.018433 0.019201
0 0.522811 0.287850 0.016129 0.043752
0 0.368894 0.604029 0.017972 0.030847
0 0.369355 0.644004 0.019816 0.042178
0 0.367742 0.678785 0.017512 0.024866
0 0.361290 0.707586 0.039631 0.031476
0 0.364055 0.742367 0.011060 0.032421
0 0.366129 0.775417 0.036406 0.033050
0 0.368433 0.811772 0.019816 0.046585
0 0.370507 0.858042 0.058065 0.039660
0 0.364516 0.897230 0.038710 0.036827
0 0.292166 0.197356 0.036866 0.030847
0 0.299078 0.228045 0.031336 0.024237
0 0.294700 0.266132 0.013364 0.042493
0 0.292166 0.293044 0.020276 0.052880
0 0.290092 0.335851 0.041014 0.029588
0 0.291475 0.375354 0.036406 0.035568
0 0.295622 0.403840 0.011521 0.020145
0 0.293779 0.435946 0.017972 0.028329
0 0.288940 0.471829 0.016590 0.036512
0 0.292857 0.510545 0.041014 0.040919
0 0.290783 0.545168 0.019355 0.021404
0 0.289631 0.577589 0.042857 0.027699
0 0.293318 0.619452 0.018894 0.048473
0 0.290323 0.658955 0.029493 0.031791
0 0.290783 0.699717 0.016590 0.041549
0 0.294240 0.732452 0.051152 0.018256
0 0.288249 0.755115 0.038249 0.024551
0 0.299309 0.788322 0.050230 0.036198
0 0.290783 0.822789 0.039631 0.032735
0 0.293548 0.857727 0.015668 0.027070
0 0.290092 0.895342 0.043779 0.033680
0 0.219355 0.198772 0.018433 0.033050
0 0.222120 0.226472 0.024885 0.011646
0 0.218664 0.254485 0.044700 0.028014
0 0.220276 0.295719 0.027650 0.042493
0 0.218664 0.331760 0.053917 0.032735
0 0.218664 0.365124 0.016129 0.038401
0 0.214747 0.406516 0.012903 0.038716
0 0.215207 0.444444 0.048848 0.037771
0 0.216590 0.482531 0.020276 0.034624
0 0.219124 0.525338 0.015207 0.050992
0 0.216820 0.581523 0.027189 0.061379
0 0.217051 0.626849 0.053456 0.028643
0 0.216590 0.662575 0.015668 0.042178
0 0.222350 0.692792 0.041935 0.028329
0 0.220507 0.721750 0.016129 0.017627
0 0.215668 0.749449 0.028571 0.037771
0 0.222120 0.792886 0.035023 0.040290
0 0.219585 0.842147 0.015207 0.056972
1 0.358756 0.754171 0.096313 0.069877
1 0.216590 0.761253 0.137327 0.085930
1 0.657373 0.264873 0.088018 0.058861
1 0.357604 0.394082 0.095853 0.066100
1 0.583871 0.761410 0.129954 0.088763
