0 0.891829 0.198222 0.036212 0.041485
0 0.902739 0.238303 0.034819 0.038677
0 0.892293 0.275265 0.040854 0.027137
0 0.892293 0.316126 0.023213 0.045852
0 0.894615 0.349345 0.028784 0.014972
0 0.895775 0.385527 0.028319 0.043668
0 0.894383 0.422957 0.014392 0.024953
0 0.898793 0.458983 0.052925 0.035870
0 0.894847 0.492514 0.041318 0.026201
0 0.893918 0.525733 0.030176 0.036494
0 0.898097 0.565190 0.017177 0.042420
0 0.899025 0.608391 0.019963 0.038989
0 0.900882 0.648004 0.058960 0.037118
0 0.896240 0.678727 0.040390 0.028696
0 0.898097 0.710543 0.013463 0.029944
0 0.901578 0.736276 0.040854 0.024641
0 0.902275 0.759669 0.036676 0.025265
0 0.893686 0.790393 0.015785 0.020586
0 0.890669 0.818465 0.040390 0.025577
0 0.897632 0.849033 0.032033 0.028696
0 0.895079 0.882564 0.025070 0.033999
0 0.819870 0.204928 0.064067 0.048659
0 0.815692 0.230193 0.038997 0.026201
0 0.818013 0.263724 0.045497 0.038366
0 0.820566 0.298035 0.014392 0.025265
0 0.818942 0.320181 0.013928 0.020274
0 0.815460 0.353712 0.021820 0.043044
0 0.823352 0.383500 0.054318 0.029008
0 0.817084 0.413288 0.035283 0.029320
0 0.815692 0.443543 0.035283 0.023706
0 0.825673 0.478790 0.047818 0.041173
0 0.817084 0.512165 0.021356 0.039925
0 0.818013 0.549283 0.014856 0.037430
0 0.819406 0.584061 0.038069 0.032127
0 0.822423 0.612289 0.034819 0.023706
0 0.815692 0.641142 0.038997 0.030256
0 0.820566 0.671397 0.015320 0.027760
0 0.817549 0.708827 0.012071 0.043356
0 0.819406 0.744074 0.041783 0.025889
0 0.824977 0.769183 0.014856 0.020586
0 0.822656 0.795228 0.037140 0.027137
0 0.827530 0.828291 0.032033 0.029008
0 0.823120 0.868840 0.012999 0.050842
0 0.136490 0.529008 0.016713 0.019339
0 0.136258 0.555365 0.019034 0.033999
0 0.740715 0.196663 0.033890 0.038366
0 0.738626 0.243762 0.011142 0.031503
0 0.739786 0.272302 0.021820 0.030568
0 0.743036 0.308172 0.014392 0.042420
0 0.735144 0.343263 0.015320 0.019651
0 0.747214 0.376170 0.052461 0.041797
0 0.744661 0.410636 0.014856 0.040237
0 0.742108 0.450250 0.044104 0.023394
0 0.742108 0.483624 0.018106 0.043356
0 0.743500 0.527137 0.036676 0.036806
0 0.742108 0.566438 0.045961 0.032439
0 0.745822 0.607143 0.030176 0.045228
0 0.741876 0.647068 0.045497 0.025265
0 0.752321 0.671397 0.013463 0.043980
0 0.744661 0.706800 0.012071 0.025577
0 0.745125 0.740175 0.034355 0.037430
0 0.745590 0.775265 0.031569 0.035870
0 0.746750 0.819401 0.015320 0.051154
0 0.668292 0.290237 0.038533 0.044604
0 0.666899 0.332190 0.036676 0.038054
0 0.664578 0.372583 0.037604 0.047099
0 0.663649 0.412196 0.015320 0.030256
0 0.671309 0.454772 0.049211 0.039301
0 0.666202 0.496881 0.037140 0.037430
0 0.669220 0.543512 0.008821 0.055833
0 0.666667 0.579850 0.017642 0.036806
0 0.674791 0.607767 0.033890 0.017155
0 0.669220 0.636931 0.048747 0.031192
0 0.666202 0.665783 0.040854 0.025265
0 0.666202 0.700405 0.019499 0.043980
0 0.666435 0.735808 0.037604 0.029944
0 0.668756 0.774641 0.039461 0.037742
0 0.665970 0.793356 0.024605 0.029632
0 0.671773 0.829850 0.041783 0.035246
0 0.670149 0.859794 0.039461 0.023394
0 0.666435 0.884279 0.045961 0.025577
0 0.588672 0.201965 0.025998 0.042109
0 0.588904 0.236588 0.012535 0.020274
0 0.595404 0.269495 0.042247 0.043668
0 0.595868 0.307236 0.024605 0.043044
0 0.595868 0.340611 0.037604 0.026201
0 0.595868 0.378041 0.037604 0.045540
0 0.588440 0.414067 0.039461 0.029632
0 0.595404 0.442764 0.018106 0.026513
0 0.599118 0.477698 0.053389 0.027137
0 0.589369 0.497661 0.017177 0.033375
0 0.592386 0.539145 0.045497 0.039613
0 0.597493 0.579850 0.018570 0.028696
0 0.592386 0.603712 0.011142 0.018403
0 0.594011 0.638022 0.038533 0.027137
0 0.595868 0.663288 0.017177 0.022146
0 0.593547 0.694167 0.045961 0.036494
0 0.592386 0.733780 0.026927 0.042732
0 0.594243 0.767467 0.055710 0.030256
0 0.591458 0.795228 0.041783 0.026513
0 0.594475 0.817998 0.015320 0.017155
0 0.592851 0.842795 0.024141 0.032439
0 0.596332 0.879601 0.025534 0.037430
0 0.511374 0.198378 0.024605 0.036182
0 0.514624 0.230037 0.041318 0.019027
0 0.518106 0.251404 0.018570 0.023706
0 0.523909 0.285870 0.029248 0.043980
0 0.513928 0.331878 0.025998 0.039301
0 0.515320 0.374766 0.046425 0.031503
0 0.527391 0.410636 0.019499 0.042109
0 0.514392 0.442140 0.016713 0.040861
0 0.511838 0.474267 0.035747 0.020898
0 0.522981 0.505770 0.058960 0.023394
0 0.525302 0.520119 0.032962 0.033999
0 0.511606 0.553961 0.025070 0.034934
0 0.514624 0.602308 0.037604 0.053649
0 0.520659 0.641921 0.015320 0.019339
0 0.525070 0.674049 0.041783 0.039301
0 0.516249 0.716313 0.015785 0.043356
0 0.513928 0.752807 0.048282 0.032127
0 0.518802 0.786182 0.015320 0.034623
0 0.509285 0.817062 0.028784 0.025265
0 0.517409 0.852620 0.058032 0.041485
0 0.525998 0.878509 0.035283 0.033999
0 0.433844 0.191516 0.045961 0.025577
0 0.440111 0.216625 0.015785 0.045852
0 0.436862 0.255459 0.015785 0.031815
0 0.439415 0.298815 0.040390 0.037430
0 0.437558 0.336245 0.039461 0.034934
0 0.437326 0.368996 0.030641 0.029944
0 0.436397 0.407829 0.006500 0.036494
0 0.438951 0.448534 0.046890 0.035558
0 0.443593 0.481285 0.050604 0.036806
0 0.438254 0.517155 0.040854 0.029320
0 0.441504 0.553649 0.051996 0.041797
0 0.438719 0.597318 0.051996 0.038677
0 0.440808 0.638958 0.047818 0.035870
0 0.438951 0.677168 0.058960 0.033063
0 0.438951 0.706800 0.042247 0.023706
0 0.440808 0.749064 0.049675 0.051466
0 0.439183 0.794760 0.023213 0.039301
0 0.449861 0.839988 0.056639 0.051154
0 0.445450 0.883344 0.025534 0.031815
0 0.363974 0.188397 0.014856 0.026825
0 0.359796 0.217873 0.017642 0.032127
0 0.360724 0.257798 0.038997 0.034623
0 0.357707 0.284934 0.019963 0.037118
0 0.363742 0.318309 0.020891 0.032127
0 0.358867 0.355271 0.010214 0.046163
0 0.360260 0.388490 0.013928 0.017155
0 0.354921 0.417498 0.024605 0.038989
0 0.361885 0.456176 0.024605 0.038366
0 0.360724 0.484716 0.047354 0.026825
0 0.364438 0.511073 0.014856 0.022146
0 0.363045 0.541641 0.012999 0.032751
0 0.361885 0.571740 0.027391 0.026201
0 0.363045 0.600281 0.042711 0.020898
0 0.362813 0.621179 0.024605 0.040861
0 0.364206 0.655802 0.015320 0.029632
0 0.364670 0.689800 0.018106 0.031503
0 0.361653 0.733936 0.021356 0.035558
0 0.363742 0.775421 0.038533 0.034934
0 0.362349 0.802714 0.031105 0.014660
0 0.362349 0.827823 0.015320 0.038054
0 0.360956 0.857455 0.017177 0.026825
0 0.366527 0.887399 0.033890 0.014348
0 0.282730 0.202745 0.010214 0.048035
0 0.278319 0.246101 0.013463 0.039301
0 0.280873 0.285246 0.010214 0.028384
0 0.281337 0.327979 0.022284 0.043356
0 0.281337 0.370243 0.040854 0.029944
0 0.289229 0.400187 0.016713 0.033063
0 0.282266 0.432002 0.022284 0.024329
0 0.283194 0.464442 0.033426 0.029320
0 0.283426 0.496101 0.026462 0.030880
0 0.281337 0.532127 0.038069 0.018715
0 0.288997 0.552558 0.013463 0.022146
0 0.286212 0.578915 0.008821 0.033687
0 0.282266 0.613537 0.013928 0.033687
0 0.288765 0.647692 0.023213 0.034623
0 0.285283 0.684186 0.018106 0.037118
0 0.282033 0.722084 0.026462 0.041173
0 0.292711 0.758266 0.049675 0.037430
0 0.287604 0.795384 0.032033 0.032439
0 0.288069 0.830318 0.015320 0.035558
0 0.285051 0.877105 0.010214 0.046787
0 0.204039 0.194167 0.041318 0.032127
0 0.206360 0.229570 0.040390 0.020586
0 0.216342 0.267935 0.050139 0.039925
0 0.213556 0.305833 0.010214 0.050218
0 0.207985 0.344042 0.037140 0.018091
0 0.214020 0.363069 0.053853 0.023706
0 0.211003 0.385215 0.020891 0.023706
0 0.208449 0.419838 0.018570 0.027449
0 0.212860 0.459295 0.043175 0.041485
0 0.212163 0.505926 0.026927 0.047411
0 0.210306 0.549595 0.053853 0.035558
0 0.209842 0.586556 0.033426 0.037118
0 0.209842 0.626014 0.019499 0.029944
0 0.207521 0.657829 0.021356 0.032439
0 0.209610 0.695103 0.042247 0.040237
0 0.212860 0.727230 0.022748 0.025889
0 0.212860 0.757954 0.022748 0.031192
0 0.213324 0.791329 0.016249 0.034311
0 0.212860 0.829226 0.019963 0.026513
0 0.202878 0.860106 0.044568 0.032127
0 0.220752 0.891142 0.058032 0.018715
0 0.126277 0.197910 0.023213 0.042109
0 0.130687 0.229726 0.009749 0.017779
0 0.125116 0.255926 0.026462 0.034623
0 0.139508 0.292888 0.038533 0.033687
0 0.133473 0.333281 0.033890 0.035870
0 0.128598 0.383032 0.031569 0.044916
0 0.133473 0.428104 0.042247 0.038366
0 0.127205 0.471772 0.036212 0.047723
0 0.135794 0.501871 0.039461 0.028696
0 0.136026 0.582969 0.031569 0.033687
0 0.138347 0.620867 0.023213 0.022770
0 0.138579 0.652838 0.019034 0.027449
0 0.138812 0.677480 0.026927 0.014348
0 0.138579 0.700717 0.035747 0.031503
0 0.138347 0.730037 0.040854 0.023394
0 0.137651 0.757174 0.029248 0.027137
0 0.129759 0.796631 0.027391 0.032439
0 0.144383 0.819245 0.058496 0.027760
0 0.136490 0.827667 0.029712 0.027760
0 0.144383 0.858235 0.039926 0.030256
0 0.139276 0.887711 0.039926 0.026825
1 0.496518 0.609482 0.072888 0.086089
1 0.582869 0.092795 0.034819 0.043980
1 0.352832 0.257018 0.036212 0.042420
1 0.743733 0.389426 0.064067 0.075795
1 0.561978 0.773706 0.038533 0.049595
