0 0.901458 0.196300 0.034337 0.034494
0 0.902634 0.232048 0.019755 0.029476
0 0.900282 0.272186 0.047977 0.036375
0 0.902164 0.313578 0.041392 0.040138
0 0.907338 0.355911 0.058325 0.042019
0 0.904280 0.395108 0.017404 0.030103
0 0.909219 0.434933 0.042333 0.030731
0 0.906162 0.470367 0.029633 0.030731
0 0.907103 0.502038 0.031515 0.028222
0 0.908749 0.526341 0.015052 0.016620
0 0.910630 0.550329 0.031985 0.027595
0 0.910865 0.584509 0.013641 0.039511
0 0.904280 0.624804 0.026811 0.032299
0 0.907808 0.718407 0.036689 0.031358
0 0.908749 0.755252 0.020696 0.042333
0 0.906632 0.786297 0.028692 0.019755
0 0.904751 0.809345 0.018344 0.026341
0 0.902399 0.839448 0.047507 0.030103
0 0.908984 0.866573 0.042803 0.022264
0 0.908984 0.894795 0.014581 0.030417
0 0.833490 0.198652 0.053622 0.032299
0 0.827375 0.234870 0.019755 0.026968
0 0.824788 0.261210 0.040922 0.015679
0 0.827140 0.291000 0.019285 0.035748
0 0.825964 0.320790 0.019755 0.022578
0 0.832549 0.353873 0.052681 0.043587
0 0.830198 0.394951 0.033866 0.034180
0 0.830668 0.432738 0.019755 0.041392
0 0.825259 0.470994 0.041863 0.025713
0 0.824788 0.498432 0.015522 0.027908
0 0.835842 0.526184 0.028222 0.019442
0 0.826670 0.553622 0.035278 0.030417
0 0.831609 0.585764 0.017874 0.023832
0 0.830433 0.614770 0.058796 0.030417
0 0.825024 0.652242 0.028222 0.036375
0 0.829022 0.690028 0.023048 0.039197
0 0.826199 0.727814 0.044685 0.021950
0 0.832785 0.761681 0.016463 0.047664
0 0.825024 0.811226 0.013170 0.039511
0 0.827140 0.850894 0.036218 0.022891
0 0.836077 0.883506 0.054092 0.035434
0 0.747648 0.193948 0.019285 0.023518
0 0.745296 0.220445 0.015522 0.026968
0 0.753528 0.255096 0.047977 0.036689
0 0.755409 0.279712 0.044214 0.015679
0 0.748824 0.304014 0.042333 0.017874
0 0.750941 0.329257 0.023048 0.036375
0 0.750706 0.368768 0.039511 0.034494
0 0.753763 0.401693 0.012700 0.028849
0 0.751881 0.447789 0.023048 0.043274
0 0.759878 0.491377 0.033396 0.026341
0 0.750941 0.533082 0.047507 0.038884
0 0.751646 0.566322 0.041392 0.023832
0 0.750706 0.598463 0.033866 0.029163
0 0.750470 0.635152 0.015522 0.039197
0 0.750470 0.668078 0.038100 0.027908
0 0.753528 0.697868 0.047037 0.024773
0 0.755644 0.732048 0.039981 0.042960
0 0.750941 0.768423 0.019285 0.027281
0 0.749765 0.797899 0.015052 0.027908
0 0.755174 0.831295 0.046566 0.025713
0 0.751881 0.861869 0.030574 0.025400
0 0.752117 0.890248 0.012230 0.031358
0 0.674271 0.191910 0.052211 0.024459
0 0.674271 0.228128 0.019285 0.039824
0 0.675212 0.265287 0.035278 0.034494
0 0.675682 0.305268 0.017404 0.043587
0 0.673095 0.337410 0.026341 0.020696
0 0.675917 0.368297 0.017874 0.041079
0 0.671449 0.410787 0.045626 0.043274
0 0.675447 0.449514 0.019755 0.026654
0 0.668627 0.481029 0.039040 0.026341
0 0.675682 0.513641 0.038100 0.034494
0 0.672625 0.546410 0.036689 0.035434
0 0.673330 0.575415 0.018344 0.032612
0 0.679680 0.606303 0.045155 0.021637
0 0.674036 0.642208 0.031985 0.038257
0 0.674506 0.677955 0.013170 0.023205
0 0.672860 0.714487 0.021167 0.038570
0 0.673801 0.748981 0.062559 0.042333
0 0.678034 0.791784 0.030574 0.046410
0 0.675212 0.838821 0.045626 0.033239
0 0.681326 0.884133 0.040922 0.042960
0 0.600659 0.192850 0.015992 0.020696
0 0.600659 0.225463 0.021637 0.044528
0 0.601364 0.266071 0.047507 0.027908
0 0.602070 0.299937 0.041392 0.022264
0 0.601834 0.330668 0.017404 0.038570
0 0.599012 0.370963 0.037159 0.035748
0 0.597131 0.404516 0.046566 0.028222
0 0.604892 0.442772 0.017874 0.043901
0 0.596896 0.485262 0.025400 0.036061
0 0.594544 0.513013 0.050800 0.019442
0 0.596190 0.536375 0.031515 0.012857
0 0.593368 0.557071 0.020226 0.024146
0 0.597366 0.595641 0.043274 0.037316
0 0.599483 0.620100 0.013641 0.015992
0 0.595014 0.647852 0.029163 0.039511
0 0.598307 0.688460 0.025400 0.041706
0 0.597366 0.726560 0.037629 0.029476
0 0.605127 0.757761 0.033396 0.032926
0 0.595014 0.793195 0.056444 0.037943
0 0.596660 0.820790 0.029633 0.026027
0 0.601834 0.855441 0.048448 0.042019
0 0.591722 0.889464 0.031044 0.032926
0 0.520226 0.191126 0.014111 0.017874
0 0.521872 0.220759 0.017404 0.041392
0 0.519285 0.269050 0.012230 0.053935
0 0.520461 0.372060 0.048448 0.017247
0 0.522342 0.400596 0.025870 0.033553
0 0.518815 0.441047 0.019755 0.024773
0 0.523048 0.476325 0.054563 0.036375
0 0.521402 0.507683 0.029633 0.030103
0 0.525635 0.543117 0.039981 0.039511
0 0.520226 0.585920 0.011289 0.034807
0 0.521872 0.611791 0.013641 0.019442
0 0.523048 0.643148 0.021637 0.030731
0 0.521167 0.675604 0.024459 0.024773
0 0.519755 0.706805 0.054563 0.028222
0 0.519520 0.740671 0.048448 0.030731
0 0.522578 0.774067 0.021637 0.036689
0 0.523283 0.814205 0.046566 0.026027
0 0.519755 0.848071 0.032926 0.036061
0 0.519991 0.888680 0.052211 0.035748
0 0.456726 0.191596 0.034807 0.019442
0 0.443086 0.220445 0.027281 0.038257
0 0.445437 0.252587 0.012230 0.017874
0 0.447789 0.277516 0.020696 0.031985
0 0.444026 0.319693 0.010348 0.049859
0 0.442145 0.373001 0.024459 0.048605
0 0.441439 0.415177 0.034337 0.033866
0 0.449436 0.454531 0.032455 0.044842
0 0.439323 0.488868 0.042333 0.023832
0 0.440734 0.513641 0.017874 0.038257
0 0.450376 0.560991 0.035278 0.037629
0 0.440734 0.595484 0.041392 0.020696
0 0.448965 0.630919 0.048448 0.041392
0 0.439793 0.676074 0.010348 0.046410
0 0.439087 0.711979 0.045626 0.024146
0 0.445673 0.733616 0.053151 0.026027
0 0.444026 0.755880 0.019755 0.024773
0 0.436971 0.784102 0.022578 0.026027
0 0.440734 0.819536 0.046096 0.037316
0 0.436736 0.853089 0.044685 0.028536
0 0.445437 0.888680 0.014111 0.042647
0 0.360771 0.203512 0.027281 0.047664
0 0.364770 0.245375 0.045626 0.024146
0 0.362888 0.279712 0.021167 0.037002
0 0.359125 0.325180 0.034337 0.037629
0 0.364299 0.362966 0.034337 0.032926
0 0.367357 0.401380 0.015052 0.043901
0 0.363829 0.440420 0.038100 0.040452
0 0.369238 0.475854 0.060207 0.021637
0 0.365475 0.488398 0.012230 0.025400
0 0.362418 0.525086 0.021167 0.044214
0 0.361242 0.569301 0.049859 0.036689
0 0.373001 0.601913 0.037629 0.042333
0 0.364064 0.639856 0.031985 0.029790
0 0.363358 0.681091 0.017404 0.040765
0 0.366181 0.715428 0.023989 0.029790
0 0.361712 0.752587 0.038570 0.044528
0 0.364534 0.787865 0.016933 0.024773
0 0.366651 0.820790 0.028692 0.041079
0 0.367592 0.866886 0.010818 0.051113
0 0.372060 0.898244 0.031044 0.020383
0 0.285042 0.204139 0.063029 0.043901
0 0.517639 0.310285 0.019285 0.024146
0 0.516463 0.340232 0.019755 0.035748
0 0.907573 0.653810 0.018344 0.025713
0 0.908278 0.683913 0.019755 0.033866
0 0.289981 0.224365 0.026811 0.019128
0 0.279163 0.251333 0.016463 0.034807
0 0.283631 0.281907 0.047977 0.037629
0 0.284337 0.314832 0.039040 0.043274
0 0.281750 0.352305 0.021637 0.033553
0 0.285983 0.388837 0.049859 0.035748
0 0.285748 0.415020 0.018344 0.024773
0 0.285278 0.445281 0.034337 0.031358
0 0.281044 0.480401 0.018344 0.022578
0 0.287394 0.515679 0.038570 0.032926
0 0.283631 0.549075 0.047977 0.028222
0 0.293979 0.584509 0.015992 0.042019
0 0.284572 0.601129 0.014111 0.050800
0 0.288335 0.645030 0.045155 0.025713
0 0.287865 0.674349 0.047037 0.012857
0 0.287394 0.702571 0.044214 0.022891
0 0.282926 0.747570 0.022107 0.048918
0 0.289981 0.782847 0.056914 0.021637
0 0.288100 0.804014 0.038100 0.024459
0 0.287394 0.837096 0.047037 0.027908
0 0.285748 0.869552 0.044685 0.037002
0 0.294214 0.897617 0.043744 0.024146
0 0.216369 0.200376 0.037629 0.029476
0 0.205550 0.234556 0.018815 0.038257
0 0.204139 0.274694 0.042333 0.032612
0 0.203434 0.313892 0.043744 0.035748
0 0.202728 0.348542 0.035748 0.032926
0 0.205315 0.383663 0.040922 0.036061
0 0.206491 0.417372 0.032926 0.030103
0 0.209784 0.453747 0.047977 0.015679
0 0.210019 0.481656 0.019285 0.045155
0 0.209313 0.524773 0.030103 0.035434
0 0.204610 0.561461 0.018815 0.037943
0 0.203198 0.601129 0.033866 0.036375
0 0.213547 0.639542 0.039511 0.032299
0 0.205550 0.662747 0.015052 0.027281
0 0.208137 0.697084 0.045626 0.033239
0 0.213782 0.724679 0.017404 0.020069
0 0.214017 0.745688 0.007526 0.018815
0 0.211900 0.767952 0.017404 0.025713
0 0.210019 0.806366 0.044685 0.026654
0 0.212371 0.841016 0.017404 0.049545
0 0.211430 0.889150 0.024929 0.033553
0 0.133819 0.194575 0.054092 0.028536
0 0.133584 0.231264 0.015052 0.040452
0 0.130292 0.271402 0.046096 0.036689
0 0.142521 0.301348 0.017874 0.023832
0 0.128410 0.321104 0.026341 0.031985
0 0.131938 0.355127 0.016463 0.036061
0 0.132173 0.383663 0.035748 0.014111
0 0.136642 0.402164 0.014581 0.021637
0 0.134055 0.429131 0.030103 0.026027
0 0.131938 0.458294 0.020226 0.032926
0 0.131703 0.496551 0.022578 0.022891
0 0.134290 0.527595 0.043744 0.026654
0 0.130997 0.560364 0.043744 0.038884
0 0.142051 0.599718 0.038570 0.039824
0 0.133114 0.649577 0.032926 0.041079
0 0.135936 0.691596 0.042333 0.038570
0 0.131703 0.724365 0.039511 0.024459
0 0.131938 0.755566 0.041863 0.031671
0 0.138523 0.786610 0.041863 0.031671
0 0.133584 0.819536 0.030103 0.031671
0 0.145108 0.850580 0.033396 0.031671
0 0.138993 0.878802 0.020226 0.021010
0 0.140169 0.902791 0.023518 0.026968
1 0.583020 0.294293 0.051270 0.046723
1 0.158278 0.174349 0.111477 0.071496
1 0.707667 0.130919 0.051270 0.061775
1 0.626529 0.786140 0.093133 0.062088
1 0.218721 0.181718 0.066792 0.063656
