0 0.872540 0.192933 0.023430 0.023765
0 0.877460 0.234209 0.039831 0.040650
0 0.874883 0.270951 0.014058 0.039087
0 0.873946 0.300813 0.018744 0.025016
0 0.873711 0.329268 0.042643 0.022514
0 0.870431 0.355378 0.022024 0.022827
0 0.872306 0.384146 0.030459 0.032833
0 0.874180 0.424015 0.021087 0.038149
0 0.872540 0.460600 0.032802 0.036898
0 0.871368 0.496560 0.015464 0.027517
0 0.868088 0.531426 0.043580 0.023452
0 0.873946 0.561288 0.017807 0.020638
0 0.876523 0.591932 0.040769 0.027517
0 0.871837 0.627111 0.019213 0.035335
0 0.874649 0.661507 0.014527 0.018449
0 0.876289 0.688868 0.046860 0.023765
0 0.873243 0.719356 0.037957 0.025328
0 0.879803 0.741557 0.010778 0.019074
0 0.873946 0.765791 0.027179 0.029393
0 0.876523 0.801126 0.043580 0.022514
0 0.878163 0.839431 0.041237 0.039712
0 0.883083 0.878049 0.021087 0.051907
0 0.804124 0.193871 0.030928 0.023139
0 0.795689 0.220138 0.051546 0.028143
0 0.806701 0.255316 0.018276 0.041588
0 0.799203 0.290963 0.022962 0.026579
0 0.799672 0.320669 0.023899 0.037211
0 0.799438 0.356004 0.039363 0.024703
0 0.810450 0.401814 0.058575 0.037523
0 0.809513 0.426986 0.016401 0.045966
0 0.801078 0.469199 0.034208 0.034084
0 0.797563 0.504534 0.029991 0.029081
0 0.799438 0.537211 0.013121 0.033771
0 0.798735 0.573327 0.027648 0.026579
0 0.794049 0.615072 0.029522 0.040025
0 0.799438 0.649937 0.016870 0.020325
0 0.807404 0.680113 0.029991 0.023139
0 0.801078 0.709975 0.045455 0.037211
0 0.800609 0.742808 0.020150 0.047217
0 0.797095 0.784866 0.030928 0.038149
0 0.804592 0.814572 0.042174 0.019387
0 0.805998 0.842245 0.036551 0.021576
0 0.800609 0.868199 0.031396 0.025328
0 0.805295 0.894153 0.016401 0.030331
0 0.725398 0.193246 0.043112 0.026892
0 0.721181 0.225141 0.043112 0.031895
0 0.730319 0.257661 0.048266 0.033146
0 0.723993 0.292058 0.042174 0.025016
0 0.723993 0.324891 0.029053 0.035022
0 0.725633 0.357098 0.018276 0.031270
0 0.725867 0.390557 0.041237 0.035647
0 0.725164 0.422295 0.020150 0.025328
0 0.721181 0.454659 0.040300 0.033146
0 0.718604 0.488274 0.026710 0.031582
0 0.720244 0.520794 0.037488 0.033458
0 0.720947 0.551595 0.037020 0.020638
0 0.728444 0.583646 0.016401 0.041588
0 0.721415 0.625704 0.021087 0.041276
0 0.718604 0.665885 0.031396 0.039712
0 0.724227 0.700438 0.039831 0.025641
0 0.724461 0.732802 0.027179 0.039712
0 0.731022 0.770325 0.038425 0.035335
0 0.722118 0.811445 0.016870 0.046904
0 0.723055 0.851626 0.041237 0.021576
0 0.721415 0.881957 0.053889 0.039087
0 0.645033 0.199656 0.050141 0.033458
0 0.653936 0.237961 0.017338 0.028143
0 0.649485 0.264853 0.043112 0.019387
0 0.656748 0.295497 0.018276 0.051282
0 0.646204 0.338962 0.045923 0.022514
0 0.654639 0.361320 0.014058 0.020951
0 0.649485 0.383521 0.028116 0.023452
0 0.652999 0.417761 0.016401 0.045028
0 0.645736 0.460131 0.015933 0.039087
0 0.643627 0.496717 0.022962 0.029706
0 0.641987 0.534553 0.047798 0.035335
0 0.639644 0.565822 0.018744 0.025328
0 0.644330 0.597561 0.038425 0.038149
0 0.643627 0.639462 0.015464 0.043777
0 0.643393 0.675109 0.043112 0.026892
0 0.645501 0.710444 0.027648 0.043777
0 0.643393 0.743902 0.018744 0.028143
0 0.645267 0.776579 0.017807 0.025328
0 0.644799 0.809568 0.043112 0.030644
0 0.643861 0.838336 0.022493 0.026892
0 0.646439 0.878049 0.018276 0.052533
0 0.566542 0.196373 0.044049 0.028143
0 0.569353 0.232958 0.031865 0.045028
0 0.567479 0.277674 0.036551 0.035022
0 0.571228 0.308318 0.017807 0.036273
0 0.565136 0.341307 0.018744 0.022827
0 0.567245 0.365697 0.014527 0.016573
0 0.566542 0.404628 0.027179 0.037523
0 0.566542 0.435897 0.041237 0.021889
0 0.574977 0.462164 0.015933 0.023139
0 0.575445 0.491245 0.032802 0.035022
0 0.570525 0.524234 0.008903 0.018449
0 0.570056 0.550657 0.017338 0.037523
0 0.566776 0.583802 0.011715 0.019387
0 0.565604 0.606785 0.034677 0.013446
0 0.563964 0.631645 0.034208 0.028768
0 0.567948 0.668230 0.018744 0.040650
0 0.569588 0.707786 0.036082 0.032208
0 0.573571 0.736398 0.033739 0.025016
0 0.570525 0.766417 0.048266 0.034396
0 0.570525 0.805972 0.026710 0.029706
0 0.571696 0.843809 0.011246 0.045966
0 0.567713 0.889775 0.028585 0.032833
0 0.491097 0.193871 0.040300 0.025016
0 0.490628 0.218418 0.016870 0.022201
0 0.489222 0.247967 0.012184 0.036898
0 0.492971 0.285335 0.039363 0.037836
0 0.488051 0.322858 0.013590 0.027205
0 0.485942 0.351001 0.014058 0.024703
0 0.491097 0.380394 0.032802 0.057849
0 0.489222 0.430894 0.044049 0.039400
0 0.491331 0.466229 0.043580 0.021889
0 0.492268 0.499687 0.021087 0.036898
0 0.489456 0.537054 0.044517 0.029706
0 0.493674 0.565353 0.015464 0.026892
0 0.494377 0.600844 0.018744 0.037836
0 0.488051 0.639775 0.040769 0.021889
0 0.490628 0.668543 0.012184 0.033771
0 0.486645 0.699812 0.040769 0.019387
0 0.488051 0.726548 0.050141 0.034084
0 0.500937 0.755629 0.029991 0.017824
0 0.489925 0.777517 0.042643 0.020951
0 0.499297 0.801595 0.019213 0.045341
0 0.494142 0.848968 0.014527 0.033771
0 0.493205 0.882114 0.037020 0.032520
0 0.415417 0.199812 0.034208 0.036273
0 0.410028 0.234522 0.020619 0.021889
0 0.414948 0.270482 0.045455 0.037523
0 0.420103 0.299406 0.045455 0.016573
0 0.411668 0.330988 0.017338 0.044715
0 0.416354 0.373358 0.040769 0.024390
0 0.413308 0.401345 0.018744 0.027205
0 0.412371 0.437305 0.035614 0.035960
0 0.413308 0.476548 0.016870 0.040025
0 0.414480 0.519231 0.022024 0.046592
0 0.413777 0.550344 0.027179 0.013133
0 0.414480 0.573483 0.031396 0.029393
0 0.416354 0.605535 0.042643 0.022201
0 0.417760 0.630081 0.015464 0.022514
0 0.412840 0.656817 0.022493 0.030957
0 0.409325 0.699500 0.036082 0.036898
0 0.411434 0.729362 0.015933 0.030331
0 0.408388 0.763602 0.042643 0.020013
0 0.414246 0.789400 0.015933 0.038462
0 0.407919 0.827548 0.033271 0.033458
0 0.414714 0.865854 0.059044 0.041276
0 0.413308 0.898061 0.037488 0.013759
0 0.335989 0.198562 0.025305 0.034396
0 0.334817 0.246404 0.024836 0.045028
0 0.337395 0.288462 0.062793 0.047842
0 0.337395 0.318480 0.011246 0.035960
0 0.336692 0.359287 0.038894 0.035022
0 0.336926 0.392433 0.028116 0.033771
0 0.335286 0.422139 0.044517 0.018136
0 0.345127 0.451220 0.019213 0.037523
0 0.339738 0.492808 0.016870 0.027517
0 0.335052 0.525172 0.037488 0.021576
0 0.336457 0.565666 0.038425 0.035647
0 0.339503 0.607567 0.032334 0.034396
0 0.337160 0.646967 0.015464 0.043777
0 0.338332 0.689650 0.031865 0.035960
0 0.337629 0.721545 0.029522 0.025954
0 0.337629 0.752033 0.017338 0.033771
0 0.336223 0.784709 0.020150 0.022827
0 0.338566 0.808630 0.011715 0.023139
0 0.336223 0.842245 0.009841 0.044090
0 0.330131 0.884928 0.017338 0.036273
0 0.261246 0.197467 0.037957 0.025954
0 0.261012 0.236867 0.021556 0.047842
0 0.257263 0.273765 0.037488 0.019700
0 0.261949 0.305034 0.046860 0.039712
0 0.269447 0.337398 0.035614 0.043777
0 0.258201 0.383208 0.029053 0.037836
0 0.261012 0.411507 0.016870 0.026892
0 0.258903 0.447467 0.020150 0.033771
0 0.261246 0.480144 0.017338 0.027830
0 0.260778 0.517198 0.017338 0.045028
0 0.262887 0.553784 0.038425 0.024390
0 0.261715 0.594747 0.023899 0.039400
0 0.261012 0.631019 0.044986 0.033146
0 0.261481 0.657755 0.048735 0.014697
0 0.260778 0.686992 0.016401 0.036898
0 0.259138 0.716385 0.018744 0.032520
0 0.273664 0.751251 0.035614 0.038462
0 0.259372 0.788774 0.036082 0.033458
0 0.261715 0.824422 0.021087 0.045341
0 0.265230 0.856160 0.054358 0.018762
0 0.268510 0.867417 0.047798 0.010006
0 0.259138 0.890244 0.023430 0.026266
0 0.186504 0.202939 0.018744 0.040025
0 0.177835 0.239681 0.037020 0.026579
0 0.184630 0.272514 0.041237 0.034709
0 0.186270 0.316604 0.039831 0.035960
0 0.189082 0.344590 0.015464 0.018762
0 0.190487 0.368512 0.008903 0.031582
0 0.184396 0.405097 0.014527 0.039712
0 0.180881 0.447311 0.062793 0.044090
0 0.181350 0.482958 0.014058 0.026579
0 0.184396 0.519856 0.019213 0.039087
0 0.179007 0.563008 0.037488 0.037211
0 0.179709 0.597874 0.037020 0.031895
0 0.186036 0.626173 0.055295 0.024703
0 0.178538 0.657598 0.017807 0.038149
0 0.181115 0.692308 0.040769 0.031270
0 0.181584 0.731551 0.042643 0.044715
0 0.185098 0.766886 0.034677 0.025954
0 0.185098 0.799562 0.014058 0.030019
0 0.185801 0.833333 0.020150 0.035647
0 0.184396 0.858505 0.017338 0.022201
0 0.185098 0.887742 0.017807 0.036273
0 0.111293 0.193246 0.047329 0.027517
0 0.111059 0.230613 0.043112 0.037836
0 0.108716 0.260475 0.011246 0.018136
0 0.104733 0.291745 0.036082 0.031895
0 0.106373 0.325047 0.036551 0.031582
0 0.112699 0.363665 0.019213 0.044403
0 0.106607 0.399781 0.038894 0.027830
0 0.103796 0.436210 0.040769 0.030644
0 0.105436 0.470919 0.040300 0.026266
0 0.104967 0.504534 0.031865 0.033458
0 0.104733 0.541588 0.009841 0.033771
0 0.105904 0.572233 0.040300 0.027517
0 0.107545 0.603502 0.041706 0.026892
0 0.104499 0.633365 0.027179 0.032208
0 0.107779 0.669481 0.017807 0.040025
0 0.106842 0.710757 0.022493 0.036273
0 0.109888 0.737961 0.018276 0.025641
0 0.108247 0.772045 0.015933 0.042527
0 0.105436 0.814728 0.040300 0.035335
0 0.108950 0.853502 0.052952 0.032833
0 0.101218 0.890088 0.027179 0.031582
1 0.452202 0.894465 0.088097 0.067855
1 0.847938 0.782364 0.101687 0.067542
1 0.851921 0.417448 0.054358 0.060663
1 0.115042 0.648374 0.068885 0.085991
1 0.399953 0.710757 0.071696 0.048780
