0 0.905924 0.203918 0.022275 0.051097
0 0.909005 0.241379 0.043602 0.019436
0 0.908531 0.261755 0.029384 0.015047
0 0.913270 0.289028 0.009479 0.039498
0 0.907583 0.328213 0.014218 0.031348
0 0.908057 0.358464 0.047393 0.029154
0 0.909716 0.389655 0.017536 0.033229
0 0.907583 0.426489 0.041706 0.026019
0 0.906635 0.446082 0.018009 0.036991
0 0.910190 0.487618 0.027014 0.058621
0 0.908531 0.539655 0.043602 0.035423
0 0.910427 0.581505 0.014218 0.048276
0 0.910900 0.620690 0.013270 0.021944
0 0.909242 0.647649 0.023223 0.031975
0 0.918483 0.687931 0.025592 0.048589
0 0.908294 0.736991 0.031754 0.037618
0 0.909242 0.769749 0.021327 0.027900
0 0.906635 0.802821 0.017062 0.038245
0 0.907346 0.846865 0.030806 0.034169
0 0.917773 0.885580 0.032701 0.043260
0 0.827014 0.192320 0.034123 0.021630
0 0.829147 0.223354 0.020379 0.040439
0 0.827725 0.267712 0.038389 0.040125
0 0.830569 0.299687 0.027014 0.010658
0 0.830569 0.323981 0.038389 0.021630
0 0.833175 0.362069 0.035071 0.032602
0 0.832701 0.396238 0.015166 0.031975
0 0.829858 0.433229 0.036019 0.026332
0 0.840284 0.464890 0.032227 0.028213
0 0.831043 0.500627 0.015640 0.031975
0 0.831517 0.538401 0.017536 0.039185
0 0.829858 0.575549 0.018957 0.029467
0 0.827488 0.609091 0.023697 0.022571
0 0.830332 0.641536 0.018009 0.037304
0 0.831043 0.679310 0.011848 0.026959
0 0.828910 0.719592 0.020853 0.045455
0 0.826540 0.761442 0.030332 0.036991
0 0.827725 0.796238 0.013744 0.025705
0 0.825118 0.830251 0.040758 0.016614
0 0.833175 0.855643 0.015166 0.037304
0 0.827014 0.893103 0.034123 0.035737
0 0.754028 0.200000 0.027488 0.043887
0 0.753318 0.233856 0.022275 0.023197
0 0.755687 0.270219 0.014692 0.048276
0 0.750711 0.316614 0.014218 0.037618
0 0.756161 0.351567 0.041232 0.022884
0 0.753791 0.386991 0.024171 0.044201
0 0.746682 0.425862 0.019431 0.023511
0 0.753791 0.460972 0.036493 0.036050
0 0.754265 0.492163 0.015640 0.035110
0 0.753081 0.531191 0.021801 0.027273
0 0.751422 0.569592 0.012796 0.037618
0 0.751422 0.616301 0.009005 0.050784
0 0.753318 0.658777 0.039336 0.033542
0 0.755213 0.693574 0.011848 0.028527
0 0.747630 0.723197 0.024171 0.035737
0 0.755213 0.764263 0.041232 0.033856
0 0.759242 0.798276 0.011374 0.039185
0 0.748104 0.830721 0.023223 0.035737
0 0.754028 0.867555 0.039810 0.024138
0 0.750948 0.895455 0.022275 0.026019
0 0.676066 0.197962 0.025118 0.036677
0 0.679147 0.231818 0.039810 0.021003
0 0.678910 0.257524 0.019431 0.027900
0 0.680569 0.294514 0.017062 0.044828
0 0.673934 0.336834 0.014218 0.029154
0 0.674408 0.375235 0.039810 0.033229
0 0.676777 0.404389 0.011374 0.025078
0 0.674171 0.430564 0.027014 0.027273
0 0.677488 0.460972 0.038389 0.027900
0 0.681991 0.499216 0.038863 0.042320
0 0.672512 0.535737 0.044550 0.028840
0 0.680095 0.573824 0.036967 0.036050
0 0.678673 0.611599 0.040758 0.031348
0 0.680569 0.649687 0.016114 0.044828
0 0.677251 0.686207 0.039810 0.030094
0 0.683412 0.720376 0.052133 0.021317
0 0.677725 0.745611 0.012322 0.047962
0 0.676540 0.781975 0.014692 0.032915
0 0.671327 0.823668 0.035545 0.035423
0 0.674882 0.853605 0.038863 0.016928
0 0.678673 0.870846 0.017062 0.021317
0 0.681043 0.896708 0.029384 0.030408
0 0.597156 0.201411 0.028436 0.035423
0 0.603555 0.235423 0.049763 0.035737
0 0.597630 0.255643 0.018957 0.027273
0 0.612796 0.280721 0.032227 0.022884
0 0.595735 0.306270 0.054028 0.028213
0 0.603555 0.333386 0.049763 0.013480
0 0.602133 0.358777 0.043128 0.024765
0 0.602844 0.396865 0.047393 0.031975
0 0.600474 0.425705 0.012322 0.025705
0 0.601896 0.459875 0.019905 0.037618
0 0.599289 0.496238 0.021327 0.031975
0 0.602133 0.530721 0.045972 0.025705
0 0.606398 0.541850 0.026066 0.021630
0 0.596445 0.572727 0.027014 0.042633
0 0.596445 0.616771 0.027962 0.043574
0 0.603081 0.653762 0.014692 0.023511
0 0.599289 0.684326 0.026066 0.037618
0 0.601659 0.721944 0.022275 0.028213
0 0.605687 0.760972 0.016114 0.047335
0 0.599289 0.802978 0.037441 0.029781
0 0.604502 0.843730 0.041232 0.051097
0 0.600474 0.892790 0.023697 0.028840
0 0.519668 0.194201 0.019431 0.030408
0 0.521801 0.232445 0.015166 0.029781
0 0.513507 0.263950 0.014692 0.033229
0 0.524645 0.298276 0.036967 0.025392
0 0.522512 0.326489 0.009953 0.016614
0 0.521327 0.353135 0.018009 0.038558
0 0.519431 0.389342 0.017062 0.028840
0 0.518009 0.429154 0.037915 0.040752
0 0.528199 0.455799 0.018483 0.023197
0 0.518483 0.481034 0.015166 0.032915
0 0.521801 0.521160 0.039810 0.034169
0 0.518246 0.558307 0.009953 0.047022
0 0.519194 0.600784 0.010900 0.029781
0 0.518246 0.631661 0.042180 0.035110
0 0.524645 0.676176 0.039810 0.035737
0 0.522275 0.714420 0.042654 0.028840
0 0.520616 0.745455 0.026066 0.032602
0 0.522749 0.782759 0.028436 0.033229
0 0.525829 0.821630 0.019431 0.044514
0 0.520853 0.862539 0.043602 0.032288
0 0.521564 0.892163 0.018483 0.034483
0 0.442180 0.187618 0.052133 0.016614
0 0.441469 0.213636 0.042180 0.024765
0 0.454028 0.242476 0.029384 0.028527
0 0.441469 0.269122 0.009005 0.018495
0 0.442180 0.296865 0.023697 0.027586
0 0.443128 0.334013 0.019905 0.033542
0 0.446445 0.362382 0.009479 0.020063
0 0.449763 0.395768 0.046445 0.043574
0 0.443128 0.436364 0.036019 0.035737
0 0.443839 0.469592 0.016588 0.035737
0 0.445498 0.511129 0.047393 0.021630
0 0.445261 0.526176 0.011848 0.029154
0 0.446445 0.565674 0.011374 0.046082
0 0.452844 0.614577 0.029858 0.039812
0 0.440758 0.654075 0.032227 0.037931
0 0.439810 0.694357 0.016114 0.038245
0 0.439810 0.732602 0.039810 0.036364
0 0.446919 0.769279 0.010427 0.036991
0 0.437441 0.811755 0.020853 0.038558
0 0.441469 0.859875 0.042180 0.033856
0 0.441232 0.890596 0.017062 0.036364
0 0.366351 0.200313 0.039810 0.042006
0 0.363507 0.230408 0.014218 0.009404
0 0.364692 0.256113 0.011848 0.042006
0 0.358768 0.306583 0.028436 0.047649
0 0.360190 0.350627 0.040758 0.027273
0 0.363270 0.375705 0.034597 0.022884
0 0.372038 0.417241 0.046445 0.045141
0 0.362559 0.454545 0.015166 0.026332
0 0.361611 0.495455 0.033175 0.039185
0 0.362085 0.531975 0.037915 0.037618
0 0.365640 0.571160 0.021327 0.034483
0 0.365640 0.601097 0.019431 0.027273
0 0.365166 0.634483 0.018483 0.038871
0 0.366825 0.678370 0.024645 0.042633
0 0.365640 0.725862 0.012796 0.050470
0 0.362796 0.764420 0.041232 0.027900
0 0.365166 0.796395 0.041232 0.030408
0 0.370379 0.834013 0.019431 0.032288
0 0.363507 0.857680 0.007583 0.013166
0 0.370142 0.892320 0.038863 0.032288
0 0.287441 0.190596 0.049763 0.026332
0 0.285071 0.220690 0.031754 0.026332
0 0.286493 0.258934 0.013744 0.036991
0 0.287441 0.300313 0.025118 0.032602
0 0.286730 0.338088 0.016114 0.024765
0 0.285782 0.372571 0.017062 0.032288
0 0.283886 0.415987 0.031280 0.041379
0 0.291232 0.450000 0.018483 0.024765
0 0.286730 0.484639 0.024645 0.036991
0 0.284834 0.526803 0.034123 0.039812
0 0.285071 0.562382 0.015640 0.035737
0 0.279858 0.599060 0.044076 0.020690
0 0.287915 0.618495 0.015640 0.025705
0 0.287204 0.657524 0.033175 0.038558
0 0.286967 0.697649 0.010900 0.024765
0 0.285071 0.731661 0.042180 0.022571
0 0.291232 0.764107 0.050711 0.042320
0 0.288626 0.798589 0.026540 0.031034
0 0.283649 0.841379 0.026066 0.040125
0 0.285782 0.888715 0.055924 0.048903
0 0.208768 0.196865 0.021327 0.030721
0 0.209479 0.227429 0.018009 0.031034
0 0.208294 0.266458 0.041232 0.033229
0 0.204739 0.296082 0.013270 0.021003
0 0.210190 0.328997 0.045024 0.032915
0 0.210900 0.363323 0.043602 0.029467
0 0.207346 0.396238 0.018483 0.031348
0 0.208531 0.433072 0.042654 0.037931
0 0.221090 0.465204 0.017536 0.046395
0 0.210190 0.508307 0.045024 0.026646
0 0.209005 0.541223 0.017062 0.026019
0 0.207820 0.579937 0.019431 0.042006
0 0.212322 0.616614 0.041706 0.023824
0 0.212085 0.648589 0.018483 0.039498
0 0.208531 0.681661 0.045498 0.022884
0 0.213981 0.705486 0.053555 0.015361
0 0.211374 0.736050 0.044550 0.026332
0 0.218720 0.771630 0.017536 0.044828
0 0.211611 0.828997 0.010900 0.062382
0 0.211611 0.890439 0.068720 0.047962
0 0.133886 0.189969 0.019431 0.027586
0 0.131754 0.231191 0.033175 0.036677
0 0.129621 0.267555 0.037441 0.032288
0 0.131517 0.300157 0.040284 0.027273
0 0.131991 0.331505 0.040284 0.031034
0 0.129147 0.364420 0.021327 0.034169
0 0.131517 0.398589 0.041232 0.019122
0 0.135308 0.421317 0.017536 0.031975
0 0.133175 0.449060 0.028436 0.012226
0 0.134834 0.476489 0.020379 0.046395
0 0.136019 0.519749 0.031280 0.033856
0 0.136019 0.551881 0.018009 0.027900
0 0.133649 0.586364 0.015166 0.029154
0 0.140047 0.630251 0.053555 0.049216
0 0.130569 0.668495 0.024171 0.044828
0 0.142891 0.699530 0.032701 0.015361
0 0.131517 0.724922 0.041232 0.027900
0 0.136019 0.759404 0.060664 0.047962
0 0.129858 0.786050 0.040758 0.022257
0 0.129858 0.821630 0.039810 0.038245
0 0.136256 0.858934 0.058294 0.022571
0 0.132464 0.880721 0.011848 0.021003
0 0.136019 0.910502 0.056872 0.017241
1 0.457346 0.244044 0.093839 0.063009
1 0.540995 0.374138 0.109479 0.071787
1 0.241706 0.662382 0.057820 0.072100
1 0.463270 0.196082 0.060190 0.039812
1 0.651422 0.663166 0.106635 0.072414
